pfaf_id,FID,area_km2,ISO,Admin0,Admin1,rfr_score,cfr_score,Resilience_Index, NormalizedLackofResilience ,FID_x,FID_y,Alert_level,Days_until_peak,GloFAS_2yr,GloFAS_5yr,GloFAS_20yr,Alert_Score,PeakArrivalScore,TwoYScore,FiveYScore,TwtyYScore,Sum_Score_x,GFMS_TotalArea_km,GFMS_perc_Area,GFMS_MeanDepth,GFMS_MaxDepth,GFMS_Duration,GFMS_area_score,GFMS_perc_area_score,MeanD_Score,MaxD_Score,Duration_Score,Sum_Score_y,MOM_Score,Hazard_Score,Scaled_Riverine_Risk,Scaled_Coastal_Risk,Flag,1-Day_TotalArea_km2,1-Day_perc_Area,1-Day_CS_TotalArea_km2,1-Day_CS_perc_Area,2-Day_TotalArea_km2,2-Day_perc_Area,3-Day_TotalArea_km2,3-Day_perc_Area,DFO_area_1day_score,DFO_percarea_1day_score,DFO_area_2day_score,DFO_percarea_2day_score,DFO_area_3day_score,DFO_percarea_3day_score,DFOTotal_Score,onedayFlood_Area_km,onedayperc_Area,fivedayFlood_Area_km,fivedayperc_Area,VIIRS_area_1day_score,VIIRS_percarea_1day_score,VIIRS_area_5day_score,VIIRS_percarea_5day_score,VIIRSTotal_Score,Totalpop,VIIRS_impactpop,VIIRS_impactpop_percent,Severity,Alert
171000,3130.0,16410.89801,EGY,Egypt,Al Buhayrah,4.000368882,3.233220159,0.55,0.63,3130.0,,,,,,,,,,,,,,,,,,,,,,,,,13.085533826447737,80.00737764,64.66440318,,15.0,0.091,14.75,0.09,6.625,0.04,5.375,0.033,0.1475,0.09,0.099375,0.06,0.134375,0.0825,0.61375,0.0,0.0,232.3125,1.4155989504136393,0.0,0.0,8.1309375,4.954596326447738,13.085533826447737,10195868,,,0.3358354204522784,Information
172113,3134.0,18622.80589,EGY,Egypt,Asyut,3.470353853,0.0,0.55,0.63,3134.0,3134.0,1.0,6.0,100.0,-9999.0,-9999.0,3.0,5.0,10.0,-999.9,-999.9,-2949.7,0.0,0.0,0.0,0.0,0.0,0.0,0.0,0.0,0.0,0.0,0.0,-2949.7,8.699524367880253,69.40707706,0.0,,,,,,,,,,,,,,,,,0.0,0.0,161.71875,0.8683908908229294,0.0,0.0,5.66015625,3.0393681178802527,8.699524367880253,9423649,,,0.1042862558379074,Information
295106,5422.0,4896.160077,EGY,Egypt,Ash Sharqiyah,0.473630781,0.0,0.55,0.63,5422.0,,,,,,,,,,,,,,,,,,,,,,,,,9.91304988180982,9.47261562,0.0,,2.375,0.049,2.375,0.049,2.25,0.046,2.188,0.045,0.02375,0.049,0.03375,0.069,0.0547,0.1124999999999999,0.3427,0.0,0.0,93.09375,1.9013624662313773,0.0,0.0,3.25828125,6.654768631809821,9.91304988180982,139658,,,0.0134902319563393,Information
162899,3104.0,12341.2055,SDN,Sudan,Central Darfur,4.019782449,0.0,0.28,1.0,3104.0,,,,,,,,,,,,,,,,,,,,,,,,,0.26975,80.39564898,0.0,,23.875,0.193,14.875,0.121,0.0,0.0,0.0,0.0,0.14875,0.121,0.0,0.0,0.0,0.0,0.26975,,,,,,,,,,397179,,,9.095490724893075e-06,Information
162962,3119.0,4768.319934,SDN,Sudan,Central Darfur,1.493225779,0.0,0.28,1.0,3119.0,,,,,,,,,,,,,,,,,,,,,,,,,0.55962,29.864515580000003,0.0,,19.25,0.404,18.062,0.379,0.0,0.0,0.0,0.0,0.18062,0.379,0.0,0.0,0.0,0.0,0.55962,,,,,,,,,,73861,,,6.794970072524949e-07,Information
172139,3159.0,19327.56952,SDN,Sudan,Northern,4.162059566,0.0,0.28,1.0,3159.0,3159.0,0.0,7.0,-9999.0,-9999.0,-9999.0,0.0,4.0,-999.9,-999.9,-999.9,-5991.4,0.0,0.0,0.0,0.0,0.0,0.0,0.0,0.0,0.0,0.0,0.0,-5991.4,8.28249065981986,83.24119132,0.0,,,,,,,,,,,,,,,,,0.0,0.0,155.953125,0.8068946528056744,0.0,0.0,5.458359375,2.8241312848198605,8.28249065981986,400001,,,0.2404734900353261,Information
172191,3190.0,89.36279634,SDN,Sudan,Northern,4.064591666,0.0,0.28,1.0,3190.0,,,,,,,,,,,,,,,,,,,,,,,,,18.89367694994817,81.29183332,0.0,,0.375,0.42,0.375,0.42,0.0,0.0,0.0,0.0,0.00375,0.42,0.0,0.0,0.0,0.0,0.4237499999999999,0.0,0.0,4.78125,5.350380914270905,0.0,0.0,0.16734375,18.726333199948165,18.89367694994817,7567,,,0.5039363649511334,Advisory
172193,3192.0,35821.36512,SDN,Sudan,River Nile,4.098831315,0.0,0.28,1.0,3192.0,3192.0,0.0,7.0,-9999.0,-9999.0,-9999.0,0.0,4.0,-999.9,-999.9,-999.9,-5991.4,0.0,0.0,0.0,0.0,0.0,0.0,0.0,0.0,0.0,0.0,0.0,-5991.4,19.542412839162985,81.97662629999999,0.0,,15.75,0.044,15.75,0.044,0.0,0.0,0.0,0.0,0.1575,0.044,0.0,0.0,0.0,0.0,0.2015,0.0,0.0,436.5,1.2185465254751389,0.0,0.0,15.2775,4.264912839162986,19.542412839162985,210468,,,0.5322462849486431,Advisory
172250,3211.0,20434.64385,SDN,Sudan,Kassala,2.064343345,0.0,0.28,1.0,3211.0,3211.0,0.0,1.0,-9999.0,-9999.0,-9999.0,0.0,10.0,-999.9,-999.9,-999.9,-5979.4,0.0,0.0,0.0,0.0,0.0,0.0,0.0,0.0,0.0,0.0,0.0,-5979.4,3.284049880295115,41.28686690000001,0.0,,,,,,,,,,,,,,,,,0.0,0.0,63.0,0.3082999657986043,0.0,0.0,2.205,1.079049880295115,3.284049880295115,683240,,,0.0019658760291336,Information
172263,3214.0,1759.036067,SDN,Sudan,Al Qadarif,0.764434133,0.0,0.28,1.0,3214.0,3214.0,0.0,1.0,-9999.0,-9999.0,-9999.0,0.0,10.0,-999.9,-999.9,-999.9,-5979.4,0.0,0.0,0.0,0.0,0.0,0.0,0.0,0.0,0.0,0.0,0.0,-5979.4,0.8225599624447796,15.28868266,0.0,,,,,,,,,,,,,,,,,0.0,0.0,3.515625,0.1998608821270799,0.0,0.0,0.123046875,0.6995130874447796,0.8225599624447796,44353,,,1.788287648239251e-06,Information
172267,3218.0,4756.638439,SDN,Sudan,Al Qadarif,2.494441651,0.0,0.28,1.0,3218.0,,,,,,,,,,,,,,,,,,,,,,,,,1.9239262506274817,49.88883301999999,0.0,,12.375,0.26,5.938,0.125,0.0,0.0,0.0,0.0,0.0593799999999999,0.125,0.0,0.0,0.0,0.0,0.18438,0.0,0.0,17.71875,0.3725057144649948,0.0,0.0,0.62015625,1.3037700006274815,1.9239262506274817,140183,,,0.0005573049437284,Information
172301,3232.0,1899.037309,SDN,Sudan,River Nile,4.049781722,0.0,0.28,1.0,3232.0,3232.0,0.0,15.0,-9999.0,-9999.0,-9999.0,0.0,1.0,-999.9,-999.9,-999.9,-5997.4,0.0,0.0,0.0,0.0,0.0,0.0,0.0,0.0,0.0,0.0,0.0,-5997.4,3.73159308148926,80.99563443999999,0.0,,,,,,,,,,,,,,,,,0.0,0.0,17.015625,0.8960132018540743,0.0,0.0,0.595546875,3.13604620648926,3.73159308148926,118271,,,0.0517800999915426,Information
172309,3240.0,14004.67756,SDN,Sudan,River Nile,2.390746186,0.0,0.28,1.0,3240.0,3240.0,0.0,15.0,-9999.0,-9999.0,-9999.0,0.0,1.0,-999.9,-999.9,-999.9,-5997.4,0.0,0.0,0.0,0.0,0.0,0.0,0.0,0.0,0.0,0.0,0.0,-5997.4,7.685492787863148,47.81492372,0.0,,6.188,0.044,6.188,0.044,0.0,0.0,0.0,0.0,0.06188,0.044,0.0,0.0,0.0,0.0,0.10588,0.0,0.0,128.109375,0.9147613322466138,0.0,0.0,4.483828125,3.2016646628631484,7.685492787863148,2195581,,,0.0277168015420054,Information
172410,3241.0,23146.57085,SDN,Sudan,Al Jazirah,4.005884561,0.0,0.28,1.0,3241.0,3241.0,0.0,2.0,-9999.0,-9999.0,-9999.0,0.0,9.0,-999.9,-999.9,-999.9,-5981.4,0.0,0.0,0.0,0.0,0.0,0.0,0.0,0.0,0.0,0.0,0.0,-5981.4,3.636907263940096,80.11769122000001,0.0,,,,,,,,,,,,,,,,,0.0,0.0,72.5625,0.3134913611257418,0.0,0.0,2.5396875,1.0972197639400962,3.636907263940096,3326861,,,0.0446881763025659,Information
172425,3246.0,1533.091677,SDN,Sudan,Sennar,3.586566781,0.0,0.28,1.0,3246.0,,,,,,,,,,,,,,,,,,,,,,,,,2.4066977657238904,71.73133562000001,0.0,,8.625,0.563,8.625,0.563,0.0,0.0,0.0,0.0,0.08625,0.563,0.0,0.0,0.0,0.0,0.6492499999999999,0.0,0.0,9.140625,0.5962216830639687,0.0,0.0,0.319921875,2.0867758907238905,2.4066977657238904,52068,,,0.0068794266430888,Information
172427,3248.0,3114.950871,SDN,Sudan,Al Qadarif,4.06748121,0.0,0.28,1.0,3248.0,3248.0,0.0,1.0,-9999.0,-9999.0,-9999.0,0.0,10.0,-999.9,-999.9,-999.9,-5979.4,0.0,0.0,0.0,0.0,0.0,0.0,0.0,0.0,0.0,0.0,0.0,-5979.4,3.688638108998178,81.34962420000001,0.0,,12.062,0.387,10.125,0.325,0.0,0.0,0.0,0.0,0.10125,0.325,0.0,0.0,0.0,0.0,0.42625,0.0,0.0,25.03125,0.8035841025709081,0.0,0.0,0.87609375,2.8125443589981782,3.688638108998178,200437,,,0.0525507623191882,Information
172428,3249.0,10140.61287,SDN,Sudan,Al Qadarif,2.514884479,0.0,0.28,1.0,3249.0,,,,,,,,,,,,,,,,,,,,,,,,,6.051035589689487,50.29768958,0.0,,28.188,0.278,7.75,0.076,0.0,0.0,0.0,0.0,0.0775,0.076,0.0,0.0,0.0,0.0,0.1535,0.0,0.0,87.046875,0.8583985613398534,0.0,0.0,3.046640625,3.004394964689487,6.051035589689487,198334,,,0.0176099089670963,Information
172441,3252.0,3926.427355,SDN,Sudan,Sennar,2.958845936,0.0,0.28,1.0,3252.0,3252.0,0.0,1.0,-9999.0,-9999.0,-9999.0,0.0,10.0,-999.9,-999.9,-999.9,-5979.4,0.0,0.0,0.0,0.0,0.0,0.0,0.0,0.0,0.0,0.0,0.0,-5979.4,0.4189710091793131,59.17691872,0.0,,3.562,0.091,3.562,0.091,0.0,0.0,0.0,0.0,0.03562,0.091,0.0,0.0,0.0,0.0,0.12662,0.0,0.0,3.375,0.0859560026226609,0.0,0.0,0.118125,0.3008460091793131,0.4189710091793131,243373,,,2.333775352194185e-06,Information
172442,3253.0,2607.923937,SDN,Sudan,Sennar,2.472177769,0.0,0.28,1.0,3253.0,,,,,,,,,,,,,,,,,,,,,,,,,15.514108878140258,49.44355538,0.0,,129.375,4.961,58.375,2.238,0.0,0.0,0.25,0.01,0.58375,2.238,0.0,0.0,0.00625,0.025,2.853,0.0,0.0,91.6875,3.5157275366115024,0.0,0.0,3.2090625,12.305046378140258,15.514108878140258,41904,,,0.1187337288937411,Information
172444,3255.0,6255.399915,SDN,Sudan,Blue Nile,4.0399007,0.0,0.28,1.0,3255.0,,,,,,,,,,,,,,,,,,,,,,,,,2.7754467048987337,80.798014,0.0,,22.688,0.363,16.0,0.256,0.625,0.01,0.0,0.0,0.16,0.256,0.009375,0.015,0.0,0.0,0.440375,0.0,0.0,30.515625,0.4878285228282096,0.0,0.0,1.068046875,1.7073998298987336,2.7754467048987337,105547,,,0.02654414816299,Information
172445,3256.0,3841.555271,SDN,Sudan,Sennar,3.691243628,0.0,0.28,1.0,3256.0,,,,,,,,,,,,,,,,,,,,,,,,,4.983273287405062,73.82487256,0.0,,112.375,2.925,66.875,1.741,0.0,0.0,0.0,0.0,0.66875,1.741,0.0,0.0,0.0,0.0,2.40975,0.0,0.0,39.515625,1.0286361178300178,0.0,0.0,1.383046875,3.6002264124050622,4.983273287405062,66837,,,0.0485858451568753,Information
172447,3258.0,3720.855946,SDN,Sudan,Sennar,4.003415366,0.0,0.28,1.0,3258.0,,,,,,,,,,,,,,,,,,,,,,,,,0.544490344440111,80.06830731999999,0.0,,37.5,1.008,9.312,0.25,0.0,0.0,0.0,0.0,0.09312,0.25,0.0,0.0,0.0,0.0,0.34312,0.0,0.0,4.21875,0.1133811698400317,0.0,0.0,0.14765625,0.396834094440111,0.544490344440111,8821,,,0.0001589763902915,Information
172451,3261.0,7299.010994,SDN,Sudan,Sennar,3.151492233,0.0,0.28,1.0,3261.0,3261.0,0.0,1.0,-9999.0,-9999.0,-9999.0,0.0,10.0,-999.9,-999.9,-999.9,-5979.4,0.0,0.0,0.0,0.0,0.0,0.0,0.0,0.0,0.0,0.0,0.0,-5979.4,5.015985729725459,63.02984466,0.0,,,,,,,,,,,,,,,,,0.0,0.0,60.46875,0.8284512799215599,0.0,0.0,2.11640625,2.8995794797254595,5.015985729725459,889250,,,0.0228864773294975,Information
172452,3262.0,5749.314467,SDN,Sudan,Sennar,2.458256847,0.0,0.28,1.0,3262.0,,,,,,,,,,,,,,,,,,,,,,,,,1.55106,49.16513694,0.0,,194.938,3.391,56.188,0.977,0.312,0.005,0.0,0.0,0.56188,0.977,0.00468,0.0075,0.0,0.0,1.55106,0.0,0.0,12.234375,0.2127971094690834,0.0,0.0,0.428203125,0.7447898831417918,1.172993008141792,59905,,,0.0002418323508584,Information
172453,3263.0,12002.02809,SDN,Sudan,Blue Nile,4.016917046,0.0,0.28,1.0,3263.0,3263.0,0.0,1.0,-9999.0,-9999.0,-9999.0,0.0,10.0,-999.9,-999.9,-999.9,-5979.4,0.0,0.0,0.0,0.0,0.0,0.0,0.0,0.0,0.0,0.0,0.0,-5979.4,7.434741403956199,80.33834092,0.0,,73.875,0.616,29.312,0.244,1.375,0.011,0.0,0.0,0.29312,0.244,0.020625,0.0165,0.0,0.0,0.574245,0.0,0.0,115.875,0.9654618297017712,0.0,0.0,4.055625,3.379116403956199,7.434741403956199,954998,,,0.1653992663317046,Information
172510,3290.0,17792.98766,SDN,Sudan,White Nile,4.039528309,0.0,0.28,1.0,3290.0,3290.0,0.0,15.0,-9999.0,-9999.0,-9999.0,0.0,1.0,-999.9,-999.9,-999.9,-5997.4,0.0,0.0,0.0,0.0,0.0,0.0,0.0,0.0,0.0,0.0,0.0,-5997.4,6.580981978790382,80.79056617999998,0.0,,28.812,0.162,28.438,0.16,0.0,0.0,0.312,0.002,0.2843799999999999,0.16,0.0,0.0,0.0078,0.005,0.45718,0.0,0.0,120.375,0.6765305653686804,0.0,0.0,4.213125,2.3678569787903814,6.580981978790382,5051085,,,0.1420358151502759,Information
172551,3310.0,22926.01783,SDN,Sudan,White Nile,2.535536104,0.0,0.28,1.0,3310.0,3310.0,0.0,15.0,-9999.0,-9999.0,-9999.0,0.0,1.0,-999.9,-999.9,-999.9,-5997.4,0.0,0.0,0.0,0.0,0.0,0.0,0.0,0.0,0.0,0.0,0.0,-5997.4,4.743115312455458,50.71072208,0.0,,95.25,0.415,21.938,0.096,0.0,0.0,0.0,0.0,0.21938,0.096,0.0,0.0,0.0,0.0,0.31538,0.0,0.0,94.359375,0.4115820535587025,0.0,0.0,3.302578125,1.440537187455459,4.743115312455458,1362658,,,0.0096157638679866,Information
172552,3311.0,6988.218266,SDN,Sudan,White Nile,4.018716809,0.0,0.28,1.0,3311.0,,,,,,,,,,,,,,,,,,,,,,,,,1.43012,80.37433618,0.0,,127.562,1.825,58.812,0.842,0.0,0.0,0.0,0.0,0.58812,0.842,0.0,0.0,0.0,0.0,1.43012,0.0,0.0,6.75,0.0965911444577948,0.0,0.0,0.23625,0.3380690056022818,0.5743190056022818,137517,,,0.004408366878631,Information
172553,3312.0,1228.957215,SDN,Sudan,White Nile,3.987381848,0.0,0.28,1.0,3312.0,3312.0,0.0,15.0,-9999.0,-9999.0,-9999.0,0.0,1.0,-999.9,-999.9,-999.9,-5997.4,0.0,0.0,0.0,0.0,0.0,0.0,0.0,0.0,0.0,0.0,0.0,-5997.4,6.295950123411806,79.74763696,0.0,,3.312,0.27,1.375,0.112,0.0,0.0,0.0,0.0,0.01375,0.112,0.0,0.0,0.0,0.0,0.12575,0.0,0.0,19.6875,1.601967892403373,0.0,0.0,0.6890625,5.606887623411805,6.295950123411806,51613,,,0.1213298052682722,Information
172554,3313.0,9116.781111,SDN,Sudan,White Nile,2.994964277,0.0,0.28,1.0,3313.0,,,,,,,,,,,,,,,,,,,,,,,,,0.5676315273528791,59.89928554,0.0,,14.812,0.162,8.688,0.095,0.0,0.0,0.0,0.0,0.08688,0.095,0.0,0.0,0.0,0.0,0.18188,0.0,0.0,7.734375,0.0848366863865369,0.0,0.0,0.270703125,0.2969284023528791,0.5676315273528791,116260,,,1.032810782134238e-05,Information
172556,3315.0,13886.17285,SDN,Sudan,Blue Nile,4.011859715,0.0,0.28,1.0,3315.0,,,,,,,,,,,,,,,,,,,,,,,,,2.125045851567688,80.2371943,0.0,,83.375,0.6,53.812,0.388,0.0,0.0,0.0,0.0,0.5381199999999999,0.388,0.0,0.0,0.0,0.0,0.92612,0.0,0.0,35.296875,0.254187207590768,0.0,0.0,1.235390625,0.889655226567688,2.125045851567688,53521,,,0.012873446205298,Information
172810,3373.0,25652.68387,SDN,Sudan,South Kurdufan,4.082561392,0.0,0.28,1.0,3373.0,,,,,,,,,,,,,,,,,,,,,,,,,53.94483789720782,81.65122783999999,0.0,3.0,0.0,0.0,0.0,0.0,13.125,0.051,0.0,0.0,0.0,0.0,0.196875,0.0765,0.0,0.0,0.273375,0.0,0.0,1388.53125,5.4128108277736615,0.0,0.0,35.0,18.94483789720781,53.94483789720782,300753,23884.0,7.941400418283442,0.8595722101863487,Warning
115804,278.0,1291.000086,ERI,Eritrea,Debub,4.256912323,0.0,0.34,0.92,278.0,,,,,,,,,,,,,,,,,,,,,,,,,14.42054009719432,85.13824646,0.0,,1.562,0.121,1.562,0.121,0.0,0.0,0.0,0.0,0.01562,0.121,0.0,0.0,0.0,0.0,0.13662,0.0,0.0,47.109375,3.649060563484092,0.0,0.0,1.648828125,12.77171197219432,14.42054009719432,11022,,,0.4879787165609135,Advisory
114210,110.0,14466.64421,SOM,Somalia,Jubbada Hoose,4.018572043,0.0,-9999.0,1.0,110.0,,,,,,,,,,,,,,,,,,,,,,,,,1.6897918987041916,80.37144085999999,0.0,,0.0,0.0,0.0,0.0,6.812,0.047,0.0,0.0,0.0,0.0,0.1021799999999999,0.0705,0.0,0.0,0.17268,0.0,0.0,28.546875,0.1973289353440547,0.0,0.0,0.999140625,0.6906512737041914,1.6897918987041916,65242,,,0.007095730915766,Information
114300,135.0,620.8859009,SOM,Somalia,Jubbada Hoose,4.222373829,0.0,-9999.0,1.0,135.0,135.0,0.0,1.0,-9999.0,-9999.0,-9999.0,0.0,10.0,-999.9,-999.9,-999.9,-5979.4,0.0,0.0,0.0,0.0,0.0,0.0,0.0,0.0,0.0,0.0,0.0,-5979.4,19.36454785680185,84.44747658,0.0,,,,,,,,,,,,,,,,,0.0,0.0,32.34375,5.209290459086242,0.0,0.0,1.13203125,18.23251660680185,19.36454785680185,87766,,,0.5867610748926756,Advisory
114411,137.0,10016.63685,SOM,Somalia,Jubbada Dhexe,4.263939156,0.0,-9999.0,1.0,137.0,137.0,1.0,1.0,100.0,-9999.0,-9999.0,3.0,10.0,10.0,-999.9,-999.9,-3953.6,0.0,0.0,0.0,0.0,0.0,0.0,0.0,0.0,0.0,0.0,0.0,-3953.6,2.547413963717712,85.27878312,0.0,,0.0,0.0,0.0,0.0,6.375,0.064,0.0,0.0,0.0,0.0,0.095625,0.096,0.0,0.0,0.191625,0.0,0.0,36.421875,0.3636138110622033,0.0,0.0,1.274765625,1.2726483387177117,2.547413963717712,368270,,,0.0396971739126397,Information
114413,139.0,12994.36232,SOM,Somalia,Gedo,3.976181755,0.0,-9999.0,1.0,139.0,139.0,0.0,1.0,-9999.0,-9999.0,-9999.0,0.0,10.0,-999.9,-999.9,-999.9,-5979.4,0.0,0.0,0.0,0.0,0.0,0.0,0.0,0.0,0.0,0.0,0.0,-5979.4,-5979.4,79.52363509999999,0.0,,,,,,,,,,,,,,,,,,,,,,,,,,233585,,,,
114419,145.0,2905.008107,SOM,Somalia,Gedo,4.051236638,0.0,-9999.0,1.0,145.0,145.0,0.0,1.0,-9999.0,-9999.0,-9999.0,0.0,10.0,-999.9,-999.9,-999.9,-5979.4,0.0,0.0,0.0,0.0,0.0,0.0,0.0,0.0,0.0,0.0,0.0,-5979.4,2.1864598800432127,81.02473275999999,0.0,,,,,,,,,,,,,,,,,0.0,0.0,14.0625,0.4840778228694893,0.0,0.0,0.4921875,1.694272380043213,2.1864598800432127,53377,,,0.015353361210777,Information
114441,148.0,1424.954502,SOM,Somalia,Gedo,4.028199879,0.0,-9999.0,1.0,148.0,148.0,1.0,1.0,100.0,-9999.0,-9999.0,3.0,10.0,10.0,-999.9,-999.9,-3953.6,0.0,0.0,0.0,0.0,0.0,0.0,0.0,0.0,0.0,0.0,0.0,-3953.6,-3953.6,80.56399757999999,0.0,,,,,,,,,,,,,,,,,,,,,,,,,,158358,,,,
114500,162.0,24014.86012,SOM,Somalia,Shabeellaha Hoose,4.022766206,0.0,-9999.0,1.0,162.0,162.0,0.0,1.0,-9999.0,-9999.0,-9999.0,0.0,10.0,-999.9,-999.9,-999.9,-5979.4,0.0,0.0,0.0,0.0,0.0,0.0,0.0,0.0,0.0,0.0,0.0,-5979.4,2.830383223378288,80.45532412,0.0,,,,,,,,,,,,,,,,,0.0,0.0,57.09375,0.237743420965225,0.0,0.0,1.99828125,0.8321019733782875,2.830383223378288,348253,,,0.0266618117357876,Information
114602,164.0,9174.865859,SOM,Somalia,Shabeellaha Hoose,4.233262473,0.0,-9999.0,1.0,164.0,,,,,,,,,,,,,,,,,,,,,,,,,5.081479054867756,84.66524946,0.0,,1.562,0.017,1.5,0.016,8.875,0.097,1.062,0.012,0.015,0.016,0.133125,0.1455,0.02655,0.03,0.366175,0.0,0.0,69.46875,0.7571636585336443,0.0,0.0,2.43140625,2.650072804867756,5.081479054867756,360947,,,0.1346839987881052,Information
114607,169.0,18272.56182,SOM,Somalia,Bay,4.002552813,0.0,-9999.0,1.0,169.0,,,,,,,,,,,,,,,,,,,,,,,,,0.1327499999999999,80.05105626000001,0.0,,0.0,0.0,0.0,0.0,5.75,0.031,0.0,0.0,0.0,0.0,0.08625,0.0465,0.0,0.0,0.1327499999999999,,,,,,,,,,178869,,,2.686874149144469e-07,Information
114701,172.0,4076.679101,SOM,Somalia,Shabeellaha Hoose,4.593835877,0.0,-9999.0,1.0,172.0,172.0,0.0,1.0,-9999.0,-9999.0,-9999.0,0.0,10.0,-999.9,-999.9,-999.9,-5979.4,0.0,0.0,0.0,0.0,0.0,0.0,0.0,0.0,0.0,0.0,0.0,-5979.4,8.310614210645358,91.87671754,0.0,,0.188,0.005,0.188,0.005,5.875,0.144,0.125,0.003,0.00188,0.005,0.088125,0.2159999999999999,0.003125,0.0075,0.3216299999999999,0.0,0.0,68.765625,1.6868049530415308,0.0,0.0,2.406796875,5.903817335645358,8.310614210645358,387093,,,0.5090947777284625,Advisory
114702,173.0,4307.671509,SOM,Somalia,Shabeellaha Dhexe,3.162459498,0.0,-9999.0,1.0,173.0,,,,,,,,,,,,,,,,,,,,,,,,,11.917481622044583,63.24918996,0.0,,0.812,0.019,0.562,0.013,0.625,0.015,1.125,0.026,0.00562,0.013,0.009375,0.0225,0.028125,0.065,0.14362,0.0,0.0,102.515625,2.3798384991555954,0.0,0.0,3.588046875,8.329434747044584,11.917481622044583,248375,,,0.1300501910680297,Information
114703,174.0,4311.619271,SOM,Somalia,Hiiraan,4.657961782,0.0,-9999.0,1.0,174.0,174.0,0.0,1.0,-9999.0,-9999.0,-9999.0,0.0,10.0,-999.9,-999.9,-999.9,-5979.4,0.0,0.0,0.0,0.0,0.0,0.0,0.0,0.0,0.0,0.0,0.0,-5979.4,33.55671110324678,93.15923564,0.0,3.0,3.812,0.088,3.625,0.084,1.688,0.039,1.375,0.032,0.03625,0.084,0.02532,0.0584999999999999,0.034375,0.08,0.318445,0.0,0.0,288.84375,6.699194243784795,0.0,0.0,10.10953125,23.447179853246784,33.55671110324678,204815,9588.0,4.681297756511974,0.9441206139477792,Warning
114705,176.0,8309.269714,SOM,Somalia,Hiiraan,4.277654792,0.0,-9999.0,1.0,176.0,176.0,0.0,1.0,-9999.0,-9999.0,-9999.0,0.0,10.0,-999.9,-999.9,-999.9,-5979.4,0.0,0.0,0.0,0.0,0.0,0.0,0.0,0.0,0.0,0.0,0.0,-5979.4,3.101735631792128,85.55309584,0.0,,,,,,,,,,,,,,,,,0.0,0.0,40.21875,0.4840226805120365,0.0,0.0,1.40765625,1.6940793817921278,3.101735631792128,220090,,,0.0619609674884397,Information
114448,155.0,10510.59237,ETH,Ethiopia,Oromia,0.650223704,0.0,0.37,0.88,155.0,155.0,2.0,1.0,100.0,100.0,-9999.0,7.0,10.0,10.0,10.0,-999.9,-1931.64,0.0,0.0,0.0,0.0,0.0,0.0,0.0,0.0,0.0,0.0,0.0,-1931.64,0.2497209267206797,13.00447408,0.0,,,,,,,,,,,,,,,,,0.0,0.0,3.65625,0.0347863362059085,0.0,0.0,0.12796875,0.1217521767206797,0.2497209267206797,1123594,,,2.4100327874903452e-09,Information
114449,156.0,7413.695288,ETH,Ethiopia,Oromia,0.748703788,0.0,0.37,0.88,156.0,156.0,2.0,1.0,100.0,100.0,-9999.0,7.0,10.0,10.0,10.0,-999.9,-1925.8,0.0,0.0,0.0,0.0,0.0,0.0,0.0,0.0,0.0,0.0,0.0,-1925.8,-1925.8,14.974075760000002,0.0,,,,,,,,,,,,,,,,,,,,,,,,,,1067175,,,,
114460,158.0,24915.75525,ETH,Ethiopia,Somali,2.957693757,0.0,0.37,0.88,158.0,158.0,0.0,1.0,-9999.0,-9999.0,-9999.0,0.0,10.0,-999.9,-999.9,-999.9,-5979.4,0.0,0.0,0.0,0.0,0.0,0.0,0.0,0.0,0.0,0.0,0.0,-5979.4,0.3931450572239725,59.15387514,0.0,,,,,,,,,,,,,,,,,0.0,0.0,8.015625,0.0321709092068493,0.0,0.0,0.280546875,0.1125981822239725,0.3931450572239725,1099030,,,1.7137042555412474e-06,Information
114490,161.0,19231.59024,ETH,Ethiopia,Oromia,3.150300434,0.0,0.37,0.88,161.0,,,,,,,,,,,,,,,,,,,,,,,,,5.349015628107543,63.00600868,0.0,,0.0,0.0,0.0,0.0,0.0,0.0,13.625,0.071,0.0,0.0,0.0,0.0,0.340625,0.1775,0.518125,0.0,0.0,100.546875,0.5228214294592979,0.0,0.0,3.519140625,1.8298750031075424,5.349015628107543,2389185,,,0.0265662199048696,Information
114910,190.0,21071.08176,ETH,Ethiopia,Somali,4.19792647,0.0,0.37,0.88,190.0,190.0,0.0,1.0,-9999.0,-9999.0,-9999.0,0.0,10.0,-999.9,-999.9,-999.9,-5979.4,0.0,0.0,0.0,0.0,0.0,0.0,0.0,0.0,0.0,0.0,0.0,-5979.4,8.106871597557266,83.95852939999999,0.0,,,,,,,,,,,,,,,,,0.0,0.0,157.078125,0.7454677778735044,0.0,0.0,5.497734375,2.609137222557265,8.106871597557266,449704,,,0.2474724094203924,Information
114933,194.0,2892.131059,ETH,Ethiopia,Somali,4.10171481,0.0,0.37,0.88,194.0,194.0,0.0,1.0,-9999.0,-9999.0,-9999.0,0.0,10.0,-999.9,-999.9,-999.9,-5979.4,0.0,0.0,0.0,0.0,0.0,0.0,0.0,0.0,0.0,0.0,0.0,-5979.4,0.2852204590203591,82.0342962,0.0,,,,,,,,,,,,,,,,,0.0,0.0,1.828125,0.0632103097201026,0.0,0.0,0.063984375,0.221236084020359,0.2852204590203591,32851,,,1.714277854382825e-05,Information
115453,234.0,5262.128292,ETH,Ethiopia,"Southern Nations, Nationalities and Peoples",4.10366371,0.0,0.37,0.88,234.0,234.0,0.0,1.0,-9999.0,-9999.0,-9999.0,0.0,10.0,-999.9,-999.9,-999.9,-5979.4,0.0,0.0,0.0,0.0,0.0,0.0,0.0,0.0,0.0,0.0,0.0,-5979.4,35.63106706245327,82.0732742,0.0,3.0,,,,,,,,,,,,,,,,0.0,0.0,351.0,6.670304874986647,0.0,0.0,12.285,23.346067062453265,35.63106706245327,110442,20556.0,18.612484380942032,0.7539350881144,Watch
115460,241.0,7063.575,ETH,Ethiopia,Oromia,3.950195828,0.0,0.37,0.88,241.0,241.0,0.0,1.0,-9999.0,-9999.0,-9999.0,0.0,10.0,-999.9,-999.9,-999.9,-5979.4,0.0,0.0,0.0,0.0,0.0,0.0,0.0,0.0,0.0,0.0,0.0,-5979.4,0.1783476140729153,79.00391656,0.0,,,,,,,,,,,,,,,,,0.0,0.0,2.109375,0.0298627111636901,0.0,0.0,0.073828125,0.1045194890729153,0.1783476140729153,1087267,,,9.286737483440464e-07,Information
115470,242.0,7902.669814,ETH,Ethiopia,"Southern Nations, Nationalities and Peoples",2.36592409,0.0,0.37,0.88,242.0,242.0,0.0,15.0,-9999.0,-9999.0,-9999.0,0.0,1.0,-999.9,-999.9,-999.9,-5988.4,0.0,0.0,0.0,0.0,0.0,0.0,0.0,0.0,0.0,0.0,0.0,-5988.4,0.9477492962184412,47.3184818,0.0,,,,,,,,,,,,,,,,,0.0,0.0,11.953125,0.1512542632052689,0.0,0.0,0.418359375,0.5293899212184412,0.9477492962184412,2375404,,,2.935582036364569e-05,Information
115480,243.0,10550.79617,ETH,Ethiopia,Oromia,2.126114932,0.0,0.37,0.88,243.0,243.0,0.0,15.0,-9999.0,-9999.0,-9999.0,0.0,1.0,-999.9,-999.9,-999.9,-5997.4,0.0,0.0,0.0,0.0,0.0,0.0,0.0,0.0,0.0,0.0,0.0,-5997.4,0.1725625316587234,42.52229864,0.0,,,,,,,,,,,,,,,,,0.0,0.0,2.53125,0.023991080473921,0.0,0.0,0.08859375,0.0839687816587235,0.1725625316587234,1969611,,,3.1537720975306332e-09,Information
115490,244.0,5183.442766,ETH,Ethiopia,Oromia,2.419413172,0.0,0.37,0.88,244.0,244.0,0.0,1.0,-9999.0,-9999.0,-9999.0,0.0,10.0,-999.9,-999.9,-999.9,-5979.4,0.0,0.0,0.0,0.0,0.0,0.0,0.0,0.0,0.0,0.0,0.0,-5979.4,4.325175992142203,48.38826344,0.0,,,,,,,,,,,,,,,,,0.0,0.0,42.1875,0.8138895691834865,0.0,0.0,1.4765625,2.848613492142203,4.325175992142203,1783230,,,0.0065820955287924,Information
115602,255.0,18692.92036,ETH,Ethiopia,"Southern Nations, Nationalities and Peoples",3.379254729,0.0,0.37,0.88,255.0,255.0,2.0,2.0,100.0,100.0,-9999.0,7.0,9.0,10.0,10.0,-999.9,-2940.2,0.0,0.0,0.0,0.0,0.0,0.0,0.0,0.0,0.0,0.0,0.0,-2940.2,55.37164131289538,67.58509458,0.0,3.0,,,,,,,,,,,,,,,,0.0,0.0,1088.015625,5.820468946541537,0.0,0.0,35.0,20.371641312895377,55.37164131289538,1265078,3487.0,0.27563517822616473,0.7038303659866836,Watch
115604,257.0,1945.098017,ETH,Ethiopia,"Southern Nations, Nationalities and Peoples",2.99376123,0.0,0.37,0.88,257.0,257.0,1.0,1.0,100.0,23.0,-9999.0,3.0,10.0,10.0,2.3,-999.9,-1937.5,0.0,0.0,0.0,0.0,0.0,0.0,0.0,0.0,0.0,0.0,0.0,-1937.5,15.294290093097558,59.8752246,0.0,,,,,,,,,,,,,,,,,0.0,0.0,71.15625,3.658234669456445,0.0,0.0,2.49046875,12.803821343097558,15.294290093097558,370335,,,0.1673940407692689,Information
115605,258.0,16372.98119,ETH,Ethiopia,"Southern Nations, Nationalities and Peoples",2.60503749,0.0,0.37,0.88,258.0,258.0,3.0,1.0,100.0,100.0,100.0,10.0,10.0,10.0,10.0,10.0,100.0,0.0,0.0,0.0,0.0,0.0,0.0,0.0,0.0,0.0,0.0,0.0,100.0,100.0,52.1007498,0.0,,,,,,,,,,,,,,,,,0.0,0.0,394.875,2.4117477170049213,0.0,0.0,13.820625,8.441117009517225,22.261742009517224,6864333,,,0.7691560525644174,Warning
115712,263.0,6364.523556,ETH,Ethiopia,Somali,4.011225432,0.0,0.37,0.88,263.0,,,,,,,,,,,,,,,,,,,,,,,,,7.086896239075559,80.22450864,0.0,,0.0,0.0,0.0,0.0,0.0,0.0,19.688,0.309,0.0,0.0,0.0,0.0,0.4921999999999999,0.7725,1.2647,0.0,0.0,78.75,1.237327496878731,0.0,0.0,2.75625,4.330646239075558,7.086896239075559,78437,,,0.1523996309843304,Information
115715,266.0,11697.98831,ETH,Ethiopia,Afar,4.202694813,0.0,0.37,0.88,266.0,266.0,0.0,1.0,-9999.0,-9999.0,-9999.0,0.0,10.0,-999.9,-999.9,-999.9,-5979.4,0.0,0.0,0.0,0.0,0.0,0.0,0.0,0.0,0.0,0.0,0.0,-5979.4,28.41960178779606,84.05389626,0.0,3.0,0.0,0.0,0.0,0.0,0.0,0.0,2.375,0.02,0.0,0.0,0.0,0.0,0.059375,0.05,0.109375,0.0,0.0,437.765625,3.742229975084589,0.0,0.0,15.321796875,13.09780491279606,28.41960178779606,348437,6781.0,1.9461193845659328,0.7183222285334699,Watch
115717,268.0,27290.18057,ETH,Ethiopia,Afar,4.175081212,0.0,0.37,0.88,268.0,268.0,0.0,1.0,-9999.0,-9999.0,-9999.0,0.0,10.0,-999.9,-999.9,-999.9,-5979.4,0.0,0.0,0.0,0.0,0.0,0.0,0.0,0.0,0.0,0.0,0.0,-5979.4,7.128932820285945,83.50162424000001,0.0,,,,,,,,,,,,,,,,,0.0,0.0,149.0625,0.5462129486531273,0.0,0.0,5.2171875,1.9117453202859456,7.128932820285945,2451638,,,0.200706489022574,Information
115719,270.0,23437.4037,ETH,Ethiopia,Oromia,2.948460711,0.0,0.37,0.88,270.0,270.0,0.0,14.0,-9999.0,-9999.0,-9999.0,0.0,1.0,-999.9,-999.9,-999.9,-5997.4,0.0,0.0,0.0,0.0,0.0,0.0,0.0,0.0,0.0,0.0,0.0,-5997.4,3.30730718884931,58.96921422,0.0,,,,,,,,,,,,,,,,,0.0,0.0,66.234375,0.2826011610998028,0.0,0.0,2.318203125,0.9891040638493098,3.30730718884931,8529147,,,0.0058980113399565,Information
115801,275.0,12906.67333,ETH,Ethiopia,Afar,3.54168809,0.0,0.37,0.88,275.0,,,,,,,,,,,,,,,,,,,,,,,,,15.129555601278469,70.8337618,0.0,,7.562,0.059,6.688,0.052,0.375,0.003,0.0,0.0,0.06688,0.052,0.005625,0.0045,0.0,0.0,0.1290049999999999,0.0,0.0,243.5625,1.8871051717938483,0.0,0.0,8.5246875,6.604868101278469,15.129555601278469,1291257,,,0.2557957268163485,Information
172271,3221.0,7620.965341,ETH,Ethiopia,Tigray,4.025859723,0.0,0.37,0.88,3221.0,3221.0,0.0,1.0,-9999.0,-9999.0,-9999.0,0.0,10.0,-999.9,-999.9,-999.9,-5979.4,0.0,0.0,0.0,0.0,0.0,0.0,0.0,0.0,0.0,0.0,0.0,-5979.4,0.3869271525248861,80.51719446,0.0,,,,,,,,,,,,,,,,,0.0,0.0,4.78125,0.0627381150071103,0.0,0.0,0.16734375,0.219583402524886,0.3869271525248861,234811,,,4.444912457683404e-05,Information
172429,3250.0,7950.33264,ETH,Ethiopia,Amhara,3.506049049,0.0,0.37,0.88,3250.0,,,,,,,,,,,,,,,,,,,,,,,,,7.267675522602103,70.12098098,0.0,,71.75,0.902,33.375,0.42,0.0,0.0,0.0,0.0,0.33375,0.42,0.0,0.0,0.0,0.0,0.7537499999999999,0.0,0.0,91.96875,1.156791220743458,0.0,0.0,3.21890625,4.048769272602104,7.267675522602103,340002,,,0.0787220617836416,Information
172446,3257.0,4835.532836,ETH,Ethiopia,Amhara,2.767801298,0.0,0.37,0.88,3257.0,,,,,,,,,,,,,,,,,,,,,,,,,0.7745,55.35602596,0.0,,69.75,1.442,25.25,0.522,0.0,0.0,0.0,0.0,0.2525,0.522,0.0,0.0,0.0,0.0,0.7745,0.0,0.0,5.90625,0.1221426924495193,0.0,0.0,0.20671875,0.4274994235733175,0.6342181735733176,52125,,,2.51469546563848e-05,Information
172448,3259.0,1806.26857,ETH,Ethiopia,Benshangul-Gumaz,3.183143191,0.0,0.37,0.88,3259.0,,,,,,,,,,,,,,,,,,,,,,,,,0.1758799999999999,63.66286382,0.0,,2.688,0.149,2.688,0.149,0.0,0.0,0.0,0.0,0.02688,0.149,0.0,0.0,0.0,0.0,0.1758799999999999,,,,,,,,,,4817,,,4.889225564268306e-08,Information
172449,3260.0,9456.474288,ETH,Ethiopia,Benshangul-Gumaz,2.300765206,0.0,0.37,0.88,3260.0,,,,,,,,,,,,,,,,,,,,,,,,,0.33675,46.01530412,0.0,,89.0,0.941,16.375,0.173,0.0,0.0,0.0,0.0,0.16375,0.173,0.0,0.0,0.0,0.0,0.33675,0.0,0.0,3.796875,0.0401510635403548,0.0,0.0,0.132890625,0.1405287223912418,0.2734193473912418,130970,,,1.916044150209761e-07,Information
172455,3265.0,3171.429,ETH,Ethiopia,Benshangul-Gumaz,4.012871884,0.0,0.37,0.88,3265.0,3265.0,0.0,1.0,-9999.0,-9999.0,-9999.0,0.0,10.0,-999.9,-999.9,-999.9,-5979.4,0.0,0.0,0.0,0.0,0.0,0.0,0.0,0.0,0.0,0.0,0.0,-5979.4,26.818983731788688,80.25743768,0.0,3.0,40.812,1.287,28.625,0.903,4.625,0.146,3.188,0.101,0.28625,0.903,0.069375,0.2189999999999999,0.0797,0.2525,1.809825,0.0,0.0,184.5,5.817566780511054,0.0,0.0,6.4575,20.361483731788688,26.818983731788688,56271,657.0,1.1675641093991578,0.6203245014689253,Watch
172456,3266.0,13654.45242,ETH,Ethiopia,Benshangul-Gumaz,2.276825917,0.0,0.37,0.88,3266.0,,,,,,,,,,,,,,,,,,,,,,,,,14.733737510275418,45.53651834,0.0,,8.062,0.059,6.375,0.047,15.438,0.113,12.562,0.092,0.06375,0.047,0.23157,0.1695,0.31405,0.2299999999999999,1.05587,0.0,0.0,243.0,1.779639288650119,0.0,0.0,8.505,6.228737510275416,14.733737510275418,614505,,,0.0955400639543034,Information
172460,3270.0,28271.00179,ETH,Ethiopia,Oromia,2.352063012,0.0,0.37,0.88,3270.0,,,,,,,,,,,,,,,,,,,,,,,,,0.8528431821215006,47.04126024,0.0,,2.438,0.009,1.875,0.007,1.812,0.006,1.562,0.006,0.01875,0.007,0.02718,0.009,0.03905,0.015,0.11598,0.0,0.0,18.0,0.063669480606143,0.0,0.0,0.63,0.2228431821215005,0.8528431821215006,3607466,,,1.8241579977761665e-05,Information
172474,3274.0,3313.4616,ETH,Ethiopia,Oromia,0.150680202,0.0,0.37,0.88,3274.0,,,,,,,,,,,,,,,,,,,,,,,,,17.75889602568199,3.01360404,0.0,,5.375,0.162,4.188,0.126,1.25,0.038,0.562,0.017,0.04188,0.126,0.01875,0.0569999999999999,0.01405,0.0425,0.3001799999999999,0.0,0.0,126.28125,3.8111577930519975,0.0,0.0,4.41984375,13.339052275681992,17.75889602568199,423152,,,0.0447836958081644,Information
172479,3279.0,3512.036517,ETH,Ethiopia,Amhara,0.991712196,0.0,0.37,0.88,3279.0,3279.0,0.0,1.0,-9999.0,-9999.0,-9999.0,0.0,10.0,-999.9,-999.9,-999.9,-5979.4,0.0,0.0,0.0,0.0,0.0,0.0,0.0,0.0,0.0,0.0,0.0,-5979.4,1.09829842468924,19.83424392,0.0,,,,,,,,,,,,,,,,,0.0,0.0,8.15625,0.2322370499112114,0.0,0.0,0.28546875,0.81282967468924,1.09829842468924,738095,,,8.92021601183661e-06,Information
172497,3287.0,4273.040551,ETH,Ethiopia,Amhara,4.000953802,0.0,0.37,0.88,3287.0,3287.0,0.0,14.0,-9999.0,-9999.0,-9999.0,0.0,1.0,-999.9,-999.9,-999.9,-5997.4,0.0,0.0,0.0,0.0,0.0,0.0,0.0,0.0,0.0,0.0,0.0,-5997.4,4.175839344141938,80.01907603999999,0.0,,,,,,,,,,,,,,,,,0.0,0.0,35.71875,0.8359094554691251,0.0,0.0,1.25015625,2.925683094141938,4.175839344141938,1089624,,,0.0587372356569502,Information
172498,3288.0,9202.963088,ETH,Ethiopia,Amhara,4.050673285,0.0,0.37,0.88,3288.0,3288.0,0.0,1.0,-9999.0,-9999.0,-9999.0,0.0,10.0,-999.9,-999.9,-999.9,-5979.4,0.0,0.0,0.0,0.0,0.0,0.0,0.0,0.0,0.0,0.0,0.0,-5979.4,11.779709073101367,81.01346570000001,0.0,,21.375,0.232,17.5,0.19,0.0,0.0,0.0,0.0,0.175,0.19,0.0,0.0,0.0,0.0,0.365,0.0,0.0,161.296875,1.752662413743248,0.0,0.0,5.645390625,6.134318448101368,11.779709073101367,1978157,,,0.3165559129877909,Information
172499,3289.0,4897.661801,ETH,Ethiopia,Amhara,3.406664591,0.0,0.37,0.88,3289.0,3289.0,0.0,1.0,-9999.0,-9999.0,-9999.0,0.0,10.0,-999.9,-999.9,-999.9,-5979.4,0.0,0.0,0.0,0.0,0.0,0.0,0.0,0.0,0.0,0.0,0.0,-5979.4,5.150131769108103,68.13329182000001,0.0,,10.125,0.207,5.312,0.108,0.062,0.001,0.0,0.0,0.05312,0.108,0.0009299999999999,0.0015,0.0,0.0,0.1635499999999999,0.0,0.0,48.375,0.9877162197451724,0.0,0.0,1.693125,3.457006769108104,5.150131769108103,1018621,,,0.0341865804387028,Information
172645,3338.0,6305.251005,ETH,Ethiopia,Gambela Peoples,4.104559135,0.0,0.37,0.88,3338.0,3338.0,0.0,1.0,-9999.0,-9999.0,-9999.0,0.0,10.0,-999.9,-999.9,-999.9,-5979.4,0.0,0.0,0.0,0.0,0.0,0.0,0.0,0.0,0.0,0.0,0.0,-5979.4,1.3364262198086072,82.09118269999999,0.0,,,,,,,,,,,,,,,,,0.0,0.0,14.765625,0.2341798128024592,0.0,0.0,0.516796875,0.8196293448086072,1.3364262198086072,360934,,,0.0047255001494334,Information
114001,107.0,47029.38954,KEN,Kenya,Marsabit,3.129092186,0.0,0.42,0.81,107.0,107.0,1.0,3.0,100.0,2.0,-9999.0,3.0,8.0,10.0,0.2,-999.9,-3555.16,0.0,0.0,0.0,0.0,0.0,0.0,0.0,0.0,0.0,0.0,0.0,-3555.16,3.813825509523288,62.58184372,0.0,,,,,,,,,,,,,,,,,0.0,0.0,89.859375,0.1910706812923679,0.0,0.0,3.145078125,0.6687473845232876,3.813825509523288,244013,,,0.011199781211736,Information
114250,122.0,3845.123385,KEN,Kenya,Garissa,4.051859888,0.0,0.42,0.81,122.0,,,,,,,,,,,,,,,,,,,,,,,,,0.19293,81.03719776,0.0,,0.0,0.0,0.0,0.0,3.562,0.093,0.0,0.0,0.0,0.0,0.05343,0.1395,0.0,0.0,0.19293,,,,,,,,,,487445,,,2.238558526116778e-06,Information
114290,134.0,22874.3362,KEN,Kenya,Isiolo,1.454697408,0.0,0.42,0.81,134.0,134.0,0.0,1.0,-9999.0,-9999.0,-9999.0,0.0,10.0,-999.9,-999.9,-999.9,-5979.4,0.0,0.0,0.0,0.0,0.0,0.0,0.0,0.0,0.0,0.0,0.0,-5979.4,0.2758694945431729,29.09394816,0.0,,,,,,,,,,,,,,,,,0.0,0.0,5.484375,0.0239761055837637,0.0,0.0,0.191953125,0.0839163695431729,0.2758694945431729,1231888,,,1.4350368917742908e-08,Information
114443,150.0,19805.85168,KEN,Kenya,Mandera,4.000685519,0.0,0.42,0.81,150.0,150.0,1.0,1.0,100.0,-9999.0,-9999.0,3.0,10.0,10.0,-999.9,-999.9,-3953.6,0.0,0.0,0.0,0.0,0.0,0.0,0.0,0.0,0.0,0.0,0.0,-3953.6,-3953.6,80.01371038,0.0,,,,,,,,,,,,,,,,,,,,,,,,,,913642,,,,
115208,217.0,3962.083402,KEN,Kenya,Kajiado,4.165452032,0.0,0.42,0.81,217.0,,,,,,,,,,,,,,,,,,,,,,,,,15.471130480692205,83.30904064,0.0,,1.562,0.039,0.0,0.0,1.562,0.039,1.5,0.038,0.0,0.0,0.02343,0.0584999999999999,0.0375,0.095,0.21443,0.0,0.0,125.4375,3.1659479944834867,0.0,0.0,4.3903125,11.080817980692204,15.471130480692205,67754,,,0.4697527178192862,Advisory
115300,219.0,27155.99605,KEN,Kenya,Baringo,4.176914355,0.0,0.42,0.81,219.0,,,,,,,,,,,,,,,,,,,,,,,,,20.856189124834515,83.5382871,0.0,,28.562,0.105,20.375,0.075,24.688,0.091,14.625,0.054,0.20375,0.075,0.37032,0.1365,0.365625,0.135,1.286195,0.0,0.0,435.515625,1.6037549285241468,0.0,0.0,15.243046875,5.613142249834514,20.856189124834515,3381186,,,0.5935216732644396,Advisory
115424,224.0,23227.8565,KEN,Kenya,West Pokot,4.0011769,0.0,0.42,0.81,224.0,224.0,0.0,1.0,-9999.0,-9999.0,-9999.0,0.0,10.0,-999.9,-999.9,-999.9,-5979.4,0.0,0.0,0.0,0.0,0.0,0.0,0.0,0.0,0.0,0.0,0.0,-5979.4,3.105005409568987,80.023538,0.0,,,,,,,,,,,,,,,,,0.0,0.0,62.015625,0.2669881527339963,0.0,0.0,2.170546875,0.934458534568987,3.105005409568987,1309038,,,0.0313340335105069,Information
115429,229.0,9962.252449,KEN,Kenya,Baringo,1.054080705,0.0,0.42,0.81,229.0,229.0,0.0,1.0,-9999.0,-9999.0,-9999.0,0.0,10.0,-999.9,-999.9,-999.9,-5979.4,0.0,0.0,0.0,0.0,0.0,0.0,0.0,0.0,0.0,0.0,0.0,-5979.4,2.7417469968132293,21.081614100000003,0.0,,,,,,,,,,,,,,,,,0.0,0.0,39.09375,0.3924187848037799,0.0,0.0,1.36828125,1.3734657468132296,2.7417469968132293,679041,,,0.0003899678703456,Information
115430,230.0,15708.31214,KEN,Kenya,Turkana,4.059794484,0.0,0.42,0.81,230.0,,,,,,,,,,,,,,,,,,,,,,,,,22.59474722892134,81.19588968000001,0.0,,35.688,0.227,24.312,0.155,16.375,0.104,15.312,0.097,0.24312,0.155,0.245625,0.156,0.3828,0.2425,1.425045,0.0,0.0,394.453125,2.5111108154060964,0.0,0.0,13.805859375,8.788887853921338,22.59474722892134,147727,,,0.5728528344121936,Advisory
117203,307.0,4842.048556,KEN,Kenya,Tana River,4.026444102,0.0,0.42,0.81,307.0,307.0,0.0,1.0,-9999.0,-9999.0,-9999.0,0.0,10.0,-999.9,-999.9,-999.9,-5979.4,0.0,0.0,0.0,0.0,0.0,0.0,0.0,0.0,0.0,0.0,0.0,-5979.4,5.732959638849612,80.52888204,0.0,,,,,,,,,,,,,,,,,0.0,0.0,53.4375,1.103613468242746,0.0,0.0,1.8703125,3.8626471388496113,5.732959638849612,36679,,,0.1107214523619702,Information
117207,311.0,1925.744804,KEN,Kenya,Tana River,4.052674257,0.0,0.42,0.81,311.0,311.0,0.0,1.0,-9999.0,-9999.0,-9999.0,0.0,10.0,-999.9,-999.9,-999.9,-5979.4,0.0,0.0,0.0,0.0,0.0,0.0,0.0,0.0,0.0,0.0,0.0,-5979.4,2.1640919304561783,81.05348513999999,0.0,,,,,,,,,,,,,,,,,0.0,0.0,9.984375,0.5184682301303366,0.0,0.0,0.349453125,1.8146388054561784,2.1640919304561783,49264,,,0.0150178543242304,Information
117209,313.0,40534.82439,KEN,Kenya,Kitui,2.518664527,0.0,0.42,0.81,313.0,313.0,0.0,1.0,-9999.0,-9999.0,-9999.0,0.0,10.0,-999.9,-999.9,-999.9,-5979.4,0.0,0.0,0.0,0.0,0.0,0.0,0.0,0.0,0.0,0.0,0.0,-5979.4,8.658049382831535,50.37329054,0.0,,,,,,,,,,,,,,,,,0.0,0.0,198.421875,0.4895096450947243,0.0,0.0,6.944765625,1.713283757831535,8.658049382831535,6254616,,,0.0404020239086148,Information
117324,319.0,7242.387326,KEN,Kenya,Taita Taveta,0.646818318,0.0,0.42,0.81,319.0,319.0,0.0,15.0,-9999.0,-9999.0,-9999.0,0.0,1.0,-999.9,-999.9,-999.9,-5997.4,0.0,0.0,0.0,0.0,0.0,0.0,0.0,0.0,0.0,0.0,0.0,-5997.4,4.780864028832344,12.93636636,0.0,,,,,,,,,,,,,,,,,0.0,0.0,57.375,0.7922111510949552,0.0,0.0,2.008125,2.7727390288323432,4.780864028832344,330640,,,0.0018538362785068,Information
117325,320.0,4222.56379,KEN,Kenya,Makueni,3.479467287,0.0,0.42,0.81,320.0,320.0,0.0,1.0,-9999.0,-9999.0,-9999.0,0.0,10.0,-999.9,-999.9,-999.9,-5979.4,0.0,0.0,0.0,0.0,0.0,0.0,0.0,0.0,0.0,0.0,0.0,-5979.4,-5979.4,69.58934574,0.0,,,,,,,,,,,,,,,,,,,,,,,,,,257679,,,,
117329,324.0,7307.740959,KEN,Kenya,Machakos,1.195292836,0.0,0.42,0.81,324.0,324.0,0.0,15.0,-9999.0,-9999.0,-9999.0,0.0,1.0,-999.9,-999.9,-999.9,-5997.4,0.0,0.0,0.0,0.0,0.0,0.0,0.0,0.0,0.0,0.0,0.0,-5997.4,0.2797686606957588,23.90585672,0.0,,,,,,,,,,,,,,,,,0.0,0.0,3.375,0.0461839030559311,0.0,0.0,0.118125,0.1616436606957588,0.2797686606957588,7424361,,,1.0366944142519208e-08,Information
117348,341.0,5853.720852,KEN,Kenya,Taita Taveta,1.745161034,0.0,0.42,0.81,341.0,,,,,,,,,,,,,,,,,,,,,,,,,4.798795901586383,34.903220680000004,0.0,,0.688,0.012,0.688,0.012,3.25,0.056,3.125,0.053,0.00688,0.012,0.04875,0.084,0.078125,0.1325,0.362255,0.0,0.0,50.625,0.8648345433103949,0.0,0.0,1.771875,3.026920901586382,4.798795901586383,924568,,,0.0045601697572409,Information
172972,3469.0,21393.61879,KEN,Kenya,Bungoma,3.17042827,0.0,0.42,0.81,3469.0,3469.0,0.0,1.0,-9999.0,-9999.0,-9999.0,0.0,10.0,-999.9,-999.9,-999.9,-5979.4,0.0,0.0,0.0,0.0,0.0,0.0,0.0,0.0,0.0,0.0,0.0,-5979.4,13.722754953968272,63.4085654,0.0,,,,,,,,,,,,,,,,,0.0,0.0,267.1875,1.2489121297052213,0.0,0.0,9.3515625,4.371192453968274,13.722754953968272,10080462,,,0.1633558535790794,Information
172976,3473.0,28178.70432,KEN,Kenya,Homa Bay,4.031063648,0.0,0.42,0.81,3473.0,3473.0,0.0,1.0,-9999.0,-9999.0,-9999.0,0.0,10.0,-999.9,-999.9,-999.9,-5979.4,0.0,0.0,0.0,0.0,0.0,0.0,0.0,0.0,0.0,0.0,0.0,-5979.4,18.645237186478592,80.62127296,0.0,,7.25,0.026,6.188,0.022,0.938,0.003,0.562,0.002,0.06188,0.022,0.01407,0.0045,0.01405,0.005,0.1215,0.0,0.0,393.1875,1.3953356247081694,0.0,0.0,13.7615625,4.883674686478593,18.645237186478592,9147264,,,0.4846105569333851,Advisory
115101,207.0,60949.31151,TZA,Tanzania,Singida,4.003964525,0.0,0.44,0.78,207.0,,,,,,,,,,,,,,,,,,,,,,,,,21.32486693449865,80.0792905,0.0,,5.312,0.009,3.938,0.006,2.0,0.003,1.062,0.002,0.03938,0.006,0.03,0.0045,0.02655,0.005,0.11143,0.0,0.0,523.40625,0.8587566241424734,0.0,0.0,18.31921875,3.005648184498657,21.32486693449865,3434223,,,0.5271525508981741,Advisory
115102,208.0,2416.151158,TZA,Tanzania,Manyara,4.006274477,0.0,0.44,0.78,208.0,,,,,,,,,,,,,,,,,,,,,,,,,12.72217763309683,80.12548953999999,0.0,,47.438,1.963,42.438,1.756,45.812,1.896,20.5,0.848,0.42438,1.756,0.6871799999999999,2.844,0.5125,2.12,8.34406,0.0,0.0,70.734375,2.9275641451705225,0.0,0.0,2.475703125,10.24647450809683,12.72217763309683,143916,,,0.3277656526506932,Information
115103,209.0,907.9549632,TZA,Tanzania,Singida,4.065415868,0.0,0.44,0.78,209.0,,,,,,,,,,,,,,,,,,,,,,,,,28.55990376634601,81.30831735999999,0.0,3.0,2.312,0.255,2.312,0.255,2.438,0.268,1.625,0.179,0.0231199999999999,0.255,0.03657,0.402,0.040625,0.4475,1.204815,0.0,0.0,67.921875,7.480753754670289,0.0,0.0,2.377265625,26.18263814134601,28.55990376634601,135434,3228.0,2.383448764711963,0.6641897887776771,Watch
115201,210.0,4239.105947,TZA,Tanzania,Manyara,3.205123292,0.0,0.44,0.78,210.0,,,,,,,,,,,,,,,,,,,,,,,,,12.531649397559017,64.10246584000001,0.0,,7.25,0.171,2.375,0.056,8.0,0.189,1.438,0.034,0.02375,0.056,0.12,0.2835,0.0359499999999999,0.085,0.6042,0.0,0.0,106.59375,2.514533756445433,0.0,0.0,3.73078125,8.800868147559015,12.531649397559017,66998,,,0.1463054637249615,Information
116001,285.0,2987.184124,TZA,Tanzania,Rukwa,0.832121379,0.0,0.44,0.78,285.0,,,,,,,,,,,,,,,,,,,,,,,,,27.818066268468648,16.64242758,0.0,,71.938,2.408,44.875,1.502,60.375,2.021,51.438,1.722,0.44875,1.502,0.905625,3.0315,1.28595,4.305,11.478825,0.0,0.0,182.8125,6.119893933848186,0.0,0.0,6.3984375,21.419628768468648,27.818066268468648,142044,,,0.1362215373361329,Information
116002,286.0,33088.25111,TZA,Tanzania,Mbeya,3.176946815,0.0,0.44,0.78,286.0,,,,,,,,,,,,,,,,,,,,,,,,,13.043076678302135,63.5389363,0.0,,114.938,0.347,102.125,0.309,92.188,0.279,61.688,0.186,1.02125,0.309,1.3828200000000002,0.4185,1.5422,0.4649999999999999,5.13877,0.0,0.0,286.171875,0.8648745866577536,0.0,0.0,10.016015625,3.0270610533021376,13.043076678302135,2320219,,,0.1519778601792994,Information
116003,287.0,2827.772205,TZA,Tanzania,Mbeya,0.087163887,0.0,0.44,0.78,287.0,,,,,,,,,,,,,,,,,,,,,,,,,8.707670854555067,1.74327774,0.0,,3.625,0.128,3.625,0.128,11.688,0.413,12.0,0.424,0.03625,0.128,0.17532,0.6194999999999999,0.3,1.06,2.31907,0.0,0.0,54.84375,1.939468458444305,0.0,0.0,1.91953125,6.788139604555068,8.707670854555067,29739,,,0.0076884305858465,Information
116004,288.0,18167.49051,TZA,Tanzania,Katavi,2.556398352,0.0,0.44,0.78,288.0,288.0,1.0,1.0,100.0,-9999.0,-9999.0,3.0,10.0,10.0,-999.9,-999.9,-3953.6,0.0,0.0,0.0,0.0,0.0,0.0,0.0,0.0,0.0,0.0,0.0,-3953.6,16.59751446182051,51.12796704,0.0,,153.625,0.846,146.0,0.804,25.562,0.141,51.938,0.286,1.46,0.804,0.38343,0.2114999999999999,1.29845,0.715,4.87238,0.0,0.0,305.859375,1.6835532390915735,0.0,0.0,10.705078125,5.892436336820508,16.59751446182051,963976,,,0.1400816982810639,Information
116005,289.0,3002.265173,TZA,Tanzania,Katavi,4.03916292,0.0,0.44,0.78,289.0,,,,,,,,,,,,,,,,,,,,,,,,,11.33997723345439,80.7832584,0.0,,2.125,0.071,2.125,0.071,12.0,0.4,31.5,1.049,0.02125,0.071,0.18,0.6000000000000001,0.7875,2.6225,4.28225,0.0,0.0,74.8125,2.4918684952726826,0.0,0.0,2.6184375,8.721539733454389,11.33997723345439,311,,,0.2989414094213822,Information
117347,340.0,6845.660004,TZA,Tanzania,Kilimanjaro,3.726609133,0.0,0.44,0.78,340.0,,,,,,,,,,,,,,,,,,,,,,,,,18.082692326215764,74.53218266,0.0,,25.562,0.373,19.812,0.289,8.5,0.124,4.688,0.068,0.19812,0.289,0.1275,0.186,0.1171999999999999,0.17,1.0878199999999998,0.0,0.0,209.953125,3.066952271775932,0.0,0.0,7.348359375,10.734332951215762,18.082692326215764,208546,,,0.3660022449846702,Advisory
117349,342.0,6650.982379,TZA,Tanzania,Arusha,2.404096249,0.0,0.44,0.78,342.0,,,,,,,,,,,,,,,,,,,,,,,,,5.32314615604899,48.08192498,0.0,,4.688,0.07,4.688,0.07,6.812,0.102,5.5,0.083,0.04688,0.07,0.1021799999999999,0.153,0.1375,0.2075,0.71706,0.0,0.0,60.75,0.9133989017282828,0.0,0.0,2.12625,3.196896156048989,5.32314615604899,1788363,,,0.0113751361709361,Information
117367,351.0,8745.3565,TZA,Tanzania,Dodoma,4.023512637,0.0,0.44,0.78,351.0,351.0,0.0,1.0,-9999.0,-9999.0,-9999.0,0.0,10.0,-999.9,-999.9,-999.9,-5979.4,0.0,0.0,0.0,0.0,0.0,0.0,0.0,0.0,0.0,0.0,0.0,-5979.4,1.413681466755076,80.47025273999999,0.0,,10.312,0.118,5.5,0.063,0.125,0.001,0.125,0.001,0.055,0.063,0.001875,0.0015,0.003125,0.0025,0.127,0.0,0.0,18.84375,0.2154714905014503,0.0,0.0,0.65953125,0.7541502167550761,1.413681466755076,674840,,,0.0043230221452153,Information
117400,357.0,27001.25569,TZA,Tanzania,Dodoma,4.004918565,0.0,0.44,0.78,357.0,,,,,,,,,,,,,,,,,,,,,,,,,13.961543266386329,80.0983713,0.0,,28.438,0.105,25.562,0.095,21.562,0.08,16.812,0.062,0.25562,0.095,0.32343,0.12,0.4203,0.155,1.36935,0.0,0.0,291.09375,1.078074861824665,0.0,0.0,10.18828125,3.7732620163863273,13.961543266386329,1433514,,,0.3614840006445247,Advisory
117430,360.0,5317.828603,TZA,Tanzania,Pwani,4.018335915,0.0,0.44,0.78,360.0,,,,,,,,,,,,,,,,,,,,,,,,,39.554659759314994,80.3667183,0.0,3.0,0.0,0.0,0.0,0.0,0.0,0.0,5.062,0.095,0.0,0.0,0.0,0.0,0.12655,0.2375,0.36405,0.0,0.0,392.34375,7.377893859804284,0.0,0.0,13.73203125,25.822628509314995,39.554659759314994,16738,1846.0,11.028796749910384,0.758179129450159,Watch
117441,361.0,6348.255296,TZA,Tanzania,Lindi,2.463563036,0.0,0.44,0.78,361.0,,,,,,,,,,,,,,,,,,,,,,,,,69.36453125,49.27126072,0.0,3.0,0.0,0.0,0.0,0.0,0.0,0.0,50.875,0.801,0.0,0.0,0.0,0.0,1.271875,2.0025,3.274375,0.0,0.0,981.84375,15.466355781396732,0.0,0.0,34.36453125,35.0,69.36453125,487,151.0,31.006160164271044,0.6228152460031582,Watch
117450,370.0,20204.64725,TZA,Tanzania,Iringa,4.009703976,0.0,0.44,0.78,370.0,,,,,,,,,,,,,,,,,,,,,,,,,19.64555655252087,80.19407952,0.0,,31.688,0.157,31.5,0.156,0.0,0.0,27.312,0.135,0.315,0.156,0.0,0.0,0.6828,0.3375,1.4912999999999998,0.0,0.0,375.46875,1.8583286578631053,0.0,0.0,13.14140625,6.504150302520869,19.64555655252087,691335,,,0.4967567450763773,Advisory
117460,371.0,27842.13072,TZA,Tanzania,Singida,3.220971128,0.0,0.44,0.78,371.0,,,,,,,,,,,,,,,,,,,,,,,,,3.0906204133334896,64.41942256,0.0,,10.062,0.036,10.062,0.036,0.312,0.001,0.062,0.0,0.1006199999999999,0.036,0.00468,0.0015,0.00155,0.0,0.1443499999999999,0.0,0.0,64.96875,0.2333469038095685,0.0,0.0,2.27390625,0.8167141633334897,3.0906204133334896,196507,,,0.0072742349099379,Information
117470,372.0,3115.276391,TZA,Tanzania,Iringa,4.031940578,0.0,0.44,0.78,372.0,,,,,,,,,,,,,,,,,,,,,,,,,14.732655850824967,80.63881156000001,0.0,,7.625,0.245,7.625,0.245,0.688,0.022,0.0,0.0,0.07625,0.245,0.01032,0.033,0.0,0.0,0.3645699999999999,0.0,0.0,99.984375,3.209486493092848,0.0,0.0,3.499453125,11.233202725824968,14.732655850824967,32136,,,0.3923482219140394,Advisory
122288,459.0,4642.872631,TZA,Tanzania,Mbeya,4.106000657,0.0,0.44,0.78,459.0,,,,,,,,,,,,,,,,,,,,,,,,,3.3218794514063505,82.12001314,0.0,,1.0,0.022,1.0,0.022,0.625,0.013,0.5,0.011,0.01,0.022,0.009375,0.0195,0.0125,0.0274999999999999,0.1008749999999999,0.0,0.0,30.09375,0.6481709146875287,0.0,0.0,1.05328125,2.2685982014063506,3.3218794514063505,705380,,,0.0461729016435895,Information
132846,1344.0,4751.025673,TZA,Tanzania,Katavi,4.098437533,0.0,0.44,0.78,1344.0,,,,,,,,,,,,,,,,,,,,,,,,,0.8710443681888322,81.96875066000001,0.0,,3.688,0.078,3.688,0.078,2.0,0.042,1.375,0.029,0.03688,0.078,0.03,0.063,0.034375,0.0725,0.314755,0.0,0.0,8.015625,0.1687135694825235,0.0,0.0,0.280546875,0.5904974931888323,0.8710443681888322,51083,,,0.0012220859080597,Information
132848,1346.0,6797.811938,TZA,Tanzania,Rukwa,4.002668609,0.0,0.44,0.78,1346.0,,,,,,,,,,,,,,,,,,,,,,,,,5.643286893448661,80.05337218,0.0,,20.75,0.305,7.5,0.11,1.688,0.025,0.5,0.007,0.075,0.11,0.02532,0.0375,0.0125,0.0175,0.27782,0.0,0.0,65.25,0.9598676838424745,0.0,0.0,2.28375,3.3595368934486607,5.643286893448661,316278,,,0.1033676670585102,Information
132850,1348.0,5960.098504,TZA,Tanzania,Kigoma,4.242317525,0.0,0.44,0.78,1348.0,,,,,,,,,,,,,,,,,,,,,,,,,4.94246926673732,84.8463505,0.0,,4.875,0.082,4.75,0.08,0.125,0.002,0.188,0.003,0.0475,0.08,0.001875,0.003,0.0046999999999999,0.0075,0.144575,0.0,0.0,52.734375,0.8847903262106629,0.0,0.0,1.845703125,3.09676614173732,4.94246926673732,101863,,,0.1312767123182125,Information
132865,1353.0,8733.887805,TZA,Tanzania,Kigoma,4.133310475,0.0,0.44,0.78,1353.0,,,,,,,,,,,,,,,,,,,,,,,,,10.673381719120208,82.66620950000001,0.0,,12.438,0.142,10.312,0.118,2.938,0.034,1.812,0.021,0.1031199999999999,0.118,0.04407,0.051,0.0453,0.0525,0.4139899999999999,0.0,0.0,142.171875,1.6278188840343453,0.0,0.0,4.976015625,5.697366094120208,10.673381719120208,922978,,,0.313871920111357,Information
132870,1358.0,13500.23015,TZA,Tanzania,Katavi,4.080085204,0.0,0.44,0.78,1358.0,,,,,,,,,,,,,,,,,,,,,,,,,1.3879586812710252,81.60170408,0.0,,3.0,0.022,3.0,0.022,2.0,0.015,0.562,0.004,0.03,0.022,0.03,0.0225,0.01405,0.01,0.12855,0.0,0.0,22.78125,0.1687471232202929,0.0,0.0,0.79734375,0.5906149312710252,1.3879586812710252,634794,,,0.0048770906076362,Information
132883,1361.0,4470.000643,TZA,Tanzania,Kigoma,4.30521022,0.0,0.44,0.78,1361.0,,,,,,,,,,,,,,,,,,,,,,,,,70.0,86.1042044,0.0,3.0,3.938,0.088,1.812,0.041,2.75,0.062,0.812,0.018,0.01812,0.041,0.04125,0.093,0.0203,0.045,0.25867,0.0,0.0,1048.78125,23.46266441259499,0.0,0.0,35.0,35.0,70.0,67963,2352.0,3.460706560922855,0.9470510289298772,Warning
132892,1369.0,8751.16768,TZA,Tanzania,Tabora,4.156122746,0.0,0.44,0.78,1369.0,,,,,,,,,,,,,,,,,,,,,,,,,46.06547159340821,83.12245492000001,0.0,3.0,71.688,0.819,49.875,0.57,18.812,0.215,7.438,0.085,0.49875,0.57,0.28218,0.3225,0.1859499999999999,0.2125,2.07188,0.0,0.0,614.25,7.019063312402346,0.0,0.0,21.49875,24.56672159340821,46.06547159340821,408253,4762.0,1.166433559581926,0.8423298847319989,Warning
172978,3474.0,18558.6182,TZA,Tanzania,Mara,4.129231553,0.0,0.44,0.78,3474.0,3474.0,0.0,1.0,-9999.0,-9999.0,-9999.0,0.0,10.0,-999.9,-999.9,-999.9,-5979.4,0.0,0.0,0.0,0.0,0.0,0.0,0.0,0.0,0.0,0.0,0.0,-5979.4,10.497487429003597,82.58463106,0.0,,,,,,,,,,,,,,,,,0.0,0.0,194.90625,1.0502196225724558,0.0,0.0,6.82171875,3.6757686790035953,10.497487429003597,1681848,,,0.3063521074596246,Information
172992,3485.0,6760.137814,TZA,Tanzania,Kagera,4.086491797,0.0,0.44,0.78,3485.0,,,,,,,,,,,,,,,,,,,,,,,,,6.040290340043707,81.72983594,0.0,,13.25,0.196,10.0,0.148,1.188,0.018,0.25,0.004,0.1,0.148,0.01782,0.0269999999999999,0.00625,0.01,0.3090699999999999,0.0,0.0,69.609375,1.0297034900124875,0.0,0.0,2.436328125,3.6039622150437065,6.040290340043707,282540,,,0.1341864700267919,Information
172555,3314.0,22109.42005,SSD,South Sudan,Upper Nile,3.124505025,0.0,-9999.0,1.0,3314.0,,,,,,,,,,,,,,,,,,,,,,,,,6.554733307772059,62.4901005,0.0,,49.125,0.222,32.0,0.145,1.938,0.009,0.0,0.0,0.32,0.145,0.02907,0.0134999999999999,0.0,0.0,0.50757,0.0,0.0,128.953125,0.5832496950777311,0.0,0.0,4.513359375,2.041373932772059,6.554733307772059,366513,,,0.0405431618636161,Information
172557,3316.0,1437.474986,SSD,South Sudan,Upper Nile,4.143196236,0.0,-9999.0,1.0,3316.0,,,,,,,,,,,,,,,,,,,,,,,,,18.44511418250716,82.86392472,0.0,,3.938,0.274,3.938,0.274,0.0,0.0,0.0,0.0,0.03938,0.274,0.0,0.0,0.0,0.0,0.31338,0.0,0.0,66.234375,4.6076888735734745,0.0,0.0,2.318203125,16.12691105750716,18.44511418250716,25899,,,0.5293410812051496,Advisory
172559,3318.0,573.1651593,SSD,South Sudan,Upper Nile,3.210398728,0.0,-9999.0,1.0,3318.0,,,,,,,,,,,,,,,,,,,,,,,,,33.59367658124178,64.20797456,0.0,,0.75,0.131,0.75,0.131,0.0,0.0,0.0,0.0,0.0075,0.131,0.0,0.0,0.0,0.0,0.1385,0.0,0.0,52.03125,9.077880808926222,0.0,0.0,1.82109375,31.772582831241778,33.59367658124178,8932,,,0.474729064654746,Advisory
172582,3322.0,9582.29912,SSD,South Sudan,Upper Nile,4.002491372,0.0,-9999.0,1.0,3322.0,,,,,,,,,,,,,,,,,,,,,,,,,2.041834672123135,80.04982744,0.0,,33.688,0.352,33.688,0.352,0.0,0.0,0.0,0.0,0.33688,0.352,0.0,0.0,0.0,0.0,0.6888799999999999,0.0,0.0,28.546875,0.2979125848923243,0.0,0.0,0.999140625,1.0426940471231352,2.041834672123135,130901,,,0.0113219746226591,Information
172586,3326.0,1779.236143,SSD,South Sudan,Upper Nile,4.221314102,0.0,-9999.0,1.0,3326.0,,,,,,,,,,,,,,,,,,,,,,,,,2.052837939644931,84.42628204,0.0,,21.562,1.212,21.562,1.212,0.0,0.0,0.0,0.0,0.21562,1.212,0.0,0.0,0.0,0.0,1.42762,0.0,0.0,8.859375,0.4979313756128374,0.0,0.0,0.310078125,1.742759814644931,2.052837939644931,8787,,,0.0213638740201247,Information
172590,3330.0,13991.63299,SSD,South Sudan,Upper Nile,4.208556499,0.0,-9999.0,1.0,3330.0,3330.0,0.0,15.0,-9999.0,-9999.0,-9999.0,0.0,1.0,-999.9,-999.9,-999.9,-5997.4,0.0,0.0,0.0,0.0,0.0,0.0,0.0,0.0,0.0,0.0,0.0,-5997.4,6.355020566976199,84.17112998,0.0,,,,,,,,,,,,,,,,,0.0,0.0,105.890625,0.7568139119931996,0.0,0.0,3.706171875,2.6488486919761987,6.355020566976199,397743,,,0.1807290162240035,Information
172630,3333.0,19355.90218,SSD,South Sudan,Jungoli,4.125694753,0.0,-9999.0,1.0,3333.0,,,,,,,,,,,,,,,,,,,,,,,,,0.8435115555355923,82.51389506000001,0.0,,35.062,0.181,27.125,0.14,0.0,0.0,0.0,0.0,0.27125,0.14,0.0,0.0,0.0,0.0,0.41125,0.0,0.0,15.890625,0.0820970515815978,0.0,0.0,0.556171875,0.2873396805355923,0.8435115555355923,366357,,,0.0012163540245839,Information
172704,3367.0,21896.65647,SSD,South Sudan,Jungoli,4.088149696,0.0,-9999.0,1.0,3367.0,,,,,,,,,,,,,,,,,,,,,,,,,70.0,81.76299392000001,0.0,3.0,255.312,1.166,169.25,0.773,9.625,0.044,4.188,0.019,1.6925,0.773,0.144375,0.066,0.1046999999999999,0.0475,2.828075,0.0,0.0,3594.65625,16.416461822506744,0.0,0.0,35.0,35.0,70.0,404857,20041.0,4.950142889958677,0.9106942305575488,Warning
172708,3371.0,1564.618348,SSD,South Sudan,Upper Nile,4.236249124,0.0,-9999.0,1.0,3371.0,,,,,,,,,,,,,,,,,,,,,,,,,39.83525347356564,84.72498248000001,0.0,3.0,1.75,0.112,1.75,0.112,1.75,0.112,0.0,0.0,0.0175,0.112,0.02625,0.168,0.0,0.0,0.32375,0.0,0.0,153.984375,9.841657242447326,0.0,0.0,5.389453125,34.44580034856564,39.83525347356564,15603,754.0,4.832404024867013,0.8311031300802827,Warning
172709,3372.0,1838.989738,SSD,South Sudan,Jungoli,4.845488173,0.0,-9999.0,1.0,3372.0,,,,,,,,,,,,,,,,,,,,,,,,,55.34703125,96.90976346,0.0,3.0,1.75,0.095,1.75,0.095,0.75,0.041,0.438,0.024,0.0175,0.095,0.01125,0.0615,0.01095,0.06,0.2562,0.0,0.0,581.34375,31.612125832778894,0.0,0.0,20.34703125,35.0,55.34703125,57315,2121.0,3.700601936665794,0.9980452639933904,Warning
172821,3374.0,1165.20866,SSD,South Sudan,Unity,4.528673718,0.0,-9999.0,1.0,3374.0,,,,,,,,,,,,,,,,,,,,,,,,,44.85359375,90.57347436,0.0,3.0,0.0,0.0,0.0,0.0,0.75,0.064,0.0,0.0,0.0,0.0,0.01125,0.096,0.0,0.0,0.10725,0.0,0.0,281.53125,24.1614450321804,0.0,0.0,9.85359375,35.0,44.85359375,14536,8009.0,55.09768849752339,0.9406054208597942,Warning
172830,3383.0,7834.849808,SSD,South Sudan,Unity,4.358019328,0.0,-9999.0,1.0,3383.0,,,,,,,,,,,,,,,,,,,,,,,,,70.0,87.16038656,0.0,3.0,77.375,0.988,77.375,0.988,221.0,2.821,50.688,0.647,0.77375,0.988,3.315,4.2315000000000005,1.2672,1.6175000000000002,12.19295,0.0,0.0,1484.859375,18.951982633699885,0.0,0.0,35.0,35.0,70.0,278854,93694.0,33.59966147159446,0.955053276988815,Warning
172841,3384.0,1141.36103,SSD,South Sudan,Unity,4.608844281,0.0,-9999.0,1.0,3384.0,,,,,,,,,,,,,,,,,,,,,,,,,40.14828125,92.17688562,0.0,3.0,15.938,1.396,15.938,1.396,6.562,0.575,3.062,0.268,0.15938,1.396,0.09843,0.8624999999999999,0.0765499999999999,0.67,3.26286,0.0,0.0,147.09375,12.88757423039852,0.0,0.0,5.14828125,35.0,40.14828125,46727,653.0,1.3974789736126865,0.9490275377481374,Warning
172842,3385.0,75465.9908,SSD,South Sudan,Lakes,4.015132787,0.0,-9999.0,1.0,3385.0,,,,,,,,,,,,,,,,,,,,,,,,,45.053628438680136,80.30265573999999,0.0,3.0,275.0,0.364,271.438,0.36,0.625,0.001,0.312,0.0,2.71438,0.36,0.009375,0.0015,0.0078,0.0,3.093055,0.0,0.0,2167.734375,2.872465268194325,0.0,0.0,35.0,10.053628438680136,45.053628438680136,1161777,13109.0,1.1283576796579722,0.7959862271150354,Watch
172843,3386.0,596.9362591,SSD,South Sudan,Warap,4.358713766,0.0,-9999.0,1.0,3386.0,,,,,,,,,,,,,,,,,,,,,,,,,39.395234375,87.17427532,0.0,3.0,0.938,0.157,0.938,0.157,0.125,0.021,0.0,0.0,0.00938,0.157,0.001875,0.0315,0.0,0.0,0.199755,0.0,0.0,125.578125,21.037107913183828,0.0,0.0,4.395234375,35.0,39.395234375,7773,12.0,0.1543805480509456,0.8691095846649585,Warning
172844,3387.0,14390.86758,SSD,South Sudan,Warap,4.00336622,0.0,-9999.0,1.0,3387.0,,,,,,,,,,,,,,,,,,,,,,,,,8.51719505561531,80.0673244,0.0,,10.75,0.075,10.75,0.075,0.0,0.0,0.0,0.0,0.1075,0.075,0.0,0.0,0.0,0.0,0.1825,0.0,0.0,143.578125,0.9977030516043746,0.0,0.0,5.025234375,3.491960680615311,8.51719505561531,366152,,,0.1975865766558453,Information
172845,3388.0,9728.695292,SSD,South Sudan,Warap,4.04202893,0.0,-9999.0,1.0,3388.0,,,,,,,,,,,,,,,,,,,,,,,,,17.58653366953144,80.8405786,0.0,,4.625,0.048,4.625,0.048,0.812,0.008,0.0,0.0,0.04625,0.048,0.01218,0.012,0.0,0.0,0.11843,0.0,0.0,247.78125,2.546911405580412,0.0,0.0,8.67234375,8.914189919531442,17.58653366953144,385247,,,0.4658679142577383,Advisory
172911,3422.0,11318.28828,SSD,South Sudan,Jungoli,4.616189409,0.0,-9999.0,1.0,3422.0,,,,,,,,,,,,,,,,,,,,,,,,,70.0,92.32378818,0.0,3.0,4.375,0.039,3.938,0.035,2.938,0.026,0.0,0.0,0.03938,0.035,0.04407,0.039,0.0,0.0,0.15745,0.0,0.0,1570.640625,13.877015549036956,0.0,0.0,35.0,35.0,70.0,54120,6331.0,11.698078344419807,0.9864602206789108,Warning
172912,3423.0,28213.13672,SSD,South Sudan,West Equatoria,3.466424054,0.0,-9999.0,1.0,3423.0,,,,,,,,,,,,,,,,,,,,,,,,,7.473043445503618,69.32848108,0.0,,49.875,0.177,14.562,0.052,0.0,0.0,0.0,0.0,0.14562,0.052,0.0,0.0,0.0,0.0,0.19762,0.0,0.0,157.640625,0.5587490201438909,0.0,0.0,5.517421875,1.9556215705036184,7.473043445503618,876302,,,0.0789702455942936,Information
172913,3424.0,9582.018282,SSD,South Sudan,Lakes,4.104085212,0.0,-9999.0,1.0,3424.0,,,,,,,,,,,,,,,,,,,,,,,,,70.0,82.08170424000001,0.0,3.0,56.625,0.591,24.188,0.252,0.062,0.001,4.875,0.051,0.2418799999999999,0.252,0.0009299999999999,0.0015,0.121875,0.1275,0.7456849999999999,0.0,0.0,1045.40625,10.910084068771738,0.0,0.0,35.0,35.0,70.0,204722,1726.0,0.843094537958793,0.913507195412248,Warning
117000,294.0,8803.043237,MWI,Malawi,Zomba,3.709667245,0.0,0.45,0.76,294.0,,,,,,,,,,,,,,,,,,,,,,,,,61.28016766669696,74.1933449,0.0,3.0,23.438,0.266,20.25,0.23,62.188,0.706,40.438,0.459,0.2025,0.23,0.93282,1.059,1.01095,1.1475,4.58277,0.0,0.0,819.703125,9.311588083341988,0.0,0.0,28.689609375,32.59055829169696,61.28016766669696,1863769,16791.0,0.9009163689276943,0.8064322615769983,Warning
122214,440.0,4838.23956,MWI,Malawi,Mulanje,3.137195997,0.0,0.45,0.76,440.0,440.0,0.0,1.0,-9999.0,-9999.0,-9999.0,0.0,10.0,-999.9,-999.9,-999.9,-5980.066666666666,0.0,0.0,0.0,0.0,0.0,0.0,0.0,0.0,0.0,0.0,0.0,-5980.066666666666,0.2717052906653351,62.74391994,0.0,,3.5,0.072,3.5,0.072,0.0,0.0,0.0,0.0,0.035,0.072,0.0,0.0,0.0,0.0,0.107,0.0,0.0,2.53125,0.0523175830472386,0.0,0.0,0.08859375,0.1831115406653351,0.2717052906653351,1848363,,,4.308403903618017e-07,Information
122215,441.0,3217.284526,MWI,Malawi,Chikwawa,3.575412947,0.0,0.45,0.76,441.0,441.0,1.0,15.0,100.0,-9999.0,-9999.0,3.0,1.0,10.0,-999.9,-999.9,-3971.6,0.0,0.0,0.0,0.0,0.0,0.0,0.0,0.0,0.0,0.0,0.0,-3971.6,10.979515554381711,71.50825893999999,0.0,,,,,,,,,,,,,,,,,0.0,0.0,76.359375,2.3734106941090607,0.0,0.0,2.672578125,8.306937429381712,10.979515554381711,530116,,,0.1701473964443956,Information
122217,443.0,17230.77471,MWI,Malawi,Mangochi,1.765676835,0.0,0.45,0.76,443.0,443.0,2.0,15.0,100.0,100.0,-9999.0,7.0,1.0,10.0,10.0,-999.9,-2957.7,0.0,0.0,0.0,0.0,0.0,0.0,0.0,0.0,0.0,0.0,0.0,-2957.7,11.21633658043958,35.3135367,0.0,,12.0,0.07,9.688,0.056,7.438,0.043,5.125,0.03,0.09688,0.056,0.11157,0.0645,0.128125,0.075,0.532075,0.0,0.0,202.78125,1.1768550944113083,0.0,0.0,7.09734375,4.118992830439579,11.21633658043958,3372273,,,0.0398713776347719,Information
122218,444.0,6172.017836,MWI,Malawi,Dedza,4.011703589,0.0,0.45,0.76,444.0,,,,,,,,,,,,,,,,,,,,,,,,,6.7190108487225,80.23407178,0.0,,7.0,0.113,4.75,0.077,2.188,0.035,0.562,0.009,0.0475,0.077,0.03282,0.0525,0.01405,0.0225,0.24637,0.0,0.0,73.265625,1.1870611353492857,0.0,0.0,2.564296875,4.1547139737225,6.7190108487225,862432,,,0.140289693547032,Information
122240,448.0,11705.50996,MWI,Malawi,Dowa,3.713979542,0.0,0.45,0.76,448.0,448.0,0.0,1.0,-9999.0,-9999.0,-9999.0,0.0,10.0,-999.9,-999.9,-999.9,-5979.4,0.0,0.0,0.0,0.0,0.0,0.0,0.0,0.0,0.0,0.0,0.0,-5979.4,1.5332731003312323,74.27959084,0.0,,,,,,,,,,,,,,,,,0.0,0.0,23.625,0.2018280286660664,0.0,0.0,0.826875,0.7063981003312324,1.5332731003312323,2204458,,,0.0024020800032752,Information
122270,451.0,21342.27175,MWI,Malawi,Nkhata Bay,4.093223026,0.0,0.45,0.76,451.0,451.0,0.0,1.0,-9999.0,-9999.0,-9999.0,0.0,10.0,-999.9,-999.9,-999.9,-5979.4,0.0,0.0,0.0,0.0,0.0,0.0,0.0,0.0,0.0,0.0,0.0,-5979.4,8.651961068163235,81.86446052000001,0.0,,,,,,,,,,,,,,,,,0.0,0.0,168.328125,0.7887076266180673,0.0,0.0,5.891484375,2.7604766931632354,8.651961068163235,674924,,,0.2296234478327751,Information
122283,454.0,7509.499431,MWI,Malawi,Karonga,4.485527866,0.0,0.45,0.76,454.0,454.0,0.0,1.0,-9999.0,-9999.0,-9999.0,0.0,10.0,-999.9,-999.9,-999.9,-5979.4,0.0,0.0,0.0,0.0,0.0,0.0,0.0,0.0,0.0,0.0,0.0,-5979.4,6.78235944589127,89.71055731999999,0.0,,6.688,0.089,5.375,0.072,1.0,0.013,0.188,0.002,0.05375,0.072,0.015,0.0195,0.0046999999999999,0.005,0.16995,0.0,0.0,83.109375,1.106723234540363,0.0,0.0,2.908828125,3.873531320891271,6.78235944589127,221753,,,0.3384147853823495,Information
122290,461.0,12305.02279,MWI,Malawi,Mzimba,3.384423864,0.0,0.45,0.76,461.0,461.0,0.0,1.0,-9999.0,-9999.0,-9999.0,0.0,10.0,-999.9,-999.9,-999.9,-5979.4,0.0,0.0,0.0,0.0,0.0,0.0,0.0,0.0,0.0,0.0,0.0,-5979.4,0.945707196815642,67.68847728,0.0,,,,,,,,,,,,,,,,,0.0,0.0,14.90625,0.1211395562330406,0.0,0.0,0.52171875,0.4239884468156421,0.945707196815642,1254396,,,0.0002068033013703,Information
172983,3477.0,16941.79946,MWI,Malawi,Mwanza,4.0748644,0.0,0.45,0.76,3477.0,,,,,,,,,,,,,,,,,,,,,,,,,16.875101696529438,81.497288,0.0,,15.438,0.091,10.875,0.064,0.375,0.002,0.375,0.002,0.10875,0.064,0.005625,0.003,0.009375,0.005,0.19575,0.0,0.0,303.1875,1.7895826275798392,0.0,0.0,10.6115625,6.263539196529437,16.875101696529438,979198,,,0.4633180128721492,Advisory
172984,3478.0,11407.9223,MWI,Malawi,Mwanza,4.150685141,0.0,0.45,0.76,3478.0,,,,,,,,,,,,,,,,,,,,,,,,,20.73551806668928,83.01370282,0.0,,9.062,0.079,6.688,0.059,0.625,0.005,1.562,0.014,0.06688,0.059,0.009375,0.0075,0.03905,0.035,0.216805,0.0,0.0,315.703125,2.7674024833397928,0.0,0.0,11.049609375,9.685908691689274,20.73551806668928,1410458,,,0.5790411464956136,Advisory
172986,3480.0,18933.68711,MWI,Malawi,Mwanza,4.007645296,0.0,0.45,0.76,3480.0,,,,,,,,,,,,,,,,,,,,,,,,,14.395975472026755,80.15290592,0.0,,13.375,0.071,8.25,0.044,0.25,0.001,0.438,0.002,0.0825,0.044,0.00375,0.0015,0.01095,0.005,0.1477,0.0,0.0,269.15625,1.4215733491505016,0.0,0.0,9.42046875,4.975506722026756,14.395975472026755,3485596,,,0.3740639268942876,Advisory
117621,385.0,17622.2644,MOZ,Mozambique,Nassa,3.044991631,0.0,0.41,0.82,385.0,385.0,0.0,1.0,-9999.0,-9999.0,-9999.0,0.0,10.0,-999.9,-999.9,-999.9,-5979.4,0.0,0.0,0.0,0.0,0.0,0.0,0.0,0.0,0.0,0.0,0.0,-5979.4,3.062800092714896,60.89983262,0.0,,,,,,,,,,,,,,,,,0.0,0.0,55.828125,0.3168044907756845,0.0,0.0,1.953984375,1.1088157177148958,3.062800092714896,25178,,,0.0054358298472229,Information
117629,393.0,14557.75486,MOZ,Mozambique,Nassa,1.133715216,0.0,0.41,0.82,393.0,393.0,0.0,1.0,-9999.0,-9999.0,-9999.0,0.0,10.0,-999.9,-999.9,-999.9,-5980.4,0.0,0.0,0.0,0.0,0.0,0.0,0.0,0.0,0.0,0.0,0.0,-5980.4,2.9142845517263005,22.67430432,0.0,,,,,,,,,,,,,,,,,0.0,0.0,49.359375,0.3390589790646573,0.0,0.0,1.727578125,1.1867064267263006,2.9142845517263005,910390,,,0.0005219831018553,Information
117704,404.0,24759.87571,MOZ,Mozambique,Cabo Delgado,3.398059151,0.0,0.41,0.82,404.0,404.0,0.0,1.0,-9999.0,-9999.0,-9999.0,0.0,10.0,-999.9,-999.9,-999.9,-5979.4,0.0,0.0,0.0,0.0,0.0,0.0,0.0,0.0,0.0,0.0,0.0,-5979.4,1.3888533535539904,67.96118301999999,0.0,,,,,,,,,,,,,,,,,0.0,0.0,28.265625,0.1141589938725687,0.0,0.0,0.989296875,0.3995564785539904,1.3888533535539904,302968,,,0.0008491624135746,Information
117706,406.0,10326.80345,MOZ,Mozambique,Cabo Delgado,2.950171819,0.249521014,0.41,0.82,406.0,406.0,0.0,1.0,-9999.0,-9999.0,-9999.0,0.0,10.0,-999.9,-999.9,-999.9,-5979.4,0.0,0.0,0.0,0.0,0.0,0.0,0.0,0.0,0.0,0.0,0.0,-5979.4,1.550078666006144,59.00343638,4.99042028,,,,,,,,,,,,,,,,,0.0,0.0,22.5,0.2178796188588983,0.0,0.0,0.7875,0.7625786660061441,1.550078666006144,318446,,,0.0005279685471519,Information
117708,408.0,5515.048067,MOZ,Mozambique,Cabo Delgado,3.224830122,0.0,0.41,0.82,408.0,408.0,0.0,1.0,-9999.0,-9999.0,-9999.0,0.0,10.0,-999.9,-999.9,-999.9,-5979.4,0.0,0.0,0.0,0.0,0.0,0.0,0.0,0.0,0.0,0.0,0.0,-5979.4,0.3184653885641242,64.49660244,0.0,,,,,,,,,,,,,,,,,0.0,0.0,3.234375,0.0586463610183212,0.0,0.0,0.113203125,0.2052622635641242,0.3184653885641242,258098,,,1.2152795440137824e-06,Information
117801,410.0,16195.32702,MOZ,Mozambique,Cabo Delgado,2.744250123,0.0,0.41,0.82,410.0,410.0,0.0,1.0,-9999.0,-9999.0,-9999.0,0.0,10.0,-999.9,-999.9,-999.9,-5979.4,0.0,0.0,0.0,0.0,0.0,0.0,0.0,0.0,0.0,0.0,0.0,-5979.4,2.873901535521015,54.88500246,0.0,,,,,,,,,,,,,,,,,0.0,0.0,50.765625,0.3134584744345757,0.0,0.0,1.776796875,1.0971046605210149,2.873901535521015,786891,,,0.002947690412991,Information
117805,414.0,7618.849123,MOZ,Mozambique,Nassa,2.643422425,0.0,0.41,0.82,414.0,,,,,,,,,,,,,,,,,,,,,,,,,0.7512122798976186,52.8684485,0.0,,0.0,0.0,0.0,0.0,1.5,0.02,1.188,0.016,0.0,0.0,0.0225,0.03,0.0296999999999999,0.04,0.1222,0.0,0.0,9.28125,0.1218195799707482,0.0,0.0,0.32484375,0.4263685298976187,0.7512122798976186,120251,,,1.7440412918779107e-05,Information
117808,417.0,3330.087476,MOZ,Mozambique,Zambezia,3.388252623,0.0,0.41,0.82,417.0,417.0,0.0,1.0,-9999.0,-9999.0,-9999.0,0.0,10.0,-999.9,-999.9,-999.9,-5979.4,0.0,0.0,0.0,0.0,0.0,0.0,0.0,0.0,0.0,0.0,0.0,-5979.4,-5979.4,67.76505246,0.0,,,,,,,,,,,,,,,,,,,,,,,,,,239514,,,,
117917,425.0,734.0871448,MOZ,Mozambique,Nampula,1.434711485,0.0,0.41,0.82,425.0,,,,,,,,,,,,,,,,,,,,,,,,,21.59082972787453,28.6942297,0.0,,9.438,1.286,4.5,0.613,0.188,0.026,0.188,0.026,0.045,0.613,0.00282,0.039,0.0046999999999999,0.065,0.7695200000000002,0.0,0.0,42.1875,5.746933493678439,0.0,0.0,1.4765625,20.11426722787453,21.59082972787453,90539,,,0.1161004546921413,Information
117919,427.0,2773.586221,MOZ,Mozambique,Nampula,4.135607802,4.027141557,0.41,0.82,427.0,,,,,,,,,,,,,,,,,,,,,,,,,38.76125793413552,82.71215604,80.54283114,3.0,30.688,1.106,23.5,0.847,0.375,0.014,0.188,0.007,0.235,0.847,0.005625,0.021,0.0046999999999999,0.0175,1.1308249999999995,0.0,0.0,240.46875,8.669957624038718,0.0,0.0,8.41640625,30.34485168413552,38.76125793413552,324129,17397.0,5.3673074609183375,0.7902870485627802,Watch
117920,428.0,10270.25176,MOZ,Mozambique,Nampula,3.168651535,0.0,0.41,0.82,428.0,428.0,0.0,2.0,-9999.0,-9999.0,-9999.0,0.0,9.0,-999.9,-999.9,-999.9,-5980.066666666666,0.0,0.0,0.0,0.0,0.0,0.0,0.0,0.0,0.0,0.0,0.0,-5980.066666666666,0.854852733569555,63.3730307,0.0,,,,,,,,,,,,,,,,,0.0,0.0,12.375,0.12049363816273,0.0,0.0,0.433125,0.421727733569555,0.854852733569555,1355177,,,8.577167354760035e-05,Information
117940,430.0,14885.1406,MOZ,Mozambique,Zambezia,3.15990128,0.0,0.41,0.82,430.0,430.0,0.0,1.0,-9999.0,-9999.0,-9999.0,0.0,10.0,-999.9,-999.9,-999.9,-5979.4,0.0,0.0,0.0,0.0,0.0,0.0,0.0,0.0,0.0,0.0,0.0,-5979.4,0.4525644404957196,63.1980256,0.0,,,,,,,,,,,,,,,,,0.0,0.0,7.734375,0.0519603758559199,0.0,0.0,0.270703125,0.1818613154957196,0.4525644404957196,663487,,,5.453180157281234e-06,Information
117960,431.0,23127.91139,MOZ,Mozambique,Zambezia,3.38465617,0.0,0.41,0.82,431.0,431.0,0.0,2.0,-9999.0,-9999.0,-9999.0,0.0,9.0,-999.9,-999.9,-999.9,-5986.4,0.0,0.0,0.0,0.0,0.0,0.0,0.0,0.0,0.0,0.0,0.0,-5986.4,3.200693395753638,67.6931234,0.0,,,,,,,,,,,,,,,,,0.0,0.0,63.84375,0.2760463273581824,0.0,0.0,2.23453125,0.9661621457536383,3.200693395753638,1564481,,,0.0103912492057236,Information
117990,434.0,410.3867832,MOZ,Mozambique,Zambezia,3.716479642,4.014518937,0.41,0.82,434.0,,,,,,,,,,,,,,,,,,,,,,,,,40.182734375,74.32959284,80.29037874,3.0,0.0,0.0,0.0,0.0,2.188,0.533,0.438,0.107,0.0,0.0,0.03282,0.7995000000000001,0.01095,0.2675,1.11077,0.0,0.0,148.078125,36.08257649767423,0.0,0.0,5.182734375,35.0,40.182734375,62494,7173.0,11.477901878580344,0.7618699307594645,Watch
122100,436.0,11199.23281,MOZ,Mozambique,Sofala,4.054787985,3.025267411,0.41,0.82,436.0,436.0,0.0,1.0,-9999.0,-9999.0,-9999.0,0.0,10.0,-999.9,-999.9,-999.9,-5979.4,0.0,0.0,0.0,0.0,0.0,0.0,0.0,0.0,0.0,0.0,0.0,-5979.4,9.950243386022144,81.0957597,60.50534822,,,,,,,,,,,,,,,,,0.0,0.0,150.1875,1.3410516817206126,0.0,0.0,5.2565625,4.693680886022144,9.950243386022144,413492,,,0.2605050186007483,Information
122211,437.0,5268.3518,MOZ,Mozambique,Zambezia,4.034758633,0.0,0.41,0.82,437.0,437.0,0.0,15.0,-9999.0,-9999.0,-9999.0,0.0,1.0,-999.9,-999.9,-999.9,-5997.4,0.0,0.0,0.0,0.0,0.0,0.0,0.0,0.0,0.0,0.0,0.0,-5997.4,24.548719320975003,80.69517266,0.0,,0.0,0.0,0.0,0.0,11.062,0.21,1.375,0.026,0.0,0.0,0.16593,0.315,0.034375,0.065,0.5803050000000001,0.0,0.0,242.015625,4.593763555992858,0.0,0.0,8.470546875,16.078172445975003,24.548719320975003,423366,,,0.5949528969715929,Advisory
122310,462.0,26225.36738,MOZ,Mozambique,Manica,4.016725911,0.0,0.41,0.82,462.0,462.0,0.0,1.0,-9999.0,-9999.0,-9999.0,0.0,10.0,-999.9,-999.9,-999.9,-5979.4,0.0,0.0,0.0,0.0,0.0,0.0,0.0,0.0,0.0,0.0,0.0,-5979.4,13.6380640675385,80.33451822,0.0,,4.875,0.019,4.688,0.018,15.25,0.058,1.938,0.007,0.04688,0.018,0.22875,0.087,0.04845,0.0175,0.44658,0.0,0.0,282.09375,1.0756522335824292,0.0,0.0,9.87328125,3.764782817538502,13.6380640675385,719349,,,0.3571824657265496,Advisory
122323,465.0,836.3381767,MOZ,Mozambique,Tete,4.092196447,0.0,0.41,0.82,465.0,465.0,0.0,1.0,-9999.0,-9999.0,-9999.0,0.0,10.0,-999.9,-999.9,-999.9,-5979.4,0.0,0.0,0.0,0.0,0.0,0.0,0.0,0.0,0.0,0.0,0.0,-5979.4,0.47788,81.84392894,0.0,,10.75,1.285,3.688,0.441,0.0,0.0,0.0,0.0,0.03688,0.441,0.0,0.0,0.0,0.0,0.47788,,,,,,,,,,27637,,,0.0001377016984705,Information
122325,467.0,464.4075746,MOZ,Mozambique,Tete,4.052888524,0.0,0.41,0.82,467.0,,,,,,,,,,,,,,,,,,,,,,,,,0.648245,81.05777048,0.0,,2.312,0.498,2.312,0.498,0.375,0.081,0.0,0.0,0.0231199999999999,0.498,0.005625,0.1215,0.0,0.0,0.648245,,,,,,,,,,13155,,,0.0003692389335921,Information
122327,469.0,614.4929871,MOZ,Mozambique,Tete,4.014739701,0.0,0.41,0.82,469.0,,,,,,,,,,,,,,,,,,,,,,,,,0.1295,80.29479402,0.0,,0.938,0.153,0.75,0.122,0.0,0.0,0.0,0.0,0.0075,0.122,0.0,0.0,0.0,0.0,0.1295,,,,,,,,,,4203,,,2.517723305287919e-07,Information
122330,472.0,1179.13022,MOZ,Mozambique,Tete,3.777160266,0.0,0.41,0.82,472.0,,,,,,,,,,,,,,,,,,,,,,,,,12.17915989488011,75.54320532,0.0,,3.938,0.334,1.188,0.101,0.062,0.005,0.0,0.0,0.01188,0.101,0.0009299999999999,0.0075,0.0,0.0,0.12131,0.0,0.0,36.703125,3.1127287199657454,0.0,0.0,1.284609375,10.89455051988011,12.17915989488011,36294,,,0.2428445159834975,Information
122340,473.0,16421.00401,MOZ,Mozambique,Tete,2.149450101,0.0,0.41,0.82,473.0,473.0,0.0,1.0,-9999.0,-9999.0,-9999.0,0.0,10.0,-999.9,-999.9,-999.9,-5979.4,0.0,0.0,0.0,0.0,0.0,0.0,0.0,0.0,0.0,0.0,0.0,-5979.4,0.9661399047394544,42.98900202,0.0,,28.75,0.175,10.5,0.064,1.312,0.008,0.0,0.0,0.105,0.064,0.01968,0.012,0.0,0.0,0.20068,0.0,0.0,17.15625,0.1044774727827013,0.0,0.0,0.60046875,0.3656711547394545,0.9661399047394544,1422604,,,2.274259774764668e-05,Information
122350,474.0,9410.528257,MOZ,Mozambique,Tete,4.04332831,0.0,0.41,0.82,474.0,474.0,0.0,1.0,-9999.0,-9999.0,-9999.0,0.0,10.0,-999.9,-999.9,-999.9,-5979.4,0.0,0.0,0.0,0.0,0.0,0.0,0.0,0.0,0.0,0.0,0.0,-5979.4,4.883138113654596,80.8665662,0.0,,64.125,0.681,25.5,0.271,1.375,0.015,0.062,0.001,0.255,0.271,0.020625,0.0225,0.00155,0.0025,0.573175,0.0,0.0,67.640625,0.7187760681870273,0.0,0.0,2.367421875,2.5157162386545955,4.883138113654596,517844,,,0.0860245486616469,Information
122360,475.0,29296.00828,MOZ,Mozambique,Tete,2.563295414,0.0,0.41,0.82,475.0,475.0,0.0,1.0,-9999.0,-9999.0,-9999.0,0.0,10.0,-999.9,-999.9,-999.9,-5979.4,0.0,0.0,0.0,0.0,0.0,0.0,0.0,0.0,0.0,0.0,0.0,-5979.4,3.2785,51.265908280000005,0.0,,318.125,1.086,162.875,0.556,48.375,0.165,3.625,0.012,1.62875,0.556,0.725625,0.2475,0.090625,0.03,3.2785,,,,,,,,,,956973,,,0.003477483844694,Information
122371,476.0,5408.818164,MOZ,Mozambique,Tete,2.32786801,0.0,0.41,0.82,476.0,,,,,,,,,,,,,,,,,,,,,,,,,8.553175112487509,46.5573602,0.0,,64.875,1.199,51.375,0.95,13.688,0.253,1.812,0.034,0.51375,0.95,0.20532,0.3795,0.0453,0.085,2.1788700000000003,0.0,0.0,85.78125,1.585951817853574,0.0,0.0,3.00234375,5.550831362487509,8.553175112487509,82491,,,0.0334528955441244,Information
122372,477.0,2270.952363,MOZ,Mozambique,Tete,3.85346293,0.0,0.41,0.82,477.0,,,,,,,,,,,,,,,,,,,,,,,,,0.47167,77.0692586,0.0,,9.125,0.402,3.812,0.168,2.75,0.121,0.312,0.014,0.03812,0.168,0.04125,0.1815,0.0078,0.035,0.47167,,,,,,,,,,8714,,,5.138565433779903e-05,Information
122373,478.0,4797.255745,MOZ,Mozambique,Tete,0.555035565,0.0,0.41,0.82,478.0,,,,,,,,,,,,,,,,,,,,,,,,,3.3855072730591456,11.1007113,0.0,,39.188,0.817,23.0,0.479,5.688,0.119,1.5,0.031,0.23,0.479,0.08532,0.1785,0.0375,0.0775,1.0878199999999998,0.0,0.0,31.359375,0.653694042302613,0.0,0.0,1.097578125,2.287929148059145,3.3855072730591456,42998,,,0.000541551087429,Information
122374,479.0,5231.771343,MOZ,Mozambique,Tete,1.465022494,0.0,0.41,0.82,479.0,,,,,,,,,,,,,,,,,,,,,,,,,1.7210550000000002,29.30044988,0.0,,71.375,1.364,39.438,0.754,11.375,0.217,1.062,0.02,0.39438,0.754,0.170625,0.3255,0.02655,0.05,1.7210550000000002,0.0,0.0,3.234375,0.0618217958736826,0.0,0.0,0.113203125,0.2163762855578891,0.3295794105578891,106221,,,0.0001014004369434,Information
122375,480.0,2163.356727,MOZ,Mozambique,Tete,4.098423737,0.0,0.41,0.82,480.0,,,,,,,,,,,,,,,,,,,,,,,,,3.459122150097368,81.96847474,0.0,,12.062,0.558,7.812,0.361,0.062,0.003,0.0,0.0,0.07812,0.361,0.0009299999999999,0.0045,0.0,0.0,0.44455,0.0,0.0,17.578125,0.8125393643135338,0.0,0.0,0.615234375,2.843887775097368,3.459122150097368,11234,,,0.0493583859281733,Information
122377,482.0,2706.192848,MOZ,Mozambique,Tete,3.53252288,0.0,0.41,0.82,482.0,,,,,,,,,,,,,,,,,,,,,,,,,1.294122259910981,70.65045760000001,0.0,,4.312,0.159,2.438,0.09,0.0,0.0,0.0,0.0,0.02438,0.09,0.0,0.0,0.0,0.0,0.11438,0.0,0.0,7.875,0.2909992171174231,0.0,0.0,0.275625,1.018497259910981,1.294122259910981,5785,,,0.0008998315020295,Information
122378,483.0,2178.732039,MOZ,Mozambique,Tete,1.174802065,0.0,0.41,0.82,483.0,,,,,,,,,,,,,,,,,,,,,,,,,0.286755,23.4960413,0.0,,7.875,0.361,4.188,0.192,0.625,0.029,0.0,0.0,0.04188,0.192,0.009375,0.0435,0.0,0.0,0.286755,,,,,,,,,,22105,,,1.1586606288065896e-08,Information
122379,484.0,141.9971053,MOZ,Mozambique,Tete,4.013672219,0.0,0.41,0.82,484.0,,,,,,,,,,,,,,,,,,,,,,,,,0.223125,80.27344438,0.0,,0.938,0.66,0.125,0.088,0.125,0.088,0.0,0.0,0.00125,0.088,0.001875,0.132,0.0,0.0,0.223125,,,,,,,,,,673,,,3.697530318750707e-06,Information
122390,486.0,768.2873482,MOZ,Mozambique,Tete,3.613330179,0.0,0.41,0.82,486.0,486.0,0.0,1.0,-9999.0,-9999.0,-9999.0,0.0,10.0,-999.9,-999.9,-999.9,-5979.4,0.0,0.0,0.0,0.0,0.0,0.0,0.0,0.0,0.0,0.0,0.0,-5979.4,6.139648965043205,72.26660358000001,0.0,,1.0,0.13,1.0,0.13,0.188,0.024,0.0,0.0,0.01,0.13,0.00282,0.036,0.0,0.0,0.17882,0.0,0.0,12.515625,1.6290291685837726,0.0,0.0,0.438046875,5.701602090043204,6.139648965043205,11794,,,0.0657939311058633,Information
123010,629.0,17660.05532,MOZ,Mozambique,Sofala,4.038079633,3.721711474,0.41,0.82,629.0,,,,,,,,,,,,,,,,,,,,,,,,,19.20283242444236,80.76159265999999,74.43422948,,0.0,0.0,0.0,0.0,4.75,0.027,1.25,0.007,0.0,0.0,0.07125,0.0405,0.03125,0.0175,0.1604999999999999,0.0,0.0,350.296875,1.9835547998406733,0.0,0.0,12.260390625,6.942441799442357,19.20283242444236,721694,,,0.4992616089401366,Advisory
123021,630.0,323.2925771,MOZ,Mozambique,Sofala,3.338899906,0.38048685,0.41,0.82,630.0,,,,,,,,,,,,,,,,,,,,,,,,,25.46056853410324,66.77799812,7.609737,,0.0,0.0,0.0,0.0,1.438,0.445,0.188,0.058,0.0,0.0,0.02157,0.6675,0.0046999999999999,0.145,0.83877,0.0,0.0,22.78125,7.0466356526009255,0.0,0.0,0.79734375,24.66322478410324,25.46056853410324,39730,,,0.3950882442099362,Advisory
123023,632.0,1194.386714,MOZ,Mozambique,Sofala,4.257398553,0.0,0.41,0.82,632.0,632.0,0.0,1.0,-9999.0,-9999.0,-9999.0,0.0,10.0,-999.9,-999.9,-999.9,-5979.4,0.0,0.0,0.0,0.0,0.0,0.0,0.0,0.0,0.0,0.0,0.0,-5979.4,18.77501664875013,85.14797106,0.0,,0.0,0.0,0.0,0.0,2.438,0.204,0.688,0.058,0.0,0.0,0.03657,0.306,0.0171999999999999,0.145,0.5047699999999999,0.0,0.0,57.234375,4.791946721071467,0.0,0.0,2.003203125,16.771813523750133,18.77501664875013,59644,,,0.5926591220510277,Advisory
123024,633.0,9190.312235,MOZ,Mozambique,Sofala,4.063591367,0.0,0.41,0.82,633.0,,,,,,,,,,,,,,,,,,,,,,,,,14.213614564780611,81.27182734,0.0,,2.062,0.022,2.062,0.022,12.688,0.138,6.312,0.069,0.02062,0.022,0.19032,0.207,0.1578,0.1725,0.77024,0.0,0.0,194.484375,2.1161889827944607,0.0,0.0,6.806953125,7.406661439780611,14.213614564780611,139643,,,0.3913398302754224,Advisory
123025,634.0,1014.320657,MOZ,Mozambique,Sofala,4.21643493,0.0,0.41,0.82,634.0,634.0,0.0,1.0,-9999.0,-9999.0,-9999.0,0.0,10.0,-999.9,-999.9,-999.9,-5979.4,0.0,0.0,0.0,0.0,0.0,0.0,0.0,0.0,0.0,0.0,0.0,-5979.4,9.673677404026028,84.3286986,0.0,,,,,,,,,,,,,,,,,0.0,0.0,25.453125,2.5093765797217227,0.0,0.0,0.890859375,8.782818029026028,9.673677404026028,67564,,,0.3147528933041128,Information
123026,635.0,3509.066673,MOZ,Mozambique,Manica,4.004407232,0.0,0.41,0.82,635.0,635.0,0.0,1.0,-9999.0,-9999.0,-9999.0,0.0,10.0,-999.9,-999.9,-999.9,-5979.4,0.0,0.0,0.0,0.0,0.0,0.0,0.0,0.0,0.0,0.0,0.0,-5979.4,0.199375,80.08814464,0.0,,3.938,0.112,3.875,0.11,0.875,0.025,0.0,0.0,0.03875,0.11,0.013125,0.0375,0.0,0.0,0.199375,,,,,,,,,,99552,,,2.0734263973909017e-06,Information
123028,637.0,3280.232902,MOZ,Mozambique,Manica,2.841831217,0.0,0.41,0.82,637.0,637.0,0.0,1.0,-9999.0,-9999.0,-9999.0,0.0,10.0,-999.9,-999.9,-999.9,-5979.4,0.0,0.0,0.0,0.0,0.0,0.0,0.0,0.0,0.0,0.0,0.0,-5979.4,0.5778692549161035,56.83662434,0.0,,,,,,,,,,,,,,,,,0.0,0.0,4.078125,0.124324251404601,0.0,0.0,0.142734375,0.4351348799161035,0.5778692549161035,176786,,,8.0381440580609e-06,Information
123029,638.0,2889.684129,MOZ,Mozambique,Manica,3.345455461,0.0,0.41,0.82,638.0,638.0,0.0,1.0,-9999.0,-9999.0,-9999.0,0.0,10.0,-999.9,-999.9,-999.9,-5979.4,0.0,0.0,0.0,0.0,0.0,0.0,0.0,0.0,0.0,0.0,0.0,-5979.4,-5979.4,66.90910921999999,0.0,,,,,,,,,,,,,,,,,,,,,,,,,,254052,,,,
123040,640.0,28637.07458,MOZ,Mozambique,Manica,4.026348219,0.082252355,0.41,0.82,640.0,640.0,0.0,1.0,-9999.0,-9999.0,-9999.0,0.0,10.0,-999.9,-999.9,-999.9,-5980.066666666667,0.0,0.0,0.0,0.0,0.0,0.0,0.0,0.0,0.0,0.0,0.0,-5980.066666666667,6.633941747740991,80.52696438,1.6450471,,26.062,0.091,24.375,0.085,3.438,0.012,0.062,0.0,0.24375,0.085,0.05157,0.018,0.00155,0.0,0.39987,0.0,0.0,140.484375,0.4905681779259974,0.0,0.0,4.916953125,1.716988622740991,6.633941747740991,1605274,,,0.140777761488215,Information
123050,641.0,16832.26392,MOZ,Mozambique,Sofala,4.06880916,3.143501391,0.41,0.82,641.0,,,,,,,,,,,,,,,,,,,,,,,,,17.041396673548167,81.3761832,62.87002782,,6.0,0.036,5.812,0.035,5.688,0.034,1.625,0.01,0.05812,0.035,0.08532,0.051,0.040625,0.025,0.2950650000000001,0.0,0.0,305.4375,1.81459547815662,0.0,0.0,10.6903125,6.351084173548169,17.041396673548167,287564,,,0.464622116774035,Advisory
123061,642.0,17800.15603,MOZ,Mozambique,Inhambane,3.188145941,2.46407574,0.41,0.82,642.0,642.0,0.0,1.0,-9999.0,-9999.0,-9999.0,0.0,10.0,-999.9,-999.9,-999.9,-5979.4,0.0,0.0,0.0,0.0,0.0,0.0,0.0,0.0,0.0,0.0,0.0,-5979.4,2.052415403324769,63.76291882,49.2815148,,201.188,1.13,56.312,0.316,20.312,0.114,5.938,0.033,0.56312,0.316,0.30468,0.171,0.14845,0.0825,1.58575,0.0,0.0,37.546875,0.210935650949934,0.0,0.0,1.314140625,0.738274778324769,2.052415403324769,159251,,,0.002045453152236,Information
123070,651.0,24566.93662,MOZ,Mozambique,Inhambane,4.01404818,1.877021033,0.41,0.82,651.0,651.0,0.0,2.0,-9999.0,-9999.0,-9999.0,0.0,9.0,-999.9,-999.9,-999.9,-5981.4,0.0,0.0,0.0,0.0,0.0,0.0,0.0,0.0,0.0,0.0,0.0,-5981.4,27.237322569041908,80.28096359999999,37.54042066,3.0,350.938,1.428,128.75,0.524,56.5,0.23,2.062,0.008,1.2875,0.524,0.8475,0.345,0.0515499999999999,0.02,3.0755500000000007,0.0,0.0,553.078125,2.251310912583402,0.0,0.0,19.357734375,7.879588194041906,27.237322569041908,1034374,13802.0,1.334333616274191,0.6266537808424019,Watch
123080,652.0,19948.49702,MOZ,Mozambique,Inhambane,2.46747603,0.0,0.41,0.82,652.0,652.0,0.0,6.0,-9999.0,-9999.0,-9999.0,0.0,5.0,-999.9,-999.9,-999.9,-5989.4,0.0,0.0,0.0,0.0,0.0,0.0,0.0,0.0,0.0,0.0,0.0,-5989.4,13.012321576360366,49.3495206,0.0,,239.562,1.201,114.938,0.576,38.5,0.193,5.375,0.027,1.14938,0.576,0.5775,0.2895,0.134375,0.0675,2.794255,0.0,0.0,247.640625,1.24139991467439,0.0,0.0,8.667421875,4.344899701360365,13.012321576360366,384018,,,0.0870650599647773,Information
123090,653.0,3165.861096,MOZ,Mozambique,Gaza,1.283410395,0.008387992,0.41,0.82,653.0,,,,,,,,,,,,,,,,,,,,,,,,,34.530516561023255,25.6682079,0.16775984,,91.75,2.898,73.0,2.306,41.25,1.303,10.0,0.316,0.73,2.306,0.61875,1.9545,0.25,0.79,6.649249999999999,0.0,0.0,237.234375,7.493518124578073,0.0,0.0,8.303203125,26.22731343602325,34.530516561023255,303896,,,0.2216313560738227,Information
124100,654.0,2672.63743,MOZ,Mozambique,Gaza,4.092369202,0.0,0.41,0.82,654.0,654.0,0.0,2.0,-9999.0,-9999.0,-9999.0,0.0,9.0,-999.9,-999.9,-999.9,-5982.4,0.0,0.0,0.0,0.0,0.0,0.0,0.0,0.0,0.0,0.0,0.0,-5982.4,44.858515625,81.84738404000001,0.0,3.0,148.125,5.542,70.312,2.631,128.438,4.806,18.688,0.699,0.70312,2.631,1.92657,7.209,0.4672,1.7474999999999998,14.68439,0.0,0.0,281.671875,10.539097891976994,0.0,0.0,9.858515625,35.0,44.858515625,474157,10034.0,2.11617670940216,0.8171875006650021,Warning
124200,655.0,5106.696809,MOZ,Mozambique,Inhambane,3.339925715,0.0,0.41,0.82,655.0,,,,,,,,,,,,,,,,,,,,,,,,,3.174070088251136,66.79851430000001,0.0,,175.25,3.432,61.312,1.201,19.312,0.378,1.75,0.034,0.61312,1.201,0.28968,0.567,0.04375,0.085,2.79955,0.0,0.0,30.65625,0.600314668071753,0.0,0.0,1.07296875,2.1011013382511354,3.174070088251136,28195,,,0.0094479094319407,Information
124201,656.0,16449.53785,MOZ,Mozambique,Gaza,4.004367445,0.0,0.41,0.82,656.0,656.0,1.0,1.0,100.0,-9999.0,-9999.0,3.0,10.0,10.0,-999.9,-999.9,-3953.6,0.0,0.0,0.0,0.0,0.0,0.0,0.0,0.0,0.0,0.0,0.0,-3953.6,19.91157452931868,80.0873489,0.0,,415.125,2.524,313.625,1.907,89.75,0.546,44.062,0.268,3.13625,1.907,1.34625,0.8190000000000001,1.10155,0.67,8.98005,0.0,0.0,353.8125,2.1508962940910497,0.0,0.0,12.3834375,7.528137029318674,19.91157452931868,193952,,,0.4999784307387912,Advisory
124202,657.0,7089.647876,MOZ,Mozambique,Gaza,3.124066216,0.0,0.41,0.82,657.0,,,,,,,,,,,,,,,,,,,,,,,,,3.3302499999999995,62.48132432,0.0,,269.875,3.807,109.188,1.54,19.188,0.271,0.062,0.001,1.09188,1.54,0.2878199999999999,0.4065,0.00155,0.0025,3.3302499999999995,0.0,0.0,8.578125,0.1209950783179954,0.0,0.0,0.300234375,0.4234827741129839,0.7237171491129839,14419,,,0.0077221054798987,Information
124203,658.0,8451.734142,MOZ,Mozambique,Inhambane,3.071700742,0.0,0.41,0.82,658.0,,,,,,,,,,,,,,,,,,,,,,,,,8.069783397966138,61.43401484,0.0,,281.188,3.327,205.688,2.434,24.938,0.295,0.0,0.0,2.05688,2.434,0.3740699999999999,0.4425,0.0,0.0,5.30745,0.0,0.0,105.609375,1.2495586494188966,0.0,0.0,3.696328125,4.3734552729661385,8.069783397966138,11146,,,0.0588801349954516,Information
124204,659.0,4938.952746,MOZ,Mozambique,Inhambane,3.208162911,0.0,0.41,0.82,659.0,,,,,,,,,,,,,,,,,,,,,,,,,0.7145902719761708,64.16325822,0.0,,135.562,2.745,16.188,0.328,4.688,0.095,0.062,0.001,0.16188,0.328,0.07032,0.1425,0.00155,0.0025,0.7067500000000001,0.0,0.0,6.75,0.1366686491360488,0.0,0.0,0.23625,0.4783402719761707,0.7145902719761708,9929,,,4.51984282338121e-05,Information
124205,660.0,2705.907044,MOZ,Mozambique,Gaza,4.017241803,0.0,0.41,0.82,660.0,,,,,,,,,,,,,,,,,,,,,,,,,24.844590598746866,80.34483606,0.0,,190.875,7.054,69.312,2.562,26.5,0.979,12.375,0.457,0.69312,2.562,0.3975,1.4685,0.309375,1.1425,6.572995,0.0,0.0,151.171875,5.586735706784818,0.0,0.0,5.291015625,19.553574973746866,24.844590598746866,954,,,0.5926239364611792,Advisory
124206,661.0,7036.975844,MOZ,Mozambique,Gaza,3.450514441,0.0,0.41,0.82,661.0,,,,,,,,,,,,,,,,,,,,,,,,,3.31843,69.01028882,0.0,,363.938,5.172,120.5,1.712,11.062,0.157,0.0,0.0,1.205,1.712,0.16593,0.2355,0.0,0.0,3.31843,,,,,,,,,,10232,,,0.0127361594507981,Information
124207,662.0,3834.171937,MOZ,Mozambique,Gaza,3.344562445,0.0,0.41,0.82,662.0,,,,,,,,,,,,,,,,,,,,,,,,,10.1457,66.89124890000001,0.0,,343.625,8.962,175.625,4.581,59.25,1.545,6.688,0.174,1.75625,4.581,0.88875,2.3175,0.1672,0.4349999999999999,10.1457,0.0,0.0,30.375,0.7922179937574939,0.0,0.0,1.063125,2.7727629781512286,3.835887978151229,1884,,,0.1184545845959751,Information
124208,663.0,5410.62154,MOZ,Mozambique,Gaza,3.935563497,0.0,0.41,0.82,663.0,,,,,,,,,,,,,,,,,,,,,,,,,1.92707,78.71126994,0.0,,104.875,1.938,55.75,1.03,7.938,0.147,0.0,0.0,0.5575,1.03,0.11907,0.2204999999999999,0.0,0.0,1.92707,,,,,,,,,,14362,,,0.0081489076968123,Information
124209,664.0,3664.910626,MOZ,Mozambique,Gaza,0.02141561,0.0,0.41,0.82,664.0,664.0,0.0,1.0,-9999.0,-9999.0,-9999.0,0.0,10.0,-999.9,-999.9,-999.9,-5979.4,0.0,0.0,0.0,0.0,0.0,0.0,0.0,0.0,0.0,0.0,0.0,-5979.4,1.7131999999999998,0.4283122,0.0,,56.688,1.547,41.938,1.144,2.688,0.073,0.0,0.0,0.41938,1.144,0.04032,0.1094999999999999,0.0,0.0,1.7131999999999998,,,,,,,,,,7179,,,2.427342411812485e-05,Information
124300,665.0,2428.355987,MOZ,Mozambique,Gaza,4.253236643,0.0,0.41,0.82,665.0,665.0,0.0,1.0,-9999.0,-9999.0,-9999.0,0.0,10.0,-999.9,-999.9,-999.9,-5979.4,0.0,0.0,0.0,0.0,0.0,0.0,0.0,0.0,0.0,0.0,0.0,-5979.4,17.532391136972013,85.06473286,0.0,,6.625,0.273,4.688,0.193,12.0,0.494,0.0,0.0,0.04688,0.193,0.18,0.741,0.0,0.0,1.16088,0.0,0.0,97.875,4.030504610563432,0.0,0.0,3.425625,14.106766136972013,17.532391136972013,281021,,,0.5636873698311341,Advisory
124401,666.0,2667.256358,MOZ,Mozambique,Gaza,4.165967474,0.0,0.41,0.82,666.0,,,,,,,,,,,,,,,,,,,,,,,,,2.103734310477915,83.31934948,0.0,,71.188,2.669,30.375,1.139,2.75,0.103,0.0,0.0,0.30375,1.139,0.04125,0.1545,0.0,0.0,1.6385,0.0,0.0,12.65625,0.4745044458508329,0.0,0.0,0.44296875,1.6607655604779152,2.103734310477915,14252,,,0.0192011178581804,Information
124403,668.0,1529.317963,MOZ,Mozambique,Gaza,4.067444669,0.0,0.41,0.82,668.0,668.0,0.0,1.0,-9999.0,-9999.0,-9999.0,0.0,10.0,-999.9,-999.9,-999.9,-5979.4,0.0,0.0,0.0,0.0,0.0,0.0,0.0,0.0,0.0,0.0,0.0,-5979.4,13.135290099557528,81.34889338,0.0,,3.312,0.217,3.188,0.208,1.312,0.086,0.25,0.016,0.03188,0.208,0.01968,0.129,0.00625,0.04,0.4348099999999999,0.0,0.0,49.78125,3.255127528445008,0.0,0.0,1.74234375,11.392946349557528,13.135290099557528,18281,,,0.3629431134265815,Advisory
124501,675.0,5740.605746,MOZ,Mozambique,Gaza,4.172043864,0.0,0.41,0.82,675.0,675.0,0.0,1.0,-9999.0,-9999.0,-9999.0,0.0,10.0,-999.9,-999.9,-999.9,-5979.4,0.0,0.0,0.0,0.0,0.0,0.0,0.0,0.0,0.0,0.0,0.0,-5979.4,3.1546100000000004,83.44087728,0.0,,172.75,3.009,70.188,1.223,29.812,0.519,0.062,0.001,0.7018800000000001,1.223,0.44718,0.7785,0.00155,0.0025,3.1546100000000004,0.0,0.0,31.359375,0.5462729263645703,0.0,0.0,1.097578125,1.911955242275996,3.009533367275996,36352,,,0.0486514373949553,Information
125100,704.0,773.2156064,MOZ,Mozambique,Gaza,2.662395904,3.00217142,0.41,0.82,704.0,,,,,,,,,,,,,,,,,,,,,,,,,38.4059375,53.24791808,60.0434284,,72.188,9.336,54.375,7.032,29.562,3.823,1.688,0.218,0.54375,7.032,0.44343,5.7345,0.0421999999999999,0.545,14.34088,0.0,0.0,97.3125,12.585428850073024,0.0,0.0,3.4059375,35.0,38.4059375,22151,,,0.4842135540940368,Advisory
125201,705.0,3284.546346,MOZ,Mozambique,Maputo,4.074350341,0.114614825,0.41,0.82,705.0,705.0,0.0,1.0,-9999.0,-9999.0,-9999.0,0.0,10.0,-999.9,-999.9,-999.9,-5979.4,0.0,0.0,0.0,0.0,0.0,0.0,0.0,0.0,0.0,0.0,0.0,-5979.4,41.04786513640988,81.48700681999999,2.2922965,3.0,89.625,2.729,42.125,1.283,81.062,2.468,46.938,1.429,0.42125,1.283,1.21593,3.702,1.17345,3.5725,11.36813,0.0,0.0,289.96875,8.82827396754568,0.0,0.0,10.14890625,30.89895888640988,41.04786513640988,428801,2814.0,0.6562484695698004,0.787061280900444,Watch
125202,706.0,4132.676734,MOZ,Mozambique,Maputo,2.971584926,0.0,0.41,0.82,706.0,,,,,,,,,,,,,,,,,,,,,,,,,5.318763164394762,59.43169852,0.0,,18.562,0.449,7.75,0.188,2.938,0.071,0.062,0.002,0.0775,0.188,0.04407,0.1064999999999999,0.00155,0.005,0.42262,0.0,0.0,44.4375,1.0752716183985036,0.0,0.0,1.5553125,3.7634506643947625,5.318763164394762,63901,,,0.0210896770133932,Information
125203,707.0,1059.31959,MOZ,Mozambique,Maputo,4.246311194,0.0,0.41,0.82,707.0,707.0,0.0,1.0,-9999.0,-9999.0,-9999.0,0.0,10.0,-999.9,-999.9,-999.9,-5979.4,0.0,0.0,0.0,0.0,0.0,0.0,0.0,0.0,0.0,0.0,0.0,-5979.4,2.826146521330328,84.92622388,0.0,,0.0,0.0,0.0,0.0,0.625,0.059,0.188,0.018,0.0,0.0,0.009375,0.0885,0.0046999999999999,0.045,0.1475749999999999,0.0,0.0,7.734375,0.730126684665808,0.0,0.0,0.270703125,2.555443396330328,2.826146521330328,33199,,,0.0470611311100448,Information
125204,708.0,3894.513324,MOZ,Mozambique,Maputo,3.882020707,0.0,0.41,0.82,708.0,,,,,,,,,,,,,,,,,,,,,,,,,0.28925,77.64041414,0.0,,7.75,0.199,7.75,0.199,0.25,0.006,0.0,0.0,0.0775,0.199,0.00375,0.009,0.0,0.0,0.28925,0.0,0.0,1.96875,0.0505518876507249,0.0,0.0,0.06890625,0.1769316067775371,0.2458378567775371,12859,,,6.878033189783202e-06,Information
125205,709.0,4513.08276,MOZ,Mozambique,Maputo,4.016104278,0.0,0.41,0.82,709.0,,,,,,,,,,,,,,,,,,,,,,,,,1.614422218102438,80.32208556,0.0,,4.375,0.097,4.375,0.097,1.062,0.024,0.0,0.0,0.04375,0.097,0.01593,0.036,0.0,0.0,0.19268,0.0,0.0,14.34375,0.3178259908864109,0.0,0.0,0.50203125,1.1123909681024382,1.614422218102438,26979,,,0.0062005603926545,Information
125300,714.0,10367.18387,MOZ,Mozambique,Maputo,3.930983893,0.204626987,0.41,0.82,714.0,714.0,0.0,1.0,-9999.0,-9999.0,-9999.0,0.0,10.0,-999.9,-999.9,-999.9,-5979.4,0.0,0.0,0.0,0.0,0.0,0.0,0.0,0.0,0.0,0.0,0.0,-5979.4,13.005380025068677,78.61967786,4.09253974,,166.688,1.608,38.125,0.368,21.5,0.207,2.625,0.025,0.38125,0.368,0.3225,0.3105,0.065625,0.0625,1.510375,0.0,0.0,189.140625,1.8244166143053355,0.0,0.0,6.619921875,6.385458150068675,13.005380025068677,3076783,,,0.309556498586339,Information
125401,715.0,843.8753024,MOZ,Mozambique,Maputo,2.389101065,2.866228986,0.41,0.82,715.0,715.0,0.0,1.0,-9999.0,-9999.0,-9999.0,0.0,10.0,-999.9,-999.9,-999.9,-5979.4,0.0,0.0,0.0,0.0,0.0,0.0,0.0,0.0,0.0,0.0,0.0,-5979.4,4.806737551820662,47.7820213,57.32457972,,20.25,2.4,1.438,0.17,4.688,0.555,0.312,0.037,0.0143799999999999,0.17,0.07032,0.8325,0.0078,0.0925,1.1875000000000002,0.0,0.0,10.6875,1.266478586234475,0.0,0.0,0.3740625,4.432675051820662,4.806737551820662,9732,,,0.0144956603255178,Information
125402,716.0,731.96693,MOZ,Mozambique,Maputo,4.001523468,0.0,0.41,0.82,716.0,,,,,,,,,,,,,,,,,,,,,,,,,4.907127678273363,80.03046936000001,0.0,,15.125,2.066,0.562,0.077,0.375,0.051,0.062,0.009,0.00562,0.077,0.005625,0.0765,0.00155,0.0225,0.188795,0.0,0.0,9.5625,1.306411479506675,0.0,0.0,0.3346875,4.572440178273363,4.907127678273363,5352,,,0.0802310848674536,Information
117950,16040.0,28910.39964,MOZ,Mozambique,Zambezia,4.030976552,2.255638006,0.41,0.82,16040.0,,,,,,,,,,,,,,,,,,,,,,,,,21.177993580133403,80.61953104,45.11276012,,27.812,0.096,15.75,0.054,2.0,0.007,0.688,0.002,0.1575,0.054,0.03,0.0105,0.0171999999999999,0.005,0.2742,0.0,0.0,449.578125,1.555074058609544,0.0,0.0,15.735234375,5.442759205133404,21.177993580133403,1245424,,,0.5353385619523257,Advisory
122322,464.0,19252.75839,ZWE,Zimbabwe,Manicaland,2.265050018,0.0,0.43,0.79,464.0,,,,,,,,,,,,,,,,,,,,,,,,,0.47019,45.30100036,0.0,,24.312,0.126,13.812,0.072,11.438,0.059,0.0,0.0,0.13812,0.072,0.17157,0.0885,0.0,0.0,0.47019,0.0,0.0,4.921875,0.0255645186069955,0.0,0.0,0.172265625,0.0894758151244842,0.2617414401244842,502957,,,9.850675847164298e-07,Information
122324,466.0,22079.97135,ZWE,Zimbabwe,Mashonaland East,2.429792611,0.0,0.43,0.79,466.0,,,,,,,,,,,,,,,,,,,,,,,,,1.76893,48.59585222,0.0,,200.312,0.907,89.188,0.404,21.25,0.096,0.312,0.001,0.89188,0.404,0.31875,0.144,0.0078,0.0025,1.76893,0.0,0.0,30.09375,0.1362943344401009,0.0,0.0,1.05328125,0.4770301705403531,1.530311420540353,1542574,,,0.0003767366139105,Information
122329,471.0,8152.117664,ZWE,Zimbabwe,Mashonaland Central,2.676743019,0.0,0.43,0.79,471.0,,,,,,,,,,,,,,,,,,,,,,,,,0.5129,53.53486038,0.0,,35.562,0.436,12.938,0.159,4.688,0.058,1.188,0.015,0.12938,0.159,0.07032,0.087,0.0296999999999999,0.0375,0.5129,0.0,0.0,4.5,0.0552003808789274,0.0,0.0,0.1575,0.1932013330762459,0.3507013330762459,362232,,,3.29719827381685e-06,Information
122376,481.0,9491.997552,ZWE,Zimbabwe,Mashonaland Central,3.116241569,0.0,0.43,0.79,481.0,,,,,,,,,,,,,,,,,,,,,,,,,0.7378229681972281,62.32483138,0.0,,9.875,0.104,5.625,0.059,7.188,0.076,0.438,0.005,0.05625,0.059,0.10782,0.1139999999999999,0.01095,0.0125,0.36052,0.0,0.0,10.265625,0.1081503123420652,0.0,0.0,0.359296875,0.3785260931972282,0.7378229681972281,363523,,,4.193694024163599e-05,Information
122380,485.0,25182.47119,ZWE,Zimbabwe,Mashonaland West,1.365925409,0.0,0.43,0.79,485.0,485.0,0.0,1.0,-9999.0,-9999.0,-9999.0,0.0,10.0,-999.9,-999.9,-999.9,-5979.4,0.0,0.0,0.0,0.0,0.0,0.0,0.0,0.0,0.0,0.0,0.0,-5979.4,2.846812839360015,27.31850818,0.0,,109.875,0.436,34.375,0.137,12.312,0.049,0.125,0.0,0.34375,0.137,0.18468,0.0735,0.003125,0.0,0.742055,0.0,0.0,58.21875,0.2311875969600044,0.0,0.0,2.03765625,0.8091565893600154,2.846812839360015,3109333,,,0.0005978860094432,Information
122722,532.0,4637.392909,ZWE,Zimbabwe,Mashonaland West,4.063826287,0.0,0.43,0.79,532.0,,,,,,,,,,,,,,,,,,,,,,,,,1.6156740742385094,81.27652574000001,0.0,,13.562,0.292,13.0,0.28,5.688,0.123,3.125,0.067,0.13,0.28,0.08532,0.1845,0.078125,0.1675,0.925445,0.0,0.0,14.625,0.3153711640681456,0.0,0.0,0.511875,1.1037990742385095,1.6156740742385094,118315,,,0.0071422991139742,Information
122723,533.0,9440.806048,ZWE,Zimbabwe,Mashonaland West,2.690861262,0.0,0.43,0.79,533.0,533.0,0.0,1.0,-9999.0,-9999.0,-9999.0,0.0,10.0,-999.9,-999.9,-999.9,-5979.4,0.0,0.0,0.0,0.0,0.0,0.0,0.0,0.0,0.0,0.0,0.0,-5979.4,1.743875,53.81722524,0.0,,194.375,2.059,44.625,0.473,19.0,0.201,4.625,0.049,0.44625,0.473,0.285,0.3015,0.115625,0.1225,1.743875,0.0,0.0,16.734375,0.1772557863722981,0.0,0.0,0.585703125,0.6203952523030434,1.2060983773030434,316153,,,0.0005255167011477,Information
122724,534.0,11997.56026,ZWE,Zimbabwe,Mashonaland West,1.843915398,0.0,0.43,0.79,534.0,,,,,,,,,,,,,,,,,,,,,,,,,3.7321,36.87830796,0.0,,287.438,2.396,112.062,0.934,58.812,0.49,1.312,0.011,1.12062,0.934,0.8821799999999999,0.735,0.0328,0.0274999999999999,3.7321,0.0,0.0,24.328125,0.2027756016404594,0.0,0.0,0.851484375,0.7097146057416079,1.561198980741608,429092,,,0.0023413070928307,Information
122725,535.0,7251.86623,ZWE,Zimbabwe,Mashonaland West,1.965726583,0.0,0.43,0.79,535.0,,,,,,,,,,,,,,,,,,,,,,,,,1.53512,39.31453166,0.0,,226.938,3.129,31.312,0.432,21.75,0.3,0.25,0.003,0.31312,0.432,0.32625,0.4499999999999999,0.00625,0.0075,1.53512,0.0,0.0,7.59375,0.1047144246641332,0.0,0.0,0.26578125,0.3665004863244662,0.6322817363244662,251164,,,0.0001179522708085,Information
122726,536.0,3212.559634,ZWE,Zimbabwe,Mashonaland West,0.444768347,0.0,0.43,0.79,536.0,,,,,,,,,,,,,,,,,,,,,,,,,3.4614849889849126,8.89536694,0.0,,123.562,3.846,36.625,1.14,25.312,0.788,0.0,0.0,0.36625,1.14,0.37968,1.182,0.0,0.0,3.06793,0.0,0.0,24.046875,0.7485269611385464,0.0,0.0,0.841640625,2.6198443639849125,3.4614849889849126,179558,,,0.0005371465661912,Information
122727,537.0,1540.604335,ZWE,Zimbabwe,Midlands,2.117694084,0.0,0.43,0.79,537.0,,,,,,,,,,,,,,,,,,,,,,,,,2.5187500000000003,42.35388168,0.0,,73.125,4.747,12.375,0.803,13.75,0.893,0.25,0.016,0.12375,0.803,0.20625,1.3395,0.00625,0.04,2.5187500000000003,0.0,0.0,3.796875,0.2464536100341889,0.0,0.0,0.132890625,0.8625876351196611,0.9954782601196612,43219,,,0.000872366277921,Information
122728,538.0,6295.887697,ZWE,Zimbabwe,Mashonaland West,2.501833441,0.0,0.43,0.79,538.0,,,,,,,,,,,,,,,,,,,,,,,,,3.506695,50.03666882,0.0,,230.875,3.667,94.75,1.505,25.688,0.408,0.875,0.014,0.9475,1.505,0.3853199999999999,0.612,0.021875,0.035,3.506695,0.0,0.0,21.375,0.339507326526924,0.0,0.0,0.748125,1.188275642844234,1.9364006428442344,117472,,,0.0039464720364699,Information
122729,539.0,6822.457868,ZWE,Zimbabwe,Midlands,1.231052892,0.0,0.43,0.79,539.0,539.0,0.0,1.0,-9999.0,-9999.0,-9999.0,0.0,10.0,-999.9,-999.9,-999.9,-5979.4,0.0,0.0,0.0,0.0,0.0,0.0,0.0,0.0,0.0,0.0,0.0,-5979.4,4.739380000000001,24.62105784,0.0,,252.188,3.696,142.375,2.087,30.812,0.452,1.438,0.021,1.42375,2.087,0.46218,0.678,0.0359499999999999,0.0525,4.739380000000001,0.0,0.0,41.203125,0.6039337405293097,0.0,0.0,1.442109375,2.113768091852584,3.555877466852584,250360,,,0.0028320225911128,Information
122740,541.0,6872.835894,ZWE,Zimbabwe,Midlands,1.571612567,0.0,0.43,0.79,541.0,,,,,,,,,,,,,,,,,,,,,,,,,2.62812,31.43225134,0.0,,248.062,3.609,40.312,0.587,34.5,0.502,6.0,0.087,0.40312,0.587,0.5175,0.753,0.15,0.2174999999999999,2.62812,0.0,0.0,20.25,0.2946382004607717,0.0,0.0,0.70875,1.0312337016127011,1.739983701612701,213895,,,0.0005540175556086,Information
122760,543.0,10248.28902,ZWE,Zimbabwe,Midlands,3.661711867,0.0,0.43,0.79,543.0,,,,,,,,,,,,,,,,,,,,,,,,,1.949065,73.23423734,0.0,,239.812,2.34,74.562,0.728,14.188,0.138,1.125,0.011,0.74562,0.728,0.21282,0.207,0.028125,0.0274999999999999,1.949065,0.0,0.0,13.78125,0.1344736664968326,0.0,0.0,0.48234375,0.4706578327389141,0.953001582738914,194455,,,0.004399405569867,Information
122782,546.0,2292.314624,ZWE,Zimbabwe,Matabeleland North,4.001866522,0.0,0.43,0.79,546.0,,,,,,,,,,,,,,,,,,,,,,,,,0.38177,80.03733044,0.0,,26.5,1.156,5.25,0.229,0.938,0.041,0.188,0.008,0.0525,0.229,0.01407,0.0615,0.0046999999999999,0.02,0.38177,0.0,0.0,1.265625,0.0552116619116675,0.0,0.0,0.044296875,0.1932408166908362,0.2375376916908362,14010,,,3.798008651919628e-05,Information
122783,547.0,2160.169577,ZWE,Zimbabwe,Matabeleland North,1.597056303,0.0,0.43,0.79,547.0,,,,,,,,,,,,,,,,,,,,,,,,,0.3248,31.94112606,0.0,,25.438,1.178,5.312,0.246,0.312,0.014,0.0,0.0,0.05312,0.246,0.00468,0.021,0.0,0.0,0.3248,0.0,0.0,0.5625,0.0260396223563129,0.0,0.0,0.0196875,0.0911386782470951,0.1108261782470951,18370,,,4.5228799183587046e-08,Information
122784,548.0,20580.52285,ZWE,Zimbabwe,Matabeleland North,1.522013417,0.0,0.43,0.79,548.0,548.0,0.0,1.0,-9999.0,-9999.0,-9999.0,0.0,10.0,-999.9,-999.9,-999.9,-5979.4,0.0,0.0,0.0,0.0,0.0,0.0,0.0,0.0,0.0,0.0,0.0,-5979.4,4.159445,30.44026834,0.0,,475.5,2.31,138.25,0.672,91.688,0.446,1.625,0.008,1.3825,0.672,1.37532,0.669,0.040625,0.02,4.159445,0.0,0.0,74.109375,0.3600947144683358,0.0,0.0,2.593828125,1.260331500639175,3.8541596256391752,903250,,,0.0024252044307883,Information
122786,550.0,1510.635362,ZWE,Zimbabwe,Matabeleland North,0.023376947,0.0,0.43,0.79,550.0,,,,,,,,,,,,,,,,,,,,,,,,,0.552,0.4675389399999999,0.0,,29.312,1.94,2.375,0.157,3.25,0.215,0.0,0.0,0.02375,0.157,0.04875,0.3225,0.0,0.0,0.552,,,,,,,,,,36664,,,1.0253003801221098e-07,Information
122787,551.0,4094.199626,ZWE,Zimbabwe,Matabeleland North,3.034449283,0.0,0.43,0.79,551.0,,,,,,,,,,,,,,,,,,,,,,,,,1.5921949999999998,60.68898566,0.0,,173.938,4.248,17.812,0.435,18.625,0.455,0.188,0.005,0.17812,0.435,0.279375,0.6825,0.0046999999999999,0.0125,1.5921949999999998,0.0,0.0,1.96875,0.0480863216184698,0.0,0.0,0.06890625,0.1683021256646442,0.2372083756646442,67871,,,0.0006720556705325,Information
122788,552.0,6324.518508,ZWE,Zimbabwe,Midlands,2.08759972,0.0,0.43,0.79,552.0,,,,,,,,,,,,,,,,,,,,,,,,,2.009245,41.7519944,0.0,,101.75,1.609,56.312,0.89,14.375,0.227,0.0,0.0,0.56312,0.89,0.215625,0.3405,0.0,0.0,2.009245,0.0,0.0,10.828125,0.1712086854796229,0.0,0.0,0.378984375,0.5992303991786802,0.9782147741786802,92329,,,0.000380021201494,Information
122789,553.0,4576.638367,ZWE,Zimbabwe,Midlands,0.039506554,0.0,0.43,0.79,553.0,,,,,,,,,,,,,,,,,,,,,,,,,2.13563,0.79013108,0.0,,97.25,2.125,43.438,0.949,15.75,0.344,0.0,0.0,0.43438,0.949,0.23625,0.516,0.0,0.0,2.13563,0.0,0.0,17.15625,0.3748657557311639,0.0,0.0,0.60046875,1.3120301450590737,1.9124988950590736,266927,,,6.190020424857938e-05,Information
123062,643.0,43546.76259,ZWE,Zimbabwe,Manicaland,3.011531097,0.0,0.43,0.79,643.0,643.0,0.0,1.0,-9999.0,-9999.0,-9999.0,0.0,10.0,-999.9,-999.9,-999.9,-5979.4,0.0,0.0,0.0,0.0,0.0,0.0,0.0,0.0,0.0,0.0,0.0,-5979.4,5.253244930180257,60.230621940000006,0.0,,432.0,0.992,205.188,0.471,68.312,0.157,3.5,0.008,2.05188,0.471,1.0246799999999998,0.2355,0.0875,0.02,3.89056,0.0,0.0,122.0625,0.2803021229086448,0.0,0.0,4.2721875,0.9810574301802568,5.253244930180257,2053701,,,0.0214721532456065,Information
123063,644.0,9474.378391,ZWE,Zimbabwe,Masvingo,3.357293652,0.0,0.43,0.79,644.0,,,,,,,,,,,,,,,,,,,,,,,,,3.247494996709108,67.14587304,0.0,,140.625,1.484,37.625,0.397,10.25,0.108,1.562,0.016,0.37625,0.397,0.15375,0.162,0.03905,0.04,1.16805,0.0,0.0,45.140625,0.4764494633454594,0.0,0.0,1.579921875,1.667573121709108,3.247494996709108,254308,,,0.0103285568660573,Information
123064,645.0,8079.9679,ZWE,Zimbabwe,Masvingo,1.535549392,0.0,0.43,0.79,645.0,,,,,,,,,,,,,,,,,,,,,,,,,7.940609960470009,30.71098784,0.0,,113.0,1.399,54.688,0.677,14.5,0.179,0.25,0.003,0.54688,0.677,0.2175,0.2684999999999999,0.00625,0.0075,1.7236300000000002,0.0,0.0,101.390625,1.254839452991431,0.0,0.0,3.548671875,4.3919380854700085,7.940609960470009,433300,,,0.0151442782254697,Information
123065,646.0,769.3558616,ZWE,Zimbabwe,Masvingo,4.00573407,0.0,0.43,0.79,646.0,,,,,,,,,,,,,,,,,,,,,,,,,0.413375079290264,80.1146814,0.0,,5.0,0.65,2.438,0.317,0.0,0.0,0.0,0.0,0.02438,0.317,0.0,0.0,0.0,0.0,0.34138,0.0,0.0,0.84375,0.109669665511504,0.0,0.0,0.02953125,0.383843829290264,0.413375079290264,13961,,,5.36677782636735e-05,Information
123066,647.0,7956.481727,ZWE,Zimbabwe,Masvingo,2.518660845,0.0,0.43,0.79,647.0,,,,,,,,,,,,,,,,,,,,,,,,,6.198191026729849,50.3732169,0.0,,147.75,1.857,79.062,0.994,17.5,0.22,0.25,0.003,0.79062,0.994,0.2625,0.33,0.00625,0.0075,2.39087,0.0,0.0,78.46875,0.986224221922814,0.0,0.0,2.74640625,3.451784776729849,6.198191026729849,231476,,,0.0187502411950763,Information
123067,648.0,4472.211322,ZWE,Zimbabwe,Masvingo,2.933324278,0.0,0.43,0.79,648.0,,,,,,,,,,,,,,,,,,,,,,,,,2.452809837507615,58.666485560000005,0.0,,36.562,0.818,6.625,0.148,3.188,0.071,0.0,0.0,0.06625,0.148,0.04782,0.1064999999999999,0.0,0.0,0.36857,0.0,0.0,21.65625,0.4842403107164615,0.0,0.0,0.75796875,1.6948410875076152,2.452809837507615,159742,,,0.0023681700539037,Information
123068,649.0,4534.657024,ZWE,Zimbabwe,Matabeleland South,3.571370421,0.0,0.43,0.79,649.0,,,,,,,,,,,,,,,,,,,,,,,,,2.366367445047337,71.42740842,0.0,,138.562,3.056,40.562,0.894,17.812,0.393,0.0,0.0,0.40562,0.894,0.26718,0.5895,0.0,0.0,2.1563,0.0,0.0,21.09375,0.4651674842992391,0.0,0.0,0.73828125,1.6280861950473369,2.366367445047337,75976,,,0.0063675593448853,Information
123069,650.0,6186.119173,ZWE,Zimbabwe,Midlands,2.262446951,0.0,0.43,0.79,650.0,,,,,,,,,,,,,,,,,,,,,,,,,2.858959516196915,45.24893902,0.0,,121.688,1.967,25.75,0.416,12.0,0.194,0.0,0.0,0.2575,0.416,0.18,0.291,0.0,0.0,1.1445,0.0,0.0,31.21875,0.5046580760562615,0.0,0.0,1.09265625,1.7663032661969151,2.858959516196915,279602,,,0.0015768824554822,Information
124502,676.0,15014.19846,ZWE,Zimbabwe,Masvingo,3.130114292,0.0,0.43,0.79,676.0,,,,,,,,,,,,,,,,,,,,,,,,,3.3116950000000007,62.60228584,0.0,,443.375,2.953,118.25,0.788,49.688,0.331,2.375,0.016,1.1825,0.788,0.7453200000000001,0.4965,0.059375,0.04,3.3116950000000007,0.0,0.0,51.75,0.3446737441478336,0.0,0.0,1.81125,1.2063581045174177,3.017608104517418,278358,,,0.0076721448866601,Information
124504,678.0,8086.229645,ZWE,Zimbabwe,Matabeleland South,3.227672279,0.0,0.43,0.79,678.0,,,,,,,,,,,,,,,,,,,,,,,,,1.585240071528094,64.55344558,0.0,,165.0,2.041,43.125,0.533,9.812,0.121,0.062,0.001,0.43125,0.533,0.14718,0.1815,0.00155,0.0025,1.29698,0.0,0.0,20.25,0.2504257347223126,0.0,0.0,0.70875,0.8764900715280941,1.585240071528094,48368,,,0.0009440547789132,Information
124507,681.0,1319.040093,ZWE,Zimbabwe,Matabeleland South,3.694749409,0.0,0.43,0.79,681.0,681.0,0.0,1.0,-9999.0,-9999.0,-9999.0,0.0,10.0,-999.9,-999.9,-999.9,-5979.4,0.0,0.0,0.0,0.0,0.0,0.0,0.0,0.0,0.0,0.0,0.0,-5979.4,1.2248423090598617,73.89498818,0.0,,6.938,0.526,4.5,0.341,1.062,0.081,0.0,0.0,0.045,0.341,0.01593,0.1215,0.0,0.0,0.5234300000000001,0.0,0.0,4.078125,0.3091736954456747,0.0,0.0,0.142734375,1.0821079340598614,1.2248423090598617,120823,,,0.0011092179962741,Information
124508,682.0,16021.93207,ZWE,Zimbabwe,Matabeleland South,3.121783598,0.0,0.43,0.79,682.0,,,,,,,,,,,,,,,,,,,,,,,,,6.498988645219267,62.43567196,0.0,,423.438,2.643,109.062,0.681,34.625,0.216,0.0,0.0,1.09062,0.681,0.519375,0.324,0.0,0.0,2.614995,0.0,0.0,114.328125,0.7135726486340763,0.0,0.0,4.001484375,2.497504270219267,6.498988645219267,188083,,,0.039680284563605,Information
124600,684.0,29131.86045,ZWE,Zimbabwe,Matabeleland South,1.372698472,0.0,0.43,0.79,684.0,,,,,,,,,,,,,,,,,,,,,,,,,8.528694640541163,27.45396944,0.0,,888.688,3.051,192.5,0.661,51.062,0.175,2.938,0.01,1.925,0.661,0.7659299999999999,0.2624999999999999,0.07345,0.025,3.71288,0.0,0.0,181.40625,0.622707397297475,0.0,0.0,6.34921875,2.179475890541162,8.528694640541163,563747,,,0.0161456922333575,Information
129104,975.0,33919.89137,ZWE,Zimbabwe,Matabeleland South,3.067110421,0.0,0.43,0.79,975.0,,,,,,,,,,,,,,,,,,,,,,,,,21.450955,61.342208420000006,0.0,,2574.562,7.59,520.688,1.535,456.125,1.345,180.688,0.533,5.20688,1.535,6.841875,2.0175,4.5172,1.3325,21.450955,0.0,0.0,155.8125,0.4593543602238024,0.0,0.0,5.4534375,1.6077402607833085,7.061177760783308,281771,,,0.2779376196111619,Information
122410,487.0,7777.988671,ZMB,Zambia,Lusaka,3.536991366,0.0,0.51,0.68,487.0,487.0,0.0,1.0,-9999.0,-9999.0,-9999.0,0.0,10.0,-999.9,-999.9,-999.9,-5979.4,0.0,0.0,0.0,0.0,0.0,0.0,0.0,0.0,0.0,0.0,0.0,-5979.4,1.1924818123313363,70.73982732,0.0,,62.688,0.806,16.75,0.215,2.188,0.028,0.125,0.002,0.1675,0.215,0.03282,0.042,0.003125,0.005,0.465445,0.0,0.0,14.90625,0.1916465892375247,0.0,0.0,0.52171875,0.6707630623313364,1.1924818123313363,63880,,,0.0006866836568741,Information
122421,488.0,991.1290588,ZMB,Zambia,Eastern,4.020049736,0.0,0.51,0.68,488.0,,,,,,,,,,,,,,,,,,,,,,,,,0.388,80.40099472,0.0,,8.25,0.832,3.5,0.353,0.0,0.0,0.0,0.0,0.035,0.353,0.0,0.0,0.0,0.0,0.388,,,,,,,,,,615,,,4.386681824032325e-05,Information
122422,489.0,15052.3398,ZMB,Zambia,Central,3.42248915,0.0,0.51,0.68,489.0,,,,,,,,,,,,,,,,,,,,,,,,,1.048125,68.449783,0.0,,90.062,0.598,38.75,0.257,15.375,0.102,0.5,0.003,0.3875,0.257,0.230625,0.153,0.0125,0.0075,1.048125,0.0,0.0,10.546875,0.0700680102717139,0.0,0.0,0.369140625,0.2452380359509986,0.6143786609509987,107840,,,0.0003313323304065,Information
122423,490.0,6233.826055,ZMB,Zambia,Lusaka,4.001659084,0.0,0.51,0.68,490.0,,,,,,,,,,,,,,,,,,,,,,,,,0.937805,80.03318168,0.0,,84.438,1.355,22.875,0.367,8.562,0.137,0.125,0.002,0.22875,0.367,0.12843,0.2055,0.003125,0.005,0.937805,,,,,,,,,,31714,,,0.0011130385712591,Information
122424,491.0,8996.258707,ZMB,Zambia,Central,1.085360731,0.0,0.51,0.68,491.0,491.0,0.0,1.0,-9999.0,-9999.0,-9999.0,0.0,10.0,-999.9,-999.9,-999.9,-5979.4,0.0,0.0,0.0,0.0,0.0,0.0,0.0,0.0,0.0,0.0,0.0,-5979.4,5.632951420883016,21.70721462,0.0,,99.75,1.109,42.625,0.474,11.562,0.129,3.375,0.038,0.42625,0.474,0.17343,0.1935,0.084375,0.095,1.446555,0.0,0.0,76.21875,0.8472271916808617,0.0,0.0,2.66765625,2.965295170883016,5.632951420883016,428694,,,0.0042464182499968,Information
122425,492.0,757.152615,ZMB,Zambia,Central,4.012475835,0.0,0.51,0.68,492.0,,,,,,,,,,,,,,,,,,,,,,,,,0.69275,80.2495167,0.0,,11.125,1.469,4.125,0.545,0.5,0.066,0.0,0.0,0.04125,0.545,0.0075,0.099,0.0,0.0,0.69275,,,,,,,,,,4441,,,0.0004036727838532,Information
122426,493.0,3543.538998,ZMB,Zambia,Central,2.808139144,0.0,0.51,0.68,493.0,,,,,,,,,,,,,,,,,,,,,,,,,1.0910722728204023,56.16278288,0.0,,52.312,1.476,16.375,0.462,5.625,0.159,0.0,0.0,0.16375,0.462,0.084375,0.2385,0.0,0.0,0.948625,0.0,0.0,8.15625,0.2301724350915436,0.0,0.0,0.28546875,0.8056035228204026,1.0910722728204023,69445,,,0.0001106716374349,Information
122427,494.0,4631.20486,ZMB,Zambia,Central,1.815557513,0.0,0.51,0.68,494.0,,,,,,,,,,,,,,,,,,,,,,,,,7.16832362579469,36.31115026,0.0,,69.188,1.494,38.812,0.838,22.625,0.489,14.062,0.304,0.3881199999999999,0.838,0.339375,0.7335,0.35155,0.76,3.410545,0.0,0.0,64.828125,1.3998112145127686,0.0,0.0,2.268984375,4.89933925079469,7.16832362579469,120656,,,0.0144687219382676,Information
122428,495.0,1858.389523,ZMB,Zambia,Central,3.056363702,0.0,0.51,0.68,495.0,,,,,,,,,,,,,,,,,,,,,,,,,0.6065050000000001,61.12727404,0.0,,9.312,0.501,6.688,0.36,1.875,0.101,0.0,0.0,0.06688,0.36,0.028125,0.1515,0.0,0.0,0.6065050000000001,0.0,0.0,2.25,0.1210725723345296,0.0,0.0,0.07875,0.4237540031708536,0.5025040031708536,56946,,,1.5889044006304267e-05,Information
122429,496.0,2543.432905,ZMB,Zambia,Central,0.040013852,0.0,0.51,0.68,496.0,,,,,,,,,,,,,,,,,,,,,,,,,1.09387,0.8002770400000001,0.0,,29.125,1.145,18.812,0.74,2.25,0.088,0.0,0.0,0.18812,0.74,0.03375,0.132,0.0,0.0,1.09387,0.0,0.0,1.265625,0.0497605027159582,0.0,0.0,0.044296875,0.1741617595058537,0.2184586345058536,78966,,,3.28113571772513e-06,Information
122430,497.0,23204.39319,ZMB,Zambia,Eastern,2.188582549,0.0,0.51,0.68,497.0,,,,,,,,,,,,,,,,,,,,,,,,,1.211391044855009,43.77165098,0.0,,34.312,0.148,17.188,0.074,2.75,0.012,0.125,0.001,0.1718799999999999,0.074,0.04125,0.018,0.003125,0.0025,0.310755,0.0,0.0,24.1875,0.1042367271014311,0.0,0.0,0.8465625,0.3648285448550089,1.211391044855009,471317,,,6.210823959402157e-05,Information
122450,499.0,15821.60351,ZMB,Zambia,Eastern,2.535638968,0.0,0.51,0.68,499.0,,,,,,,,,,,,,,,,,,,,,,,,,0.4177020770398125,50.712779360000006,0.0,,35.062,0.222,10.125,0.064,8.125,0.051,0.062,0.0,0.10125,0.064,0.121875,0.0765,0.00155,0.0,0.365175,0.0,0.0,7.3125,0.0462184505828036,0.0,0.0,0.2559375,0.1617645770398126,0.4177020770398125,159905,,,9.181542950787306e-07,Information
122470,501.0,2730.936632,ZMB,Zambia,Muchinga,2.032126395,0.0,0.51,0.68,501.0,,,,,,,,,,,,,,,,,,,,,,,,,0.2753344533924036,40.642527900000005,0.0,,6.25,0.229,1.812,0.066,1.5,0.055,0.0,0.0,0.01812,0.066,0.0225,0.0825,0.0,0.0,0.18912,0.0,0.0,1.6875,0.0617919866835439,0.0,0.0,0.0590625,0.2162719533924036,0.2753344533924036,2749,,,3.8644250327025655e-08,Information
122500,512.0,19119.51717,ZMB,Zambia,Lusaka,0.763657552,0.0,0.51,0.68,512.0,512.0,0.0,1.0,-9999.0,-9999.0,-9999.0,0.0,10.0,-999.9,-999.9,-999.9,-5979.4,0.0,0.0,0.0,0.0,0.0,0.0,0.0,0.0,0.0,0.0,0.0,-5979.4,9.595062288161742,15.273151039999998,0.0,,144.75,0.757,41.188,0.215,27.188,0.142,2.875,0.015,0.41188,0.215,0.4078199999999999,0.2129999999999999,0.071875,0.0375,1.357075,0.0,0.0,180.0,0.9414463680462118,0.0,0.0,6.3,3.2950622881617413,9.595062288161742,1464550,,,0.0146961733966094,Information
122611,513.0,7635.032279,ZMB,Zambia,Southern,2.109112131,0.0,0.51,0.68,513.0,513.0,0.0,1.0,-9999.0,-9999.0,-9999.0,0.0,10.0,-999.9,-999.9,-999.9,-5979.4,0.0,0.0,0.0,0.0,0.0,0.0,0.0,0.0,0.0,0.0,0.0,-5979.4,7.616768637999717,42.18224262,0.0,,13.875,0.182,7.188,0.094,1.812,0.024,0.438,0.006,0.07188,0.094,0.02718,0.036,0.01095,0.015,0.25501,0.0,0.0,94.21875,1.2340321108570618,0.0,0.0,3.29765625,4.319112387999716,7.616768637999717,603204,,,0.0213340836609451,Information
122612,514.0,4463.399318,ZMB,Zambia,Central,0.934772119,0.0,0.51,0.68,514.0,514.0,0.0,1.0,-9999.0,-9999.0,-9999.0,0.0,10.0,-999.9,-999.9,-999.9,-5979.4,0.0,0.0,0.0,0.0,0.0,0.0,0.0,0.0,0.0,0.0,0.0,-5979.4,0.334930354033458,18.69544238,0.0,,12.75,0.286,6.0,0.134,0.375,0.008,0.0,0.0,0.06,0.134,0.005625,0.012,0.0,0.0,0.211625,0.0,0.0,2.953125,0.0661631368667023,0.0,0.0,0.103359375,0.231570979033458,0.334930354033458,1892937,,,1.9866460259617982e-08,Information
122614,516.0,3939.895309,ZMB,Zambia,Central,1.325391929,0.0,0.51,0.68,516.0,,,,,,,,,,,,,,,,,,,,,,,,,38.36364885731786,26.50783858,0.0,,11.5,0.292,8.5,0.216,0.375,0.01,0.0,0.0,0.085,0.216,0.005625,0.015,0.0,0.0,0.321625,0.0,0.0,309.796875,7.863073780662246,0.0,0.0,10.842890625,27.52075823231786,38.36364885731786,127036,,,0.2578240244177888,Advisory
122615,517.0,3828.239638,ZMB,Zambia,Southern,2.178357493,0.0,0.51,0.68,517.0,517.0,0.0,1.0,-9999.0,-9999.0,-9999.0,0.0,10.0,-999.9,-999.9,-999.9,-5979.4,0.0,0.0,0.0,0.0,0.0,0.0,0.0,0.0,0.0,0.0,0.0,-5979.4,7.00478134067161,43.56714986,0.0,,27.688,0.723,5.375,0.14,1.938,0.051,0.0,0.0,0.05375,0.14,0.02907,0.0765,0.0,0.0,0.29932,0.0,0.0,55.40625,1.4473035973347457,0.0,0.0,1.93921875,5.06556259067161,7.00478134067161,161203,,,0.0184685565102415,Information
122616,518.0,8330.225999,ZMB,Zambia,Southern,1.681477148,0.0,0.51,0.68,518.0,,,,,,,,,,,,,,,,,,,,,,,,,4.299640273444446,33.629542959999995,0.0,,239.875,2.88,73.625,0.884,31.125,0.374,0.5,0.006,0.73625,0.884,0.466875,0.5609999999999999,0.0125,0.015,2.675625,0.0,0.0,55.828125,0.6701873995555561,0.0,0.0,1.953984375,2.345655898444446,4.299640273444446,349678,,,0.0031027479779114,Information
122617,519.0,12547.46017,ZMB,Zambia,Southern,2.524165656,0.0,0.51,0.68,519.0,,,,,,,,,,,,,,,,,,,,,,,,,6.129225744143169,50.483313120000005,0.0,,186.812,1.489,63.062,0.503,17.5,0.139,0.562,0.004,0.63062,0.503,0.2625,0.2085,0.01405,0.01,1.62867,0.0,0.0,97.453125,0.776676105469477,0.0,0.0,3.410859375,2.718366369143169,6.129225744143169,225280,,,0.0183430043705002,Information
122618,520.0,7084.14797,ZMB,Zambia,Southern,2.185893047,0.0,0.51,0.68,520.0,,,,,,,,,,,,,,,,,,,,,,,,,5.515675,43.71786094,0.0,,499.625,7.053,96.75,1.366,82.875,1.17,3.062,0.043,0.9675,1.366,1.243125,1.755,0.0765499999999999,0.1074999999999999,5.515675,,,,,,,,,,152660,,,0.0100954010077535,Information
122619,521.0,16109.341,ZMB,Zambia,Southern,3.176310582,0.0,0.51,0.68,521.0,521.0,0.0,15.0,-9999.0,-9999.0,-9999.0,0.0,1.0,-999.9,-999.9,-999.9,-5988.4,0.0,0.0,0.0,0.0,0.0,0.0,0.0,0.0,0.0,0.0,0.0,-5988.4,11.622733162013336,63.52621164,0.0,,803.938,4.991,175.625,1.09,94.875,0.589,5.875,0.036,1.75625,1.09,1.423125,0.8835,0.146875,0.09,5.389749999999999,0.0,0.0,204.890625,1.2718746534323822,0.0,0.0,7.171171875,4.451561287013337,11.622733162013336,35197,,,0.1263883623822792,Information
122620,522.0,10544.93285,ZMB,Zambia,North-Western,2.726697005,0.0,0.51,0.68,522.0,,,,,,,,,,,,,,,,,,,,,,,,,3.655455,54.5339401,0.0,,498.562,4.728,71.688,0.68,73.625,0.698,2.188,0.021,0.7168800000000001,0.68,1.104375,1.047,0.0547,0.0525,3.655455,0.0,0.0,9.140625,0.0866826288262274,0.0,0.0,0.319921875,0.3033892008917959,0.6233110758917959,62822,,,0.0058553251755594,Information
122630,523.0,2097.942226,ZMB,Zambia,Central,2.84139278,0.0,0.51,0.68,523.0,,,,,,,,,,,,,,,,,,,,,,,,,1.502625,56.8278556,0.0,,36.188,1.725,18.125,0.864,4.875,0.232,0.25,0.012,0.18125,0.864,0.073125,0.348,0.00625,0.03,1.502625,0.0,0.0,3.375,0.16087192286436,0.0,0.0,0.118125,0.56305173002526,0.68117673002526,696,,,0.0003925687661366,Information
122640,524.0,24722.63901,ZMB,Zambia,North-Western,1.977180961,0.0,0.51,0.68,524.0,524.0,0.0,1.0,-9999.0,-9999.0,-9999.0,0.0,10.0,-999.9,-999.9,-999.9,-5979.4,0.0,0.0,0.0,0.0,0.0,0.0,0.0,0.0,0.0,0.0,0.0,-5979.4,2.388,39.54361922,0.0,,442.812,1.791,110.75,0.448,39.5,0.16,0.0,0.0,1.1075,0.448,0.5925,0.24,0.0,0.0,2.388,0.0,0.0,39.796875,0.1609734098025231,0.0,0.0,1.392890625,0.5634069343088308,1.9562975593088308,285426,,,0.0006157850233679,Information
122650,525.0,4697.470735,ZMB,Zambia,North-Western,2.397137739,0.0,0.51,0.68,525.0,525.0,0.0,1.0,-9999.0,-9999.0,-9999.0,0.0,10.0,-999.9,-999.9,-999.9,-5979.4,0.0,0.0,0.0,0.0,0.0,0.0,0.0,0.0,0.0,0.0,0.0,-5979.4,2.59375,47.94275478,0.0,,167.125,3.558,50.625,1.078,21.5,0.458,0.0,0.0,0.50625,1.078,0.3225,0.687,0.0,0.0,2.59375,0.0,0.0,8.578125,0.1826115687343023,0.0,0.0,0.300234375,0.639140490570058,0.939374865570058,15065,,,0.0013532732872614,Information
122660,526.0,13538.09217,ZMB,Zambia,Central,1.885734933,0.0,0.51,0.68,526.0,,,,,,,,,,,,,,,,,,,,,,,,,16.721257379273176,37.71469866,0.0,,262.0,1.935,87.625,0.647,33.375,0.247,0.75,0.006,0.87625,0.647,0.500625,0.3705,0.01875,0.015,2.428125,0.0,0.0,274.78125,2.029689608363764,0.0,0.0,9.61734375,7.103913629273174,16.721257379273176,245666,,,0.0942474472005513,Information
122670,527.0,2776.298021,ZMB,Zambia,Central,4.048938607,0.0,0.51,0.68,527.0,,,,,,,,,,,,,,,,,,,,,,,,,8.040774505335866,80.97877214,0.0,,154.5,5.565,29.0,1.045,24.125,0.869,0.312,0.011,0.29,1.045,0.361875,1.3035,0.0078,0.0274999999999999,3.035675,0.0,0.0,49.921875,1.798145394381676,0.0,0.0,1.747265625,6.2935088803358665,8.040774505335866,11811,,,0.1946107047903882,Information
122680,528.0,9457.535137,ZMB,Zambia,Copperbelt,3.074560151,0.0,0.51,0.68,528.0,,,,,,,,,,,,,,,,,,,,,,,,,3.159330307719053,61.49120302,0.0,,373.375,3.948,95.5,1.01,28.188,0.298,0.812,0.009,0.955,1.01,0.42282,0.4469999999999999,0.0203,0.0225,2.87762,0.0,0.0,43.875,0.4639158022054437,0.0,0.0,1.535625,1.623705307719053,3.159330307719053,32645,,,0.0062004404541274,Information
122690,529.0,24984.09024,ZMB,Zambia,Copperbelt,0.680790842,0.0,0.51,0.68,529.0,529.0,0.0,1.0,-9999.0,-9999.0,-9999.0,0.0,10.0,-999.9,-999.9,-999.9,-5979.4,0.0,0.0,0.0,0.0,0.0,0.0,0.0,0.0,0.0,0.0,0.0,-5979.4,6.147555792494707,13.61581684,0.0,,621.688,2.488,212.812,0.852,90.5,0.362,4.375,0.018,2.12812,0.852,1.3575,0.5429999999999999,0.109375,0.045,5.034994999999999,0.0,0.0,125.4375,0.5020695121413449,0.0,0.0,4.3903125,1.757243292494707,6.147555792494707,2541329,,,0.004111786231895,Information
122710,530.0,4457.651612,ZMB,Zambia,Southern,4.005031637,0.0,0.51,0.68,530.0,,,,,,,,,,,,,,,,,,,,,,,,,10.344207359535508,80.10063274000001,0.0,,5.688,0.128,5.5,0.123,1.875,0.042,0.312,0.007,0.055,0.123,0.028125,0.063,0.0078,0.0175,0.294425,0.0,0.0,91.125,2.044237817010145,0.0,0.0,3.189375,7.154832359535508,10.344207359535508,152402,,,0.2564717540027897,Information
122730,540.0,3894.597385,ZMB,Zambia,Southern,4.033538262,0.0,0.51,0.68,540.0,,,,,,,,,,,,,,,,,,,,,,,,,5.390789259510854,80.67076524000001,0.0,,13.25,0.34,7.812,0.201,5.188,0.133,1.625,0.042,0.07812,0.201,0.07782,0.1995,0.040625,0.105,0.702065,0.0,0.0,43.171875,1.108506752717387,0.0,0.0,1.511015625,3.879773634510855,5.390789259510854,61478,,,0.1008140281319066,Information
122750,542.0,4048.151056,ZMB,Zambia,Southern,4.025244478,0.0,0.51,0.68,542.0,,,,,,,,,,,,,,,,,,,,,,,,,11.597458115852469,80.50488956000001,0.0,,8.5,0.21,3.312,0.082,1.438,0.036,1.0,0.025,0.03312,0.082,0.02157,0.0539999999999999,0.025,0.0625,0.27819,0.0,0.0,95.484375,2.358715711672134,0.0,0.0,3.341953125,8.255504990852469,11.597458115852469,84806,,,0.3017486751171741,Information
122770,544.0,19856.92655,ZMB,Zambia,Southern,4.0111019,0.0,0.51,0.68,544.0,,,,,,,,,,,,,,,,,,,,,,,,,14.186843014292329,80.222038,0.0,,201.812,1.016,57.625,0.29,26.375,0.133,8.562,0.043,0.57625,0.29,0.395625,0.1995,0.2140499999999999,0.1074999999999999,1.7829249999999996,0.0,0.0,269.578125,1.357602468369237,0.0,0.0,9.435234375,4.751608639292329,14.186843014292329,476842,,,0.3698489996755106,Advisory
122790,554.0,21945.52958,ZMB,Zambia,Southern,0.632724963,0.0,0.51,0.68,554.0,,,,,,,,,,,,,,,,,,,,,,,,,10.216782121534134,12.65449926,0.0,,741.938,3.381,158.5,0.722,56.688,0.258,6.375,0.029,1.585,0.722,0.8503200000000001,0.387,0.159375,0.0725,3.776195,0.0,0.0,200.53125,0.9137681061526098,0.0,0.0,7.01859375,3.1981883715341346,10.216782121534134,511752,,,0.0159428789388716,Information
122852,568.0,4351.499077,ZMB,Zambia,Western,2.491451643,0.0,0.51,0.68,568.0,,,,,,,,,,,,,,,,,,,,,,,,,5.594445,49.82903286,0.0,,798.938,18.36,122.375,2.812,29.188,0.671,1.375,0.032,1.22375,2.812,0.43782,1.0065,0.034375,0.08,5.594445,,,,,,,,,,18907,,,0.0141298453291669,Information
122854,570.0,4211.24886,ZMB,Zambia,Western,2.23907934,0.0,0.51,0.68,570.0,,,,,,,,,,,,,,,,,,,,,,,,,7.935754999999999,44.7815868,0.0,,895.25,21.259,160.688,3.816,47.75,1.134,1.125,0.027,1.60688,3.816,0.71625,1.7009999999999998,0.028125,0.0675,7.935754999999999,0.0,0.0,1.265625,0.0300534364507935,0.0,0.0,0.044296875,0.1051870275777772,0.1494839025777772,25464,,,0.0261948297462647,Information
122911,580.0,5886.536627,ZMB,Zambia,Southern,0.709064614,0.0,0.51,0.68,580.0,,,,,,,,,,,,,,,,,,,,,,,,,20.522413854431107,14.18129228,0.0,,284.562,4.834,74.125,1.259,13.375,0.227,0.312,0.005,0.74125,1.259,0.200625,0.3405,0.0078,0.0125,2.561675,0.0,0.0,217.265625,3.690890565551745,0.0,0.0,7.604296875,12.918116979431108,20.522413854431107,85850,,,0.0762553292110981,Information
122912,581.0,15437.92342,ZMB,Zambia,Southern,2.361094937,0.0,0.51,0.68,581.0,,,,,,,,,,,,,,,,,,,,,,,,,4.490804999999999,47.22189874,0.0,,911.25,5.903,167.125,1.083,66.312,0.43,2.375,0.015,1.67125,1.083,0.99468,0.645,0.059375,0.0375,4.490804999999999,0.0,0.0,34.59375,0.2240829227092636,0.0,0.0,1.21078125,0.7842902294824227,1.9950714794824225,86359,,,0.0068685716703006,Information
122913,582.0,14582.88985,ZMB,Zambia,Western,3.182464869,0.0,0.51,0.68,582.0,582.0,0.0,1.0,-9999.0,-9999.0,-9999.0,0.0,10.0,-999.9,-999.9,-999.9,-5979.4,0.0,0.0,0.0,0.0,0.0,0.0,0.0,0.0,0.0,0.0,0.0,-5979.4,41.061742332282485,63.64929738,0.0,,781.125,5.356,142.5,0.977,70.25,0.482,7.438,0.051,1.425,0.977,1.05375,0.723,0.1859499999999999,0.1275,4.4922,0.0,0.0,695.953125,4.772395130652139,0.0,0.0,24.358359375,16.703382957282486,41.061742332282485,123858,,,0.5484963638680467,Advisory
122914,583.0,7676.71109,ZMB,Zambia,Western,1.064822129,0.0,0.51,0.68,583.0,,,,,,,,,,,,,,,,,,,,,,,,,3.93163,21.29644258,0.0,,652.125,8.495,92.75,1.208,50.062,0.652,1.188,0.015,0.9275,1.208,0.7509299999999999,0.978,0.0296999999999999,0.0375,3.93163,0.0,0.0,18.421875,0.2399709300391049,0.0,0.0,0.644765625,0.8398982551368672,1.4846638801368672,10794,,,0.0013648900207659,Information
122915,584.0,9498.541966,ZMB,Zambia,Western,2.687264532,0.0,0.51,0.68,584.0,584.0,0.0,1.0,-9999.0,-9999.0,-9999.0,0.0,10.0,-999.9,-999.9,-999.9,-5979.4,0.0,0.0,0.0,0.0,0.0,0.0,0.0,0.0,0.0,0.0,0.0,-5979.4,12.083895228437274,53.74529064,0.0,,1567.438,16.502,192.812,2.03,34.875,0.367,7.125,0.075,1.92812,2.03,0.523125,0.5505,0.178125,0.1875,5.39737,0.0,0.0,168.1875,1.770666493839221,0.0,0.0,5.8865625,6.1973327284372735,12.083895228437274,66186,,,0.0897510425825898,Information
122916,585.0,8546.601303,ZMB,Zambia,Western,1.319501273,0.0,0.51,0.68,585.0,,,,,,,,,,,,,,,,,,,,,,,,,7.957153643593807,26.39002546,0.0,,1430.0,16.732,172.062,2.013,15.438,0.181,3.688,0.043,1.72062,2.013,0.23157,0.2714999999999999,0.0922,0.1074999999999999,4.43639,0.0,0.0,104.765625,1.2258162195982305,0.0,0.0,3.666796875,4.290356768593806,7.957153643593807,36501,,,0.0130503835779787,Information
122917,586.0,331.7552362,ZMB,Zambia,Western,1.863050942,0.0,0.51,0.68,586.0,,,,,,,,,,,,,,,,,,,,,,,,,39.134375,37.261018840000006,0.0,,33.688,10.154,6.25,1.884,1.625,0.49,1.312,0.396,0.0625,1.884,0.024375,0.735,0.0328,0.99,3.728675,0.0,0.0,118.125,35.60606950447694,0.0,0.0,4.134375,35.0,39.134375,4112,,,0.3184699158341463,Advisory
122918,587.0,10831.35388,ZMB,Zambia,Western,0.478074675,0.0,0.51,0.68,587.0,,,,,,,,,,,,,,,,,,,,,,,,,6.298850000000001,9.5614935,0.0,,1618.625,14.944,190.812,1.762,89.312,0.825,1.062,0.01,1.90812,1.762,1.33968,1.2374999999999998,0.02655,0.025,6.298850000000001,0.0,0.0,60.75,0.5608717124495031,0.0,0.0,2.12625,1.9630509935732607,4.089300993573261,73126,,,0.0038574012765545,Information
122919,588.0,9264.890047,ZMB,Zambia,Western,1.516808522,0.0,0.51,0.68,588.0,588.0,0.0,1.0,-9999.0,-9999.0,-9999.0,0.0,10.0,-999.9,-999.9,-999.9,-5979.4,0.0,0.0,0.0,0.0,0.0,0.0,0.0,0.0,0.0,0.0,0.0,-5979.4,70.0,30.33617044,0.0,3.0,1301.688,14.05,212.312,2.292,61.5,0.664,4.062,0.044,2.12312,2.292,0.9225,0.996,0.10155,0.1099999999999999,6.54517,0.0,0.0,1949.484375,21.04163530438586,0.0,0.0,35.0,35.0,70.0,261943,17798.0,6.794607987233864,0.5019205021566364,Watch
122921,589.0,505.1395363,ZMB,Zambia,Western,1.94624515,0.0,0.51,0.68,589.0,,,,,,,,,,,,,,,,,,,,,,,,,43.18015625,38.924903,0.0,,35.188,6.966,7.0,1.386,0.188,0.037,0.125,0.025,0.07,1.386,0.00282,0.0554999999999999,0.003125,0.0625,1.5799450000000002,0.0,0.0,233.71875,46.26815626096719,0.0,0.0,8.18015625,35.0,43.18015625,9770,,,0.364399653943195,Advisory
122922,590.0,8134.787957,ZMB,Zambia,Western,3.580855606,0.0,0.51,0.68,590.0,,,,,,,,,,,,,,,,,,,,,,,,,30.053070971400984,71.61711212,0.0,,1344.25,16.525,212.625,2.614,42.562,0.523,0.312,0.004,2.12625,2.614,0.6384299999999999,0.7845,0.0078,0.01,6.180979999999998,0.0,0.0,385.171875,4.734872956114566,0.0,0.0,13.481015625,16.572055346400983,30.053070971400984,28282,,,0.5227984686063415,Advisory
122923,591.0,509.9624772,ZMB,Zambia,Western,1.577786012,0.0,0.51,0.68,591.0,591.0,0.0,1.0,-9999.0,-9999.0,-9999.0,0.0,10.0,-999.9,-999.9,-999.9,-5979.4,0.0,0.0,0.0,0.0,0.0,0.0,0.0,0.0,0.0,0.0,0.0,-5979.4,37.05734375,31.55572024,0.0,,32.812,6.434,6.25,1.226,0.0,0.0,0.0,0.0,0.0625,1.226,0.0,0.0,0.0,0.0,1.2885,0.0,0.0,58.78125,11.526583353176186,0.0,0.0,2.05734375,35.0,37.05734375,21256,,,0.2697552307049415,Advisory
122925,593.0,1768.603652,ZMB,Zambia,Western,0.655914937,0.0,0.51,0.68,593.0,,,,,,,,,,,,,,,,,,,,,,,,,7.074223070048856,13.11829874,0.0,,286.562,16.203,32.625,1.845,0.625,0.035,0.0,0.0,0.32625,1.845,0.009375,0.0525,0.0,0.0,2.233125,0.0,0.0,30.375,1.7174565914425302,0.0,0.0,1.063125,6.011098070048855,7.074223070048856,10166,,,0.0060692904730501,Information
122927,595.0,416.3233658,ZMB,Zambia,Western,2.196033456,0.0,0.51,0.68,595.0,,,,,,,,,,,,,,,,,,,,,,,,,9.728398202040337,43.92066912,0.0,,60.688,14.577,4.875,1.171,0.0,0.0,0.0,0.0,0.04875,1.171,0.0,0.0,0.0,0.0,1.21975,0.0,0.0,11.109375,2.6684485934400963,0.0,0.0,0.388828125,9.339570077040335,9.728398202040337,3075,,,0.0399111505266499,Information
122930,598.0,25037.86844,ZMB,Zambia,Western,3.166821731,0.0,0.51,0.68,598.0,598.0,0.0,1.0,-9999.0,-9999.0,-9999.0,0.0,10.0,-999.9,-999.9,-999.9,-5979.4,0.0,0.0,0.0,0.0,0.0,0.0,0.0,0.0,0.0,0.0,0.0,-5979.4,16.489027805795676,63.336434620000006,0.0,,2083.25,8.32,227.312,0.908,162.5,0.649,0.438,0.002,2.27312,0.908,2.4375,0.9735,0.01095,0.005,6.60807,0.0,0.0,336.65625,1.344588301655907,0.0,0.0,11.78296875,4.7060590557956745,16.489027805795676,274252,,,0.2121196023960815,Information
122941,599.0,61.0436895,ZMB,Zambia,Western,4.186536596,0.0,0.51,0.68,599.0,,,,,,,,,,,,,,,,,,,,,,,,,35.674296875,83.73073192,0.0,3.0,4.688,7.679,2.125,3.481,0.0,0.0,0.0,0.0,0.02125,3.481,0.0,0.0,0.0,0.0,3.50225,0.0,0.0,19.265625,31.56038758068108,0.0,0.0,0.674296875,35.0,35.674296875,650,11.0,1.6923076923076923,0.7838179250424446,Watch
122942,600.0,5058.936044,ZMB,Zambia,North-Western,1.545247411,0.0,0.51,0.68,600.0,,,,,,,,,,,,,,,,,,,,,,,,,40.656376268989376,30.90494822,0.0,,771.125,15.243,102.125,2.019,15.125,0.299,0.375,0.007,1.02125,2.019,0.226875,0.4485,0.009375,0.0175,3.7425000000000006,0.0,0.0,390.234375,7.713763755425536,0.0,0.0,13.658203125,26.998173143989376,40.656376268989376,19312,,,0.2979424633449535,Advisory
122943,601.0,1931.92136,ZMB,Zambia,North-Western,2.726642893,0.0,0.51,0.68,601.0,,,,,,,,,,,,,,,,,,,,,,,,,44.489375,54.53285786000001,0.0,,254.25,13.16,34.25,1.773,5.625,0.291,0.5,0.026,0.3425,1.773,0.084375,0.4365,0.0125,0.065,2.7138750000000003,0.0,0.0,271.125,14.033956327708616,0.0,0.0,9.489375,35.0,44.489375,15154,,,0.4913278703265853,Advisory
122945,603.0,2099.065115,ZMB,Zambia,North-Western,3.321240488,0.0,0.51,0.68,603.0,,,,,,,,,,,,,,,,,,,,,,,,,8.908121480600325,66.42480976,0.0,,416.5,19.842,47.062,2.242,0.812,0.039,0.0,0.0,0.47062,2.242,0.01218,0.0584999999999999,0.0,0.0,2.7833,0.0,0.0,44.15625,2.1036150658858075,0.0,0.0,1.54546875,7.362652730600326,8.908121480600325,5121,,,0.0922834510752957,Information
122950,608.0,256.5193789,ZMB,Zambia,Western,3.213818155,0.0,0.51,0.68,608.0,,,,,,,,,,,,,,,,,,,,,,,,,13.381947378901682,64.2763631,0.0,,33.062,12.889,12.125,4.727,0.625,0.244,0.0,0.0,0.12125,4.727,0.009375,0.366,0.0,0.0,5.223625,0.0,0.0,9.5625,3.727788536829052,0.0,0.0,0.3346875,13.047259878901682,13.381947378901682,5025,,,0.163073084815386,Information
122961,609.0,2546.441858,ZMB,Zambia,North-Western,3.283298171,0.0,0.51,0.68,609.0,,,,,,,,,,,,,,,,,,,,,,,,,3.874045,65.66596342,0.0,,415.5,16.317,49.812,1.956,19.125,0.751,0.062,0.002,0.4981199999999999,1.956,0.286875,1.1265,0.00155,0.005,3.874045,0.0,0.0,3.515625,0.1380602894588148,0.0,0.0,0.123046875,0.4832110131058518,0.6062578881058518,16028,,,0.0145607454259465,Information
122962,610.0,3043.966506,ZMB,Zambia,North-Western,1.665242153,0.0,0.51,0.68,610.0,,,,,,,,,,,,,,,,,,,,,,,,,2.2214400000000003,33.30484306,0.0,,334.812,10.999,23.062,0.758,19.188,0.63,0.0,0.0,0.23062,0.758,0.2878199999999999,0.945,0.0,0.0,2.2214400000000003,0.0,0.0,6.46875,0.212510551213627,0.0,0.0,0.22640625,0.7437869292476945,0.9701931792476944,20334,,,0.0003345016984327,Information
122963,611.0,996.0843855,ZMB,Zambia,Western,3.445005898,0.0,0.51,0.68,611.0,,,,,,,,,,,,,,,,,,,,,,,,,1.637425,68.90011795999999,0.0,,105.562,10.598,6.75,0.678,4.875,0.489,0.312,0.031,0.0675,0.678,0.073125,0.7335,0.0078,0.0775,1.637425,0.0,0.0,0.5625,0.0564711191348923,0.0,0.0,0.0196875,0.197648916972123,0.217336416972123,3712,,,0.0016195857955272,Information
122964,612.0,21053.40544,ZMB,Zambia,North-Western,2.498671577,0.0,0.51,0.68,612.0,,,,,,,,,,,,,,,,,,,,,,,,,6.018,49.97343154,0.0,,1255.438,5.963,191.875,0.911,139.5,0.663,2.75,0.013,1.91875,0.911,2.0925,0.9945,0.06875,0.0325,6.018,0.0,0.0,4.640625,0.0220421585146828,0.0,0.0,0.162421875,0.0771475548013898,0.2395694298013898,77942,,,0.0170960362216761,Information
122965,613.0,2808.79869,ZMB,Zambia,North-Western,3.641548864,0.0,0.51,0.68,613.0,613.0,0.0,1.0,-9999.0,-9999.0,-9999.0,0.0,10.0,-999.9,-999.9,-999.9,-5979.4,0.0,0.0,0.0,0.0,0.0,0.0,0.0,0.0,0.0,0.0,0.0,-5979.4,1.70687,72.83097728,0.0,,150.125,5.345,22.812,0.812,9.75,0.347,0.0,0.0,0.22812,0.812,0.14625,0.5205,0.0,0.0,1.70687,0.0,0.0,2.109375,0.0750988316643116,0.0,0.0,0.073828125,0.2628459108250905,0.3366740358250906,45729,,,0.0028251287434275,Information
122966,614.0,5062.714337,ZMB,Zambia,North-Western,4.007917948,0.0,0.51,0.68,614.0,614.0,0.0,1.0,-9999.0,-9999.0,-9999.0,0.0,10.0,-999.9,-999.9,-999.9,-5979.4,0.0,0.0,0.0,0.0,0.0,0.0,0.0,0.0,0.0,0.0,0.0,-5979.4,0.571103739110451,80.15835896,0.0,,80.875,1.597,6.875,0.136,5.562,0.11,0.0,0.0,0.06875,0.136,0.08343,0.165,0.0,0.0,0.45318,0.0,0.0,5.484375,0.1083287468887003,0.0,0.0,0.191953125,0.379150614110451,0.571103739110451,34540,,,0.0001941082681984,Information
122967,615.0,2140.244585,ZMB,Zambia,North-Western,3.7382361,0.0,0.51,0.68,615.0,,,,,,,,,,,,,,,,,,,,,,,,,1.33482,74.764722,0.0,,78.25,3.656,16.5,0.771,4.688,0.219,0.0,0.0,0.165,0.771,0.07032,0.3285,0.0,0.0,1.33482,,,,,,,,,,32574,,,0.001643995227085,Information
122968,616.0,22692.36684,ZMB,Zambia,North-Western,2.113454593,0.0,0.51,0.68,616.0,,,,,,,,,,,,,,,,,,,,,,,,,7.012832067626273,42.26909186,0.0,,315.625,1.391,66.938,0.295,17.562,0.077,0.188,0.001,0.66938,0.295,0.26343,0.1154999999999999,0.0046999999999999,0.0025,1.35051,0.0,0.0,139.078125,0.6128850550360778,0.0,0.0,4.867734375,2.1450976926262726,7.012832067626273,168081,,,0.0175132858099702,Information
122969,617.0,12111.95014,ZMB,Zambia,North-Western,2.262819108,0.0,0.51,0.68,617.0,,,,,,,,,,,,,,,,,,,,,,,,,1.967830405691246,45.25638216,0.0,,205.0,1.693,57.188,0.472,22.125,0.183,0.062,0.001,0.57188,0.472,0.331875,0.2744999999999999,0.00155,0.0025,1.654305,0.0,0.0,30.796875,0.2542685087689275,0.0,0.0,1.077890625,0.8899397806912461,1.967830405691246,115206,,,0.0004409378499265,Information
127446,825.0,50792.13661,ZMB,Zambia,Southern,2.378896067,0.0,0.51,0.68,825.0,,,,,,,,,,,,,,,,,,,,,,,,,14.68795,47.57792134,0.0,,9523.25,18.749,1457.188,2.869,100.25,0.197,0.688,0.001,10.0,2.869,1.50375,0.2955,0.0171999999999999,0.0025,14.68795,,,,,,,,,,92795,,,0.1016331994802229,Information
132849,1347.0,10633.5413,ZMB,Zambia,Northern,1.964358448,0.0,0.51,0.68,1347.0,,,,,,,,,,,,,,,,,,,,,,,,,6.035920452492002,39.28716896,0.0,,17.375,0.163,8.938,0.084,0.375,0.004,0.125,0.001,0.08938,0.084,0.005625,0.006,0.003125,0.0025,0.19063,0.0,0.0,88.875,0.8357987007120005,0.0,0.0,3.110625,2.9252954524920014,6.035920452492002,84285,,,0.0104877077375798,Information
132959,1397.0,6596.740545,ZMB,Zambia,Luapula,3.444600187,0.0,0.51,0.68,1397.0,,,,,,,,,,,,,,,,,,,,,,,,,7.516448261115791,68.89200373999999,0.0,,4.562,0.069,2.875,0.044,0.5,0.008,0.25,0.004,0.02875,0.044,0.0075,0.012,0.00625,0.01,0.1084999999999999,0.0,0.0,85.359375,1.2939628960330831,0.0,0.0,2.987578125,4.528870136115791,7.516448261115791,600761,,,0.0777498242823903,Information
132960,1398.0,27158.14941,ZMB,Zambia,Northern,3.578776388,0.0,0.51,0.68,1398.0,1398.0,0.0,1.0,-9999.0,-9999.0,-9999.0,0.0,10.0,-999.9,-999.9,-999.9,-5979.4,0.0,0.0,0.0,0.0,0.0,0.0,0.0,0.0,0.0,0.0,0.0,-5979.4,8.0136698196947,71.57552776,0.0,,203.75,0.75,126.188,0.465,73.188,0.269,74.438,0.274,1.26188,0.465,1.09782,0.4035,1.86095,0.685,5.774150000000001,0.0,0.0,167.34375,0.6161824484841998,0.0,0.0,5.85703125,2.1566385696946995,8.0136698196947,437076,,,0.1027383438758738,Information
132973,1401.0,19754.69281,ZMB,Zambia,Luapula,3.412326485,0.0,0.51,0.68,1401.0,1401.0,0.0,1.0,-9999.0,-9999.0,-9999.0,0.0,10.0,-999.9,-999.9,-999.9,-5979.4,0.0,0.0,0.0,0.0,0.0,0.0,0.0,0.0,0.0,0.0,0.0,-5979.4,8.377109910020465,68.2465297,0.0,,531.5,2.69,185.312,0.938,96.75,0.49,7.812,0.04,1.85312,0.938,1.45125,0.735,0.1953,0.1,5.27267,0.0,0.0,158.90625,0.8043974742915618,0.0,0.0,5.56171875,2.815391160020466,8.377109910020465,424282,,,0.0913481275977806,Information
132976,1404.0,10600.49326,ZMB,Zambia,Central,3.075272667,0.0,0.51,0.68,1404.0,,,,,,,,,,,,,,,,,,,,,,,,,4.72507899803521,61.50545334,0.0,,95.312,0.899,55.688,0.525,23.438,0.221,10.25,0.097,0.55688,0.525,0.3515699999999999,0.3315,0.25625,0.2425,2.2637,0.0,0.0,69.46875,0.6553350708672027,0.0,0.0,2.43140625,2.2936727480352093,4.72507899803521,130521,,,0.0179688194861676,Information
132977,1405.0,1725.62627,ZMB,Zambia,Luapula,1.375824582,0.0,0.51,0.68,1405.0,,,,,,,,,,,,,,,,,,,,,,,,,48.471171875,27.51649164,0.0,,50.562,2.93,32.125,1.862,26.125,1.514,20.0,1.159,0.32125,1.862,0.391875,2.271,0.5,2.8975,8.243625,0.0,0.0,384.890625,22.30440227167748,0.0,0.0,13.471171875,35.0,48.471171875,27899,,,0.3436985737067602,Advisory
132978,1406.0,9510.270573,ZMB,Zambia,Muchinga,3.174866822,0.0,0.51,0.68,1406.0,,,,,,,,,,,,,,,,,,,,,,,,,55.92839601229223,63.49733644,0.0,3.0,116.375,1.224,72.875,0.766,39.375,0.414,14.188,0.149,0.72875,0.766,0.590625,0.621,0.3547,0.3725,3.433575,0.0,0.0,778.921875,8.19032296779778,0.0,0.0,27.262265625,28.666130387292228,55.92839601229223,55716,2293.0,4.11551439442889,0.6651963389275422,Watch
132979,1407.0,846.8134559,ZMB,Zambia,Muchinga,3.503236458,0.0,0.51,0.68,1407.0,,,,,,,,,,,,,,,,,,,,,,,,,59.161484375,70.06472916,0.0,3.0,51.062,6.03,44.938,5.307,36.25,4.281,13.75,1.624,0.44938,5.307,0.54375,6.4215,0.34375,4.0600000000000005,17.12538,0.0,0.0,690.328125,81.52068441887582,0.0,0.0,24.161484375,35.0,59.161484375,1939,1452.0,74.88396080453842,0.7521380650019456,Watch
132980,1408.0,18313.72868,ZMB,Zambia,Northern,1.507242584,0.0,0.51,0.68,1408.0,1408.0,1.0,1.0,100.0,-9999.0,-9999.0,3.0,10.0,10.0,-999.9,-999.9,-3953.6,0.0,0.0,0.0,0.0,0.0,0.0,0.0,0.0,0.0,0.0,0.0,-3953.6,70.0,30.14485168,0.0,3.0,251.188,1.372,152.938,0.835,73.875,0.403,37.188,0.203,1.52938,0.835,1.108125,0.6045,0.9297,0.5075000000000001,5.5142050000000005,0.0,0.0,3139.171875,17.141085408127196,0.0,0.0,35.0,35.0,70.0,477779,28395.0,5.943124331542408,0.5008263898693743,Watch
132991,1409.0,3389.160232,ZMB,Zambia,Luapula,3.836513332,0.0,0.51,0.68,1409.0,,,,,,,,,,,,,,,,,,,,,,,,,70.0,76.73026664,0.0,3.0,76.938,2.27,31.75,0.937,13.812,0.408,1.938,0.057,0.3175,0.937,0.20718,0.612,0.04845,0.1425,2.26463,0.0,0.0,2122.734375,62.63304858717691,0.0,0.0,35.0,35.0,70.0,30005,4538.0,15.124145975670721,0.864626020720554,Warning
132992,1410.0,7964.21105,ZMB,Zambia,Muchinga,1.586513136,0.0,0.51,0.68,1410.0,1410.0,0.0,1.0,-9999.0,-9999.0,-9999.0,0.0,10.0,-999.9,-999.9,-999.9,-5979.4,0.0,0.0,0.0,0.0,0.0,0.0,0.0,0.0,0.0,0.0,0.0,-5979.4,9.114631717086478,31.73026272,0.0,,30.25,0.38,13.062,0.164,2.5,0.031,0.062,0.001,0.1306199999999999,0.164,0.0375,0.0465,0.00155,0.0025,0.3826699999999999,0.0,0.0,115.453125,1.4496492405961368,0.0,0.0,4.040859375,5.073772342086478,9.114631717086478,186884,,,0.0220265308261026,Information
132993,1411.0,3054.229921,ZMB,Zambia,Muchinga,4.010147079,0.0,0.51,0.68,1411.0,1411.0,0.0,1.0,-9999.0,-9999.0,-9999.0,0.0,10.0,-999.9,-999.9,-999.9,-5979.4,0.0,0.0,0.0,0.0,0.0,0.0,0.0,0.0,0.0,0.0,0.0,-5979.4,36.8985838951774,80.20294158,0.0,3.0,20.438,0.669,14.125,0.462,3.688,0.121,0.062,0.002,0.14125,0.462,0.05532,0.1815,0.00155,0.005,0.8466200000000002,0.0,0.0,246.65625,8.075890041479255,0.0,0.0,8.63296875,28.265615145177392,36.8985838951774,29906,2156.0,7.209255667758978,0.7332393783802644,Watch
132994,1412.0,4883.311658,ZMB,Zambia,Northern,2.945598921,0.0,0.51,0.68,1412.0,,,,,,,,,,,,,,,,,,,,,,,,,5.355301540268681,58.91197842,0.0,,26.25,0.538,8.312,0.17,2.312,0.047,0.062,0.001,0.08312,0.17,0.03468,0.0705,0.00155,0.0025,0.36235,0.0,0.0,50.203125,1.0280549043624805,0.0,0.0,1.757109375,3.598192165268681,5.355301540268681,52070,,,0.0207934937093858,Information
132995,1413.0,1454.576499,ZMB,Zambia,Northern,3.590129853,0.0,0.51,0.68,1413.0,,,,,,,,,,,,,,,,,,,,,,,,,10.85253216304768,71.80259706,0.0,,31.812,2.187,14.125,0.971,3.75,0.258,0.062,0.004,0.14125,0.971,0.05625,0.387,0.00155,0.01,1.5670499999999998,0.0,0.0,39.375,2.70697347515648,0.0,0.0,1.378125,9.47440716304768,10.85253216304768,9146,,,0.1698314707340625,Information
132996,1414.0,8385.145127,ZMB,Zambia,Northern,2.469667301,0.0,0.51,0.68,1414.0,1414.0,0.0,1.0,-9999.0,-9999.0,-9999.0,0.0,10.0,-999.9,-999.9,-999.9,-5979.4,0.0,0.0,0.0,0.0,0.0,0.0,0.0,0.0,0.0,0.0,0.0,-5979.4,1.359745417062666,49.39334602,0.0,,20.688,0.247,5.188,0.062,5.5,0.066,1.625,0.019,0.0518799999999999,0.062,0.0825,0.099,0.040625,0.0475,0.383505,0.0,0.0,17.71875,0.2113111905893331,0.0,0.0,0.62015625,0.7395891670626659,1.359745417062666,368347,,,0.0001491420968378,Information
132997,1415.0,17928.43029,ZMB,Zambia,Muchinga,2.341297625,0.0,0.51,0.68,1415.0,1415.0,0.0,1.0,-9999.0,-9999.0,-9999.0,0.0,10.0,-999.9,-999.9,-999.9,-5979.4,0.0,0.0,0.0,0.0,0.0,0.0,0.0,0.0,0.0,0.0,0.0,-5979.4,56.18266177344583,46.8259525,0.0,,89.812,0.501,50.812,0.283,16.625,0.093,3.5,0.02,0.50812,0.283,0.249375,0.1395,0.0875,0.05,1.317495,0.0,0.0,1085.0625,6.052189078127379,0.0,0.0,35.0,21.182661773445822,56.18266177344583,281033,,,0.5219458060179932,Advisory
145771,1967.0,309.7471516,ZMB,Zambia,Southern,4.141115999,0.0,0.51,0.68,1967.0,,,,,,,,,,,,,,,,,,,,,,,,,47.92921502520625,82.82231998,0.0,3.0,7.75,2.502,7.75,2.502,1.0,0.323,0.562,0.182,0.0775,2.502,0.015,0.4845,0.01405,0.4549999999999999,3.5480500000000004,22.78125,7.354789183470829,44.4375,14.346378901091247,0.34171875,11.032183775206244,1.5553125,35.0,47.92921502520625,17077,2730.0,15.98641447561047,0.8475811606570468,Warning
122810,555.0,13388.04807,NAM,Namibia,Zambezi,2.589296441,0.0,0.57,0.6,555.0,555.0,0.0,1.0,-9999.0,-9999.0,-9999.0,0.0,10.0,-999.9,-999.9,-999.9,-5979.4,0.0,0.0,0.0,0.0,0.0,0.0,0.0,0.0,0.0,0.0,0.0,-5979.4,70.0,51.78592882,0.0,3.0,618.062,4.617,115.25,0.861,32.375,0.242,7.375,0.055,1.1525,0.861,0.485625,0.363,0.184375,0.1375,3.1840000000000006,0.0,0.0,1447.03125,10.808381048137685,0.0,0.0,35.0,35.0,70.0,65405,6680.0,10.213286445990368,0.6453678464900674,Watch
127100,786.0,5130.379882,NAM,Namibia,!Karas,3.886370549,0.0,0.57,0.6,786.0,,,,,,,,,,,,,,,,,,,,,,,,,11.757524892981674,77.72741098,0.0,,15.812,0.308,15.812,0.308,7.562,0.147,9.5,0.185,0.1581199999999999,0.308,0.11343,0.2204999999999999,0.2375,0.4625,1.50005,0.0,0.0,113.90625,2.2202303265661927,0.0,0.0,3.98671875,7.770806142981675,11.757524892981674,12508,,,0.2614559393419647,Information
127202,789.0,18388.13021,NAM,Namibia,!Karas,1.524871943,0.0,0.57,0.6,789.0,789.0,0.0,1.0,-9999.0,-9999.0,-9999.0,0.0,10.0,-999.9,-999.9,-999.9,-5979.4,0.0,0.0,0.0,0.0,0.0,0.0,0.0,0.0,0.0,0.0,0.0,-5979.4,2.188377725963316,30.49743886,0.0,,62.562,0.34,23.25,0.126,3.688,0.02,2.625,0.014,0.2325,0.126,0.05532,0.03,0.065625,0.035,0.5444450000000001,0.0,0.0,40.5,0.2202507788466615,0.0,0.0,1.4175,0.7708777259633153,2.188377725963316,3911,,,0.0002718956384993,Information
127203,790.0,6367.669456,NAM,Namibia,!Karas,4.04549946,0.0,0.57,0.6,790.0,790.0,0.0,1.0,-9999.0,-9999.0,-9999.0,0.0,10.0,-999.9,-999.9,-999.9,-5979.4,0.0,0.0,0.0,0.0,0.0,0.0,0.0,0.0,0.0,0.0,0.0,-5979.4,0.6325675638505535,80.90998920000001,0.0,,,,,,,,,,,,,,,,,0.0,0.0,7.03125,0.1104210896715867,0.0,0.0,0.24609375,0.3864738138505534,0.6325675638505535,501,,,0.0003282451066168,Information
127204,791.0,10184.02421,NAM,Namibia,!Karas,0.875414657,0.0,0.57,0.6,791.0,791.0,0.0,1.0,-9999.0,-9999.0,-9999.0,0.0,10.0,-999.9,-999.9,-999.9,-5979.4,0.0,0.0,0.0,0.0,0.0,0.0,0.0,0.0,0.0,0.0,0.0,-5979.4,0.5852887352135079,17.50829314,0.0,,,,,,,,,,,,,,,,,0.0,0.0,8.4375,0.0828503529181451,0.0,0.0,0.2953125,0.2899762352135078,0.5852887352135079,1321,,,3.742304966454522e-07,Information
127205,792.0,14570.3685,NAM,Namibia,!Karas,0.196600297,0.0,0.57,0.6,792.0,792.0,0.0,1.0,-9999.0,-9999.0,-9999.0,0.0,10.0,-999.9,-999.9,-999.9,-5979.4,0.0,0.0,0.0,0.0,0.0,0.0,0.0,0.0,0.0,0.0,0.0,-5979.4,3.5523478276338247,3.93200594,0.0,,40.0,0.275,29.562,0.203,19.0,0.13,20.062,0.138,0.29562,0.203,0.285,0.195,0.50155,0.345,1.82517,0.0,0.0,60.1875,0.4130815221810928,0.0,0.0,2.1065625,1.4457853276338248,3.5523478276338247,28806,,,0.0004878396213773,Information
127206,793.0,5053.446694,NAM,Namibia,Hardap,1.217077536,0.0,0.57,0.6,793.0,,,,,,,,,,,,,,,,,,,,,,,,,4.5655,24.34155072,0.0,,261.0,5.165,153.25,3.033,0.0,0.0,0.0,0.0,1.5325,3.033,0.0,0.0,0.0,0.0,4.5655,0.0,0.0,8.296875,0.1641824976493863,0.0,0.0,0.290390625,0.574638741772852,0.865029366772852,1792,,,0.0024948258666094,Information
127207,794.0,485.0103896,NAM,Namibia,!Karas,2.126172555,0.0,0.57,0.6,794.0,,,,,,,,,,,,,,,,,,,,,,,,,0.50012,42.5234511,0.0,,2.312,0.477,2.312,0.477,0.0,0.0,0.0,0.0,0.0231199999999999,0.477,0.0,0.0,0.0,0.0,0.50012,,,,,,,,,,143,,,1.0462243980462802e-06,Information
127208,795.0,11719.64362,NAM,Namibia,Hardap,4.020598388,0.0,0.57,0.6,795.0,795.0,0.0,1.0,-9999.0,-9999.0,-9999.0,0.0,10.0,-999.9,-999.9,-999.9,-5979.4,0.0,0.0,0.0,0.0,0.0,0.0,0.0,0.0,0.0,0.0,0.0,-5979.4,2.9488,80.41196776,0.0,,345.875,2.951,158.875,1.356,0.0,0.0,0.062,0.001,1.58875,1.356,0.0,0.0,0.00155,0.0025,2.9488,0.0,0.0,10.828125,0.0923929545325296,0.0,0.0,0.378984375,0.3233753408638536,0.7023597158638536,5377,,,0.029144344199239,Information
127209,796.0,16210.39575,NAM,Namibia,Hardap,3.074106725,0.0,0.57,0.6,796.0,796.0,0.0,1.0,-9999.0,-9999.0,-9999.0,0.0,10.0,-999.9,-999.9,-999.9,-5979.4,0.0,0.0,0.0,0.0,0.0,0.0,0.0,0.0,0.0,0.0,0.0,-5979.4,7.251815,61.4821345,0.0,,977.375,6.029,414.562,2.557,22.438,0.138,0.125,0.001,4.14562,2.557,0.33657,0.207,0.003125,0.0025,7.251815,0.0,0.0,44.71875,0.2758646408119378,0.0,0.0,1.56515625,0.9655262428417822,2.530682492841782,25956,,,0.0474725048952834,Information
127300,797.0,9470.089763,NAM,Namibia,!Karas,1.586543702,0.0,0.57,0.6,797.0,,,,,,,,,,,,,,,,,,,,,,,,,7.03281579842543,31.73087404,0.0,,41.812,0.442,33.875,0.358,11.562,0.122,14.375,0.152,0.33875,0.358,0.17343,0.183,0.359375,0.38,1.792555,0.0,0.0,97.734375,1.0320321924072655,0.0,0.0,3.420703125,3.612112673425429,7.03281579842543,2897,,,0.0115169936236248,Information
127303,800.0,9503.149289,NAM,Namibia,!Karas,4.03381268,0.0,0.57,0.6,800.0,800.0,1.0,1.0,100.0,-9999.0,-9999.0,3.0,10.0,10.0,-999.9,-999.9,-3953.6,0.0,0.0,0.0,0.0,0.0,0.0,0.0,0.0,0.0,0.0,0.0,-3953.6,10.14148344144024,80.6762536,0.0,,4.875,0.051,4.875,0.051,0.438,0.005,0.625,0.007,0.04875,0.051,0.00657,0.0075,0.015625,0.0175,0.146945,0.0,0.0,141.1875,1.4856916975543546,0.0,0.0,4.9415625,5.199920941440241,10.14148344144024,9038,,,0.2595606657060658,Information
127305,802.0,1872.051678,NAM,Namibia,!Karas,4.018999348,0.0,0.57,0.6,802.0,802.0,1.0,1.0,100.0,-9999.0,-9999.0,3.0,10.0,10.0,-999.9,-999.9,-3953.6,0.0,0.0,0.0,0.0,0.0,0.0,0.0,0.0,0.0,0.0,0.0,-3953.6,8.427568459804515,80.37998696000001,0.0,,12.562,0.671,12.562,0.671,3.375,0.18,3.375,0.18,0.1256199999999999,0.671,0.050625,0.27,0.084375,0.4499999999999999,1.65162,0.0,0.0,37.96875,2.0281892028012902,0.0,0.0,1.32890625,7.098662209804516,8.427568459804515,335,,,0.199043742998226,Information
127307,804.0,13149.4338,NAM,Namibia,!Karas,2.466877362,0.0,0.57,0.6,804.0,804.0,1.0,1.0,100.0,-9999.0,-9999.0,3.0,10.0,10.0,-999.9,-999.9,-3953.6,0.0,0.0,0.0,0.0,0.0,0.0,0.0,0.0,0.0,0.0,0.0,-3953.6,7.2351972500008355,49.33754724,0.0,,19.812,0.151,19.812,0.151,1.5,0.011,3.562,0.027,0.19812,0.151,0.0225,0.0165,0.0890499999999999,0.0675,0.54467,0.0,0.0,117.421875,0.8929804642859531,0.0,0.0,4.109765625,3.125431625000836,7.2351972500008355,11733,,,0.025813712792008,Information
127400,807.0,26172.93111,NAM,Namibia,!Karas,4.037760744,0.0,0.57,0.6,807.0,,,,,,,,,,,,,,,,,,,,,,,,,12.434780126275392,80.75521488,0.0,,56.688,0.217,42.062,0.161,11.062,0.042,16.438,0.063,0.42062,0.161,0.16593,0.063,0.41095,0.1575,1.379,0.0,0.0,257.0625,0.9821693217929688,0.0,0.0,8.9971875,3.43759262627539,12.434780126275392,10511,,,0.3311489698243437,Information
127465,834.0,9256.447239,NAM,Namibia,Hardap,2.384817293,0.0,0.57,0.6,834.0,,,,,,,,,,,,,,,,,,,,,,,,,0.5820000000000001,47.69634586,0.0,,106.688,1.153,28.0,0.302,0.0,0.0,0.0,0.0,0.28,0.302,0.0,0.0,0.0,0.0,0.5820000000000001,,,,,,,,,,958,,,3.424127229407996e-06,Information
127466,835.0,13986.28407,NAM,Namibia,Hardap,2.688944655,0.0,0.57,0.6,835.0,,,,,,,,,,,,,,,,,,,,,,,,,5.094,53.7788931,0.0,,874.25,6.251,297.0,2.124,0.0,0.0,0.0,0.0,2.97,2.124,0.0,0.0,0.0,0.0,5.094,,,,,,,,,,5156,,,0.0137139593541921,Information
127467,836.0,15523.65275,NAM,Namibia,Hardap,1.409260429,0.0,0.57,0.6,836.0,836.0,0.0,1.0,-9999.0,-9999.0,-9999.0,0.0,10.0,-999.9,-999.9,-999.9,-5979.4,0.0,0.0,0.0,0.0,0.0,0.0,0.0,0.0,0.0,0.0,0.0,-5979.4,2.75688,28.18520858,0.0,,766.875,4.94,167.688,1.08,0.0,0.0,0.0,0.0,1.67688,1.08,0.0,0.0,0.0,0.0,2.75688,0.0,0.0,2.53125,0.016305762831573,0.0,0.0,0.08859375,0.0570701699105054,0.1456639199105054,10802,,,0.0005570790248819,Information
127469,838.0,6265.738145,NAM,Namibia,Hardap,0.016850639,0.0,0.57,0.6,838.0,,,,,,,,,,,,,,,,,,,,,,,,,2.28158,0.33701278,0.0,,184.625,2.947,87.438,1.395,0.0,0.0,0.188,0.003,0.87438,1.395,0.0,0.0,0.0046999999999999,0.0075,2.28158,0.0,0.0,4.640625,0.0740635004643734,0.0,0.0,0.162421875,0.2592222516253069,0.4216441266253069,45278,,,7.938788237461821e-05,Information
127495,853.0,5951.79363,NAM,Namibia,Hardap,2.490094165,0.0,0.57,0.6,853.0,,,,,,,,,,,,,,,,,,,,,,,,,0.62025,49.8018833,0.0,,36.312,0.61,23.125,0.389,0.0,0.0,0.0,0.0,0.23125,0.389,0.0,0.0,0.0,0.0,0.62025,,,,,,,,,,1092,,,5.574182666016324e-06,Information
127496,854.0,11521.13414,NAM,Namibia,Omaheke,1.879441125,0.0,0.57,0.6,854.0,,,,,,,,,,,,,,,,,,,,,,,,,2.55675,37.5888225,0.0,,605.0,5.251,136.875,1.188,0.0,0.0,0.0,0.0,1.36875,1.188,0.0,0.0,0.0,0.0,2.55675,,,,,,,,,,9394,,,0.0006991361184433,Information
127497,855.0,6799.695834,NAM,Namibia,Omaheke,2.527189456,0.0,0.57,0.6,855.0,,,,,,,,,,,,,,,,,,,,,,,,,3.15325,50.54378912,0.0,,498.312,7.328,127.625,1.877,0.0,0.0,0.0,0.0,1.27625,1.877,0.0,0.0,0.0,0.0,3.15325,,,,,,,,,,7111,,,0.0029557169656202,Information
127498,856.0,9916.464561,NAM,Namibia,Omaheke,4.007213022,0.0,0.57,0.6,856.0,,,,,,,,,,,,,,,,,,,,,,,,,4.64838,80.14426044000001,0.0,,582.188,5.871,231.438,2.334,0.0,0.0,0.0,0.0,2.31438,2.334,0.0,0.0,0.0,0.0,4.64838,,,,,,,,,,6670,,,0.0732543700884739,Information
127499,857.0,8012.45683,NAM,Namibia,Omaheke,2.683990172,0.0,0.57,0.6,857.0,,,,,,,,,,,,,,,,,,,,,,,,,7.75937,53.67980344,0.0,,950.125,11.858,344.062,4.294,0.75,0.009,0.0,0.0,3.44062,4.294,0.01125,0.0134999999999999,0.0,0.0,7.75937,,,,,,,,,,29496,,,0.0369948598152432,Information
128006,925.0,3905.612421,NAM,Namibia,!Karas,0.043629423,0.0,0.57,0.6,925.0,,,,,,,,,,,,,,,,,,,,,,,,,0.2801,0.87258846,0.0,,16.438,0.421,7.562,0.194,0.062,0.002,0.062,0.002,0.07562,0.194,0.0009299999999999,0.003,0.00155,0.005,0.2801,,,,,,,,,,192,,,2.1919641179083035e-09,Information
128007,926.0,7886.523394,NAM,Namibia,Hardap,1.19497009,0.0,0.57,0.6,926.0,,,,,,,,,,,,,,,,,,,,,,,,,0.50432,23.8994018,0.0,,47.0,0.596,21.375,0.271,0.188,0.002,0.25,0.003,0.21375,0.271,0.00282,0.003,0.00625,0.0075,0.50432,0.0,0.0,3.09375,0.0392283119643684,0.0,0.0,0.10828125,0.1372990918752894,0.2455803418752894,396,,,2.6296896535342665e-07,Information
128008,927.0,15472.68551,NAM,Namibia,Hardap,3.193234511,0.0,0.57,0.6,927.0,927.0,0.0,1.0,-9999.0,-9999.0,-9999.0,0.0,10.0,-999.9,-999.9,-999.9,-5979.4,0.0,0.0,0.0,0.0,0.0,0.0,0.0,0.0,0.0,0.0,0.0,-5979.4,0.69787,63.86469022,0.0,,100.25,0.648,33.0,0.213,4.938,0.032,0.812,0.005,0.33,0.213,0.07407,0.048,0.0203,0.0125,0.69787,0.0,0.0,3.375,0.0218126323243765,0.0,0.0,0.118125,0.0763442131353177,0.1944692131353177,979,,,3.956944521007956e-05,Information
128009,928.0,6667.376717,NAM,Namibia,Hardap,0.626107933,0.0,0.57,0.6,928.0,,,,,,,,,,,,,,,,,,,,,,,,,0.93618,12.52215866,0.0,,132.375,1.985,34.25,0.514,1.312,0.02,0.5,0.007,0.3425,0.514,0.01968,0.03,0.0125,0.0175,0.93618,,,,,,,,,,638,,,2.8485051482130868e-06,Information
128010,929.0,22700.00153,NAM,Namibia,!Karas,2.471629132,0.0,0.57,0.6,929.0,,,,,,,,,,,,,,,,,,,,,,,,,12.25169578310782,49.43258264,0.0,,86.688,0.382,27.438,0.121,4.5,0.02,4.688,0.021,0.27438,0.121,0.0675,0.03,0.1171999999999999,0.0525,0.66258,0.0,0.0,243.0,1.0704845094593771,0.0,0.0,8.505,3.74669578310782,12.25169578310782,17053,,,0.0781474973196787,Information
128020,930.0,16852.36074,NAM,Namibia,Khomas,3.069689941,0.0,0.57,0.6,930.0,930.0,0.0,1.0,-9999.0,-9999.0,-9999.0,0.0,10.0,-999.9,-999.9,-999.9,-5979.4,0.0,0.0,0.0,0.0,0.0,0.0,0.0,0.0,0.0,0.0,0.0,-5979.4,1.341060639910482,61.39379882,0.0,,32.812,0.195,7.75,0.046,0.0,0.0,0.0,0.0,0.0775,0.046,0.0,0.0,0.0,0.0,0.1235,0.0,0.0,24.046875,0.1426914328315663,0.0,0.0,0.841640625,0.499420014910482,1.341060639910482,2311,,,0.0003897799461615,Information
128040,932.0,29518.20952,NAM,Namibia,Erongo,0.267226555,0.0,0.57,0.6,932.0,932.0,0.0,1.0,-9999.0,-9999.0,-9999.0,0.0,10.0,-999.9,-999.9,-999.9,-5979.4,0.0,0.0,0.0,0.0,0.0,0.0,0.0,0.0,0.0,0.0,0.0,-5979.4,3.53895,5.344531099999999,0.0,,509.438,1.726,261.938,0.887,1.188,0.004,0.25,0.001,2.61938,0.887,0.01782,0.006,0.00625,0.0025,3.53895,0.0,0.0,23.203125,0.0786061396622964,0.0,0.0,0.812109375,0.2751214888180374,1.0872308638180377,491429,,,0.0005073595177437,Information
128050,933.0,25239.49301,NAM,Namibia,Erongo,3.501412983,0.0,0.57,0.6,933.0,933.0,0.0,1.0,-9999.0,-9999.0,-9999.0,0.0,10.0,-999.9,-999.9,-999.9,-5984.4,0.0,0.0,0.0,0.0,0.0,0.0,0.0,0.0,0.0,0.0,0.0,-5984.4,2.3505,70.02825966,0.0,,350.0,1.387,158.625,0.628,6.375,0.025,0.125,0.0,1.58625,0.628,0.095625,0.0375,0.003125,0.0,2.3505,0.0,0.0,13.359375,0.0529304411712371,0.0,0.0,0.467578125,0.1852565440993298,0.6528346690993299,94594,,,0.0054540857346023,Information
128060,934.0,29506.57541,NAM,Namibia,Otjozondjupa,0.068621432,0.0,0.57,0.6,934.0,934.0,0.0,1.0,-9999.0,-9999.0,-9999.0,0.0,10.0,-999.9,-999.9,-999.9,-5986.733333333333,0.0,0.0,0.0,0.0,0.0,0.0,0.0,0.0,0.0,0.0,0.0,-5986.733333333333,9.25625,1.37242864,0.0,,1770.625,6.001,657.25,2.227,22.75,0.077,0.0,0.0,6.5725,2.227,0.34125,0.1154999999999999,0.0,0.0,9.25625,0.0,0.0,14.484375,0.0490886346516456,0.0,0.0,0.506953125,0.1718102212807596,0.6787633462807596,68198,,,0.0089894630867336,Information
128080,936.0,16767.50105,NAM,Namibia,Kunene,0.0604596,0.0,0.57,0.6,936.0,,,,,,,,,,,,,,,,,,,,,,,,,3.080375,1.209192,0.0,,604.375,3.604,192.0,1.145,0.625,0.004,0.0,0.0,1.92,1.145,0.009375,0.006,0.0,0.0,3.080375,0.0,0.0,2.109375,0.0125801393623465,0.0,0.0,0.073828125,0.0440304877682127,0.1178586127682127,20339,,,0.0002622192857644,Information
128095,941.0,3658.370831,NAM,Namibia,Kunene,0.850998232,0.0,0.57,0.6,941.0,,,,,,,,,,,,,,,,,,,,,,,,,0.1585,17.01996464,0.0,,7.062,0.193,4.25,0.116,0.0,0.0,0.0,0.0,0.0425,0.116,0.0,0.0,0.0,0.0,0.1585,,,,,,,,,,46,,,1.9174863448297635e-10,Information
128096,942.0,15943.12032,NAM,Namibia,Kunene,1.832037018,0.0,0.57,0.6,942.0,942.0,0.0,1.0,-9999.0,-9999.0,-9999.0,0.0,10.0,-999.9,-999.9,-999.9,-5979.4,0.0,0.0,0.0,0.0,0.0,0.0,0.0,0.0,0.0,0.0,0.0,-5979.4,0.929875,36.64074036,0.0,,168.938,1.06,56.625,0.355,0.375,0.002,0.0,0.0,0.56625,0.355,0.005625,0.003,0.0,0.0,0.929875,0.0,0.0,4.78125,0.029989424311323,0.0,0.0,0.16734375,0.1049629850896304,0.2723067350896305,11534,,,1.21326886500463e-05,Information
128098,944.0,15157.17415,NAM,Namibia,Kunene,0.218940992,0.0,0.57,0.6,944.0,,,,,,,,,,,,,,,,,,,,,,,,,0.956875,4.37881984,0.0,,144.938,0.956,57.125,0.377,0.375,0.002,0.0,0.0,0.57125,0.377,0.005625,0.003,0.0,0.0,0.956875,0.0,0.0,14.484375,0.0955611834670228,0.0,0.0,0.506953125,0.3344641421345798,0.8414172671345799,27659,,,2.067519970669315e-06,Information
129010,946.0,3843.44621,NAM,Namibia,Oshikoto,0.732736976,0.0,0.57,0.6,946.0,,,,,,,,,,,,,,,,,,,,,,,,,3.29893,14.65473952,0.0,,330.812,8.607,74.625,1.942,11.312,0.294,0.0,0.0,0.74625,1.942,0.16968,0.4409999999999999,0.0,0.0,3.29893,,,,,,,,,,1054,,,0.0005707530372285,Information
129022,948.0,5727.337225,NAM,Namibia,Otjozondjupa,1.354742623,0.0,0.57,0.6,948.0,,,,,,,,,,,,,,,,,,,,,,,,,9.21317,27.09485246,0.0,,648.625,11.325,214.062,3.738,80.0,1.397,0.562,0.01,2.14062,3.738,1.2,2.0955,0.01405,0.025,9.21317,,,,,,,,,,7422,,,0.0192953286682749,Information
129024,950.0,9831.610427,NAM,Namibia,Oshikoto,1.234045511,0.0,0.57,0.6,950.0,,,,,,,,,,,,,,,,,,,,,,,,,15.76638,24.68091022,0.0,,1703.062,17.322,622.438,6.331,82.0,0.834,14.5,0.147,6.22438,6.331,1.23,1.251,0.3625,0.3675,15.76638,,,,,,,,,,28776,,,0.0589259538591438,Information
129025,951.0,3571.20619,NAM,Namibia,Oshikoto,0.182468562,0.0,0.57,0.6,951.0,,,,,,,,,,,,,,,,,,,,,,,,,10.085435,3.64937124,0.0,,711.625,19.927,167.438,4.689,65.062,1.822,0.125,0.004,1.67438,4.689,0.97593,2.733,0.003125,0.01,10.085435,,,,,,,,,,1237,,,0.0120071115024733,Information
129026,952.0,16655.6599,NAM,Namibia,Oshikoto,0.444865276,0.0,0.57,0.6,952.0,,,,,,,,,,,,,,,,,,,,,,,,,13.308690000000002,8.89730552,0.0,,2256.312,13.547,571.062,3.429,173.188,1.04,0.25,0.002,5.7106200000000005,3.429,2.59782,1.56,0.00625,0.005,13.308690000000002,0.0,0.0,3.9375,0.023640612402558,0.0,0.0,0.1378125,0.082742143408953,0.220554643408953,42549,,,0.0272042412015903,Information
129027,953.0,4471.803752,NAM,Namibia,Oshikoto,1.906050468,0.0,0.57,0.6,953.0,,,,,,,,,,,,,,,,,,,,,,,,,13.66924,38.12100936,0.0,,1191.438,26.643,330.312,7.387,59.188,1.324,1.312,0.029,3.3031200000000003,7.387,0.88782,1.986,0.0328,0.0725,13.66924,,,,,,,,,,5291,,,0.0655175452040577,Information
129028,954.0,3267.537376,NAM,Namibia,Kavango,0.673279239,0.0,0.57,0.6,954.0,,,,,,,,,,,,,,,,,,,,,,,,,10.218050000000002,13.46558478,0.0,,802.375,24.556,208.062,6.368,29.062,0.889,0.0,0.0,2.08062,6.368,0.43593,1.3335,0.0,0.0,10.218050000000002,,,,,,,,,,2073,,,0.0163239644278752,Information
129029,955.0,2172.937134,NAM,Namibia,Otjozondjupa,0.087662571,0.0,0.57,0.6,955.0,,,,,,,,,,,,,,,,,,,,,,,,,9.88256,1.7532514199999998,0.0,,345.312,15.892,132.438,6.095,29.312,1.349,0.0,0.0,1.32438,6.095,0.43968,2.0235,0.0,0.0,9.88256,,,,,,,,,,994,,,0.0108176430540439,Information
129040,957.0,11641.45028,NAM,Namibia,Kunene,0.76057182,0.0,0.57,0.6,957.0,,,,,,,,,,,,,,,,,,,,,,,,,4.50575,15.2114364,0.0,,1231.938,10.582,242.375,2.082,0.0,0.0,0.0,0.0,2.42375,2.082,0.0,0.0,0.0,0.0,4.50575,,,,,,,,,,5680,,,0.0016687797543242,Information
129061,959.0,179.5021251,NAM,Namibia,Oshana,2.504514351,0.0,0.57,0.6,959.0,,,,,,,,,,,,,,,,,,,,,,,,,5.582355862355596,50.090287020000005,0.0,,17.188,9.575,5.0,2.785,0.938,0.522,0.938,0.522,0.05,2.785,0.01407,0.783,0.02345,1.3050000000000002,4.96052,0.0,0.0,2.8125,1.5668338178158845,0.0,0.0,0.0984375,5.483918362355595,5.582355862355596,0,,,0.0142402036393103,Information
129062,960.0,27712.10973,NAM,Namibia,Omusati,1.665897054,0.0,0.57,0.6,960.0,,,,,,,,,,,,,,,,,,,,,,,,,8.13225,33.31794108,0.0,,2156.5,7.782,577.312,2.083,11.562,0.042,1.188,0.004,5.7731200000000005,2.083,0.17343,0.063,0.0296999999999999,0.01,8.13225,0.0,0.0,79.3125,0.2862015948052144,0.0,0.0,2.7759375,1.0017055818182503,3.77764308181825,18745,,,0.0176849366922125,Information
129063,961.0,1885.654293,NAM,Namibia,Oshana,0.576120991,0.0,0.57,0.6,961.0,,,,,,,,,,,,,,,,,,,,,,,,,4.921425,11.52241982,0.0,,221.375,11.74,71.375,3.785,4.375,0.232,0.062,0.003,0.71375,3.785,0.065625,0.348,0.00155,0.0075,4.921425,0.0,0.0,18.984375,1.0067791890469957,0.0,0.0,0.664453125,3.523727161664485,4.188180286664485,64794,,,0.0019314172569616,Information
129064,962.0,6600.886725,NAM,Namibia,Omusati,4.002273276,0.0,0.57,0.6,962.0,,,,,,,,,,,,,,,,,,,,,,,,,3.81813,80.04546552000001,0.0,,411.062,6.227,151.25,2.291,0.062,0.001,0.188,0.003,1.5125,2.291,0.0009299999999999,0.0015,0.0046999999999999,0.0075,3.81813,0.0,0.0,20.953125,0.3174289436004316,0.0,0.0,0.733359375,1.1110013026015106,1.844360677601511,122656,,,0.0490946849202093,Information
129065,963.0,3421.337234,NAM,Namibia,Ohangwena,2.034739016,0.0,0.57,0.6,963.0,,,,,,,,,,,,,,,,,,,,,,,,,6.081924698329075,40.69478032,0.0,,320.375,9.364,104.75,3.062,0.938,0.027,0.062,0.002,1.0475,3.062,0.01407,0.0405,0.00155,0.005,4.17062,0.0,0.0,44.296875,1.2947240209511646,0.0,0.0,1.550390625,4.531534073329076,6.081924698329075,223881,,,0.0113818875641262,Information
129067,965.0,1235.781843,NAM,Namibia,Ohangwena,3.737699402,0.0,0.57,0.6,965.0,,,,,,,,,,,,,,,,,,,,,,,,,13.693469367123775,74.75398804,0.0,,115.375,9.336,25.25,2.043,0.438,0.035,0.0,0.0,0.2525,2.043,0.00657,0.0525,0.0,0.0,2.3545700000000003,0.0,0.0,43.03125,3.482107319178222,0.0,0.0,1.50609375,12.187375617123775,13.693469367123775,97283,,,0.270351862129633,Information
129070,968.0,828.4787781,NAM,Namibia,Oshikoto,2.577759452,0.0,0.57,0.6,968.0,,,,,,,,,,,,,,,,,,,,,,,,,6.433045769695466,51.55518904,0.0,,89.688,10.826,29.5,3.561,3.188,0.385,3.062,0.37,0.295,3.561,0.04782,0.5775,0.0765499999999999,0.925,5.48287,0.0,0.0,14.0625,1.6973880770558476,0.0,0.0,0.4921875,5.940858269695466,6.433045769695466,3101,,,0.0217447985873785,Information
129440,1012.0,26813.23827,NAM,Namibia,Omaheke,1.468893936,0.0,0.57,0.6,1012.0,,,,,,,,,,,,,,,,,,,,,,,,,9.34107,29.37787872,0.0,,2467.562,9.203,678.625,2.531,1.188,0.004,0.0,0.0,6.78625,2.531,0.01782,0.006,0.0,0.0,9.34107,,,,,,,,,,11383,,,0.0215405629437384,Information
129460,1014.0,23346.26935,NAM,Namibia,Otjozondjupa,1.773004141,0.0,0.57,0.6,1014.0,,,,,,,,,,,,,,,,,,,,,,,,,5.809120000000001,35.46008282,0.0,,1257.562,5.387,393.25,1.684,8.938,0.038,0.062,0.0,3.9325,1.684,0.13407,0.0569999999999999,0.00155,0.0,5.809120000000001,0.0,0.0,23.484375,0.1005915534124416,0.0,0.0,0.821953125,0.3520704369435455,1.1740235619435455,5993,,,0.0080232806620699,Information
129480,1016.0,19471.92909,NAM,Namibia,Omaheke,0.951495129,0.0,0.57,0.6,1016.0,,,,,,,,,,,,,,,,,,,,,,,,,7.379305,19.02990258,0.0,,1310.812,6.732,438.438,2.252,32.625,0.168,0.062,0.0,4.38438,2.252,0.489375,0.252,0.00155,0.0,7.379305,,,,,,,,,,5273,,,0.0083011107647131,Information
129490,1017.0,11738.3603,NAM,Namibia,Omaheke,2.847636527,0.0,0.57,0.6,1017.0,,,,,,,,,,,,,,,,,,,,,,,,,4.860375,56.952730540000005,0.0,,941.25,8.019,260.75,2.221,1.125,0.01,0.0,0.0,2.6075,2.221,0.016875,0.015,0.0,0.0,4.860375,,,,,,,,,,6503,,,0.0145849342274475,Information
129504,1022.0,8183.643496,NAM,Namibia,Kavango,1.716154871,0.0,0.57,0.6,1022.0,,,,,,,,,,,,,,,,,,,,,,,,,5.152570000000001,34.32309742,0.0,,717.688,8.77,231.25,2.826,0.438,0.005,0.0,0.0,2.3125,2.826,0.00657,0.0075,0.0,0.0,5.152570000000001,0.0,0.0,35.4375,0.4330283939679026,0.0,0.0,1.2403125,1.5155993788876592,2.755911878887659,7069,,,0.0054599499525806,Information
129506,1024.0,587.6054816,NAM,Namibia,Kavango,0.068854083,0.0,0.57,0.6,1024.0,,,,,,,,,,,,,,,,,,,,,,,,,3.95918,1.37708166,0.0,,100.938,17.178,21.875,3.723,0.062,0.011,0.0,0.0,0.21875,3.723,0.0009299999999999,0.0165,0.0,0.0,3.95918,0.0,0.0,1.96875,0.3350462277136952,0.0,0.0,0.06890625,1.1726617969979332,1.241568046997933,1064,,,0.0006516168134242,Information
129507,1025.0,1670.651773,NAM,Namibia,Kavango,2.884765864,0.0,0.57,0.6,1025.0,1025.0,0.0,1.0,-9999.0,-9999.0,-9999.0,0.0,10.0,-999.9,-999.9,-999.9,-5979.4,0.0,0.0,0.0,0.0,0.0,0.0,0.0,0.0,0.0,0.0,0.0,-5979.4,8.251843758498348,57.69531728,0.0,,186.438,11.16,39.062,2.338,1.125,0.067,0.312,0.019,0.3906199999999999,2.338,0.016875,0.1005,0.0078,0.0475,2.901295,0.0,0.0,33.75,2.0201696452852422,0.0,0.0,1.18125,7.070593758498347,8.251843758498348,24181,,,0.0510810316879648,Information
129509,1027.0,723.3022733,NAM,Namibia,Kavango,2.228303348,0.0,0.57,0.6,1027.0,,,,,,,,,,,,,,,,,,,,,,,,,38.0515625,44.56606696,0.0,,70.938,9.807,26.75,3.698,0.062,0.009,0.062,0.009,0.2675,3.698,0.0009299999999999,0.0134999999999999,0.00155,0.0225,4.00398,0.0,0.0,87.1875,12.054089033037611,0.0,0.0,3.0515625,35.0,38.0515625,8867,,,0.3533656096838985,Advisory
129700,1037.0,1276.524692,NAM,Namibia,Kavango,2.294923221,0.0,0.57,0.6,1037.0,,,,,,,,,,,,,,,,,,,,,,,,,22.000226491224176,45.89846442,0.0,,134.438,10.532,44.562,3.491,0.125,0.01,0.25,0.02,0.4456199999999999,3.491,0.001875,0.015,0.00625,0.05,4.009745000000001,0.0,0.0,71.15625,5.574216497492621,0.0,0.0,2.49046875,19.50975774122417,22.000226491224176,13763,,,0.1841107334530055,Information
129801,1038.0,11491.72546,NAM,Namibia,Kavango,2.205318268,0.0,0.57,0.6,1038.0,,,,,,,,,,,,,,,,,,,,,,,,,9.784995,44.10636536,0.0,,1234.125,10.739,509.562,4.434,9.125,0.079,0.0,0.0,5.09562,4.434,0.136875,0.1185,0.0,0.0,9.784995,0.0,0.0,3.515625,0.030592664358075,0.0,0.0,0.123046875,0.1070743252532624,0.2301212002532625,10049,,,0.0407017188949687,Information
129803,1040.0,3875.397466,NAM,Namibia,Otjozondjupa,0.714894014,0.0,0.57,0.6,1040.0,,,,,,,,,,,,,,,,,,,,,,,,,5.34694,14.29788028,0.0,,298.0,7.69,98.812,2.55,33.688,0.869,0.0,0.0,0.98812,2.55,0.50532,1.3035,0.0,0.0,5.34694,,,,,,,,,,3189,,,0.002765580178741,Information
129804,1041.0,3934.215183,NAM,Namibia,Otjozondjupa,2.825556558,0.0,0.57,0.6,1041.0,,,,,,,,,,,,,,,,,,,,,,,,,5.73587,56.511131160000005,0.0,,367.75,9.347,142.062,3.611,13.25,0.337,0.0,0.0,1.4206200000000002,3.611,0.19875,0.5055000000000001,0.0,0.0,5.73587,,,,,,,,,,800,,,0.021394406484784,Information
129805,1042.0,4653.98826,NAM,Namibia,Otjozondjupa,0.707853731,0.0,0.57,0.6,1042.0,,,,,,,,,,,,,,,,,,,,,,,,,5.04925,14.15707462,0.0,,405.438,8.712,143.125,3.075,11.5,0.247,0.0,0.0,1.43125,3.075,0.1725,0.3705,0.0,0.0,5.04925,,,,,,,,,,20211,,,0.0023036543794864,Information
129806,1043.0,5063.074805,NAM,Namibia,Otjozondjupa,3.162957558,0.0,0.57,0.6,1043.0,,,,,,,,,,,,,,,,,,,,,,,,,5.56725,63.25915116,0.0,,396.75,7.836,149.625,2.955,25.0,0.494,0.0,0.0,1.49625,2.955,0.375,0.741,0.0,0.0,5.56725,,,,,,,,,,2925,,,0.0295809720114556,Information
129808,1045.0,3056.450337,NAM,Namibia,Otjozondjupa,0.377064832,0.0,0.57,0.6,1045.0,,,,,,,,,,,,,,,,,,,,,,,,,1.50732,7.54129664,0.0,,114.5,3.746,33.5,1.096,1.188,0.039,0.0,0.0,0.335,1.096,0.01782,0.0584999999999999,0.0,0.0,1.50732,,,,,,,,,,5619,,,1.923940165483596e-05,Information
129809,1046.0,24211.90071,NAM,Namibia,Otjozondjupa,1.050724708,0.0,0.57,0.6,1046.0,,,,,,,,,,,,,,,,,,,,,,,,,11.248449999999998,21.01449416,0.0,,2126.125,8.781,776.688,3.208,12.938,0.053,0.0,0.0,7.76688,3.208,0.19407,0.0795,0.0,0.0,11.248449999999998,,,,,,,,,,19038,,,0.0256456808282228,Information
129920,1048.0,11922.17967,NAM,Namibia,Kavango,3.139803601,0.0,0.57,0.6,1048.0,,,,,,,,,,,,,,,,,,,,,,,,,9.58905,62.79607202,0.0,,2016.188,16.911,447.75,3.756,49.0,0.411,0.062,0.001,4.4775,3.756,0.735,0.6164999999999999,0.00155,0.0025,9.58905,,,,,,,,,,17837,,,0.0875825953056537,Information
131210,1057.0,29930.78472,NAM,Namibia,Kunene,1.887261287,0.0,0.57,0.6,1057.0,1057.0,0.0,1.0,-9999.0,-9999.0,-9999.0,0.0,10.0,-999.9,-999.9,-999.9,-5979.4,0.0,0.0,0.0,0.0,0.0,0.0,0.0,0.0,0.0,0.0,0.0,-5979.4,18.024476931241903,37.74522574,0.0,,691.375,2.31,365.375,1.221,71.625,0.239,73.688,0.246,3.65375,1.221,1.074375,0.3585,1.8422,0.615,8.764825,0.0,0.0,386.015625,1.2896943017834013,0.0,0.0,13.510546875,4.513930056241905,18.024476931241903,130755,,,0.1075793498696963,Information
122820,556.0,21287.13991,BWA,Botswana,North-West,0.894155314,0.0,0.63,0.51,556.0,,,,,,,,,,,,,,,,,,,,,,,,,27.836472065609065,17.88310628,0.0,,2474.938,11.626,458.25,2.153,56.688,0.266,3.5,0.016,4.5825,2.153,0.8503200000000001,0.399,0.0875,0.04,8.112319999999999,0.0,0.0,541.125,2.5420277330311625,0.0,0.0,18.939375,8.897097065609069,27.836472065609065,6846,,,0.1396714456007824,Information
124800,686.0,19541.35324,BWA,Botswana,Eastern,0.976600981,0.0,0.63,0.51,686.0,686.0,0.0,1.0,-9999.0,-9999.0,-9999.0,0.0,10.0,-999.9,-999.9,-999.9,-5979.4,0.0,0.0,0.0,0.0,0.0,0.0,0.0,0.0,0.0,0.0,0.0,-5979.4,7.178935,19.53201962,0.0,,1495.375,7.652,208.688,1.068,154.312,0.79,13.875,0.071,2.08688,1.068,2.31468,1.185,0.346875,0.1775,7.178935,0.0,0.0,21.515625,0.1101030452670605,0.0,0.0,0.753046875,0.3853606584347117,1.1384075334347117,129718,,,0.0078307811327415,Information
124931,689.0,3603.462096,BWA,Botswana,Eastern,3.050182967,0.0,0.63,0.51,689.0,,,,,,,,,,,,,,,,,,,,,,,,,2.92468,61.00365934,0.0,,336.375,9.335,49.25,1.367,18.812,0.522,0.0,0.0,0.4925,1.367,0.28218,0.783,0.0,0.0,2.92468,0.0,0.0,4.921875,0.1365873948114748,0.0,0.0,0.172265625,0.4780558818401618,0.6503215068401618,7290,,,0.0047948566341276,Information
124932,690.0,9965.180454,BWA,Botswana,Eastern,1.875048121,0.0,0.63,0.51,690.0,,,,,,,,,,,,,,,,,,,,,,,,,3.519109999999999,37.50096242,0.0,,559.75,5.617,70.438,0.707,68.312,0.686,1.062,0.011,0.70438,0.707,1.0246799999999998,1.029,0.02655,0.0274999999999999,3.519109999999999,0.0,0.0,18.28125,0.183451268997299,0.0,0.0,0.63984375,0.6420794414905465,1.2819231914905465,125213,,,0.0020077403455388,Information
124933,691.0,5029.756032,BWA,Botswana,Eastern,1.118107109,0.0,0.63,0.51,691.0,691.0,0.0,1.0,-9999.0,-9999.0,-9999.0,0.0,10.0,-999.9,-999.9,-999.9,-5979.4,0.0,0.0,0.0,0.0,0.0,0.0,0.0,0.0,0.0,0.0,0.0,-5979.4,3.429625,22.362142180000003,0.0,,330.688,6.575,50.875,1.011,42.625,0.847,0.0,0.0,0.50875,1.011,0.639375,1.2705,0.0,0.0,3.429625,0.0,0.0,4.5,0.089467560083303,0.0,0.0,0.1575,0.3131364602915605,0.4706364602915605,49050,,,0.0009054708564816,Information
124937,695.0,4017.833123,BWA,Botswana,Eastern,1.996836517,0.0,0.63,0.51,695.0,,,,,,,,,,,,,,,,,,,,,,,,,4.215450000000001,39.93673034,0.0,,308.938,7.689,53.438,1.33,44.938,1.118,0.0,0.0,0.5343800000000001,1.33,0.6740700000000001,1.677,0.0,0.0,4.215450000000001,0.0,0.0,7.03125,0.1750010462105745,0.0,0.0,0.24609375,0.6125036617370108,0.8585974117370108,22039,,,0.0039461584464008,Information
124938,696.0,2317.958759,BWA,Botswana,Eastern,0.091170269,0.0,0.63,0.51,696.0,696.0,0.0,1.0,-9999.0,-9999.0,-9999.0,0.0,10.0,-999.9,-999.9,-999.9,-5979.4,0.0,0.0,0.0,0.0,0.0,0.0,0.0,0.0,0.0,0.0,0.0,-5979.4,2.07875,1.82340538,0.0,,208.625,9.0,23.0,0.992,10.125,0.437,0.375,0.016,0.23,0.992,0.151875,0.6555,0.009375,0.04,2.07875,0.0,0.0,0.84375,0.036400561351135,0.0,0.0,0.02953125,0.1274019647289725,0.1569332147289725,52537,,,5.78645564299231e-05,Information
124940,698.0,11669.81056,BWA,Botswana,Eastern,0.586107931,0.0,0.63,0.51,698.0,,,,,,,,,,,,,,,,,,,,,,,,,4.9145,11.72215862,0.0,,1293.312,11.083,155.0,1.328,69.0,0.591,2.5,0.021,1.55,1.328,1.035,0.8865,0.0625,0.0525,4.9145,0.0,0.0,4.921875,0.0421761345191506,0.0,0.0,0.172265625,0.1476164708170271,0.3198820958170271,67348,,,0.0019366567777075,Information
124960,700.0,17471.48269,BWA,Botswana,Kgatleng,0.517994766,0.0,0.63,0.51,700.0,,,,,,,,,,,,,,,,,,,,,,,,,4.20327,10.35989532,0.0,,1271.438,7.277,124.0,0.71,93.188,0.533,1.438,0.008,1.24,0.71,1.39782,0.7995000000000001,0.0359499999999999,0.02,4.20327,0.0,0.0,27.703125,0.1585619577711719,0.0,0.0,0.969609375,0.5549668521991017,1.5245762271991017,1043597,,,0.0011069066010571,Information
127441,820.0,9287.883832,BWA,Botswana,Kgalagadi,3.103274194,0.0,0.63,0.51,820.0,,,,,,,,,,,,,,,,,,,,,,,,,1.184,62.06548388,0.0,,372.812,4.014,57.0,0.614,0.0,0.0,0.0,0.0,0.57,0.614,0.0,0.0,0.0,0.0,1.184,,,,,,,,,,7059,,,0.0002631872908304,Information
127470,839.0,5444.583361,BWA,Botswana,Kgalagadi,3.070084532,0.0,0.63,0.51,839.0,,,,,,,,,,,,,,,,,,,,,,,,,0.97475,61.40169064,0.0,,232.812,4.276,34.375,0.631,0.0,0.0,0.0,0.0,0.34375,0.631,0.0,0.0,0.0,0.0,0.97475,,,,,,,,,,626,,,0.0001171749020456,Information
127482,841.0,13889.3803,BWA,Botswana,Kgalagadi,1.547302486,0.0,0.63,0.51,841.0,,,,,,,,,,,,,,,,,,,,,,,,,3.62388,30.94604972,0.0,,1065.375,7.67,210.688,1.517,0.0,0.0,0.0,0.0,2.10688,1.517,0.0,0.0,0.0,0.0,3.62388,,,,,,,,,,9796,,,0.0016025882921933,Information
127484,843.0,16034.01273,BWA,Botswana,Kgalagadi,0.999539186,0.0,0.63,0.51,843.0,,,,,,,,,,,,,,,,,,,,,,,,,4.04012,19.99078372,0.0,,1205.188,7.516,248.812,1.552,0.0,0.0,0.0,0.0,2.4881200000000003,1.552,0.0,0.0,0.0,0.0,4.04012,,,,,,,,,,8464,,,0.0014138759764196,Information
127486,845.0,1756.620294,BWA,Botswana,Kgalagadi,0.900242213,0.0,0.63,0.51,845.0,,,,,,,,,,,,,,,,,,,,,,,,,1.004,18.00484426,0.0,,132.75,7.557,15.0,0.854,0.0,0.0,0.0,0.0,0.15,0.854,0.0,0.0,0.0,0.0,1.004,,,,,,,,,,20,,,5.3463829038734685e-06,Information
127487,846.0,1608.242678,BWA,Botswana,Kgalagadi,3.022114,0.0,0.63,0.51,846.0,,,,,,,,,,,,,,,,,,,,,,,,,1.50675,60.44228,0.0,,192.312,11.958,20.875,1.298,0.0,0.0,0.0,0.0,0.20875,1.298,0.0,0.0,0.0,0.0,1.50675,,,,,,,,,,33,,,0.0005419234263765,Information
127488,847.0,1683.908214,BWA,Botswana,Kgalagadi,3.491390501,0.0,0.63,0.51,847.0,,,,,,,,,,,,,,,,,,,,,,,,,2.90938,69.82781002,0.0,,239.812,14.241,41.938,2.49,0.0,0.0,0.0,0.0,0.41938,2.49,0.0,0.0,0.0,0.0,2.90938,,,,,,,,,,250,,,0.0096682177758949,Information
127489,848.0,4351.253713,BWA,Botswana,Kgalagadi,2.200208708,0.0,0.63,0.51,848.0,,,,,,,,,,,,,,,,,,,,,,,,,4.1965,44.00417416,0.0,,475.875,10.937,127.25,2.924,0.0,0.0,0.0,0.0,1.2725,2.924,0.0,0.0,0.0,0.0,4.1965,,,,,,,,,,1099,,,0.0047845088457612,Information
127491,849.0,2621.374505,BWA,Botswana,Kgalagadi,4.029613767,0.0,0.63,0.51,849.0,,,,,,,,,,,,,,,,,,,,,,,,,0.53262,80.59227534,0.0,,73.688,2.811,11.062,0.422,0.0,0.0,0.0,0.0,0.11062,0.422,0.0,0.0,0.0,0.0,0.53262,,,,,,,,,,50,,,0.0001618110601749,Information
127493,851.0,1471.169579,BWA,Botswana,Kgalagadi,4.046447258,0.0,0.63,0.51,851.0,,,,,,,,,,,,,,,,,,,,,,,,,0.27762,80.92894516,0.0,,11.062,0.752,3.562,0.242,0.0,0.0,0.0,0.0,0.03562,0.242,0.0,0.0,0.0,0.0,0.27762,,,,,,,,,,26,,,1.170152384488221e-05,Information
129102,973.0,5777.730279,BWA,Botswana,Eastern,0.92055768,0.0,0.63,0.51,973.0,,,,,,,,,,,,,,,,,,,,,,,,,3.38535,18.4111536,0.0,,51.875,0.898,43.812,0.758,22.062,0.382,18.812,0.326,0.4381199999999999,0.758,0.33093,0.573,0.4703,0.8150000000000001,3.38535,0.0,0.0,13.640625,0.2360896812438335,0.0,0.0,0.477421875,0.8263138843534172,1.3037357593534171,11169,,,0.0007307152548772,Information
129106,977.0,26423.05127,BWA,Botswana,Eastern,2.003845461,0.0,0.63,0.51,977.0,,,,,,,,,,,,,,,,,,,,,,,,,17.782423886047056,40.076909220000005,0.0,,1244.125,4.708,267.562,1.013,229.062,0.867,112.438,0.426,2.6756200000000003,1.013,3.4359300000000004,1.3005,2.81095,1.065,12.301,0.0,0.0,368.578125,1.3949112888705877,0.0,0.0,12.900234375,4.882189511047057,17.782423886047056,13518,,,0.1122113916279228,Information
129108,979.0,7001.866735,BWA,Botswana,Central,3.713691546,0.0,0.63,0.51,979.0,,,,,,,,,,,,,,,,,,,,,,,,,1.709555,74.27383092000001,0.0,,343.438,4.905,42.688,0.61,18.375,0.262,0.062,0.001,0.42688,0.61,0.275625,0.393,0.00155,0.0025,1.709555,0.0,0.0,4.5,0.0642685753705551,0.0,0.0,0.1575,0.2249400137969428,0.3824400137969428,43500,,,0.0033512443223439,Information
129109,980.0,4475.878893,BWA,Botswana,Central,1.524383916,0.0,0.63,0.51,980.0,,,,,,,,,,,,,,,,,,,,,,,,,3.9318247045789474,30.48767832,0.0,,226.0,5.049,27.75,0.62,2.062,0.046,1.375,0.031,0.2775,0.62,0.03093,0.069,0.034375,0.0775,1.109305,0.0,0.0,34.734375,0.7760347370225563,0.0,0.0,1.215703125,2.716121579578948,3.9318247045789474,4303,,,0.0020368322849638,Information
129210,981.0,14501.63786,BWA,Botswana,Ghanzi,1.37103369,0.0,0.63,0.51,981.0,,,,,,,,,,,,,,,,,,,,,,,,,3.114945,27.4206738,0.0,,1415.562,9.761,163.625,1.128,5.688,0.039,4.875,0.034,1.63625,1.128,0.08532,0.0584999999999999,0.121875,0.085,3.114945,0.0,0.0,10.40625,0.0717591357890105,0.0,0.0,0.36421875,0.2511569752615367,0.6153757252615367,3901,,,0.0008206417126817,Information
129221,982.0,10049.86026,BWA,Botswana,Ghanzi,0.827505039,0.0,0.63,0.51,982.0,,,,,,,,,,,,,,,,,,,,,,,,,5.25925,16.55010078,0.0,,1848.375,18.392,263.625,2.623,0.0,0.0,0.0,0.0,2.63625,2.623,0.0,0.0,0.0,0.0,5.25925,,,,,,,,,,149,,,0.0028526203618424,Information
129222,983.0,5121.859856,BWA,Botswana,Kweneng,2.303836577,0.0,0.63,0.51,983.0,,,,,,,,,,,,,,,,,,,,,,,,,5.788430000000001,46.07673154,0.0,,1300.312,25.388,193.375,3.775,1.812,0.035,0.0,0.0,1.93375,3.775,0.02718,0.0525,0.0,0.0,5.788430000000001,,,,,,,,,,224,,,0.0128173660902262,Information
129223,984.0,738.8159137,BWA,Botswana,Ghanzi,0.407976205,0.0,0.63,0.51,984.0,,,,,,,,,,,,,,,,,,,,,,,,,2.82538,8.159524099999999,0.0,,183.0,24.769,19.438,2.631,0.0,0.0,0.0,0.0,0.19438,2.631,0.0,0.0,0.0,0.0,2.82538,,,,,,,,,,12,,,0.000249390456126,Information
129224,985.0,15266.81603,BWA,Botswana,Eastern,0.502461169,0.0,0.63,0.51,985.0,,,,,,,,,,,,,,,,,,,,,,,,,4.403325,10.04922338,0.0,,1946.188,12.748,206.25,1.351,37.875,0.248,1.188,0.008,2.0625,1.351,0.568125,0.372,0.0296999999999999,0.02,4.403325,,,,,,,,,,1295,,,0.0012768590199129,Information
129225,986.0,1635.030965,BWA,Botswana,Ghanzi,0.546028807,0.0,0.63,0.51,986.0,,,,,,,,,,,,,,,,,,,,,,,,,3.26012,10.92057614,0.0,,389.312,23.811,45.812,2.802,0.0,0.0,0.0,0.0,0.4581199999999999,2.802,0.0,0.0,0.0,0.0,3.26012,,,,,,,,,,5,,,0.0004702195028253,Information
129226,987.0,7702.623353,BWA,Botswana,Kweneng,0.759115907,0.0,0.63,0.51,987.0,,,,,,,,,,,,,,,,,,,,,,,,,6.0600700000000005,15.18231814,0.0,,1543.25,20.035,262.625,3.41,0.688,0.009,0.0,0.0,2.62625,3.41,0.01032,0.0134999999999999,0.0,0.0,6.0600700000000005,,,,,,,,,,764,,,0.0041602149609696,Information
129227,988.0,3328.73827,BWA,Botswana,Ghanzi,1.575328453,0.0,0.63,0.51,988.0,,,,,,,,,,,,,,,,,,,,,,,,,2.8148,31.50656906,0.0,,521.812,15.676,61.812,1.857,4.812,0.145,0.5,0.015,0.61812,1.857,0.07218,0.2174999999999999,0.0125,0.0375,2.8148,,,,,,,,,,154,,,0.0007068318701462,Information
129228,989.0,10618.96046,BWA,Botswana,Kweneng,1.44385132,0.0,0.63,0.51,989.0,,,,,,,,,,,,,,,,,,,,,,,,,3.65212,28.8770264,0.0,,1057.188,9.956,113.062,1.065,50.0,0.471,0.0,0.0,1.13062,1.065,0.75,0.7064999999999999,0.0,0.0,3.65212,0.0,0.0,2.109375,0.0198642325572198,0.0,0.0,0.073828125,0.0695248139502693,0.1433529389502693,23528,,,0.001493354368741,Information
129229,990.0,6653.51216,BWA,Botswana,Kweneng,2.169202345,0.0,0.63,0.51,990.0,,,,,,,,,,,,,,,,,,,,,,,,,6.898254999999999,43.3840469,0.0,,1241.25,18.656,189.188,2.843,57.625,0.866,0.0,0.0,1.89188,2.843,0.864375,1.299,0.0,0.0,6.898254999999999,0.0,0.0,13.921875,0.2092409943125878,0.0,0.0,0.487265625,0.7323434800940574,1.2196091050940574,8554,,,0.0176446825488818,Information
129230,991.0,892.2767324,BWA,Botswana,Ghanzi,1.656090233,0.0,0.63,0.51,991.0,,,,,,,,,,,,,,,,,,,,,,,,,4.456,33.12180466,0.0,,194.188,21.763,36.5,4.091,0.0,0.0,0.0,0.0,0.365,4.091,0.0,0.0,0.0,0.0,4.456,,,,,,,,,,0,,,0.0033781686188305,Information
129240,992.0,9470.949788,BWA,Botswana,Ghanzi,0.079495363,0.0,0.63,0.51,992.0,,,,,,,,,,,,,,,,,,,,,,,,,6.91188,1.58990726,0.0,,2180.438,23.022,336.188,3.55,0.0,0.0,0.0,0.0,3.36188,3.55,0.0,0.0,0.0,0.0,6.91188,,,,,,,,,,253,,,0.0039548333858485,Information
129250,993.0,1141.016861,BWA,Botswana,Ghanzi,0.900947437,0.0,0.63,0.51,993.0,,,,,,,,,,,,,,,,,,,,,,,,,3.94838,18.01894874,0.0,,256.562,22.485,40.438,3.544,0.0,0.0,0.0,0.0,0.40438,3.544,0.0,0.0,0.0,0.0,3.94838,,,,,,,,,,1,,,0.001209944942869,Information
129260,994.0,3395.018124,BWA,Botswana,Ghanzi,0.239189618,0.0,0.63,0.51,994.0,,,,,,,,,,,,,,,,,,,,,,,,,4.50325,4.78379236,0.0,,721.688,21.257,114.125,3.362,0.0,0.0,0.0,0.0,1.14125,3.362,0.0,0.0,0.0,0.0,4.50325,,,,,,,,,,53,,,0.0011390711268145,Information
129270,995.0,7754.192701,BWA,Botswana,Ghanzi,0.276113339,0.0,0.63,0.51,995.0,,,,,,,,,,,,,,,,,,,,,,,,,4.96025,5.522266780000001,0.0,,1220.375,15.738,216.625,2.794,0.0,0.0,0.0,0.0,2.16625,2.794,0.0,0.0,0.0,0.0,4.96025,,,,,,,,,,2492,,,0.0016048432178082,Information
129280,996.0,25489.8148,BWA,Botswana,Ghanzi,0.973784967,0.0,0.63,0.51,996.0,,,,,,,,,,,,,,,,,,,,,,,,,6.36238,19.47569934,0.0,,2787.0,10.934,456.938,1.793,0.0,0.0,0.0,0.0,4.56938,1.793,0.0,0.0,0.0,0.0,6.36238,,,,,,,,,,19114,,,0.0055719071161905,Information
129290,997.0,13064.57027,BWA,Botswana,Ghanzi,1.126896981,0.0,0.63,0.51,997.0,,,,,,,,,,,,,,,,,,,,,,,,,6.62612,22.53793962,0.0,,1558.562,11.93,375.312,2.873,0.0,0.0,0.0,0.0,3.75312,2.873,0.0,0.0,0.0,0.0,6.62612,,,,,,,,,,11325,,,0.0069707172147045,Information
129300,998.0,14660.10071,BWA,Botswana,Eastern,1.208235377,0.0,0.63,0.51,998.0,,,,,,,,,,,,,,,,,,,,,,,,,6.25138,24.16470754,0.0,,1740.938,11.875,209.25,1.427,102.562,0.7,3.438,0.023,2.0925,1.427,1.53843,1.0499999999999998,0.08595,0.0574999999999999,6.25138,0.0,0.0,41.90625,0.2858524019824248,0.0,0.0,1.46671875,1.0004834069384867,2.4672021569384865,1013,,,0.0062843530235092,Information
129301,999.0,2675.441601,BWA,Botswana,Eastern,4.023194972,0.0,0.63,0.51,999.0,,,,,,,,,,,,,,,,,,,,,,,,,0.14825,80.46389943999999,0.0,,9.688,0.362,3.125,0.117,0.0,0.0,0.0,0.0,0.03125,0.117,0.0,0.0,0.0,0.0,0.14825,,,,,,,,,,11449,,,5.274269869355402e-07,Information
129302,1000.0,19163.9463,BWA,Botswana,Ghanzi,1.109032593,0.0,0.63,0.51,1000.0,,,,,,,,,,,,,,,,,,,,,,,,,8.27193,22.18065186,0.0,,2439.375,12.729,543.438,2.836,0.0,0.0,0.062,0.0,5.43438,2.836,0.0,0.0,0.00155,0.0,8.27193,,,,,,,,,,21177,,,0.0124961334315453,Information
129304,1002.0,11383.82404,BWA,Botswana,Ghanzi,1.033034172,0.0,0.63,0.51,1002.0,,,,,,,,,,,,,,,,,,,,,,,,,5.71552,20.66068344,0.0,,1376.75,12.094,301.875,2.652,0.438,0.004,0.688,0.006,3.01875,2.652,0.00657,0.006,0.0171999999999999,0.015,5.71552,0.0,0.0,1.6875,0.0148236655322929,0.0,0.0,0.0590625,0.0518828293630251,0.1109453293630251,1015,,,0.0042623600100685,Information
129305,1003.0,3230.68718,BWA,Botswana,Eastern,4.013736093,0.0,0.63,0.51,1003.0,,,,,,,,,,,,,,,,,,,,,,,,,4.916124999999999,80.27472186,0.0,,457.438,14.159,67.75,2.097,34.875,1.079,0.0,0.0,0.6775,2.097,0.523125,1.6185,0.0,0.0,4.916124999999999,,,,,,,,,,4052,,,0.0823585613134366,Information
129307,1005.0,2152.347423,BWA,Botswana,North-West,3.247228306,0.0,0.63,0.51,1005.0,,,,,,,,,,,,,,,,,,,,,,,,,2.323255,64.94456611999999,0.0,,95.062,4.417,40.438,1.879,0.25,0.012,0.125,0.006,0.40438,1.879,0.00375,0.018,0.003125,0.015,2.323255,,,,,,,,,,3960,,,0.0033241954782845,Information
129308,1006.0,1586.803146,BWA,Botswana,North-West,0.83535162,0.0,0.63,0.51,1006.0,,,,,,,,,,,,,,,,,,,,,,,,,1.35562,16.7070324,0.0,,72.125,4.545,18.562,1.17,0.0,0.0,0.0,0.0,0.18562,1.17,0.0,0.0,0.0,0.0,1.35562,,,,,,,,,,259,,,1.910001511204713e-05,Information
129309,1007.0,1823.109282,BWA,Botswana,North-West,2.048313418,0.0,0.63,0.51,1007.0,,,,,,,,,,,,,,,,,,,,,,,,,1.59523,40.96626836,0.0,,46.75,2.564,24.0,1.316,0.312,0.017,0.062,0.003,0.24,1.316,0.00468,0.0255,0.00155,0.0075,1.59523,0.0,0.0,6.75,0.3702465927677372,0.0,0.0,0.23625,1.2958630746870805,1.5321130746870804,4093,,,0.0001524557767972,Information
129400,1008.0,1242.597786,BWA,Botswana,North-West,4.016256027,0.0,0.63,0.51,1008.0,,,,,,,,,,,,,,,,,,,,,,,,,1.1132858437090034,80.32512054,0.0,,6.625,0.533,1.812,0.146,0.25,0.02,0.0,0.0,0.01812,0.146,0.00375,0.03,0.0,0.0,0.19787,0.0,0.0,3.515625,0.2829254196311438,0.0,0.0,0.123046875,0.9902389687090034,1.1132858437090034,580,,,0.0020392418519839,Information
129410,1009.0,15016.96126,BWA,Botswana,North-West,4.003203166,0.0,0.63,0.51,1009.0,,,,,,,,,,,,,,,,,,,,,,,,,50.44282516823728,80.06406331999999,0.0,3.0,740.25,4.929,228.75,1.523,9.562,0.064,0.312,0.002,2.2875,1.523,0.14343,0.096,0.0078,0.005,4.062729999999999,0.0,0.0,865.125,5.760985762353506,0.0,0.0,30.279375,20.163450168237272,50.44282516823728,17999,1512.0,8.400466692594033,0.8233783050947117,Warning
129420,1010.0,9296.724406,BWA,Botswana,North-West,2.521951072,0.0,0.63,0.51,1010.0,,,,,,,,,,,,,,,,,,,,,,,,,17.163011719274706,50.43902144,0.0,,382.125,4.11,117.5,1.264,1.5,0.016,0.375,0.004,1.175,1.264,0.0225,0.024,0.009375,0.01,2.504875,0.0,0.0,236.25,2.541217634078488,0.0,0.0,8.26875,8.894261719274708,17.163011719274706,22749,,,0.1444705960016492,Information
129430,1011.0,12787.43114,BWA,Botswana,North-West,2.713878978,0.0,0.63,0.51,1011.0,,,,,,,,,,,,,,,,,,,,,,,,,5.448874999999999,54.27757956,0.0,,1013.625,7.927,269.75,2.109,19.375,0.152,2.75,0.022,2.6975,2.109,0.290625,0.2279999999999999,0.06875,0.0549999999999999,5.448874999999999,,,,,,,,,,4232,,,0.0167025811989306,Information
129450,1013.0,843.5858687,BWA,Botswana,North-West,3.459493374,0.0,0.63,0.51,1013.0,,,,,,,,,,,,,,,,,,,,,,,,,1.503875,69.18986748,0.0,,52.938,6.275,7.5,0.889,2.375,0.282,0.25,0.03,0.075,0.889,0.035625,0.4229999999999999,0.00625,0.075,1.503875,,,,,,,,,,7,,,0.0012647145132229,Information
129470,1015.0,10682.51528,BWA,Botswana,North-West,1.947643217,0.0,0.63,0.51,1015.0,,,,,,,,,,,,,,,,,,,,,,,,,2.000625,38.95286434,0.0,,272.688,2.553,92.625,0.867,7.125,0.067,0.0,0.0,0.92625,0.867,0.106875,0.1005,0.0,0.0,2.000625,0.0,0.0,5.90625,0.0552889450115048,0.0,0.0,0.20671875,0.1935113075402668,0.4002300575402668,1861,,,0.0003151992987674,Information
129500,1018.0,29466.30481,BWA,Botswana,Chobe,1.766484233,0.0,0.63,0.51,1018.0,,,,,,,,,,,,,,,,,,,,,,,,,13.164653519200783,35.32968466,0.0,,3808.5,12.925,599.875,2.036,226.812,0.77,6.25,0.021,5.99875,2.036,3.40218,1.155,0.15625,0.0525,12.80068,0.0,0.0,280.828125,0.9530483269145098,0.0,0.0,9.828984375,3.3356691442007844,13.164653519200783,4413,,,0.0557185543163568,Information
129501,1019.0,575.0331676,BWA,Botswana,North-West,1.139547715,0.0,0.63,0.51,1019.0,,,,,,,,,,,,,,,,,,,,,,,,,3.73513,22.7909543,0.0,,29.25,5.087,19.188,3.337,0.75,0.13,0.0,0.0,0.19188,3.337,0.01125,0.195,0.0,0.0,3.73513,0.0,0.0,0.703125,0.1222755555062565,0.0,0.0,0.024609375,0.4279644442718978,0.4525738192718977,79495,,,0.0012279040463169,Information
129502,1020.0,4610.741153,BWA,Botswana,North-West,1.516769101,0.0,0.63,0.51,1020.0,,,,,,,,,,,,,,,,,,,,,,,,,59.18609375,30.33538202,0.0,,754.625,16.367,150.625,3.267,22.938,0.497,3.312,0.072,1.50625,3.267,0.34407,0.7455,0.0828,0.18,6.12562,0.0,0.0,691.03125,14.987422349687415,0.0,0.0,24.18609375,35.0,59.18609375,8787,,,0.4352568771382307,Advisory
129503,1021.0,4265.055851,BWA,Botswana,North-West,1.476695776,0.0,0.63,0.51,1021.0,1021.0,0.0,1.0,-9999.0,-9999.0,-9999.0,0.0,10.0,-999.9,-999.9,-999.9,-5979.4,0.0,0.0,0.0,0.0,0.0,0.0,0.0,0.0,0.0,0.0,0.0,-5979.4,59.289453125,29.53391552,0.0,,362.5,8.499,94.062,2.205,5.0,0.117,1.5,0.035,0.94062,2.205,0.075,0.1755,0.0375,0.0875,3.52112,0.0,0.0,693.984375,16.27140181261871,0.0,0.0,24.289453125,35.0,59.289453125,10951,,,0.4314435869490577,Advisory
129505,1023.0,1486.493246,BWA,Botswana,North-West,4.007640359,0.0,0.63,0.51,1023.0,1023.0,0.0,1.0,-9999.0,-9999.0,-9999.0,0.0,10.0,-999.9,-999.9,-999.9,-5979.4,0.0,0.0,0.0,0.0,0.0,0.0,0.0,0.0,0.0,0.0,0.0,-5979.4,43.411484375,80.15280718,0.0,3.0,79.625,5.357,19.625,1.32,2.188,0.147,0.0,0.0,0.19625,1.32,0.03282,0.2204999999999999,0.0,0.0,1.76957,0.0,0.0,240.328125,16.16745488610829,0.0,0.0,8.411484375,35.0,43.411484375,18929,369.0,1.9493898251360349,0.7830870258527605,Watch
122830,557.0,12973.94029,AGO,Angola,Cuando Cubango,2.447762898,0.0,0.41,0.82,557.0,557.0,0.0,1.0,-9999.0,-9999.0,-9999.0,0.0,10.0,-999.9,-999.9,-999.9,-5979.4,0.0,0.0,0.0,0.0,0.0,0.0,0.0,0.0,0.0,0.0,0.0,-5979.4,6.398070000000001,48.95525796,0.0,,1619.938,12.486,263.812,2.033,63.5,0.489,0.938,0.007,2.63812,2.033,0.9525,0.7335,0.02345,0.0175,6.398070000000001,0.0,0.0,11.671875,0.0899639950471055,0.0,0.0,0.408515625,0.3148739826648692,0.7233896076648693,16150,,,0.0189143438289101,Information
122841,558.0,350.5379969,AGO,Angola,Cuando Cubango,4.0210323,0.0,0.41,0.82,558.0,,,,,,,,,,,,,,,,,,,,,,,,,8.35131,80.420646,0.0,,90.312,25.764,15.438,4.404,8.562,2.443,0.0,0.0,0.15438,4.404,0.12843,3.6645,0.0,0.0,8.35131,,,,,,,,,,194,,,0.1970911641374094,Information
122843,560.0,2412.78881,AGO,Angola,Cuando Cubango,1.754448914,0.0,0.41,0.82,560.0,,,,,,,,,,,,,,,,,,,,,,,,,4.84045,35.08897828,0.0,,442.188,18.327,67.938,2.816,14.938,0.619,1.5,0.062,0.67938,2.816,0.22407,0.9285,0.0375,0.155,4.84045,,,,,,,,,,862,,,0.0047156695307846,Information
122844,561.0,4839.276137,AGO,Angola,Cuando Cubango,0.090417211,0.0,0.41,0.82,561.0,,,,,,,,,,,,,,,,,,,,,,,,,6.31032,1.80834422,0.0,,792.938,16.385,178.562,3.69,15.75,0.325,1.438,0.03,1.7856200000000002,3.69,0.23625,0.4875,0.0359499999999999,0.075,6.31032,,,,,,,,,,226,,,0.0030279902696217,Information
122846,563.0,15455.90182,AGO,Angola,Cuando Cubango,1.440183346,0.0,0.41,0.82,563.0,,,,,,,,,,,,,,,,,,,,,,,,,7.75825,28.80366692,0.0,,2130.25,13.783,447.812,2.897,8.562,0.055,4.188,0.027,4.4781200000000005,2.897,0.12843,0.0825,0.1046999999999999,0.0675,7.75825,0.0,0.0,10.40625,0.0673286497342887,0.0,0.0,0.36421875,0.2356502740700104,0.5998690240700104,2833,,,0.0133223285980155,Information
122847,564.0,1662.822738,AGO,Angola,Cuando Cubango,0.11561431,0.0,0.41,0.82,564.0,,,,,,,,,,,,,,,,,,,,,,,,,3.2795322455645466,2.3122862,0.0,,191.0,11.486,37.75,2.27,3.875,0.233,0.188,0.011,0.3775,2.27,0.058125,0.3495,0.0046999999999999,0.0274999999999999,3.087325,0.0,0.0,13.359375,0.8034154630184418,0.0,0.0,0.467578125,2.8119541205645464,3.2795322455645466,657,,,0.0003443041647638,Information
122848,565.0,5248.113703,AGO,Angola,Cuando Cubango,1.231126593,0.0,0.41,0.82,565.0,,,,,,,,,,,,,,,,,,,,,,,,,4.95532,24.62253186,0.0,,882.062,16.807,170.062,3.24,0.0,0.0,0.188,0.004,1.70062,3.24,0.0,0.0,0.0046999999999999,0.01,4.95532,,,,,,,,,,901,,,0.0032439491386849,Information
122849,566.0,5644.118344,AGO,Angola,Cuando Cubango,0.249324774,0.0,0.41,0.82,566.0,,,,,,,,,,,,,,,,,,,,,,,,,4.8155,4.98649548,0.0,,888.125,15.735,168.375,2.983,3.375,0.06,0.125,0.002,1.68375,2.983,0.050625,0.09,0.003125,0.005,4.8155,0.0,0.0,3.796875,0.0672713569832811,0.0,0.0,0.132890625,0.2354497494414838,0.3683403744414838,816,,,0.0014310223246129,Information
122853,569.0,132.6688155,AGO,Angola,Cuando Cubango,0.052412171,0.0,0.41,0.82,569.0,,,,,,,,,,,,,,,,,,,,,,,,,2.291,1.04824342,0.0,,35.125,26.476,3.0,2.261,0.0,0.0,0.0,0.0,0.03,2.261,0.0,0.0,0.0,0.0,2.291,,,,,,,,,,651,,,8.306016697574944e-05,Information
122855,571.0,9833.225127,AGO,Angola,Cuando Cubango,0.501116051,0.0,0.41,0.82,571.0,,,,,,,,,,,,,,,,,,,,,,,,,7.802800177554072,10.02232102,0.0,,1423.188,14.473,251.562,2.558,37.625,0.383,3.062,0.031,2.51562,2.558,0.564375,0.5745,0.0765499999999999,0.0775,6.366545,0.0,0.0,110.53125,1.1240589793011635,0.0,0.0,3.86859375,3.934206427554072,7.802800177554072,42652,,,0.00724102156991,Information
122857,573.0,1744.867433,AGO,Angola,Cuando Cubango,0.147262759,0.0,0.41,0.82,573.0,,,,,,,,,,,,,,,,,,,,,,,,,2.828315,2.94525518,0.0,,289.938,16.617,34.312,1.966,4.938,0.283,0.125,0.007,0.34312,1.966,0.07407,0.4245,0.003125,0.0175,2.828315,0.0,0.0,3.796875,0.2176024910107053,0.0,0.0,0.132890625,0.7616087185374686,0.8944993435374686,1548,,,0.0002034296782014,Information
122858,574.0,5660.231682,AGO,Angola,Cuando Cubango,0.087380178,0.0,0.41,0.82,574.0,,,,,,,,,,,,,,,,,,,,,,,,,2.345,1.74760356,0.0,,566.312,10.005,46.0,0.813,25.625,0.453,0.125,0.002,0.46,0.813,0.384375,0.6795,0.003125,0.005,2.345,,,,,,,,,,5518,,,9.376281844257806e-05,Information
122860,576.0,7871.361223,AGO,Angola,Cuando Cubango,1.011191271,0.0,0.41,0.82,576.0,,,,,,,,,,,,,,,,,,,,,,,,,3.0044249999999995,20.22382542,0.0,,902.812,11.47,106.062,1.347,11.062,0.141,3.875,0.049,1.06062,1.347,0.16593,0.2114999999999999,0.096875,0.1225,3.0044249999999995,0.0,0.0,1.40625,0.0178653978658854,0.0,0.0,0.04921875,0.0625288925305989,0.1117476425305989,1128,,,0.0005206222409688,Information
122870,577.0,9774.207547,AGO,Angola,Moxico,0.044503357,0.0,0.41,0.82,577.0,,,,,,,,,,,,,,,,,,,,,,,,,21.97609098252125,0.89006714,0.0,,739.0,7.561,105.875,1.083,4.938,0.051,1.75,0.018,1.05875,1.083,0.07407,0.0765,0.04375,0.045,2.38107,0.0,0.0,310.359375,3.175289387863214,0.0,0.0,10.862578125,11.113512857521249,21.97609098252125,7453,,,0.0659983506849687,Information
122880,578.0,10137.4677,AGO,Angola,Moxico,0.298576538,0.0,0.41,0.82,578.0,,,,,,,,,,,,,,,,,,,,,,,,,1.9847325446553423,5.97153076,0.0,,464.812,4.585,66.375,0.655,5.375,0.053,1.062,0.01,0.66375,0.655,0.080625,0.0795,0.02655,0.025,1.530425,0.0,0.0,28.546875,0.2815976913300979,0.0,0.0,0.999140625,0.9855919196553424,1.9847325446553423,1255,,,5.713280836224683e-05,Information
122890,579.0,9752.808615,AGO,Angola,Moxico,0.188611451,0.0,0.41,0.82,579.0,,,,,,,,,,,,,,,,,,,,,,,,,2.831053482356786,3.77222902,0.0,,394.812,4.048,48.438,0.497,0.875,0.009,0.688,0.007,0.48438,0.497,0.013125,0.0134999999999999,0.0171999999999999,0.0175,1.0427050000000002,0.0,0.0,39.9375,0.4094974235305103,0.0,0.0,1.3978125,1.433240982356786,2.831053482356786,11670,,,0.0002108884542388,Information
122924,592.0,12913.04625,AGO,Angola,Moxico,2.101755102,0.0,0.41,0.82,592.0,,,,,,,,,,,,,,,,,,,,,,,,,10.410245238028754,42.03510204,0.0,,1539.688,11.924,132.0,1.022,18.75,0.145,0.688,0.005,1.32,1.022,0.28125,0.2174999999999999,0.0171999999999999,0.0125,2.87045,0.0,0.0,167.625,1.2981057822939293,0.0,0.0,5.866875,4.543370238028753,10.410245238028754,64533,,,0.0429852760056632,Information
122926,594.0,4807.267661,AGO,Angola,Moxico,0.927754082,0.0,0.41,0.82,594.0,594.0,1.0,1.0,100.0,-9999.0,-9999.0,3.0,10.0,10.0,-999.9,-999.9,-3953.6,0.0,0.0,0.0,0.0,0.0,0.0,0.0,0.0,0.0,0.0,0.0,-3953.6,2.23087,18.55508164,0.0,,470.75,9.792,64.562,1.343,5.25,0.109,0.0,0.0,0.64562,1.343,0.07875,0.1635,0.0,0.0,2.23087,0.0,0.0,14.34375,0.2983763545339705,0.0,0.0,0.50203125,1.0443172408688968,1.5463484908688967,10077,,,0.0001606234543195,Information
122929,597.0,7917.189616,AGO,Angola,Moxico,1.33582588,0.0,0.41,0.82,597.0,,,,,,,,,,,,,,,,,,,,,,,,,0.7145,26.7165176,0.0,,254.438,3.214,28.0,0.354,2.125,0.027,0.125,0.002,0.28,0.354,0.031875,0.0405,0.003125,0.005,0.7145,0.0,0.0,8.296875,0.1047957091109852,0.0,0.0,0.290390625,0.3667849818884481,0.6571756068884482,17266,,,1.8238526472627544e-06,Information
122944,602.0,5506.9828,AGO,Angola,Moxico,0.208932007,0.0,0.41,0.82,602.0,,,,,,,,,,,,,,,,,,,,,,,,,4.518161650218965,4.17864014,0.0,,644.375,11.701,84.188,1.529,11.5,0.209,1.062,0.019,0.8418800000000001,1.529,0.1725,0.3135,0.02655,0.0475,2.93093,0.0,0.0,45.84375,0.83246582863399,0.0,0.0,1.60453125,2.913630400218965,4.518161650218965,12676,,,0.0011276294866733,Information
122947,605.0,14592.38063,AGO,Angola,Moxico,1.923982648,0.0,0.41,0.82,605.0,,,,,,,,,,,,,,,,,,,,,,,,,0.8291100000000001,38.47965296,0.0,,453.562,3.108,41.188,0.282,5.312,0.036,0.062,0.0,0.41188,0.282,0.07968,0.0539999999999999,0.00155,0.0,0.8291100000000001,0.0,0.0,13.640625,0.0934777219847019,0.0,0.0,0.477421875,0.3271720269464566,0.8045939019464566,15353,,,8.282769538581054e-06,Information
122948,606.0,3126.983603,AGO,Angola,Moxico,0.398622555,0.0,0.41,0.82,606.0,,,,,,,,,,,,,,,,,,,,,,,,,0.17325,7.9724511,0.0,,47.375,1.515,3.75,0.12,0.25,0.008,0.0,0.0,0.0375,0.12,0.00375,0.012,0.0,0.0,0.17325,,,,,,,,,,3015,,,1.7469627101245168e-10,Information
122949,607.0,8233.77848,AGO,Angola,Moxico,0.169258519,0.0,0.41,0.82,607.0,,,,,,,,,,,,,,,,,,,,,,,,,0.3155,3.38517038,0.0,,139.5,1.694,14.25,0.173,0.0,0.0,0.0,0.0,0.1425,0.173,0.0,0.0,0.0,0.0,0.3155,0.0,0.0,1.40625,0.0170790361119783,0.0,0.0,0.04921875,0.059776626391924,0.108995376391924,4909,,,5.1921718939735124e-09,Information
122970,618.0,27994.26055,AGO,Angola,Moxico,2.265317087,0.0,0.41,0.82,618.0,,,,,,,,,,,,,,,,,,,,,,,,,33.30671878306072,45.30634174,0.0,,2077.062,7.42,259.438,0.927,30.375,0.109,1.438,0.005,2.59438,0.927,0.455625,0.1635,0.0359499999999999,0.0125,4.188955,0.0,0.0,701.15625,2.5046428665887777,0.0,0.0,24.54046875,8.766250033060722,33.30671878306072,154259,,,0.309951218540817,Information
122981,619.0,540.2467212,AGO,Angola,Moxico,3.153671601,0.0,0.41,0.82,619.0,,,,,,,,,,,,,,,,,,,,,,,,,22.182025318854745,63.07343202,0.0,,120.625,22.328,29.75,5.507,3.75,0.694,0.0,0.0,0.2975,5.507,0.05625,1.041,0.0,0.0,6.90175,0.0,0.0,32.484375,6.012877769672784,0.0,0.0,1.136953125,21.045072193854743,22.182025318854745,4318,,,0.3051486940580873,Information
122982,620.0,18936.38405,AGO,Angola,Moxico,1.886085846,0.0,0.41,0.82,620.0,,,,,,,,,,,,,,,,,,,,,,,,,70.0,37.72171692,0.0,3.0,2473.312,13.061,465.938,2.461,70.625,0.373,4.625,0.024,4.65938,2.461,1.059375,0.5595,0.115625,0.06,8.914879999999998,0.0,0.0,2537.578125,13.400542146145494,0.0,0.0,35.0,35.0,70.0,37323,3455.0,9.257026498405809,0.5465234023941687,Watch
122983,621.0,1128.003222,AGO,Angola,Moxico,0.498022932,0.0,0.41,0.82,621.0,,,,,,,,,,,,,,,,,,,,,,,,,42.5009375,9.96045864,0.0,,98.25,8.71,34.562,3.064,5.0,0.443,0.5,0.044,0.34562,3.064,0.075,0.6645,0.0125,0.1099999999999999,4.27162,0.0,0.0,214.3125,18.999280841876708,0.0,0.0,7.5009375,35.0,42.5009375,3660,,,0.2264097529247695,Advisory
122984,622.0,2492.929361,AGO,Angola,Moxico,1.512597251,0.0,0.41,0.82,622.0,,,,,,,,,,,,,,,,,,,,,,,,,2.286745,30.25194502,0.0,,144.375,5.791,23.312,0.935,14.875,0.597,0.0,0.0,0.23312,0.935,0.223125,0.8955,0.0,0.0,2.286745,0.0,0.0,9.0,0.3610210597950931,0.0,0.0,0.315,1.263573709282826,1.5785737092828258,2662,,,0.0003156936343767,Information
122985,623.0,5623.018125,AGO,Angola,Moxico,3.007160978,0.0,0.41,0.82,623.0,,,,,,,,,,,,,,,,,,,,,,,,,3.3913898327322167,60.14321956,0.0,,411.625,7.32,100.375,1.785,10.188,0.181,0.125,0.002,1.00375,1.785,0.15282,0.2714999999999999,0.003125,0.005,3.221195,0.0,0.0,34.875,0.6202185236377762,0.0,0.0,1.220625,2.1707648327322167,3.3913898327322167,107624,,,0.0068687951307946,Information
122986,624.0,3931.377351,AGO,Angola,Moxico,0.414255405,0.0,0.41,0.82,624.0,,,,,,,,,,,,,,,,,,,,,,,,,0.7674190591401541,8.2851081,0.0,,37.875,0.963,9.75,0.248,1.438,0.037,0.0,0.0,0.0975,0.248,0.02157,0.0554999999999999,0.0,0.0,0.42257,0.0,0.0,6.1875,0.1573875883257583,0.0,0.0,0.2165625,0.5508565591401541,0.7674190591401541,13125,,,8.617431305853288e-07,Information
122987,625.0,4027.969826,AGO,Angola,Moxico,0.392434991,0.0,0.41,0.82,625.0,,,,,,,,,,,,,,,,,,,,,,,,,5.588005107561166,7.84869982,0.0,,147.438,3.66,29.312,0.728,8.438,0.209,0.0,0.0,0.29312,0.728,0.12657,0.3135,0.0,0.0,1.4611900000000002,0.0,0.0,45.84375,1.138135387874619,0.0,0.0,1.60453125,3.983473857561167,5.588005107561166,10640,,,0.0025329796269364,Information
122988,626.0,2034.683516,AGO,Angola,Moxico,0.493461945,0.0,0.41,0.82,626.0,,,,,,,,,,,,,,,,,,,,,,,,,0.7569056289609916,9.8692389,0.0,,37.25,1.831,9.625,0.473,1.688,0.083,0.0,0.0,0.09625,0.473,0.02532,0.1245,0.0,0.0,0.7190700000000001,0.0,0.0,3.65625,0.1796962511317119,0.0,0.0,0.12796875,0.6289368789609916,0.7569056289609916,2183,,,8.774433722143502e-07,Information
122989,627.0,3167.585739,AGO,Angola,Moxico,0.086762927,0.0,0.41,0.82,627.0,,,,,,,,,,,,,,,,,,,,,,,,,5.115032109184825,1.73525854,0.0,,51.188,1.616,7.312,0.231,1.312,0.041,0.0,0.0,0.07312,0.231,0.01968,0.0615,0.0,0.0,0.3853,0.0,0.0,35.15625,1.1098752454813785,0.0,0.0,1.23046875,3.884563359184825,5.115032109184825,46834,,,0.0015609065732454,Information
122990,628.0,24131.77313,AGO,Angola,Moxico,0.359118455,0.0,0.41,0.82,628.0,,,,,,,,,,,,,,,,,,,,,,,,,60.40708324644661,7.1823691,0.0,3.0,2107.0,8.731,269.625,1.117,33.812,0.14,1.438,0.006,2.69625,1.117,0.50718,0.21,0.0359499999999999,0.015,4.581379999999999,0.0,0.0,1751.765625,7.259166641841888,0.0,0.0,35.0,25.407083246446607,60.40708324644661,646418,1368.0,0.21162777026629825,0.333768696116376,Watch
129066,964.0,7592.799507,AGO,Angola,Cunene,1.117597443,0.0,0.41,0.82,964.0,,,,,,,,,,,,,,,,,,,,,,,,,5.20425,22.35194886,0.0,,526.312,6.932,224.625,2.958,0.0,0.0,0.0,0.0,2.24625,2.958,0.0,0.0,0.0,0.0,5.20425,0.0,0.0,7.875,0.1037166856881405,0.0,0.0,0.275625,0.3630083999084917,0.6386333999084918,303454,,,0.0034388273593573,Information
129068,966.0,17331.70649,AGO,Angola,Cunene,2.191779317,0.0,0.41,0.82,966.0,,,,,,,,,,,,,,,,,,,,,,,,,12.51375,43.83558634,0.0,,1594.25,9.198,645.25,3.723,87.25,0.503,7.0,0.04,6.4525,3.723,1.30875,0.7545,0.175,0.1,12.51375,0.0,0.0,44.15625,0.2547715080972779,0.0,0.0,1.54546875,0.8917002783404726,2.437169028340473,420147,,,0.0666189189636933,Information
129069,967.0,9149.184542,AGO,Angola,Cunene,3.268014035,0.0,0.41,0.82,967.0,,,,,,,,,,,,,,,,,,,,,,,,,5.732245,65.3602807,0.0,,732.562,8.007,191.062,2.088,51.875,0.567,2.0,0.022,1.91062,2.088,0.778125,0.8504999999999999,0.05,0.0549999999999999,5.732245,0.0,0.0,11.53125,0.1260358226085418,0.0,0.0,0.40359375,0.4411253791298962,0.8447191291298962,73903,,,0.0360177464020483,Information
129080,969.0,16023.63353,AGO,Angola,Cunene,3.021700083,0.0,0.41,0.82,969.0,,,,,,,,,,,,,,,,,,,,,,,,,5.961005,60.43400165999999,0.0,,1901.188,11.865,302.938,1.891,42.5,0.265,0.125,0.001,3.02938,1.891,0.6375,0.3975,0.003125,0.0025,5.961005,0.0,0.0,5.0625,0.0315939576997509,0.0,0.0,0.1771875,0.1105788519491281,0.2877663519491281,109039,,,0.0291968237881303,Information
129090,970.0,20114.29365,AGO,Angola,Cunene,2.94119298,0.0,0.41,0.82,970.0,,,,,,,,,,,,,,,,,,,,,,,,,8.848500000000001,58.8238596,0.0,,2236.938,11.121,473.625,2.355,78.25,0.389,0.0,0.0,4.73625,2.355,1.17375,0.5835,0.0,0.0,8.848500000000001,,,,,,,,,,303828,,,0.0620718758146737,Information
129508,1026.0,1746.440929,AGO,Angola,Cuando Cubango,1.046692289,0.0,0.41,0.82,1026.0,,,,,,,,,,,,,,,,,,,,,,,,,4.34262,20.93384578,0.0,,293.812,16.824,64.562,3.697,0.0,0.0,0.0,0.0,0.64562,3.697,0.0,0.0,0.0,0.0,4.34262,,,,,,,,,,133,,,0.0018550849495949,Information
129601,1028.0,9430.708454,AGO,Angola,Cuando Cubango,2.063493789,0.0,0.41,0.82,1028.0,,,,,,,,,,,,,,,,,,,,,,,,,9.92790443531511,41.26987577999999,0.0,,1114.625,11.819,299.312,3.174,19.188,0.203,0.0,0.0,2.99312,3.174,0.2878199999999999,0.3045,0.0,0.0,6.759440000000001,0.0,0.0,137.671875,1.4598253743757457,0.0,0.0,4.818515625,5.10938881031511,9.92790443531511,5202,,,0.0377345105750615,Information
129604,1031.0,13344.09917,AGO,Angola,Cuando Cubango,1.121912745,0.0,0.41,0.82,1031.0,,,,,,,,,,,,,,,,,,,,,,,,,3.667175,22.4382549,0.0,,1315.812,9.861,188.75,1.414,13.875,0.104,0.062,0.0,1.8875,1.414,0.208125,0.156,0.00155,0.0,3.667175,0.0,0.0,54.703125,0.4099424344446856,0.0,0.0,1.914609375,1.4347985205563996,3.3494078955563995,11207,,,0.001137926209736,Information
129605,1032.0,10219.06131,AGO,Angola,Cuando Cubango,0.29170835,0.0,0.41,0.82,1032.0,,,,,,,,,,,,,,,,,,,,,,,,,8.998135637294029,5.834167,0.0,,1537.938,15.05,194.25,1.901,19.25,0.188,0.438,0.004,1.9425,1.901,0.28875,0.282,0.01095,0.01,4.4352,0.0,0.0,129.9375,1.2715208963697224,0.0,0.0,4.5478125,4.450323137294029,8.998135637294029,12554,,,0.0094362471117561,Information
129606,1033.0,7503.595461,AGO,Angola,Moxico,0.123737405,0.0,0.41,0.82,1033.0,,,,,,,,,,,,,,,,,,,,,,,,,1.3395499999999998,2.4747481,0.0,,323.188,4.307,55.0,0.733,1.5,0.02,0.062,0.001,0.55,0.733,0.0225,0.03,0.00155,0.0025,1.3395499999999998,0.0,0.0,6.75,0.0899568751407538,0.0,0.0,0.23625,0.3148490629926383,0.5510990629926383,4701,,,9.023482318518976e-06,Information
129607,1034.0,5533.561964,AGO,Angola,Moxico,0.834932918,0.0,0.41,0.82,1034.0,,,,,,,,,,,,,,,,,,,,,,,,,8.87016880073039,16.69865836,0.0,,178.938,3.234,34.875,0.63,9.625,0.174,1.25,0.023,0.34875,0.63,0.144375,0.261,0.03125,0.0574999999999999,1.4728750000000002,0.0,0.0,90.28125,1.6315214430658258,0.0,0.0,3.15984375,5.710325050730391,8.87016880073039,5567,,,0.0125529023132506,Information
129608,1035.0,2898.33051,AGO,Angola,Moxico,0.679942778,0.0,0.41,0.82,1035.0,,,,,,,,,,,,,,,,,,,,,,,,,1.0133,13.59885556,0.0,,73.188,2.525,11.625,0.401,4.0,0.138,2.062,0.071,0.11625,0.401,0.06,0.207,0.0515499999999999,0.1775,1.0133,0.0,0.0,2.671875,0.0921866912982023,0.0,0.0,0.093515625,0.322653419543708,0.416169044543708,129,,,4.378501747115198e-06,Information
129609,1036.0,5857.398009,AGO,Angola,Moxico,0.293622764,0.0,0.41,0.82,1036.0,,,,,,,,,,,,,,,,,,,,,,,,,0.86438,5.87245528,0.0,,105.938,1.809,31.938,0.545,0.0,0.0,0.0,0.0,0.31938,0.545,0.0,0.0,0.0,0.0,0.86438,0.0,0.0,2.109375,0.0360121507343455,0.0,0.0,0.073828125,0.1260425275702092,0.1998706525702092,1829,,,1.3634005644160184e-06,Information
129910,1047.0,18007.29609,AGO,Angola,Cuando Cubango,2.13065228,0.0,0.41,0.82,1047.0,1047.0,0.0,1.0,-9999.0,-9999.0,-9999.0,0.0,10.0,-999.9,-999.9,-999.9,-5979.4,0.0,0.0,0.0,0.0,0.0,0.0,0.0,0.0,0.0,0.0,0.0,-5979.4,13.817531495027795,42.6130456,0.0,,2491.688,13.837,636.375,3.534,58.25,0.323,3.375,0.019,6.36375,3.534,0.87375,0.4845,0.084375,0.0475,11.387874999999998,0.0,0.0,253.828125,1.4095848914365132,0.0,0.0,8.883984375,4.9335471200277965,13.817531495027795,170124,,,0.0772407772282059,Information
129930,1049.0,8531.917427,AGO,Angola,Cuando Cubango,3.632846477,0.0,0.41,0.82,1049.0,,,,,,,,,,,,,,,,,,,,,,,,,5.6392500000000005,72.65692954000001,0.0,,1183.562,13.872,186.375,2.184,44.875,0.526,2.375,0.028,1.86375,2.184,0.673125,0.789,0.059375,0.07,5.6392500000000005,0.0,0.0,6.75,0.0791146897231935,0.0,0.0,0.23625,0.2769014140311772,0.5131514140311773,29370,,,0.0572010594026159,Information
129940,1050.0,12205.55841,AGO,Angola,Cuando Cubango,1.825158599,0.0,0.41,0.82,1050.0,,,,,,,,,,,,,,,,,,,,,,,,,4.387637154426107,36.503171980000005,0.0,,1277.188,10.464,155.062,1.27,19.125,0.157,0.75,0.006,1.55062,1.27,0.286875,0.2355,0.01875,0.015,3.376745,0.0,0.0,68.90625,0.5645481155503164,0.0,0.0,2.41171875,1.975918404426108,4.387637154426107,3517,,,0.0037677961082064,Information
129950,1051.0,7377.592708,AGO,Angola,Cuando Cubango,3.373013675,0.0,0.41,0.82,1051.0,,,,,,,,,,,,,,,,,,,,,,,,,2.35744,67.4602735,0.0,,558.188,7.566,81.812,1.109,12.188,0.165,0.0,0.0,0.81812,1.109,0.18282,0.2475,0.0,0.0,2.35744,0.0,0.0,8.4375,0.1143665736786147,0.0,0.0,0.2953125,0.4002830078751515,0.6955955078751515,7946,,,0.0043339066182487,Information
129960,1052.0,10921.18387,AGO,Angola,Cuando Cubango,4.003909813,0.0,0.41,0.82,1052.0,,,,,,,,,,,,,,,,,,,,,,,,,1.62307,80.07819626,0.0,,437.125,4.003,72.25,0.662,7.438,0.068,0.5,0.005,0.7225,0.662,0.11157,0.102,0.0125,0.0125,1.62307,0.0,0.0,17.296875,0.1583791208540322,0.0,0.0,0.605390625,0.5543269229891127,1.1597175479891126,233545,,,0.0060795085598861,Information
129970,1053.0,660.1646027,AGO,Angola,Cuando Cubango,3.550499804,0.0,0.41,0.82,1053.0,,,,,,,,,,,,,,,,,,,,,,,,,0.8821800000000001,71.00999608000001,0.0,,27.062,4.099,5.0,0.757,0.312,0.047,0.0,0.0,0.05,0.757,0.00468,0.0705,0.0,0.0,0.8821800000000001,0.0,0.0,0.703125,0.106507528144748,0.0,0.0,0.024609375,0.372776348506618,0.397385723506618,3787,,,0.000239430854106,Information
129980,1054.0,21306.76976,AGO,Angola,Big,0.567904801,0.0,0.41,0.82,1054.0,,,,,,,,,,,,,,,,,,,,,,,,,2.4077,11.35809602,0.0,,615.938,2.891,126.625,0.594,23.75,0.111,0.688,0.003,1.26625,0.594,0.35625,0.1665,0.0171999999999999,0.0075,2.4077,0.0,0.0,7.171875,0.0336600764956421,0.0,0.0,0.251015625,0.1178102677347473,0.3688258927347473,102349,,,0.0001555168321745,Information
129990,1055.0,16953.0655,AGO,Angola,Huíla,0.601412143,0.0,0.41,0.82,1055.0,,,,,,,,,,,,,,,,,,,,,,,,,1.8757550000000005,12.02824286,0.0,,328.812,1.94,103.188,0.609,8.75,0.052,0.625,0.004,1.03188,0.609,0.13125,0.078,0.015625,0.01,1.8757550000000005,0.0,0.0,21.796875,0.1285718798498631,0.0,0.0,0.762890625,0.4500015794745208,1.212892204474521,215416,,,5.954191471203082e-05,Information
131220,1058.0,24428.0834,AGO,Angola,Huíla,0.41791175,0.0,0.41,0.82,1058.0,,,,,,,,,,,,,,,,,,,,,,,,,5.095420000000001,8.358235,0.0,,585.875,2.398,355.562,1.456,2.25,0.009,1.062,0.004,3.55562,1.456,0.03375,0.0134999999999999,0.02655,0.01,5.095420000000001,0.0,0.0,30.9375,0.1266472669756532,0.0,0.0,1.0828125,0.4432654344147862,1.526077934414786,1353231,,,0.0019289987965418,Information
131230,1059.0,4244.965188,AGO,Angola,Cunene,1.116349055,0.0,0.41,0.82,1059.0,,,,,,,,,,,,,,,,,,,,,,,,,38.96240710925037,22.3269811,0.0,,362.75,8.545,199.438,4.698,8.25,0.194,7.5,0.177,1.99438,4.698,0.12375,0.291,0.1875,0.4425,7.73713,0.0,0.0,331.734375,7.814772566928677,0.0,0.0,11.610703125,27.35170398425037,38.96240710925037,121014,,,0.2451251767512599,Advisory
131240,1060.0,6974.056642,AGO,Angola,Huíla,1.550055918,0.0,0.41,0.82,1060.0,,,,,,,,,,,,,,,,,,,,,,,,,3.14907,31.00111836,0.0,,250.875,3.597,111.625,1.601,10.188,0.146,1.0,0.014,1.11625,1.601,0.15282,0.2189999999999999,0.025,0.035,3.14907,0.0,0.0,12.375,0.1774433537737405,0.0,0.0,0.433125,0.6210517382080917,1.0541767382080915,86590,,,0.001010995374083,Information
131250,1061.0,8214.566686,AGO,Angola,Huíla,1.353148146,0.0,0.41,0.82,1061.0,,,,,,,,,,,,,,,,,,,,,,,,,9.254663162748,27.062962920000004,0.0,,224.562,2.734,97.438,1.186,8.812,0.107,2.25,0.027,0.97438,1.186,0.13218,0.1605,0.05625,0.0675,2.57681,0.0,0.0,119.25,1.4516894750708569,0.0,0.0,4.17375,5.080913162747999,9.254663162748,173036,,,0.019486634478804,Information
131260,1062.0,7008.025083,AGO,Angola,Huíla,1.468158993,0.0,0.41,0.82,1062.0,,,,,,,,,,,,,,,,,,,,,,,,,2.101745,29.36317986,0.0,,139.25,1.987,80.812,1.153,3.875,0.055,0.0,0.0,0.80812,1.153,0.058125,0.0825,0.0,0.0,2.101745,0.0,0.0,2.8125,0.0401325618395843,0.0,0.0,0.0984375,0.140463966438545,0.238901466438545,402744,,,0.0002200562416478,Information
131270,1063.0,229.9088119,AGO,Angola,Huíla,0.002393309,0.0,0.41,0.82,1063.0,,,,,,,,,,,,,,,,,,,,,,,,,9.417056602381416,0.04786618,0.0,,4.688,2.039,4.125,1.794,0.125,0.054,0.0,0.0,0.04125,1.794,0.001875,0.081,0.0,0.0,1.918125,0.0,0.0,6.046875,2.6301188506804043,0.0,0.0,0.211640625,9.205415977381415,9.417056602381416,127153,,,0.0090841829602855,Information
131280,1064.0,5250.241817,AGO,Angola,Huíla,1.362093148,0.0,0.41,0.82,1064.0,,,,,,,,,,,,,,,,,,,,,,,,,1.0769300000000002,27.24186296,0.0,,96.25,1.833,35.5,0.676,1.062,0.02,0.0,0.0,0.355,0.676,0.01593,0.03,0.0,0.0,1.0769300000000002,0.0,0.0,5.90625,0.11249481844645,0.0,0.0,0.20671875,0.393731864562575,0.600450614562575,309250,,,1.2598582835804556e-05,Information
131290,1065.0,22909.62484,AGO,Angola,Huambo,0.59921048,0.0,0.41,0.82,1065.0,,,,,,,,,,,,,,,,,,,,,,,,,9.749891889609396,11.9842096,0.0,,348.25,1.52,142.875,0.624,4.5,0.02,0.625,0.003,1.42875,0.624,0.0675,0.03,0.015625,0.0075,2.173375,0.0,0.0,193.921875,0.8464646470312559,0.0,0.0,6.787265625,2.9626262646093955,9.749891889609396,1198979,,,0.0138942254080985,Information
131320,1067.0,19938.45402,AGO,Angola,Namibe,1.359086641,0.0,0.41,0.82,1067.0,,,,,,,,,,,,,,,,,,,,,,,,,1.87793,27.18173282,0.0,,181.562,0.911,123.875,0.621,0.812,0.004,0.0,0.0,1.23875,0.621,0.01218,0.006,0.0,0.0,1.87793,0.0,0.0,8.4375,0.0423177242844868,0.0,0.0,0.2953125,0.1481120349957038,0.4434245349957038,76587,,,0.0001271963288281,Information
131340,1069.0,10744.05577,AGO,Angola,Namibe,3.288249495,0.0,0.41,0.82,1069.0,,,,,,,,,,,,,,,,,,,,,,,,,0.2264999999999999,65.7649899,0.0,,29.25,0.272,11.75,0.109,0.0,0.0,0.0,0.0,0.1175,0.109,0.0,0.0,0.0,0.0,0.2264999999999999,0.0,0.0,1.828125,0.0170152225470704,0.0,0.0,0.063984375,0.0595532789147464,0.1235376539147463,71879,,,2.6070906019998775e-07,Information
131350,1070.0,27477.91683,AGO,Angola,Namibe,0.890821081,0.0,0.41,0.82,1070.0,,,,,,,,,,,,,,,,,,,,,,,,,1.3291910504334672,17.81642162,0.0,,91.125,0.332,27.562,0.1,6.25,0.023,0.688,0.003,0.27562,0.1,0.09375,0.0345,0.0171999999999999,0.0075,0.52857,0.0,0.0,27.84375,0.1013313715524192,0.0,0.0,0.97453125,0.3546598004334672,1.3291910504334672,241833,,,1.858633461262219e-05,Information
131360,1071.0,15709.22464,AGO,Angola,Benguela,1.679153808,0.0,0.41,0.82,1071.0,,,,,,,,,,,,,,,,,,,,,,,,,0.3866393447726698,33.58307616,0.0,,135.25,0.861,18.062,0.115,0.188,0.001,0.062,0.0,0.18062,0.115,0.00282,0.0015,0.00155,0.0,0.30149,0.0,0.0,6.75,0.0429683842207628,0.0,0.0,0.23625,0.1503893447726698,0.3866393447726698,332982,,,1.3289749637533618e-07,Information
131380,1073.0,16750.29312,AGO,Angola,Benguela,1.833905063,0.0,0.41,0.82,1073.0,,,,,,,,,,,,,,,,,,,,,,,,,0.7781653850855661,36.67810126,0.0,,162.0,0.967,38.062,0.227,0.0,0.0,0.125,0.001,0.3806199999999999,0.227,0.0,0.0,0.003125,0.0025,0.6132449999999999,0.0,0.0,13.921875,0.0831142171673046,0.0,0.0,0.487265625,0.2908997600855661,0.7781653850855661,710250,,,5.436353436974843e-06,Information
131390,1074.0,18986.10734,AGO,Angola,Cuanza Sul,3.851861687,0.0,0.41,0.82,1074.0,,,,,,,,,,,,,,,,,,,,,,,,,0.40612,77.03723374,0.0,,78.812,0.415,25.812,0.136,0.5,0.003,0.0,0.0,0.25812,0.136,0.0075,0.0045,0.0,0.0,0.40612,0.0,0.0,4.921875,0.0259235603853628,0.0,0.0,0.172265625,0.0907324613487697,0.2629980863487698,1120607,,,2.7303399679183225e-05,Information
131400,1075.0,22959.18595,AGO,Angola,Cuanza Sul,0.477135734,0.0,0.41,0.82,1075.0,,,,,,,,,,,,,,,,,,,,,,,,,11.467509030386347,9.54271468,0.0,,394.75,1.719,83.312,0.363,4.062,0.018,1.438,0.006,0.83312,0.363,0.06093,0.0269999999999999,0.0359499999999999,0.015,1.3349999999999995,0.0,0.0,228.234375,0.9940874015389564,0.0,0.0,7.988203125,3.479305905386348,11.467509030386347,1282875,,,0.0194444742798244,Information
131500,1076.0,1082.81608,AGO,Angola,Cuanza Sul,0.926283963,0.0,0.41,0.82,1076.0,,,,,,,,,,,,,,,,,,,,,,,,,1.3097830246835718,18.52567926,0.0,,1.625,0.15,1.625,0.15,0.0,0.0,0.0,0.0,0.01625,0.15,0.0,0.0,0.0,0.0,0.16625,0.0,0.0,3.65625,0.3376612213381634,0.0,0.0,0.12796875,1.1818142746835718,1.3097830246835718,96796,,,1.810455081398953e-05,Information
131600,1077.0,22943.42925,AGO,Angola,Cuanza Sul,0.818306214,0.0,0.41,0.82,1077.0,,,,,,,,,,,,,,,,,,,,,,,,,5.12364535097354,16.36612428,0.0,,279.062,1.216,49.5,0.216,1.875,0.008,0.062,0.0,0.495,0.216,0.028125,0.012,0.00155,0.0,0.752675,0.0,0.0,101.953125,0.4443674217067255,0.0,0.0,3.568359375,1.5552859759735391,5.12364535097354,447648,,,0.0026144567406813,Information
131810,1079.0,6509.439435,AGO,Angola,Bengo,1.668723334,0.0,0.41,0.82,1079.0,,,,,,,,,,,,,,,,,,,,,,,,,20.19751009418842,33.37446668,0.0,,5.875,0.09,5.625,0.086,0.938,0.014,0.688,0.011,0.05625,0.086,0.01407,0.021,0.0171999999999999,0.0274999999999999,0.2220199999999999,0.0,0.0,227.53125,3.49540466976812,0.0,0.0,7.96359375,12.23391634418842,20.19751009418842,960705,,,0.1163312182593557,Information
131820,1080.0,22986.54656,AGO,Angola,Cuanza Norte,0.940175602,0.0,0.41,0.82,1080.0,,,,,,,,,,,,,,,,,,,,,,,,,2.10479578599968,18.80351204,0.0,,408.188,1.776,78.0,0.339,0.188,0.001,0.25,0.001,0.78,0.339,0.00282,0.0015,0.00625,0.0025,1.13207,0.0,0.0,41.90625,0.1823077245713369,0.0,0.0,1.46671875,0.6380770359996791,2.10479578599968,377979,,,0.0001297721523246,Information
131831,1081.0,7683.332775,AGO,Angola,Cuanza Sul,1.41069842,0.0,0.41,0.82,1081.0,,,,,,,,,,,,,,,,,,,,,,,,,9.707913054634922,28.2139684,0.0,,27.688,0.36,6.812,0.089,3.438,0.045,3.312,0.043,0.06812,0.089,0.05157,0.0675,0.0828,0.1074999999999999,0.4664899999999999,0.0,0.0,120.515625,1.5685331941814065,0.0,0.0,4.218046875,5.489866179634923,9.707913054634922,138183,,,0.0227097456667503,Information
131832,1082.0,1780.341613,AGO,Angola,Cuanza Sul,0.42870523,0.0,0.41,0.82,1082.0,,,,,,,,,,,,,,,,,,,,,,,,,8.27215832334757,8.5741046,0.0,,22.0,1.236,4.625,0.26,3.625,0.204,3.25,0.183,0.04625,0.26,0.054375,0.306,0.08125,0.4575,1.205375,0.0,0.0,35.71875,2.0062863066707344,0.0,0.0,1.25015625,7.02200207334757,8.27215832334757,2781,,,0.0081387504191383,Information
131833,1083.0,1191.270062,AGO,Angola,Cuanza Sul,0.249283062,0.0,0.41,0.82,1083.0,1083.0,0.0,1.0,-9999.0,-9999.0,-9999.0,0.0,10.0,-999.9,-999.9,-999.9,-5979.4,0.0,0.0,0.0,0.0,0.0,0.0,0.0,0.0,0.0,0.0,0.0,-5979.4,42.387734375,4.98566124,0.0,,6.562,0.551,5.688,0.477,4.312,0.362,3.875,0.325,0.05688,0.477,0.06468,0.5429999999999999,0.096875,0.8125,2.050935,0.0,0.0,211.078125,17.718746712137218,0.0,0.0,7.387734375,35.0,42.387734375,6995,,,0.2097846256283893,Advisory
131834,1084.0,6298.936657,AGO,Angola,Cuanza Sul,1.022821445,0.0,0.41,0.82,1084.0,1084.0,0.0,1.0,-9999.0,-9999.0,-9999.0,0.0,10.0,-999.9,-999.9,-999.9,-5979.4,0.0,0.0,0.0,0.0,0.0,0.0,0.0,0.0,0.0,0.0,0.0,-5979.4,0.929705651196302,20.4564289,0.0,,54.438,0.864,10.562,0.168,0.0,0.0,0.0,0.0,0.1056199999999999,0.168,0.0,0.0,0.0,0.0,0.27362,0.0,0.0,10.265625,0.1629739360560863,0.0,0.0,0.359296875,0.570408776196302,0.929705651196302,75450,,,4.30969324962749e-06,Information
131835,1085.0,3986.74902,AGO,Angola,Cuanza Sul,0.228209531,0.0,0.41,0.82,1085.0,,,,,,,,,,,,,,,,,,,,,,,,,10.671290450445571,4.56419062,0.0,,96.312,2.416,20.75,0.52,0.5,0.013,0.188,0.005,0.2075,0.52,0.0075,0.0195,0.0046999999999999,0.0125,0.7716999999999999,0.0,0.0,86.90625,2.1798776286987347,0.0,0.0,3.04171875,7.629571700445571,10.671290450445571,293898,,,0.0142296282064256,Information
131836,1086.0,4428.288727,AGO,Angola,Malanje,0.599622264,0.0,0.41,0.82,1086.0,1086.0,0.0,1.0,-9999.0,-9999.0,-9999.0,0.0,10.0,-999.9,-999.9,-999.9,-5979.4,0.0,0.0,0.0,0.0,0.0,0.0,0.0,0.0,0.0,0.0,0.0,-5979.4,0.9695,11.992445279999998,0.0,,209.688,4.735,29.75,0.672,0.0,0.0,0.0,0.0,0.2975,0.672,0.0,0.0,0.0,0.0,0.9695,0.0,0.0,7.59375,0.1714827209236973,0.0,0.0,0.26578125,0.6001895232329405,0.8659707732329405,242084,,,3.265956166555369e-06,Information
131837,1087.0,1190.306305,AGO,Angola,Cuanza Sul,2.339321499,0.0,0.41,0.82,1087.0,1087.0,0.0,1.0,-9999.0,-9999.0,-9999.0,0.0,10.0,-999.9,-999.9,-999.9,-5979.4,0.0,0.0,0.0,0.0,0.0,0.0,0.0,0.0,0.0,0.0,0.0,-5979.4,7.449715648803458,46.78642998,0.0,,15.688,1.318,2.438,0.205,0.312,0.026,0.125,0.011,0.02438,0.205,0.00468,0.039,0.003125,0.0274999999999999,0.303685,0.0,0.0,22.640625,1.9020839353724168,0.0,0.0,0.792421875,6.657293773803459,7.449715648803458,7573,,,0.0246413604683946,Information
131838,1088.0,2885.448578,AGO,Angola,Malanje,0.710923852,0.0,0.41,0.82,1088.0,,,,,,,,,,,,,,,,,,,,,,,,,2.26549,14.21847704,0.0,,181.562,6.292,47.312,1.64,0.938,0.032,0.812,0.028,0.47312,1.64,0.01407,0.048,0.0203,0.07,2.26549,0.0,0.0,8.015625,0.2777947616968054,0.0,0.0,0.280546875,0.9722816659388188,1.252828540938819,4410,,,0.0001395236331959,Information
131839,1089.0,2143.352483,AGO,Angola,Cuanza Sul,2.460360864,0.0,0.41,0.82,1089.0,,,,,,,,,,,,,,,,,,,,,,,,,4.350109420497238,49.20721728,0.0,,57.25,2.671,4.0,0.187,0.062,0.003,0.062,0.003,0.04,0.187,0.0009299999999999,0.0045,0.00155,0.0075,0.24148,0.0,0.0,21.9375,1.0235134058563538,0.0,0.0,0.7678125,3.582296920497238,4.350109420497238,11678,,,0.0069943530772046,Information
131840,1090.0,27756.81589,AGO,Angola,Malanje,1.331451309,0.0,0.41,0.82,1090.0,,,,,,,,,,,,,,,,,,,,,,,,,39.82907920473528,26.62902618,0.0,,1084.625,3.908,177.875,0.641,0.812,0.003,0.188,0.001,1.77875,0.641,0.01218,0.0045,0.0046999999999999,0.0025,2.44363,0.0,0.0,836.578125,3.0139556656386506,0.0,0.0,29.280234375,10.548844829735277,39.82907920473528,116171,,,0.2706225886054776,Advisory
131850,1091.0,1622.226208,AGO,Angola,Cuanza Sul,1.244575212,0.0,0.41,0.82,1091.0,,,,,,,,,,,,,,,,,,,,,,,,,1.1989122771258909,24.89150424,0.0,,32.812,2.023,4.375,0.27,0.0,0.0,0.0,0.0,0.04375,0.27,0.0,0.0,0.0,0.0,0.31375,0.0,0.0,4.78125,0.2947338648931116,0.0,0.0,0.16734375,1.0315685271258903,1.1989122771258909,9763,,,1.7554071692853804e-05,Information
131860,1092.0,13333.32919,AGO,Angola,Big,0.716089803,0.0,0.41,0.82,1092.0,,,,,,,,,,,,,,,,,,,,,,,,,0.7924219805336461,14.32179606,0.0,,97.75,0.733,23.875,0.179,0.0,0.0,0.0,0.0,0.23875,0.179,0.0,0.0,0.0,0.0,0.4177499999999999,0.0,0.0,12.9375,0.0970312801524703,0.0,0.0,0.4528125,0.339609480533646,0.7924219805336461,390544,,,1.4117421499044854e-06,Information
131870,1093.0,23410.31637,AGO,Angola,Big,0.801721438,0.0,0.41,0.82,1093.0,1093.0,0.0,1.0,-9999.0,-9999.0,-9999.0,0.0,10.0,-999.9,-999.9,-999.9,-5979.4,0.0,0.0,0.0,0.0,0.0,0.0,0.0,0.0,0.0,0.0,0.0,-5979.4,3.750983399098004,16.034428759999997,0.0,,457.562,1.955,95.875,0.41,0.562,0.002,0.188,0.001,0.95875,0.41,0.00843,0.003,0.0046999999999999,0.0025,1.3873799999999996,0.0,0.0,75.09375,0.3207720425994297,0.0,0.0,2.62828125,1.122702149098004,3.750983399098004,308919,,,0.0009405520907875,Information
131880,1094.0,9037.054018,AGO,Angola,Big,0.411862441,0.0,0.41,0.82,1094.0,,,,,,,,,,,,,,,,,,,,,,,,,1.555230278404108,8.237248820000001,0.0,,205.312,2.272,34.5,0.382,1.0,0.011,0.375,0.004,0.345,0.382,0.015,0.0165,0.009375,0.01,0.777875,0.0,0.0,21.09375,0.2334140081154594,0.0,0.0,0.73828125,0.8169490284041079,1.555230278404108,418133,,,2.275316023191777e-05,Information
131890,1095.0,14177.89593,AGO,Angola,Big,1.365601892,0.0,0.41,0.82,1095.0,,,,,,,,,,,,,,,,,,,,,,,,,4.112760119017269,27.31203784,0.0,,156.0,1.1,39.438,0.278,1.438,0.01,0.0,0.0,0.39438,0.278,0.02157,0.015,0.0,0.0,0.70895,0.0,0.0,68.90625,0.4860118197192197,0.0,0.0,2.41171875,1.701041369017269,4.112760119017269,15903,,,0.0020388894297093,Information
131901,1096.0,1494.298281,AGO,Angola,Luanda,0.050205248,1.043626237,0.41,0.82,1096.0,,,,,,,,,,,,,,,,,,,,,,,,,6.2089704661829295,1.00410496,20.87252474,,1.5,0.1,1.5,0.1,0.062,0.004,0.0,0.0,0.015,0.1,0.0009299999999999,0.006,0.0,0.0,0.12193,0.0,0.0,23.0625,1.543366561766551,0.0,0.0,0.8071875,5.401782966182929,6.2089704661829295,15293667,,,0.0054628688658205,Information
131904,1099.0,11469.82109,AGO,Angola,Cuanza Norte,2.785630305,0.0,0.41,0.82,1099.0,,,,,,,,,,,,,,,,,,,,,,,,,3.242985635024815,55.7126061,0.0,,17.25,0.15,9.188,0.08,0.0,0.0,0.0,0.0,0.09188,0.08,0.0,0.0,0.0,0.0,0.17188,0.0,0.0,49.5,0.4315673242928043,0.0,0.0,1.7325,1.510485635024815,3.242985635024815,209794,,,0.0044717589761465,Information
131909,1104.0,7526.184583,AGO,Angola,Zaire,3.955918814,0.0,0.41,0.82,1104.0,1104.0,1.0,1.0,100.0,-9999.0,-9999.0,3.0,10.0,10.0,-999.9,-999.9,-3953.6,0.0,0.0,0.0,0.0,0.0,0.0,0.0,0.0,0.0,0.0,0.0,-3953.6,4.435617219223211,79.11837627999999,0.0,,,,,,,,,,,,,,,,,0.0,0.0,54.421875,0.723100455492346,0.0,0.0,1.904765625,2.530851594223212,4.435617219223211,327362,,,0.0606664945220306,Information
132160,1110.0,14366.52332,AGO,Angola,Uíge,3.585193136,0.0,0.41,0.82,1110.0,1110.0,1.0,4.0,100.0,2.0,-9999.0,3.0,7.0,10.0,0.2,-999.9,-1457.85,0.0,0.0,0.0,0.0,0.0,0.0,0.0,0.0,0.0,0.0,0.0,-1457.85,1.2473,71.70386272,0.0,,247.125,1.72,73.062,0.509,0.312,0.002,0.0,0.0,0.7306199999999999,0.509,0.00468,0.003,0.0,0.0,1.2473,0.0,0.0,6.46875,0.0450265513545299,0.0,0.0,0.22640625,0.1575929297408546,0.3839991797408546,538519,,,0.000898915717757,Information
132246,1130.0,20084.87926,AGO,Angola,Uíge,0.481260091,0.0,0.41,0.82,1130.0,1130.0,1.0,4.0,100.0,-9999.0,-9999.0,3.0,7.0,10.0,-999.9,-999.9,-1949.5,0.0,0.0,0.0,0.0,0.0,0.0,0.0,0.0,0.0,0.0,0.0,-1949.5,0.936296388685322,9.62520182,0.0,,21.875,0.109,9.875,0.049,0.0,0.0,0.0,0.0,0.09875,0.049,0.0,0.0,0.0,0.0,0.14775,0.0,0.0,17.859375,0.088919503910092,0.0,0.0,0.625078125,0.311218263685322,0.936296388685322,286383,,,2.441081629122277e-06,Information
132247,1131.0,48890.99818,AGO,Angola,Malanje,2.463699171,0.0,0.41,0.82,1131.0,1131.0,1.0,1.0,100.0,-9999.0,-9999.0,3.0,10.0,10.0,-999.9,-999.9,-3446.65,0.0,0.0,0.0,0.0,0.0,0.0,0.0,0.0,0.0,0.0,0.0,-3446.65,4.997791865337084,49.27398342,0.0,,231.5,0.474,48.125,0.098,0.25,0.001,0.0,0.0,0.48125,0.098,0.00375,0.0015,0.0,0.0,0.5845,0.0,0.0,118.546875,0.2424717829534526,0.0,0.0,4.149140625,0.8486512403370841,4.997791865337084,456074,,,0.0102398132460612,Information
132248,1132.0,14783.06644,AGO,Angola,Lunda Norte,1.90839329,0.0,0.41,0.82,1132.0,,,,,,,,,,,,,,,,,,,,,,,,,0.914625,38.1678658,0.0,,371.625,2.514,53.25,0.36,0.875,0.006,0.0,0.0,0.5325,0.36,0.013125,0.009,0.0,0.0,0.914625,0.0,0.0,11.8125,0.0799056139392041,0.0,0.0,0.4134375,0.2796696487872143,0.6931071487872144,46365,,,1.256303095136921e-05,Information
132249,1133.0,40836.36519,AGO,Angola,Lunda Norte,1.010853748,0.0,0.41,0.82,1133.0,,,,,,,,,,,,,,,,,,,,,,,,,1.274445671686727,20.21707496,0.0,,863.125,2.114,79.5,0.195,0.0,0.0,0.0,0.0,0.795,0.195,0.0,0.0,0.0,0.0,0.99,0.0,0.0,29.25,0.0716273347676363,0.0,0.0,1.02375,0.2506956716867271,1.274445671686727,324434,,,1.760927949063338e-05,Information
132258,1141.0,41893.24694,AGO,Angola,Lunda Norte,2.38587999,0.0,0.41,0.82,1141.0,,,,,,,,,,,,,,,,,,,,,,,,,12.30931037007282,47.7175998,0.0,,811.188,1.936,190.125,0.454,4.062,0.01,0.0,0.0,1.90125,0.454,0.06093,0.015,0.0,0.0,2.4311800000000003,0.0,0.0,283.921875,0.6777270700208055,0.0,0.0,9.937265625,2.37204474507282,12.30931037007282,616996,,,0.0740459937813828,Information
132292,1163.0,19555.71807,AGO,Angola,Lunda Norte,4.008856801,0.0,0.41,0.82,1163.0,,,,,,,,,,,,,,,,,,,,,,,,,1.44268,80.17713602,0.0,,383.438,1.961,95.375,0.488,0.062,0.0,0.0,0.0,0.95375,0.488,0.0009299999999999,0.0,0.0,0.0,1.44268,0.0,0.0,14.484375,0.0740672111954995,0.0,0.0,0.506953125,0.2592352391842482,0.7661883641842482,870376,,,0.004392190405983,Information
132294,1165.0,19891.57213,AGO,Angola,Lunda Sul,3.056812353,0.0,0.41,0.82,1165.0,,,,,,,,,,,,,,,,,,,,,,,,,1.40307,61.13624706,0.0,,446.812,2.246,90.875,0.457,1.688,0.008,0.0,0.0,0.90875,0.457,0.02532,0.012,0.0,0.0,1.40307,0.0,0.0,15.1875,0.0763514311372127,0.0,0.0,0.5315625,0.2672300089802444,0.7987925089802446,594742,,,0.0004478364479317,Information
132296,1167.0,46752.562,AGO,Angola,Lunda Sul,2.132780525,0.0,0.41,0.82,1167.0,,,,,,,,,,,,,,,,,,,,,,,,,3.97245,42.6556105,0.0,,1335.812,2.857,294.625,0.63,21.5,0.046,0.188,0.0,2.94625,0.63,0.3225,0.069,0.0046999999999999,0.0,3.97245,0.0,0.0,31.78125,0.0679775581055605,0.0,0.0,1.11234375,0.2379214533694617,1.3502652033694618,455690,,,0.0037960429230752,Information
132299,1170.0,40748.11404,AGO,Angola,Lunda Sul,1.451726043,0.0,0.41,0.82,1170.0,,,,,,,,,,,,,,,,,,,,,,,,,9.47046836641495,29.03452086,0.0,,1822.938,4.474,297.25,0.729,19.375,0.048,0.125,0.0,2.9725,0.729,0.290625,0.072,0.003125,0.0,4.06725,0.0,0.0,217.265625,0.5331918546899855,0.0,0.0,7.604296875,1.8661714914149488,9.47046836641495,725736,,,0.0220039695871929,Information
133100,1418.0,20477.55313,AGO,Angola,Cabinda,2.309570579,0.008174518,0.41,0.82,1418.0,,,,,,,,,,,,,,,,,,,,,,,,,1.8972841540448728,46.19141157999999,0.16349036,,15.625,0.076,11.0,0.054,0.188,0.001,0.0,0.0,0.11,0.054,0.00282,0.0015,0.0,0.0,0.16832,0.0,0.0,36.421875,0.1778624368699637,0.0,0.0,1.274765625,0.6225185290448729,1.8972841540448728,2617463,,,0.0004113985831116,Information
124402,667.0,9196.829245,ZAF,South Africa,Limpopo,1.237854392,0.0,0.63,0.51,667.0,667.0,0.0,1.0,-9999.0,-9999.0,-9999.0,0.0,10.0,-999.9,-999.9,-999.9,-5979.4,0.0,0.0,0.0,0.0,0.0,0.0,0.0,0.0,0.0,0.0,0.0,-5979.4,0.595867847772813,24.75708784,0.0,,61.75,0.671,24.375,0.265,2.438,0.027,0.0,0.0,0.24375,0.265,0.03657,0.0405,0.0,0.0,0.58582,0.0,0.0,8.15625,0.088685456506518,0.0,0.0,0.28546875,0.310399097772813,0.595867847772813,156720,,,6.542514408663405e-07,Information
124404,669.0,13794.01071,ZAF,South Africa,Limpopo,1.022599762,0.0,0.63,0.51,669.0,669.0,0.0,1.0,-9999.0,-9999.0,-9999.0,0.0,10.0,-999.9,-999.9,-999.9,-5979.4,0.0,0.0,0.0,0.0,0.0,0.0,0.0,0.0,0.0,0.0,0.0,-5979.4,2.8696198907853185,20.45199524,0.0,,22.562,0.164,11.5,0.083,3.375,0.024,0.0,0.0,0.115,0.083,0.050625,0.036,0.0,0.0,0.284625,0.0,0.0,47.53125,0.3445788973672339,0.0,0.0,1.66359375,1.2060261407853186,2.8696198907853185,1018023,,,0.0004465835244371,Information
124405,670.0,12375.51601,ZAF,South Africa,Limpopo,0.408297818,0.0,0.63,0.51,670.0,670.0,0.0,1.0,-9999.0,-9999.0,-9999.0,0.0,10.0,-999.9,-999.9,-999.9,-5979.4,0.0,0.0,0.0,0.0,0.0,0.0,0.0,0.0,0.0,0.0,0.0,-5979.4,4.09353166948047,8.16595636,0.0,,28.062,0.227,11.062,0.089,9.25,0.075,0.125,0.001,0.11062,0.089,0.13875,0.1124999999999999,0.003125,0.0025,0.456495,0.0,0.0,64.6875,0.5227054769944198,0.0,0.0,2.2640625,1.8294691694804688,4.09353166948047,395573,,,0.0009336173916481,Information
124406,671.0,7158.863954,ZAF,South Africa,Limpopo,2.184012744,0.0,0.63,0.51,671.0,671.0,2.0,1.0,100.0,100.0,-9999.0,7.0,10.0,10.0,10.0,-999.9,-3277.6666666666665,0.0,0.0,0.0,0.0,0.0,0.0,0.0,0.0,0.0,0.0,0.0,-3277.6666666666665,2.147070917906305,43.68025488,0.0,,42.188,0.589,15.5,0.217,4.188,0.058,0.0,0.0,0.155,0.217,0.06282,0.087,0.0,0.0,0.52182,0.0,0.0,25.59375,0.3575113336875156,0.0,0.0,0.89578125,1.2512896679063046,2.147070917906305,393829,,,0.0005435823728465,Information
124407,672.0,12239.18462,ZAF,South Africa,Limpopo,0.845320813,0.0,0.63,0.51,672.0,672.0,0.0,1.0,-9999.0,-9999.0,-9999.0,0.0,10.0,-999.9,-999.9,-999.9,-5979.4,0.0,0.0,0.0,0.0,0.0,0.0,0.0,0.0,0.0,0.0,0.0,-5979.4,1.7618266713324509,16.90641626,0.0,,131.188,1.072,11.375,0.093,3.812,0.031,0.188,0.002,0.11375,0.093,0.05718,0.0465,0.0046999999999999,0.005,0.3201299999999999,0.0,0.0,27.703125,0.2263477989521288,0.0,0.0,0.969609375,0.7922172963324509,1.7618266713324509,923703,,,5.81929620026016e-05,Information
124408,673.0,6072.376529,ZAF,South Africa,Mpumalanga,1.362234813,0.0,0.63,0.51,673.0,,,,,,,,,,,,,,,,,,,,,,,,,4.038440408735022,27.24469626,0.0,,219.875,3.621,28.125,0.463,16.938,0.279,1.188,0.02,0.28125,0.463,0.2540699999999999,0.4185,0.0296999999999999,0.05,1.4965200000000003,0.0,0.0,43.59375,0.7179026167814347,0.0,0.0,1.52578125,2.5126591587350218,4.038440408735022,531257,,,0.0019186050820992,Information
124409,674.0,16634.78845,ZAF,South Africa,Mpumalanga,0.506016859,0.0,0.63,0.51,674.0,674.0,0.0,1.0,-9999.0,-9999.0,-9999.0,0.0,10.0,-999.9,-999.9,-999.9,-5979.4,0.0,0.0,0.0,0.0,0.0,0.0,0.0,0.0,0.0,0.0,0.0,-5979.4,12.309589742148065,10.12033718,0.0,,639.562,3.845,108.125,0.65,88.688,0.533,0.938,0.006,1.08125,0.65,1.3303200000000002,0.7995000000000001,0.02345,0.015,3.8995200000000008,0.0,0.0,219.65625,1.3204631406137326,0.0,0.0,7.68796875,4.621620992148064,12.309589742148065,1589152,,,0.023400698094281,Information
124503,677.0,7807.088991,ZAF,South Africa,Limpopo,1.000075425,0.0,0.63,0.51,677.0,,,,,,,,,,,,,,,,,,,,,,,,,4.322102962775926,20.0015085,0.0,,36.75,0.471,20.062,0.257,8.812,0.113,0.0,0.0,0.20062,0.257,0.13218,0.1695,0.0,0.0,0.7593,0.0,0.0,54.140625,0.6934803107931217,0.0,0.0,1.894921875,2.4271810877759257,4.322102962775926,693973,,,0.0017599214418633,Information
124505,679.0,6550.564871,ZAF,South Africa,Limpopo,0.633820468,0.0,0.63,0.51,679.0,,,,,,,,,,,,,,,,,,,,,,,,,4.538972100035751,12.67640936,0.0,,51.438,0.785,36.562,0.558,10.125,0.155,0.125,0.002,0.36562,0.558,0.151875,0.2324999999999999,0.003125,0.005,1.31612,0.0,0.0,51.328125,0.783567921438786,0.0,0.0,1.796484375,2.7424877250357507,4.538972100035751,212181,,,0.0015536432542481,Information
124506,680.0,13823.80282,ZAF,South Africa,Limpopo,0.835480251,0.0,0.63,0.51,680.0,,,,,,,,,,,,,,,,,,,,,,,,,0.8143017502293303,16.70960502,0.0,,94.375,0.683,27.938,0.202,7.125,0.052,0.25,0.002,0.2793799999999999,0.202,0.106875,0.078,0.00625,0.005,0.6775049999999999,0.0,0.0,13.5,0.0976576429226658,0.0,0.0,0.4725,0.3418017502293303,0.8143017502293303,987677,,,1.8482322635452656e-06,Information
124509,683.0,3031.100625,ZAF,South Africa,Limpopo,3.209513069,0.0,0.63,0.51,683.0,,,,,,,,,,,,,,,,,,,,,,,,,4.972550316673046,64.19026138000001,0.0,,53.562,1.767,18.562,0.612,3.812,0.126,0.5,0.016,0.18562,0.612,0.05718,0.189,0.0125,0.04,1.0963,0.0,0.0,33.046875,1.0902599119065846,0.0,0.0,1.156640625,3.815909691673046,4.972550316673046,16878,,,0.0241745571791414,Information
124700,685.0,2571.039933,ZAF,South Africa,Limpopo,1.173387083,0.0,0.63,0.51,685.0,,,,,,,,,,,,,,,,,,,,,,,,,2.4792,23.46774166,0.0,,117.0,4.551,35.438,1.378,10.188,0.396,0.0,0.0,0.35438,1.378,0.15282,0.5940000000000001,0.0,0.0,2.4792,0.0,0.0,5.484375,0.2133134895756874,0.0,0.0,0.191953125,0.7465972135149059,0.938550338514906,4305,,,0.0003020394122159,Information
124910,687.0,645.8703283,ZAF,South Africa,Limpopo,2.445443954,0.0,0.63,0.51,687.0,,,,,,,,,,,,,,,,,,,,,,,,,2.23513,48.90887908,0.0,,30.312,4.693,1.0,0.155,8.062,1.248,0.188,0.029,0.01,0.155,0.12093,1.872,0.0046999999999999,0.0725,2.23513,0.0,0.0,3.234375,0.5007777657696333,0.0,0.0,0.113203125,1.7527221801937165,1.8659253051937168,533,,,0.0008760827662855,Information
124920,688.0,16083.27468,ZAF,South Africa,Limpopo,0.636689938,0.0,0.63,0.51,688.0,688.0,0.0,1.0,-9999.0,-9999.0,-9999.0,0.0,10.0,-999.9,-999.9,-999.9,-5979.4,0.0,0.0,0.0,0.0,0.0,0.0,0.0,0.0,0.0,0.0,0.0,-5979.4,4.406129864999342,12.73379876,0.0,,568.5,3.535,91.0,0.566,76.625,0.476,0.062,0.0,0.91,0.566,1.149375,0.714,0.00155,0.0,3.340925,0.0,0.0,77.625,0.4826442471426693,0.0,0.0,2.716875,1.6892548649993424,4.406129864999342,561005,,,0.0014134180026181,Information
124934,692.0,4848.696448,ZAF,South Africa,Limpopo,2.336490828,0.0,0.63,0.51,692.0,,,,,,,,,,,,,,,,,,,,,,,,,2.77393,46.72981656,0.0,,258.312,5.327,49.25,1.016,27.562,0.568,0.0,0.0,0.4925,1.016,0.41343,0.8519999999999999,0.0,0.0,2.77393,,,,,,,,,,66308,,,0.0015627794480521,Information
124935,693.0,359.0285333,ZAF,South Africa,Limpopo,4.03696196,0.0,0.63,0.51,693.0,,,,,,,,,,,,,,,,,,,,,,,,,1.9881478592497603,80.7392392,0.0,,36.562,10.184,5.812,1.619,0.0,0.0,0.0,0.0,0.05812,1.619,0.0,0.0,0.0,0.0,1.67712,0.0,0.0,1.96875,0.5483547454999316,0.0,0.0,0.06890625,1.9192416092497604,1.9881478592497603,651,,,0.0115775326323408,Information
124936,694.0,8370.019238,ZAF,South Africa,Limpopo,1.874448648,0.0,0.63,0.51,694.0,,,,,,,,,,,,,,,,,,,,,,,,,3.3499400000000006,37.48897296,0.0,,372.25,4.447,75.312,0.9,50.688,0.606,0.5,0.006,0.75312,0.9,0.7603200000000001,0.909,0.0125,0.015,3.3499400000000006,0.0,0.0,29.25,0.3494615623521179,0.0,0.0,1.02375,1.2231154682324126,2.2468654682324125,84141,,,0.0017145456694113,Information
124939,697.0,976.7099314,ZAF,South Africa,Limpopo,1.307238356,0.0,0.63,0.51,697.0,,,,,,,,,,,,,,,,,,,,,,,,,1.4851900000000002,26.14476712,0.0,,48.5,4.966,11.812,1.209,0.938,0.096,0.0,0.0,0.1181199999999999,1.209,0.01407,0.144,0.0,0.0,1.4851900000000002,0.0,0.0,1.40625,0.1439782636340667,0.0,0.0,0.04921875,0.5039239227192335,0.5531426727192335,1994,,,4.680889786982104e-05,Information
124950,699.0,4149.460069,ZAF,South Africa,Limpopo,2.198567909,0.0,0.63,0.51,699.0,,,,,,,,,,,,,,,,,,,,,,,,,2.622555,43.97135818,0.0,,217.125,5.233,38.25,0.922,23.062,0.556,1.625,0.039,0.3825,0.922,0.34593,0.8340000000000001,0.040625,0.0975,2.622555,0.0,0.0,3.234375,0.0779468881848209,0.0,0.0,0.113203125,0.2728141086468731,0.3860172336468732,3857,,,0.0011003681267392,Information
124970,701.0,931.2392451,ZAF,South Africa,Limpopo,2.063349282,0.0,0.63,0.51,701.0,,,,,,,,,,,,,,,,,,,,,,,,,3.5619300000000003,41.26698564,0.0,,67.688,7.269,16.75,1.799,9.062,0.973,0.0,0.0,0.1675,1.799,0.13593,1.4595,0.0,0.0,3.5619300000000003,0.0,0.0,0.421875,0.0453025366169373,0.0,0.0,0.014765625,0.1585588781592805,0.1733245031592805,1003,,,0.0025338434519692,Information
124980,702.0,13355.49263,ZAF,South Africa,North West,2.07364017,0.0,0.63,0.51,702.0,,,,,,,,,,,,,,,,,,,,,,,,,10.00877,41.4728034,0.0,,1089.0,8.154,205.75,1.541,221.188,1.656,13.938,0.104,2.0575,1.541,3.31782,2.484,0.34845,0.26,10.00877,0.0,0.0,60.046875,0.4496043437972381,0.0,0.0,2.101640625,1.5736152032903334,3.675255828290333,165422,,,0.0386954216686352,Information
124990,703.0,29614.053,ZAF,South Africa,North West,1.101971693,0.0,0.63,0.51,703.0,703.0,0.0,1.0,-9999.0,-9999.0,-9999.0,0.0,10.0,-999.9,-999.9,-999.9,-5979.4,0.0,0.0,0.0,0.0,0.0,0.0,0.0,0.0,0.0,0.0,0.0,-5979.4,8.64892,22.039433860000003,0.0,,1680.625,5.675,409.812,1.384,152.75,0.516,3.062,0.01,4.09812,1.384,2.29125,0.774,0.0765499999999999,0.025,8.64892,0.0,0.0,123.609375,0.4174010730380924,0.0,0.0,4.326328125,1.4609037556333233,5.787231880633323,9372536,,,0.0139471873344713,Information
125206,710.0,7053.813719,ZAF,South Africa,Mpumalanga,0.465028897,0.0,0.63,0.51,710.0,,,,,,,,,,,,,,,,,,,,,,,,,5.854545842533479,9.30057794,0.0,,10.438,0.148,9.688,0.137,10.875,0.154,2.75,0.039,0.09688,0.137,0.163125,0.2309999999999999,0.06875,0.0975,0.794255,0.0,0.0,69.1875,0.980852383580994,0.0,0.0,2.4215625,3.432983342533479,5.854545842533479,651586,,,0.0030688523301958,Information
125208,712.0,10506.17306,ZAF,South Africa,Mpumalanga,0.760613612,0.0,0.63,0.51,712.0,712.0,0.0,1.0,-9999.0,-9999.0,-9999.0,0.0,10.0,-999.9,-999.9,-999.9,-5979.4,0.0,0.0,0.0,0.0,0.0,0.0,0.0,0.0,0.0,0.0,0.0,-5979.4,2.1326698155751385,15.21227224,0.0,,50.0,0.476,5.375,0.051,2.312,0.022,0.0,0.0,0.05375,0.051,0.03468,0.033,0.0,0.0,0.17243,0.0,0.0,31.21875,0.2971467330214681,0.0,0.0,1.09265625,1.0400135655751384,2.1326698155751385,754847,,,0.0001153538520155,Information
125209,713.0,11253.2059,ZAF,South Africa,Mpumalanga,1.80375106,0.0,0.63,0.51,713.0,713.0,0.0,1.0,-9999.0,-9999.0,-9999.0,0.0,10.0,-999.9,-999.9,-999.9,-5979.4,0.0,0.0,0.0,0.0,0.0,0.0,0.0,0.0,0.0,0.0,0.0,-5979.4,4.908091909402012,36.0750212,0.0,,92.625,0.823,16.688,0.148,9.562,0.085,0.188,0.002,0.16688,0.148,0.14343,0.1275,0.0046999999999999,0.005,0.59551,0.0,0.0,74.25,0.6598119741148608,0.0,0.0,2.59875,2.3093419094020127,4.908091909402012,689331,,,0.0051317207064786,Information
125404,718.0,11832.54757,ZAF,South Africa,KwaZulu-Natal,1.540325075,0.0,0.63,0.51,718.0,,,,,,,,,,,,,,,,,,,,,,,,,5.921126389703485,30.8065015,0.0,,223.125,1.886,24.812,0.21,24.188,0.204,0.688,0.006,0.24812,0.21,0.36282,0.306,0.0171999999999999,0.015,1.15914,0.0,0.0,91.6875,0.7748753970581385,0.0,0.0,3.2090625,2.7120638897034848,5.921126389703485,575449,,,0.0069782664941736,Information
125408,722.0,8572.130473,ZAF,South Africa,Mpumalanga,3.343490747,0.0,0.63,0.51,722.0,,,,,,,,,,,,,,,,,,,,,,,,,6.003602475738941,66.86981494,0.0,,100.688,1.175,26.062,0.304,22.75,0.265,1.0,0.012,0.26062,0.304,0.34125,0.3975,0.025,0.03,1.35837,0.0,0.0,79.171875,0.9235962430682686,0.0,0.0,2.771015625,3.23258685073894,6.003602475738941,543224,,,0.0438102765541445,Information
125409,723.0,3924.429083,ZAF,South Africa,Mpumalanga,3.617340774,0.0,0.63,0.51,723.0,,,,,,,,,,,,,,,,,,,,,,,,,3.3355300621463373,72.34681548,0.0,,2.25,0.057,2.188,0.056,4.438,0.113,0.062,0.002,0.02188,0.056,0.06657,0.1695,0.00155,0.005,0.3205,0.0,0.0,26.859375,0.6844148391846678,0.0,0.0,0.940078125,2.3954519371463374,3.3355300621463373,187654,,,0.0172103168997867,Information
125510,724.0,29910.07126,ZAF,South Africa,KwaZulu-Natal,1.632596178,0.155107404,0.63,0.51,724.0,,,,,,,,,,,,,,,,,,,,,,,,,32.797759225205695,32.65192356,3.10214808,,274.438,0.918,58.188,0.195,33.438,0.112,4.188,0.014,0.5818800000000001,0.195,0.5015700000000001,0.168,0.1046999999999999,0.035,1.58615,0.0,0.0,702.28125,2.34797585005877,0.0,0.0,24.57984375,8.217915475205695,32.797759225205695,2092100,,,0.2359120949983296,Information
125520,725.0,29260.54115,ZAF,South Africa,KwaZulu-Natal,2.315624172,0.0,0.63,0.51,725.0,725.0,0.0,1.0,-9999.0,-9999.0,-9999.0,0.0,10.0,-999.9,-999.9,-999.9,-5979.4,0.0,0.0,0.0,0.0,0.0,0.0,0.0,0.0,0.0,0.0,0.0,-5979.4,7.138881965715276,46.31248344,0.0,,47.25,0.161,27.688,0.095,13.438,0.046,0.875,0.003,0.27688,0.095,0.20157,0.069,0.021875,0.0075,0.6718249999999999,0.0,0.0,152.015625,0.5195243116329361,0.0,0.0,5.320546875,1.8183350907152764,7.138881965715276,1939411,,,0.0218152004228863,Information
125531,726.0,4361.012094,ZAF,South Africa,KwaZulu-Natal,3.637074375,0.0,0.63,0.51,726.0,,,,,,,,,,,,,,,,,,,,,,,,,7.261165753574436,72.7414875,0.0,,5.625,0.129,5.438,0.125,3.25,0.075,0.375,0.009,0.05438,0.125,0.04875,0.1124999999999999,0.009375,0.0225,0.372505,0.0,0.0,63.0,1.444618786735553,0.0,0.0,2.205,5.056165753574436,7.261165753574436,999937,,,0.0929467125781259,Information
125532,727.0,4484.382638,ZAF,South Africa,KwaZulu-Natal,3.239891725,0.0,0.63,0.51,727.0,,,,,,,,,,,,,,,,,,,,,,,,,4.848727149260766,64.79783450000001,0.0,,5.875,0.131,5.75,0.128,0.625,0.014,0.0,0.0,0.0575,0.128,0.009375,0.021,0.0,0.0,0.2158749999999999,0.0,0.0,42.890625,0.9564443640745044,0.0,0.0,1.501171875,3.347555274260765,4.848727149260766,2245554,,,0.0237177271682596,Information
125533,728.0,9583.328264,ZAF,South Africa,KwaZulu-Natal,3.87753207,0.0,0.63,0.51,728.0,,,,,,,,,,,,,,,,,,,,,,,,,4.153849627380804,77.5506414,0.0,,8.875,0.093,7.875,0.082,5.25,0.055,0.875,0.009,0.07875,0.082,0.07875,0.0825,0.021875,0.0225,0.366375,0.0,0.0,58.078125,0.6060329292516584,0.0,0.0,2.032734375,2.1211152523808043,4.153849627380804,2614104,,,0.0457799020869194,Information
125534,729.0,6748.695861,ZAF,South Africa,KwaZulu-Natal,1.264219291,0.0,0.63,0.51,729.0,,,,,,,,,,,,,,,,,,,,,,,,,2.5407097521340924,25.28438582,0.0,,3.375,0.05,3.375,0.05,1.125,0.017,0.25,0.004,0.03375,0.05,0.016875,0.0255,0.00625,0.01,0.142375,0.0,0.0,29.25,0.4334170720383121,0.0,0.0,1.02375,1.5169597521340925,2.5407097521340924,375307,,,0.0003607900473724,Information
125535,730.0,5992.988755,ZAF,South Africa,Eastern Cape,1.408501406,0.0,0.63,0.51,730.0,,,,,,,,,,,,,,,,,,,,,,,,,5.84489562114786,28.17002812,0.0,,8.625,0.144,8.375,0.14,4.312,0.072,0.938,0.016,0.08375,0.14,0.06468,0.1079999999999999,0.02345,0.04,0.45988,0.0,0.0,62.578125,1.0441889274708172,0.0,0.0,2.190234375,3.65466124614786,5.84489562114786,926116,,,0.0060582499951605,Information
125536,731.0,19946.75371,ZAF,South Africa,Eastern Cape,1.090596392,0.0,0.63,0.51,731.0,731.0,0.0,10.0,-9999.0,-9999.0,-9999.0,0.0,1.0,-999.9,-999.9,-999.9,-5997.4,0.0,0.0,0.0,0.0,0.0,0.0,0.0,0.0,0.0,0.0,0.0,-5997.4,3.532124490179919,21.81192784,0.0,,15.312,0.077,15.188,0.076,1.875,0.009,0.75,0.004,0.15188,0.076,0.028125,0.0134999999999999,0.01875,0.01,0.298255,0.0,0.0,67.21875,0.3369909257656911,0.0,0.0,2.35265625,1.179468240179919,3.532124490179919,1047027,,,0.0009767321867251,Information
125537,732.0,5561.968536,ZAF,South Africa,Eastern Cape,1.380012907,0.0,0.63,0.51,732.0,,,,,,,,,,,,,,,,,,,,,,,,,9.749892845073374,27.60025814,0.0,,9.812,0.176,9.625,0.173,2.25,0.04,0.375,0.007,0.09625,0.173,0.03375,0.06,0.009375,0.0175,0.389875,0.0,0.0,99.5625,1.790058670020964,0.0,0.0,3.4846875,6.265205345073374,9.749892845073374,817589,,,0.0224843866607646,Information
125539,734.0,2636.81979,ZAF,South Africa,Eastern Cape,1.305257386,0.0,0.63,0.51,734.0,,,,,,,,,,,,,,,,,,,,,,,,,8.515205322845722,26.10514772,0.0,,3.312,0.126,3.188,0.121,0.688,0.026,0.188,0.007,0.03188,0.121,0.01032,0.039,0.0046999999999999,0.0175,0.2244,0.0,0.0,50.765625,1.925259556527349,0.0,0.0,1.776796875,6.738408447845721,8.515205322845722,183708,,,0.0153557924645492,Information
125540,735.0,20567.74115,ZAF,South Africa,Eastern Cape,1.686258078,0.0,0.63,0.51,735.0,735.0,0.0,1.0,-9999.0,-9999.0,-9999.0,0.0,10.0,-999.9,-999.9,-999.9,-5979.4,0.0,0.0,0.0,0.0,0.0,0.0,0.0,0.0,0.0,0.0,0.0,-5979.4,6.510245043294132,33.725161560000004,0.0,,59.875,0.291,59.875,0.291,5.125,0.025,2.688,0.013,0.59875,0.291,0.076875,0.0375,0.0672,0.0325,1.103825,0.0,0.0,125.15625,0.6085075123697518,0.0,0.0,4.38046875,2.129776293294132,6.510245043294132,703735,,,0.0101587268353235,Information
125550,736.0,8015.11544,ZAF,South Africa,Eastern Cape,3.884883016,0.0,0.63,0.51,736.0,736.0,0.0,7.0,-9999.0,-9999.0,-9999.0,0.0,4.0,-999.9,-999.9,-999.9,-5991.4,0.0,0.0,0.0,0.0,0.0,0.0,0.0,0.0,0.0,0.0,0.0,-5991.4,11.007303167832143,77.69766032,0.0,,16.688,0.208,15.938,0.199,3.812,0.048,1.562,0.019,0.15938,0.199,0.05718,0.072,0.03905,0.0475,0.57411,0.0,0.0,139.921875,1.745725012237756,0.0,0.0,4.897265625,6.110037542832146,11.007303167832143,1008313,,,0.2400528355534011,Information
125561,737.0,3408.307162,ZAF,South Africa,Eastern Cape,1.183468143,0.0,0.63,0.51,737.0,737.0,0.0,1.0,-9999.0,-9999.0,-9999.0,0.0,10.0,-999.9,-999.9,-999.9,-5979.4,0.0,0.0,0.0,0.0,0.0,0.0,0.0,0.0,0.0,0.0,0.0,-5979.4,3.1173938841013764,23.66936286,0.0,,6.25,0.183,6.25,0.183,0.438,0.013,0.125,0.004,0.0625,0.183,0.00657,0.0195,0.003125,0.01,0.284695,0.0,0.0,22.640625,0.6642777168861075,0.0,0.0,0.792421875,2.3249720091013764,3.1173938841013764,67782,,,0.0006917365906334,Information
125562,738.0,3331.889639,ZAF,South Africa,Eastern Cape,1.784957475,0.0,0.63,0.51,738.0,,,,,,,,,,,,,,,,,,,,,,,,,0.4726535492168364,35.6991495,0.0,,6.938,0.208,6.938,0.208,1.062,0.032,0.5,0.015,0.06938,0.208,0.01593,0.048,0.0125,0.0375,0.3913099999999999,0.0,0.0,3.375,0.1012938712048104,0.0,0.0,0.118125,0.3545285492168364,0.4726535492168364,24092,,,4.4854540200043254e-07,Information
125563,739.0,1477.593474,ZAF,South Africa,Eastern Cape,2.023600362,0.0,0.63,0.51,739.0,739.0,0.0,1.0,-9999.0,-9999.0,-9999.0,0.0,10.0,-999.9,-999.9,-999.9,-5979.4,0.0,0.0,0.0,0.0,0.0,0.0,0.0,0.0,0.0,0.0,0.0,-5979.4,0.1911597519407943,40.47200724,0.0,,1.75,0.118,1.75,0.118,0.125,0.008,0.0,0.0,0.0175,0.118,0.001875,0.012,0.0,0.0,0.149375,0.0,0.0,0.703125,0.0475858219830841,0.0,0.0,0.024609375,0.1665503769407943,0.1911597519407943,17948,,,4.703385170790241e-09,Information
125564,740.0,2800.6224,ZAF,South Africa,Eastern Cape,0.726820885,0.0,0.63,0.51,740.0,,,,,,,,,,,,,,,,,,,,,,,,,0.8538699999999999,14.5364177,0.0,,12.75,0.455,12.75,0.455,2.188,0.078,1.062,0.038,0.1275,0.455,0.03282,0.1169999999999999,0.02655,0.095,0.8538699999999999,0.0,0.0,3.9375,0.1405937480243217,0.0,0.0,0.1378125,0.4920781180851259,0.629890618085126,21138,,,2.05178437735845e-06,Information
125565,741.0,3042.256589,ZAF,South Africa,Eastern Cape,2.923416922,0.0,0.63,0.51,741.0,741.0,0.0,1.0,-9999.0,-9999.0,-9999.0,0.0,10.0,-999.9,-999.9,-999.9,-5979.4,0.0,0.0,0.0,0.0,0.0,0.0,0.0,0.0,0.0,0.0,0.0,-5979.4,4.557652725699222,58.46833844,0.0,,12.125,0.399,12.125,0.399,0.875,0.029,0.438,0.014,0.12125,0.399,0.013125,0.0435,0.01095,0.035,0.6228250000000001,0.0,0.0,30.375,0.9984364930569204,0.0,0.0,1.063125,3.4945277256992213,4.557652725699222,11325,,,0.0135647892502954,Information
125566,742.0,4749.245902,ZAF,South Africa,Eastern Cape,0.872742495,0.0,0.63,0.51,742.0,,,,,,,,,,,,,,,,,,,,,,,,,6.251713216066271,17.4548499,0.0,,29.0,0.611,29.0,0.611,5.75,0.121,2.5,0.053,0.29,0.611,0.08625,0.1815,0.0625,0.1325,1.36375,0.0,0.0,57.515625,1.2110475260189344,0.0,0.0,2.013046875,4.238666341066271,6.251713216066271,9385,,,0.004933012443306,Information
125567,743.0,4216.74424,ZAF,South Africa,Eastern Cape,3.14377719,0.0,0.63,0.51,743.0,743.0,0.0,7.0,3.0,-9999.0,-9999.0,0.0,4.0,0.3,-999.9,-999.9,-3991.0,0.0,0.0,0.0,0.0,0.0,0.0,0.0,0.0,0.0,0.0,0.0,-3991.0,3.6009177683032183,62.8755438,0.0,,10.5,0.249,10.5,0.249,1.438,0.034,1.125,0.027,0.105,0.249,0.02157,0.051,0.028125,0.0675,0.522195,0.0,0.0,30.515625,0.7236773980866338,0.0,0.0,1.068046875,2.532870893303218,3.6009177683032183,44236,,,0.0098217845476743,Information
125568,744.0,4472.498855,ZAF,South Africa,Eastern Cape,1.108796105,0.0,0.63,0.51,744.0,,,,,,,,,,,,,,,,,,,,,,,,,5.7017332084981245,22.1759221,0.0,,20.0,0.447,20.0,0.447,3.75,0.084,1.0,0.022,0.2,0.447,0.05625,0.126,0.025,0.0549999999999999,0.90925,0.0,0.0,50.34375,1.1256291309994642,0.0,0.0,1.76203125,3.9397019584981248,5.7017332084981245,14899,,,0.0044786355991016,Information
125569,745.0,2831.759773,ZAF,South Africa,Eastern Cape,2.724937133,0.0,0.63,0.51,745.0,,,,,,,,,,,,,,,,,,,,,,,,,2.207982296007767,54.498742660000005,0.0,,11.812,0.417,11.812,0.417,1.188,0.042,0.5,0.018,0.1181199999999999,0.417,0.01782,0.063,0.0125,0.045,0.6734399999999999,0.0,0.0,13.921875,0.4916333345736478,0.0,0.0,0.487265625,1.7207166710077673,2.207982296007767,21573,,,0.0012404520394652,Information
125570,746.0,5414.52907,ZAF,South Africa,Eastern Cape,0.773846845,0.0,0.63,0.51,746.0,,,,,,,,,,,,,,,,,,,,,,,,,5.324560276038252,15.4769369,0.0,,10.938,0.202,10.812,0.2,4.0,0.074,2.375,0.044,0.10812,0.2,0.06,0.1109999999999999,0.059375,0.1099999999999999,0.6484949999999999,0.0,0.0,53.4375,0.986927936010929,0.0,0.0,1.8703125,3.4542477760382515,5.324560276038252,143317,,,0.0028488081615714,Information
125580,747.0,21371.1497,ZAF,South Africa,Eastern Cape,1.781725129,0.0,0.63,0.51,747.0,747.0,0.0,1.0,-9999.0,-9999.0,-9999.0,0.0,10.0,-999.9,-999.9,-999.9,-5979.4,0.0,0.0,0.0,0.0,0.0,0.0,0.0,0.0,0.0,0.0,0.0,-5979.4,10.743458165389164,35.63450258,0.0,,53.625,0.251,53.562,0.251,14.438,0.068,10.25,0.048,0.53562,0.251,0.21657,0.102,0.25625,0.12,1.48144,0.0,0.0,209.109375,0.9784657258254756,0.0,0.0,7.318828125,3.4246300403891645,10.743458165389164,131476,,,0.0367043979778455,Information
125590,748.0,2674.025886,ZAF,South Africa,Eastern Cape,3.317380276,0.0,0.63,0.51,748.0,,,,,,,,,,,,,,,,,,,,,,,,,13.110398061825435,66.34760552,0.0,,11.188,0.418,9.5,0.355,3.188,0.119,2.125,0.079,0.095,0.355,0.04782,0.1785,0.053125,0.1975,0.926945,0.0,0.0,79.03125,2.95551551766441,0.0,0.0,2.76609375,10.344304311825436,13.110398061825435,1301459,,,0.1729226737252264,Information
125601,749.0,1187.505246,ZAF,South Africa,Eastern Cape,3.059265008,0.0,0.63,0.51,749.0,,,,,,,,,,,,,,,,,,,,,,,,,2.040238654039536,61.18530016,0.0,,8.625,0.726,7.312,0.616,1.688,0.142,0.438,0.037,0.07312,0.616,0.02532,0.2129999999999999,0.01095,0.0925,1.03089,0.0,0.0,6.1875,0.5210503297255817,0.0,0.0,0.2165625,1.823676154039536,2.040238654039536,39744,,,0.0016109558336624,Information
125602,750.0,4041.978126,ZAF,South Africa,Eastern Cape,2.386000551,0.0,0.63,0.51,750.0,,,,,,,,,,,,,,,,,,,,,,,,,6.001668857439481,47.72001102,0.0,,4.312,0.107,4.312,0.107,1.125,0.028,1.625,0.04,0.04312,0.107,0.016875,0.042,0.040625,0.1,0.34962,0.0,0.0,49.359375,1.2211687806969944,0.0,0.0,1.727578125,4.274090732439481,6.001668857439481,31387,,,0.0152100812954327,Information
125603,751.0,6068.370135,ZAF,South Africa,Eastern Cape,1.730311787,0.0,0.63,0.51,751.0,751.0,0.0,4.0,7.0,-9999.0,-9999.0,0.0,7.0,0.7,-999.9,-999.9,-3984.2,0.0,0.0,0.0,0.0,0.0,0.0,0.0,0.0,0.0,0.0,0.0,-3984.2,4.248620543075096,34.60623574,0.0,,18.312,0.302,18.312,0.302,1.0,0.016,2.188,0.036,0.18312,0.302,0.015,0.024,0.0547,0.09,0.66882,0.0,0.0,45.84375,0.7554540837357416,0.0,0.0,1.60453125,2.644089293075096,4.248620543075096,10801,,,0.0031300935553807,Information
125605,753.0,1528.541365,ZAF,South Africa,Eastern Cape,0.150674983,0.0,0.63,0.51,753.0,,,,,,,,,,,,,,,,,,,,,,,,,5.048549913308339,3.0134996600000004,0.0,,25.875,1.693,25.875,1.693,5.688,0.372,7.812,0.511,0.25875,1.693,0.08532,0.558,0.1953,1.2775,4.06787,0.0,0.0,19.125,1.2511928323738108,0.0,0.0,0.669375,4.379174913308338,5.048549913308339,9666,,,0.001560961536991,Information
125606,754.0,10359.40761,ZAF,South Africa,Western Cape,2.731460462,0.0,0.63,0.51,754.0,,,,,,,,,,,,,,,,,,,,,,,,,5.000936485252315,54.62920924,0.0,,71.625,0.691,71.625,0.691,19.562,0.189,15.562,0.15,0.71625,0.691,0.29343,0.2835,0.38905,0.375,2.74823,0.0,0.0,72.703125,0.7018077457863757,0.0,0.0,2.544609375,2.456327110252315,5.000936485252315,7004,,,0.0137185120373664,Information
125607,755.0,6327.776887,ZAF,South Africa,Eastern Cape,2.499820344,0.0,0.63,0.51,755.0,,,,,,,,,,,,,,,,,,,,,,,,,5.689636135739582,49.99640688,0.0,,37.938,0.6,37.938,0.6,5.125,0.081,7.312,0.116,0.37938,0.6,0.076875,0.1215,0.1828,0.29,1.650555,0.0,0.0,63.0,0.9956103244970236,0.0,0.0,2.205,3.4846361357395823,5.689636135739582,2276,,,0.0148732864295307,Information
125608,756.0,1402.642736,ZAF,South Africa,Northern Cape,0.570541388,0.0,0.63,0.51,756.0,,,,,,,,,,,,,,,,,,,,,,,,,1.4404279210928013,11.41082776,0.0,,9.25,0.659,9.25,0.659,0.375,0.027,0.438,0.031,0.0925,0.659,0.005625,0.0405,0.01095,0.0775,0.8860750000000001,0.0,0.0,5.0625,0.3609258345979432,0.0,0.0,0.1771875,1.2632404210928012,1.4404279210928013,595,,,1.90202783901111e-05,Information
125609,757.0,2614.312067,ZAF,South Africa,Western Cape,3.123089951,0.0,0.63,0.51,757.0,,,,,,,,,,,,,,,,,,,,,,,,,3.918507364439152,62.46179902,0.0,,45.438,1.738,45.438,1.738,4.062,0.155,4.188,0.16,0.45438,1.738,0.06093,0.2324999999999999,0.1046999999999999,0.4,2.99051,0.0,0.0,23.203125,0.8875422826969005,0.0,0.0,0.812109375,3.106397989439152,3.918507364439152,8063,,,0.0119215436766075,Information
125801,758.0,1667.739061,ZAF,South Africa,Western Cape,2.19212521,0.0,0.63,0.51,758.0,758.0,0.0,5.0,-9999.0,-9999.0,-9999.0,0.0,6.0,-999.9,-999.9,-999.9,-5987.4,0.0,0.0,0.0,0.0,0.0,0.0,0.0,0.0,0.0,0.0,0.0,-5987.4,1.96274573651244,43.8425042,0.0,,1.875,0.112,1.875,0.112,0.25,0.015,0.375,0.022,0.01875,0.112,0.00375,0.0225,0.009375,0.0549999999999999,0.221375,0.0,0.0,8.015625,0.4806282461464115,0.0,0.0,0.280546875,1.68219886151244,1.96274573651244,11159,,,0.0003985270307664,Information
125802,759.0,13319.49931,ZAF,South Africa,Western Cape,2.489927196,0.0,0.63,0.51,759.0,759.0,0.0,6.0,-9999.0,-9999.0,-9999.0,0.0,5.0,-999.9,-999.9,-999.9,-5989.4,0.0,0.0,0.0,0.0,0.0,0.0,0.0,0.0,0.0,0.0,0.0,-5989.4,5.626976260474972,49.79854392,0.0,,84.812,0.637,84.812,0.637,19.5,0.146,19.25,0.145,0.84812,0.637,0.2925,0.2189999999999999,0.48125,0.3625,2.84037,0.0,0.0,91.828125,0.6894262529928491,0.0,0.0,3.213984375,2.412991885474972,5.626976260474972,35352,,,0.014317626237842,Information
125804,761.0,18547.05572,ZAF,South Africa,Western Cape,3.102182058,0.0,0.63,0.51,761.0,,,,,,,,,,,,,,,,,,,,,,,,,9.931609095425594,62.04364116,0.0,,35.125,0.189,35.125,0.189,8.375,0.045,5.562,0.03,0.35125,0.189,0.125625,0.0675,0.13905,0.075,0.947425,0.0,0.0,184.359375,0.9940088486930272,0.0,0.0,6.452578125,3.479030970425596,9.931609095425594,75976,,,0.0900065760729147,Information
125805,762.0,2599.473715,ZAF,South Africa,Western Cape,2.627458727,0.0,0.63,0.51,762.0,762.0,0.0,1.0,-9999.0,-9999.0,-9999.0,0.0,10.0,-999.9,-999.9,-999.9,-5979.4,0.0,0.0,0.0,0.0,0.0,0.0,0.0,0.0,0.0,0.0,0.0,-5979.4,5.439167100751745,52.54917454,0.0,,1.688,0.065,1.688,0.065,0.688,0.026,0.5,0.019,0.01688,0.065,0.01032,0.039,0.0125,0.0475,0.1912,0.0,0.0,32.0625,1.2334227430719271,0.0,0.0,1.1221875,4.316979600751745,5.439167100751745,54720,,,0.0151529963480871,Information
125806,763.0,1830.982124,ZAF,South Africa,Western Cape,0.074225182,0.0,0.63,0.51,763.0,,,,,,,,,,,,,,,,,,,,,,,,,4.166185177496677,1.48450364,0.0,,2.312,0.126,2.312,0.126,0.5,0.027,0.312,0.017,0.0231199999999999,0.126,0.0075,0.0405,0.0078,0.0425,0.24742,0.0,0.0,18.421875,1.0061198721419078,0.0,0.0,0.644765625,3.521419552496677,4.166185177496677,15345,,,0.000780190420545,Information
125807,764.0,2422.363725,ZAF,South Africa,Western Cape,1.06634835,0.0,0.63,0.51,764.0,,,,,,,,,,,,,,,,,,,,,,,,,9.313691162385402,21.326967,0.0,,18.875,0.779,18.875,0.779,6.75,0.279,3.938,0.163,0.18875,0.779,0.10125,0.4185,0.09845,0.4075,1.99345,0.0,0.0,51.890625,2.1421483678244004,0.0,0.0,1.816171875,7.497519287385401,9.313691162385402,57443,,,0.0164289655914934,Information
125809,766.0,3051.962998,ZAF,South Africa,Eastern Cape,0.582816133,0.0,0.63,0.51,766.0,,,,,,,,,,,,,,,,,,,,,,,,,2.820537954655101,11.65632266,0.0,,14.25,0.467,14.25,0.467,2.062,0.068,1.375,0.045,0.1425,0.467,0.03093,0.102,0.034375,0.1124999999999999,0.889305,0.0,0.0,18.84375,0.6174304870443147,0.0,0.0,0.65953125,2.1610067046551014,2.820537954655101,1099,,,0.0002862626079373,Information
125900,767.0,15697.22116,ZAF,South Africa,Western Cape,4.013601875,0.0,0.63,0.51,767.0,,,,,,,,,,,,,,,,,,,,,,,,,21.4326366588912,80.2720375,0.0,,118.25,0.753,97.562,0.622,31.688,0.202,34.875,0.222,0.97562,0.622,0.4753199999999999,0.303,0.871875,0.555,3.802815,0.0,0.0,374.0625,2.3829854739689136,0.0,0.0,13.0921875,8.340449158891197,21.4326366588912,530078,,,0.5330256437425379,Advisory
126000,768.0,10585.42986,ZAF,South Africa,Northern Cape,3.271921738,0.0,0.63,0.51,768.0,,,,,,,,,,,,,,,,,,,,,,,,,2.1823121378800963,65.43843476,0.0,,10.562,0.1,10.562,0.1,2.0,0.019,4.062,0.038,0.1056199999999999,0.1,0.03,0.0284999999999999,0.10155,0.095,0.46067,0.0,0.0,32.0625,0.3028927536800276,0.0,0.0,1.1221875,1.0601246378800966,2.1823121378800963,510,,,0.0028692819967494,Information
126010,769.0,12606.45903,ZAF,South Africa,Western Cape,0.673336311,0.001485577,0.63,0.51,769.0,,,,,,,,,,,,,,,,,,,,,,,,,21.67695955762633,13.46672622,0.02971154,,210.812,1.672,101.875,0.808,17.062,0.135,17.25,0.137,1.01875,0.808,0.25593,0.2025,0.43125,0.3425,3.05893,0.0,0.0,345.375,2.739667016464665,0.0,0.0,12.088125,9.588834557626328,21.67695955762633,5311243,,,0.0831365081197122,Information
126020,770.0,7815.073528,ZAF,South Africa,Western Cape,1.016261298,0.0,0.63,0.51,770.0,,,,,,,,,,,,,,,,,,,,,,,,,12.03884581919868,20.32522596,0.0,,80.062,1.024,79.75,1.02,49.562,0.634,54.188,0.693,0.7975,1.02,0.7434299999999999,0.951,1.3547,1.7325,6.59913,0.0,0.0,150.890625,1.9307639840567656,0.0,0.0,5.281171875,6.75767394419868,12.03884581919868,542656,,,0.02939139006784,Information
126030,771.0,5277.054789,ZAF,South Africa,Western Cape,3.050824762,0.0,0.63,0.51,771.0,,,,,,,,,,,,,,,,,,,,,,,,,5.642528984408105,61.01649524,0.0,,16.562,0.314,15.688,0.297,2.25,0.043,3.25,0.062,0.15688,0.297,0.03375,0.0645,0.08125,0.155,0.7883800000000001,0.0,0.0,55.6875,1.0552761384023157,0.0,0.0,1.9490625,3.693466484408105,5.642528984408105,37719,,,0.0266300359724248,Information
126041,772.0,681.8856369,ZAF,South Africa,Western Cape,2.969440663,0.0,0.63,0.51,772.0,,,,,,,,,,,,,,,,,,,,,,,,,26.908679631959647,59.38881326,0.0,,25.688,3.767,25.688,3.767,9.5,1.393,21.75,3.19,0.25688,3.767,0.1425,2.0895,0.54375,7.975,14.77463,0.0,0.0,49.078125,7.197412930559899,0.0,0.0,1.717734375,25.190945256959647,26.908679631959647,19293,,,0.3403182706952736,Information
126042,773.0,17114.90762,ZAF,South Africa,Northern Cape,1.524713902,0.0,0.63,0.51,773.0,,,,,,,,,,,,,,,,,,,,,,,,,1.497150219542602,30.49427804,0.0,,25.75,0.15,25.75,0.15,6.875,0.04,6.875,0.04,0.2575,0.15,0.103125,0.06,0.171875,0.1,0.8424999999999999,0.0,0.0,27.0,0.1577572055836006,0.0,0.0,0.945,0.5521502195426021,1.497150219542602,5957,,,6.205923207516464e-05,Information
126043,774.0,10127.21166,ZAF,South Africa,Western Cape,3.363239066,0.0,0.63,0.51,774.0,774.0,0.0,1.0,-9999.0,-9999.0,-9999.0,0.0,10.0,-999.9,-999.9,-999.9,-5979.4,0.0,0.0,0.0,0.0,0.0,0.0,0.0,0.0,0.0,0.0,0.0,-5979.4,12.951268044854928,67.26478132,0.0,,36.0,0.355,36.0,0.355,6.062,0.06,14.125,0.139,0.36,0.355,0.09093,0.09,0.353125,0.3475,1.596555,0.0,0.0,186.1875,1.83848729852998,0.0,0.0,6.5165625,6.434705544854928,12.951268044854928,119653,,,0.1768963443007827,Information
126044,775.0,3915.759743,ZAF,South Africa,Northern Cape,0.08837988,0.0,0.63,0.51,775.0,,,,,,,,,,,,,,,,,,,,,,,,,4.250379792936377,1.7675975999999998,0.0,,9.188,0.235,9.188,0.235,1.75,0.045,1.812,0.046,0.09188,0.235,0.02625,0.0675,0.0453,0.1149999999999999,0.58093,0.0,0.0,34.171875,0.8726754765532504,0.0,0.0,1.196015625,3.0543641679363764,4.250379792936377,390,,,0.0008437944882278,Information
126046,777.0,6426.649364,ZAF,South Africa,Western Cape,2.028537224,0.0,0.63,0.51,777.0,,,,,,,,,,,,,,,,,,,,,,,,,2.8305933323081414,40.57074448,0.0,,18.0,0.28,18.0,0.28,2.688,0.042,1.938,0.03,0.18,0.28,0.04032,0.063,0.04845,0.075,0.68677,0.0,0.0,31.640625,0.4923347020880403,0.0,0.0,1.107421875,1.7231714573081411,2.8305933323081414,843,,,0.0011661111534261,Information
126049,780.0,3803.464179,ZAF,South Africa,Western Cape,1.918164852,0.0,0.63,0.51,780.0,,,,,,,,,,,,,,,,,,,,,,,,,1.3396785546504957,38.36329704,0.0,,3.375,0.089,3.375,0.089,0.375,0.01,0.5,0.013,0.03375,0.089,0.005625,0.015,0.0125,0.0325,0.188375,0.0,0.0,10.546875,0.277296551328713,0.0,0.0,0.369140625,0.9705379296504956,1.3396785546504957,2077,,,6.437752170662524e-05,Information
126050,781.0,2917.354496,ZAF,South Africa,Western Cape,0.690343753,0.0,0.63,0.51,781.0,,,,,,,,,,,,,,,,,,,,,,,,,0.5666153051659873,13.80687506,0.0,,3.188,0.109,2.75,0.094,0.625,0.021,0.25,0.009,0.0275,0.094,0.009375,0.0315,0.00625,0.0225,0.191125,0.0,0.0,3.65625,0.1253275871902821,0.0,0.0,0.12796875,0.4386465551659874,0.5666153051659873,3451,,,2.5215590185492805e-07,Information
126060,782.0,4750.562508,ZAF,South Africa,Northern Cape,2.668977716,0.0,0.63,0.51,782.0,782.0,0.0,1.0,-9999.0,-9999.0,-9999.0,0.0,10.0,-999.9,-999.9,-999.9,-5979.4,0.0,0.0,0.0,0.0,0.0,0.0,0.0,0.0,0.0,0.0,0.0,-5979.4,0.19045,53.37955432,0.0,,3.438,0.072,3.438,0.072,0.938,0.02,0.5,0.011,0.03438,0.072,0.01407,0.03,0.0125,0.0274999999999999,0.19045,0.0,0.0,0.984375,0.0207212303478553,0.0,0.0,0.034453125,0.0725243062174935,0.1069774312174935,5402,,,1.8946017180134045e-08,Information
126080,784.0,10190.96638,ZAF,South Africa,Northern Cape,2.003875777,0.0,0.63,0.51,784.0,,,,,,,,,,,,,,,,,,,,,,,,,0.28013,40.07751554000001,0.0,,7.125,0.07,7.125,0.07,1.812,0.018,1.688,0.017,0.07125,0.07,0.02718,0.0269999999999999,0.0421999999999999,0.0425,0.28013,0.0,0.0,2.390625,0.0234582757922876,0.0,0.0,0.083671875,0.0821039652730066,0.1657758402730066,45438,,,4.03507220739131e-08,Information
126090,785.0,5930.359607,ZAF,South Africa,Northern Cape,3.974986627,0.0,0.63,0.51,785.0,785.0,1.0,1.0,100.0,-9999.0,-9999.0,3.0,10.0,10.0,-999.9,-999.9,-3953.6,0.0,0.0,0.0,0.0,0.0,0.0,0.0,0.0,0.0,0.0,0.0,-3953.6,0.4759678636697246,79.49973254,0.0,,6.625,0.112,4.5,0.076,0.938,0.016,0.875,0.015,0.045,0.076,0.01407,0.024,0.021875,0.0375,0.218445,0.0,0.0,5.0625,0.0853658181913499,0.0,0.0,0.1771875,0.2987803636697246,0.4759678636697246,7950,,,8.399637816972824e-05,Information
127301,798.0,1061.166007,ZAF,South Africa,Northern Cape,4.061204797,0.0,0.63,0.51,798.0,,,,,,,,,,,,,,,,,,,,,,,,,7.285116566633139,81.22409594000001,0.0,,2.688,0.253,2.688,0.253,1.25,0.118,0.5,0.047,0.02688,0.253,0.01875,0.177,0.0125,0.1175,0.60563,0.0,0.0,19.96875,1.8817743761808967,0.0,0.0,0.69890625,6.586210316633139,7.285116566633139,6,,,0.1718854097056191,Information
127304,801.0,11989.36947,ZAF,South Africa,Northern Cape,0.750603612,0.0,0.63,0.51,801.0,,,,,,,,,,,,,,,,,,,,,,,,,1.7331982470137488,15.01207224,0.0,,4.5,0.038,4.5,0.038,0.375,0.003,0.375,0.003,0.045,0.038,0.005625,0.0045,0.009375,0.0075,0.1099999999999999,0.0,0.0,27.0,0.2251994991467854,0.0,0.0,0.945,0.7881982470137489,1.7331982470137488,7402,,,4.9599900780391145e-05,Information
127309,806.0,5784.070995,ZAF,South Africa,Northern Cape,3.176781741,0.0,0.63,0.51,806.0,,,,,,,,,,,,,,,,,,,,,,,,,5.238182165140864,63.53563482,0.0,,7.125,0.123,7.125,0.123,0.25,0.004,1.062,0.018,0.07125,0.123,0.00375,0.006,0.02655,0.045,0.2755499999999999,0.0,0.0,54.84375,0.9481859757545326,0.0,0.0,1.91953125,3.318650915140864,5.238182165140864,5745,,,0.0261679185703795,Information
127410,808.0,20507.0933,ZAF,South Africa,Northern Cape,2.380898994,0.0,0.63,0.51,808.0,,,,,,,,,,,,,,,,,,,,,,,,,11.466188060613822,47.61797987999999,0.0,,206.312,1.006,92.188,0.45,19.75,0.096,23.188,0.113,0.92188,0.45,0.29625,0.144,0.5797,0.2825,2.6743300000000003,0.0,0.0,220.21875,1.0738662316039491,0.0,0.0,7.70765625,3.758531810613822,11.466188060613822,2987,,,0.0643610041734978,Information
127420,809.0,5373.996058,ZAF,South Africa,Northern Cape,0.434467862,0.0,0.63,0.51,809.0,,,,,,,,,,,,,,,,,,,,,,,,,1.3668,8.68935724,0.0,,193.312,3.597,47.312,0.88,0.312,0.006,0.0,0.0,0.47312,0.88,0.00468,0.009,0.0,0.0,1.3668,0.0,0.0,11.8125,0.2198084976597602,0.0,0.0,0.4134375,0.7693297418091607,1.1827672418091608,637,,,1.3240337732399596e-05,Information
127421,810.0,2847.677622,ZAF,South Africa,Northern Cape,4.038991752,0.0,0.63,0.51,810.0,,,,,,,,,,,,,,,,,,,,,,,,,0.21712,80.77983504000001,0.0,,12.062,0.424,4.812,0.169,0.0,0.0,0.0,0.0,0.04812,0.169,0.0,0.0,0.0,0.0,0.21712,,,,,,,,,,349,,,3.675476215058227e-06,Information
127423,812.0,1717.800326,ZAF,South Africa,Northern Cape,1.89443766,0.0,0.63,0.51,812.0,,,,,,,,,,,,,,,,,,,,,,,,,2.33188,37.8887532,0.0,,147.812,8.605,34.188,1.99,0.0,0.0,0.0,0.0,0.34188,1.99,0.0,0.0,0.0,0.0,2.33188,,,,,,,,,,261,,,0.0005149071418776,Information
127424,813.0,1161.325428,ZAF,South Africa,Northern Cape,0.122214957,0.0,0.63,0.51,813.0,,,,,,,,,,,,,,,,,,,,,,,,,2.42088,2.44429914,0.0,,102.75,8.848,25.188,2.169,0.0,0.0,0.0,0.0,0.25188,2.169,0.0,0.0,0.0,0.0,2.42088,,,,,,,,,,56,,,0.000109385499184,Information
127425,814.0,3013.969823,ZAF,South Africa,Northern Cape,1.722120465,0.0,0.63,0.51,814.0,,,,,,,,,,,,,,,,,,,,,,,,,1.9105,34.4424093,0.0,,301.25,9.995,44.25,1.468,0.0,0.0,0.0,0.0,0.4425,1.468,0.0,0.0,0.0,0.0,1.9105,,,,,,,,,,1932,,,0.0002034528211864,Information
127426,815.0,16123.03407,ZAF,South Africa,Northern Cape,1.32842112,0.0,0.63,0.51,815.0,,,,,,,,,,,,,,,,,,,,,,,,,5.586495,26.5684224,0.0,,1816.312,11.265,312.812,1.94,17.125,0.106,2.5,0.016,3.12812,1.94,0.256875,0.159,0.0625,0.04,5.586495,0.0,0.0,20.953125,0.1299577046650754,0.0,0.0,0.733359375,0.4548519663277638,1.188211341327764,254918,,,0.0049975037320743,Information
127427,816.0,799.1127712,ZAF,South Africa,Northern Cape,1.326963615,0.0,0.63,0.51,816.0,,,,,,,,,,,,,,,,,,,,,,,,,3.8175,26.5392723,0.0,,126.562,15.838,28.25,3.535,0.0,0.0,0.0,0.0,0.2825,3.535,0.0,0.0,0.0,0.0,3.8175,,,,,,,,,,324,,,0.001552459021562,Information
127428,817.0,3898.567748,ZAF,South Africa,Northern Cape,0.16088019,0.0,0.63,0.51,817.0,,,,,,,,,,,,,,,,,,,,,,,,,1.97638,3.2176038,0.0,,654.5,16.788,55.438,1.422,0.0,0.0,0.0,0.0,0.55438,1.422,0.0,0.0,0.0,0.0,1.97638,,,,,,,,,,16362,,,4.987519724719135e-05,Information
127429,818.0,4009.548421,ZAF,South Africa,Northern Cape,0.602448065,0.0,0.63,0.51,818.0,,,,,,,,,,,,,,,,,,,,,,,,,4.574471123589904,12.0489613,0.0,,473.938,11.82,86.438,2.156,13.188,0.329,9.25,0.231,0.86438,2.156,0.19782,0.4935,0.23125,0.5775,4.52045,0.0,0.0,37.40625,0.9329292495971152,0.0,0.0,1.30921875,3.265252373589904,4.574471123589904,42088,,,0.0015568249939103,Information
127443,822.0,8030.211184,ZAF,South Africa,Northern Cape,0.551801892,0.0,0.63,0.51,822.0,,,,,,,,,,,,,,,,,,,,,,,,,3.885805,11.03603784,0.0,,1051.5,13.094,144.438,1.799,6.875,0.086,7.312,0.091,1.4443799999999998,1.799,0.103125,0.129,0.1828,0.2274999999999999,3.885805,0.0,0.0,15.1875,0.1891295216437399,0.0,0.0,0.5315625,0.6619533257530896,1.1935158257530896,21127,,,0.0008713538993238,Information
127444,823.0,6014.792195,ZAF,South Africa,North West,0.650271969,0.0,0.63,0.51,823.0,,,,,,,,,,,,,,,,,,,,,,,,,3.39238,13.00543938,0.0,,810.438,13.474,126.5,2.103,0.312,0.005,0.188,0.003,1.265,2.103,0.00468,0.0075,0.0046999999999999,0.0075,3.39238,,,,,,,,,,34821,,,0.0005886697062548,Information
127445,824.0,4885.737582,ZAF,South Africa,North West,4.005579479,0.0,0.63,0.51,824.0,,,,,,,,,,,,,,,,,,,,,,,,,2.89988,80.11158957999999,0.0,,886.188,18.138,95.188,1.948,0.0,0.0,0.0,0.0,0.95188,1.948,0.0,0.0,0.0,0.0,2.89988,,,,,,,,,,5835,,,0.0270854293986693,Information
127447,826.0,3078.187714,ZAF,South Africa,North West,3.803697779,0.0,0.63,0.51,826.0,,,,,,,,,,,,,,,,,,,,,,,,,3.44363,76.07395558,0.0,,509.188,16.542,80.688,2.621,0.25,0.008,0.0,0.0,0.80688,2.621,0.00375,0.012,0.0,0.0,3.44363,,,,,,,,,,5501,,,0.0262846942189853,Information
127448,827.0,7647.304329,ZAF,South Africa,North West,0.269977109,0.0,0.63,0.51,827.0,,,,,,,,,,,,,,,,,,,,,,,,,6.69395,5.39954218,0.0,,1877.0,24.545,266.188,3.481,15.938,0.208,0.0,0.0,2.66188,3.481,0.23907,0.312,0.0,0.0,6.69395,,,,,,,,,,53254,,,0.0040429926170002,Information
127449,828.0,13621.31411,ZAF,South Africa,North West,0.672301329,0.0,0.63,0.51,828.0,,,,,,,,,,,,,,,,,,,,,,,,,9.169175,13.446026579999998,0.0,,2111.75,15.503,328.375,2.411,131.375,0.964,1.312,0.01,3.28375,2.411,1.970625,1.446,0.0328,0.025,9.169175,0.0,0.0,25.875,0.1899596454611237,0.0,0.0,0.905625,0.664858759113933,1.570483759113933,547429,,,0.0123866063019079,Information
127464,833.0,6981.67099,ZAF,South Africa,Northern Cape,1.545651208,0.0,0.63,0.51,833.0,,,,,,,,,,,,,,,,,,,,,,,,,0.43638,30.91302416,0.0,,42.625,0.611,17.938,0.257,0.0,0.0,0.0,0.0,0.1793799999999999,0.257,0.0,0.0,0.0,0.0,0.43638,,,,,,,,,,377,,,2.04620696651648e-07,Information
127500,858.0,2300.659374,ZAF,South Africa,Northern Cape,3.330866404,0.0,0.63,0.51,858.0,858.0,1.0,1.0,100.0,-9999.0,-9999.0,3.0,10.0,10.0,-999.9,-999.9,-3953.6,0.0,0.0,0.0,0.0,0.0,0.0,0.0,0.0,0.0,0.0,0.0,-3953.6,8.341917891231628,66.61732808,0.0,,4.0,0.174,4.0,0.174,0.5,0.022,0.812,0.035,0.04,0.174,0.0075,0.033,0.0203,0.0875,0.3623,0.0,0.0,44.578125,1.9376238617804649,0.0,0.0,1.560234375,6.781683516231627,8.341917891231628,14575,,,0.0827599486126838,Information
127603,861.0,8027.048569,ZAF,South Africa,Northern Cape,0.970570527,0.0,0.63,0.51,861.0,861.0,1.0,4.0,100.0,2.0,-9999.0,3.0,7.0,10.0,0.2,-999.9,-1959.4,0.0,0.0,0.0,0.0,0.0,0.0,0.0,0.0,0.0,0.0,0.0,-1959.4,0.2652836959844218,19.41141054,0.0,,,,,,,,,,,,,,,,,0.0,0.0,3.375,0.0420453417098348,0.0,0.0,0.118125,0.1471586959844218,0.2652836959844218,5899,,,5.443021738520987e-09,Information
127604,862.0,23982.73053,ZAF,South Africa,Northern Cape,1.119030762,0.0,0.63,0.51,862.0,,,,,,,,,,,,,,,,,,,,,,,,,4.498315769281774,22.38061524,0.0,,42.75,0.178,42.75,0.178,8.375,0.035,7.75,0.032,0.4275,0.178,0.125625,0.0525,0.19375,0.08,1.057375,0.0,0.0,90.703125,0.3782018269376496,0.0,0.0,3.174609375,1.3237063942817735,4.498315769281774,12866,,,0.0021989573723722,Information
127606,864.0,16869.26168,ZAF,South Africa,Northern Cape,3.180886488,0.0,0.63,0.51,864.0,,,,,,,,,,,,,,,,,,,,,,,,,2.44593454931384,63.61772976,0.0,,63.062,0.374,63.062,0.374,9.812,0.058,10.938,0.065,0.63062,0.374,0.14718,0.087,0.27345,0.1625,1.6747500000000002,0.0,0.0,43.875,0.2600884426610972,0.0,0.0,1.535625,0.9103095493138402,2.44593454931384,6205,,,0.0034705780435825,Information
127607,865.0,7482.474636,ZAF,South Africa,Northern Cape,1.622808486,0.0,0.63,0.51,865.0,865.0,1.0,7.0,100.0,9.0,-9999.0,3.0,4.0,10.0,0.9,-999.9,-1963.4,0.0,0.0,0.0,0.0,0.0,0.0,0.0,0.0,0.0,0.0,0.0,-1963.4,-1963.4,32.45616972,0.0,,,,,,,,,,,,,,,,,,,,,,,,,,4765,,,,
127608,866.0,3879.035284,ZAF,South Africa,Northern Cape,0.06711258,0.0,0.63,0.51,866.0,866.0,1.0,5.0,62.0,5.0,-9999.0,3.0,6.0,6.2,0.5,-999.9,-1969.7,0.0,0.0,0.0,0.0,0.0,0.0,0.0,0.0,0.0,0.0,0.0,-1969.7,-1969.7,1.3422516,0.0,,,,,,,,,,,,,,,,,,,,,,,,,,490,,,,
127609,867.0,8043.524215,ZAF,South Africa,Northern Cape,2.113927539,0.0,0.63,0.51,867.0,867.0,2.0,5.0,90.0,33.0,5.0,7.0,6.0,9.0,3.3,0.5,41.4,0.0,0.0,0.0,0.0,0.0,0.0,0.0,0.0,0.0,0.0,0.0,41.4,41.4,42.27855078,0.0,,62.688,0.779,62.688,0.779,4.938,0.061,4.25,0.053,0.62688,0.779,0.07407,0.0915,0.10625,0.1325,1.8102,0.0,0.0,47.953125,0.5961705804580353,0.0,0.0,1.678359375,2.0865970316031235,3.7649564066031234,6581,,,0.3698132643713708,Advisory
127701,869.0,8709.568633,ZAF,South Africa,Northern Cape,4.006024553,0.0,0.63,0.51,869.0,869.0,1.0,1.0,100.0,-9999.0,-9999.0,3.0,10.0,10.0,-999.9,-999.9,-3953.6,0.0,0.0,0.0,0.0,0.0,0.0,0.0,0.0,0.0,0.0,0.0,-3953.6,12.994201330954176,80.12049105999999,0.0,,34.125,0.392,34.125,0.392,3.562,0.041,3.812,0.044,0.34125,0.392,0.05343,0.0615,0.0953,0.1099999999999999,1.05348,0.0,0.0,172.828125,1.9843477017011928,0.0,0.0,6.048984375,6.945216955954175,12.994201330954176,159452,,,0.3353504376907881,Information
127703,871.0,4427.48682,ZAF,South Africa,Northern Cape,3.2823468,0.0,0.63,0.51,871.0,,,,,,,,,,,,,,,,,,,,,,,,,7.281483033056038,65.646936,0.0,,38.75,0.875,24.0,0.542,1.25,0.028,1.25,0.028,0.24,0.542,0.01875,0.042,0.03125,0.07,0.9440000000000002,0.0,0.0,63.84375,1.4419862237302965,0.0,0.0,2.23453125,5.046951783056038,7.281483033056038,16272,,,0.0604081177850122,Information
127704,872.0,6772.607036,ZAF,South Africa,Northern Cape,0.238057257,0.0,0.63,0.51,872.0,,,,,,,,,,,,,,,,,,,,,,,,,2.3698750000000004,4.76114514,0.0,,499.062,7.369,89.75,1.325,2.5,0.037,0.875,0.013,0.8975,1.325,0.0375,0.0554999999999999,0.021875,0.0325,2.3698750000000004,0.0,0.0,8.578125,0.126659127782916,0.0,0.0,0.300234375,0.443306947240206,0.743541322240206,37342,,,0.0001105721593405,Information
127705,873.0,7800.643448,ZAF,South Africa,Northern Cape,2.572836934,0.0,0.63,0.51,873.0,873.0,0.0,1.0,-9999.0,-9999.0,-9999.0,0.0,10.0,-999.9,-999.9,-999.9,-5979.4,0.0,0.0,0.0,0.0,0.0,0.0,0.0,0.0,0.0,0.0,0.0,-5979.4,9.17609518570689,51.45673868,0.0,,121.938,1.563,64.688,0.829,7.25,0.093,3.375,0.043,0.64688,0.829,0.10875,0.1395,0.084375,0.1074999999999999,1.916005,0.0,0.0,114.890625,1.47283523163054,0.0,0.0,4.021171875,5.15492331070689,9.17609518570689,22394,,,0.0478712853256287,Information
127706,874.0,32801.86074,ZAF,South Africa,Northern Cape,1.26682366,0.0,0.63,0.51,874.0,874.0,2.0,9.0,100.0,51.0,25.0,7.0,2.0,10.0,5.1,2.5,39.5,0.0,0.0,0.0,0.0,0.0,0.0,0.0,0.0,0.0,0.0,0.0,39.5,39.5,25.3364732,0.0,,117.375,0.358,117.375,0.358,19.188,0.058,15.938,0.049,1.17375,0.358,0.2878199999999999,0.087,0.3984499999999999,0.1225,2.42752,0.0,0.0,120.375,0.3669761327474137,0.0,0.0,4.213125,1.284416464615948,5.497541464615948,67597,,,0.2621630559501232,Advisory
127707,875.0,3105.517252,ZAF,South Africa,Northern Cape,2.094495988,0.0,0.63,0.51,875.0,,,,,,,,,,,,,,,,,,,,,,,,,9.38834920076327,41.88991976,0.0,,117.625,3.788,40.188,1.294,3.375,0.109,1.312,0.042,0.40188,1.294,0.050625,0.1635,0.0328,0.105,2.047805,0.0,0.0,63.5625,2.046760485932363,0.0,0.0,2.2246875,7.163661700763271,9.38834920076327,3411,,,0.0341615660549333,Information
127708,876.0,2522.914085,ZAF,South Africa,Northern Cape,0.295647234,0.0,0.63,0.51,876.0,,,,,,,,,,,,,,,,,,,,,,,,,1.989125,5.91294468,0.0,,149.625,5.931,39.875,1.581,0.125,0.005,0.0,0.0,0.39875,1.581,0.001875,0.0075,0.0,0.0,1.989125,,,,,,,,,,7170,,,5.750502198987955e-05,Information
127709,877.0,1395.804181,ZAF,South Africa,Northern Cape,2.367153941,0.0,0.63,0.51,877.0,877.0,0.0,1.0,-9999.0,-9999.0,-9999.0,0.0,10.0,-999.9,-999.9,-999.9,-5979.4,0.0,0.0,0.0,0.0,0.0,0.0,0.0,0.0,0.0,0.0,0.0,-5979.4,8.920804816542525,47.34307882,0.0,,60.25,4.317,12.062,0.864,0.875,0.063,0.25,0.018,0.1206199999999999,0.864,0.013125,0.0945,0.00625,0.045,1.143495,0.0,0.0,31.21875,2.2366138761550074,0.0,0.0,1.09265625,7.828148566542525,8.920804816542525,325,,,0.0379149818089308,Information
127801,878.0,14302.52363,ZAF,South Africa,Northern Cape,1.954371881,0.0,0.63,0.51,878.0,878.0,1.0,8.0,31.0,5.0,-9999.0,3.0,3.0,3.1,0.5,-999.9,-3477.5,0.0,0.0,0.0,0.0,0.0,0.0,0.0,0.0,0.0,0.0,0.0,-3477.5,21.744159642407418,39.08743762,0.0,,140.75,0.984,128.25,0.897,35.625,0.249,21.0,0.147,1.2825,0.897,0.534375,0.3735,0.525,0.3675,3.979875,0.0,0.0,365.625,2.556367040687834,0.0,0.0,12.796875,8.947284642407418,21.744159642407418,32687,,,0.1514828860859305,Information
127802,879.0,9049.8972,ZAF,South Africa,Northern Cape,1.589878119,0.0,0.63,0.51,879.0,879.0,2.0,9.0,100.0,39.0,21.0,7.0,2.0,10.0,3.9,2.1,-950.8,0.0,0.0,0.0,0.0,0.0,0.0,0.0,0.0,0.0,0.0,0.0,-950.8,2.693722899268108,31.79756238,0.0,,48.188,0.532,48.188,0.532,7.562,0.084,3.938,0.044,0.48188,0.532,0.11343,0.126,0.09845,0.1099999999999999,1.46176,0.0,0.0,36.5625,0.4040101140766023,0.0,0.0,1.2796875,1.414035399268108,2.693722899268108,17114,,,0.0006155907845403,Information
127803,880.0,10692.17038,ZAF,South Africa,Eastern Cape,2.349121916,0.0,0.63,0.51,880.0,880.0,0.0,1.0,-9999.0,-9999.0,-9999.0,0.0,10.0,-999.9,-999.9,-999.9,-5979.4,0.0,0.0,0.0,0.0,0.0,0.0,0.0,0.0,0.0,0.0,0.0,-5979.4,21.81253982586484,46.98243832,0.0,,158.188,1.479,146.625,1.371,49.062,0.459,31.188,0.292,1.46625,1.371,0.7359299999999999,0.6885,0.7797,0.73,5.771380000000001,0.0,0.0,322.03125,3.011841735961383,0.0,0.0,11.27109375,10.54144607586484,21.81253982586484,45387,,,0.1872332122755294,Information
127804,881.0,21999.45462,ZAF,South Africa,Free State,2.132937332,0.0,0.63,0.51,881.0,881.0,0.0,8.0,-9999.0,-9999.0,-9999.0,0.0,3.0,-999.9,-999.9,-999.9,-5992.4,0.0,0.0,0.0,0.0,0.0,0.0,0.0,0.0,0.0,0.0,0.0,-5992.4,6.758234174019894,42.65874664,0.0,,176.0,0.8,83.812,0.381,15.938,0.072,4.812,0.022,0.83812,0.381,0.23907,0.1079999999999999,0.1203,0.0549999999999999,1.7414900000000002,0.0,0.0,132.75,0.6034240497199698,0.0,0.0,4.64625,2.111984174019894,6.758234174019894,1287809,,,0.0162478771004484,Information
127805,882.0,6119.767222,ZAF,South Africa,Eastern Cape,3.47690784,0.0,0.63,0.51,882.0,882.0,0.0,1.0,-9999.0,-9999.0,-9999.0,0.0,10.0,-999.9,-999.9,-999.9,-5979.4,0.0,0.0,0.0,0.0,0.0,0.0,0.0,0.0,0.0,0.0,0.0,-5979.4,6.598910300919988,69.5381568,0.0,,63.688,1.041,58.562,0.957,14.188,0.232,4.0,0.065,0.58562,0.957,0.21282,0.348,0.1,0.1625,2.36594,0.0,0.0,71.578125,1.1696216931199963,0.0,0.0,2.505234375,4.093675925919987,6.598910300919988,76073,,,0.0630615593132336,Information
127806,883.0,9295.720967,ZAF,South Africa,Eastern Cape,0.747157329,0.0,0.63,0.51,883.0,,,,,,,,,,,,,,,,,,,,,,,,,0.6742988930327286,14.94314658,0.0,,17.938,0.193,17.938,0.193,2.75,0.03,1.438,0.015,0.1793799999999999,0.193,0.04125,0.045,0.0359499999999999,0.0375,0.53208,0.0,0.0,9.28125,0.0998443265807796,0.0,0.0,0.32484375,0.3494551430327286,0.6742988930327286,36782,,,6.57737019140045e-07,Information
127910,887.0,2016.108812,ZAF,South Africa,Northern Cape,2.776020473,0.0,0.63,0.51,887.0,,,,,,,,,,,,,,,,,,,,,,,,,2.2587657273458297,55.52040946,0.0,,214.812,10.655,27.438,1.361,0.562,0.028,0.188,0.009,0.27438,1.361,0.00843,0.042,0.0046999999999999,0.0225,1.71301,0.0,0.0,10.828125,0.5370803863845228,0.0,0.0,0.378984375,1.879781352345829,2.2587657273458297,23394,,,0.0014402451638171,Information
127921,888.0,3997.67989,ZAF,South Africa,Northern Cape,2.222683038,0.0,0.63,0.51,888.0,888.0,0.0,1.0,-9999.0,-9999.0,-9999.0,0.0,10.0,-999.9,-999.9,-999.9,-5979.4,0.0,0.0,0.0,0.0,0.0,0.0,0.0,0.0,0.0,0.0,0.0,-5979.4,1.4131637034522766,44.45366076,0.0,,4.0,0.1,4.0,0.1,0.062,0.002,0.0,0.0,0.04,0.1,0.0009299999999999,0.003,0.0,0.0,0.14393,0.0,0.0,11.53125,0.2884485581292219,0.0,0.0,0.40359375,1.0095699534522766,1.4131637034522766,26515,,,0.0001206190266491,Information
127922,889.0,13918.75598,ZAF,South Africa,Free State,0.689288439,0.0,0.63,0.51,889.0,889.0,0.0,7.0,-9999.0,-9999.0,-9999.0,0.0,4.0,-999.9,-999.9,-999.9,-5991.4,0.0,0.0,0.0,0.0,0.0,0.0,0.0,0.0,0.0,0.0,0.0,-5991.4,5.142476624300661,13.78576878,0.0,,309.0,2.22,99.625,0.716,12.938,0.093,6.812,0.049,0.99625,0.716,0.19407,0.1395,0.1703,0.1225,2.33862,0.0,0.0,85.5,0.6142790355144746,0.0,0.0,2.9925,2.149976624300661,5.142476624300661,49030,,,0.0024064221904968,Information
127923,890.0,7748.814494,ZAF,South Africa,Free State,1.331024996,0.0,0.63,0.51,890.0,890.0,0.0,1.0,-9999.0,-9999.0,-9999.0,0.0,10.0,-999.9,-999.9,-999.9,-5979.4,0.0,0.0,0.0,0.0,0.0,0.0,0.0,0.0,0.0,0.0,0.0,-5979.4,19.61615634801712,26.62049992,0.0,,428.875,5.535,163.312,2.108,63.625,0.821,42.75,0.552,1.63312,2.108,0.954375,1.2315,1.06875,1.38,8.375745,0.0,0.0,244.6875,3.1577410994334607,0.0,0.0,8.5640625,11.052093848017112,19.61615634801712,49837,,,0.0935359100500833,Information
127925,892.0,1989.422031,ZAF,South Africa,Free State,0.48785256,0.0,0.63,0.51,892.0,,,,,,,,,,,,,,,,,,,,,,,,,11.953826571501924,9.7570512,0.0,,143.625,7.219,28.812,1.448,10.188,0.512,6.0,0.302,0.28812,1.448,0.15282,0.768,0.15,0.755,3.5619399999999994,0.0,0.0,56.671875,2.848660270429121,0.0,0.0,1.983515625,9.970310946501924,11.953826571501924,30114,,,0.0216163936387405,Information
127926,893.0,940.2363292,ZAF,South Africa,Free State,1.00538625,0.0,0.63,0.51,893.0,,,,,,,,,,,,,,,,,,,,,,,,,1.8898798550821965,20.107725,0.0,,77.312,8.223,10.062,1.07,0.812,0.086,0.125,0.013,0.1006199999999999,1.07,0.01218,0.129,0.003125,0.0325,1.347425,0.0,0.0,4.640625,0.4935594228806276,0.0,0.0,0.162421875,1.7274579800821963,1.8898798550821965,13311,,,9.049701674543024e-05,Information
127927,894.0,3310.202818,ZAF,South Africa,Free State,0.045854318,0.0,0.63,0.51,894.0,,,,,,,,,,,,,,,,,,,,,,,,,1.5634634764042123,0.91708636,0.0,,91.625,2.768,16.812,0.508,0.062,0.002,0.0,0.0,0.16812,0.508,0.0009299999999999,0.003,0.0,0.0,0.68005,0.0,0.0,11.109375,0.3356101004012035,0.0,0.0,0.388828125,1.1746353514042125,1.5634634764042123,589848,,,1.669264126661177e-05,Information
127928,895.0,974.5335037,ZAF,South Africa,Free State,2.246531003,0.0,0.63,0.51,895.0,,,,,,,,,,,,,,,,,,,,,,,,,5.542680870889395,44.93062006,0.0,,25.625,2.629,5.875,0.603,2.438,0.25,1.062,0.109,0.05875,0.603,0.03657,0.375,0.02655,0.2725,1.37237,0.0,0.0,14.0625,1.4429981059683985,0.0,0.0,0.4921875,5.050493370889395,5.542680870889395,9487,,,0.0108346377597031,Information
127930,897.0,6306.397231,ZAF,South Africa,Northern Cape,1.574112762,0.0,0.63,0.51,897.0,897.0,0.0,1.0,-9999.0,-9999.0,-9999.0,0.0,10.0,-999.9,-999.9,-999.9,-5979.4,0.0,0.0,0.0,0.0,0.0,0.0,0.0,0.0,0.0,0.0,0.0,-5979.4,5.58012,31.48225524,0.0,,862.812,13.682,165.812,2.629,20.0,0.317,8.0,0.127,1.65812,2.629,0.3,0.4755,0.2,0.3175,5.58012,0.0,0.0,32.625,0.5173318268027297,0.0,0.0,1.141875,1.810661393809554,2.952536393809554,27067,,,0.0060728527652996,Information
127941,898.0,4489.703297,ZAF,South Africa,Northern Cape,0.591426232,0.0,0.63,0.51,898.0,898.0,0.0,1.0,-9999.0,-9999.0,-9999.0,0.0,10.0,-999.9,-999.9,-999.9,-5979.4,0.0,0.0,0.0,0.0,0.0,0.0,0.0,0.0,0.0,0.0,0.0,-5979.4,6.20257,11.82852464,0.0,,699.188,15.573,123.312,2.747,24.75,0.551,12.688,0.283,1.23312,2.747,0.37125,0.8265,0.3172,0.7074999999999999,6.20257,0.0,0.0,51.75,1.152637414461621,0.0,0.0,1.81125,4.034230950615673,5.8454809506156735,12302,,,0.003973423843618,Information
127943,900.0,3591.377172,ZAF,South Africa,North West,0.910748367,0.0,0.63,0.51,900.0,900.0,0.0,1.0,-9999.0,-9999.0,-9999.0,0.0,10.0,-999.9,-999.9,-999.9,-5979.4,0.0,0.0,0.0,0.0,0.0,0.0,0.0,0.0,0.0,0.0,0.0,-5979.4,9.965218112890817,18.21496734,0.0,,380.312,10.59,115.25,3.209,26.625,0.741,8.438,0.235,1.1525,3.209,0.399375,1.1115,0.21095,0.5874999999999999,6.670825000000001,0.0,0.0,75.234375,2.0948614251116613,0.0,0.0,2.633203125,7.3320149878908145,9.965218112890817,121401,,,0.0176459408221217,Information
127944,901.0,10142.67182,ZAF,South Africa,North West,1.589397955,0.0,0.63,0.51,901.0,,,,,,,,,,,,,,,,,,,,,,,,,4.4477,31.7879591,0.0,,1788.062,17.629,202.25,1.994,8.75,0.086,3.438,0.034,2.0225,1.994,0.13125,0.129,0.08595,0.085,4.4477,0.0,0.0,42.890625,0.4228730431194839,0.0,0.0,1.501171875,1.4800556509181937,2.981227525918194,135501,,,0.0031644693018928,Information
127945,902.0,5309.559143,ZAF,South Africa,North West,2.195217021,0.0,0.63,0.51,902.0,902.0,0.0,1.0,-9999.0,-9999.0,-9999.0,0.0,10.0,-999.9,-999.9,-999.9,-5979.4,0.0,0.0,0.0,0.0,0.0,0.0,0.0,0.0,0.0,0.0,0.0,-5979.4,7.138431344937275,43.90434042,0.0,,704.312,13.265,73.25,1.38,4.375,0.082,0.812,0.015,0.7325,1.38,0.065625,0.123,0.0203,0.0375,2.358925,0.0,0.0,70.734375,1.3322080628392214,0.0,0.0,2.475703125,4.662728219937275,7.138431344937275,157272,,,0.0196245660937355,Information
127946,903.0,1719.165306,ZAF,South Africa,North West,0.616060686,0.0,0.63,0.51,903.0,,,,,,,,,,,,,,,,,,,,,,,,,6.508956242335168,12.32121372,0.0,,159.875,9.3,40.062,2.33,8.312,0.484,4.188,0.244,0.40062,2.33,0.12468,0.726,0.1046999999999999,0.61,4.296,0.0,0.0,27.28125,1.5868892835243336,0.0,0.0,0.95484375,5.554112492335167,6.508956242335168,72227,,,0.0046543891695614,Information
127947,904.0,77.61698638,ZAF,South Africa,North West,3.955992281,0.0,0.63,0.51,904.0,,,,,,,,,,,,,,,,,,,,,,,,,3.895,79.11984561999999,0.0,,17.375,22.386,3.0,3.865,0.0,0.0,0.0,0.0,0.03,3.865,0.0,0.0,0.0,0.0,3.895,,,,,,,,,,244,,,0.0465657444665945,Information
127948,905.0,1522.497371,ZAF,South Africa,North West,0.077154468,0.0,0.63,0.51,905.0,,,,,,,,,,,,,,,,,,,,,,,,,3.1289300000000004,1.5430893600000002,0.0,,226.812,14.897,40.5,2.66,0.562,0.037,0.0,0.0,0.405,2.66,0.00843,0.0554999999999999,0.0,0.0,3.1289300000000004,0.0,0.0,5.203125,0.3417493585354409,0.0,0.0,0.182109375,1.1961227548740432,1.3782321298740432,33613,,,0.0002814084750027,Information
127949,906.0,2643.034225,ZAF,South Africa,North West,1.085624913,0.0,0.63,0.51,906.0,,,,,,,,,,,,,,,,,,,,,,,,,4.645255,21.71249826,0.0,,411.938,15.586,83.438,3.157,7.875,0.298,0.75,0.028,0.83438,3.157,0.118125,0.4469999999999999,0.01875,0.07,4.645255,0.0,0.0,9.0,0.3405177244428913,0.0,0.0,0.315,1.1918120355501196,1.5068120355501196,92202,,,0.0023674143227417,Information
127950,907.0,14094.55589,ZAF,South Africa,Free State,1.579974639,0.0,0.63,0.51,907.0,907.0,0.0,1.0,-9999.0,-9999.0,-9999.0,0.0,10.0,-999.9,-999.9,-999.9,-5979.4,0.0,0.0,0.0,0.0,0.0,0.0,0.0,0.0,0.0,0.0,0.0,-5979.4,17.559840167034828,31.59949278,0.0,,1267.75,8.995,229.188,1.626,82.125,0.583,36.875,0.262,2.29188,1.626,1.231875,0.8744999999999999,0.921875,0.655,7.60113,0.0,0.0,293.484375,2.082253440581379,0.0,0.0,10.271953125,7.287887042034827,17.559840167034828,416826,,,0.0869520313694119,Information
127960,908.0,19024.78184,ZAF,South Africa,Free State,1.366799601,0.0,0.63,0.51,908.0,908.0,0.0,1.0,-9999.0,-9999.0,-9999.0,0.0,10.0,-999.9,-999.9,-999.9,-5979.4,0.0,0.0,0.0,0.0,0.0,0.0,0.0,0.0,0.0,0.0,0.0,-5979.4,11.20337006689644,27.335992020000003,0.0,,1375.5,7.23,198.688,1.044,35.562,0.187,9.5,0.05,1.98688,1.044,0.53343,0.2804999999999999,0.2375,0.125,4.20731,0.0,0.0,209.8125,1.1028378762561255,0.0,0.0,7.3434375,3.8599325668964393,11.20337006689644,434157,,,0.0307675001594399,Information
127971,909.0,9289.706551,ZAF,South Africa,North West,0.155790802,0.0,0.63,0.51,909.0,,,,,,,,,,,,,,,,,,,,,,,,,18.355259871537235,3.1158160400000003,0.0,,1190.125,12.811,223.375,2.405,57.188,0.616,31.938,0.344,2.23375,2.405,0.8578200000000001,0.924,0.79845,0.8599999999999999,8.07902,0.0,0.0,252.5625,2.7187349632963533,0.0,0.0,8.8396875,9.515572371537235,18.355259871537235,233503,,,0.0480961849138516,Information
127972,910.0,7983.768974,ZAF,South Africa,Free State,1.81402737,0.0,0.63,0.51,910.0,,,,,,,,,,,,,,,,,,,,,,,,,2.549947091049975,36.2805474,0.0,,590.062,7.391,60.25,0.755,2.312,0.029,0.062,0.001,0.6025,0.755,0.03468,0.0435,0.00155,0.0025,1.43973,0.0,0.0,32.34375,0.4051188117285643,0.0,0.0,1.13203125,1.417915841049975,2.549947091049975,171399,,,0.0006445007137015,Information
127973,911.0,2088.465165,ZAF,South Africa,North West,1.06747756,0.0,0.63,0.51,911.0,911.0,0.0,1.0,-9999.0,-9999.0,-9999.0,0.0,10.0,-999.9,-999.9,-999.9,-5979.4,0.0,0.0,0.0,0.0,0.0,0.0,0.0,0.0,0.0,0.0,0.0,-5979.4,8.318736323358104,21.3495512,0.0,,281.625,13.485,60.125,2.879,4.312,0.206,1.25,0.06,0.60125,2.879,0.06468,0.309,0.03125,0.15,4.03518,0.0,0.0,41.0625,1.966156806673744,0.0,0.0,1.4371875,6.881548823358104,8.318736323358104,8771,,,0.0123359045455148,Information
127974,912.0,6456.601818,ZAF,South Africa,North West,0.657600217,0.0,0.63,0.51,912.0,,,,,,,,,,,,,,,,,,,,,,,,,5.840370000000001,13.15200434,0.0,,713.875,11.057,203.75,3.156,15.188,0.235,1.062,0.016,2.0375,3.156,0.22782,0.3525,0.02655,0.04,5.840370000000001,0.0,0.0,20.390625,0.3158104769914291,0.0,0.0,0.713671875,1.105336669470002,1.819008544470002,438685,,,0.0034735940241827,Information
127975,913.0,1367.547434,ZAF,South Africa,North West,0.588099111,0.0,0.63,0.51,913.0,913.0,0.0,1.0,-9999.0,-9999.0,-9999.0,0.0,10.0,-999.9,-999.9,-999.9,-5979.4,0.0,0.0,0.0,0.0,0.0,0.0,0.0,0.0,0.0,0.0,0.0,-5979.4,5.645911189091173,11.76198222,0.0,,80.562,5.891,11.5,0.841,0.125,0.009,0.0,0.0,0.115,0.841,0.001875,0.0134999999999999,0.0,0.0,0.971375,0.0,0.0,19.40625,1.419054982597478,0.0,0.0,0.67921875,4.966692439091173,5.645911189091173,98698,,,0.0029879000462197,Information
127976,914.0,6641.896592,ZAF,South Africa,Free State,0.53324515,0.0,0.63,0.51,914.0,,,,,,,,,,,,,,,,,,,,,,,,,4.550589446435776,10.664903,0.0,,729.688,10.986,97.188,1.463,3.188,0.048,0.125,0.002,0.97188,1.463,0.04782,0.072,0.003125,0.005,2.562825,0.0,0.0,51.890625,0.7812621632673646,0.0,0.0,1.816171875,2.734417571435776,4.550589446435776,102147,,,0.0014547666821565,Information
127977,915.0,239.7752436,ZAF,South Africa,North West,2.024214294,0.0,0.63,0.51,915.0,,,,,,,,,,,,,,,,,,,,,,,,,11.350380562834912,40.48428588,0.0,,18.75,7.82,1.875,0.782,0.188,0.078,0.062,0.026,0.01875,0.782,0.00282,0.1169999999999999,0.00155,0.065,0.9871200000000002,0.0,0.0,7.59375,3.1670283750956894,0.0,0.0,0.26578125,11.084599312834913,11.350380562834912,2174,,,0.04876083866775,Information
127978,916.0,5770.256163,ZAF,South Africa,Gauteng,0.080108561,0.0,0.63,0.51,916.0,,,,,,,,,,,,,,,,,,,,,,,,,3.57705,1.6021712199999998,0.0,,414.0,7.175,122.875,2.129,5.25,0.091,0.062,0.001,1.22875,2.129,0.07875,0.1365,0.00155,0.0025,3.57705,0.0,0.0,18.421875,0.3192557571212566,0.0,0.0,0.644765625,1.117395149924398,1.7621607749243982,822204,,,0.0004590682457948,Information
127979,917.0,11433.77217,ZAF,South Africa,Gauteng,0.602028508,0.0,0.63,0.51,917.0,917.0,0.0,1.0,-9999.0,-9999.0,-9999.0,0.0,10.0,-999.9,-999.9,-999.9,-5979.4,0.0,0.0,0.0,0.0,0.0,0.0,0.0,0.0,0.0,0.0,0.0,-5979.4,9.660204882682091,12.04057016,0.0,,984.562,8.611,311.562,2.725,24.188,0.212,0.5,0.004,3.1156200000000003,2.725,0.36282,0.318,0.0125,0.01,6.54394,0.0,0.0,147.234375,1.2877147879091695,0.0,0.0,5.153203125,4.507001757682093,9.660204882682091,7807104,,,0.0135921613390473,Information
127980,918.0,18018.56221,ZAF,South Africa,Free State,0.605707059,0.0,0.63,0.51,918.0,918.0,0.0,1.0,-9999.0,-9999.0,-9999.0,0.0,10.0,-999.9,-999.9,-999.9,-5979.4,0.0,0.0,0.0,0.0,0.0,0.0,0.0,0.0,0.0,0.0,0.0,-5979.4,7.03350504153654,12.11414118,0.0,,346.125,1.921,37.5,0.208,18.812,0.104,0.125,0.001,0.375,0.208,0.28218,0.156,0.003125,0.0025,1.026805,0.0,0.0,129.234375,0.7172291190104401,0.0,0.0,4.523203125,2.51030191653654,7.03350504153654,492169,,,0.0057790939474795,Information
127990,919.0,20345.07459,ZAF,South Africa,Mpumalanga,0.400238867,0.0,0.63,0.51,919.0,919.0,0.0,1.0,-9999.0,-9999.0,-9999.0,0.0,10.0,-999.9,-999.9,-999.9,-5979.4,0.0,0.0,0.0,0.0,0.0,0.0,0.0,0.0,0.0,0.0,0.0,-5979.4,7.906334893070139,8.00477734,0.0,,768.375,3.777,210.812,1.036,108.75,0.535,3.062,0.015,2.10812,1.036,1.63125,0.8025,0.0765499999999999,0.0375,5.6919200000000005,0.0,0.0,151.453125,0.7444215765914683,0.0,0.0,5.300859375,2.605475518070139,7.906334893070139,721118,,,0.0070624284701591,Information
125700,16041.0,7392.972652,ZAF,South Africa,Western Cape,4.002684022,1.005245751,0.63,0.51,16041.0,,,,,,,,,,,,,,,,,,,,,,,,,23.656672678225178,80.05368044000001,20.10491502,,40.188,0.544,37.312,0.505,8.25,0.112,5.625,0.076,0.3731199999999999,0.505,0.12375,0.168,0.140625,0.19,1.500495,0.0,0.0,287.296875,3.886080586635766,0.0,0.0,10.055390625,13.60128205322518,23.656672678225178,632194,,,0.5677310770669916,Advisory
125405,719.0,1279.316087,SWZ,Swaziland,Lubombo,3.870935176,0.0,0.51,0.68,719.0,719.0,0.0,1.0,-9999.0,-9999.0,-9999.0,0.0,10.0,-999.9,-999.9,-999.9,-5979.4,0.0,0.0,0.0,0.0,0.0,0.0,0.0,0.0,0.0,0.0,0.0,-5979.4,2.6036747804651585,77.41870352000001,0.0,,,,,,,,,,,,,,,,,0.0,0.0,8.4375,0.6595320801329024,0.0,0.0,0.2953125,2.3083622804651585,2.6036747804651585,40777,,,0.0153786666613697,Information
125407,721.0,2191.824416,SWZ,Swaziland,Lubombo,2.285562006,0.0,0.51,0.68,721.0,721.0,0.0,1.0,-9999.0,-9999.0,-9999.0,0.0,10.0,-999.9,-999.9,-999.9,-5979.4,0.0,0.0,0.0,0.0,0.0,0.0,0.0,0.0,0.0,0.0,0.0,-5979.4,3.723337694346923,45.71124012,0.0,,1.125,0.051,0.875,0.04,2.438,0.111,0.0,0.0,0.00875,0.04,0.03657,0.1665,0.0,0.0,0.25182,0.0,0.0,19.125,0.8725607698134066,0.0,0.0,0.669375,3.053962694346923,3.723337694346923,117755,,,0.0036844446317599,Information
127807,884.0,19692.19808,LSO,Lesotho,Mohale's Hoek,2.246626367,0.0,0.49,0.71,884.0,884.0,0.0,1.0,-9999.0,-9999.0,-9999.0,0.0,10.0,-999.9,-999.9,-999.9,-5979.4,0.0,0.0,0.0,0.0,0.0,0.0,0.0,0.0,0.0,0.0,0.0,-5979.4,4.712511886264964,44.93252734000001,0.0,,22.0,0.112,10.125,0.051,2.625,0.013,1.312,0.007,0.10125,0.051,0.039375,0.0195,0.0328,0.0175,0.2614249999999999,0.0,0.0,89.296875,0.4534632175042753,0.0,0.0,3.125390625,1.5871212612649637,4.712511886264964,676127,,,0.0069790841563471,Information
127808,885.0,4451.126756,LSO,Lesotho,Mokhotlong,1.442787019,0.0,0.49,0.71,885.0,885.0,0.0,1.0,-9999.0,-9999.0,-9999.0,0.0,10.0,-999.9,-999.9,-999.9,-5979.4,0.0,0.0,0.0,0.0,0.0,0.0,0.0,0.0,0.0,0.0,0.0,-5979.4,1.3262958802013116,28.85574038,0.0,,,,,,,,,,,,,,,,,0.0,0.0,11.671875,0.2622229300575176,0.0,0.0,0.408515625,0.9177802552013116,1.3262958802013116,126131,,,3.4122955964745965e-05,Information
127809,886.0,3383.184766,LSO,Lesotho,Leribe,0.00344748,0.0,0.49,0.71,886.0,,,,,,,,,,,,,,,,,,,,,,,,,8.157899672621713,0.0689496,0.0,,11.938,0.353,10.5,0.31,7.438,0.22,3.438,0.102,0.105,0.31,0.11157,0.33,0.08595,0.255,1.19752,0.0,0.0,58.921875,1.741609727891918,0.0,0.0,2.062265625,6.095634047621713,8.157899672621713,85828,,,0.0061140286727305,Information
132140,1108.0,7028.721086,COD,Democratic Republic of the Congo,Kongo-Central,3.882020221,0.0,0.32,0.94,1108.0,1108.0,1.0,3.0,100.0,3.0,-9999.0,3.0,8.0,10.0,0.3,-999.9,-1957.3,0.0,0.0,0.0,0.0,0.0,0.0,0.0,0.0,0.0,0.0,0.0,-1957.3,0.7750855827126426,77.64040442,0.0,,,,,,,,,,,,,,,,,0.0,0.0,9.140625,0.1300467736321836,0.0,0.0,0.319921875,0.4551637077126426,0.7750855827126426,289605,,,0.0003868482353184,Information
132180,1112.0,11775.0231,COD,Democratic Republic of the Congo,Kinshasa,0.406808841,0.0,0.32,0.94,1112.0,1112.0,1.0,4.0,54.0,5.0,2.0,3.0,7.0,5.4,0.5,0.2,-458.05,0.0,0.0,0.0,0.0,0.0,0.0,0.0,0.0,0.0,0.0,0.0,-458.05,0.84713,8.13617682,0.0,,159.562,1.355,45.438,0.386,0.25,0.002,0.0,0.0,0.45438,0.386,0.00375,0.003,0.0,0.0,0.84713,0.0,0.0,2.109375,0.0179139776000729,0.0,0.0,0.073828125,0.0626989216002551,0.1365270466002551,136084,,,1.391564310864312e-06,Information
132222,1116.0,4799.233331,COD,Democratic Republic of the Congo,Maï-Ndombe,3.201540957,0.0,0.32,0.94,1116.0,,,,,,,,,,,,,,,,,,,,,,,,,0.94638,64.03081914,0.0,,61.625,1.284,29.188,0.608,1.0,0.021,0.0,0.0,0.29188,0.608,0.015,0.0315,0.0,0.0,0.94638,0.0,0.0,1.6875,0.0351618661488576,0.0,0.0,0.0590625,0.1230665315210016,0.1821290315210016,38626,,,0.0001375025059752,Information
132223,1117.0,2324.525142,COD,Democratic Republic of the Congo,Maï-Ndombe,4.003566181,0.0,0.32,0.94,1117.0,,,,,,,,,,,,,,,,,,,,,,,,,13.073872730251855,80.07132362,0.0,,125.188,5.386,37.688,1.621,0.0,0.0,0.0,0.0,0.37688,1.621,0.0,0.0,0.0,0.0,1.99788,0.0,0.0,70.453125,3.030860958643388,0.0,0.0,2.465859375,10.608013355251858,13.073872730251855,21014,,,0.3366789706091157,Information
132224,1118.0,6543.383035,COD,Democratic Republic of the Congo,Maï-Ndombe,4.080677157,0.0,0.32,0.94,1118.0,,,,,,,,,,,,,,,,,,,,,,,,,10.39056196958154,81.61354314,0.0,,76.0,1.161,22.75,0.348,0.0,0.0,0.0,0.0,0.2275,0.348,0.0,0.0,0.0,0.0,0.5755,0.0,0.0,117.421875,1.794513241309012,0.0,0.0,4.109765625,6.280796344581542,10.39056196958154,89100,,,0.2840959289230977,Information
132225,1119.0,2971.176498,COD,Democratic Republic of the Congo,Maï-Ndombe,4.082711144,0.0,0.32,0.94,1119.0,,,,,,,,,,,,,,,,,,,,,,,,,12.290725696919488,81.65422288,0.0,,30.562,1.029,6.562,0.221,0.0,0.0,0.0,0.0,0.06562,0.221,0.0,0.0,0.0,0.0,0.28662,0.0,0.0,80.4375,2.707260913405568,0.0,0.0,2.8153125,9.475413196919488,12.290725696919488,28845,,,0.3443740941306354,Information
132226,1120.0,49021.75387,COD,Democratic Republic of the Congo,Maï-Ndombe,4.015744065,0.0,0.32,0.94,1120.0,,,,,,,,,,,,,,,,,,,,,,,,,35.32425142199773,80.3148813,0.0,3.0,1228.812,2.507,371.812,0.758,45.875,0.094,0.438,0.001,3.71812,0.758,0.688125,0.141,0.01095,0.0025,5.318695000000001,0.0,0.0,838.265625,1.7099870134279234,0.0,0.0,29.339296875,5.984954546997732,35.32425142199773,621194,20791.0,3.3469415351725873,0.7206275537458984,Watch
132227,1121.0,25887.65859,COD,Democratic Republic of the Congo,Maï-Ndombe,4.01806591,0.0,0.32,0.94,1121.0,,,,,,,,,,,,,,,,,,,,,,,,,8.440197936583218,80.3613182,0.0,,1060.688,4.097,321.25,1.241,0.375,0.001,0.0,0.0,3.2125,1.241,0.005625,0.0015,0.0,0.0,4.460625,0.0,0.0,173.953125,0.6719538747380621,0.0,0.0,6.088359375,2.3518385615832176,8.440197936583218,267969,,,0.199196310237782,Information
132229,1123.0,37652.34429,COD,Democratic Republic of the Congo,Sankuru,3.008202957,0.0,0.32,0.94,1123.0,,,,,,,,,,,,,,,,,,,,,,,,,2.342128260982282,60.16405914,0.0,,11.875,0.032,7.938,0.021,0.0,0.0,0.0,0.0,0.0793799999999999,0.021,0.0,0.0,0.0,0.0,0.10038,0.0,0.0,52.875,0.1404295031377949,0.0,0.0,1.850625,0.4915032609822821,2.342128260982282,148279,,,0.0023005567932319,Information
132230,1124.0,4941.730174,COD,Democratic Republic of the Congo,Maï-Ndombe,2.681122941,0.0,0.32,0.94,1124.0,,,,,,,,,,,,,,,,,,,,,,,,,7.500374991472371,53.62245882,0.0,,7.125,0.144,6.375,0.129,0.0,0.0,0.062,0.001,0.06375,0.129,0.0,0.0,0.00155,0.0025,0.1968,0.0,0.0,70.875,1.4342142832778202,0.0,0.0,2.480625,5.019749991472371,7.500374991472371,38916,,,0.0342379411297105,Information
132241,1125.0,274.2082737,COD,Democratic Republic of the Congo,Kwilu,3.643232456,0.0,0.32,0.94,1125.0,,,,,,,,,,,,,,,,,,,,,,,,,18.99483892612444,72.86464912,0.0,,4.75,1.732,3.438,1.254,0.0,0.0,0.0,0.0,0.03438,1.254,0.0,0.0,0.0,0.0,1.28838,0.0,0.0,14.484375,5.282253086035553,0.0,0.0,0.506953125,18.487885801124435,18.99483892612444,234974,,,0.3606694216146598,Advisory
132242,1126.0,94875.61043,COD,Democratic Republic of the Congo,Kwango,3.727469968,0.0,0.32,0.94,1126.0,,,,,,,,,,,,,,,,,,,,,,,,,14.78223617578829,74.54939936,0.0,,1225.125,1.291,375.188,0.395,1.375,0.001,3.125,0.003,3.75188,0.395,0.020625,0.0015,0.078125,0.0075,4.25463,0.0,0.0,382.078125,0.4027148002252257,0.0,0.0,13.372734375,1.40950180078829,14.78223617578829,3474579,,,0.2934571086459484,Information
132243,1127.0,4389.548685,COD,Democratic Republic of the Congo,Kwilu,2.313984893,0.0,0.32,0.94,1127.0,,,,,,,,,,,,,,,,,,,,,,,,,13.440111878449372,46.279697860000006,0.0,,42.938,0.978,21.25,0.484,2.625,0.06,1.75,0.04,0.2125,0.484,0.039375,0.09,0.04375,0.1,0.969625,0.0,0.0,117.140625,2.6686257152712494,0.0,0.0,4.099921875,9.340190003449372,13.440111878449372,70059,,,0.0829425843080159,Information
132244,1128.0,35514.73153,COD,Democratic Republic of the Congo,Kwango,1.943654323,0.0,0.32,0.94,1128.0,,,,,,,,,,,,,,,,,,,,,,,,,4.068494599053498,38.87308646,0.0,,98.938,0.279,53.5,0.151,0.25,0.001,0.0,0.0,0.535,0.151,0.00375,0.0015,0.0,0.0,0.69125,0.0,0.0,90.703125,0.2553957783009994,0.0,0.0,3.174609375,0.8938852240534979,4.068494599053498,1016914,,,0.0033674156503004,Information
132245,1129.0,11862.59943,COD,Democratic Republic of the Congo,Kwango,3.328559836,0.0,0.32,0.94,1129.0,,,,,,,,,,,,,,,,,,,,,,,,,11.565454294424033,66.57119672,0.0,,31.812,0.268,20.875,0.176,2.25,0.019,1.125,0.009,0.20875,0.176,0.03375,0.0284999999999999,0.028125,0.0225,0.497625,0.0,0.0,179.296875,1.5114467626925807,0.0,0.0,6.275390625,5.290063669424033,11.565454294424033,232101,,,0.1442551402476304,Information
132251,1134.0,7824.271233,COD,Democratic Republic of the Congo,Kwilu,2.465824017,0.0,0.32,0.94,1134.0,,,,,,,,,,,,,,,,,,,,,,,,,26.9770270813754,49.31648034,0.0,,303.438,3.878,46.25,0.591,2.375,0.03,3.875,0.05,0.4625,0.591,0.035625,0.045,0.096875,0.125,1.356,0.0,0.0,338.34375,4.324284523250114,0.0,0.0,11.84203125,15.1349958313754,26.9770270813754,94358,,,0.2641460963291631,Information
132252,1135.0,8907.112266,COD,Democratic Republic of the Congo,Kwilu,1.685093791,0.0,0.32,0.94,1135.0,,,,,,,,,,,,,,,,,,,,,,,,,1.3059569757764082,33.70187582,0.0,,84.375,0.947,32.0,0.359,0.0,0.0,0.0,0.0,0.32,0.359,0.0,0.0,0.0,0.0,0.679,0.0,0.0,17.578125,0.1973493145075452,0.0,0.0,0.615234375,0.6907226007764082,1.3059569757764082,386072,,,4.296570049925519e-05,Information
132253,1136.0,1372.972905,COD,Democratic Republic of the Congo,Kwilu,4.11523365,0.0,0.32,0.94,1136.0,,,,,,,,,,,,,,,,,,,,,,,,,32.24921154948911,82.30467300000001,0.0,3.0,52.438,3.819,17.0,1.238,0.688,0.05,1.312,0.096,0.17,1.238,0.01032,0.075,0.0328,0.24,1.76612,0.0,0.0,111.234375,8.101716692711173,0.0,0.0,3.893203125,28.356008424489108,32.24921154948911,41829,3043.0,7.274857156518205,0.7258111913547435,Watch
132255,1138.0,3074.705267,COD,Democratic Republic of the Congo,Maï-Ndombe,3.802071798,0.0,0.32,0.94,1138.0,,,,,,,,,,,,,,,,,,,,,,,,,17.831939848938703,76.04143596,0.0,,2.375,0.077,2.375,0.077,0.062,0.002,0.0,0.0,0.02375,0.077,0.0009299999999999,0.003,0.0,0.0,0.10468,0.0,0.0,119.8125,3.89671495683963,0.0,0.0,4.1934375,13.638502348938705,17.831939848938703,133556,,,0.3838691373315535,Advisory
132256,1139.0,8631.110622,COD,Democratic Republic of the Congo,Kwilu,2.260462259,0.0,0.32,0.94,1139.0,,,,,,,,,,,,,,,,,,,,,,,,,1.0943087356858494,45.20924518,0.0,,15.562,0.18,14.562,0.169,0.0,0.0,0.0,0.0,0.14562,0.169,0.0,0.0,0.0,0.0,0.31462,0.0,0.0,14.484375,0.1678158887673855,0.0,0.0,0.506953125,0.5873556106858493,1.0943087356858494,567537,,,4.550306288306983e-05,Information
132261,1143.0,4370.298505,COD,Democratic Republic of the Congo,Kasaï,3.674802957,0.0,0.32,0.94,1143.0,,,,,,,,,,,,,,,,,,,,,,,,,9.386706986662324,73.49605914,0.0,,15.25,0.349,6.438,0.147,0.0,0.0,0.625,0.014,0.0643799999999999,0.147,0.0,0.0,0.015625,0.035,0.262005,0.0,0.0,81.5625,1.8662912819035216,0.0,0.0,2.8546875,6.532019486662326,9.386706986662324,88199,,,0.1496352846334573,Information
132262,1144.0,16954.22809,COD,Democratic Republic of the Congo,Kasaï-Central,1.214336617,0.0,0.32,0.94,1144.0,,,,,,,,,,,,,,,,,,,,,,,,,0.44275,24.28673234,0.0,,71.75,0.423,27.875,0.164,0.0,0.0,0.0,0.0,0.27875,0.164,0.0,0.0,0.0,0.0,0.44275,0.0,0.0,4.5,0.0265420517896653,0.0,0.0,0.1575,0.0928971812638285,0.2503971812638285,988299,,,1.3612933368846238e-07,Information
132263,1145.0,9204.640395,COD,Democratic Republic of the Congo,Sankuru,2.977420636,0.0,0.32,0.94,1145.0,,,,,,,,,,,,,,,,,,,,,,,,,10.412808657701776,59.54841272,0.0,,7.938,0.086,5.562,0.06,0.0,0.0,0.0,0.0,0.05562,0.06,0.0,0.0,0.0,0.0,0.11562,0.0,0.0,142.59375,1.549150687914793,0.0,0.0,4.99078125,5.422027407701775,10.412808657701776,127564,,,0.0873796066258318,Information
132265,1147.0,27824.4448,COD,Democratic Republic of the Congo,Kasaï-Central,2.747596386,0.0,0.32,0.94,1147.0,,,,,,,,,,,,,,,,,,,,,,,,,4.763834092825146,54.95192772,0.0,,105.688,0.38,37.312,0.134,0.062,0.0,0.0,0.0,0.3731199999999999,0.134,0.0009299999999999,0.0,0.0,0.0,0.50805,0.0,0.0,100.125,0.3598454550928988,0.0,0.0,3.504375,1.2594590928251457,4.763834092825146,1422377,,,0.0123303268689538,Information
132266,1148.0,14231.07307,COD,Democratic Republic of the Congo,Lomami,1.679659589,0.0,0.32,0.94,1148.0,,,,,,,,,,,,,,,,,,,,,,,,,3.4862530649694263,33.59319178,0.0,,150.562,1.058,51.062,0.359,7.062,0.05,1.25,0.009,0.51062,0.359,0.10593,0.075,0.03125,0.0225,1.1042999999999998,0.0,0.0,58.5,0.411072304276979,0.0,0.0,2.0475,1.4387530649694265,3.4862530649694263,5521937,,,0.0016045110602197,Information
132268,1150.0,13875.66282,COD,Democratic Republic of the Congo,Lomami,1.197086521,0.0,0.32,0.94,1150.0,,,,,,,,,,,,,,,,,,,,,,,,,1.29777,23.94173042,0.0,,202.438,1.459,57.25,0.413,10.938,0.079,0.688,0.005,0.5725,0.413,0.16407,0.1185,0.0171999999999999,0.0125,1.29777,0.0,0.0,20.390625,0.1469524394000372,0.0,0.0,0.713671875,0.5143335379001301,1.22800541290013,1506840,,,2.342071698419397e-05,Information
132269,1151.0,42740.54232,COD,Democratic Republic of the Congo,Haut-Lomami,2.631753053,0.0,0.32,0.94,1151.0,,,,,,,,,,,,,,,,,,,,,,,,,6.213134801708781,52.635061060000005,0.0,,641.75,1.502,214.938,0.503,16.438,0.038,3.625,0.008,2.14938,0.503,0.2465699999999999,0.0569999999999999,0.090625,0.02,3.0665750000000003,0.0,0.0,143.859375,0.3365876219167946,0.0,0.0,5.035078125,1.178056676708781,6.213134801708781,2059391,,,0.0211165083872174,Information
132270,1152.0,10202.35354,COD,Democratic Republic of the Congo,Kasaï,1.766023608,0.0,0.32,0.94,1152.0,,,,,,,,,,,,,,,,,,,,,,,,,11.646624757917916,35.32047216,0.0,,34.875,0.342,9.125,0.089,0.0,0.0,0.125,0.001,0.09125,0.089,0.0,0.0,0.003125,0.0025,0.1858749999999999,0.0,0.0,168.046875,1.6471383236908332,0.0,0.0,5.881640625,5.764984132917917,11.646624757917916,851026,,,0.0432250458113458,Information
132285,1157.0,27617.15973,COD,Democratic Republic of the Congo,Kasaï-Central,1.058075847,0.0,0.32,0.94,1157.0,,,,,,,,,,,,,,,,,,,,,,,,,12.985754554029672,21.16151694,0.0,,548.188,1.985,177.875,0.644,2.375,0.009,0.688,0.002,1.77875,0.644,0.035625,0.0134999999999999,0.0171999999999999,0.005,2.494075,0.0,0.0,272.390625,0.9863093368656204,0.0,0.0,9.533671875,3.4520826790296715,12.985754554029672,3946385,,,0.0356510744852617,Information
132286,1158.0,4313.337712,COD,Democratic Republic of the Congo,Lualaba,1.787140862,0.0,0.32,0.94,1158.0,,,,,,,,,,,,,,,,,,,,,,,,,0.33737,35.74281724,0.0,,55.812,1.294,9.062,0.21,0.75,0.017,0.0,0.0,0.0906199999999999,0.21,0.01125,0.0255,0.0,0.0,0.33737,0.0,0.0,1.6875,0.0391228350945531,0.0,0.0,0.0590625,0.1369299228309358,0.1959924228309358,121773,,,7.62693234570642e-08,Information
132287,1159.0,3355.88484,COD,Democratic Republic of the Congo,Lualaba,0.319152086,0.0,0.32,0.94,1159.0,,,,,,,,,,,,,,,,,,,,,,,,,1.0381785841690414,6.38304172,0.0,,28.625,0.853,8.125,0.242,0.938,0.028,0.0,0.0,0.08125,0.242,0.01407,0.042,0.0,0.0,0.37932,0.0,0.0,7.453125,0.2220912026197261,0.0,0.0,0.260859375,0.7773192091690413,1.0381785841690414,242885,,,3.3699108916171346e-06,Information
132288,1160.0,4778.08867,COD,Democratic Republic of the Congo,Lualaba,2.169872055,0.0,0.32,0.94,1160.0,,,,,,,,,,,,,,,,,,,,,,,,,0.53807,43.3974411,0.0,,115.125,2.409,16.375,0.343,0.688,0.014,0.0,0.0,0.16375,0.343,0.01032,0.021,0.0,0.0,0.53807,0.0,0.0,3.09375,0.0647486937538691,0.0,0.0,0.10828125,0.2266204281385418,0.3349016781385419,213413,,,1.6134625198762738e-06,Information
132289,1161.0,7588.878641,COD,Democratic Republic of the Congo,Lualaba,0.931287875,0.0,0.32,0.94,1161.0,,,,,,,,,,,,,,,,,,,,,,,,,1.132315,18.6257575,0.0,,219.125,2.887,36.562,0.482,7.938,0.105,0.125,0.002,0.36562,0.482,0.11907,0.1575,0.003125,0.005,1.132315,0.0,0.0,4.640625,0.0611503387966882,0.0,0.0,0.162421875,0.2140261857884087,0.3764480607884087,218874,,,9.56568004531675e-06,Information
132291,1162.0,18770.36723,COD,Democratic Republic of the Congo,Kasaï,2.560120954,0.0,0.32,0.94,1162.0,,,,,,,,,,,,,,,,,,,,,,,,,7.672275136036102,51.20241908,0.0,,37.0,0.197,18.375,0.098,0.0,0.0,0.0,0.0,0.18375,0.098,0.0,0.0,0.0,0.0,0.28175,0.0,0.0,143.015625,0.7619223602960293,0.0,0.0,5.005546875,2.6667282610361025,7.672275136036102,1497362,,,0.0321519077646106,Information
132298,1169.0,13030.25537,COD,Democratic Republic of the Congo,Lualaba,2.369934763,0.0,0.32,0.94,1169.0,,,,,,,,,,,,,,,,,,,,,,,,,1.28805,47.39869526,0.0,,289.062,2.218,70.875,0.544,1.25,0.01,0.062,0.0,0.70875,0.544,0.01875,0.015,0.00155,0.0,1.28805,0.0,0.0,4.078125,0.0312973528363237,0.0,0.0,0.142734375,0.1095407349271329,0.2522751099271329,614515,,,0.000103788772282,Information
132305,1175.0,573.6511833,COD,Democratic Republic of the Congo,Maï-Ndombe,1.922754345,0.0,0.32,0.94,1175.0,,,,,,,,,,,,,,,,,,,,,,,,,38.450234375,38.4550869,0.0,,2.5,0.436,2.5,0.436,0.0,0.0,0.0,0.0,0.025,0.436,0.0,0.0,0.0,0.0,0.461,0.0,0.0,98.578125,17.18433219899164,0.0,0.0,3.450234375,35.0,38.450234375,64664,,,0.3190337709526863,Advisory
132306,1176.0,4138.586028,COD,Democratic Republic of the Congo,Maï-Ndombe,2.492281286,0.0,0.32,0.94,1176.0,,,,,,,,,,,,,,,,,,,,,,,,,3.816896893729076,49.84562572,0.0,,4.75,0.115,3.312,0.08,0.0,0.0,0.0,0.0,0.03312,0.08,0.0,0.0,0.0,0.0,0.11312,0.0,0.0,31.921875,0.7713232196368789,0.0,0.0,1.117265625,2.699631268729076,3.816896893729076,135181,,,0.0050023332755457,Information
132307,1177.0,2404.370066,COD,Democratic Republic of the Congo,Équateur,3.641622211,0.0,0.32,0.94,1177.0,,,,,,,,,,,,,,,,,,,,,,,,,20.99952596351367,72.83244422,0.0,,79.125,3.291,39.188,1.63,0.312,0.013,0.188,0.008,0.39188,1.63,0.00468,0.0195,0.0046999999999999,0.02,2.07076,0.0,0.0,116.296875,4.836895811003906,0.0,0.0,4.070390625,16.92913533851367,20.99952596351367,46304,,,0.3983873016542197,Advisory
132500,1213.0,14114.4136,COD,Democratic Republic of the Congo,Équateur,3.742085755,0.0,0.32,0.94,1213.0,,,,,,,,,,,,,,,,,,,,,,,,,30.14627147012235,74.8417151,0.0,,198.625,1.407,89.938,0.637,2.5,0.018,0.375,0.003,0.8993800000000001,0.637,0.0375,0.0269999999999999,0.009375,0.0075,1.617755,0.0,0.0,504.140625,3.571814170034956,0.0,0.0,17.644921875,12.501349595122347,30.14627147012235,417966,,,0.5717667565788962,Advisory
132611,1214.0,4393.501918,COD,Democratic Republic of the Congo,Équateur,3.375800753,0.0,0.32,0.94,1214.0,,,,,,,,,,,,,,,,,,,,,,,,,19.41389678653085,67.51601506,0.0,,136.688,3.111,68.75,1.565,3.812,0.087,0.438,0.01,0.6875,1.565,0.05718,0.1305,0.01095,0.025,2.4761299999999995,0.0,0.0,169.3125,3.853702653294529,0.0,0.0,5.9259375,13.48795928653085,19.41389678653085,66290,,,0.3033610486991624,Information
132612,1215.0,22042.66909,COD,Democratic Republic of the Congo,Équateur,4.004614683,0.0,0.32,0.94,1215.0,,,,,,,,,,,,,,,,,,,,,,,,,5.932745,80.09229366,0.0,,637.812,2.894,403.812,1.832,2.875,0.013,0.0,0.0,4.03812,1.832,0.043125,0.0195,0.0,0.0,5.932745,0.0,0.0,71.4375,0.324087340430204,0.0,0.0,2.5003125,1.134305691505714,3.634618191505714,572973,,,0.1130205562408504,Information
132615,1218.0,338.7970698,COD,Democratic Republic of the Congo,Sud-Ubangi,4.005889977,0.0,0.32,0.94,1218.0,,,,,,,,,,,,,,,,,,,,,,,,,27.18563741067088,80.11779954,0.0,3.0,21.062,6.217,20.438,6.032,0.0,0.0,0.0,0.0,0.2043799999999999,6.032,0.0,0.0,0.0,0.0,6.23638,0.0,0.0,25.453125,7.512793724477394,0.0,0.0,0.890859375,26.29477803567088,27.18563741067088,24931,4729.0,18.968352653323173,0.6228079731446051,Watch
132633,1234.0,6775.437644,COD,Democratic Republic of the Congo,Sud-Ubangi,1.244050907,0.0,0.32,0.94,1234.0,1234.0,0.0,15.0,-9999.0,-9999.0,-9999.0,0.0,1.0,-999.9,-999.9,-999.9,-5997.4,0.0,0.0,0.0,0.0,0.0,0.0,0.0,0.0,0.0,0.0,0.0,-5997.4,5.630008644528484,24.88101814,0.0,,,,,,,,,,,,,,,,,0.0,0.0,64.96875,0.9588863984367098,0.0,0.0,2.27390625,3.356102394528484,5.630008644528484,1051630,,,0.0047853987304816,Information
132689,1269.0,37183.35713,COD,Democratic Republic of the Congo,Bas-Uélé,3.549573708,0.0,0.32,0.94,1269.0,1269.0,0.0,1.0,-9999.0,-9999.0,-9999.0,0.0,10.0,-999.9,-999.9,-999.9,-5988.4,0.0,0.0,0.0,0.0,0.0,0.0,0.0,0.0,0.0,0.0,0.0,-5988.4,2.9791282448078404,70.99147416,0.0,,,,,,,,,,,,,,,,,0.0,0.0,67.078125,0.1803982485165259,0.0,0.0,2.347734375,0.6313938698078406,2.9791282448078404,95948,,,0.0114242300707285,Information
132710,1279.0,1682.059512,COD,Democratic Republic of the Congo,Équateur,2.978664163,0.0,0.32,0.94,1279.0,,,,,,,,,,,,,,,,,,,,,,,,,39.72050532339685,59.57328326,0.0,,24.375,1.449,17.875,1.063,0.312,0.019,0.0,0.0,0.17875,1.063,0.00468,0.0284999999999999,0.0,0.0,1.27493,0.0,0.0,163.40625,9.714653306684813,0.0,0.0,5.71921875,34.00128657339685,39.72050532339685,141153,,,0.4929696801927135,Advisory
132723,1282.0,7429.43006,COD,Democratic Republic of the Congo,Équateur,4.008691985,0.0,0.32,0.94,1282.0,,,,,,,,,,,,,,,,,,,,,,,,,12.4392,80.17383969999999,0.0,,854.312,11.499,522.438,7.032,5.188,0.07,0.0,0.0,5.22438,7.032,0.07782,0.105,0.0,0.0,12.4392,0.0,0.0,150.046875,2.0196283401044632,0.0,0.0,5.251640625,7.0686991903656216,12.32033981536562,247518,,,0.3205542410322898,Information
132724,1283.0,44310.49863,COD,Democratic Republic of the Congo,Tshuapa,4.02076566,0.0,0.32,0.94,1283.0,,,,,,,,,,,,,,,,,,,,,,,,,11.268979908743908,80.41531320000001,0.0,,259.062,0.585,85.812,0.194,0.0,0.0,0.0,0.0,0.85812,0.194,0.0,0.0,0.0,0.0,1.05212,0.0,0.0,262.6875,0.5928335453554024,0.0,0.0,9.1940625,2.0749174087439086,11.268979908743908,309746,,,0.2902364247603207,Information
132725,1284.0,6172.372945,COD,Democratic Republic of the Congo,Équateur,4.01243421,0.0,0.32,0.94,1284.0,,,,,,,,,,,,,,,,,,,,,,,,,6.4737494312237125,80.24868420000001,0.0,,86.0,1.393,28.812,0.467,0.312,0.005,0.125,0.002,0.28812,0.467,0.00468,0.0075,0.003125,0.005,0.775425,0.0,0.0,70.59375,1.1437051946353465,0.0,0.0,2.47078125,4.002968181223713,6.4737494312237125,83935,,,0.1323256769884532,Information
132726,1285.0,21435.63177,COD,Democratic Republic of the Congo,Tshuapa,4.002661796,0.0,0.32,0.94,1285.0,,,,,,,,,,,,,,,,,,,,,,,,,4.879363584958896,80.05323591999999,0.0,,207.062,0.966,84.625,0.395,0.0,0.0,0.0,0.0,0.84625,0.395,0.0,0.0,0.0,0.0,1.24125,0.0,0.0,95.0625,0.4434788814168274,0.0,0.0,3.3271875,1.552176084958896,4.879363584958896,45405,,,0.0795578171308651,Information
132727,1286.0,5012.511311,COD,Democratic Republic of the Congo,Tshuapa,4.032770221,0.0,0.32,0.94,1286.0,,,,,,,,,,,,,,,,,,,,,,,,,11.645433321235668,80.65540442,0.0,,12.75,0.254,5.5,0.11,0.0,0.0,0.0,0.0,0.055,0.11,0.0,0.0,0.0,0.0,0.165,0.0,0.0,111.09375,2.2163291632101907,0.0,0.0,3.88828125,7.757152071235668,11.645433321235668,86326,,,0.3059023799106198,Information
132728,1287.0,39743.7236,COD,Democratic Republic of the Congo,Sankuru,4.000048357,0.0,0.32,0.94,1287.0,,,,,,,,,,,,,,,,,,,,,,,,,5.722898342856139,80.00096714,0.0,,168.688,0.424,124.0,0.312,11.062,0.028,0.0,0.0,1.24,0.312,0.16593,0.042,0.0,0.0,1.75993,0.0,0.0,130.640625,0.3287075622446111,0.0,0.0,4.572421875,1.150476467856139,5.722898342856139,197374,,,0.1054292025500718,Information
132729,1288.0,51583.27644,COD,Democratic Republic of the Congo,Tshuapa,4.022188846,0.0,0.32,0.94,1288.0,,,,,,,,,,,,,,,,,,,,,,,,,8.255830562678517,80.44377691999999,0.0,,68.062,0.132,65.875,0.128,0.0,0.0,0.0,0.0,0.65875,0.128,0.0,0.0,0.0,0.0,0.78675,0.0,0.0,197.578125,0.383027482193862,0.0,0.0,6.915234375,1.340596187678517,8.255830562678517,704784,,,0.1942409084093302,Information
132730,1289.0,1183.063736,COD,Democratic Republic of the Congo,Équateur,4.25669961,0.0,0.32,0.94,1289.0,,,,,,,,,,,,,,,,,,,,,,,,,39.2328125,85.1339922,0.0,3.0,18.0,1.521,10.5,0.888,0.125,0.011,0.0,0.0,0.105,0.888,0.001875,0.0165,0.0,0.0,1.011375,0.0,0.0,120.9375,10.222399376753971,0.0,0.0,4.2328125,35.0,39.2328125,22931,3751.0,16.357768959051068,0.8340854438508537,Warning
132741,1290.0,6094.069402,COD,Democratic Republic of the Congo,Équateur,4.010007541,0.0,0.32,0.94,1290.0,,,,,,,,,,,,,,,,,,,,,,,,,3.535557931810782,80.20015082,0.0,,76.125,1.249,60.5,0.993,0.062,0.001,0.0,0.0,0.605,0.993,0.0009299999999999,0.0015,0.0,0.0,1.60043,0.0,0.0,38.25,0.6276594090887948,0.0,0.0,1.33875,2.196807931810782,3.535557931810782,134854,,,0.042462059700679,Information
132743,1292.0,2457.366894,COD,Democratic Republic of the Congo,Équateur,4.002272565,0.0,0.32,0.94,1292.0,,,,,,,,,,,,,,,,,,,,,,,,,3.293523476018696,80.0454513,0.0,,26.875,1.094,18.25,0.743,0.0,0.0,0.0,0.0,0.1825,0.743,0.0,0.0,0.0,0.0,0.9255,0.0,0.0,18.5625,0.7553817074339131,0.0,0.0,0.6496875,2.643835976018696,3.293523476018696,103110,,,0.0358121193719817,Information
132744,1293.0,32871.74866,COD,Democratic Republic of the Congo,Tshuapa,4.001651216,0.0,0.32,0.94,1293.0,,,,,,,,,,,,,,,,,,,,,,,,,4.358617361315177,80.03302432,0.0,,34.375,0.105,12.125,0.037,0.0,0.0,0.0,0.0,0.12125,0.037,0.0,0.0,0.0,0.0,0.15825,0.0,0.0,95.484375,0.2904754960900505,0.0,0.0,3.341953125,1.0166642363151768,4.358617361315177,457084,,,0.0640139615751725,Information
132745,1294.0,3426.862394,COD,Democratic Republic of the Congo,Équateur,2.889194615,0.0,0.32,0.94,1294.0,,,,,,,,,,,,,,,,,,,,,,,,,3.7026245888912745,57.783892300000005,0.0,,86.875,2.535,60.0,1.751,0.0,0.0,0.0,0.0,0.6,1.751,0.0,0.0,0.0,0.0,2.351,0.0,0.0,27.0,0.7878927396832214,0.0,0.0,0.945,2.7576245888912747,3.7026245888912745,51944,,,0.0074714510874391,Information
132748,1297.0,7545.264349,COD,Democratic Republic of the Congo,Tshuapa,3.100748314,0.0,0.32,0.94,1297.0,,,,,,,,,,,,,,,,,,,,,,,,,0.4463552454825887,62.01496628,0.0,,16.75,0.222,16.75,0.222,0.0,0.0,0.0,0.0,0.1675,0.222,0.0,0.0,0.0,0.0,0.3895,0.0,0.0,5.484375,0.0726863201378825,0.0,0.0,0.191953125,0.2544021204825887,0.4463552454825887,196581,,,4.418523495915474e-06,Information
132751,1299.0,3965.362696,COD,Democratic Republic of the Congo,Équateur,4.246303468,0.0,0.32,0.94,1299.0,,,,,,,,,,,,,,,,,,,,,,,,,23.03694383064025,84.92606936,0.0,3.0,378.5,9.545,284.812,7.183,0.125,0.003,0.0,0.0,2.84812,7.183,0.001875,0.0045,0.0,0.0,10.037495,0.0,0.0,186.890625,4.713077701611501,0.0,0.0,6.541171875,16.49577195564025,23.03694383064025,102161,9718.0,9.51243625258171,0.6642653627105898,Watch
132752,1300.0,3014.75643,COD,Democratic Republic of the Congo,Mongala,0.294213112,0.0,0.32,0.94,1300.0,,,,,,,,,,,,,,,,,,,,,,,,,7.351745987209355,5.88426224,0.0,,35.688,1.184,35.688,1.184,0.0,0.0,0.0,0.0,0.35688,1.184,0.0,0.0,0.0,0.0,1.54088,0.0,0.0,48.65625,1.6139363534883873,0.0,0.0,1.70296875,5.648777237209355,7.351745987209355,211428,,,0.0053925230382749,Information
132753,1301.0,1653.962697,COD,Democratic Republic of the Congo,Équateur,4.183160255,0.0,0.32,0.94,1301.0,,,,,,,,,,,,,,,,,,,,,,,,,11.166944680415432,83.6632051,0.0,,11.188,0.676,10.625,0.642,0.0,0.0,0.0,0.0,0.10625,0.642,0.0,0.0,0.0,0.0,0.74825,0.0,0.0,45.28125,2.7377431229758376,0.0,0.0,1.58484375,9.582100930415432,11.166944680415432,18312,,,0.3518012966561934,Advisory
132755,1303.0,1347.078558,COD,Democratic Republic of the Congo,Sud-Ubangi,4.068055204,0.0,0.32,0.94,1303.0,,,,,,,,,,,,,,,,,,,,,,,,,9.867307781695205,81.36110408,0.0,,4.75,0.353,4.75,0.353,0.0,0.0,0.0,0.0,0.0475,0.353,0.0,0.0,0.0,0.0,0.4004999999999999,0.0,0.0,33.46875,2.484543294770058,0.0,0.0,1.17140625,8.695901531695203,9.867307781695205,16706,,,0.262380543686996,Information
132757,1305.0,20332.39289,COD,Democratic Republic of the Congo,Mongala,3.955332164,0.0,0.32,0.94,1305.0,,,,,,,,,,,,,,,,,,,,,,,,,26.85916211513361,79.10664328,0.0,,141.375,0.695,141.375,0.695,1.75,0.009,0.062,0.0,1.41375,0.695,0.02625,0.0134999999999999,0.00155,0.0,2.15005,0.0,0.0,514.40625,2.529983818609604,0.0,0.0,18.00421875,8.854943365133614,26.85916211513361,1237292,,,0.5991608830075991,Advisory
132784,1321.0,5204.477034,COD,Democratic Republic of the Congo,Lomami,1.925053629,0.0,0.32,0.94,1321.0,,,,,,,,,,,,,,,,,,,,,,,,,0.2875775410953924,38.50107258,0.0,,10.688,0.205,8.0,0.154,0.625,0.012,0.0,0.0,0.08,0.154,0.009375,0.018,0.0,0.0,0.2613749999999999,0.0,0.0,2.8125,0.0540400117415407,0.0,0.0,0.0984375,0.1891400410953924,0.2875775410953924,254589,,,4.0411314144113456e-08,Information
132785,1322.0,3121.083096,COD,Democratic Republic of the Congo,Lomami,2.647327443,0.0,0.32,0.94,1322.0,,,,,,,,,,,,,,,,,,,,,,,,,1.0345820485505746,52.94654886,0.0,,10.812,0.346,4.812,0.154,0.875,0.028,0.0,0.0,0.04812,0.154,0.013125,0.042,0.0,0.0,0.257245,0.0,0.0,7.03125,0.2252823710144499,0.0,0.0,0.24609375,0.7884882985505747,1.0345820485505746,102332,,,6.746367798023531e-05,Information
132786,1323.0,5765.253917,COD,Democratic Republic of the Congo,Lomami,1.721280063,0.0,0.32,0.94,1323.0,,,,,,,,,,,,,,,,,,,,,,,,,0.4710653439375114,34.42560126,0.0,,20.875,0.362,8.75,0.152,0.938,0.016,0.25,0.004,0.0875,0.152,0.01407,0.024,0.00625,0.01,0.29382,0.0,0.0,4.921875,0.0853713482678604,0.0,0.0,0.172265625,0.2987997189375114,0.4710653439375114,326348,,,3.988203447790785e-07,Information
132788,1325.0,3480.915424,COD,Democratic Republic of the Congo,Haut-Lomami,3.117932605,0.0,0.32,0.94,1325.0,,,,,,,,,,,,,,,,,,,,,,,,,0.5718442351434134,62.3586521,0.0,,25.188,0.724,6.25,0.18,0.125,0.004,0.125,0.004,0.0625,0.18,0.001875,0.006,0.003125,0.01,0.2634999999999999,0.0,0.0,4.21875,0.1211965671838324,0.0,0.0,0.14765625,0.4241879851434134,0.5718442351434134,184199,,,1.4133803869053536e-05,Information
132789,1326.0,21748.082,COD,Democratic Republic of the Congo,Haut-Lomami,2.024400387,0.0,0.32,0.94,1326.0,,,,,,,,,,,,,,,,,,,,,,,,,3.987678111466789,40.48800774,0.0,,198.062,0.911,85.125,0.391,8.938,0.041,1.875,0.009,0.85125,0.391,0.13407,0.0615,0.046875,0.0225,1.5071949999999998,0.0,0.0,78.046875,0.3588678532762254,0.0,0.0,2.731640625,1.256037486466789,3.987678111466789,1512566,,,0.0034361607890956,Information
132799,1335.0,82113.44073,COD,Democratic Republic of the Congo,Maniema,3.390499984,0.0,0.32,0.94,1335.0,1335.0,1.0,1.0,100.0,-9999.0,-9999.0,3.0,10.0,10.0,-999.9,-999.9,-3953.6,0.0,0.0,0.0,0.0,0.0,0.0,0.0,0.0,0.0,0.0,0.0,-3953.6,19.423843463201955,67.80999968,0.0,,72.5,0.088,33.812,0.041,3.062,0.004,0.625,0.001,0.33812,0.041,0.04593,0.006,0.015625,0.0025,0.4491749999999999,0.0,0.0,494.71875,0.6024820609148435,0.0,0.0,17.31515625,2.1086872132019523,19.423843463201955,3572254,,,0.3067251627365326,Information
132810,1336.0,3900.630782,COD,Democratic Republic of the Congo,Tanganyika,2.220104831,0.0,0.32,0.94,1336.0,,,,,,,,,,,,,,,,,,,,,,,,,8.050872145024888,44.40209662,0.0,,27.188,0.697,25.188,0.646,0.188,0.005,0.062,0.002,0.25188,0.646,0.00282,0.0075,0.00155,0.005,0.91475,0.0,0.0,64.546875,1.6547804342928252,0.0,0.0,2.259140625,5.791731520024888,8.050872145024888,109982,,,0.0266572313984324,Information
132820,1337.0,9676.671338,COD,Democratic Republic of the Congo,Tanganyika,1.924293297,0.0,0.32,0.94,1337.0,,,,,,,,,,,,,,,,,,,,,,,,,1.256125,38.48586594,0.0,,91.438,0.945,59.75,0.617,1.375,0.014,0.0,0.0,0.5975,0.617,0.020625,0.021,0.0,0.0,1.256125,0.0,0.0,6.046875,0.0624892051046562,0.0,0.0,0.211640625,0.2187122178662967,0.4303528428662967,191985,,,4.986755962171901e-05,Information
132830,1338.0,18056.72488,COD,Democratic Republic of the Congo,Tanganyika,4.155229068,0.0,0.32,0.94,1338.0,1338.0,1.0,15.0,100.0,-9999.0,-9999.0,3.0,1.0,10.0,-999.9,-999.9,-3971.6,0.0,0.0,0.0,0.0,0.0,0.0,0.0,0.0,0.0,0.0,0.0,-3971.6,9.23072563232737,83.10458136,0.0,,59.25,0.328,24.0,0.133,2.938,0.016,1.062,0.006,0.24,0.133,0.04407,0.024,0.02655,0.015,0.48262,0.0,0.0,169.734375,0.9400064306649628,0.0,0.0,5.940703125,3.29002250732737,9.23072563232737,966814,,,0.272754027282274,Information
132847,1345.0,19366.81835,COD,Democratic Republic of the Congo,Tanganyika,4.365948332,0.0,0.32,0.94,1345.0,,,,,,,,,,,,,,,,,,,,,,,,,12.672633746915904,87.31896664000001,0.0,,18.875,0.097,16.938,0.087,5.375,0.028,4.312,0.022,0.1693799999999999,0.087,0.080625,0.042,0.1078,0.0549999999999999,0.5418049999999999,0.0,0.0,238.78125,1.2329399991188297,0.0,0.0,8.35734375,4.315289996915904,12.672633746915904,291366,,,0.4997356626430784,Advisory
132866,1354.0,3154.719576,COD,Democratic Republic of the Congo,Sud-Kivu,4.078136783,0.0,0.32,0.94,1354.0,,,,,,,,,,,,,,,,,,,,,,,,,11.47263618153372,81.56273565999999,0.0,,4.062,0.129,4.0,0.127,2.125,0.067,2.0,0.063,0.04,0.127,0.031875,0.1005,0.05,0.1575,0.5068750000000001,0.0,0.0,78.609375,2.4918023018667768,0.0,0.0,2.751328125,8.721308056533719,11.47263618153372,258397,,,0.3176040971896834,Information
132867,1355.0,11411.54014,COD,Democratic Republic of the Congo,Sud-Kivu,3.444232422,0.0,0.32,0.94,1355.0,,,,,,,,,,,,,,,,,,,,,,,,,12.845805881032462,68.88464843999999,0.0,,19.875,0.174,16.25,0.142,8.625,0.076,7.562,0.066,0.1625,0.142,0.129375,0.1139999999999999,0.18905,0.165,0.901925,0.0,0.0,195.609375,1.7141365017235604,0.0,0.0,6.846328125,5.999477756032461,12.845805881032462,5785597,,,0.1881635574659251,Information
132868,1356.0,1696.292134,COD,Democratic Republic of the Congo,Sud-Kivu,2.230903629,0.0,0.32,0.94,1356.0,,,,,,,,,,,,,,,,,,,,,,,,,34.4803643581234,44.61807258,0.0,,3.875,0.228,3.375,0.199,0.625,0.037,0.438,0.026,0.03375,0.199,0.009375,0.0554999999999999,0.01095,0.065,0.373575,0.0,0.0,142.875,8.422782673749541,0.0,0.0,5.000625,29.4797393581234,34.4803643581234,557850,,,0.3177986930366727,Information
132910,1377.0,10867.75961,COD,Democratic Republic of the Congo,Tanganyika,4.012708658,0.0,0.32,0.94,1377.0,,,,,,,,,,,,,,,,,,,,,,,,,17.275975239176937,80.25417316000001,0.0,,72.5,0.667,51.875,0.477,23.938,0.22,13.375,0.123,0.51875,0.477,0.3590699999999999,0.33,0.334375,0.3075,2.326695,0.0,0.0,257.0625,2.3653679254791244,0.0,0.0,8.9971875,8.278787739176936,17.275975239176937,313838,,,0.4468494195957696,Advisory
132920,1378.0,11336.67089,COD,Democratic Republic of the Congo,Tanganyika,3.576173397,0.0,0.32,0.94,1378.0,,,,,,,,,,,,,,,,,,,,,,,,,2.0009003050779635,71.52346793999999,0.0,,26.938,0.238,5.375,0.047,0.0,0.0,0.0,0.0,0.05375,0.047,0.0,0.0,0.0,0.0,0.10075,0.0,0.0,30.375,0.2679358014508466,0.0,0.0,1.063125,0.9377753050779633,2.0009003050779635,695874,,,0.0039597453190798,Information
132930,1379.0,2585.000437,COD,Democratic Republic of the Congo,Tanganyika,3.414675422,0.0,0.32,0.94,1379.0,1379.0,1.0,1.0,100.0,-9999.0,-9999.0,3.0,10.0,10.0,-999.9,-999.9,-3953.6,0.0,0.0,0.0,0.0,0.0,0.0,0.0,0.0,0.0,0.0,0.0,-3953.6,17.68396129831488,68.29350844000001,0.0,,31.25,1.209,19.5,0.754,10.562,0.409,5.75,0.222,0.195,0.754,0.15843,0.6134999999999999,0.14375,0.555,2.41968,0.0,0.0,103.78125,4.014747870947109,0.0,0.0,3.63234375,14.051617548314882,17.68396129831488,115007,,,0.2796561251613245,Information
132941,1380.0,8254.817042,COD,Democratic Republic of the Congo,Tanganyika,3.435785512,0.0,0.32,0.94,1380.0,,,,,,,,,,,,,,,,,,,,,,,,,39.009340968256005,68.71571023999999,0.0,,118.438,1.435,89.25,1.081,73.875,0.895,56.125,0.68,0.8925,1.081,1.108125,1.3425,1.403125,1.7000000000000002,7.52725,0.0,0.0,504.0,6.105525990930287,0.0,0.0,17.64,21.369340968256004,39.009340968256005,1174021,,,0.5873311762324077,Advisory
132942,1381.0,8087.330902,COD,Democratic Republic of the Congo,Haut-Katanga,2.712507853,0.0,0.32,0.94,1381.0,,,,,,,,,,,,,,,,,,,,,,,,,15.388880316742595,54.25015706,0.0,,15.062,0.186,14.625,0.181,5.625,0.07,5.0,0.062,0.14625,0.181,0.084375,0.105,0.125,0.155,0.796625,0.0,0.0,196.59375,2.4308854476407413,0.0,0.0,6.88078125,8.508099066742595,15.388880316742595,827664,,,0.1379572148023797,Information
132943,1382.0,2434.722524,COD,Democratic Republic of the Congo,Haut-Lomami,3.341121667,0.0,0.32,0.94,1382.0,,,,,,,,,,,,,,,,,,,,,,,,,58.275546875,66.82243334,0.0,3.0,63.875,2.624,54.438,2.236,34.438,1.414,28.625,1.176,0.54438,2.236,0.5165700000000001,2.121,0.715625,2.94,9.073575,0.0,0.0,665.015625,27.31381578368168,0.0,0.0,23.275546875,35.0,58.275546875,834355,56774.0,6.804537636857214,0.7133876269151198,Watch
132944,1383.0,19667.90932,COD,Democratic Republic of the Congo,Haut-Lomami,3.080643556,0.0,0.32,0.94,1383.0,,,,,,,,,,,,,,,,,,,,,,,,,1.343810098146576,61.61287112,0.0,,159.5,0.811,34.5,0.175,2.375,0.012,0.5,0.003,0.345,0.175,0.035625,0.018,0.0125,0.0075,0.593625,0.0,0.0,25.453125,0.1294144923275931,0.0,0.0,0.890859375,0.4529507231465759,1.343810098146576,1688854,,,0.0004008411616334,Information
132945,1384.0,710.1422405,COD,Democratic Republic of the Congo,Haut-Lomami,4.047897367,0.0,0.32,0.94,1384.0,,,,,,,,,,,,,,,,,,,,,,,,,40.507578125,80.95794734,0.0,3.0,13.312,1.875,12.25,1.725,1.875,0.264,0.562,0.079,0.1225,1.725,0.028125,0.396,0.01405,0.1975,2.483175,0.0,0.0,157.359375,22.15885297716041,0.0,0.0,5.507578125,35.0,40.507578125,118905,6723.0,5.654093604137757,0.774827276757537,Watch
132946,1385.0,53069.72683,COD,Democratic Republic of the Congo,Haut-Katanga,2.904076855,0.0,0.32,0.94,1385.0,,,,,,,,,,,,,,,,,,,,,,,,,30.26433266027552,58.0815371,0.0,,369.0,0.695,146.25,0.276,32.625,0.061,6.312,0.012,1.4625,0.276,0.489375,0.0915,0.1578,0.03,2.507175,0.0,0.0,727.59375,1.3710146886501482,0.0,0.0,25.46578125,4.798551410275518,30.26433266027552,3779810,,,0.3723042992366628,Advisory
132947,1386.0,12227.43496,COD,Democratic Republic of the Congo,Haut-Lomami,4.004523843,0.0,0.32,0.94,1386.0,,,,,,,,,,,,,,,,,,,,,,,,,60.563237165466816,80.09047686000001,0.0,3.0,233.75,1.912,160.625,1.314,65.875,0.539,59.812,0.489,1.60625,1.314,0.988125,0.8085,1.4953,1.2225,7.434675,0.0,0.0,951.890625,7.784875797276232,0.0,0.0,33.316171875,27.24706529046681,60.563237165466816,1114156,43366.0,3.8922736133898663,0.8670362136475456,Warning
132948,1387.0,28063.74596,COD,Democratic Republic of the Congo,Lualaba,3.330509136,0.0,0.32,0.94,1387.0,,,,,,,,,,,,,,,,,,,,,,,,,4.846554338700001,66.61018272,0.0,,424.062,1.511,95.25,0.339,9.0,0.032,1.062,0.004,0.9525,0.339,0.135,0.048,0.02655,0.01,1.5110500000000002,0.0,0.0,102.09375,0.3637923110571432,0.0,0.0,3.57328125,1.2732730887000012,4.846554338700001,294949,,,0.0268044736462425,Information
132949,1388.0,33118.37854,COD,Democratic Republic of the Congo,Lualaba,1.39646129,0.0,0.32,0.94,1388.0,,,,,,,,,,,,,,,,,,,,,,,,,9.073757915982869,27.9292258,0.0,,388.875,1.174,179.5,0.542,63.812,0.193,38.938,0.118,1.795,0.542,0.95718,0.2895,0.97345,0.295,4.85213,0.0,0.0,199.125,0.6012522617093908,0.0,0.0,6.969375,2.104382915982868,9.073757915982869,1005230,,,0.0191205020011141,Information
132951,1389.0,3273.004498,COD,Democratic Republic of the Congo,Tanganyika,1.698127063,0.0,0.32,0.94,1389.0,,,,,,,,,,,,,,,,,,,,,,,,,14.131441887816877,33.96254126,0.0,,8.375,0.256,8.0,0.244,3.812,0.116,2.812,0.086,0.08,0.244,0.05718,0.174,0.0702999999999999,0.2149999999999999,0.84048,0.0,0.0,99.5625,3.041929825090536,0.0,0.0,3.4846875,10.646754387816877,14.131441887816877,47489,,,0.0615586822191669,Information
132955,1393.0,14224.22747,COD,Democratic Republic of the Congo,Haut-Katanga,2.756377969,0.0,0.32,0.94,1393.0,1393.0,1.0,1.0,100.0,-9999.0,-9999.0,3.0,10.0,10.0,-999.9,-999.9,-3953.6,0.0,0.0,0.0,0.0,0.0,0.0,0.0,0.0,0.0,0.0,0.0,-3953.6,3.9228136694792575,55.12755938,0.0,,,,,,,,,,,,,,,,,0.0,0.0,65.8125,0.4626789055655025,0.0,0.0,2.3034375,1.6193761694792588,3.9228136694792575,258555,,,0.0074045398436236,Information
132957,1395.0,478.4664762,COD,Democratic Republic of the Congo,Haut-Katanga,3.182906412,0.0,0.32,0.94,1395.0,,,,,,,,,,,,,,,,,,,,,,,,,12.503591686163976,63.65812824,0.0,,0.938,0.196,0.562,0.118,0.375,0.078,0.0,0.0,0.00562,0.118,0.005625,0.1169999999999999,0.0,0.0,0.246245,0.0,0.0,16.3125,3.409329767475422,0.0,0.0,0.5709375,11.932654186163976,12.503591686163976,11280,,,0.142996161837844,Information
132958,1396.0,7675.826555,COD,Democratic Republic of the Congo,Haut-Katanga,4.042715363,0.0,0.32,0.94,1396.0,1396.0,1.0,1.0,100.0,-9999.0,-9999.0,3.0,10.0,10.0,-999.9,-999.9,-3953.6,0.0,0.0,0.0,0.0,0.0,0.0,0.0,0.0,0.0,0.0,0.0,-3953.6,0.9067240714672532,80.85430726,0.0,,15.562,0.203,9.562,0.125,0.0,0.0,0.0,0.0,0.09562,0.125,0.0,0.0,0.0,0.0,0.2206199999999999,0.0,0.0,11.25,0.1465640204192152,0.0,0.0,0.39375,0.5129740714672533,0.9067240714672532,231038,,,0.0011442263966632,Information
132971,1399.0,40627.05957,COD,Democratic Republic of the Congo,Haut-Katanga,4.009984291,0.0,0.32,0.94,1399.0,,,,,,,,,,,,,,,,,,,,,,,,,47.67447282600076,80.19968582000001,0.0,3.0,363.188,0.894,201.438,0.496,45.375,0.112,10.188,0.025,2.01438,0.496,0.680625,0.168,0.2547,0.0625,3.676205,0.0,0.0,1471.21875,3.621277950285932,0.0,0.0,35.0,12.67447282600076,47.67447282600076,2171491,113402.0,5.222310384892224,0.8102175565571081,Warning
132972,1400.0,9793.919996,COD,Democratic Republic of the Congo,Haut-Katanga,2.57267565,0.0,0.32,0.94,1400.0,,,,,,,,,,,,,,,,,,,,,,,,,1.97425,51.453513,0.0,,191.562,1.956,52.938,0.541,29.688,0.303,0.062,0.001,0.5293800000000001,0.541,0.4453199999999999,0.4545,0.00155,0.0025,1.97425,0.0,0.0,9.5625,0.0976371055110871,0.0,0.0,0.3346875,0.3417298692888049,0.6764173692888049,5141964,,,0.0006815959738779,Information
132974,1402.0,7392.045094,COD,Democratic Republic of the Congo,Haut-Katanga,3.217595464,0.0,0.32,0.94,1402.0,,,,,,,,,,,,,,,,,,,,,,,,,2.07632,64.35190928,0.0,,134.062,1.814,72.375,0.979,10.188,0.138,0.25,0.003,0.72375,0.979,0.15282,0.207,0.00625,0.0075,2.07632,0.0,0.0,4.359375,0.0589738691294937,0.0,0.0,0.152578125,0.2064085419532279,0.3589866669532279,64233,,,0.0022338630739042,Information
132975,1403.0,1050.5129,COD,Democratic Republic of the Congo,Haut-Katanga,4.012366947,0.0,0.32,0.94,1403.0,,,,,,,,,,,,,,,,,,,,,,,,,39.61671875,80.24733894,0.0,3.0,43.125,4.105,25.375,2.415,24.625,2.344,17.875,1.702,0.25375,2.415,0.369375,3.516,0.446875,4.255,11.256,0.0,0.0,131.90625,12.556366515831474,0.0,0.0,4.61671875,35.0,39.61671875,12447,1057.0,8.492006105888969,0.7567739993835202,Watch
172943,3443.0,9135.272345,COD,Democratic Republic of the Congo,Nord-Kivu,3.020723024,0.0,0.32,0.94,3443.0,,,,,,,,,,,,,,,,,,,,,,,,,11.216894202558484,60.41446048,0.0,,33.062,0.362,32.125,0.352,8.75,0.096,14.25,0.156,0.32125,0.352,0.13125,0.144,0.35625,0.39,1.69475,0.0,0.0,153.0,1.6748269150167094,0.0,0.0,5.355,5.861894202558483,11.216894202558484,1153046,,,0.1036467072804067,Information
172948,3448.0,2011.188888,COD,Democratic Republic of the Congo,Nord-Kivu,4.00794267,0.0,0.32,0.94,3448.0,,,,,,,,,,,,,,,,,,,,,,,,,7.025247298375929,80.1588534,0.0,,1.438,0.071,1.438,0.071,0.625,0.031,0.188,0.009,0.0143799999999999,0.071,0.009375,0.0465,0.0046999999999999,0.0225,0.168455,0.0,0.0,33.609375,1.671119763821694,0.0,0.0,1.176328125,5.848919173375929,7.025247298375929,480784,,,0.1495774275852812,Information
172949,3449.0,4252.800375,COD,Democratic Republic of the Congo,Nord-Kivu,3.188604426,0.0,0.32,0.94,3449.0,,,,,,,,,,,,,,,,,,,,,,,,,7.505284877182492,63.77208852,0.0,,9.812,0.231,7.188,0.169,0.812,0.019,0.188,0.004,0.07188,0.169,0.01218,0.0284999999999999,0.0046999999999999,0.01,0.29626,0.0,0.0,63.984375,1.5045233577664263,0.0,0.0,2.239453125,5.265831752182492,7.505284877182492,1349718,,,0.057718017273011,Information
132170,1111.0,22496.92352,COG,Republic of Congo,Pool,1.967385712,0.0,0.44,0.78,1111.0,1111.0,1.0,3.0,100.0,9.0,-9999.0,3.0,8.0,10.0,0.9,-999.9,-1956.0,0.0,0.0,0.0,0.0,0.0,0.0,0.0,0.0,0.0,0.0,0.0,-1956.0,11.48923341538396,39.34771424,0.0,,57.75,0.257,32.062,0.143,2.0,0.009,0.0,0.0,0.3206199999999999,0.143,0.03,0.0134999999999999,0.0,0.0,0.5071199999999999,0.0,0.0,227.25,1.010138118681131,0.0,0.0,7.95375,3.535483415383958,11.48923341538396,9203007,,,0.0480815047166451,Information
132190,1113.0,8904.027422,COG,Republic of Congo,Pool,0.650900124,0.0,0.44,0.78,1113.0,,,,,,,,,,,,,,,,,,,,,,,,,6.478733549099047,13.01800248,0.0,,89.625,1.007,7.375,0.083,0.0,0.0,0.0,0.0,0.07375,0.083,0.0,0.0,0.0,0.0,0.15675,0.0,0.0,87.1875,0.9791917283140136,0.0,0.0,3.0515625,3.4271710490990475,6.478733549099047,26022,,,0.004699685789923,Information
132302,1172.0,14983.40847,COG,Republic of Congo,Plateaux,1.042129247,0.0,0.44,0.78,1172.0,1172.0,0.0,4.0,-9999.0,-9999.0,-9999.0,0.0,7.0,-999.9,-999.9,-999.9,-5985.4,0.0,0.0,0.0,0.0,0.0,0.0,0.0,0.0,0.0,0.0,0.0,-5985.4,7.853867804055485,20.84258494,0.0,,,,,,,,,,,,,,,,,0.0,0.0,134.578125,0.8981809797301386,0.0,0.0,4.710234375,3.143633429055485,7.853867804055485,15236,,,0.0104321151536313,Information
132303,1173.0,6912.417338,COG,Republic of Congo,Plateaux,1.078029009,0.0,0.44,0.78,1173.0,,,,,,,,,,,,,,,,,,,,,,,,,18.54500850025577,21.56058018,0.0,,28.438,0.411,10.0,0.145,0.25,0.004,0.062,0.001,0.1,0.145,0.00375,0.006,0.00155,0.0025,0.2588,0.0,0.0,216.5625,3.1329488572159336,0.0,0.0,7.5796875,10.965321000255768,18.54500850025577,153458,,,0.0746334248530449,Information
132304,1174.0,11452.48376,COG,Republic of Congo,Plateaux,1.375149666,0.0,0.44,0.78,1174.0,1174.0,0.0,15.0,-9999.0,-9999.0,-9999.0,0.0,1.0,-999.9,-999.9,-999.9,-5997.4,0.0,0.0,0.0,0.0,0.0,0.0,0.0,0.0,0.0,0.0,0.0,-5997.4,4.794152234824876,27.50299332,0.0,,59.25,0.517,15.125,0.132,0.0,0.0,0.0,0.0,0.15125,0.132,0.0,0.0,0.0,0.0,0.28325,0.0,0.0,73.125,0.6385077813785358,0.0,0.0,2.559375,2.234777234824876,4.794152234824876,42712,,,0.0033023154775903,Information
132308,1178.0,23244.56864,COG,Republic of Congo,Plateaux,4.070758769,0.0,0.44,0.78,1178.0,1178.0,0.0,13.0,-9999.0,-9999.0,-9999.0,0.0,1.0,-999.9,-999.9,-999.9,-5997.4,0.0,0.0,0.0,0.0,0.0,0.0,0.0,0.0,0.0,0.0,0.0,-5997.4,10.467446728774274,81.41517538000001,0.0,,536.812,2.309,274.562,1.181,0.0,0.0,0.0,0.0,2.74562,1.181,0.0,0.0,0.0,0.0,3.92662,0.0,0.0,209.109375,0.8996053153640786,0.0,0.0,7.318828125,3.148618603774275,10.467446728774274,102797,,,0.2829584446775869,Information
132309,1179.0,2327.905852,COG,Republic of Congo,Cuvette,4.049551744,0.0,0.44,0.78,1179.0,,,,,,,,,,,,,,,,,,,,,,,,,23.901425995389825,80.99103488,0.0,,13.812,0.593,6.188,0.266,0.062,0.003,0.062,0.003,0.06188,0.266,0.0009299999999999,0.0045,0.00155,0.0075,0.34236,0.0,0.0,128.953125,5.539447605825664,0.0,0.0,4.513359375,19.388066620389825,23.901425995389825,15524,,,0.59057619233682,Advisory
132410,1180.0,95.09269613,COG,Republic of Congo,Cuvette,4.413922062,0.0,0.44,0.78,1180.0,,,,,,,,,,,,,,,,,,,,,,,,,35.595546875,88.27844124,0.0,3.0,0.562,0.592,0.562,0.592,0.062,0.066,0.0,0.0,0.00562,0.592,0.0009299999999999,0.099,0.0,0.0,0.6975499999999999,0.0,0.0,17.015625,17.89372443115734,0.0,0.0,0.595546875,35.0,35.595546875,540,113.0,20.925925925925924,0.8666707891799417,Warning
132421,1181.0,2802.630697,COG,Republic of Congo,Cuvette,4.330396894,0.0,0.44,0.78,1181.0,,,,,,,,,,,,,,,,,,,,,,,,,3.05775603349194,86.60793788,0.0,,129.812,4.632,7.5,0.268,0.312,0.011,0.0,0.0,0.075,0.268,0.00468,0.0165,0.0,0.0,0.36418,0.0,0.0,19.125,0.682394580997697,0.0,0.0,0.669375,2.38838103349194,3.05775603349194,7451,,,0.0698403883005544,Information
132422,1182.0,17458.79422,COG,Republic of Congo,Cuvette,4.045528148,0.0,0.44,0.78,1182.0,1182.0,0.0,15.0,2.0,-9999.0,-9999.0,0.0,1.0,0.2,-999.9,-999.9,-3997.2,0.0,0.0,0.0,0.0,0.0,0.0,0.0,0.0,0.0,0.0,0.0,-3997.2,5.736090623611997,80.91056296,0.0,,,,,,,,,,,,,,,,,0.0,0.0,104.203125,0.5968517853177133,0.0,0.0,3.647109375,2.0889812486119967,5.736090623611997,149367,,,0.1146125732882221,Information
132423,1183.0,6922.433384,COG,Republic of Congo,Cuvette,4.177668693,0.0,0.44,0.78,1183.0,,,,,,,,,,,,,,,,,,,,,,,,,1.12888,83.55337386000001,0.0,,168.0,2.427,46.188,0.667,0.0,0.0,0.0,0.0,0.46188,0.667,0.0,0.0,0.0,0.0,1.12888,0.0,0.0,11.671875,0.168609423195157,0.0,0.0,0.408515625,0.5901329811830496,0.9986486061830496,5113,,,0.0036932846081361,Information
132424,1184.0,12911.50019,COG,Republic of Congo,Sangha,3.257508117,0.0,0.44,0.78,1184.0,,,,,,,,,,,,,,,,,,,,,,,,,2.366882460922636,65.15016234,0.0,,166.812,1.292,70.75,0.548,0.0,0.0,0.0,0.0,0.7075,0.548,0.0,0.0,0.0,0.0,1.2555,0.0,0.0,38.109375,0.2951583816921817,0.0,0.0,1.333828125,1.033054335922636,2.366882460922636,13621,,,0.0035782274300302,Information
132426,1186.0,17494.35897,COG,Republic of Congo,Cuvette-Ouest,4.029164203,0.0,0.44,0.78,1186.0,1186.0,0.0,15.0,2.0,-9999.0,-9999.0,0.0,1.0,0.2,-999.9,-999.9,-3997.2,0.0,0.0,0.0,0.0,0.0,0.0,0.0,0.0,0.0,0.0,0.0,-3997.2,4.455522366532169,80.58328406,0.0,,394.438,2.255,183.938,1.051,0.0,0.0,0.0,0.0,1.83938,1.051,0.0,0.0,0.0,0.0,2.8903799999999995,0.0,0.0,81.0,0.4630063904377627,0.0,0.0,2.835,1.6205223665321695,4.455522366532169,74568,,,0.0705117844883813,Information
132427,1187.0,3786.402843,COG,Republic of Congo,Sangha,4.084024577,0.0,0.44,0.78,1187.0,1187.0,0.0,15.0,-9999.0,-9999.0,-9999.0,0.0,1.0,-999.9,-999.9,-999.9,-5997.4,0.0,0.0,0.0,0.0,0.0,0.0,0.0,0.0,0.0,0.0,0.0,-5997.4,2.50038,81.68049154,0.0,,228.125,6.025,67.938,1.794,0.5,0.013,0.0,0.0,0.67938,1.794,0.0075,0.0195,0.0,0.0,2.50038,0.0,0.0,9.984375,0.2636902467660568,0.0,0.0,0.349453125,0.9229158636811988,1.2723689886811986,3427,,,0.0232116652475287,Information
132428,1188.0,3663.927504,COG,Republic of Congo,Cuvette-Ouest,0.570370098,0.0,0.44,0.78,1188.0,,,,,,,,,,,,,,,,,,,,,,,,,1.174733167800288,11.40740196,0.0,,84.438,2.305,24.688,0.674,0.0,0.0,0.0,0.0,0.24688,0.674,0.0,0.0,0.0,0.0,0.92088,0.0,0.0,9.0,0.2456380479429394,0.0,0.0,0.315,0.8597331678002879,1.174733167800288,17496,,,7.695832634700315e-06,Information
132429,1189.0,6411.178965,COG,Republic of Congo,Sangha,1.57023164,0.0,0.44,0.78,1189.0,,,,,,,,,,,,,,,,,,,,,,,,,1.90538,31.4046328,0.0,,152.375,2.377,74.438,1.161,0.0,0.0,0.0,0.0,0.74438,1.161,0.0,0.0,0.0,0.0,1.90538,0.0,0.0,4.21875,0.0658030297236239,0.0,0.0,0.14765625,0.2303106040326836,0.3779668540326836,8781,,,0.0001694821185281,Information
132430,1190.0,860.6686079,COG,Republic of Congo,Cuvette,4.129899868,0.0,0.44,0.78,1190.0,,,,,,,,,,,,,,,,,,,,,,,,,13.415440283991334,82.59799736,0.0,,3.625,0.421,3.625,0.421,0.312,0.036,0.0,0.0,0.03625,0.421,0.00468,0.0539999999999999,0.0,0.0,0.51593,0.0,0.0,30.375,3.529232938283238,0.0,0.0,1.063125,12.352315283991334,13.415440283991334,1772,,,0.3973628548475011,Advisory
132440,1191.0,30047.85895,COG,Republic of Congo,Likouala,4.09161638,0.0,0.44,0.78,1191.0,,,,,,,,,,,,,,,,,,,,,,,,,4.98975,81.83232759999999,0.0,,970.875,3.231,374.375,1.246,0.0,0.0,0.0,0.0,3.74375,1.246,0.0,0.0,0.0,0.0,4.98975,0.0,0.0,65.53125,0.2180895820408943,0.0,0.0,2.29359375,0.76331353714313,3.05690728714313,177846,,,0.0981339119809246,Information
132450,1192.0,23224.4731,COG,Republic of Congo,Sangha,4.015434002,0.0,0.44,0.78,1192.0,1192.0,0.0,15.0,-9999.0,-9999.0,-9999.0,0.0,1.0,-999.9,-999.9,-999.9,-5997.4,0.0,0.0,0.0,0.0,0.0,0.0,0.0,0.0,0.0,0.0,0.0,-5997.4,15.877764584323886,80.30868004,0.0,,671.0,2.889,291.125,1.254,1.0,0.004,0.062,0.0,2.91125,1.254,0.015,0.006,0.00155,0.0,4.1878,0.0,0.0,317.109375,1.3654104169496817,0.0,0.0,11.098828125,4.778936459323885,15.877764584323886,53359,,,0.4147829888138981,Advisory
132470,1202.0,7671.965381,COG,Republic of Congo,Sangha,4.15691124,0.0,0.44,0.78,1202.0,,,,,,,,,,,,,,,,,,,,,,,,,2.516875724040712,83.1382248,0.0,,161.125,2.1,25.0,0.326,0.0,0.0,0.0,0.0,0.25,0.326,0.0,0.0,0.0,0.0,0.5760000000000001,0.0,0.0,31.21875,0.4069198497259176,0.0,0.0,1.09265625,1.4242194740407117,2.516875724040712,31337,,,0.0285835576954075,Information
132492,1205.0,4485.741978,COG,Republic of Congo,Sangha,0.380451279,0.0,0.44,0.78,1205.0,,,,,,,,,,,,,,,,,,,,,,,,,2.52488,7.609025579999999,0.0,,124.312,2.771,78.188,1.743,0.0,0.0,0.0,0.0,0.78188,1.743,0.0,0.0,0.0,0.0,2.52488,0.0,0.0,1.96875,0.0438890602673533,0.0,0.0,0.06890625,0.1536117109357365,0.2225179609357365,16077,,,0.0001592091201197,Information
132613,1216.0,4513.428293,COG,Republic of Congo,Likouala,4.012065772,0.0,0.44,0.78,1216.0,,,,,,,,,,,,,,,,,,,,,,,,,18.72314449363838,80.24131544,0.0,,918.375,20.348,853.938,18.92,0.375,0.008,0.0,0.0,8.53938,10.0,0.005625,0.012,0.0,0.0,18.557005,0.0,0.0,166.359375,3.685876105325251,0.0,0.0,5.822578125,12.90056636863838,18.72314449363838,279501,,,0.4785342333153696,Advisory
132614,1217.0,12120.44824,COG,Republic of Congo,Likouala,4.015218197,0.0,0.44,0.78,1217.0,,,,,,,,,,,,,,,,,,,,,,,,,1.1725,80.30436394,0.0,,89.938,0.742,64.25,0.53,0.0,0.0,0.0,0.0,0.6425,0.53,0.0,0.0,0.0,0.0,1.1725,0.0,0.0,8.15625,0.0672933033096747,0.0,0.0,0.28546875,0.2355265615838614,0.5209953115838615,104539,,,0.0023917792131458,Information
132616,1219.0,13524.53066,COG,Republic of Congo,Likouala,4.054319027,0.0,0.44,0.78,1219.0,,,,,,,,,,,,,,,,,,,,,,,,,0.7695000000000001,81.08638054,0.0,,45.688,0.338,44.25,0.327,0.0,0.0,0.0,0.0,0.4425,0.327,0.0,0.0,0.0,0.0,0.7695000000000001,0.0,0.0,5.90625,0.0436706466928698,0.0,0.0,0.20671875,0.1528472634250443,0.3595660134250443,196905,,,0.0006826299852506,Information
132617,1220.0,3827.139113,COG,Republic of Congo,Likouala,3.115473127,0.0,0.44,0.78,1220.0,,,,,,,,,,,,,,,,,,,,,,,,,4.356670828090483,62.30946254,0.0,,18.25,0.477,15.125,0.395,0.0,0.0,0.0,0.0,0.15125,0.395,0.0,0.0,0.0,0.0,0.54625,0.0,0.0,34.453125,0.900231843740138,0.0,0.0,1.205859375,3.150811453090483,4.356670828090483,150910,,,0.015475548020125,Information
133204,1422.0,16155.75634,COG,Republic of Congo,Niari,0.45777225,0.0,0.44,0.78,1422.0,,,,,,,,,,,,,,,,,,,,,,,,,0.5338821133030168,9.155445,0.0,,27.125,0.168,23.312,0.144,0.0,0.0,0.0,0.0,0.23312,0.144,0.0,0.0,0.0,0.0,0.37712,0.0,0.0,9.421875,0.0583189966580048,0.0,0.0,0.329765625,0.2041164883030168,0.5338821133030168,107894,,,1.397800126805343e-07,Information
133480,1467.0,10172.28519,COG,Republic of Congo,Sangha,2.147867036,0.0,0.44,0.78,1467.0,,,,,,,,,,,,,,,,,,,,,,,,,3.8425,42.957340720000005,0.0,,809.188,7.955,193.75,1.905,0.0,0.0,0.0,0.0,1.9375,1.905,0.0,0.0,0.0,0.0,3.8425,0.0,0.0,43.59375,0.4285541465802626,0.0,0.0,1.52578125,1.499939513030919,3.025720763030919,14438,,,0.0034912660788408,Information
143080,1841.0,24143.39029,COG,Republic of Congo,Plateaux,4.006969902,0.0,0.44,0.78,1841.0,1841.0,0.0,12.0,-9999.0,-9999.0,-9999.0,0.0,1.0,-999.9,-999.9,-999.9,-5996.400000000001,0.0,0.0,0.0,0.0,0.0,0.0,0.0,0.0,0.0,0.0,0.0,-5996.400000000001,1.1415181346889032,80.13939804,0.0,,72.25,0.299,34.312,0.142,0.0,0.0,0.0,0.0,0.34312,0.142,0.0,0.0,0.0,0.0,0.48512,0.0,0.0,23.0625,0.0955230384825438,0.0,0.0,0.8071875,0.3343306346889033,1.1415181346889032,3031332,,,0.002142517197113,Information
132461,1193.0,13269.37986,CAF,Central African Republic,Sangha-Mbaéré,4.207241529,0.0,0.36,0.89,1193.0,1193.0,0.0,15.0,-9999.0,-9999.0,-9999.0,0.0,1.0,-999.9,-999.9,-999.9,-5997.4,0.0,0.0,0.0,0.0,0.0,0.0,0.0,0.0,0.0,0.0,0.0,-5997.4,7.500401963624451,84.14483058,0.0,,138.125,1.041,50.312,0.379,0.125,0.001,0.0,0.0,0.50312,0.379,0.001875,0.0015,0.0,0.0,0.8854949999999999,0.0,0.0,122.203125,0.9209407396069862,0.0,0.0,4.277109375,3.223292588624452,7.500401963624451,67220,,,0.2270675613915513,Information
132462,1194.0,28080.99818,CAF,Central African Republic,Nana-Mambéré,3.229508114,0.0,0.36,0.89,1194.0,1194.0,0.0,1.0,-9999.0,-9999.0,-9999.0,0.0,10.0,-999.9,-999.9,-999.9,-5979.4,0.0,0.0,0.0,0.0,0.0,0.0,0.0,0.0,0.0,0.0,0.0,-5979.4,0.4605485855180311,64.59016228,0.0,,24.062,0.086,13.125,0.047,0.0,0.0,0.0,0.0,0.13125,0.047,0.0,0.0,0.0,0.0,0.17825,0.0,0.0,9.703125,0.0345540601480089,0.0,0.0,0.339609375,0.1209392105180311,0.4605485855180311,414869,,,7.0490871026611134e-06,Information
132463,1195.0,7770.996221,CAF,Central African Republic,Sangha-Mbaéré,3.639622762,0.0,0.36,0.89,1195.0,1195.0,0.0,15.0,-9999.0,-9999.0,-9999.0,0.0,1.0,-999.9,-999.9,-999.9,-5997.4,0.0,0.0,0.0,0.0,0.0,0.0,0.0,0.0,0.0,0.0,0.0,-5997.4,1.5307510461932574,72.79245524000001,0.0,,19.5,0.251,8.188,0.105,0.0,0.0,0.0,0.0,0.08188,0.105,0.0,0.0,0.0,0.0,0.18688,0.0,0.0,19.125,0.2461074417695021,0.0,0.0,0.669375,0.8613760461932574,1.5307510461932574,106147,,,0.0020027020594559,Information
132621,1223.0,3521.939993,CAF,Central African Republic,Lobaye,3.805090881,0.0,0.36,0.89,1223.0,1223.0,0.0,5.0,-9999.0,-9999.0,-9999.0,0.0,6.0,-999.9,-999.9,-999.9,-5994.066666666666,0.0,0.0,0.0,0.0,0.0,0.0,0.0,0.0,0.0,0.0,0.0,-5994.066666666666,2.1920255968401814,76.10181761999999,0.0,,,,,,,,,,,,,,,,,0.0,0.0,16.3125,0.4631680276686233,0.0,0.0,0.5709375,1.6210880968401815,2.1920255968401814,132650,,,0.0084476947651728,Information
132622,1224.0,10168.53688,CAF,Central African Republic,Sangha-Mbaéré,4.028281144,0.0,0.36,0.89,1224.0,1224.0,0.0,12.0,-9999.0,-9999.0,-9999.0,0.0,1.0,-999.9,-999.9,-999.9,-5997.4,0.0,0.0,0.0,0.0,0.0,0.0,0.0,0.0,0.0,0.0,0.0,-5997.4,1.03425,80.56562288,0.0,,52.125,0.513,52.125,0.513,0.0,0.0,0.0,0.0,0.52125,0.513,0.0,0.0,0.0,0.0,1.03425,0.0,0.0,2.25,0.0221270771406515,0.0,0.0,0.07875,0.0774447699922802,0.1561947699922802,50488,,,0.0016765364655064,Information
132623,1225.0,3674.775259,CAF,Central African Republic,Lobaye,2.931274887,0.0,0.36,0.89,1225.0,1225.0,0.0,3.0,-9999.0,-9999.0,-9999.0,0.0,8.0,-999.9,-999.9,-999.9,-5983.4,0.0,0.0,0.0,0.0,0.0,0.0,0.0,0.0,0.0,0.0,0.0,-5983.4,1.0623019707973445,58.62549774,0.0,,,,,,,,,,,,,,,,,0.0,0.0,8.15625,0.2219523487992413,0.0,0.0,0.28546875,0.7768332207973445,1.0623019707973445,74241,,,0.0001250162793792,Information
132627,1229.0,4875.333336,CAF,Central African Republic,Mambéré-Kadéï,2.585619759,0.0,0.36,0.89,1229.0,1229.0,0.0,1.0,-9999.0,-9999.0,-9999.0,0.0,10.0,-999.9,-999.9,-999.9,-5980.4,0.0,0.0,0.0,0.0,0.0,0.0,0.0,0.0,0.0,0.0,0.0,-5980.4,0.1952254011895596,51.71239518,0.0,,,,,,,,,,,,,,,,,0.0,0.0,1.828125,0.0374974360541599,0.0,0.0,0.063984375,0.1312410261895596,0.1952254011895596,51383,,,1.7862819440175796e-08,Information
132631,1232.0,8146.074129,CAF,Central African Republic,Ombella-M'Poko,4.067121237,0.0,0.36,0.89,1232.0,1232.0,0.0,15.0,-9999.0,-9999.0,-9999.0,0.0,1.0,-999.9,-999.9,-999.9,-5997.4,0.0,0.0,0.0,0.0,0.0,0.0,0.0,0.0,0.0,0.0,0.0,-5997.4,7.729546597252594,81.34242474000001,0.0,,,,,,,,,,,,,,,,,0.0,0.0,99.140625,1.2170356349293128,0.0,0.0,3.469921875,4.259624722252594,7.729546597252594,235839,,,0.1891042382506588,Information
132632,1233.0,26392.9673,CAF,Central African Republic,Ombella-M'Poko,3.887843363,0.0,0.36,0.89,1233.0,1233.0,0.0,12.0,-9999.0,-9999.0,-9999.0,0.0,1.0,-999.9,-999.9,-999.9,-5997.4,0.0,0.0,0.0,0.0,0.0,0.0,0.0,0.0,0.0,0.0,0.0,-5997.4,0.8958468243777588,77.75686726,0.0,,7.625,0.029,7.625,0.029,0.0,0.0,0.0,0.0,0.07625,0.029,0.0,0.0,0.0,0.0,0.10525,0.0,0.0,18.5625,0.0703312355365025,0.0,0.0,0.6496875,0.2461593243777587,0.8958468243777588,371087,,,0.0006590279328054,Information
132634,1235.0,4856.5804,CAF,Central African Republic,Ombella-M'Poko,4.000255531,0.0,0.36,0.89,1235.0,1235.0,0.0,13.0,-9999.0,-9999.0,-9999.0,0.0,1.0,-999.9,-999.9,-999.9,-5997.4,0.0,0.0,0.0,0.0,0.0,0.0,0.0,0.0,0.0,0.0,0.0,-5997.4,-5997.4,80.00511062,0.0,,,,,,,,,,,,,,,,,,,,,,,,,,13598,,,,
132636,1237.0,13868.87908,CAF,Central African Republic,Kémo,4.028072283,0.0,0.36,0.89,1237.0,1237.0,0.0,2.0,-9999.0,-9999.0,-9999.0,0.0,9.0,-999.9,-999.9,-999.9,-5981.4,0.0,0.0,0.0,0.0,0.0,0.0,0.0,0.0,0.0,0.0,0.0,-5981.4,-5981.4,80.56144566,0.0,,,,,,,,,,,,,,,,,,,,,,,,,,144570,,,,
132641,1241.0,11053.73745,CAF,Central African Republic,Ouaka,4.000015506,0.0,0.36,0.89,1241.0,1241.0,0.0,15.0,-9999.0,-9999.0,-9999.0,0.0,1.0,-999.9,-999.9,-999.9,-5997.4,0.0,0.0,0.0,0.0,0.0,0.0,0.0,0.0,0.0,0.0,0.0,-5997.4,1.349935846428593,80.00031012000001,0.0,,,,,,,,,,,,,,,,,0.0,0.0,20.25,0.1831959561224552,0.0,0.0,0.70875,0.6411858464285932,1.349935846428593,179950,,,0.0035124697309416,Information
132643,1243.0,1960.219519,CAF,Central African Republic,Ouaka,4.040696637,0.0,0.36,0.89,1243.0,1243.0,0.0,13.0,-9999.0,-9999.0,-9999.0,0.0,1.0,-999.9,-999.9,-999.9,-5997.4,0.0,0.0,0.0,0.0,0.0,0.0,0.0,0.0,0.0,0.0,0.0,-5997.4,0.4504600494730034,80.81393274,0.0,,,,,,,,,,,,,,,,,0.0,0.0,2.109375,0.107609121278001,0.0,0.0,0.073828125,0.3766319244730035,0.4504600494730034,13394,,,8.7830207112644e-05,Information
132650,1250.0,23856.05722,CAF,Central African Republic,Basse-Kotto,3.060291944,0.0,0.36,0.89,1250.0,1250.0,0.0,11.0,-9999.0,-9999.0,-9999.0,0.0,1.0,-999.9,-999.9,-999.9,-5997.4,0.0,0.0,0.0,0.0,0.0,0.0,0.0,0.0,0.0,0.0,0.0,-5997.4,11.266853813337988,61.20583888,0.0,,,,,,,,,,,,,,,,,0.0,0.0,226.828125,0.9508198395251396,0.0,0.0,7.938984375,3.3278694383379888,11.266853813337988,705027,,,0.1081540990277046,Information
132661,1251.0,11128.89798,CAF,Central African Republic,Mbomou,3.238282449,0.0,0.36,0.89,1251.0,1251.0,0.0,5.0,-9999.0,-9999.0,-9999.0,0.0,6.0,-999.9,-999.9,-999.9,-5992.4,0.0,0.0,0.0,0.0,0.0,0.0,0.0,0.0,0.0,0.0,0.0,-5992.4,1.4670837856262688,64.76564898000001,0.0,,,,,,,,,,,,,,,,,0.0,0.0,22.078125,0.1983855458932197,0.0,0.0,0.772734375,0.6943494106262689,1.4670837856262688,82928,,,0.0007395710903714,Information
132663,1253.0,3920.680718,CAF,Central African Republic,Haute-Kotto,3.74855332,0.0,0.36,0.89,1253.0,1253.0,0.0,3.0,-9999.0,-9999.0,-9999.0,0.0,8.0,-999.9,-999.9,-999.9,-5983.4,0.0,0.0,0.0,0.0,0.0,0.0,0.0,0.0,0.0,0.0,0.0,-5983.4,0.4718384622347921,74.9710664,0.0,,,,,,,,,,,,,,,,,0.0,0.0,3.796875,0.0968422392099406,0.0,0.0,0.132890625,0.3389478372347921,0.4718384622347921,69988,,,3.576309816740822e-05,Information
132664,1254.0,17902.76997,CAF,Central African Republic,Haute-Kotto,3.330125197,0.0,0.36,0.89,1254.0,1254.0,0.0,1.0,-9999.0,-9999.0,-9999.0,0.0,10.0,-999.9,-999.9,-999.9,-5979.4,0.0,0.0,0.0,0.0,0.0,0.0,0.0,0.0,0.0,0.0,0.0,-5979.4,0.2991729157597712,66.60250394,0.0,,,,,,,,,,,,,,,,,0.0,0.0,5.484375,0.0306342259313632,0.0,0.0,0.191953125,0.1072197907597712,0.2991729157597712,19400,,,1.2072812855293436e-06,Information
132684,1264.0,24157.2377,CAF,Central African Republic,Mbomou,4.047222446,0.0,0.36,0.89,1264.0,1264.0,0.0,14.0,-9999.0,-9999.0,-9999.0,0.0,1.0,-999.9,-999.9,-999.9,-5997.4,0.0,0.0,0.0,0.0,0.0,0.0,0.0,0.0,0.0,0.0,0.0,-5997.4,1.4892918829811874,80.94444892,0.0,,,,,,,,,,,,,,,,,0.0,0.0,30.09375,0.1245744665660536,0.0,0.0,1.05328125,0.4360106329811876,1.4892918829811874,47470,,,0.005400721473185,Information
132686,1266.0,53190.19035,CAF,Central African Republic,Haut-Mbomou,3.144362101,0.0,0.36,0.89,1266.0,1266.0,0.0,15.0,-9999.0,-9999.0,-9999.0,0.0,1.0,-999.9,-999.9,-999.9,-5997.4,0.0,0.0,0.0,0.0,0.0,0.0,0.0,0.0,0.0,0.0,0.0,-5997.4,6.630736251108948,62.88724202,0.0,,,,,,,,,,,,,,,,,0.0,0.0,159.46875,0.2998085717454138,0.0,0.0,5.58140625,1.0493300011089484,6.630736251108948,13709,,,0.0425125781190431,Information
132688,1268.0,20155.78612,CAF,Central African Republic,Haut-Mbomou,4.015403116,0.0,0.36,0.89,1268.0,1268.0,0.0,1.0,-9999.0,-9999.0,-9999.0,0.0,10.0,-999.9,-999.9,-999.9,-5979.4,0.0,0.0,0.0,0.0,0.0,0.0,0.0,0.0,0.0,0.0,0.0,-5979.4,2.7761494572137018,80.30806232,0.0,,,,,,,,,,,,,,,,,0.0,0.0,53.015625,0.2630293092039149,0.0,0.0,1.855546875,0.920602582213702,2.7761494572137018,4420,,,0.0250479381740781,Information
162824,3068.0,10598.71794,CAF,Central African Republic,Ouham-Pendé,2.917634813,0.0,0.36,0.89,3068.0,3068.0,0.0,1.0,-9999.0,-9999.0,-9999.0,0.0,10.0,-999.9,-999.9,-999.9,-5979.4,0.0,0.0,0.0,0.0,0.0,0.0,0.0,0.0,0.0,0.0,0.0,-5979.4,1.03225,58.35269626,0.0,,191.812,1.81,53.125,0.501,0.0,0.0,0.0,0.0,0.53125,0.501,0.0,0.0,0.0,0.0,1.03225,,,,,,,,,,195547,,,0.0001088684341577,Information
162825,3069.0,12274.80443,CAF,Central African Republic,Ouham,3.864149867,0.0,0.36,0.89,3069.0,3069.0,0.0,15.0,-9999.0,-9999.0,-9999.0,0.0,1.0,-999.9,-999.9,-999.9,-5997.4,0.0,0.0,0.0,0.0,0.0,0.0,0.0,0.0,0.0,0.0,0.0,-5997.4,4.192,77.28299734000001,0.0,,243.875,1.987,231.0,1.882,0.0,0.0,0.0,0.0,2.31,1.882,0.0,0.0,0.0,0.0,4.192,0.0,0.0,3.09375,0.0252040675471973,0.0,0.0,0.10828125,0.0882142364151905,0.1964954864151905,140645,,,0.0455201271483483,Information
162826,3070.0,12087.06818,CAF,Central African Republic,Ouham,4.01525422,0.0,0.36,0.89,3070.0,3070.0,0.0,2.0,-9999.0,-9999.0,-9999.0,0.0,9.0,-999.9,-999.9,-999.9,-5981.4,0.0,0.0,0.0,0.0,0.0,0.0,0.0,0.0,0.0,0.0,0.0,-5981.4,0.1439022758132666,80.3050844,0.0,,,,,,,,,,,,,,,,,0.0,0.0,2.25,0.0186149359466476,0.0,0.0,0.07875,0.0651522758132666,0.1439022758132666,81921,,,4.349787608297301e-07,Information
162827,3071.0,10789.26288,CAF,Central African Republic,Ouham,4.030952655,0.0,0.36,0.89,3071.0,3071.0,0.0,14.0,-9999.0,-9999.0,-9999.0,0.0,1.0,-999.9,-999.9,-999.9,-5997.4,0.0,0.0,0.0,0.0,0.0,0.0,0.0,0.0,0.0,0.0,0.0,-5997.4,0.6164406255732802,80.6190531,0.0,,,,,,,,,,,,,,,,,0.0,0.0,9.140625,0.0847196430209372,0.0,0.0,0.319921875,0.2965187505732802,0.6164406255732802,165298,,,0.0002822894892171,Information
162829,3073.0,13609.63987,CAF,Central African Republic,Ouham-Pendé,3.193051024,0.0,0.36,0.89,3073.0,3073.0,0.0,15.0,-9999.0,-9999.0,-9999.0,0.0,1.0,-999.9,-999.9,-999.9,-5997.4,0.0,0.0,0.0,0.0,0.0,0.0,0.0,0.0,0.0,0.0,0.0,-5997.4,0.86925,63.86102047999999,0.0,,74.875,0.55,50.125,0.368,0.0,0.0,0.0,0.0,0.50125,0.368,0.0,0.0,0.0,0.0,0.86925,0.0,0.0,8.578125,0.0630297721463514,0.0,0.0,0.300234375,0.2206042025122299,0.52083857751223,163213,,,9.669560138252744e-05,Information
162862,3078.0,11490.16244,CAF,Central African Republic,Bamingui-Bangoran,3.177131959,0.0,0.36,0.89,3078.0,3078.0,0.0,11.0,-9999.0,-9999.0,-9999.0,0.0,1.0,-999.9,-999.9,-999.9,-5997.4,0.0,0.0,0.0,0.0,0.0,0.0,0.0,0.0,0.0,0.0,0.0,-5997.4,0.3682172251118351,63.54263918,0.0,,,,,,,,,,,,,,,,,0.0,0.0,5.625,0.0489549214605243,0.0,0.0,0.196875,0.171342225111835,0.3682172251118351,34474,,,2.161406473355254e-06,Information
162865,3081.0,4350.103479,CAF,Central African Republic,Ouham,3.079630689,0.0,0.36,0.89,3081.0,,,,,,,,,,,,,,,,,,,,,,,,,0.9417031393756587,61.59261378,0.0,,6.75,0.155,6.312,0.145,0.0,0.0,0.0,0.0,0.06312,0.145,0.0,0.0,0.0,0.0,0.20812,0.0,0.0,8.15625,0.1874955398216168,0.0,0.0,0.28546875,0.6562343893756588,0.9417031393756587,73066,,,0.0001043215118524,Information
162866,3082.0,20593.4051,CAF,Central African Republic,Nana-Grébizi,4.053380776,0.0,0.36,0.89,3082.0,3082.0,0.0,13.0,-9999.0,-9999.0,-9999.0,0.0,1.0,-999.9,-999.9,-999.9,-5997.4,0.0,0.0,0.0,0.0,0.0,0.0,0.0,0.0,0.0,0.0,0.0,-5997.4,-5997.4,81.06761552,0.0,,,,,,,,,,,,,,,,,,,,,,,,,,217292,,,,
162868,3084.0,7166.315666,CAF,Central African Republic,Bamingui-Bangoran,2.310176619,0.0,0.36,0.89,3084.0,3084.0,0.0,14.0,-9999.0,-9999.0,-9999.0,0.0,1.0,-999.9,-999.9,-999.9,-5997.4,0.0,0.0,0.0,0.0,0.0,0.0,0.0,0.0,0.0,0.0,0.0,-5997.4,-5997.4,46.20353238,0.0,,,,,,,,,,,,,,,,,,,,,,,,,,2826,,,,
162869,3085.0,7826.292908,CAF,Central African Republic,Bamingui-Bangoran,2.320722737,0.0,0.36,0.89,3085.0,3085.0,0.0,1.0,-9999.0,-9999.0,-9999.0,0.0,10.0,-999.9,-999.9,-999.9,-5979.4,0.0,0.0,0.0,0.0,0.0,0.0,0.0,0.0,0.0,0.0,0.0,-5979.4,0.3475339320473681,46.41445474,0.0,,,,,,,,,,,,,,,,,0.0,0.0,4.359375,0.0557016591563909,0.0,0.0,0.152578125,0.1949558070473681,0.3475339320473681,5257,,,2.3499909886021165e-07,Information
162894,3099.0,16574.53237,CAF,Central African Republic,Vakaga,3.91491483,0.0,0.36,0.89,3099.0,3099.0,0.0,9.0,-9999.0,-9999.0,-9999.0,0.0,2.0,-999.9,-999.9,-999.9,-5987.4,0.0,0.0,0.0,0.0,0.0,0.0,0.0,0.0,0.0,0.0,0.0,-5987.4,-5987.4,78.2982966,0.0,,,,,,,,,,,,,,,,,,,,,,,,,,14158,,,,
162896,3101.0,11029.55929,CAF,Central African Republic,Vakaga,3.235612864,0.0,0.36,0.89,3101.0,3101.0,0.0,15.0,-9999.0,-9999.0,-9999.0,0.0,1.0,-999.9,-999.9,-999.9,-5997.4,0.0,0.0,0.0,0.0,0.0,0.0,0.0,0.0,0.0,0.0,0.0,-5997.4,0.12738,64.71225728,0.0,,17.438,0.158,5.188,0.047,1.0,0.009,0.0,0.0,0.0518799999999999,0.047,0.015,0.0134999999999999,0.0,0.0,0.12738,,,,,,,,,,7115,,,9.323005274902252e-09,Information
132467,1199.0,2687.491289,CMR,Cameroon,Est,2.334669922,0.0,0.42,0.81,1199.0,1199.0,0.0,12.0,-9999.0,-9999.0,-9999.0,0.0,1.0,-999.9,-999.9,-999.9,-5997.4,0.0,0.0,0.0,0.0,0.0,0.0,0.0,0.0,0.0,0.0,0.0,-5997.4,0.6506048598600856,46.69339844,0.0,,,,,,,,,,,,,,,,,0.0,0.0,3.9375,0.1465121028171673,0.0,0.0,0.1378125,0.5127923598600856,0.6506048598600856,70041,,,5.266962557779093e-06,Information
132468,1200.0,10014.55321,CMR,Cameroon,Est,3.563401001,0.0,0.42,0.81,1200.0,,,,,,,,,,,,,,,,,,,,,,,,,0.1475489625148154,71.26802002,0.0,,14.25,0.142,5.188,0.052,0.0,0.0,0.0,0.0,0.0518799999999999,0.052,0.0,0.0,0.0,0.0,0.10388,0.0,0.0,2.109375,0.0210630964328044,0.0,0.0,0.073828125,0.0737208375148154,0.1475489625148154,252983,,,6.761757452193643e-08,Information
132469,1201.0,10241.62921,CMR,Cameroon,Est,1.179106663,0.0,0.42,0.81,1201.0,1201.0,0.0,15.0,-9999.0,-9999.0,-9999.0,0.0,1.0,-999.9,-999.9,-999.9,-5997.4,0.0,0.0,0.0,0.0,0.0,0.0,0.0,0.0,0.0,0.0,0.0,-5997.4,0.6031129946258225,23.58213326,0.0,,,,,,,,,,,,,,,,,0.0,0.0,8.71875,0.0851304984645207,0.0,0.0,0.30515625,0.2979567446258224,0.6031129946258225,152027,,,6.431234668393133e-07,Information
132480,1203.0,27401.49034,CMR,Cameroon,Est,3.378434621,0.0,0.42,0.81,1203.0,1203.0,0.0,15.0,-9999.0,-9999.0,-9999.0,0.0,1.0,-999.9,-999.9,-999.9,-5997.4,0.0,0.0,0.0,0.0,0.0,0.0,0.0,0.0,0.0,0.0,0.0,-5997.4,1.62707,67.56869241999999,0.0,,265.562,0.969,118.125,0.431,0.688,0.003,0.0,0.0,1.18125,0.431,0.01032,0.0045,0.0,0.0,1.62707,0.0,0.0,7.875,0.0287393127285356,0.0,0.0,0.275625,0.1005875945498745,0.3762125945498746,111313,,,0.0013842233549048,Information
132491,1204.0,1169.3617,CMR,Cameroon,Est,4.317189803,0.0,0.42,0.81,1204.0,,,,,,,,,,,,,,,,,,,,,,,,,2.101,86.34379605999999,0.0,,92.438,7.905,22.0,1.881,0.0,0.0,0.0,0.0,0.22,1.881,0.0,0.0,0.0,0.0,2.101,0.0,0.0,1.828125,0.1563352896379031,0.0,0.0,0.063984375,0.5471735137326609,0.6111578887326609,4557,,,0.030618488728968,Information
132494,1207.0,2279.480645,CMR,Cameroon,Est,4.050665449,0.0,0.42,0.81,1207.0,,,,,,,,,,,,,,,,,,,,,,,,,1.41712,81.01330898,0.0,,35.0,1.535,26.312,1.154,0.0,0.0,0.0,0.0,0.26312,1.154,0.0,0.0,0.0,0.0,1.41712,0.0,0.0,1.265625,0.0555225157354065,0.0,0.0,0.044296875,0.1943288050739227,0.2386256800739227,5348,,,0.0047280102494069,Information
132495,1208.0,13465.37128,CMR,Cameroon,Est,2.258152521,0.0,0.42,0.81,1208.0,1208.0,0.0,15.0,-9999.0,-9999.0,-9999.0,0.0,1.0,-999.9,-999.9,-999.9,-5997.4,0.0,0.0,0.0,0.0,0.0,0.0,0.0,0.0,0.0,0.0,0.0,-5997.4,2.7904400000000003,45.16305042,0.0,,298.312,2.215,147.812,1.098,8.188,0.061,0.0,0.0,1.47812,1.098,0.12282,0.0915,0.0,0.0,2.7904400000000003,0.0,0.0,24.328125,0.1806717728222362,0.0,0.0,0.851484375,0.6323512048778267,1.4838355798778269,50733,,,0.0014498994436363,Information
132496,1209.0,1839.283622,CMR,Cameroon,Sud,0.506124469,0.0,0.42,0.81,1209.0,,,,,,,,,,,,,,,,,,,,,,,,,0.11712,10.12248938,0.0,,6.25,0.34,1.812,0.099,0.0,0.0,0.0,0.0,0.01812,0.099,0.0,0.0,0.0,0.0,0.11712,,,,,,,,,,40207,,,1.5367676947069854e-11,Information
132497,1210.0,425.2411953,CMR,Cameroon,Sud,4.042969116,0.0,0.42,0.81,1210.0,,,,,,,,,,,,,,,,,,,,,,,,,0.1073799999999999,80.85938232000001,0.0,,0.688,0.162,0.438,0.103,0.0,0.0,0.0,0.0,0.00438,0.103,0.0,0.0,0.0,0.0,0.1073799999999999,,,,,,,,,,6797,,,1.090589813811407e-07,Information
132499,1212.0,6900.946306,CMR,Cameroon,Est,3.234033851,0.0,0.42,0.81,1212.0,1212.0,0.0,15.0,-9999.0,-9999.0,-9999.0,0.0,1.0,-999.9,-999.9,-999.9,-5997.4,0.0,0.0,0.0,0.0,0.0,0.0,0.0,0.0,0.0,0.0,0.0,-5997.4,-5997.4,64.68067702,0.0,,,,,,,,,,,,,,,,,,,,,,,,,,35482,,,,
133561,1473.0,5378.74796,CMR,Cameroon,Sud,2.749348913,0.0,0.42,0.81,1473.0,,,,,,,,,,,,,,,,,,,,,,,,,6.065235035743514,54.98697826,0.0,,36.812,0.684,17.875,0.332,0.0,0.0,0.0,0.0,0.17875,0.332,0.0,0.0,0.0,0.0,0.51075,0.0,0.0,60.609375,1.1268305459267185,0.0,0.0,2.121328125,3.9439069107435145,6.065235035743514,32534,,,0.0225147639491113,Information
133562,1474.0,3254.690447,CMR,Cameroon,Sud,4.053498962,0.0,0.42,0.81,1474.0,,,,,,,,,,,,,,,,,,,,,,,,,1.58112,81.06997924,0.0,,81.125,2.493,38.812,1.193,0.0,0.0,0.0,0.0,0.3881199999999999,1.193,0.0,0.0,0.0,0.0,1.58112,0.0,0.0,1.96875,0.0604896235733143,0.0,0.0,0.06890625,0.2117136825066,0.2806199325066,169623,,,0.0065210870363079,Information
133563,1475.0,4651.965058,CMR,Cameroon,Sud,1.765440043,0.0,0.42,0.81,1475.0,,,,,,,,,,,,,,,,,,,,,,,,,1.5657102109034753,35.30880086,0.0,,25.062,0.539,11.5,0.247,0.0,0.0,0.0,0.0,0.115,0.247,0.0,0.0,0.0,0.0,0.362,0.0,0.0,14.203125,0.3053145245438501,0.0,0.0,0.497109375,1.068600835903475,1.5657102109034753,143085,,,9.91055413594857e-05,Information
133565,1477.0,1036.936192,CMR,Cameroon,Sud,3.1307046,0.0,0.42,0.81,1477.0,,,,,,,,,,,,,,,,,,,,,,,,,1.7287851305500228,62.614092,0.0,,1.938,0.187,1.25,0.121,0.0,0.0,0.0,0.0,0.0125,0.121,0.0,0.0,0.0,0.0,0.1335,0.0,0.0,4.640625,0.447532358728578,0.0,0.0,0.162421875,1.5663632555500229,1.7287851305500228,19841,,,0.0010564900211239,Information
133566,1478.0,6840.606863,CMR,Cameroon,Sud,2.533512431,0.0,0.42,0.81,1478.0,,,,,,,,,,,,,,,,,,,,,,,,,0.86425,50.67024862,0.0,,65.188,0.953,35.125,0.513,0.0,0.0,0.0,0.0,0.35125,0.513,0.0,0.0,0.0,0.0,0.86425,0.0,0.0,6.609375,0.0966197171182603,0.0,0.0,0.231328125,0.338169009913911,0.5694971349139111,47991,,,2.6226343019297536e-05,Information
133570,1482.0,9990.39121,CMR,Cameroon,Sud,4.036301552,2.037546808,0.42,0.81,1482.0,1482.0,0.0,12.0,-9999.0,-9999.0,-9999.0,0.0,1.0,-999.9,-999.9,-999.9,-5997.4,0.0,0.0,0.0,0.0,0.0,0.0,0.0,0.0,0.0,0.0,0.0,-5997.4,3.26488,80.72603104000001,40.75093616,,318.875,3.192,163.188,1.633,0.0,0.0,0.0,0.0,1.6318799999999998,1.633,0.0,0.0,0.0,0.0,3.26488,0.0,0.0,45.0,0.4504328114068702,0.0,0.0,1.575,1.5765148399240456,3.1515148399240456,321266,,,0.0379050088248188,Information
133580,1483.0,27949.42486,CMR,Cameroon,Centre,2.047558232,0.0,0.42,0.81,1483.0,1483.0,0.0,3.0,2.0,-9999.0,-9999.0,0.0,8.0,0.2,-999.9,-999.9,-4990.3,0.0,0.0,0.0,0.0,0.0,0.0,0.0,0.0,0.0,0.0,0.0,-4990.3,1.2496963726438015,40.95116464,0.0,,127.688,0.457,74.312,0.266,0.0,0.0,0.0,0.0,0.74312,0.266,0.0,0.0,0.0,0.0,1.00912,0.0,0.0,26.296875,0.0940873564696576,0.0,0.0,0.920390625,0.3293057476438016,1.2496963726438015,4945587,,,5.7755117345066354e-05,Information
133610,1485.0,10782.54257,CMR,Cameroon,Littoral,1.039082422,0.0,0.42,0.81,1485.0,1485.0,0.0,13.0,-9999.0,-9999.0,-9999.0,0.0,1.0,-999.9,-999.9,-999.9,-5997.4,0.0,0.0,0.0,0.0,0.0,0.0,0.0,0.0,0.0,0.0,0.0,-5997.4,13.157838094460942,20.78164844,0.0,,53.188,0.493,25.938,0.241,0.062,0.001,0.0,0.0,0.25938,0.241,0.0009299999999999,0.0015,0.0,0.0,0.50281,0.0,0.0,195.046875,1.8089135627031268,0.0,0.0,6.826640625,6.331197469460943,13.157838094460942,352829,,,0.0363116887430673,Information
133621,1486.0,359.740408,CMR,Cameroon,Centre,3.43857935,0.0,0.42,0.81,1486.0,1486.0,0.0,11.0,-9999.0,-9999.0,-9999.0,0.0,1.0,-999.9,-999.9,-999.9,-5997.4,0.0,0.0,0.0,0.0,0.0,0.0,0.0,0.0,0.0,0.0,0.0,-5997.4,18.85132457449846,68.771587,0.0,,,,,,,,,,,,,,,,,0.0,0.0,18.703125,5.199061485570988,0.0,0.0,0.654609375,18.19671519949846,18.85132457449846,32097,,,0.3068689144214931,Information
133622,1487.0,6882.732922,CMR,Cameroon,Centre,2.876350532,0.0,0.42,0.81,1487.0,,,,,,,,,,,,,,,,,,,,,,,,,0.18562,57.52701064,0.0,,23.375,0.34,7.562,0.11,0.0,0.0,0.0,0.0,0.07562,0.11,0.0,0.0,0.0,0.0,0.18562,,,,,,,,,,60281,,,2.7719317063202048e-08,Information
133624,1489.0,8827.426626,CMR,Cameroon,Ouest,1.397532876,0.0,0.42,0.81,1489.0,,,,,,,,,,,,,,,,,,,,,,,,,2.8658276877316826,27.95065752,0.0,,77.562,0.879,48.75,0.552,0.562,0.006,0.0,0.0,0.4875,0.552,0.00843,0.009,0.0,0.0,1.05693,0.0,0.0,38.390625,0.4349016607804807,0.0,0.0,1.343671875,1.5221558127316823,2.8658276877316826,1816497,,,0.0006309775229654,Information
133626,1491.0,6562.062875,CMR,Cameroon,Centre,2.263869824,0.0,0.42,0.81,1491.0,,,,,,,,,,,,,,,,,,,,,,,,,0.39588,45.27739648,0.0,,56.5,0.861,15.688,0.239,0.0,0.0,0.0,0.0,0.15688,0.239,0.0,0.0,0.0,0.0,0.39588,0.0,0.0,3.65625,0.0557179970637924,0.0,0.0,0.12796875,0.1950129897232734,0.3229817397232734,15424,,,4.134250000800329e-07,Information
133628,1493.0,3994.73118,CMR,Cameroon,Adamaoua,2.191315805,0.0,0.42,0.81,1493.0,1493.0,0.0,1.0,-9999.0,-9999.0,-9999.0,0.0,10.0,-999.9,-999.9,-999.9,-5979.4,0.0,0.0,0.0,0.0,0.0,0.0,0.0,0.0,0.0,0.0,0.0,-5979.4,1.965678250681571,43.8263161,0.0,,32.688,0.818,15.688,0.393,0.0,0.0,0.0,0.0,0.15688,0.393,0.0,0.0,0.0,0.0,0.54988,0.0,0.0,16.03125,0.4013098573375918,0.0,0.0,0.56109375,1.4045845006815711,1.965678250681571,219705,,,0.0004002656142951,Information
133629,1494.0,7374.033693,CMR,Cameroon,Adamaoua,2.708081511,0.0,0.42,0.81,1494.0,,,,,,,,,,,,,,,,,,,,,,,,,0.3235,54.16163022,0.0,,43.125,0.585,13.75,0.186,0.0,0.0,0.0,0.0,0.1375,0.186,0.0,0.0,0.0,0.0,0.3235,0.0,0.0,3.375,0.0457687086941037,0.0,0.0,0.118125,0.1601904804293629,0.2783154804293629,246308,,,3.641190059122515e-07,Information
133630,1495.0,28842.56771,CMR,Cameroon,Centre,1.400627909,0.0,0.42,0.81,1495.0,1495.0,0.0,15.0,-9999.0,-9999.0,-9999.0,0.0,1.0,-999.9,-999.9,-999.9,-5997.4,0.0,0.0,0.0,0.0,0.0,0.0,0.0,0.0,0.0,0.0,0.0,-5997.4,7.821437832582555,28.01255818,0.0,,81.75,0.283,30.438,0.106,0.0,0.0,0.0,0.0,0.30438,0.106,0.0,0.0,0.0,0.0,0.4103799999999999,0.0,0.0,165.9375,0.575321523595016,0.0,0.0,5.8078125,2.013625332582556,7.821437832582555,665945,,,0.0132221752880995,Information
133640,1496.0,20313.67948,CMR,Cameroon,Adamaoua,2.169503532,0.0,0.42,0.81,1496.0,1496.0,0.0,11.0,-9999.0,-9999.0,-9999.0,0.0,1.0,-999.9,-999.9,-999.9,-5997.4,0.0,0.0,0.0,0.0,0.0,0.0,0.0,0.0,0.0,0.0,0.0,-5997.4,7.690017359223242,43.39007064,0.0,,75.938,0.374,26.75,0.132,0.125,0.001,0.0,0.0,0.2675,0.132,0.001875,0.0015,0.0,0.0,0.402875,0.0,0.0,147.234375,0.7248040669209262,0.0,0.0,5.153203125,2.536814234223242,7.690017359223242,304129,,,0.0229527408386597,Information
133650,1497.0,10258.41096,CMR,Cameroon,Centre,2.973776978,0.0,0.42,0.81,1497.0,1497.0,0.0,9.0,-9999.0,-9999.0,-9999.0,0.0,2.0,-999.9,-999.9,-999.9,-5995.4,0.0,0.0,0.0,0.0,0.0,0.0,0.0,0.0,0.0,0.0,0.0,-5995.4,1.4774046153753153,59.47553956,0.0,,54.25,0.529,11.875,0.116,0.0,0.0,0.0,0.0,0.11875,0.116,0.0,0.0,0.0,0.0,0.23475,0.0,0.0,21.375,0.2083656043929472,0.0,0.0,0.748125,0.7292796153753153,1.4774046153753153,31188,,,0.0004637891594665,Information
133660,1498.0,8004.12971,CMR,Cameroon,Adamaoua,1.302142016,0.0,0.42,0.81,1498.0,,,,,,,,,,,,,,,,,,,,,,,,,0.6283799999999999,26.04284032,0.0,,95.688,1.195,27.938,0.349,0.0,0.0,0.0,0.0,0.2793799999999999,0.349,0.0,0.0,0.0,0.0,0.6283799999999999,0.0,0.0,7.03125,0.0878452780598125,0.0,0.0,0.24609375,0.3074584732093438,0.5535522232093437,190594,,,9.298748934225572e-07,Information
133701,1502.0,1117.211789,CMR,Cameroon,Littoral,3.716229854,2.606463407,0.42,0.81,1502.0,,,,,,,,,,,,,,,,,,,,,,,,,28.06374148716601,74.32459707999999,52.12926814,,2.312,0.207,2.062,0.185,0.125,0.011,0.0,0.0,0.02062,0.185,0.001875,0.0165,0.0,0.0,0.223995,0.0,0.0,80.578125,7.212430603476001,0.0,0.0,2.820234375,25.243507112166004,28.06374148716601,23047,,,0.5354371722347628,Advisory
133702,1503.0,2765.329268,CMR,Cameroon,Littoral,2.485109432,0.0,0.42,0.81,1503.0,,,,,,,,,,,,,,,,,,,,,,,,,2.9990912676506225,49.70218864,0.0,,4.0,0.145,4.0,0.145,0.0,0.0,0.0,0.0,0.04,0.145,0.0,0.0,0.0,0.0,0.185,0.0,0.0,18.5625,0.6712582193287493,0.0,0.0,0.6496875,2.3494037676506228,2.9990912676506225,404604,,,0.0024037860509841,Information
133703,1504.0,181.9152512,CMR,Cameroon,Littoral,3.709841735,0.0,0.42,0.81,1504.0,,,,,,,,,,,,,,,,,,,,,,,,,35.871171875,74.1968347,0.0,3.0,0.938,0.515,0.938,0.515,0.0,0.0,0.0,0.0,0.00938,0.515,0.0,0.0,0.0,0.0,0.5243800000000001,0.0,0.0,24.890625,13.682538896499494,0.0,0.0,0.871171875,35.0,35.871171875,1494641,46857.0,3.135000311111498,0.6290872182923744,Watch
133705,1506.0,116.4692387,CMR,Cameroon,Littoral,4.182500956,2.089461727,0.42,0.81,1506.0,,,,,,,,,,,,,,,,,,,,,,,,,35.684140625,83.65001912,41.78923454,3.0,0.188,0.161,0.188,0.161,0.0,0.0,0.0,0.0,0.00188,0.161,0.0,0.0,0.0,0.0,0.16288,0.0,0.0,19.546875,16.782864923017605,0.0,0.0,0.684140625,35.0,35.684140625,396498,5331.0,1.3445212838400193,0.7824456911645246,Watch
133706,1507.0,4243.178029,CMR,Cameroon,Sud-Ouest,2.330489749,0.0,0.42,0.81,1507.0,1507.0,0.0,11.0,-9999.0,-9999.0,-9999.0,0.0,1.0,-999.9,-999.9,-999.9,-5997.4,0.0,0.0,0.0,0.0,0.0,0.0,0.0,0.0,0.0,0.0,0.0,-5997.4,1.0408467207457472,46.60979498,0.0,,20.312,0.479,19.875,0.468,0.0,0.0,0.0,0.0,0.19875,0.468,0.0,0.0,0.0,0.0,0.6667500000000001,0.0,0.0,8.859375,0.2087910273559278,0.0,0.0,0.310078125,0.7307685957457473,1.0408467207457472,651253,,,4.115155892779805e-05,Information
133707,1508.0,7857.761626,CMR,Cameroon,Sud-Ouest,4.027255466,3.884256079,0.42,0.81,1508.0,,,,,,,,,,,,,,,,,,,,,,,,,38.75805640055006,80.54510932,77.68512158,3.0,17.125,0.218,15.188,0.193,0.188,0.002,0.0,0.0,0.15188,0.193,0.00282,0.003,0.0,0.0,0.3507,0.0,0.0,487.265625,6.201074150157161,0.0,0.0,17.054296875,21.703759525550065,38.75805640055006,915454,41032.0,4.482147655698703,0.7546639240691428,Watch
142284,1548.0,27661.33594,CMR,Cameroon,Nord,1.296375582,0.0,0.42,0.81,1548.0,1548.0,0.0,13.0,-9999.0,-9999.0,-9999.0,0.0,1.0,-999.9,-999.9,-999.9,-5997.4,0.0,0.0,0.0,0.0,0.0,0.0,0.0,0.0,0.0,0.0,0.0,-5997.4,0.60125,25.92751164,0.0,,166.562,0.602,44.125,0.16,0.0,0.0,0.0,0.0,0.44125,0.16,0.0,0.0,0.0,0.0,0.60125,0.0,0.0,9.421875,0.0340615327532591,0.0,0.0,0.329765625,0.1192153646364068,0.4489809896364068,397643,,,7.404771872685328e-07,Information
142286,1550.0,31901.39001,CMR,Cameroon,Nord,2.181483351,0.0,0.42,0.81,1550.0,1550.0,0.0,15.0,-9999.0,-9999.0,-9999.0,0.0,1.0,-999.9,-999.9,-999.9,-5997.4,0.0,0.0,0.0,0.0,0.0,0.0,0.0,0.0,0.0,0.0,0.0,-5997.4,0.6206126684026049,43.62966702,0.0,,86.812,0.272,15.625,0.049,0.0,0.0,0.0,0.0,0.15625,0.049,0.0,0.0,0.0,0.0,0.20525,0.0,0.0,13.5,0.0423179052578871,0.0,0.0,0.4725,0.1481126684026048,0.6206126684026049,1010432,,,3.2568316955725623e-06,Information
142287,1551.0,4616.64489,CMR,Cameroon,Nord,2.778341874,0.0,0.42,0.81,1551.0,1551.0,0.0,13.0,-9999.0,-9999.0,-9999.0,0.0,1.0,-999.9,-999.9,-999.9,-5997.4,0.0,0.0,0.0,0.0,0.0,0.0,0.0,0.0,0.0,0.0,0.0,-5997.4,-5997.4,55.56683748,0.0,,,,,,,,,,,,,,,,,,,,,,,,,,520834,,,,
142714,1707.0,5726.431107,CMR,Cameroon,Est,1.717715367,0.0,0.42,0.81,1707.0,,,,,,,,,,,,,,,,,,,,,,,,,0.189236432466432,34.35430734,0.0,,4.0,0.07,4.0,0.07,0.0,0.0,0.0,0.0,0.04,0.07,0.0,0.0,0.0,0.0,0.11,0.0,0.0,1.96875,0.0343800521332663,0.0,0.0,0.06890625,0.120330182466432,0.189236432466432,155064,,,2.4722385582771333e-09,Information
142715,1708.0,5558.857213,CMR,Cameroon,Est,3.967465694,0.0,0.42,0.81,1708.0,,,,,,,,,,,,,,,,,,,,,,,,,0.8127832928670462,79.34931388,0.0,,14.0,0.252,12.312,0.221,0.0,0.0,0.0,0.0,0.12312,0.221,0.0,0.0,0.0,0.0,0.34412,0.0,0.0,8.296875,0.1492550479620132,0.0,0.0,0.290390625,0.5223926678670462,0.8127832928670462,241141,,,0.0006081299381616,Information
142716,1709.0,15662.71549,CMR,Cameroon,Est,3.095291577,0.0,0.42,0.81,1709.0,1709.0,0.0,1.0,-9999.0,-9999.0,-9999.0,0.0,10.0,-999.9,-999.9,-999.9,-5979.4,0.0,0.0,0.0,0.0,0.0,0.0,0.0,0.0,0.0,0.0,0.0,-5979.4,-5979.4,61.90583154,0.0,,,,,,,,,,,,,,,,,,,,,,,,,,536038,,,,
142722,1714.0,12540.84015,CMR,Cameroon,Est,2.085623936,0.0,0.42,0.81,1714.0,1714.0,0.0,15.0,-9999.0,-9999.0,-9999.0,0.0,1.0,-999.9,-999.9,-999.9,-5997.4,0.0,0.0,0.0,0.0,0.0,0.0,0.0,0.0,0.0,0.0,0.0,-5997.4,0.152918974575744,41.71247872000001,0.0,,,,,,,,,,,,,,,,,0.421875,0.0033640090698716,2.25,0.0179413817059819,0.006328125,0.0050460136048074,0.07875,0.0627948359709366,0.152918974575744,876233,,,1.3972559131541263e-09,Information
142725,1717.0,5223.535485,CMR,Cameroon,Est,4.003877336,0.0,0.42,0.81,1717.0,1717.0,0.0,15.0,-9999.0,-9999.0,-9999.0,0.0,1.0,-999.9,-999.9,-999.9,-5997.4,0.0,0.0,0.0,0.0,0.0,0.0,0.0,0.0,0.0,0.0,0.0,-5997.4,0.5881192720995105,80.07754672000002,0.0,,,,,,,,,,,,,,,,,0.0,0.0,5.765625,0.1103778277427173,0.0,0.0,0.201796875,0.3863223970995105,0.5881192720995105,254694,,,0.000213609130915,Information
144207,1858.0,10758.76974,CMR,Cameroon,Est,3.691215144,0.0,0.42,0.81,1858.0,1858.0,0.0,15.0,-9999.0,-9999.0,-9999.0,0.0,1.0,-999.9,-999.9,-999.9,-5997.4,0.0,0.0,0.0,0.0,0.0,0.0,0.0,0.0,0.0,0.0,0.0,-5997.4,0.43338,73.82430288,0.0,,32.25,0.3,22.438,0.209,0.0,0.0,0.0,0.0,0.22438,0.209,0.0,0.0,0.0,0.0,0.43338,0.0,0.0,1.828125,0.0169919520961588,0.0,0.0,0.063984375,0.0594718323365558,0.1234562073365558,267245,,,2.057094150764455e-05,Information
144208,1859.0,6077.713239,CMR,Cameroon,Est,2.58583446,0.0,0.42,0.81,1859.0,,,,,,,,,,,,,,,,,,,,,,,,,2.484375,51.716689200000005,0.0,,137.125,2.256,93.0,1.53,0.625,0.01,0.0,0.0,0.93,1.53,0.009375,0.015,0.0,0.0,2.484375,,,,,,,,,,256245,,,0.0015032876840919,Information
162201,3010.0,2007.783892,CMR,Cameroon,Extrême-Nord,4.046923205,0.0,0.42,0.81,3010.0,,,,,,,,,,,,,,,,,,,,,,,,,46.364609375,80.93846409999999,0.0,3.0,82.25,4.097,51.062,2.543,22.812,1.136,0.5,0.025,0.51062,2.543,0.34218,1.7039999999999995,0.0125,0.0625,5.1748,0.0,0.0,324.703125,16.172214865871766,0.0,0.0,11.364609375,35.0,46.364609375,68132,1468.0,2.1546409910174367,0.8129619022215449,Warning
162203,3012.0,941.1090683,CMR,Cameroon,Extrême-Nord,2.249412388,0.0,0.42,0.81,3012.0,,,,,,,,,,,,,,,,,,,,,,,,,32.959032330088206,44.98824776,0.0,,10.0,1.063,7.375,0.784,6.0,0.638,0.0,0.0,0.07375,0.784,0.09,0.957,0.0,0.0,1.90475,0.0,0.0,81.0,8.606866380025203,0.0,0.0,2.835,30.12403233008821,32.959032330088206,64191,,,0.3042270076119137,Information
162603,3048.0,10004.46036,CMR,Cameroon,Extrême-Nord,4.238579282,0.0,0.42,0.81,3048.0,3048.0,0.0,1.0,-9999.0,-9999.0,-9999.0,0.0,10.0,-999.9,-999.9,-999.9,-5984.066666666666,0.0,0.0,0.0,0.0,0.0,0.0,0.0,0.0,0.0,0.0,0.0,-5984.066666666666,3.542960031608408,84.77158564,0.0,,,,,,,,,,,,,,,,,0.0,0.0,50.625,0.5060242947452592,0.0,0.0,1.771875,1.7710850316084072,3.542960031608408,985986,,,0.0723926425095583,Information
162608,3053.0,8096.541933,CMR,Cameroon,Nord,1.388019737,0.0,0.42,0.81,3053.0,3053.0,0.0,15.0,-9999.0,-9999.0,-9999.0,0.0,1.0,-999.9,-999.9,-999.9,-5997.4,0.0,0.0,0.0,0.0,0.0,0.0,0.0,0.0,0.0,0.0,0.0,-5997.4,-5997.4,27.76039474,0.0,,,,,,,,,,,,,,,,,,,,,,,,,,201271,,,,
132869,1357.0,4966.155462,RWA,Rwanda,Iburengerazuba,2.855386577,0.0,0.45,0.76,1357.0,1357.0,0.0,1.0,-9999.0,-9999.0,-9999.0,0.0,10.0,-999.9,-999.9,-999.9,-5979.4,0.0,0.0,0.0,0.0,0.0,0.0,0.0,0.0,0.0,0.0,0.0,-5979.4,17.369104031495645,57.10773154,0.0,,12.125,0.244,8.125,0.164,0.375,0.008,0.375,0.008,0.08125,0.164,0.005625,0.012,0.009375,0.02,0.29225,0.0,0.0,164.671875,3.315882401855899,0.0,0.0,5.763515625,11.605588406495649,17.369104031495645,2911306,,,0.1829980745854086,Information
172995,3488.0,6712.10161,RWA,Rwanda,Iburasirazuba,3.060039293,0.0,0.45,0.76,3488.0,,,,,,,,,,,,,,,,,,,,,,,,,13.173815875193268,61.20078586,0.0,,13.875,0.207,11.062,0.165,0.375,0.006,0.0,0.0,0.11062,0.165,0.005625,0.009,0.0,0.0,0.290245,0.0,0.0,151.171875,2.2522286429123617,0.0,0.0,5.291015625,7.882800250193266,13.173815875193268,1281142,,,0.1400335143773108,Information
172997,3490.0,4565.790227,RWA,Rwanda,Iburasirazuba,1.976715389,0.0,0.45,0.76,3490.0,3490.0,0.0,1.0,-9999.0,-9999.0,-9999.0,0.0,10.0,-999.9,-999.9,-999.9,-5979.4,0.0,0.0,0.0,0.0,0.0,0.0,0.0,0.0,0.0,0.0,0.0,-5979.4,15.15221032448075,39.53430778,0.0,,27.875,0.611,13.75,0.301,2.0,0.044,0.625,0.014,0.1375,0.301,0.03,0.066,0.015625,0.035,0.585125,0.0,0.0,135.703125,2.9721716998516428,0.0,0.0,4.749609375,10.40260094948075,15.15221032448075,2668993,,,0.0831899883259922,Information
172998,3491.0,5417.980343,RWA,Rwanda,Amajyepfo,2.005314401,0.0,0.45,0.76,3491.0,3491.0,0.0,1.0,-9999.0,-9999.0,-9999.0,0.0,10.0,-999.9,-999.9,-999.9,-5979.4,0.0,0.0,0.0,0.0,0.0,0.0,0.0,0.0,0.0,0.0,0.0,-5979.4,9.58024783468894,40.10628802,0.0,,16.75,0.309,7.688,0.142,2.062,0.038,0.562,0.01,0.07688,0.142,0.03093,0.0569999999999999,0.01405,0.025,0.34586,0.0,0.0,96.1875,1.7753386670539828,0.0,0.0,3.3665625,6.21368533468894,9.58024783468894,2824507,,,0.0334110971388435,Information
172999,3492.0,8545.858024,RWA,Rwanda,Amajyepfo,4.085522358,0.0,0.45,0.76,3492.0,3492.0,0.0,4.0,-9999.0,-9999.0,-9999.0,0.0,7.0,-999.9,-999.9,-999.9,-5981.9,0.0,0.0,0.0,0.0,0.0,0.0,0.0,0.0,0.0,0.0,0.0,-5981.9,4.859966031527085,81.71044716,0.0,,6.625,0.078,4.188,0.049,0.625,0.007,0.25,0.003,0.04188,0.049,0.009375,0.0105,0.00625,0.0075,0.124505,0.0,0.0,63.984375,0.7487179732934528,0.0,0.0,2.239453125,2.6205129065270847,4.859966031527085,5780766,,,0.0925360723354367,Information
133301,1428.0,9232.202516,GAB,Gabon,Nyanga,2.411866509,0.0,0.57,0.6,1428.0,,,,,,,,,,,,,,,,,,,,,,,,,1.9378318290497136,48.23733018,0.0,,16.062,0.174,9.312,0.101,0.75,0.008,0.0,0.0,0.09312,0.101,0.01125,0.012,0.0,0.0,0.21737,0.0,0.0,26.578125,0.2878849868713468,0.0,0.0,0.930234375,1.0075974540497137,1.9378318290497136,17556,,,0.0005097318230443,Information
133410,1436.0,10677.48422,GAB,Gabon,Moyen-Ogooué,4.005068893,0.0,0.57,0.6,1436.0,1436.0,0.0,15.0,-9999.0,-9999.0,-9999.0,0.0,1.0,-999.9,-999.9,-999.9,-5997.4,0.0,0.0,0.0,0.0,0.0,0.0,0.0,0.0,0.0,0.0,0.0,-5997.4,6.452797082394081,80.10137786,0.0,,17.812,0.167,15.375,0.144,0.438,0.004,0.062,0.001,0.15375,0.144,0.00657,0.006,0.00155,0.0025,0.31437,0.0,0.0,95.203125,0.8916250592554517,0.0,0.0,3.332109375,3.120687707394081,6.452797082394081,76385,,,0.1300538103747701,Information
133423,1439.0,2151.577402,GAB,Gabon,Ngounié,4.024287773,0.0,0.57,0.6,1439.0,1439.0,0.0,1.0,-9999.0,-9999.0,-9999.0,0.0,10.0,-999.9,-999.9,-999.9,-5979.4,0.0,0.0,0.0,0.0,0.0,0.0,0.0,0.0,0.0,0.0,0.0,-5979.4,0.4169630033293595,80.48575546000001,0.0,,,,,,,,,,,,,,,,,0.0,0.0,2.109375,0.0980385366655313,0.0,0.0,0.073828125,0.3431348783293595,0.4169630033293595,9912,,,6.0054767370033935e-05,Information
133425,1441.0,7289.951204,GAB,Gabon,Ngounié,3.618906901,0.0,0.57,0.6,1441.0,,,,,,,,,,,,,,,,,,,,,,,,,2.836651606712846,72.37813802,0.0,,5.438,0.075,5.438,0.075,0.0,0.0,0.0,0.0,0.05438,0.075,0.0,0.0,0.0,0.0,0.12938,0.0,0.0,34.171875,0.4687531376322417,0.0,0.0,1.196015625,1.640635981712846,2.836651606712846,47369,,,0.0114235071243124,Information
133430,1446.0,13002.81305,GAB,Gabon,Estuaire,2.758387249,0.0,0.57,0.6,1446.0,,,,,,,,,,,,,,,,,,,,,,,,,5.938251482356771,55.16774498,0.0,,116.25,0.894,28.625,0.22,6.0,0.046,0.0,0.0,0.28625,0.22,0.09,0.069,0.0,0.0,0.6652499999999999,0.0,0.0,95.90625,0.7375807806733629,0.0,0.0,3.35671875,2.58153273235677,5.938251482356771,61353,,,0.0216133371868892,Information
133440,1447.0,11282.48172,GAB,Gabon,Wouleu-Ntem,3.216658702,0.0,0.57,0.6,1447.0,,,,,,,,,,,,,,,,,,,,,,,,,0.9469965176866558,64.33317404,0.0,,13.625,0.121,9.938,0.088,0.0,0.0,0.0,0.0,0.09938,0.088,0.0,0.0,0.0,0.0,0.18738,0.0,0.0,14.34375,0.1271329336247588,0.0,0.0,0.50203125,0.4449652676866558,0.9469965176866558,50981,,,0.0001424365630903,Information
133450,1448.0,17392.57476,GAB,Gabon,Ogooué-Ivindo,2.750764153,0.0,0.57,0.6,1448.0,,,,,,,,,,,,,,,,,,,,,,,,,3.108450309179145,55.01528306,0.0,,6.812,0.039,6.625,0.038,0.125,0.001,0.0,0.0,0.06625,0.038,0.001875,0.0015,0.0,0.0,0.107625,0.0,0.0,56.390625,0.3242224097654699,0.0,0.0,1.973671875,1.1347784341791447,3.108450309179145,35307,,,0.0037678028932036,Information
133463,1451.0,9668.865353,GAB,Gabon,Ogooué-Lolo,4.021019955,0.0,0.57,0.6,1451.0,,,,,,,,,,,,,,,,,,,,,,,,,1.892326969174573,80.4203991,0.0,,36.125,0.374,8.0,0.083,0.0,0.0,0.0,0.0,0.08,0.083,0.0,0.0,0.0,0.0,0.163,0.0,0.0,26.578125,0.2748835983355923,0.0,0.0,0.930234375,0.962092594174573,1.892326969174573,36532,,,0.0097278890818494,Information
133464,1452.0,10092.22611,GAB,Gabon,Haut-Ogooué,2.785132062,0.0,0.57,0.6,1452.0,,,,,,,,,,,,,,,,,,,,,,,,,0.5879263363555522,55.702641240000005,0.0,,84.875,0.841,20.062,0.199,0.0,0.0,0.0,0.0,0.20062,0.199,0.0,0.0,0.0,0.0,0.39962,0.0,0.0,8.4375,0.0836039532444435,0.0,0.0,0.2953125,0.2926138363555522,0.5879263363555522,61911,,,7.72830262904697e-06,Information
133465,1453.0,2319.892957,GAB,Gabon,Ogooué-Lolo,2.384911179,0.0,0.57,0.6,1453.0,,,,,,,,,,,,,,,,,,,,,,,,,2.5092319042818816,47.69822358,0.0,,24.562,1.059,5.562,0.24,0.0,0.0,0.0,0.0,0.05562,0.24,0.0,0.0,0.0,0.0,0.29562,0.0,0.0,13.5,0.5819234012233947,0.0,0.0,0.4725,2.036731904281881,2.5092319042818816,13574,,,0.0011945146756499,Information
133467,1455.0,7851.700884,GAB,Gabon,Haut-Ogooué,2.12742419,0.0,0.57,0.6,1455.0,,,,,,,,,,,,,,,,,,,,,,,,,2.39025,42.5484838,0.0,,232.125,2.956,105.125,1.339,0.0,0.0,0.0,0.0,1.05125,1.339,0.0,0.0,0.0,0.0,2.39025,0.0,0.0,16.734375,0.213130571932939,0.0,0.0,0.585703125,0.7459570017652865,1.3316601267652866,289490,,,0.0007375363104052,Information
133472,1459.0,9994.407925,GAB,Gabon,Ogooué-Ivindo,3.275760875,0.0,0.57,0.6,1459.0,,,,,,,,,,,,,,,,,,,,,,,,,0.8960318539528709,65.5152175,0.0,,34.688,0.347,25.938,0.26,0.0,0.0,0.0,0.0,0.25938,0.26,0.0,0.0,0.0,0.0,0.51938,0.0,0.0,12.796875,0.1280403511293917,0.0,0.0,0.447890625,0.4481412289528709,0.8960318539528709,6648,,,0.0001309683963971,Information
133473,1460.0,3309.344909,GAB,Gabon,Ogooué-Ivindo,1.319159244,0.0,0.57,0.6,1460.0,1460.0,0.0,15.0,2.0,-9999.0,-9999.0,0.0,1.0,0.2,-999.9,-999.9,-3997.2,0.0,0.0,0.0,0.0,0.0,0.0,0.0,0.0,0.0,0.0,0.0,-3997.2,6.39363366709258,26.38318488,0.0,,,,,,,,,,,,,,,,,0.0,0.0,45.421875,1.3725337263121655,0.0,0.0,1.589765625,4.80386804209258,6.39363366709258,14661,,,0.0072713597323963,Information
133476,1463.0,6990.144966,GAB,Gabon,Ogooué-Ivindo,2.492772141,0.0,0.57,0.6,1463.0,,,,,,,,,,,,,,,,,,,,,,,,,0.14275,49.85544282,0.0,,9.25,0.132,5.875,0.084,0.0,0.0,0.0,0.0,0.05875,0.084,0.0,0.0,0.0,0.0,0.14275,,,,,,,,,,12669,,,2.2925499152652926e-09,Information
133477,1464.0,2822.057133,GAB,Gabon,Ogooué-Ivindo,3.761122877,0.0,0.57,0.6,1464.0,1464.0,0.0,12.0,2.0,-9999.0,-9999.0,0.0,1.0,0.2,-999.9,-999.9,-3997.2,0.0,0.0,0.0,0.0,0.0,0.0,0.0,0.0,0.0,0.0,0.0,-3997.2,1.6548331239877752,75.22245754,0.0,,29.812,1.056,3.688,0.131,0.0,0.0,0.0,0.0,0.03688,0.131,0.0,0.0,0.0,0.0,0.16788,0.0,0.0,10.40625,0.3687469639965072,0.0,0.0,0.36421875,1.2906143739877751,1.6548331239877752,8831,,,0.0034025176716987,Information
133479,1466.0,5615.711853,GAB,Gabon,Wouleu-Ntem,4.023083356,0.0,0.57,0.6,1466.0,,,,,,,,,,,,,,,,,,,,,,,,,2.5319742181157774,80.46166712,0.0,,61.125,1.088,35.438,0.631,0.0,0.0,0.0,0.0,0.35438,0.631,0.0,0.0,0.0,0.0,0.98538,0.0,0.0,26.015625,0.4632649551759364,0.0,0.0,0.910546875,1.6214273431157775,2.5319742181157774,2300,,,0.0205074671888109,Information
133490,1468.0,14453.74095,GAB,Gabon,Wouleu-Ntem,2.972550746,0.0,0.57,0.6,1468.0,,,,,,,,,,,,,,,,,,,,,,,,,4.879701276065024,59.45101492,0.0,,939.125,6.497,275.062,1.903,0.0,0.0,0.0,0.0,2.75062,1.903,0.0,0.0,0.0,0.0,4.65362,0.0,0.0,82.40625,0.5701378645900069,0.0,0.0,2.88421875,1.995482526065024,4.879701276065024,23323,,,0.0171118230746958,Information
133520,1469.0,7449.483789,GAB,Gabon,Estuaire,0.852059173,0.0,0.57,0.6,1469.0,,,,,,,,,,,,,,,,,,,,,,,,,6.144891133693769,17.04118346,0.0,,11.688,0.157,10.875,0.146,0.125,0.002,0.0,0.0,0.10875,0.146,0.001875,0.003,0.0,0.0,0.259625,0.0,0.0,74.953125,1.0061519310553626,0.0,0.0,2.623359375,3.521531758693769,6.144891133693769,30035,,,0.0046243285983691,Information
133564,1476.0,2699.602228,GAB,Gabon,Wouleu-Ntem,3.37549929,0.0,0.57,0.6,1476.0,,,,,,,,,,,,,,,,,,,,,,,,,0.18538,67.5099858,0.0,,4.438,0.164,3.938,0.146,0.0,0.0,0.0,0.0,0.03938,0.146,0.0,0.0,0.0,0.0,0.18538,0.0,0.0,0.703125,0.0260455037633049,0.0,0.0,0.024609375,0.0911592631715671,0.1157686381715671,196881,,,1.1939930164059024e-07,Information
133568,1480.0,2679.95749,GAB,Gabon,Wouleu-Ntem,0.024348921,0.0,0.57,0.6,1480.0,,,,,,,,,,,,,,,,,,,,,,,,,0.395885316169358,0.4869784199999999,0.0,,4.812,0.18,3.875,0.145,0.0,0.0,0.0,0.0,0.03875,0.145,0.0,0.0,0.0,0.0,0.18375,0.0,0.0,2.390625,0.0892038403341023,0.0,0.0,0.083671875,0.312213441169358,0.395885316169358,119839,,,1.629514614821679e-08,Information
133569,1481.0,4249.456117,GAB,Gabon,Wouleu-Ntem,2.809486058,0.0,0.57,0.6,1481.0,,,,,,,,,,,,,,,,,,,,,,,,,2.84575,56.189721160000005,0.0,,195.562,4.602,84.875,1.997,0.0,0.0,0.0,0.0,0.84875,1.997,0.0,0.0,0.0,0.0,2.84575,0.0,0.0,15.609375,0.3673264193995368,0.0,0.0,0.546328125,1.2856424678983789,1.831970592898379,28368,,,0.0031281049585823,Information
133309,16042.0,299.8387936,GAB,Gabon,Ogooué-Maritime,4.060610488,0.0,0.57,0.6,16042.0,,,,,,,,,,,,,,,,,,,,,,,,,36.186171875,81.21220976000001,0.0,3.0,13.875,4.627,11.562,3.856,0.125,0.042,0.0,0.0,0.11562,3.856,0.001875,0.063,0.0,0.0,4.036495,0.0,0.0,33.890625,11.302948691736804,0.0,0.0,1.186171875,35.0,36.186171875,625,93.0,14.879999999999999,0.743917353957765,Watch
133510,16043.0,19196.78248,GAB,Gabon,Estuaire,3.434262145,0.217824744,0.57,0.6,16043.0,,,,,,,,,,,,,,,,,,,,,,,,,17.71135836691843,68.68524289999999,4.35649488,,232.0,1.209,168.188,0.876,1.312,0.007,0.0,0.0,1.6818799999999998,0.876,0.01968,0.0105,0.0,0.0,2.58806,0.0,0.0,332.71875,1.7332006048338369,0.0,0.0,11.64515625,6.066202116918429,17.71135836691843,1353623,,,0.2843784228232839,Information
133530,1470.0,1962.619685,GNQ,Equatorial Guinea,Litoral,1.952131711,0.0,0.47,0.74,1470.0,,,,,,,,,,,,,,,,,,,,,,,,,14.459982368679634,39.04263422,0.0,,9.812,0.5,9.812,0.5,0.125,0.006,0.125,0.006,0.09812,0.5,0.001875,0.009,0.003125,0.015,0.62712,0.0,0.0,67.78125,3.4536110339084667,0.0,0.0,2.37234375,12.087638618679634,14.459982368679634,48302,,,0.0751050576614797,Information
133540,1471.0,13589.90745,GNQ,Equatorial Guinea,Wele-Nzas,0.730712884,0.0,0.47,0.74,1471.0,,,,,,,,,,,,,,,,,,,,,,,,,1.930850980024747,14.61425768,0.0,,77.062,0.567,40.75,0.3,1.0,0.007,0.0,0.0,0.4075,0.3,0.015,0.0105,0.0,0.0,0.733,0.0,0.0,31.78125,0.2338592085784992,0.0,0.0,1.11234375,0.8185072300247472,1.930850980024747,343869,,,7.556103379170331e-05,Information
134000,16044.0,3136.39353,GNQ,Equatorial Guinea,Bioko Sur,0.592112272,0.0,0.47,0.74,16044.0,,,,,,,,,,,,,,,,,,,,,,,,,6.7616085485179225,11.84224544,0.0,,2.312,0.074,2.125,0.068,0.25,0.008,0.0,0.0,0.02125,0.068,0.00375,0.012,0.0,0.0,0.105,0.0,0.0,46.125,1.4706381567194065,0.0,0.0,1.614375,5.147233548517923,6.7616085485179225,587435,,,0.0051163194820514,Information
133708,1509.0,2449.747181,NGA,Nigeria,Cross River,0.874792781,3.852724155,0.39,0.85,1509.0,,,,,,,,,,,,,,,,,,,,,,,,,5.678004110759932,17.49585562,77.0544831,,4.062,0.166,3.312,0.135,0.0,0.0,0.0,0.0,0.03312,0.135,0.0,0.0,0.0,0.0,0.16812,0.0,0.0,31.921875,1.303068138788552,0.0,0.0,1.117265625,4.5607384857599325,5.678004110759932,100250,,,0.081278560824213,Information
133709,1510.0,3776.535988,NGA,Nigeria,Cross River,2.321973953,3.961525032,0.39,0.85,1510.0,,,,,,,,,,,,,,,,,,,,,,,,,16.392596945375182,46.43947906,79.23050064,,2.938,0.078,2.875,0.076,0.0,0.0,0.0,0.0,0.02875,0.076,0.0,0.0,0.0,0.0,0.10475,0.0,0.0,128.390625,3.399692877250051,0.0,0.0,4.493671875,11.89892507037518,16.392596945375182,1057329,,,0.4064619499938092,Advisory
133804,1514.0,16404.36738,NGA,Nigeria,Benue,1.2570571,0.0,0.39,0.85,1514.0,,,,,,,,,,,,,,,,,,,,,,,,,0.2535,25.141142,0.0,,17.5,0.107,15.75,0.096,0.0,0.0,0.0,0.0,0.1575,0.096,0.0,0.0,0.0,0.0,0.2535,0.0,0.0,3.375,0.0205737894231857,0.0,0.0,0.118125,0.0720082629811499,0.1901332629811499,4217814,,,6.426945278946085e-09,Information
133900,1520.0,264.687205,NGA,Nigeria,Akwa Ibom,1.090667996,0.0,0.39,0.85,1520.0,,,,,,,,,,,,,,,,,,,,,,,,,15.842417123066337,21.813359920000003,0.0,,6.438,2.432,5.438,2.054,0.0,0.0,0.0,0.0,0.05438,2.054,0.0,0.0,0.0,0.0,2.10838,0.0,0.0,11.671875,4.409686142304667,0.0,0.0,0.408515625,15.433901498066335,15.842417123066337,302879,,,0.0551988857774947,Information
142100,1521.0,29527.29196,NGA,Nigeria,Kogi,2.56436148,0.024374788,0.39,0.85,1521.0,1521.0,0.0,15.0,-9999.0,-9999.0,-9999.0,0.0,1.0,-999.9,-999.9,-999.9,-5330.666666666666,0.0,0.0,0.0,0.0,0.0,0.0,0.0,0.0,0.0,0.0,0.0,-5330.666666666666,8.354554118997054,51.2872296,0.48749576,,237.625,0.805,213.25,0.722,0.75,0.003,0.0,0.0,2.1325,0.722,0.01125,0.0045,0.0,0.0,2.87025,0.0,0.0,178.3125,0.6038904625705868,0.0,0.0,6.2409375,2.1136166189970536,8.354554118997054,10517155,,,0.0389389099297016,Information
142211,1522.0,3773.347487,NGA,Nigeria,Kogi,2.66394939,0.0,0.39,0.85,1522.0,1522.0,0.0,12.0,-9999.0,-9999.0,-9999.0,0.0,1.0,-999.9,-999.9,-999.9,-5997.4,0.0,0.0,0.0,0.0,0.0,0.0,0.0,0.0,0.0,0.0,0.0,-5997.4,1.08388,53.2789878,0.0,,29.875,0.792,29.688,0.787,0.0,0.0,0.0,0.0,0.29688,0.787,0.0,0.0,0.0,0.0,1.08388,0.0,0.0,6.46875,0.1714326608428635,0.0,0.0,0.22640625,0.6000143129500222,0.8264205629500222,335014,,,8.372667308992652e-05,Information
142212,1523.0,10582.5276,NGA,Nigeria,Nassarawa,1.371154485,0.0,0.39,0.85,1523.0,,,,,,,,,,,,,,,,,,,,,,,,,0.9965,27.4230897,0.0,,62.938,0.595,51.25,0.484,0.0,0.0,0.0,0.0,0.5125,0.484,0.0,0.0,0.0,0.0,0.9965,0.0,0.0,4.078125,0.0385363984385853,0.0,0.0,0.142734375,0.1348773945350485,0.2776117695350485,1262355,,,9.008250246771324e-06,Information
142217,1528.0,3013.758269,NGA,Nigeria,Benue,1.601864722,0.0,0.39,0.85,1528.0,1528.0,0.0,12.0,-9999.0,-9999.0,-9999.0,0.0,1.0,-999.9,-999.9,-999.9,-5997.4,0.0,0.0,0.0,0.0,0.0,0.0,0.0,0.0,0.0,0.0,0.0,-5997.4,0.1700258236109446,32.03729444,0.0,,,,,,,,,,,,,,,,,0.0,0.0,1.125,0.0373288067459842,0.0,0.0,0.039375,0.1306508236109446,0.1700258236109446,732081,,,1.0442873115910607e-09,Information
142220,1531.0,23112.33178,NGA,Nigeria,Taraba,1.65312817,0.0,0.39,0.85,1531.0,1531.0,0.0,8.0,-9999.0,-9999.0,-9999.0,0.0,3.0,-999.9,-999.9,-999.9,-5994.4,0.0,0.0,0.0,0.0,0.0,0.0,0.0,0.0,0.0,0.0,0.0,-5994.4,3.5680185074462347,33.0625634,0.0,,,,,,,,,,,,,,,,,0.0,0.0,71.15625,0.3078713592703529,0.0,0.0,2.49046875,1.0775497574462352,3.5680185074462347,3254366,,,0.0016853006421268,Information
142230,1532.0,24360.38712,NGA,Nigeria,Plateau,1.8452983,0.0,0.39,0.85,1532.0,1532.0,0.0,14.0,-9999.0,-9999.0,-9999.0,0.0,1.0,-999.9,-999.9,-999.9,-5997.4,0.0,0.0,0.0,0.0,0.0,0.0,0.0,0.0,0.0,0.0,0.0,-5997.4,0.3679428025893956,36.905966,0.0,,34.062,0.14,12.25,0.05,0.438,0.002,0.0,0.0,0.1225,0.05,0.00657,0.003,0.0,0.0,0.1820699999999999,0.0,0.0,7.453125,0.0305952650255416,0.0,0.0,0.260859375,0.1070834275893956,0.3679428025893956,2812655,,,1.341499928255358e-07,Information
142240,1533.0,20018.48916,NGA,Nigeria,Taraba,2.114695181,0.0,0.39,0.85,1533.0,,,,,,,,,,,,,,,,,,,,,,,,,0.6568680215459768,42.29390362,0.0,,37.188,0.186,24.562,0.123,0.0,0.0,0.0,0.0,0.24562,0.123,0.0,0.0,0.0,0.0,0.36862,0.0,0.0,12.515625,0.0625203275845648,0.0,0.0,0.438046875,0.2188211465459767,0.6568680215459768,1260175,,,3.809227340046747e-06,Information
142250,1534.0,6770.874633,NGA,Nigeria,Plateau,1.40280043,0.0,0.39,0.85,1534.0,,,,,,,,,,,,,,,,,,,,,,,,,0.68425,28.0560086,0.0,,46.875,0.692,27.625,0.408,0.0,0.0,0.0,0.0,0.27625,0.408,0.0,0.0,0.0,0.0,0.68425,0.0,0.0,5.34375,0.0789225955260944,0.0,0.0,0.18703125,0.2762290843413304,0.4632603343413304,795221,,,1.6173906981957282e-06,Information
142260,1535.0,22120.18135,NGA,Nigeria,Taraba,2.660521836,0.0,0.39,0.85,1535.0,,,,,,,,,,,,,,,,,,,,,,,,,1.65662,53.21043672,0.0,,456.125,2.062,114.062,0.516,0.0,0.0,0.0,0.0,1.14062,0.516,0.0,0.0,0.0,0.0,1.65662,0.0,0.0,4.359375,0.0197076820086607,0.0,0.0,0.152578125,0.0689768870303124,0.2215550120303124,551534,,,0.0004175653629673,Information
142271,1536.0,1117.802673,NGA,Nigeria,Taraba,2.278492506,0.0,0.39,0.85,1536.0,,,,,,,,,,,,,,,,,,,,,,,,,0.57812,45.56985012,0.0,,5.812,0.52,5.812,0.52,0.0,0.0,0.0,0.0,0.05812,0.52,0.0,0.0,0.0,0.0,0.57812,0.0,0.0,0.421875,0.0377414556457892,0.0,0.0,0.014765625,0.1320950947602622,0.1468607197602622,45412,,,2.7481708312101374e-06,Information
142272,1537.0,2465.043129,NGA,Nigeria,Plateau,1.009057073,0.0,0.39,0.85,1537.0,,,,,,,,,,,,,,,,,,,,,,,,,0.66688,20.18114146,0.0,,32.875,1.334,13.188,0.535,0.0,0.0,0.0,0.0,0.13188,0.535,0.0,0.0,0.0,0.0,0.66688,,,,,,,,,,51481,,,8.553413054280313e-07,Information
142273,1538.0,2123.12976,NGA,Nigeria,Plateau,2.116311671,0.0,0.39,0.85,1538.0,,,,,,,,,,,,,,,,,,,,,,,,,6.83025,42.32623342,0.0,,230.312,10.848,119.625,5.634,0.0,0.0,0.0,0.0,1.19625,5.634,0.0,0.0,0.0,0.0,6.83025,0.0,0.0,0.84375,0.0397408587966875,0.0,0.0,0.02953125,0.1390930057884062,0.1686242557884062,95640,,,0.0164442775493694,Information
142274,1539.0,15291.14335,NGA,Nigeria,Bauchi,1.664587372,0.0,0.39,0.85,1539.0,,,,,,,,,,,,,,,,,,,,,,,,,1.8735,33.29174744,0.0,,455.875,2.981,113.25,0.741,0.0,0.0,0.0,0.0,1.1325,0.741,0.0,0.0,0.0,0.0,1.8735,,,,,,,,,,1090086,,,0.0001767810109943,Information
142275,1540.0,282.0804813,NGA,Nigeria,Taraba,4.001217608,0.0,0.39,0.85,1540.0,,,,,,,,,,,,,,,,,,,,,,,,,0.77425,80.02435216,0.0,,95.438,33.833,2.125,0.753,0.0,0.0,0.0,0.0,0.02125,0.753,0.0,0.0,0.0,0.0,0.77425,,,,,,,,,,9677,,,0.0005762658616539,Information
142277,1542.0,11724.48702,NGA,Nigeria,Taraba,3.765091235,0.0,0.39,0.85,1542.0,,,,,,,,,,,,,,,,,,,,,,,,,1.8969225301590824,75.3018247,0.0,,409.375,3.492,15.062,0.128,0.0,0.0,0.0,0.0,0.15062,0.128,0.0,0.0,0.0,0.0,0.27862,0.0,0.0,29.25,0.2494778657597379,0.0,0.0,1.02375,0.8731725301590827,1.8969225301590824,1087510,,,0.0051365828887014,Information
142278,1543.0,2677.16359,NGA,Nigeria,Taraba,0.163356612,0.0,0.39,0.85,1543.0,,,,,,,,,,,,,,,,,,,,,,,,,0.304875,3.2671322400000005,0.0,,15.438,0.577,2.875,0.107,2.375,0.089,0.0,0.0,0.02875,0.107,0.035625,0.1335,0.0,0.0,0.304875,,,,,,,,,,333314,,,4.210516798441105e-09,Information
142283,1547.0,10153.96124,NGA,Nigeria,Adamawa,2.245273203,0.0,0.39,0.85,1547.0,1547.0,0.0,15.0,-9999.0,-9999.0,-9999.0,0.0,1.0,-999.9,-999.9,-999.9,-5997.4,0.0,0.0,0.0,0.0,0.0,0.0,0.0,0.0,0.0,0.0,0.0,-5997.4,0.6349928777756131,44.90546406,0.0,,9.562,0.094,6.938,0.068,0.0,0.0,0.0,0.0,0.06938,0.068,0.0,0.0,0.0,0.0,0.13738,0.0,0.0,9.140625,0.090020286507318,0.0,0.0,0.319921875,0.315071002775613,0.6349928777756131,1613889,,,4.037381056741075e-06,Information
142292,1555.0,11582.4244,NGA,Nigeria,Borno,2.041270007,0.0,0.39,0.85,1555.0,,,,,,,,,,,,,,,,,,,,,,,,,0.8712743710853843,40.82540014,0.0,,72.812,0.629,33.438,0.289,0.0,0.0,0.0,0.0,0.33438,0.289,0.0,0.0,0.0,0.0,0.62338,0.0,0.0,13.359375,0.1153417845958241,0.0,0.0,0.467578125,0.4036962460853843,0.8712743710853843,995486,,,1.23080640797873e-05,Information
142295,1558.0,11515.13977,NGA,Nigeria,Gombe,0.595007828,0.0,0.39,0.85,1558.0,,,,,,,,,,,,,,,,,,,,,,,,,4.31957,11.90015656,0.0,,484.625,4.209,230.875,2.005,0.188,0.002,0.0,0.0,2.30875,2.005,0.00282,0.003,0.0,0.0,4.31957,0.0,0.0,37.265625,0.3236228630630426,0.0,0.0,1.304296875,1.132680020720649,2.436976895720649,2368894,,,0.0012835629005645,Information
142297,1560.0,11088.53806,NGA,Nigeria,Gombe,1.298944299,0.0,0.39,0.85,1560.0,,,,,,,,,,,,,,,,,,,,,,,,,2.99275,25.97888598,0.0,,237.5,2.142,157.375,1.419,0.0,0.0,0.0,0.0,1.57375,1.419,0.0,0.0,0.0,0.0,2.99275,0.0,0.0,1.828125,0.0164866187887004,0.0,0.0,0.063984375,0.0577031657604514,0.1216875407604514,1525323,,,0.0006679411754848,Information
142310,1563.0,2645.670943,NGA,Nigeria,Kogi,1.336267003,0.0,0.39,0.85,1563.0,,,,,,,,,,,,,,,,,,,,,,,,,3.4817560937384098,26.72534006,0.0,,44.375,1.677,38.562,1.458,0.562,0.021,0.0,0.0,0.3856199999999999,1.458,0.00843,0.0315,0.0,0.0,1.88355,0.0,0.0,20.8125,0.7866624553538313,0.0,0.0,0.7284375,2.7533185937384097,3.4817560937384098,349923,,,0.0011569269604185,Information
142320,1564.0,15320.62093,NGA,Nigeria,Federal Capital Territory,1.878610101,0.0,0.39,0.85,1564.0,,,,,,,,,,,,,,,,,,,,,,,,,1.96538,37.57220202,0.0,,446.875,2.917,118.938,0.776,0.0,0.0,0.0,0.0,1.18938,0.776,0.0,0.0,0.0,0.0,1.96538,0.0,0.0,30.796875,0.2010158408804926,0.0,0.0,1.077890625,0.7035554430817241,1.781446068081724,6308647,,,0.0002717725854841,Information
142330,1565.0,20873.33823,NGA,Nigeria,Kwara,1.596256406,0.0,0.39,0.85,1565.0,1565.0,0.0,13.0,-9999.0,-9999.0,-9999.0,0.0,1.0,-999.9,-999.9,-999.9,-5997.4,0.0,0.0,0.0,0.0,0.0,0.0,0.0,0.0,0.0,0.0,0.0,-5997.4,4.979415443047625,31.92512812,0.0,,62.062,0.297,8.75,0.042,0.0,0.0,0.0,0.0,0.0875,0.042,0.0,0.0,0.0,0.0,0.1295,0.0,0.0,96.1875,0.4608151265850357,0.0,0.0,3.3665625,1.612852943047625,4.979415443047625,3078815,,,0.0044575124552269,Information
142341,1566.0,5502.639733,NGA,Nigeria,Niger,2.043801553,0.0,0.39,0.85,1566.0,1566.0,0.0,11.0,-9999.0,-9999.0,-9999.0,0.0,1.0,-999.9,-999.9,-999.9,-5997.4,0.0,0.0,0.0,0.0,0.0,0.0,0.0,0.0,0.0,0.0,0.0,-5997.4,2.7594226895286056,40.87603106,0.0,,,,,,,,,,,,,,,,,0.0,0.0,27.984375,0.5085627327224587,0.0,0.0,0.979453125,1.779969564528605,2.7594226895286056,356518,,,0.0010897521101965,Information
142343,1568.0,3857.107504,NGA,Nigeria,Niger,2.914741,0.0,0.39,0.85,1568.0,,,,,,,,,,,,,,,,,,,,,,,,,45.47915498033045,58.29482,0.0,,6.5,0.169,6.125,0.159,0.125,0.003,0.0,0.0,0.06125,0.159,0.001875,0.0045,0.0,0.0,0.226625,0.0,0.0,361.6875,9.377169280094416,0.0,0.0,12.6590625,32.82009248033045,45.47915498033045,345095,,,0.5345166924925944,Advisory
142350,1575.0,26050.54716,NGA,Nigeria,Kwara,1.113741138,0.0,0.39,0.85,1575.0,1575.0,0.0,15.0,-9999.0,-9999.0,-9999.0,0.0,1.0,-999.9,-999.9,-999.9,-5997.4,0.0,0.0,0.0,0.0,0.0,0.0,0.0,0.0,0.0,0.0,0.0,-5997.4,6.99513393835603,22.27482276,0.0,,,,,,,,,,,,,,,,,0.0,0.0,144.421875,0.5543909466731514,0.0,0.0,5.054765625,1.9403683133560297,6.99513393835603,4379504,,,0.0080208708324118,Information
142399,1587.0,2333.604219,NGA,Nigeria,Kebbi,2.459664186,0.0,0.39,0.85,1587.0,1587.0,0.0,15.0,-9999.0,-9999.0,-9999.0,0.0,1.0,-999.9,-999.9,-999.9,-5997.4,0.0,0.0,0.0,0.0,0.0,0.0,0.0,0.0,0.0,0.0,0.0,-5997.4,1.2486324686490209,49.19328372,0.0,,,,,,,,,,,,,,,,,0.0,0.0,6.75,0.2892521338997202,0.0,0.0,0.23625,1.0123824686490208,1.2486324686490209,178613,,,0.0001052876125613,Information
142410,1588.0,13069.66239,NGA,Nigeria,Kebbi,3.076272376,0.0,0.39,0.85,1588.0,1588.0,0.0,15.0,-9999.0,-9999.0,-9999.0,0.0,1.0,-999.9,-999.9,-999.9,-5997.4,0.0,0.0,0.0,0.0,0.0,0.0,0.0,0.0,0.0,0.0,0.0,-5997.4,-5997.4,61.52544752,0.0,,,,,,,,,,,,,,,,,,,,,,,,,,1246788,,,,
142430,1590.0,15014.41136,NGA,Nigeria,Kebbi,2.12256327,0.0,0.39,0.85,1590.0,,,,,,,,,,,,,,,,,,,,,,,,,3.296390167682645,42.4512654,0.0,,6.062,0.04,6.062,0.04,0.0,0.0,0.0,0.0,0.06062,0.04,0.0,0.0,0.0,0.0,0.10062,0.0,0.0,56.53125,0.3765132621950414,0.0,0.0,1.97859375,1.3177964176826449,3.296390167682645,2714198,,,0.0021195134459184,Information
142450,1592.0,6625.120286,NGA,Nigeria,Sokoto,2.342458541,0.0,0.39,0.85,1592.0,1592.0,0.0,15.0,-9999.0,-9999.0,-9999.0,0.0,1.0,-999.9,-999.9,-999.9,-5997.4,0.0,0.0,0.0,0.0,0.0,0.0,0.0,0.0,0.0,0.0,0.0,-5997.4,-5997.4,46.84917082,0.0,,,,,,,,,,,,,,,,,,,,,,,,,,1771673,,,,
142467,1599.0,5434.191867,NGA,Nigeria,Zamfara,3.583869259,0.0,0.39,0.85,1599.0,,,,,,,,,,,,,,,,,,,,,,,,,0.1677493138676204,71.67738518,0.0,,5.688,0.105,5.688,0.105,0.0,0.0,0.0,0.0,0.05688,0.105,0.0,0.0,0.0,0.0,0.16188,0.0,0.0,1.6875,0.0310533753907487,0.0,0.0,0.0590625,0.1086868138676204,0.1677493138676204,1619089,,,1.4568507713153634e-07,Information
143030,1820.0,10969.38782,NGA,Nigeria,Ondo,4.00318292,2.086231058,0.39,0.85,1820.0,,,,,,,,,,,,,,,,,,,,,,,,,11.977394226750524,80.06365840000001,41.72462116,,20.562,0.187,20.375,0.186,0.0,0.0,0.0,0.0,0.20375,0.186,0.0,0.0,0.0,0.0,0.38975,0.0,0.0,179.015625,1.6319563862144355,0.0,0.0,6.265546875,5.711847351750524,11.977394226750524,3623149,,,0.3051927638682172,Information
143045,1825.0,583.0592067,NGA,Nigeria,Lagos,2.352585691,0.0,0.39,0.85,1825.0,,,,,,,,,,,,,,,,,,,,,,,,,4.645500292932156,47.05171382,0.0,,0.75,0.129,0.75,0.129,0.0,0.0,0.0,0.0,0.0075,0.129,0.0,0.0,0.0,0.0,0.1365,0.0,0.0,7.3125,1.254160797980616,0.0,0.0,0.2559375,4.389562792932156,4.645500292932156,462620,,,0.0074785396655987,Information
143066,1836.0,11555.44402,NGA,Nigeria,Kwara,2.235718887,0.0,0.39,0.85,1836.0,1836.0,0.0,14.0,-9999.0,-9999.0,-9999.0,0.0,1.0,-999.9,-999.9,-999.9,-5997.4,0.0,0.0,0.0,0.0,0.0,0.0,0.0,0.0,0.0,0.0,0.0,-5997.4,-5997.4,44.71437774,0.0,,,,,,,,,,,,,,,,,,,,,,,,,,780422,,,,
162202,3011.0,6342.080879,NGA,Nigeria,Borno,4.038231871,0.0,0.39,0.85,3011.0,,,,,,,,,,,,,,,,,,,,,,,,,2.041888556629855,80.76463742,0.0,,52.625,0.83,19.75,0.311,6.875,0.108,0.0,0.0,0.1975,0.311,0.103125,0.162,0.0,0.0,0.773625,0.0,0.0,22.640625,0.3569904804656728,0.0,0.0,0.792421875,1.2494666816298547,2.041888556629855,286080,,,0.0124524303074765,Information
162204,3013.0,37121.91504,NGA,Nigeria,Borno,4.008814731,0.0,0.39,0.85,3013.0,,,,,,,,,,,,,,,,,,,,,,,,,3.5187500000000003,80.17629462000001,0.0,,608.188,1.638,276.75,0.746,0.25,0.001,0.0,0.0,2.7675,0.746,0.00375,0.0015,0.0,0.0,3.5187500000000003,0.0,0.0,25.734375,0.0693239424010202,0.0,0.0,0.900703125,0.2426337984035707,1.1433369234035708,5202774,,,0.0419248964588209,Information
162206,3015.0,12866.64022,NGA,Nigeria,Borno,4.106627084,0.0,0.39,0.85,3015.0,,,,,,,,,,,,,,,,,,,,,,,,,3.43225,82.13254168,0.0,,336.438,2.615,193.125,1.501,0.0,0.0,0.0,0.0,1.93125,1.501,0.0,0.0,0.0,0.0,3.43225,,,,,,,,,,1878276,,,0.0494954983430424,Information
162207,3016.0,124.7894869,NGA,Nigeria,Borno,4.21185059,0.0,0.39,0.85,3016.0,,,,,,,,,,,,,,,,,,,,,,,,,0.35538,84.2370118,0.0,,3.5,2.805,0.438,0.351,0.0,0.0,0.0,0.0,0.00438,0.351,0.0,0.0,0.0,0.0,0.35538,,,,,,,,,,3389,,,7.464957370244172e-05,Information
162208,3017.0,8363.876185,NGA,Nigeria,Borno,3.257840017,0.0,0.39,0.85,3017.0,,,,,,,,,,,,,,,,,,,,,,,,,0.31962,65.15680034,0.0,,27.5,0.329,14.562,0.174,0.0,0.0,0.0,0.0,0.14562,0.174,0.0,0.0,0.0,0.0,0.31962,,,,,,,,,,445936,,,1.3561757994110744e-06,Information
162209,3018.0,19132.4179,NGA,Nigeria,Yobe,3.558320399,0.0,0.39,0.85,3018.0,,,,,,,,,,,,,,,,,,,,,,,,,1.104,71.16640798,0.0,,371.375,1.941,72.5,0.379,0.0,0.0,0.0,0.0,0.725,0.379,0.0,0.0,0.0,0.0,1.104,,,,,,,,,,1217573,,,0.0005519738461476,Information
162430,3022.0,95.70585042,NGA,Nigeria,Borno,4.358996285,0.0,0.39,0.85,3022.0,,,,,,,,,,,,,,,,,,,,,,,,,37.58890625,87.1799257,0.0,3.0,63.5,66.349,63.25,66.088,36.0,37.615,0.0,0.0,0.6325,10.0,0.54,15.0,0.0,0.0,26.1725,0.0,0.0,73.96875,77.28759493305533,0.0,0.0,2.58890625,35.0,37.58890625,28973,891.0,3.0752769820177406,0.8589685410597752,Warning
162450,3032.0,29835.28858,NGA,Nigeria,Yobe,4.007835974,0.0,0.39,0.85,3032.0,3032.0,0.0,15.0,-9999.0,-9999.0,-9999.0,0.0,1.0,-999.9,-999.9,-999.9,-5997.4,0.0,0.0,0.0,0.0,0.0,0.0,0.0,0.0,0.0,0.0,0.0,-5997.4,0.8060700000000001,80.15671947999999,0.0,,64.062,0.215,59.375,0.199,0.688,0.002,0.0,0.0,0.59375,0.199,0.01032,0.003,0.0,0.0,0.8060700000000001,0.0,0.0,8.4375,0.0282802694459338,0.0,0.0,0.2953125,0.0989809430607683,0.3942934430607683,3190784,,,0.0006789577825554,Information
162470,3042.0,9380.703338,NGA,Nigeria,Yobe,3.432902196,0.0,0.39,0.85,3042.0,3042.0,0.0,15.0,-9999.0,-9999.0,-9999.0,0.0,1.0,-999.9,-999.9,-999.9,-5997.4,0.0,0.0,0.0,0.0,0.0,0.0,0.0,0.0,0.0,0.0,0.0,-5997.4,1.08888,68.65804392,0.0,,255.75,2.726,52.688,0.562,0.0,0.0,0.0,0.0,0.52688,0.562,0.0,0.0,0.0,0.0,1.08888,0.0,0.0,4.21875,0.0449726406230418,0.0,0.0,0.14765625,0.1574042421806463,0.3050604921806463,1341656,,,0.0003899832788972,Information
162480,3043.0,24042.04377,NGA,Nigeria,Bauchi,2.950605341,0.0,0.39,0.85,3043.0,3043.0,0.0,11.0,-9999.0,-9999.0,-9999.0,0.0,1.0,-999.9,-999.9,-999.9,-5997.4,0.0,0.0,0.0,0.0,0.0,0.0,0.0,0.0,0.0,0.0,0.0,-5997.4,8.74238,59.01210682,0.0,,1483.5,6.17,617.438,2.568,0.0,0.0,0.0,0.0,6.17438,2.568,0.0,0.0,0.0,0.0,8.74238,0.0,0.0,18.984375,0.0789632328461548,0.0,0.0,0.664453125,0.2763713149615417,0.9408244399615416,5503471,,,0.061161731269155,Information
162490,3044.0,24123.71092,NGA,Nigeria,Kano,3.118963255,0.0,0.39,0.85,3044.0,3044.0,0.0,8.0,-9999.0,-9999.0,-9999.0,0.0,3.0,-999.9,-999.9,-999.9,-5994.733333333333,0.0,0.0,0.0,0.0,0.0,0.0,0.0,0.0,0.0,0.0,0.0,-5994.733333333333,3.0772656405474788,62.379265100000005,0.0,,30.938,0.128,17.688,0.073,0.0,0.0,0.0,0.0,0.1768799999999999,0.073,0.0,0.0,0.0,0.0,0.24988,0.0,0.0,62.15625,0.2576562544421369,0.0,0.0,2.17546875,0.9017968905474792,3.0772656405474788,12890320,,,0.0061483418984643,Information
142289,1553.0,19181.59144,TCD,Chad,Mayo-Kebbi Ouest,3.649540638,0.0,0.32,0.94,1553.0,1553.0,0.0,15.0,-9999.0,-9999.0,-9999.0,0.0,1.0,-999.9,-999.9,-999.9,-5997.4,0.0,0.0,0.0,0.0,0.0,0.0,0.0,0.0,0.0,0.0,0.0,-5997.4,1.3328304877938475,72.99081276,0.0,,253.062,1.319,53.75,0.28,0.0,0.0,0.0,0.0,0.5375,0.28,0.0,0.0,0.0,0.0,0.8175,0.0,0.0,25.03125,0.1304962107982422,0.0,0.0,0.87609375,0.4567367377938477,1.3328304877938475,2100658,,,0.0013110969261544,Information
161340,2890.0,27703.14232,TCD,Chad,Tibesti,4.002733723,0.0,0.32,0.94,2890.0,,,,,,,,,,,,,,,,,,,,,,,,,7.241104050081986,80.05467446,0.0,,12.75,0.046,12.75,0.046,0.438,0.002,0.0,0.0,0.1275,0.046,0.00657,0.003,0.0,0.0,0.1830699999999999,0.0,0.0,152.015625,0.5487306214519964,0.0,0.0,5.320546875,1.9205571750819872,7.241104050081986,11364,,,0.1554772775159777,Information
161588,2950.0,8886.589749,TCD,Chad,Kanem,3.969390701,0.0,0.32,0.94,2950.0,,,,,,,,,,,,,,,,,,,,,,,,,0.478,79.38781402000001,0.0,,109.562,1.233,22.5,0.253,0.0,0.0,0.0,0.0,0.225,0.253,0.0,0.0,0.0,0.0,0.478,,,,,,,,,,384368,,,8.35994096477473e-05,Information
161589,2951.0,2210.262097,TCD,Chad,Kanem,2.311670942,0.0,0.32,0.94,2951.0,,,,,,,,,,,,,,,,,,,,,,,,,0.11,46.23341884,0.0,,2.062,0.093,2.0,0.09,0.0,0.0,0.0,0.0,0.02,0.09,0.0,0.0,0.0,0.0,0.11,,,,,,,,,,23079,,,2.97165355693769e-10,Information
162012,2990.0,18193.64528,TCD,Chad,Batha,4.052720784,0.0,0.32,0.94,2990.0,,,,,,,,,,,,,,,,,,,,,,,,,14.949207134665349,81.05441568,0.0,,185.688,1.021,99.125,0.545,0.0,0.0,0.0,0.0,0.99125,0.545,0.0,0.0,0.0,0.0,1.53625,0.0,0.0,275.625,1.5149520384758135,0.0,0.0,9.646875,5.302332134665347,14.949207134665349,327030,,,0.4063622884978163,Advisory
162014,2992.0,6641.647734,TCD,Chad,Batha,3.842038952,0.0,0.32,0.94,2992.0,,,,,,,,,,,,,,,,,,,,,,,,,4.119054460020381,76.84077904,0.0,,46.312,0.697,44.688,0.673,0.0,0.0,0.0,0.0,0.44688,0.673,0.0,0.0,0.0,0.0,1.11988,0.0,0.0,46.96875,0.7071852028629662,0.0,0.0,1.64390625,2.475148210020381,4.119054460020381,85330,,,0.0421045450593034,Information
162016,2994.0,7548.080171,TCD,Chad,Guara,3.369206185,0.0,0.32,0.94,2994.0,,,,,,,,,,,,,,,,,,,,,,,,,0.30038,67.3841237,0.0,,15.562,0.206,12.938,0.171,0.0,0.0,0.0,0.0,0.12938,0.171,0.0,0.0,0.0,0.0,0.30038,,,,,,,,,,262184,,,1.3827722213970916e-06,Information
162017,2995.0,19864.59016,TCD,Chad,Batha,4.029853744,0.0,0.32,0.94,2995.0,2995.0,0.0,11.0,-9999.0,-9999.0,-9999.0,0.0,1.0,-999.9,-999.9,-999.9,-5997.4,0.0,0.0,0.0,0.0,0.0,0.0,0.0,0.0,0.0,0.0,0.0,-5997.4,-5997.4,80.59707488000001,0.0,,,,,,,,,,,,,,,,,,,,,,,,,,405208,,,,
162022,2999.0,15356.91304,TCD,Chad,Chari-Baguirmi,4.095954154,0.0,0.32,0.94,2999.0,,,,,,,,,,,,,,,,,,,,,,,,,1.26075,81.91908308000001,0.0,,183.75,1.197,76.375,0.497,0.0,0.0,0.0,0.0,0.76375,0.497,0.0,0.0,0.0,0.0,1.26075,,,,,,,,,,162341,,,0.0038706415752834,Information
162023,3000.0,7964.972734,TCD,Chad,Hadjer-Lamis,4.074096487,0.0,0.32,0.94,3000.0,,,,,,,,,,,,,,,,,,,,,,,,,1.0331199999999998,81.48192974,0.0,,91.062,1.143,45.812,0.575,0.0,0.0,0.0,0.0,0.4581199999999999,0.575,0.0,0.0,0.0,0.0,1.0331199999999998,,,,,,,,,,153149,,,0.0019498464669137,Information
162029,3006.0,8285.696728,TCD,Chad,Guara,2.90581248,0.0,0.32,0.94,3006.0,,,,,,,,,,,,,,,,,,,,,,,,,2.10312,58.1162496,0.0,,109.688,1.324,95.312,1.15,0.0,0.0,0.0,0.0,0.95312,1.15,0.0,0.0,0.0,0.0,2.10312,,,,,,,,,,7878,,,0.0013881619086796,Information
162030,3007.0,6202.585548,TCD,Chad,Barh el Ghazel,4.02176534,0.0,0.32,0.94,3007.0,,,,,,,,,,,,,,,,,,,,,,,,,0.3985692907995148,80.4353068,0.0,,5.5,0.089,4.438,0.072,0.0,0.0,0.0,0.0,0.0443799999999999,0.072,0.0,0.0,0.0,0.0,0.1163799999999999,0.0,0.0,4.359375,0.0702831902284328,0.0,0.0,0.152578125,0.2459911657995148,0.3985692907995148,81846,,,4.938362997864094e-05,Information
162102,3009.0,31597.07067,TCD,Chad,Hadjer-Lamis,4.052586764,0.0,0.32,0.94,3009.0,,,,,,,,,,,,,,,,,,,,,,,,,52.348102438661776,81.05173528,0.0,3.0,849.562,2.689,352.812,1.117,59.812,0.189,0.0,0.0,3.52812,1.117,0.8971799999999999,0.2835,0.0,0.0,5.8258,0.0,0.0,1566.140625,4.956600696760508,0.0,0.0,35.0,17.348102438661776,52.348102438661776,1021101,33896.0,3.319554089164539,0.8452337152713152,Warning
162300,3019.0,5879.889051,TCD,Chad,Hadjer-Lamis,4.009065845,0.0,0.32,0.94,3019.0,,,,,,,,,,,,,,,,,,,,,,,,,12.215870598023596,80.18131690000001,0.0,,315.812,5.371,91.25,1.552,1.688,0.029,0.0,0.0,0.9125,1.552,0.02532,0.0435,0.0,0.0,2.53332,0.0,0.0,129.234375,2.197904992292456,0.0,0.0,4.523203125,7.692667473023596,12.215870598023596,1014706,,,0.3142322851508425,Information
162410,3020.0,18040.06739,TCD,Chad,Lac,4.214770426,0.0,0.32,0.94,3020.0,,,,,,,,,,,,,,,,,,,,,,,,,70.0,84.29540852000001,0.0,3.0,1218.125,6.752,1073.938,5.953,800.938,4.44,231.688,1.284,10.0,5.953,12.014069999999998,6.66,5.7922,3.21,43.629270000000005,0.0,0.0,3637.828125,20.165269041467464,0.0,0.0,35.0,35.0,70.0,410317,38736.0,9.440505755306264,0.9324830094531268,Warning
162420,3021.0,18314.63866,TCD,Chad,Kanem,4.172812392,0.0,0.32,0.94,3021.0,,,,,,,,,,,,,,,,,,,,,,,,,70.0,83.45624784,0.0,3.0,944.688,5.158,864.625,4.721,552.5,3.017,164.562,0.899,8.64625,4.721,8.2875,4.5255,4.114050000000001,2.2475,32.5418,0.0,0.0,2858.0625,15.60534473864734,0.0,0.0,35.0,35.0,70.0,174801,10425.0,5.9639246915063415,0.9254174429883713,Warning
162500,3045.0,182.6280904,TCD,Chad,Ville de N'Djamena,0.929617423,0.0,0.32,0.94,3045.0,3045.0,0.0,8.0,-9999.0,-9999.0,-9999.0,0.0,3.0,-999.9,-999.9,-999.9,-5993.4,0.0,0.0,0.0,0.0,0.0,0.0,0.0,0.0,0.0,0.0,0.0,-5993.4,4.939641024140612,18.59234846,0.0,,,,,,,,,,,,,,,,,0.0,0.0,2.53125,1.3860135068973176,0.0,0.0,0.08859375,4.851047274140612,4.939641024140612,403885,,,0.0025379539148457,Information
162601,3046.0,1221.550405,TCD,Chad,Chari-Baguirmi,4.11980876,0.0,0.32,0.94,3046.0,3046.0,0.0,2.0,-9999.0,-9999.0,-9999.0,0.0,9.0,-999.9,-999.9,-999.9,-5981.4,0.0,0.0,0.0,0.0,0.0,0.0,0.0,0.0,0.0,0.0,0.0,-5981.4,1.94025,82.39617519999999,0.0,,66.125,5.413,21.125,1.729,0.0,0.0,0.0,0.0,0.21125,1.729,0.0,0.0,0.0,0.0,1.94025,0.0,0.0,0.421875,0.0345360288337666,0.0,0.0,0.014765625,0.1208761009181831,0.1356417259181831,132898,,,0.0137165471601732,Information
162602,3047.0,11399.16962,TCD,Chad,Mayo-Kebbi Est,4.04448368,0.0,0.32,0.94,3047.0,,,,,,,,,,,,,,,,,,,,,,,,,0.50025,80.8896736,0.0,,74.0,0.649,26.625,0.234,0.0,0.0,0.0,0.0,0.26625,0.234,0.0,0.0,0.0,0.0,0.50025,,,,,,,,,,262571,,,0.0001348042926418,Information
162604,3049.0,7126.764054,TCD,Chad,Logone Occidental,3.265167875,0.0,0.32,0.94,3049.0,3049.0,0.0,15.0,-9999.0,-9999.0,-9999.0,0.0,1.0,-999.9,-999.9,-999.9,-5997.4,0.0,0.0,0.0,0.0,0.0,0.0,0.0,0.0,0.0,0.0,0.0,-5997.4,0.61625,65.3033575,0.0,,83.5,1.172,25.625,0.36,0.0,0.0,0.0,0.0,0.25625,0.36,0.0,0.0,0.0,0.0,0.61625,,,,,,,,,,610601,,,2.780011316199295e-05,Information
162605,3050.0,2637.590269,TCD,Chad,Tandjilé,4.054771336,0.0,0.32,0.94,3050.0,3050.0,0.0,8.0,-9999.0,-9999.0,-9999.0,0.0,3.0,-999.9,-999.9,-999.9,-5993.4,0.0,0.0,0.0,0.0,0.0,0.0,0.0,0.0,0.0,0.0,0.0,-5993.4,0.754635960948842,81.09542672,0.0,,,,,,,,,,,,,,,,,0.0,0.0,4.5,0.170610274556812,0.0,0.0,0.1575,0.597135960948842,0.754635960948842,247679,,,0.0006388908469865,Information
162606,3051.0,18586.97659,TCD,Chad,Logone Oriental,3.264259422,0.0,0.32,0.94,3051.0,3051.0,0.0,14.0,-9999.0,-9999.0,-9999.0,0.0,1.0,-999.9,-999.9,-999.9,-5997.4,0.0,0.0,0.0,0.0,0.0,0.0,0.0,0.0,0.0,0.0,0.0,-5997.4,0.8431199999999999,65.28518844,0.0,,129.312,0.696,54.812,0.295,0.0,0.0,0.0,0.0,0.5481199999999999,0.295,0.0,0.0,0.0,0.0,0.8431199999999999,0.0,0.0,4.78125,0.0257236564348622,0.0,0.0,0.16734375,0.0900327975220177,0.2573765475220177,777695,,,0.0001004776937666,Information
162607,3052.0,16117.4922,TCD,Chad,Logone Oriental,3.179847286,0.0,0.32,0.94,3052.0,3052.0,0.0,9.0,-9999.0,-9999.0,-9999.0,0.0,2.0,-999.9,-999.9,-999.9,-5996.9,0.0,0.0,0.0,0.0,0.0,0.0,0.0,0.0,0.0,0.0,0.0,-5996.9,0.8374403527412182,63.59694572000001,0.0,,,,,,,,,,,,,,,,,0.0,0.0,14.765625,0.0916124222117766,0.0,0.0,0.516796875,0.3206434777412181,0.8374403527412182,936543,,,8.095333008463467e-05,Information
162701,3055.0,3487.122923,TCD,Chad,Chari-Baguirmi,2.736334254,0.0,0.32,0.94,3055.0,3055.0,0.0,8.0,-9999.0,-9999.0,-9999.0,0.0,3.0,-999.9,-999.9,-999.9,-5986.4,0.0,0.0,0.0,0.0,0.0,0.0,0.0,0.0,0.0,0.0,0.0,-5986.4,1.046996737252435,54.72668508,0.0,,,,,,,,,,,,,,,,,0.0,0.0,7.734375,0.2217981749292671,0.0,0.0,0.270703125,0.7762936122524349,1.046996737252435,571314,,,8.267933821369896e-05,Information
162702,3056.0,6997.86444,TCD,Chad,Chari-Baguirmi,4.057464995,0.0,0.32,0.94,3056.0,,,,,,,,,,,,,,,,,,,,,,,,,0.8876200000000001,81.1492999,0.0,,61.688,0.882,36.562,0.522,0.0,0.0,0.0,0.0,0.36562,0.522,0.0,0.0,0.0,0.0,0.8876200000000001,0.0,0.0,5.34375,0.0763625824057988,0.0,0.0,0.18703125,0.2672690384202958,0.4543002884202958,22185,,,0.0011224483312141,Information
162704,3058.0,5217.73684,TCD,Chad,Chari-Baguirmi,3.567123375,0.0,0.32,0.94,3058.0,,,,,,,,,,,,,,,,,,,,,,,,,0.70325,71.3424675,0.0,,71.188,1.364,24.125,0.462,0.0,0.0,0.0,0.0,0.24125,0.462,0.0,0.0,0.0,0.0,0.70325,,,,,,,,,,55935,,,0.0001046745845629,Information
162705,3059.0,4521.575577,TCD,Chad,Mayo-Kebbi Est,2.78480405,0.0,0.32,0.94,3059.0,,,,,,,,,,,,,,,,,,,,,,,,,0.75075,55.696081,0.0,,81.312,1.798,23.375,0.517,0.0,0.0,0.0,0.0,0.23375,0.517,0.0,0.0,0.0,0.0,0.75075,0.0,0.0,4.21875,0.0933026536561755,0.0,0.0,0.14765625,0.3265592877966142,0.4742155377966142,134292,,,2.273625341936604e-05,Information
162706,3060.0,17917.1828,TCD,Chad,Tandjilé,3.698251604,0.0,0.32,0.94,3060.0,,,,,,,,,,,,,,,,,,,,,,,,,1.7025,73.96503208,0.0,,115.438,0.644,109.25,0.61,0.0,0.0,0.0,0.0,1.0925,0.61,0.0,0.0,0.0,0.0,1.7025,,,,,,,,,,486914,,,0.003192333618674,Information
162707,3061.0,3572.112935,TCD,Chad,Chari-Baguirmi,4.024716506,0.0,0.32,0.94,3061.0,3061.0,0.0,1.0,-9999.0,-9999.0,-9999.0,0.0,10.0,-999.9,-999.9,-999.9,-5979.4,0.0,0.0,0.0,0.0,0.0,0.0,0.0,0.0,0.0,0.0,0.0,-5979.4,0.11220290830224,80.49433012,0.0,,,,,,,,,,,,,,,,,0.0,0.0,0.84375,0.02362047380064,0.0,0.0,0.02953125,0.08267165830224,0.11220290830224,79916,,,1.2469985975581564e-07,Information
162708,3062.0,3867.597327,TCD,Chad,Moyen-Char,3.3360485,0.0,0.32,0.94,3062.0,,,,,,,,,,,,,,,,,,,,,,,,,2.313,66.72097,0.0,,115.75,2.993,64.5,1.668,0.0,0.0,0.0,0.0,0.645,1.668,0.0,0.0,0.0,0.0,2.313,,,,,,,,,,25653,,,0.0038336248797697,Information
162821,3065.0,1082.783266,TCD,Chad,Mandoul,3.642830027,0.0,0.32,0.94,3065.0,3065.0,0.0,15.0,-9999.0,-9999.0,-9999.0,0.0,1.0,-999.9,-999.9,-999.9,-5997.4,0.0,0.0,0.0,0.0,0.0,0.0,0.0,0.0,0.0,0.0,0.0,-5997.4,0.2015105907750635,72.85660054,0.0,,,,,,,,,,,,,,,,,0.0,0.0,0.5625,0.051949454507161,0.0,0.0,0.0196875,0.1818230907750635,0.2015105907750635,40395,,,4.7180639463785116e-07,Information
162822,3066.0,12193.89849,TCD,Chad,Mandoul,1.311188639,0.0,0.32,0.94,3066.0,,,,,,,,,,,,,,,,,,,,,,,,,0.90712,26.22377278,0.0,,100.125,0.821,49.812,0.409,0.0,0.0,0.0,0.0,0.4981199999999999,0.409,0.0,0.0,0.0,0.0,0.90712,0.0,0.0,12.515625,0.1026384220920492,0.0,0.0,0.438046875,0.3592344773221722,0.7972813523221722,827988,,,5.449652299059433e-06,Information
162823,3067.0,2662.227266,TCD,Chad,Mandoul,3.498491355,0.0,0.32,0.94,3067.0,3067.0,0.0,12.0,-9999.0,-9999.0,-9999.0,0.0,1.0,-999.9,-999.9,-999.9,-5997.4,0.0,0.0,0.0,0.0,0.0,0.0,0.0,0.0,0.0,0.0,0.0,-5997.4,2.76162,69.9698271,0.0,,61.5,2.31,58.062,2.181,0.0,0.0,0.0,0.0,0.58062,2.181,0.0,0.0,0.0,0.0,2.76162,0.0,0.0,1.40625,0.0528223122773347,0.0,0.0,0.04921875,0.1848780929706714,0.2340968429706714,92386,,,0.00850745992643,Information
162830,3074.0,293.1081269,TCD,Chad,Moyen-Char,3.256702663,0.0,0.32,0.94,3074.0,3074.0,0.0,10.0,-9999.0,-9999.0,-9999.0,0.0,1.0,-999.9,-999.9,-999.9,-5997.4,0.0,0.0,0.0,0.0,0.0,0.0,0.0,0.0,0.0,0.0,0.0,-5997.4,-5997.4,65.13405326,0.0,,,,,,,,,,,,,,,,,,,,,,,,,,49381,,,,
162850,3076.0,10929.33474,TCD,Chad,Moyen-Char,3.054673185,0.0,0.32,0.94,3076.0,3076.0,0.0,15.0,-9999.0,-9999.0,-9999.0,0.0,1.0,-999.9,-999.9,-999.9,-5997.4,0.0,0.0,0.0,0.0,0.0,0.0,0.0,0.0,0.0,0.0,0.0,-5997.4,0.6032151634933294,61.0934637,0.0,,6.375,0.058,6.375,0.058,0.0,0.0,0.0,0.0,0.06375,0.058,0.0,0.0,0.0,0.0,0.12175,0.0,0.0,9.0,0.0823471895695227,0.0,0.0,0.315,0.2882151634933294,0.6032151634933294,360813,,,1.545586077140746e-05,Information
162870,3086.0,25377.05091,TCD,Chad,Salamat,3.828560219,0.0,0.32,0.94,3086.0,3086.0,0.0,1.0,-9999.0,-9999.0,-9999.0,0.0,10.0,-999.9,-999.9,-999.9,-5979.4,0.0,0.0,0.0,0.0,0.0,0.0,0.0,0.0,0.0,0.0,0.0,-5979.4,0.9057012906576298,76.57120438,0.0,,,,,,,,,,,,,,,,,0.0,0.0,18.5625,0.0731467973307514,0.0,0.0,0.6496875,0.2560137906576299,0.9057012906576298,45884,,,0.0005709442252125,Information
162950,3117.0,4612.908684,TCD,Chad,Sila,4.149359253,0.0,0.32,0.94,3117.0,,,,,,,,,,,,,,,,,,,,,,,,,0.21025,82.98718506,0.0,,10.188,0.221,6.625,0.144,0.0,0.0,0.0,0.0,0.06625,0.144,0.0,0.0,0.0,0.0,0.21025,,,,,,,,,,137234,,,5.578938293402331e-06,Information
142462,1594.0,10404.55463,NER,Niger,Maradi,2.651176795,0.0,0.35,0.9,1594.0,1594.0,0.0,11.0,-9999.0,-9999.0,-9999.0,0.0,1.0,-999.9,-999.9,-999.9,-5997.4,0.0,0.0,0.0,0.0,0.0,0.0,0.0,0.0,0.0,0.0,0.0,-5997.4,0.6756662791943224,53.0235359,0.0,,,,,,,,,,,,,,,,,0.0,0.0,9.84375,0.094610008341235,0.0,0.0,0.34453125,0.3311350291943224,0.6756662791943224,2821626,,,1.1091520435114286e-05,Information
142546,1629.0,7128.547647,NER,Niger,Tahoua,4.009792047,0.0,0.35,0.9,1629.0,,,,,,,,,,,,,,,,,,,,,,,,,0.42812,80.19584094000001,0.0,,18.875,0.265,17.812,0.25,0.0,0.0,0.0,0.0,0.17812,0.25,0.0,0.0,0.0,0.0,0.42812,0.0,0.0,2.953125,0.0414267414082138,0.0,0.0,0.103359375,0.1449935949287483,0.2483529699287483,609396,,,6.297560687028331e-05,Information
142570,1635.0,288.5722652,NER,Niger,Dosso,4.062752963,0.0,0.35,0.9,1635.0,1635.0,0.0,1.0,-9999.0,-9999.0,-9999.0,0.0,10.0,-999.9,-999.9,-999.9,-5979.4,0.0,0.0,0.0,0.0,0.0,0.0,0.0,0.0,0.0,0.0,0.0,-5979.4,5.615404968345498,81.25505926000001,0.0,,,,,,,,,,,,,,,,,0.0,0.0,4.5,1.5594014195272852,0.0,0.0,0.1575,5.457904968345498,5.615404968345498,39639,,,0.1140224966229768,Information
142713,1706.0,776.0605814,NER,Niger,Tillabéry,3.750354175,0.0,0.35,0.9,1706.0,1706.0,0.0,1.0,-9999.0,-9999.0,-9999.0,0.0,10.0,-999.9,-999.9,-999.9,-5979.4,0.0,0.0,0.0,0.0,0.0,0.0,0.0,0.0,0.0,0.0,0.0,-5979.4,5.330765544543672,75.0070835,0.0,,,,,,,,,,,,,,,,,0.0,0.0,10.96875,1.4133883698696206,0.0,0.0,0.38390625,4.946859294543672,5.330765544543672,13567,,,0.0611613302283711,Information
142719,1712.0,2280.374623,NER,Niger,Tillabéry,2.077199009,0.0,0.35,0.9,1712.0,1712.0,0.0,15.0,-9999.0,-9999.0,-9999.0,0.0,1.0,-999.9,-999.9,-999.9,-5997.4,0.0,0.0,0.0,0.0,0.0,0.0,0.0,0.0,0.0,0.0,0.0,-5997.4,2.2529674732195835,41.543980180000005,0.0,,,,,,,,,,,,,,,,,0.0,0.0,11.953125,0.5241737423484524,0.0,0.0,0.418359375,1.834608098219584,2.2529674732195835,1167827,,,0.000564916130227,Information
142721,1713.0,2327.100931,NER,Niger,Tillabéry,4.016963318,0.0,0.35,0.9,1713.0,1713.0,0.0,15.0,-9999.0,-9999.0,-9999.0,0.0,1.0,-999.9,-999.9,-999.9,-5997.4,0.0,0.0,0.0,0.0,0.0,0.0,0.0,0.0,0.0,0.0,0.0,-5997.4,-5997.4,80.33926636000001,0.0,,,,,,,,,,,,,,,,,,,,,,,,,,110180,,,,
142723,1715.0,212.3610158,NER,Niger,Tillabéry,4.006262333,0.0,0.35,0.9,1715.0,,,,,,,,,,,,,,,,,,,,,,,,,0.15012,80.12524665999999,0.0,,0.312,0.147,0.312,0.147,0.0,0.0,0.0,0.0,0.00312,0.147,0.0,0.0,0.0,0.0,0.15012,,,,,,,,,,11109,,,5.151256105757242e-07,Information
142732,1723.0,7335.063102,NER,Niger,Tillabéry,4.030158155,0.0,0.35,0.9,1723.0,1723.0,0.0,12.0,-9999.0,-9999.0,-9999.0,0.0,1.0,-999.9,-999.9,-999.9,-5997.4,0.0,0.0,0.0,0.0,0.0,0.0,0.0,0.0,0.0,0.0,0.0,-5997.4,-5997.4,80.60316309999999,0.0,,,,,,,,,,,,,,,,,,,,,,,,,,546982,,,,
142739,1730.0,1230.736799,NER,Niger,Tillabéry,3.750580007,0.0,0.35,0.9,1730.0,1730.0,0.0,15.0,-9999.0,-9999.0,-9999.0,0.0,1.0,-999.9,-999.9,-999.9,-5997.4,0.0,0.0,0.0,0.0,0.0,0.0,0.0,0.0,0.0,0.0,0.0,-5997.4,1.66178703701858,75.01160014,0.0,,,,,,,,,,,,,,,,,0.0,0.0,5.203125,0.4227650462910229,0.0,0.0,0.182109375,1.47967766201858,1.66178703701858,84232,,,0.0033589084886751,Information
142741,1731.0,2608.418622,NER,Niger,Tillabéry,3.869339756,0.0,0.35,0.9,1731.0,1731.0,0.0,15.0,-9999.0,-9999.0,-9999.0,0.0,1.0,-999.9,-999.9,-999.9,-5997.4,0.0,0.0,0.0,0.0,0.0,0.0,0.0,0.0,0.0,0.0,0.0,-5997.4,0.2617017294227713,77.38679512,0.0,,,,,,,,,,,,,,,,,0.0,0.0,1.546875,0.0593031726922204,0.0,0.0,0.054140625,0.2075611044227714,0.2617017294227713,109302,,,4.115535277800156e-06,Information
162442,3024.0,23453.72159,NER,Niger,Diffa,4.041624161,0.0,0.35,0.9,3024.0,,,,,,,,,,,,,,,,,,,,,,,,,2.829230287856162,80.83248322,0.0,,36.75,0.157,32.25,0.138,12.125,0.052,1.5,0.006,0.3225,0.138,0.181875,0.078,0.0375,0.015,0.772875,0.0,0.0,56.671875,0.2416327608160463,0.0,0.0,1.983515625,0.845714662856162,2.829230287856162,246889,,,0.0278604384581909,Information
162443,3025.0,1410.237557,NER,Niger,Diffa,4.400948966,0.0,0.35,0.9,3025.0,,,,,,,,,,,,,,,,,,,,,,,,,61.9128125,88.01897932,0.0,3.0,243.688,17.28,226.688,16.074,99.312,7.042,19.688,1.396,2.26688,10.0,1.48968,10.563,0.4921999999999999,3.49,28.30176,0.0,0.0,768.9375,54.52538803998904,0.0,0.0,26.9128125,35.0,61.9128125,30085,1513.0,5.029084261259764,0.9497467802196268,Warning
142560,1634.0,13613.57151,BEN,Benin,Alibori,3.224864689,0.0,0.47,0.74,1634.0,1634.0,0.0,15.0,-9999.0,-9999.0,-9999.0,0.0,1.0,-999.9,-999.9,-999.9,-5997.4,0.0,0.0,0.0,0.0,0.0,0.0,0.0,0.0,0.0,0.0,0.0,-5997.4,-5997.4,64.49729377999999,0.0,,,,,,,,,,,,,,,,,,,,,,,,,,625710,,,,
142580,1636.0,14004.60793,BEN,Benin,Alibori,3.007459065,0.0,0.47,0.74,1636.0,1636.0,0.0,15.0,-9999.0,-9999.0,-9999.0,0.0,1.0,-999.9,-999.9,-999.9,-5997.4,0.0,0.0,0.0,0.0,0.0,0.0,0.0,0.0,0.0,0.0,0.0,-5997.4,-5997.4,60.1491813,0.0,,,,,,,,,,,,,,,,,,,,,,,,,,748904,,,,
142712,1705.0,10641.0371,BEN,Benin,Alibori,3.678220432,0.0,0.47,0.74,1705.0,1705.0,0.0,15.0,-9999.0,-9999.0,-9999.0,0.0,1.0,-999.9,-999.9,-999.9,-5997.4,0.0,0.0,0.0,0.0,0.0,0.0,0.0,0.0,0.0,0.0,0.0,-5997.4,-5997.4,73.56440864,0.0,,,,,,,,,,,,,,,,,,,,,,,,,,358108,,,,
143063,1833.0,1292.685405,BEN,Benin,Ouémé,4.058509363,0.0,0.47,0.74,1833.0,1833.0,0.0,11.0,-9999.0,-9999.0,-9999.0,0.0,1.0,-999.9,-999.9,-999.9,-5997.4,0.0,0.0,0.0,0.0,0.0,0.0,0.0,0.0,0.0,0.0,0.0,-5997.4,1.5908773112632633,81.17018725999999,0.0,,,,,,,,,,,,,,,,,0.0,0.0,5.203125,0.4025051246466466,0.0,0.0,0.182109375,1.4087679362632632,1.5908773112632633,472965,,,0.0067338571282666,Information
143064,1834.0,8475.550509,BEN,Benin,Collines,2.69859426,0.0,0.47,0.74,1834.0,1834.0,0.0,10.0,-9999.0,-9999.0,-9999.0,0.0,1.0,-999.9,-999.9,-999.9,-5997.4,0.0,0.0,0.0,0.0,0.0,0.0,0.0,0.0,0.0,0.0,0.0,-5997.4,0.2574964778488966,53.9718852,0.0,,,,,,,,,,,,,,,,,0.0,0.0,3.375,0.0398204222425419,0.0,0.0,0.118125,0.1393714778488966,0.2574964778488966,675211,,,1.0742845957018765e-07,Information
143065,1835.0,2663.477061,BEN,Benin,Plateau,4.059553144,0.0,0.47,0.74,1835.0,1835.0,0.0,14.0,-9999.0,-9999.0,-9999.0,0.0,1.0,-999.9,-999.9,-999.9,-5997.4,0.0,0.0,0.0,0.0,0.0,0.0,0.0,0.0,0.0,0.0,0.0,-5997.4,0.1638070642633834,81.19106287999999,0.0,,,,,,,,,,,,,,,,,0.0,0.0,0.984375,0.0369582683609667,0.0,0.0,0.034453125,0.1293539392633834,0.1638070642633834,325249,,,1.050813325355188e-06,Information
143067,1837.0,10707.92242,BEN,Benin,Collines,2.878994561,0.0,0.47,0.74,1837.0,1837.0,0.0,13.0,-9999.0,-9999.0,-9999.0,0.0,1.0,-999.9,-999.9,-999.9,-5997.4,0.0,0.0,0.0,0.0,0.0,0.0,0.0,0.0,0.0,0.0,0.0,-5997.4,0.1618120330094313,57.57989121999999,0.0,,,,,,,,,,,,,,,,,0.0,0.0,2.390625,0.0223257594312661,0.0,0.0,0.083671875,0.0781401580094313,0.1618120330094313,512371,,,1.2814507729509378e-08,Information
143068,1838.0,3372.983269,BEN,Benin,Donga,0.662856066,0.0,0.47,0.74,1838.0,1838.0,0.0,11.0,-9999.0,-9999.0,-9999.0,0.0,1.0,-999.9,-999.9,-999.9,-5997.4,0.0,0.0,0.0,0.0,0.0,0.0,0.0,0.0,0.0,0.0,0.0,-5997.4,1.06312,13.25712132,0.0,,26.875,0.797,26.812,0.795,0.0,0.0,0.0,0.0,0.26812,0.795,0.0,0.0,0.0,0.0,1.06312,,,,,,,,,,196665,,,5.369301219596358e-06,Information
143069,1839.0,11030.31785,BEN,Benin,Borgou,2.400149292,0.0,0.47,0.74,1839.0,1839.0,0.0,15.0,-9999.0,-9999.0,-9999.0,0.0,1.0,-999.9,-999.9,-999.9,-5996.733333333333,0.0,0.0,0.0,0.0,0.0,0.0,0.0,0.0,0.0,0.0,0.0,-5996.733333333333,0.67832,48.00298584,0.0,,41.75,0.379,35.25,0.32,0.188,0.002,0.0,0.0,0.3525,0.32,0.00282,0.003,0.0,0.0,0.67832,,,,,,,,,,637993,,,7.146135102721996e-06,Information
143070,1840.0,3991.047358,BEN,Benin,Kouffo,3.76899183,2.069183799,0.47,0.74,1840.0,1840.0,0.0,10.0,-9999.0,-9999.0,-9999.0,0.0,1.0,-999.9,-999.9,-999.9,-5997.4,0.0,0.0,0.0,0.0,0.0,0.0,0.0,0.0,0.0,0.0,0.0,-5997.4,21.861025967523226,75.3798366,41.38367598000001,,6.375,0.16,4.5,0.113,0.125,0.003,0.0,0.0,0.045,0.113,0.001875,0.0045,0.0,0.0,0.164375,0.0,0.0,178.171875,4.46428866929235,0.0,0.0,6.236015625,15.625010342523224,21.861025967523226,1232211,,,0.4526930005680002,Advisory
142750,1740.0,23955.2298,MLI,Mali,Gao,4.01281774,0.0,0.38,0.86,1740.0,1740.0,0.0,15.0,-9999.0,-9999.0,-9999.0,0.0,1.0,-999.9,-999.9,-999.9,-5997.4,0.0,0.0,0.0,0.0,0.0,0.0,0.0,0.0,0.0,0.0,0.0,-5997.4,4.520764858098014,80.2563548,0.0,,,,,,,,,,,,,,,,,0.0,0.0,91.125,0.3803971023137182,0.0,0.0,3.189375,1.3313898580980137,4.520764858098014,367104,,,0.0702205395327795,Information
142771,1750.0,23786.94435,MLI,Mali,Gao,4.071556555,0.0,0.38,0.86,1750.0,1750.0,0.0,15.0,-9999.0,-9999.0,-9999.0,0.0,1.0,-999.9,-999.9,-999.9,-5997.4,0.0,0.0,0.0,0.0,0.0,0.0,0.0,0.0,0.0,0.0,0.0,-5997.4,0.2167217673201542,81.4311311,0.0,,,,,,,,,,,,,,,,,0.0,0.0,4.359375,0.0183267549486155,0.0,0.0,0.152578125,0.0641436423201542,0.2167217673201542,197745,,,4.280989313525625e-06,Information
142775,1754.0,3834.949771,MLI,Mali,Timbuktu,4.003410498,0.0,0.38,0.86,1754.0,1754.0,0.0,15.0,-9999.0,-9999.0,-9999.0,0.0,1.0,-999.9,-999.9,-999.9,-5997.4,0.0,0.0,0.0,0.0,0.0,0.0,0.0,0.0,0.0,0.0,0.0,-5997.4,2.597469179631699,80.06820996,0.0,,,,,,,,,,,,,,,,,4.359375,0.113674891735513,18.703125,0.4877019548652655,0.065390625,0.1705123376032695,0.654609375,1.7069568420284291,2.597469179631699,236353,,,0.0207860513328657,Information
142776,1755.0,11301.10362,MLI,Mali,Timbuktu,4.210171655,0.0,0.38,0.86,1755.0,,,,,,,,,,,,,,,,,,,,,,,,,5.819386803716304,84.2034331,0.0,,16.5,0.146,16.5,0.146,0.0,0.0,0.0,0.0,0.165,0.146,0.0,0.0,0.0,0.0,0.311,35.859375,0.3173086116249863,72.84375,0.6445720032225212,0.537890625,0.4759629174374794,2.54953125,2.256002011278824,5.819386803716304,127167,,,0.1589947987616169,Information
142777,1756.0,5747.2778,MLI,Mali,Timbuktu,4.01893126,0.0,0.38,0.86,1756.0,1756.0,0.0,15.0,-9999.0,-9999.0,-9999.0,0.0,1.0,-999.9,-999.9,-999.9,-5997.4,0.0,0.0,0.0,0.0,0.0,0.0,0.0,0.0,0.0,0.0,0.0,-5997.4,11.405059251104666,80.37862519999999,0.0,,,,,,,,,,,,,,,,,24.1875,0.4208514159425683,108.5625,1.8889377506259464,0.3628125,0.6312771239138525,3.7996875,6.611282127190813,11.405059251104666,145825,,,0.2937155417064752,Information
142778,1757.0,21048.6842,MLI,Mali,Mopti,4.105463601,0.0,0.38,0.86,1757.0,,,,,,,,,,,,,,,,,,,,,,,,,39.33371126800145,82.10927202,0.0,3.0,115.125,0.547,115.125,0.547,1.625,0.008,1.625,0.008,1.15125,0.547,0.024375,0.012,0.040625,0.02,1.7952500000000002,289.96875,1.377609864973051,637.59375,3.0291382772976787,4.34953125,2.066414797459577,22.31578125,10.601983970541877,39.33371126800145,446241,6255.0,1.401708942029083,0.784592960958193,Watch
142779,1758.0,4224.211993,MLI,Mali,Timbuktu,3.479752004,0.0,0.38,0.86,1758.0,1758.0,0.0,15.0,-9999.0,-9999.0,-9999.0,0.0,1.0,-999.9,-999.9,-999.9,-5997.4,0.0,0.0,0.0,0.0,0.0,0.0,0.0,0.0,0.0,0.0,0.0,-5997.4,7.55039322119695,69.59504007999999,0.0,,,,,,,,,,,,,,,,,16.59375,0.3928247452814299,56.953125,1.34825442236423,0.24890625,0.5892371179221448,1.993359375,4.718890478274806,7.55039322119695,193325,,,0.0818089720996071,Information
142790,1768.0,28430.426,MLI,Mali,Mopti,4.054212295,0.0,0.38,0.86,1768.0,1768.0,0.0,15.0,-9999.0,-9999.0,-9999.0,0.0,1.0,-999.9,-999.9,-999.9,-5997.4,0.0,0.0,0.0,0.0,0.0,0.0,0.0,0.0,0.0,0.0,0.0,-5997.4,5.471678866834496,81.0842459,0.0,,,,,,,,,,,,,,,,,24.75,0.0870546223946052,105.046875,0.3694875166407393,0.37125,0.1305819335919077,3.676640625,1.2932063082425875,5.471678866834496,1023834,,,0.1074119598746881,Information
142810,1769.0,9573.3353,MLI,Mali,Ségou,4.012372763,0.0,0.38,0.86,1769.0,1769.0,0.0,15.0,-9999.0,-9999.0,-9999.0,0.0,1.0,-999.9,-999.9,-999.9,-5997.4,0.0,0.0,0.0,0.0,0.0,0.0,0.0,0.0,0.0,0.0,0.0,-5997.4,5.321946690654007,80.24745526000001,0.0,,,,,,,,,,,,,,,,,34.734375,0.3628241768457804,59.484375,0.6213547643958103,0.521015625,0.5442362652686705,2.081953125,2.174741675385336,5.321946690654007,634938,,,0.09485404012124,Information
142830,1771.0,2178.305925,MLI,Mali,Ségou,4.016482863,0.0,0.38,0.86,1771.0,1771.0,0.0,15.0,-9999.0,-9999.0,-9999.0,0.0,1.0,-999.9,-999.9,-999.9,-5997.4,0.0,0.0,0.0,0.0,0.0,0.0,0.0,0.0,0.0,0.0,0.0,-5997.4,0.2751684177042181,80.32965726,0.0,,,,,,,,,,,,,,,,,0.0,0.0,1.40625,0.0645570479154909,0.0,0.0,0.04921875,0.2259496677042181,0.2751684177042181,187526,,,9.796285246647418e-06,Information
142850,1773.0,6573.515918,MLI,Mali,Ségou,3.25416644,0.0,0.38,0.86,1773.0,1773.0,0.0,15.0,-9999.0,-9999.0,-9999.0,0.0,1.0,-999.9,-999.9,-999.9,-5997.4,0.0,0.0,0.0,0.0,0.0,0.0,0.0,0.0,0.0,0.0,0.0,-5997.4,0.2641409521594532,65.0833288,0.0,,,,,,,,,,,,,,,,,0.421875,0.0064177984091055,2.8125,0.04278532272737,0.006328125,0.0096266976136582,0.0984375,0.149748629545795,0.2641409521594532,340558,,,5.191511418945814e-07,Information
142860,1774.0,19697.07883,MLI,Mali,Sikasso,3.31678922,0.0,0.38,0.86,1774.0,1774.0,0.0,11.0,-9999.0,-9999.0,-9999.0,0.0,1.0,-999.9,-999.9,-999.9,-5997.4,0.0,0.0,0.0,0.0,0.0,0.0,0.0,0.0,0.0,0.0,0.0,-5997.4,0.3275691004184655,66.3357844,0.0,,,,,,,,,,,,,,,,,0.703125,0.0035696917611153,5.90625,0.0299854107933693,0.010546875,0.0053545376416729,0.20671875,0.1049489377767925,0.3275691004184655,1476362,,,1.806454348486209e-06,Information
142883,1778.0,7538.141854,MLI,Mali,Sikasso,3.016859064,0.0,0.38,0.86,1778.0,1778.0,0.0,14.0,-9999.0,-9999.0,-9999.0,0.0,1.0,-999.9,-999.9,-999.9,-5997.4,0.0,0.0,0.0,0.0,0.0,0.0,0.0,0.0,0.0,0.0,0.0,-5997.4,0.4187856364297418,60.33718128,0.0,,17.812,0.236,9.688,0.129,0.0,0.0,0.0,0.0,0.09688,0.129,0.0,0.0,0.0,0.0,0.22588,0.84375,0.0111930767076441,4.78125,0.0634274346766502,0.01265625,0.0167896150614661,0.16734375,0.2219960213682757,0.4187856364297418,365884,,,2.671985759268862e-06,Information
142884,1779.0,4465.336736,MLI,Mali,Sikasso,3.23647805,0.0,0.38,0.86,1779.0,1779.0,0.0,12.0,-9999.0,-9999.0,-9999.0,0.0,1.0,-999.9,-999.9,-999.9,-5997.4,0.0,0.0,0.0,0.0,0.0,0.0,0.0,0.0,0.0,0.0,0.0,-5997.4,0.7466200000000001,64.729561,0.0,,52.375,1.173,23.062,0.516,0.0,0.0,0.0,0.0,0.23062,0.516,0.0,0.0,0.0,0.0,0.7466200000000001,,,,,,,,,,149431,,,5.780710193793468e-05,Information
142885,1780.0,1176.964488,MLI,Mali,Sikasso,4.030656167,0.0,0.38,0.86,1780.0,,,,,,,,,,,,,,,,,,,,,,,,,0.5608830781493223,80.61312334,0.0,,4.688,0.398,1.125,0.096,0.0,0.0,0.0,0.0,0.01125,0.096,0.0,0.0,0.0,0.0,0.10725,0.0,0.0,1.6875,0.1433773080426635,0.0,0.0,0.0590625,0.5018205781493222,0.5608830781493223,50923,,,0.000197922003246,Information
142887,1782.0,1569.150102,MLI,Mali,Sikasso,3.362900597,0.0,0.38,0.86,1782.0,,,,,,,,,,,,,,,,,,,,,,,,,0.4013799999999999,67.25801194,0.0,,10.625,0.677,5.438,0.347,0.0,0.0,0.0,0.0,0.05438,0.347,0.0,0.0,0.0,0.0,0.4013799999999999,0.0,0.0,1.546875,0.0985804352511676,0.0,0.0,0.054140625,0.3450315233790866,0.3991721483790866,58533,,,5.375130454072128e-06,Information
142888,1783.0,4377.649588,MLI,Mali,Sikasso,3.350798862,0.0,0.38,0.86,1783.0,,,,,,,,,,,,,,,,,,,,,,,,,0.6812420627775495,67.01597724,0.0,,28.25,0.645,11.562,0.264,0.0,0.0,0.0,0.0,0.11562,0.264,0.0,0.0,0.0,0.0,0.37962,0.703125,0.0160617012805949,5.625,0.1284936102447592,0.010546875,0.0240925519208923,0.196875,0.4497276358566572,0.6812420627775495,250687,,,5.2258115683220266e-05,Information
142891,1785.0,4278.882991,MLI,Mali,Koulikoro,3.939450806,0.0,0.38,0.86,1785.0,1785.0,0.0,12.0,-9999.0,-9999.0,-9999.0,0.0,1.0,-999.9,-999.9,-999.9,-5997.4,0.0,0.0,0.0,0.0,0.0,0.0,0.0,0.0,0.0,0.0,0.0,-5997.4,-5997.4,78.78901612,0.0,,,,,,,,,,,,,,,,,,,,,,,,,,311360,,,,
142892,1786.0,4683.421711,MLI,Mali,Koulikoro,2.19729188,0.0,0.38,0.86,1786.0,,,,,,,,,,,,,,,,,,,,,,,,,1.88688,43.9458376,0.0,,200.0,4.27,60.188,1.285,0.0,0.0,0.0,0.0,0.60188,1.285,0.0,0.0,0.0,0.0,1.88688,,,,,,,,,,166773,,,0.0003476906128515,Information
142893,1787.0,2843.667663,MLI,Mali,Koulikoro,3.600248563,0.0,0.38,0.86,1787.0,,,,,,,,,,,,,,,,,,,,,,,,,0.5112915741762444,72.00497126,0.0,,25.625,0.901,11.125,0.391,0.0,0.0,0.0,0.0,0.11125,0.391,0.0,0.0,0.0,0.0,0.50225,0.0,0.0,3.234375,0.1137395569074984,0.0,0.0,0.113203125,0.3980884491762444,0.5112915741762444,78116,,,3.1293023341646026e-05,Information
142894,1788.0,2964.531806,MLI,Mali,Sikasso,2.029384872,0.0,0.38,0.86,1788.0,,,,,,,,,,,,,,,,,,,,,,,,,0.8195,40.58769744,0.0,,48.5,1.636,18.75,0.632,0.0,0.0,0.0,0.0,0.1875,0.632,0.0,0.0,0.0,0.0,0.8195,,,,,,,,,,135609,,,9.196232519264091e-06,Information
142895,1789.0,5925.481209,MLI,Mali,Sikasso,3.159009918,0.0,0.38,0.86,1789.0,1789.0,0.0,15.0,-9999.0,-9999.0,-9999.0,0.0,1.0,-999.9,-999.9,-999.9,-5997.4,0.0,0.0,0.0,0.0,0.0,0.0,0.0,0.0,0.0,0.0,0.0,-5997.4,2.405,63.180198360000006,0.0,,327.812,5.532,89.5,1.51,0.0,0.0,0.0,0.0,0.895,1.51,0.0,0.0,0.0,0.0,2.405,0.28125,0.0047464499517457,0.984375,0.0166125748311102,0.00421875,0.0071196749276185,0.034453125,0.0581440119088857,0.1039355618365042,221771,,,0.0031812906543979,Information
142896,1790.0,3446.416533,MLI,Mali,Sikasso,0.012366947,0.0,0.38,0.86,1790.0,,,,,,,,,,,,,,,,,,,,,,,,,1.85562,0.24733894,0.0,,86.812,2.519,47.562,1.38,0.0,0.0,0.0,0.0,0.47562,1.38,0.0,0.0,0.0,0.0,1.85562,,,,,,,,,,72315,,,3.381475791855944e-05,Information
142897,1791.0,4449.874218,MLI,Mali,Sikasso,3.077603301,0.0,0.38,0.86,1791.0,1791.0,0.0,15.0,-9999.0,-9999.0,-9999.0,0.0,1.0,-999.9,-999.9,-999.9,-5997.4,0.0,0.0,0.0,0.0,0.0,0.0,0.0,0.0,0.0,0.0,0.0,-5997.4,0.4954600077587412,61.55206602,0.0,,16.75,0.376,3.562,0.08,0.0,0.0,0.0,0.0,0.03562,0.08,0.0,0.0,0.0,0.0,0.11562,0.0,0.0,4.359375,0.0979662522167832,0.0,0.0,0.152578125,0.3428818827587412,0.4954600077587412,50249,,,6.758196624818951e-06,Information
142930,1796.0,11383.41321,MLI,Mali,Ségou,3.690896848,0.0,0.38,0.86,1796.0,1796.0,0.0,15.0,-9999.0,-9999.0,-9999.0,0.0,1.0,-999.9,-999.9,-999.9,-5997.4,0.0,0.0,0.0,0.0,0.0,0.0,0.0,0.0,0.0,0.0,0.0,-5997.4,4.151274467991714,73.81793696,0.0,,,,,,,,,,,,,,,,,18.703125,0.1643015557543098,55.125,0.484257216960071,0.280546875,0.2464523336314646,1.929375,1.6949002593602485,4.151274467991714,1054047,,,0.0327625099317289,Information
142940,1797.0,4964.649831,MLI,Mali,Koulikoro,2.780442783,0.0,0.38,0.86,1797.0,,,,,,,,,,,,,,,,,,,,,,,,,0.57462,55.60885566,0.0,,46.688,0.94,19.062,0.384,0.0,0.0,0.0,0.0,0.19062,0.384,0.0,0.0,0.0,0.0,0.57462,,,,,,,,,,352833,,,6.897896672899842e-06,Information
142950,1798.0,9459.349371,MLI,Mali,Koulikoro,2.24076097,0.0,0.38,0.86,1798.0,1798.0,0.0,15.0,-9999.0,-9999.0,-9999.0,0.0,1.0,-999.9,-999.9,-999.9,-5997.4,0.0,0.0,0.0,0.0,0.0,0.0,0.0,0.0,0.0,0.0,0.0,-5997.4,3.46375,44.8152194,0.0,,460.0,4.863,168.375,1.78,0.0,0.0,0.0,0.0,1.68375,1.78,0.0,0.0,0.0,0.0,3.46375,1.96875,0.0208127422170223,20.109375,0.2125872955024426,0.02953125,0.0312191133255334,0.703828125,0.7440555342585491,1.5086340225840824,5424177,,,0.0028171720536834,Information
142961,1799.0,1365.440661,MLI,Mali,Koulikoro,4.035123066,0.0,0.38,0.86,1799.0,1799.0,0.0,11.0,-9999.0,-9999.0,-9999.0,0.0,1.0,-999.9,-999.9,-999.9,-5997.4,0.0,0.0,0.0,0.0,0.0,0.0,0.0,0.0,0.0,0.0,0.0,-5997.4,0.8837367886791931,80.70246132,0.0,,9.062,0.664,2.5,0.183,0.0,0.0,0.0,0.0,0.025,0.183,0.0,0.0,0.0,0.0,0.208,0.84375,0.0617932381731809,2.671875,0.1956785875484062,0.01265625,0.0926898572597713,0.093515625,0.6848750564194217,0.8837367886791931,67725,,,0.001022652663478,Information
142962,1800.0,6578.285542,MLI,Mali,Sikasso,2.170740473,0.0,0.38,0.86,1800.0,1800.0,0.0,15.0,-9999.0,-9999.0,-9999.0,0.0,1.0,-999.9,-999.9,-999.9,-5997.4,0.0,0.0,0.0,0.0,0.0,0.0,0.0,0.0,0.0,0.0,0.0,-5997.4,0.7867602409094371,43.41480946,0.0,,28.312,0.43,19.625,0.298,0.0,0.0,0.0,0.0,0.19625,0.298,0.0,0.0,0.0,0.0,0.4942499999999999,2.109375,0.0320657257371241,8.015625,0.1218497578010717,0.031640625,0.0480985886056861,0.280546875,0.4264741523037509,0.7867602409094371,209866,,,9.532058022208348e-06,Information
146610,2034.0,13318.8312,MLI,Mali,Kayes,4.003804742,0.0,0.38,0.86,2034.0,2034.0,0.0,15.0,-9999.0,-9999.0,-9999.0,0.0,1.0,-999.9,-999.9,-999.9,-5997.4,0.0,0.0,0.0,0.0,0.0,0.0,0.0,0.0,0.0,0.0,0.0,-5997.4,1.4649411047651322,80.07609484,0.0,,,,,,,,,,,,,,,,,8.859375,0.0665176610927787,20.109375,0.150984532321704,0.132890625,0.099776491639168,0.703828125,0.528445863125964,1.4649411047651322,349490,,,0.0045257186759117,Information
146700,2043.0,7128.136423,MLI,Mali,Kayes,3.678071611,0.0,0.38,0.86,2043.0,2043.0,0.0,15.0,-9999.0,-9999.0,-9999.0,0.0,1.0,-999.9,-999.9,-999.9,-5997.4,0.0,0.0,0.0,0.0,0.0,0.0,0.0,0.0,0.0,0.0,0.0,-5997.4,1.6270201719035988,73.56143222,0.0,,,,,,,,,,,,,,,,,3.796875,0.0532660259945943,17.71875,0.2485747879747735,0.056953125,0.0798990389918914,0.62015625,0.8700117579117073,1.6270201719035988,112421,,,0.0026511246600101,Information
146801,2044.0,4950.257291,MLI,Mali,Kayes,4.076512485,0.0,0.38,0.86,2044.0,2044.0,0.0,15.0,-9999.0,-9999.0,-9999.0,0.0,1.0,-999.9,-999.9,-999.9,-5997.4,0.0,0.0,0.0,0.0,0.0,0.0,0.0,0.0,0.0,0.0,0.0,-5997.4,0.6901393580036588,81.53024970000001,0.0,,,,,,,,,,,,,,,,,2.109375,0.04261142150803,5.625,0.1136304573547468,0.031640625,0.063917132262045,0.196875,0.3977066007416138,0.6901393580036588,80490,,,0.0005063113450525,Information
146803,2046.0,2426.77357,MLI,Mali,Kayes,1.512326019,0.0,0.38,0.86,2046.0,2046.0,0.0,15.0,-9999.0,-9999.0,-9999.0,0.0,1.0,-999.9,-999.9,-999.9,-5997.4,0.0,0.0,0.0,0.0,0.0,0.0,0.0,0.0,0.0,0.0,0.0,-5997.4,4.151365537383095,30.24652038,0.0,,,,,,,,,,,,,,,,,11.390625,0.4693732097190471,18.28125,0.7533150279441496,0.170859375,0.7040598145785707,0.63984375,2.636602597804524,4.151365537383095,27701,,,0.0023897584866728,Information
146805,2048.0,2878.477144,MLI,Mali,Kayes,2.585159283,0.0,0.38,0.86,2048.0,2048.0,0.0,14.0,-9999.0,-9999.0,-9999.0,0.0,1.0,-999.9,-999.9,-999.9,-5997.4,0.0,0.0,0.0,0.0,0.0,0.0,0.0,0.0,0.0,0.0,0.0,-5997.4,-5997.4,51.70318566,0.0,,,,,,,,,,,,,,,,,,,,,,,,,,35522,,,,
146910,2053.0,11564.61603,MLI,Mali,Kayes,3.274723598,0.0,0.38,0.86,2053.0,2053.0,0.0,15.0,-9999.0,-9999.0,-9999.0,0.0,1.0,-999.9,-999.9,-999.9,-5997.4,0.0,0.0,0.0,0.0,0.0,0.0,0.0,0.0,0.0,0.0,0.0,-5997.4,-5997.4,65.49447196,0.0,,,,,,,,,,,,,,,,,,,,,,,,,,208645,,,,
146920,2054.0,16833.07894,MLI,Mali,Kayes,2.666418674,0.0,0.38,0.86,2054.0,2054.0,0.0,15.0,-9999.0,-9999.0,-9999.0,0.0,1.0,-999.9,-999.9,-999.9,-5997.4,0.0,0.0,0.0,0.0,0.0,0.0,0.0,0.0,0.0,0.0,0.0,-5997.4,0.4985,53.32837348,0.0,,81.0,0.481,31.25,0.186,0.0,0.0,0.0,0.0,0.3125,0.186,0.0,0.0,0.0,0.0,0.4985,,,,,,,,,,496119,,,2.8222235617841218e-06,Information
146950,2057.0,10857.98769,MLI,Mali,Kayes,3.213839634,0.0,0.38,0.86,2057.0,2057.0,0.0,15.0,-9999.0,-9999.0,-9999.0,0.0,1.0,-999.9,-999.9,-999.9,-5997.4,0.0,0.0,0.0,0.0,0.0,0.0,0.0,0.0,0.0,0.0,0.0,-5997.4,0.15012,64.27679268,0.0,,36.125,0.333,7.812,0.072,0.0,0.0,0.0,0.0,0.07812,0.072,0.0,0.0,0.0,0.0,0.15012,,,,,,,,,,164580,,,2.2234070818580116e-08,Information
146960,2058.0,17896.30666,MLI,Mali,Koulikoro,3.063536929,0.0,0.38,0.86,2058.0,,,,,,,,,,,,,,,,,,,,,,,,,1.115,61.27073858,0.0,,227.938,1.274,71.5,0.4,0.0,0.0,0.0,0.0,0.715,0.4,0.0,0.0,0.0,0.0,1.115,,,,,,,,,,319135,,,0.0001942750357722,Information
146970,2059.0,7482.358265,MLI,Mali,Kayes,2.789717545,0.0,0.38,0.86,2059.0,,,,,,,,,,,,,,,,,,,,,,,,,0.14875,55.7943509,0.0,,56.625,0.757,6.375,0.085,0.0,0.0,0.0,0.0,0.06375,0.085,0.0,0.0,0.0,0.0,0.14875,,,,,,,,,,91314,,,6.192473372302378e-09,Information
153033,2201.0,810.5848131,DZA,Algeria,Tlemcen,4.037494799,0.081784332,0.53,0.65,2201.0,,,,,,,,,,,,,,,,,,,,,,,,,3.422757493248356,80.74989598,1.63568664,,3.5,0.432,3.375,0.416,0.25,0.031,0.125,0.015,0.03375,0.416,0.00375,0.0465,0.003125,0.0375,0.5406249999999999,0.703125,0.0867429278972152,7.03125,0.867429278972152,0.010546875,0.1301143918458228,0.24609375,3.0360024764025324,3.422757493248356,152747,,,0.0420775504933645,Information
153036,2204.0,3193.318431,DZA,Algeria,Aïn Témouchent,2.286496952,0.0,0.53,0.65,2204.0,,,,,,,,,,,,,,,,,,,,,,,,,12.02665070705748,45.72993904,0.0,,36.812,1.153,36.812,1.153,31.875,0.998,31.875,0.998,0.36812,1.153,0.478125,1.497,0.796875,2.495,6.78812,36.5625,1.1449688086159155,67.5,2.1137885697524594,0.5484375,1.717453212923873,2.3625,7.398259994133608,12.02665070705748,1556162,,,0.0659248585958839,Information
153037,2205.0,1185.83076,DZA,Algeria,Oran,4.040826516,0.7599005,0.53,0.65,2205.0,,,,,,,,,,,,,,,,,,,,,,,,,12.05790759107292,80.81653032,15.19801,,5.438,0.459,4.625,0.39,1.062,0.09,1.625,0.137,0.04625,0.39,0.01593,0.135,0.040625,0.3425,0.970305,10.40625,0.8775493390972453,32.0625,2.7038006664077288,0.15609375,1.3163240086458678,1.1221875,9.46330233242705,12.05790759107292,994650,,,0.3212062836174167,Information
153038,2206.0,14618.672,DZA,Algeria,Sagda,2.459826054,0.0,0.53,0.65,2206.0,2206.0,0.0,1.0,-9999.0,-9999.0,-9999.0,0.0,10.0,-999.9,-999.9,-999.9,-5979.4,0.0,0.0,0.0,0.0,0.0,0.0,0.0,0.0,0.0,0.0,0.0,-5979.4,3.721633660386044,49.19652108,0.0,,10.062,0.069,9.312,0.064,2.812,0.019,2.812,0.019,0.09312,0.064,0.04218,0.0284999999999999,0.0702999999999999,0.0475,0.3455999999999999,29.53125,0.2020104835705181,50.484375,0.3453417314372191,0.44296875,0.3030157253557771,1.766953125,1.2086960600302668,3.721633660386044,2133917,,,0.0044770441340626,Information
153041,2208.0,464.4238676,DZA,Algeria,Mostaganem,2.952978615,2.539322227,0.53,0.65,2208.0,2208.0,0.0,2.0,-9999.0,-9999.0,-9999.0,0.0,9.0,-999.9,-999.9,-999.9,-5981.4,0.0,0.0,0.0,0.0,0.0,0.0,0.0,0.0,0.0,0.0,0.0,-5981.4,12.753494876298523,59.0595723,50.78644454,,,,,,,,,,,,,,,,,0.0,0.0,16.171875,3.482136928942435,0.0,0.0,0.566015625,12.187479251298525,12.753494876298523,90613,,,0.1217440231335916,Information
153042,2209.0,8056.419744,DZA,Algeria,Mascara,1.782079539,0.0,0.53,0.65,2209.0,,,,,,,,,,,,,,,,,,,,,,,,,1.6767322768663142,35.64159078,0.0,,26.062,0.323,12.562,0.156,0.5,0.006,0.0,0.0,0.1256199999999999,0.156,0.0075,0.009,0.0,0.0,0.29812,0.0,0.0,21.375,0.2653163648189469,0.0,0.0,0.748125,0.928607276866314,1.6767322768663142,874367,,,0.0001323399510949,Information
153043,2210.0,15746.75652,DZA,Algeria,Aïn Defla,1.132833969,0.0,0.53,0.65,2210.0,2210.0,0.0,2.0,-9999.0,-9999.0,-9999.0,0.0,9.0,-999.9,-999.9,-999.9,-5981.4,0.0,0.0,0.0,0.0,0.0,0.0,0.0,0.0,0.0,0.0,0.0,-5981.4,3.8708564848875247,22.65667938,0.0,,59.312,0.377,31.25,0.198,0.0,0.0,0.125,0.001,0.3125,0.198,0.0,0.0,0.003125,0.0025,0.516125,0.0,0.0,67.640625,0.42955274568215,0.0,0.0,2.367421875,1.503434609887525,3.8708564848875247,3146776,,,0.0013732213586513,Information
153050,2217.0,9613.408787,DZA,Algeria,Batna,0.697002859,0.0,0.53,0.65,2217.0,,,,,,,,,,,,,,,,,,,,,,,,,7.1597157356501455,13.94005718,0.0,,91.688,0.954,41.688,0.434,0.625,0.007,0.062,0.001,0.41688,0.434,0.009375,0.0105,0.00155,0.0025,0.874805,0.0,0.0,100.265625,1.0429768173286131,0.0,0.0,3.509296875,3.650418860650146,7.1597157356501455,1653964,,,0.0064489910139707,Information
153051,2218.0,8215.812183,DZA,Algeria,Tipaza,3.159080229,0.0,0.53,0.65,2218.0,,,,,,,,,,,,,,,,,,,,,,,,,5.729120019987592,63.181604580000005,0.0,,15.188,0.185,6.625,0.081,0.0,0.0,0.0,0.0,0.06625,0.081,0.0,0.0,0.0,0.0,0.14725,0.0,0.0,73.828125,0.8986101842821691,0.0,0.0,2.583984375,3.145135644987592,5.729120019987592,7783752,,,0.0314119573369194,Information
153053,2220.0,3945.657238,DZA,Algeria,Tizi Ouzou,0.784197049,0.108364492,0.53,0.65,2220.0,,,,,,,,,,,,,,,,,,,,,,,,,4.453384330879474,15.68394098,2.16728984,,6.688,0.169,5.562,0.141,0.062,0.002,0.0,0.0,0.05562,0.141,0.0009299999999999,0.003,0.0,0.0,0.2005499999999999,0.0,0.0,36.0,0.9123955231084212,0.0,0.0,1.26,3.193384330879474,4.453384330879474,1528785,,,0.0016362584917638,Information
153054,2221.0,9144.851664,DZA,Algeria,Bordj Bou Arr_ridj,0.793972673,0.0,0.53,0.65,2221.0,,,,,,,,,,,,,,,,,,,,,,,,,1.1128321799310328,15.87945346,0.0,,12.062,0.132,6.625,0.072,0.0,0.0,0.0,0.0,0.06625,0.072,0.0,0.0,0.0,0.0,0.1382499999999999,0.0,0.0,15.1875,0.1660770514088665,0.0,0.0,0.5315625,0.5812696799310327,1.1128321799310328,2234840,,,7.614750129473417e-06,Information
153055,2222.0,2802.873885,DZA,Algeria,Jijel,0.594597547,0.0,0.53,0.65,2222.0,,,,,,,,,,,,,,,,,,,,,,,,,6.092615640658599,11.89195094,0.0,,3.938,0.14,3.75,0.134,0.5,0.018,0.0,0.0,0.0375,0.134,0.0075,0.0269999999999999,0.0,0.0,0.206,0.0,0.0,38.109375,1.3596535759024566,0.0,0.0,1.333828125,4.758787515658598,6.092615640658599,818274,,,0.0037758065769644,Information
153056,2223.0,8828.867797,DZA,Algeria,Mila,3.038566084,0.0,0.53,0.65,2223.0,,,,,,,,,,,,,,,,,,,,,,,,,3.820772293548169,60.77132168,0.0,,35.688,0.404,17.0,0.193,0.188,0.002,0.062,0.001,0.17,0.193,0.00282,0.003,0.00155,0.0025,0.37287,0.0,0.0,51.1875,0.5797742267280483,0.0,0.0,1.7915625,2.029209793548169,3.820772293548169,2890298,,,0.0099307117435448,Information
153057,2224.0,5769.042421,DZA,Algeria,Skikda,4.006157628,0.0,0.53,0.65,2224.0,,,,,,,,,,,,,,,,,,,,,,,,,12.565478896468107,80.12315256000001,0.0,,8.812,0.153,5.875,0.102,0.438,0.008,0.875,0.015,0.05875,0.102,0.00657,0.012,0.021875,0.0375,0.238695,0.0,0.0,131.34375,2.276699327562316,0.0,0.0,4.59703125,7.968447646468107,12.565478896468107,1739565,,,0.3232598832233395,Information
153058,2225.0,6347.952392,DZA,Algeria,Guelma,2.453642342,0.0,0.53,0.65,2225.0,,,,,,,,,,,,,,,,,,,,,,,,,0.4056115015882864,49.07284684,0.0,,15.0,0.236,4.188,0.066,1.188,0.019,0.0,0.0,0.04188,0.066,0.01782,0.0284999999999999,0.0,0.0,0.1542,0.0,0.0,4.5,0.0708890004537961,0.0,0.0,0.1575,0.2481115015882863,0.4056115015882864,986941,,,6.732799108791037e-07,Information
154527,2271.0,13084.8576,DZA,Algeria,Béchar,2.987694831,0.0,0.53,0.65,2271.0,,,,,,,,,,,,,,,,,,,,,,,,,2.505775210853513,59.753896620000006,0.0,,3.938,0.03,2.312,0.018,8.0,0.061,2.688,0.021,0.0231199999999999,0.018,0.12,0.0915,0.0672,0.0525,0.37232,27.421875,0.2095695332835991,28.828125,0.2203166888366041,0.411328125,0.3143542999253986,1.008984375,0.7711084109281143,2.505775210853513,29646,,,0.0027480999026254,Information
154603,2277.0,26668.10438,DZA,Algeria,El Bayadh,0.196844677,0.0,0.53,0.65,2277.0,,,,,,,,,,,,,,,,,,,,,,,,,38.21111785599264,3.93689354,0.0,,27.312,0.102,25.562,0.096,5.562,0.021,0.0,0.0,0.25562,0.096,0.08343,0.0315,0.0,0.0,0.46655,205.171875,0.7693530520389261,706.078125,2.647650222266928,3.077578125,1.1540295780583891,24.712734375,9.266775777934248,38.21111785599264,347150,,,0.178295894565224,Advisory
154604,2278.0,2823.330113,DZA,Algeria,El Bayadh,0.055687399,0.0,0.53,0.65,2278.0,,,,,,,,,,,,,,,,,,,,,,,,,5.132011003626426,1.11374798,0.0,,3.812,0.135,3.812,0.135,1.0,0.035,0.0,0.0,0.03812,0.135,0.015,0.0525,0.0,0.0,0.24062,21.515625,0.762065509246849,23.0625,0.8168545327874721,0.322734375,1.1430982638702736,0.8071875,2.8589908647561524,5.132011003626426,34723,,,0.0015458384819136,Information
154812,2291.0,28075.68014,DZA,Algeria,El Oued,1.820975351,0.0,0.53,0.65,2291.0,,,,,,,,,,,,,,,,,,,,,,,,,0.142,36.41950702,0.0,,28.375,0.101,10.5,0.037,0.0,0.0,0.0,0.0,0.105,0.037,0.0,0.0,0.0,0.0,0.142,0.0,0.0,2.109375,0.0075131750665045,0.0,0.0,0.073828125,0.0262961127327657,0.1001242377327657,956531,,,5.164712958322877e-10,Information
154901,2303.0,4620.559678,DZA,Algeria,Djelfa,0.315201387,0.0,0.53,0.65,2303.0,,,,,,,,,,,,,,,,,,,,,,,,,25.61921958117853,6.30402774,0.0,,9.062,0.196,6.812,0.147,0.0,0.0,0.0,0.0,0.06812,0.147,0.0,0.0,0.0,0.0,0.2151199999999999,0.0,0.0,231.328125,5.006495773193866,0.0,0.0,8.096484375,17.52273520617853,25.61921958117853,778977,,,0.0973650860839743,Information
154902,2304.0,3566.313199,DZA,Algeria,Djelfa,1.409530884,0.0,0.53,0.65,2304.0,,,,,,,,,,,,,,,,,,,,,,,,,32.3906036059045,28.190617680000003,0.0,,15.562,0.436,14.25,0.4,1.625,0.046,0.0,0.0,0.1425,0.4,0.024375,0.069,0.0,0.0,0.635875,0.0,0.0,243.28125,6.821645673115572,0.0,0.0,8.51484375,23.875759855904505,32.3906036059045,122287,,,0.2129733656709738,Information
154903,2305.0,25940.47369,DZA,Algeria,M'Sila,0.320109623,0.0,0.53,0.65,2305.0,,,,,,,,,,,,,,,,,,,,,,,,,9.75834364591916,6.40219246,0.0,,44.188,0.17,39.0,0.15,8.812,0.034,1.25,0.005,0.39,0.15,0.13218,0.051,0.03125,0.0125,0.76693,0.0,0.0,201.234375,0.7757544345483316,0.0,0.0,7.043203125,2.7151405209191606,9.75834364591916,2530508,,,0.0118832118486347,Information
155653,2510.0,1245.602348,DZA,Algeria,Tamanghasset,4.022900062,0.0,0.53,0.65,2510.0,,,,,,,,,,,,,,,,,,,,,,,,,0.3384999999999999,80.45800123999999,0.0,,6.312,0.507,3.75,0.301,0.0,0.0,0.0,0.0,0.0375,0.301,0.0,0.0,0.0,0.0,0.3384999999999999,,,,,,,,,,26,,,2.498180723419728e-05,Information
155814,2583.0,26530.58942,DZA,Algeria,Tamanghasset,1.103732815,0.0,0.53,0.65,2583.0,,,,,,,,,,,,,,,,,,,,,,,,,0.1415,22.0746563,0.0,,18.0,0.068,10.25,0.039,0.0,0.0,0.0,0.0,0.1025,0.039,0.0,0.0,0.0,0.0,0.1415,,,,,,,,,,4182,,,1.384339672320493e-10,Information
142724,1716.0,3921.418513,BFA,Burkina Faso,Sahel,4.008337427,0.0,0.44,0.78,1716.0,1716.0,0.0,15.0,-9999.0,-9999.0,-9999.0,0.0,1.0,-999.9,-999.9,-999.9,-5997.4,0.0,0.0,0.0,0.0,0.0,0.0,0.0,0.0,0.0,0.0,0.0,-5997.4,-5997.4,80.16674854,0.0,,,,,,,,,,,,,,,,,,,,,,,,,,149912,,,,
142726,1718.0,5384.077488,BFA,Burkina Faso,Centre-Nord,3.564531253,0.0,0.44,0.78,1718.0,1718.0,0.0,15.0,-9999.0,-9999.0,-9999.0,0.0,1.0,-999.9,-999.9,-999.9,-5997.4,0.0,0.0,0.0,0.0,0.0,0.0,0.0,0.0,0.0,0.0,0.0,-5997.4,-5997.4,71.29062506,0.0,,,,,,,,,,,,,,,,,,,,,,,,,,488714,,,,
142742,1732.0,8553.461005,BFA,Burkina Faso,Sahel,3.943974667,0.0,0.44,0.78,1732.0,1732.0,0.0,13.0,-9999.0,-9999.0,-9999.0,0.0,1.0,-999.9,-999.9,-999.9,-5997.4,0.0,0.0,0.0,0.0,0.0,0.0,0.0,0.0,0.0,0.0,0.0,-5997.4,0.4697494846251263,78.87949334,0.0,,,,,,,,,,,,,,,,,1.96875,0.0230169986022842,5.34375,0.0624747104919143,0.02953125,0.0345254979034262,0.18703125,0.2186614867217,0.4697494846251263,461910,,,7.067323173318706e-05,Information
144206,1857.0,6367.384068,BFA,Burkina Faso,Centre-Est,2.394695019,0.0,0.44,0.78,1857.0,1857.0,0.0,9.0,-9999.0,-9999.0,-9999.0,0.0,2.0,-999.9,-999.9,-999.9,-5995.4,0.0,0.0,0.0,0.0,0.0,0.0,0.0,0.0,0.0,0.0,0.0,-5995.4,8.368194345199063,47.89390038,0.0,,34.812,0.547,20.938,0.329,0.125,0.002,0.125,0.002,0.2093799999999999,0.329,0.001875,0.003,0.003125,0.005,0.55138,0.140625,0.0022085207754639,92.953125,1.4598322325816762,0.002109375,0.0033127811631958,3.253359375,5.109412814035867,8.368194345199063,432364,,,0.033711499279413,Information
144480,1877.0,11427.98687,BFA,Burkina Faso,Centre-Sud,2.415524572,0.0,0.44,0.78,1877.0,1877.0,0.0,15.0,-9999.0,-9999.0,-9999.0,0.0,1.0,-999.9,-999.9,-999.9,-5997.4,0.0,0.0,0.0,0.0,0.0,0.0,0.0,0.0,0.0,0.0,0.0,-5997.4,-5997.4,48.31049143999999,0.0,,,,,,,,,,,,,,,,,,,,,,,,,,862917,,,,
144492,1879.0,4636.588803,BFA,Burkina Faso,Centre-Est,2.081979287,0.0,0.44,0.78,1879.0,,,,,,,,,,,,,,,,,,,,,,,,,0.40412,41.63958574,0.0,,15.062,0.325,12.812,0.276,0.0,0.0,0.0,0.0,0.1281199999999999,0.276,0.0,0.0,0.0,0.0,0.40412,,,,,,,,,,569603,,,3.3016594574168466e-07,Information
144497,1884.0,4097.503753,BFA,Burkina Faso,Centre-Nord,2.164378886,0.0,0.44,0.78,1884.0,1884.0,0.0,15.0,-9999.0,-9999.0,-9999.0,0.0,1.0,-999.9,-999.9,-999.9,-5997.4,0.0,0.0,0.0,0.0,0.0,0.0,0.0,0.0,0.0,0.0,0.0,-5997.4,4.301175420325771,43.28757772,0.0,,,,,,,,,,,,,,,,,12.796875,0.3123090489309844,30.234375,0.7378730276940841,0.191953125,0.4684635733964766,1.058203125,2.5825555969292946,4.301175420325771,531848,,,0.0049528345443152,Information
144508,1894.0,5930.861121,BFA,Burkina Faso,Sud-Ouest,1.471821623,0.0,0.44,0.78,1894.0,,,,,,,,,,,,,,,,,,,,,,,,,1.03562,29.43643246,0.0,,95.25,1.606,38.562,0.65,0.0,0.0,0.0,0.0,0.3856199999999999,0.65,0.0,0.0,0.0,0.0,1.03562,0.703125,0.0118553610625515,2.53125,0.0426792998251854,0.010546875,0.0177830415938272,0.08859375,0.1493775493881489,0.2663012159819761,308536,,,1.2133360711927625e-05,Information
144600,1896.0,15335.11534,BFA,Burkina Faso,Haut-Bassins,2.794446501,0.0,0.44,0.78,1896.0,1896.0,0.0,13.0,-9999.0,-9999.0,-9999.0,0.0,1.0,-999.9,-999.9,-999.9,-5997.4,0.0,0.0,0.0,0.0,0.0,0.0,0.0,0.0,0.0,0.0,0.0,-5997.4,0.3415196598103514,55.88893002,0.0,,45.625,0.298,17.812,0.116,0.0,0.0,0.0,0.0,0.17812,0.116,0.0,0.0,0.0,0.0,0.29412,1.96875,0.0128381818867001,5.0625,0.0330124677086575,0.02953125,0.0192572728300501,0.1771875,0.1155436369803012,0.3415196598103514,1092892,,,5.837919058005934e-07,Information
144702,1898.0,6507.975656,BFA,Burkina Faso,Boucle du Mouhoun,2.30096473,0.0,0.44,0.78,1898.0,,,,,,,,,,,,,,,,,,,,,,,,,0.4458825215692016,46.0192946,0.0,,12.375,0.19,6.562,0.101,0.0,0.0,0.0,0.0,0.06562,0.101,0.0,0.0,0.0,0.0,0.16662,1.546875,0.0237689118980897,4.359375,0.066985115349162,0.023203125,0.0356533678471345,0.152578125,0.234447903722067,0.4458825215692016,393223,,,8.080092389735551e-07,Information
144900,1915.0,20573.38408,BFA,Burkina Faso,Boucle du Mouhoun,3.200543091,0.0,0.44,0.78,1915.0,1915.0,0.0,12.0,-9999.0,-9999.0,-9999.0,0.0,1.0,-999.9,-999.9,-999.9,-5997.4,0.0,0.0,0.0,0.0,0.0,0.0,0.0,0.0,0.0,0.0,0.0,-5997.4,9.96511008381066,64.01086182,0.0,,28.5,0.139,13.438,0.065,0.188,0.001,0.0,0.0,0.13438,0.065,0.00282,0.0015,0.0,0.0,0.2037,118.265625,0.574847698932529,140.90625,0.6848958315462474,1.773984375,0.8622715483987935,4.93171875,2.397135410411866,9.96511008381066,2010880,,,0.0995487305054966,Information
146310,2014.0,7701.950296,MRT,Mauritania,Trarza,4.02053302,0.0,0.4,0.83,2014.0,2014.0,0.0,15.0,-9999.0,-9999.0,-9999.0,0.0,1.0,-999.9,-999.9,-999.9,-5997.4,0.0,0.0,0.0,0.0,0.0,0.0,0.0,0.0,0.0,0.0,0.0,-5997.4,0.7417637930193263,80.41066040000001,0.0,,,,,,,,,,,,,,,,,0.84375,0.0109550174645575,8.859375,0.1150276833778543,0.01265625,0.0164325261968362,0.310078125,0.40259689182249,0.7417637930193263,214167,,,0.0005307275326121,Information
146350,2018.0,4086.626365,MRT,Mauritania,Gorgol,4.050415046,0.0,0.4,0.83,2018.0,2018.0,0.0,15.0,-9999.0,-9999.0,-9999.0,0.0,1.0,-999.9,-999.9,-999.9,-5997.4,0.0,0.0,0.0,0.0,0.0,0.0,0.0,0.0,0.0,0.0,0.0,-5997.4,0.7586106584908164,81.00830092000001,0.0,,,,,,,,,,,,,,,,,3.515625,0.0860275612605138,4.78125,0.1169974833142988,0.052734375,0.1290413418907706,0.16734375,0.4094911916000457,0.7586106584908164,279594,,,0.0006403527129299,Information
146370,2020.0,7522.610104,MRT,Mauritania,Guidimaka,4.053360567,0.0,0.4,0.83,2020.0,2020.0,0.0,15.0,-9999.0,-9999.0,-9999.0,0.0,1.0,-999.9,-999.9,-999.9,-5997.4,0.0,0.0,0.0,0.0,0.0,0.0,0.0,0.0,0.0,0.0,0.0,-5997.4,0.5896106033896007,81.06721134,0.0,,,,,,,,,,,,,,,,,1.125,0.0149549157062044,6.75,0.0897294942372269,0.016875,0.0224323735593066,0.23625,0.3140532298302941,0.5896106033896007,467988,,,0.0002610167909551,Information
142886,1781.0,8401.887508,CIV,Côte d'Ivoire,Denguélé,1.902963229,0.0,0.46,0.75,1781.0,,,,,,,,,,,,,,,,,,,,,,,,,2.10525,38.05926458,0.0,,288.812,3.437,96.125,1.144,0.0,0.0,0.0,0.0,0.96125,1.144,0.0,0.0,0.0,0.0,2.10525,,,,,,,,,,248812,,,0.0003601364029649,Information
142889,1784.0,10618.36188,CIV,Côte d'Ivoire,Savanes,1.475753886,0.0,0.46,0.75,1784.0,1784.0,0.0,13.0,-9999.0,-9999.0,-9999.0,0.0,1.0,-999.9,-999.9,-999.9,-5997.4,0.0,0.0,0.0,0.0,0.0,0.0,0.0,0.0,0.0,0.0,0.0,-5997.4,0.5338336337606711,29.51507772,0.0,,64.5,0.607,26.0,0.245,0.0,0.0,0.0,0.0,0.26,0.245,0.0,0.0,0.0,0.0,0.505,0.28125,0.0026487136446104,7.734375,0.0728396252267873,0.00421875,0.0039730704669155,0.270703125,0.2549386882937555,0.5338336337606711,632335,,,5.222342415803093e-07,Information
142898,1792.0,1585.568735,CIV,Côte d'Ivoire,Denguélé,0.01488276,0.0,0.46,0.75,1792.0,1792.0,0.0,12.0,-9999.0,-9999.0,-9999.0,0.0,1.0,-999.9,-999.9,-999.9,-5997.4,0.0,0.0,0.0,0.0,0.0,0.0,0.0,0.0,0.0,0.0,0.0,-5997.4,0.24675,0.2976552,0.0,,11.812,0.745,3.375,0.213,0.0,0.0,0.0,0.0,0.03375,0.213,0.0,0.0,0.0,0.0,0.24675,0.0,0.0,0.703125,0.0443452866085499,0.0,0.0,0.024609375,0.1552085031299246,0.1798178781299246,26545,,,9.77100548741089e-10,Information
142899,1793.0,2548.830846,CIV,Côte d'Ivoire,Denguélé,1.329957024,0.0,0.46,0.75,1793.0,1793.0,0.0,11.0,-9999.0,-9999.0,-9999.0,0.0,1.0,-999.9,-999.9,-999.9,-5997.4,0.0,0.0,0.0,0.0,0.0,0.0,0.0,0.0,0.0,0.0,0.0,-5997.4,0.7754303747776008,26.599140480000003,0.0,,8.625,0.338,3.188,0.125,0.0,0.0,0.0,0.0,0.03188,0.125,0.0,0.0,0.0,0.0,0.15688,0.0,0.0,4.5,0.1765515356507431,0.0,0.0,0.1575,0.6179303747776008,0.7754303747776008,88613,,,2.6788213927924435e-06,Information
142969,1807.0,2655.628088,CIV,Côte d'Ivoire,Denguélé,0.024701914,0.0,0.46,0.75,1807.0,1807.0,0.0,14.0,-9999.0,-9999.0,-9999.0,0.0,1.0,-999.9,-999.9,-999.9,-5997.4,0.0,0.0,0.0,0.0,0.0,0.0,0.0,0.0,0.0,0.0,0.0,-5997.4,0.7271244090855448,0.4940382799999999,0.0,,,,,,,,,,,,,,,,,0.0,0.0,4.359375,0.1641560811672985,0.0,0.0,0.152578125,0.5745462840855448,0.7271244090855448,41379,,,4.352145984802909e-07,Information
144205,1856.0,10172.39906,CIV,Côte d'Ivoire,Savanes,3.489541497,0.0,0.46,0.75,1856.0,1856.0,0.0,5.0,-9999.0,-9999.0,-9999.0,0.0,6.0,-999.9,-999.9,-999.9,-5989.4,0.0,0.0,0.0,0.0,0.0,0.0,0.0,0.0,0.0,0.0,0.0,-5989.4,0.188,69.79082994,0.0,,10.688,0.105,9.5,0.093,0.0,0.0,0.0,0.0,0.095,0.093,0.0,0.0,0.0,0.0,0.188,0.0,0.0,1.546875,0.0152065898250926,0.0,0.0,0.054140625,0.0532230643878241,0.107363689387824,1186071,,,1.8925575999243289e-07,Information
144506,1892.0,3029.672365,CIV,Côte d'Ivoire,Zanzan,1.548052425,0.0,0.46,0.75,1892.0,,,,,,,,,,,,,,,,,,,,,,,,,1.67962,30.9610485,0.0,,63.562,2.098,39.062,1.289,0.0,0.0,0.0,0.0,0.3906199999999999,1.289,0.0,0.0,0.0,0.0,1.67962,,,,,,,,,,97428,,,0.0001011594534105,Information
144507,1893.0,15294.97674,CIV,Côte d'Ivoire,Zanzan,1.439810736,0.0,0.46,0.75,1893.0,1893.0,0.0,15.0,-9999.0,-9999.0,-9999.0,0.0,1.0,-999.9,-999.9,-999.9,-5997.4,0.0,0.0,0.0,0.0,0.0,0.0,0.0,0.0,0.0,0.0,0.0,-5997.4,0.5732775339218554,28.79621472,0.0,,97.312,0.636,24.688,0.161,0.062,0.0,0.0,0.0,0.24688,0.161,0.0009299999999999,0.0,0.0,0.0,0.40881,5.0625,0.0330991023171878,7.734375,0.0505680729845925,0.0759375,0.0496486534757817,0.270703125,0.1769882554460737,0.5732775339218554,445253,,,7.108745496099718e-07,Information
145201,1925.0,18035.32029,CIV,Côte d'Ivoire,Lagunes,3.36128929,0.0,0.46,0.75,1925.0,1925.0,0.0,13.0,2.0,-9999.0,-9999.0,0.0,1.0,0.2,-999.9,-999.9,-4997.3,0.0,0.0,0.0,0.0,0.0,0.0,0.0,0.0,0.0,0.0,0.0,-4997.3,1.2591187219527131,67.22578580000001,0.0,,14.812,0.082,13.062,0.072,0.0,0.0,0.0,0.0,0.1306199999999999,0.072,0.0,0.0,0.0,0.0,0.2026199999999999,3.796875,0.0210524400915334,21.515625,0.1192971605186895,0.056953125,0.0315786601373001,0.753046875,0.4175400618154132,1.2591187219527131,2204556,,,0.0005585752903623,Information
145202,1926.0,7591.553747,CIV,Côte d'Ivoire,Zanzan,2.084120186,0.0,0.46,0.75,1926.0,,,,,,,,,,,,,,,,,,,,,,,,,0.34638,41.68240372,0.0,,71.25,0.939,14.938,0.197,0.0,0.0,0.0,0.0,0.14938,0.197,0.0,0.0,0.0,0.0,0.34638,,,,,,,,,,651805,,,1.4788493622449e-07,Information
145204,1928.0,5086.429967,CIV,Côte d'Ivoire,Zanzan,3.395700192,0.0,0.46,0.75,1928.0,1928.0,0.0,12.0,-9999.0,-9999.0,-9999.0,0.0,1.0,-999.9,-999.9,-999.9,-5997.4,0.0,0.0,0.0,0.0,0.0,0.0,0.0,0.0,0.0,0.0,0.0,-5997.4,-5997.4,67.91400384,0.0,,,,,,,,,,,,,,,,,,,,,,,,,,156769,,,,
145205,1929.0,13960.99585,CIV,Côte d'Ivoire,Zanzan,2.07584012,0.0,0.46,0.75,1929.0,1929.0,0.0,15.0,-9999.0,-9999.0,-9999.0,0.0,1.0,-999.9,-999.9,-999.9,-5997.4,0.0,0.0,0.0,0.0,0.0,0.0,0.0,0.0,0.0,0.0,0.0,-5997.4,0.463,41.5168024,0.0,,58.188,0.417,27.0,0.193,0.0,0.0,0.0,0.0,0.27,0.193,0.0,0.0,0.0,0.0,0.463,2.109375,0.0151090582883051,5.203125,0.037269010444486,0.031640625,0.0226635874324576,0.182109375,0.130441536555701,0.3668551239881586,251271,,,6.532331345403747e-07,Information
145206,1930.0,6139.415932,CIV,Côte d'Ivoire,Zanzan,1.763555316,0.0,0.46,0.75,1930.0,,,,,,,,,,,,,,,,,,,,,,,,,1.5193100000000002,35.27110632,0.0,,86.875,1.415,57.688,0.94,0.062,0.001,0.0,0.0,0.5768800000000001,0.94,0.0009299999999999,0.0015,0.0,0.0,1.5193100000000002,,,,,,,,,,82414,,,8.773174295941623e-05,Information
145207,1931.0,12987.43061,CIV,Côte d'Ivoire,Zanzan,2.210289105,0.0,0.46,0.75,1931.0,1931.0,0.0,15.0,-9999.0,-9999.0,-9999.0,0.0,1.0,-999.9,-999.9,-999.9,-5997.4,0.0,0.0,0.0,0.0,0.0,0.0,0.0,0.0,0.0,0.0,0.0,-5997.4,0.85,44.20578210000001,0.0,,132.0,1.016,48.0,0.37,0.0,0.0,0.0,0.0,0.48,0.37,0.0,0.0,0.0,0.0,0.85,2.390625,0.018407220583245,2.53125,0.0194899982646124,0.035859375,0.0276108308748675,0.08859375,0.0682149939261434,0.2202789498010108,238801,,,1.430928629855513e-05,Information
145209,1933.0,9944.822718,CIV,Côte d'Ivoire,Savanes,1.770271913,0.0,0.46,0.75,1933.0,,,,,,,,,,,,,,,,,,,,,,,,,2.286,35.40543826,0.0,,253.188,2.546,114.0,1.146,0.0,0.0,0.0,0.0,1.14,1.146,0.0,0.0,0.0,0.0,2.286,0.84375,0.0084843141396234,6.609375,0.0664604607603834,0.01265625,0.012726471209435,0.231328125,0.2326116126613419,0.4893224588707769,594174,,,0.0004168953110607,Information
145300,1934.0,11258.63642,CIV,Côte d'Ivoire,Lagunes,1.935668617,0.0,0.46,0.75,1934.0,1934.0,0.0,13.0,-9999.0,-9999.0,-9999.0,0.0,1.0,-999.9,-999.9,-999.9,-5997.4,0.0,0.0,0.0,0.0,0.0,0.0,0.0,0.0,0.0,0.0,0.0,-5997.4,6.826753506037333,38.71337234,0.0,,15.562,0.138,10.562,0.094,0.25,0.002,0.0,0.0,0.1056199999999999,0.094,0.00375,0.003,0.0,0.0,0.20637,15.609375,0.1386435658965942,96.609375,0.8580912591978404,0.234140625,0.2079653488448913,3.381328125,3.0033194071924414,6.826753506037333,5593984,,,0.0140921158568867,Information
145401,1935.0,3116.767317,CIV,Côte d'Ivoire,Lagunes,4.015398266,0.0,0.46,0.75,1935.0,1935.0,0.0,14.0,-9999.0,-9999.0,-9999.0,0.0,1.0,-999.9,-999.9,-999.9,-5997.4,0.0,0.0,0.0,0.0,0.0,0.0,0.0,0.0,0.0,0.0,0.0,-5997.4,2.032879845825833,80.30796532,0.0,,,,,,,,,,,,,,,,,0.703125,0.0225594318897501,13.5,0.4331410922832022,0.010546875,0.0338391478346251,0.4725,1.5159938229912076,2.032879845825833,251024,,,0.0115807313257706,Information
145402,1936.0,35564.52833,CIV,Côte d'Ivoire,Vallée du Bandama,1.973466953,0.0,0.46,0.75,1936.0,1936.0,0.0,13.0,-9999.0,-9999.0,-9999.0,0.0,1.0,-999.9,-999.9,-999.9,-5997.400000000001,0.0,0.0,0.0,0.0,0.0,0.0,0.0,0.0,0.0,0.0,0.0,-5997.400000000001,1.224125,39.46933906,0.0,,253.875,0.714,95.0,0.267,0.375,0.001,0.0,0.0,0.95,0.267,0.005625,0.0015,0.0,0.0,1.224125,3.375,0.0094897926635982,25.171875,0.0707780369493372,0.050625,0.0142346889953972,0.881015625,0.2477231293226801,1.1935984433180775,2191502,,,4.791317096139943e-05,Information
145403,1937.0,1696.081125,CIV,Côte d'Ivoire,Lagunes,4.008536764,0.0,0.46,0.75,1937.0,1937.0,0.0,14.0,-9999.0,-9999.0,-9999.0,0.0,1.0,-999.9,-999.9,-999.9,-5997.4,0.0,0.0,0.0,0.0,0.0,0.0,0.0,0.0,0.0,0.0,0.0,-5997.4,5.45964847667543,80.17073527999999,0.0,,81.375,4.798,54.438,3.21,0.188,0.011,0.125,0.007,0.54438,3.21,0.00282,0.0165,0.003125,0.0175,3.794325,5.203125,0.3067733568152592,20.390625,1.2022199118435832,0.078046875,0.4601600352228888,0.713671875,4.207769691452541,5.45964847667543,184308,,,0.09856448959605,Information
145406,1940.0,21672.18269,CIV,Côte d'Ivoire,Woroba,3.894243609,0.0,0.46,0.75,1940.0,1940.0,0.0,12.0,-9999.0,-9999.0,-9999.0,0.0,1.0,-999.9,-999.9,-999.9,-5997.4,0.0,0.0,0.0,0.0,0.0,0.0,0.0,0.0,0.0,0.0,0.0,-5997.4,1.681,77.88487218,0.0,,247.625,1.143,115.0,0.531,0.0,0.0,0.0,0.0,1.15,0.531,0.0,0.0,0.0,0.0,1.681,1.265625,0.0058398594102463,10.6875,0.0493143683531917,0.018984375,0.0087597891153694,0.3740625,0.1726002892361709,0.5744069533515405,1274948,,,0.0049849281593336,Information
145407,1941.0,12707.21194,CIV,Côte d'Ivoire,Vallée du Bandama,2.232652342,0.0,0.46,0.75,1941.0,1941.0,0.0,11.0,-9999.0,-9999.0,-9999.0,0.0,1.0,-999.9,-999.9,-999.9,-5997.4,0.0,0.0,0.0,0.0,0.0,0.0,0.0,0.0,0.0,0.0,0.0,-5997.4,2.965227934603774,44.65304684,0.0,,255.812,2.013,70.562,0.555,0.188,0.001,0.0,0.0,0.70562,0.555,0.00282,0.0015,0.0,0.0,1.2649400000000002,9.5625,0.0752525419941158,43.3125,0.3408497490321716,0.1434375,0.1128788129911737,1.5159375,1.1929741216126004,2.965227934603774,677668,,,0.0017130736473721,Information
145408,1942.0,5198.802956,CIV,Côte d'Ivoire,Savanes,3.026113895,0.0,0.46,0.75,1942.0,,,,,,,,,,,,,,,,,,,,,,,,,0.4605,60.5222779,0.0,,31.375,0.604,15.75,0.303,0.0,0.0,0.0,0.0,0.1575,0.303,0.0,0.0,0.0,0.0,0.4605,0.421875,0.0081148488137479,3.796875,0.0730336393237312,0.006328125,0.0121722732206218,0.132890625,0.2556177376330592,0.4070087608536811,198250,,,4.270007091246908e-06,Information
145409,1943.0,15142.54192,CIV,Côte d'Ivoire,Savanes,1.090357105,0.0,0.46,0.75,1943.0,1943.0,0.0,12.0,-9999.0,-9999.0,-9999.0,0.0,1.0,-999.9,-999.9,-999.9,-5997.4,0.0,0.0,0.0,0.0,0.0,0.0,0.0,0.0,0.0,0.0,0.0,-5997.4,2.6186183789310262,21.8071421,0.0,,275.0,1.816,131.25,0.867,0.062,0.0,0.0,0.0,1.3125,0.867,0.0009299999999999,0.0,0.0,0.0,2.18043,8.015625,0.0529344745644837,41.625,0.2748877977383717,0.120234375,0.0794017118467255,1.456875,0.9621072920843008,2.6186183789310262,1063635,,,0.0003412285473968,Information
145500,1944.0,12615.26172,CIV,Côte d'Ivoire,Gôh-Djiboua,3.380380481,0.144383148,0.46,0.75,1944.0,,,,,,,,,,,,,,,,,,,,,,,,,6.292344177335817,67.60760962,2.88766296,,637.625,5.054,241.75,1.916,4.812,0.038,0.062,0.0,2.4175,1.916,0.07218,0.0569999999999999,0.00155,0.0,4.464230000000001,23.34375,0.1850437233324302,90.28125,0.7156510263820494,0.35015625,0.2775655849986452,3.15984375,2.5047785923371726,6.292344177335817,1084717,,,0.0506493542383435,Information
145601,1945.0,13525.39535,CIV,Côte d'Ivoire,Gôh-Djiboua,2.080308613,0.0,0.46,0.75,1945.0,1945.0,0.0,13.0,-9999.0,-9999.0,-9999.0,0.0,1.0,-999.9,-999.9,-999.9,-5997.4,0.0,0.0,0.0,0.0,0.0,0.0,0.0,0.0,0.0,0.0,0.0,-5997.4,4.639987691322938,41.60617226,0.0,,66.125,0.489,30.875,0.228,0.875,0.006,0.0,0.0,0.30875,0.228,0.013125,0.009,0.0,0.0,0.5588750000000001,38.390625,0.2838410561313452,59.765625,0.4418771020359771,0.575859375,0.4257615841970178,2.091796875,1.54656985712592,4.639987691322938,2007475,,,0.0056626430191091,Information
145602,1946.0,12796.94648,CIV,Côte d'Ivoire,Sassandra-Marahoué,2.206134504,0.0,0.46,0.75,1946.0,1946.0,0.0,11.0,-9999.0,-9999.0,-9999.0,0.0,1.0,-999.9,-999.9,-999.9,-5997.4,0.0,0.0,0.0,0.0,0.0,0.0,0.0,0.0,0.0,0.0,0.0,-5997.4,0.6726314219574068,44.12269008,0.0,,39.0,0.305,10.062,0.079,0.0,0.0,0.0,0.0,0.1006199999999999,0.079,0.0,0.0,0.0,0.0,0.17962,0.5625,0.0043955798429408,10.546875,0.0824171220551416,0.0084375,0.0065933697644111,0.369140625,0.2884599271929955,0.6726314219574068,1452612,,,4.941531198496013e-06,Information
145603,1947.0,1417.17029,CIV,Côte d'Ivoire,Bas-Sassandra,4.05892877,0.0,0.46,0.75,1947.0,,,,,,,,,,,,,,,,,,,,,,,,,2.888944213762102,81.1785754,0.0,,8.25,0.582,2.875,0.203,0.0,0.0,0.0,0.0,0.02875,0.203,0.0,0.0,0.0,0.0,0.23175,3.234375,0.2282276888883465,8.859375,0.6251454086941666,0.048515625,0.3423415333325197,0.310078125,2.188008930429583,2.888944213762102,133271,,,0.0304579967307917,Information
145604,1948.0,8399.404597,CIV,Côte d'Ivoire,Montagnes,2.161546501,0.0,0.46,0.75,1948.0,,,,,,,,,,,,,,,,,,,,,,,,,0.4435885172492784,43.23093002,0.0,,27.125,0.323,8.75,0.104,0.0,0.0,0.0,0.0,0.0875,0.104,0.0,0.0,0.0,0.0,0.1915,3.65625,0.0435298711700086,4.21875,0.050226774426933,0.05484375,0.0652948067550129,0.14765625,0.1757937104942654,0.4435885172492784,1006317,,,6.115770094899892e-07,Information
145605,1949.0,9613.306445,CIV,Côte d'Ivoire,Montagnes,2.358325948,0.0,0.46,0.75,1949.0,1949.0,0.0,15.0,-9999.0,-9999.0,-9999.0,0.0,1.0,-999.9,-999.9,-999.9,-5997.4,0.0,0.0,0.0,0.0,0.0,0.0,0.0,0.0,0.0,0.0,0.0,-5997.4,3.084246119949222,47.166518960000005,0.0,,31.875,0.332,13.812,0.144,0.0,0.0,0.0,0.0,0.13812,0.144,0.0,0.0,0.0,0.0,0.28212,11.53125,0.1199509249635685,38.25,0.3978859950011055,0.17296875,0.1799263874453527,1.33875,1.3926009825038692,3.084246119949222,1040901,,,0.0022497592636653,Information
145606,1950.0,8890.261274,CIV,Côte d'Ivoire,Montagnes,1.441608214,0.0,0.46,0.75,1950.0,,,,,,,,,,,,,,,,,,,,,,,,,1.1635,28.83216428,0.0,,107.188,1.206,54.75,0.616,0.0,0.0,0.0,0.0,0.5475,0.616,0.0,0.0,0.0,0.0,1.1635,0.84375,0.0094907221962598,1.96875,0.0221450184579397,0.01265625,0.0142360832943897,0.06890625,0.0775075646027889,0.1733061478971786,306567,,,1.947611119696655e-05,Information
145607,1951.0,3930.02811,CIV,Côte d'Ivoire,Woroba,0.497016343,0.0,0.46,0.75,1951.0,1951.0,0.0,14.0,-9999.0,-9999.0,-9999.0,0.0,1.0,-999.9,-999.9,-999.9,-5997.4,0.0,0.0,0.0,0.0,0.0,0.0,0.0,0.0,0.0,0.0,0.0,-5997.4,0.3688506824185271,9.94032686,0.0,,9.688,0.246,5.938,0.151,0.0,0.0,0.0,0.0,0.0593799999999999,0.151,0.0,0.0,0.0,0.0,0.2103799999999999,0.703125,0.0178910934066572,2.671875,0.0679861549452975,0.010546875,0.0268366401099858,0.093515625,0.2379515423085412,0.3688506824185271,86551,,,1.9224027915356163e-08,Information
145608,1952.0,10046.03385,CIV,Côte d'Ivoire,Denguélé,2.635139585,0.0,0.46,0.75,1952.0,1952.0,0.0,11.0,-9999.0,-9999.0,-9999.0,0.0,1.0,-999.9,-999.9,-999.9,-5997.4,0.0,0.0,0.0,0.0,0.0,0.0,0.0,0.0,0.0,0.0,0.0,-5997.4,1.5222854632305818,52.702791700000006,0.0,,91.188,0.908,27.25,0.271,0.0,0.0,0.0,0.0,0.2725,0.271,0.0,0.0,0.0,0.0,0.5435000000000001,0.0,0.0,21.796875,0.2169699537801662,0.0,0.0,0.762890625,0.7593948382305817,1.5222854632305818,134616,,,0.0002949257635587,Information
145720,1955.0,29688.95661,CIV,Côte d'Ivoire,Montagnes,3.519267561,0.0,0.46,0.75,1955.0,1955.0,0.0,13.0,-9999.0,-9999.0,-9999.0,0.0,1.0,-999.9,-999.9,-999.9,-5997.4,0.0,0.0,0.0,0.0,0.0,0.0,0.0,0.0,0.0,0.0,0.0,-5997.4,3.147910920049782,70.38535122,0.0,,130.875,0.441,52.312,0.176,1.938,0.007,0.0,0.0,0.52312,0.176,0.02907,0.0105,0.0,0.0,0.73869,14.90625,0.0502080628696786,60.890625,0.2050952002129326,0.22359375,0.0753120943045179,2.131171875,0.7178332007452641,3.147910920049782,1093483,,,0.0124958791090641,Information
142963,1801.0,5759.404413,GIN,Guinea,Kankan,3.604210815,0.0,0.39,0.85,1801.0,1801.0,0.0,15.0,-9999.0,-9999.0,-9999.0,0.0,1.0,-999.9,-999.9,-999.9,-5997.4,0.0,0.0,0.0,0.0,0.0,0.0,0.0,0.0,0.0,0.0,0.0,-5997.4,0.2481901123678065,72.08421630000001,0.0,,,,,,,,,,,,,,,,,0.140625,0.0024416587188807,2.53125,0.043949856939853,0.002109375,0.003662488078321,0.08859375,0.1538244992894855,0.2481901123678065,177559,,,1.1633697133886946e-06,Information
142964,1802.0,8349.108569,GIN,Guinea,Kankan,3.096563694,0.0,0.39,0.85,1802.0,1802.0,0.0,15.0,-9999.0,-9999.0,-9999.0,0.0,1.0,-999.9,-999.9,-999.9,-5997.4,0.0,0.0,0.0,0.0,0.0,0.0,0.0,0.0,0.0,0.0,0.0,-5997.4,1.10675,61.93127388,0.0,,89.625,1.073,50.375,0.603,0.0,0.0,0.0,0.0,0.50375,0.603,0.0,0.0,0.0,0.0,1.10675,0.0,0.0,1.546875,0.0185274270561601,0.0,0.0,0.054140625,0.0648459946965603,0.1189866196965603,196977,,,0.000201611510606,Information
142970,1808.0,8365.244023,GIN,Guinea,Kankan,2.611708835,0.0,0.39,0.85,1808.0,1808.0,0.0,15.0,-9999.0,-9999.0,-9999.0,0.0,1.0,-999.9,-999.9,-999.9,-5997.4,0.0,0.0,0.0,0.0,0.0,0.0,0.0,0.0,0.0,0.0,0.0,-5997.4,0.3457790263779033,52.2341767,0.0,,,,,,,,,,,,,,,,,0.0,0.0,4.5,0.0537940075365438,0.0,0.0,0.1575,0.1882790263779033,0.3457790263779033,720877,,,4.1481361954490613e-07,Information
142982,1810.0,13726.44239,GIN,Guinea,Kankan,3.485593603,0.0,0.39,0.85,1810.0,1810.0,0.0,14.0,2.0,-9999.0,-9999.0,0.0,1.0,0.2,-999.9,-999.9,-5330.666666666666,0.0,0.0,0.0,0.0,0.0,0.0,0.0,0.0,0.0,0.0,0.0,-5330.666666666666,0.30588,69.71187205999999,0.0,,67.438,0.491,17.688,0.129,0.0,0.0,0.0,0.0,0.1768799999999999,0.129,0.0,0.0,0.0,0.0,0.30588,,,,,,,,,,606043,,,2.1604465966941483e-06,Information
142984,1812.0,12973.3309,GIN,Guinea,Kankan,2.505523647,0.0,0.39,0.85,1812.0,1812.0,0.0,15.0,-9999.0,-9999.0,-9999.0,0.0,1.0,-999.9,-999.9,-999.9,-5997.4,0.0,0.0,0.0,0.0,0.0,0.0,0.0,0.0,0.0,0.0,0.0,-5997.4,0.85675,50.11047294,0.0,,195.188,1.505,48.375,0.373,0.0,0.0,0.0,0.0,0.48375,0.373,0.0,0.0,0.0,0.0,0.85675,,,,,,,,,,420049,,,2.407600260597208e-05,Information
142985,1813.0,1731.24545,GIN,Guinea,Kankan,4.062214907,0.0,0.39,0.85,1813.0,1813.0,0.0,15.0,-9999.0,-9999.0,-9999.0,0.0,1.0,-999.9,-999.9,-999.9,-5997.4,0.0,0.0,0.0,0.0,0.0,0.0,0.0,0.0,0.0,0.0,0.0,-5997.4,0.1000546578016209,81.24429814000001,0.0,,,,,,,,,,,,,,,,,0.0,0.0,0.421875,0.0243682950861774,0.0,0.0,0.014765625,0.0852890328016209,0.1000546578016209,69839,,,8.314858829012763e-08,Information
142986,1814.0,4096.791904,GIN,Guinea,Kankan,2.579934519,0.0,0.39,0.85,1814.0,,,,,,,,,,,,,,,,,,,,,,,,,1.98912,51.59869038,0.0,,162.5,3.967,57.812,1.411,0.0,0.0,0.0,0.0,0.57812,1.411,0.0,0.0,0.0,0.0,1.98912,0.0,0.0,4.21875,0.1029769170225224,0.0,0.0,0.14765625,0.3604192095788284,0.5080754595788284,61637,,,0.0007068614531564,Information
142989,1817.0,3767.45128,GIN,Guinea,Faranah,4.021168929,0.0,0.39,0.85,1817.0,1817.0,0.0,12.0,-9999.0,-9999.0,-9999.0,0.0,1.0,-999.9,-999.9,-999.9,-5997.4,0.0,0.0,0.0,0.0,0.0,0.0,0.0,0.0,0.0,0.0,0.0,-5997.4,0.347,80.42337857999999,0.0,,18.688,0.496,9.5,0.252,0.0,0.0,0.0,0.0,0.095,0.252,0.0,0.0,0.0,0.0,0.347,,,,,,,,,,189489,,,2.75620148633368e-05,Information
142990,1818.0,19393.80064,GIN,Guinea,Kankan,3.056297338,0.0,0.39,0.85,1818.0,1818.0,0.0,15.0,-9999.0,-9999.0,-9999.0,0.0,1.0,-999.9,-999.9,-999.9,-5997.4,0.0,0.0,0.0,0.0,0.0,0.0,0.0,0.0,0.0,0.0,0.0,-5997.4,1.08812,61.12594676,0.0,,238.938,1.232,71.812,0.37,0.0,0.0,0.0,0.0,0.71812,0.37,0.0,0.0,0.0,0.0,1.08812,0.84375,0.0043506170649095,8.296875,0.0427810678049438,0.01265625,0.0065259255973642,0.290390625,0.1497337373173033,0.4593065379146676,516190,,,0.0001745288229443,Information
145609,1953.0,6883.394074,GIN,Guinea,Nzérékoré,1.968407302,0.0,0.39,0.85,1953.0,,,,,,,,,,,,,,,,,,,,,,,,,0.2707629991821293,39.36814604,0.0,,37.188,0.54,8.875,0.129,0.0,0.0,0.0,0.0,0.08875,0.129,0.0,0.0,0.0,0.0,0.21775,1.125,0.0163436814453125,2.671875,0.0388162434326173,0.016875,0.0245155221679687,0.093515625,0.1358568520141605,0.2707629991821293,227128,,,3.1278871877130794e-08,Information
145760,1966.0,19693.45686,GIN,Guinea,Nzérékoré,4.019346379,0.0,0.39,0.85,1966.0,,,,,,,,,,,,,,,,,,,,,,,,,2.682204367140514,80.38692757999999,0.0,,61.75,0.314,19.438,0.099,0.688,0.003,0.0,0.0,0.19438,0.099,0.01032,0.0045,0.0,0.0,0.3082,9.984375,0.0506989457051197,46.546875,0.2363570567379526,0.149765625,0.0760484185576795,1.629140625,0.8272496985828341,2.682204367140514,1641597,,,0.0233198606754339,Information
145775,1971.0,13945.13186,GIN,Guinea,Kindia,4.012774055,3.14247856,0.39,0.85,1971.0,1971.0,0.0,15.0,-9999.0,-9999.0,-9999.0,0.0,1.0,-999.9,-999.9,-999.9,-5997.4,0.0,0.0,0.0,0.0,0.0,0.0,0.0,0.0,0.0,0.0,0.0,-5997.4,48.51547779108202,80.25548110000001,62.8495712,3.0,365.312,2.62,234.0,1.678,0.0,0.0,0.25,0.002,2.34,1.678,0.0,0.0,0.00625,0.005,4.029249999999999,213.46875,1.530776131637592,715.78125,5.132839598178752,3.20203125,2.296164197456388,25.05234375,17.964938593625632,48.51547779108202,3572609,36887.0,1.0324947398385886,0.8156755200825754,Warning
145776,1972.0,16840.37685,GIN,Guinea,Mamou,3.074237456,0.0,0.39,0.85,1972.0,1972.0,0.0,15.0,-9999.0,-9999.0,-9999.0,0.0,1.0,-999.9,-999.9,-999.9,-5997.400000000001,0.0,0.0,0.0,0.0,0.0,0.0,0.0,0.0,0.0,0.0,0.0,-5997.400000000001,12.231876379716386,61.48474912,0.0,,,,,,,,,,,,,,,,,105.75,0.627955068721342,173.953125,1.03295268618125,1.58625,0.941932603082013,6.088359375,3.615334401634376,12.231876379716386,1117718,,,0.1256889656629382,Information
145777,1973.0,15536.90066,GIN,Guinea,Boké,3.762786219,4.0068335,0.39,0.85,1973.0,1973.0,0.0,12.0,-9999.0,-9999.0,-9999.0,0.0,1.0,-999.9,-999.9,-999.9,-5997.4,0.0,0.0,0.0,0.0,0.0,0.0,0.0,0.0,0.0,0.0,0.0,-5997.4,52.68036432883832,75.25572438,80.13667,3.0,8.0,0.051,7.0,0.045,0.062,0.0,0.125,0.001,0.07,0.045,0.0009299999999999,0.0,0.003125,0.0025,0.121555,273.65625,1.7613310145629777,798.46875,5.13917651628396,4.10484375,2.6419965218444665,27.94640625,17.98711780699386,52.68036432883832,788568,18787.0,2.3824197786367187,0.8353109942389996,Warning
145778,1974.0,8133.994685,GIN,Guinea,Boké,3.793331635,0.0,0.39,0.85,1974.0,1974.0,0.0,15.0,-9999.0,-9999.0,-9999.0,0.0,1.0,-999.9,-999.9,-999.9,-5997.4,0.0,0.0,0.0,0.0,0.0,0.0,0.0,0.0,0.0,0.0,0.0,-5997.4,2.6632719710420525,75.8666327,0.0,,,,,,,,,,,,,,,,,9.421875,0.1158333065742407,30.09375,0.369975038908769,0.141328125,0.173749959861361,1.05328125,1.2949126361806915,2.6632719710420525,208209,,,0.0137607660225039,Information
145780,1976.0,24453.97199,GIN,Guinea,Boké,3.143297208,0.238445342,0.39,0.85,1976.0,1976.0,0.0,11.0,-9999.0,-9999.0,-9999.0,0.0,1.0,-999.9,-999.9,-999.9,-5997.4,0.0,0.0,0.0,0.0,0.0,0.0,0.0,0.0,0.0,0.0,0.0,-5997.4,1.1640195978373025,62.86594416,4.76890684,,,,,,,,,,,,,,,,,4.21875,0.0172517986129686,21.796875,0.0891342928336713,0.06328125,0.0258776979194529,0.762890625,0.3119700249178495,1.1640195978373025,684834,,,0.0002674365617835,Information
145804,1989.0,6485.597663,GIN,Guinea,Boké,2.330832101,0.0,0.39,0.85,1989.0,1989.0,0.0,15.0,-9999.0,-9999.0,-9999.0,0.0,1.0,-999.9,-999.9,-999.9,-5997.4,0.0,0.0,0.0,0.0,0.0,0.0,0.0,0.0,0.0,0.0,0.0,-5997.4,-5997.4,46.61664202,0.0,,,,,,,,,,,,,,,,,,,,,,,,,,127759,,,,
145809,1994.0,15543.22238,GIN,Guinea,Labé,1.842927375,0.0,0.39,0.85,1994.0,1994.0,0.0,15.0,-9999.0,-9999.0,-9999.0,0.0,1.0,-999.9,-999.9,-999.9,-5997.4,0.0,0.0,0.0,0.0,0.0,0.0,0.0,0.0,0.0,0.0,0.0,-5997.4,-5997.4,36.8585475,0.0,,,,,,,,,,,,,,,,,,,,,,,,,,372702,,,,
146807,2050.0,9705.395654,GIN,Guinea,Faranah,3.51798981,0.0,0.39,0.85,2050.0,2050.0,0.0,13.0,-9999.0,-9999.0,-9999.0,0.0,1.0,-999.9,-999.9,-999.9,-5997.4,0.0,0.0,0.0,0.0,0.0,0.0,0.0,0.0,0.0,0.0,0.0,-5997.4,0.7908866031149455,70.3597962,0.0,,,,,,,,,,,,,,,,,0.703125,0.0072446814641686,10.828125,0.1115680945481979,0.010546875,0.0108670221962529,0.378984375,0.3904883309186926,0.7908866031149455,192347,,,0.0001451910471083,Information
146808,2051.0,4123.818949,GIN,Guinea,Mamou,3.338553192,0.0,0.39,0.85,2051.0,,,,,,,,,,,,,,,,,,,,,,,,,0.5905,66.77106384,0.0,,30.312,0.735,17.25,0.418,0.0,0.0,0.0,0.0,0.1725,0.418,0.0,0.0,0.0,0.0,0.5905,,,,,,,,,,276892,,,2.786391179449459e-05,Information
146809,2052.0,4472.408049,GIN,Guinea,Mamou,2.459618279,0.0,0.39,0.85,2052.0,2052.0,0.0,12.0,-9999.0,-9999.0,-9999.0,0.0,1.0,-999.9,-999.9,-999.9,-5997.4,0.0,0.0,0.0,0.0,0.0,0.0,0.0,0.0,0.0,0.0,0.0,-5997.4,-5997.4,49.19236558,0.0,,,,,,,,,,,,,,,,,,,,,,,,,,179296,,,,
143090,1842.0,9731.267925,TGO,Togo,Maritime,3.109034718,3.219892303,0.42,0.81,1842.0,1842.0,0.0,12.0,-9999.0,-9999.0,-9999.0,0.0,1.0,-999.9,-999.9,-999.9,-5995.400000000001,0.0,0.0,0.0,0.0,0.0,0.0,0.0,0.0,0.0,0.0,0.0,-5995.400000000001,24.13084000915135,62.18069436,64.39784606,,,,,,,,,,,,,,,,,0.0,0.0,340.03125,3.494213216900385,0.0,0.0,11.90109375,12.229746259151348,24.13084000915135,4752007,,,0.3486693466894979,Information
144202,1853.0,6038.46529,TGO,Togo,Kara,4.048087637,0.0,0.42,0.81,1853.0,1853.0,0.0,8.0,-9999.0,-9999.0,-9999.0,0.0,3.0,-999.9,-999.9,-999.9,-5993.8,0.0,0.0,0.0,0.0,0.0,0.0,0.0,0.0,0.0,0.0,0.0,-5993.8,-5993.8,80.96175274000001,0.0,,,,,,,,,,,,,,,,,,,,,,,,,,673230,,,,
144204,1855.0,6865.761434,TGO,Togo,Kara,2.483348219,0.0,0.42,0.81,1855.0,1855.0,0.0,13.0,-9999.0,-9999.0,-9999.0,0.0,1.0,-999.9,-999.9,-999.9,-5996.9,0.0,0.0,0.0,0.0,0.0,0.0,0.0,0.0,0.0,0.0,0.0,-5996.9,-5996.9,49.66696438,0.0,,,,,,,,,,,,,,,,,,,,,,,,,,573101,,,,
144101,1843.0,130.0000506,GHA,Ghana,Volta,4.062591614,4.009435355,0.53,0.65,1843.0,,,,,,,,,,,,,,,,,,,,,,,,,35.6496875,81.25183227999999,80.1887071,3.0,1.125,0.865,1.125,0.865,0.812,0.625,0.0,0.0,0.01125,0.865,0.01218,0.9375,0.0,0.0,1.82593,0.0,0.0,18.5625,14.278840595862372,0.0,0.0,0.6496875,35.0,35.6496875,32977,2161.0,6.553052127240197,0.7397725523697016,Watch
144103,1845.0,5045.634444,GHA,Ghana,Volta,4.075322273,0.0,0.53,0.65,1845.0,,,,,,,,,,,,,,,,,,,,,,,,,6.237552772273592,81.50644546000001,0.0,,6.625,0.131,6.625,0.131,1.0,0.02,0.0,0.0,0.06625,0.131,0.015,0.03,0.0,0.0,0.24225,0.0,0.0,59.765625,1.1845016849353118,0.0,0.0,2.091796875,4.145755897273592,6.237552772273592,852613,,,0.1385550127667495,Information
144106,1848.0,3049.133158,GHA,Ghana,Ashanti,2.75108349,0.0,0.53,0.65,1848.0,,,,,,,,,,,,,,,,,,,,,,,,,4.628008494188723,55.0216698,0.0,,5.438,0.178,3.938,0.129,0.0,0.0,0.0,0.0,0.03938,0.129,0.0,0.0,0.0,0.0,0.16838,0.5625,0.0184478660295902,30.65625,1.005408698612668,0.0084375,0.0276717990443852,1.07296875,3.518930445144338,4.628008494188723,99399,,,0.0114813646371003,Information
144201,1852.0,22205.01795,GHA,Ghana,Northern,3.192773189,0.0,0.53,0.65,1852.0,1852.0,0.0,15.0,-9999.0,-9999.0,-9999.0,0.0,1.0,-999.9,-999.9,-999.9,-5997.4,0.0,0.0,0.0,0.0,0.0,0.0,0.0,0.0,0.0,0.0,0.0,-5997.4,9.394180188040504,63.85546378,0.0,,,,,,,,,,,,,,,,,0.0,0.0,185.0625,0.8334264822972864,0.0,0.0,6.4771875,2.9169926880405024,9.394180188040504,1321386,,,0.0889200186336386,Information
144303,1863.0,2951.761689,GHA,Ghana,Brong Ahafo,2.86914559,0.0,0.53,0.65,1863.0,,,,,,,,,,,,,,,,,,,,,,,,,6.500468056730382,57.3829118,0.0,,3.812,0.129,3.562,0.121,0.0,0.0,0.0,0.0,0.03562,0.121,0.0,0.0,0.0,0.0,0.1566199999999999,0.0,0.0,42.328125,1.433995337637252,0.0,0.0,1.481484375,5.018983681730382,6.500468056730382,149473,,,0.0300280773018857,Information
144306,1866.0,8967.472895,GHA,Ghana,Brong Ahafo,2.133699018,0.0,0.53,0.65,1866.0,1866.0,0.0,14.0,2.0,-9999.0,-9999.0,0.0,1.0,0.2,-999.9,-999.9,-3997.2,0.0,0.0,0.0,0.0,0.0,0.0,0.0,0.0,0.0,0.0,0.0,-3997.2,1.9779876708401056,42.67398036,0.0,,,,,,,,,,,,,,,,,0.0,0.0,26.71875,0.2979518345257446,0.0,0.0,0.93515625,1.042831420840106,1.9779876708401056,612161,,,0.000380401995007,Information
144420,1871.0,6013.216376,GHA,Ghana,Northern,1.755477694,0.0,0.53,0.65,1871.0,,,,,,,,,,,,,,,,,,,,,,,,,0.63088,35.10955388,0.0,,40.5,0.674,23.688,0.394,0.0,0.0,0.0,0.0,0.2368799999999999,0.394,0.0,0.0,0.0,0.0,0.63088,,,,,,,,,,56949,,,1.7990642403528103e-06,Information
144430,1872.0,8325.352084,GHA,Ghana,Northern,1.022685476,0.0,0.53,0.65,1872.0,1872.0,0.0,15.0,-9999.0,-9999.0,-9999.0,0.0,1.0,-999.9,-999.9,-999.9,-5997.4,0.0,0.0,0.0,0.0,0.0,0.0,0.0,0.0,0.0,0.0,0.0,-5997.4,1.5355,20.45370952,0.0,,117.812,1.415,69.75,0.838,0.0,0.0,0.0,0.0,0.6975,0.838,0.0,0.0,0.0,0.0,1.5355,2.109375,0.0253367662869789,2.953125,0.0354714728017705,0.031640625,0.0380051494304683,0.103359375,0.1241501548061967,0.2971553042366651,379560,,,3.948855188411634e-05,Information
144440,1873.0,5363.350617,GHA,Ghana,Northern,0.676272805,0.0,0.53,0.65,1873.0,1873.0,0.0,15.0,-9999.0,-9999.0,-9999.0,0.0,1.0,-999.9,-999.9,-999.9,-5997.4,0.0,0.0,0.0,0.0,0.0,0.0,0.0,0.0,0.0,0.0,0.0,-5997.4,-5997.4,13.5254561,0.0,,,,,,,,,,,,,,,,,,,,,,,,,,368867,,,,
144460,1875.0,23842.34277,GHA,Ghana,Upper West,1.558046914,0.0,0.53,0.65,1875.0,1875.0,0.0,15.0,-9999.0,-9999.0,-9999.0,0.0,1.0,-999.9,-999.9,-999.9,-5997.4,0.0,0.0,0.0,0.0,0.0,0.0,0.0,0.0,0.0,0.0,0.0,-5997.4,0.91662,31.16093828,0.0,,91.562,0.384,64.562,0.271,0.0,0.0,0.0,0.0,0.64562,0.271,0.0,0.0,0.0,0.0,0.91662,2.25,0.0094369920827104,4.640625,0.0194637961705903,0.03375,0.0141554881240655,0.162421875,0.068123286597066,0.2784506497211316,829529,,,7.842798346819805e-06,Information
144470,1876.0,5352.589909,GHA,Ghana,Upper East,2.990102592,0.0,0.53,0.65,1876.0,1876.0,0.0,15.0,-9999.0,-9999.0,-9999.0,0.0,1.0,-999.9,-999.9,-999.9,-5997.4,0.0,0.0,0.0,0.0,0.0,0.0,0.0,0.0,0.0,0.0,0.0,-5997.4,0.6293799999999999,59.80205184,0.0,,28.75,0.537,21.938,0.41,0.0,0.0,0.0,0.0,0.21938,0.41,0.0,0.0,0.0,0.0,0.6293799999999999,0.0,0.0,4.5,0.0840714509468498,0.0,0.0,0.1575,0.2942500783139743,0.4517500783139743,726586,,,1.6134271078069973e-05,Information
144491,1878.0,3915.745902,GHA,Ghana,Upper East,1.19794999,0.0,0.53,0.65,1878.0,1878.0,0.0,15.0,-9999.0,-9999.0,-9999.0,0.0,1.0,-999.9,-999.9,-999.9,-5997.4,0.0,0.0,0.0,0.0,0.0,0.0,0.0,0.0,0.0,0.0,0.0,-5997.4,1.4767671008165868,23.9589998,0.0,,,,,,,,,,,,,,,,,5.0625,0.129285712789838,9.703125,0.2477976161805228,0.0759375,0.1939285691847569,0.339609375,0.8672916566318297,1.4767671008165868,756669,,,4.05007708019744e-05,Information
144503,1889.0,8198.732967,GHA,Ghana,Brong Ahafo,1.935196832,0.0,0.53,0.65,1889.0,1889.0,0.0,13.0,-9999.0,-9999.0,-9999.0,0.0,1.0,-999.9,-999.9,-999.9,-5997.4,0.0,0.0,0.0,0.0,0.0,0.0,0.0,0.0,0.0,0.0,0.0,-5997.4,0.3511635807652191,38.70393664,0.0,,,,,,,,,,,,,,,,,1.6875,0.0205824486149567,3.796875,0.0463105093836526,0.0253125,0.030873672922435,0.132890625,0.1620867828427841,0.3511635807652191,208011,,,1.2201993939693062e-07,Information
144504,1890.0,7236.697289,GHA,Ghana,Brong Ahafo,0.864281975,0.0,0.53,0.65,1890.0,,,,,,,,,,,,,,,,,,,,,,,,,0.1641240644874341,17.285639500000002,0.0,,27.562,0.381,4.375,0.06,0.0,0.0,0.0,0.0,0.04375,0.06,0.0,0.0,0.0,0.0,0.10375,0.0,0.0,1.96875,0.0272050898535526,0.0,0.0,0.06890625,0.095217814487434,0.1641240644874341,706143,,,2.44607027568851e-10,Information
144505,1891.0,1977.969685,GHA,Ghana,Brong Ahafo,2.136920136,0.0,0.53,0.65,1891.0,1891.0,0.0,11.0,-9999.0,-9999.0,-9999.0,0.0,1.0,-999.9,-999.9,-999.9,-5997.4,0.0,0.0,0.0,0.0,0.0,0.0,0.0,0.0,0.0,0.0,0.0,-5997.4,10.94281964596702,42.73840272,0.0,,13.875,0.701,5.688,0.288,0.0,0.0,0.0,0.0,0.05688,0.288,0.0,0.0,0.0,0.0,0.3448799999999999,20.390625,1.0308866283386908,42.890625,2.168416700988281,0.305859375,1.546329942508036,1.501171875,7.589458453458983,10.94281964596702,26129,,,0.0489676557292712,Information
144509,1895.0,4012.084244,GHA,Ghana,Upper West,1.326057513,0.0,0.53,0.65,1895.0,1895.0,0.0,15.0,-9999.0,-9999.0,-9999.0,0.0,1.0,-999.9,-999.9,-999.9,-5997.4,0.0,0.0,0.0,0.0,0.0,0.0,0.0,0.0,0.0,0.0,0.0,-5997.4,0.4395601034940605,26.52115026,0.0,,,,,,,,,,,,,,,,,1.828125,0.0455654689432714,2.8125,0.0701007214511867,0.027421875,0.0683482034149071,0.0984375,0.2453525250791534,0.4395601034940605,344037,,,1.535975504544137e-07,Information
145101,1916.0,2454.723756,GHA,Ghana,Greater Accra,3.637806139,3.037428032,0.53,0.65,1916.0,,,,,,,,,,,,,,,,,,,,,,,,,25.40773686509958,72.75612278,60.74856064000001,,111.688,4.55,55.062,2.243,4.875,0.199,0.188,0.008,0.55062,2.243,0.073125,0.2985,0.0046999999999999,0.02,3.189945,9.984375,0.406741287186765,138.796875,5.65427676694841,0.149765625,0.6101119307801475,4.857890625,19.78996868431944,25.40773686509958,4829547,,,0.4721863418245462,Advisory
145103,1918.0,6857.04681,GHA,Ghana,Central,4.121928144,0.0,0.53,0.65,1918.0,1918.0,0.0,12.0,-9999.0,-9999.0,-9999.0,0.0,1.0,-999.9,-999.9,-999.9,-5997.4,0.0,0.0,0.0,0.0,0.0,0.0,0.0,0.0,0.0,0.0,0.0,-5997.4,9.014283886074104,82.43856288,0.0,,13.125,0.191,12.812,0.187,1.875,0.027,0.0,0.0,0.1281199999999999,0.187,0.028125,0.0405,0.0,0.0,0.3837449999999999,38.390625,0.5598711233070875,88.3125,1.2879086646038496,0.575859375,0.8398066849606314,3.0909375,4.507680326113474,9.014283886074104,2692070,,,0.2524196000033312,Information
145104,1919.0,23354.55785,GHA,Ghana,Ashanti,2.185330874,0.0,0.53,0.65,1919.0,1919.0,0.0,13.0,-9999.0,-9999.0,-9999.0,0.0,1.0,-999.9,-999.9,-999.9,-5997.4,0.0,0.0,0.0,0.0,0.0,0.0,0.0,0.0,0.0,0.0,0.0,-5997.4,0.8093774865569832,43.70661748,0.0,,,,,,,,,,,,,,,,,3.65625,0.015655402358515,14.625,0.0626216094340602,0.05484375,0.0234831035377725,0.511875,0.2191756330192107,0.8093774865569832,7885533,,,1.1073534836158658e-05,Information
145106,1921.0,8497.850783,GHA,Ghana,Western,3.413137761,0.0,0.53,0.65,1921.0,1921.0,0.0,13.0,-9999.0,-9999.0,-9999.0,0.0,1.0,-999.9,-999.9,-999.9,-5997.4,0.0,0.0,0.0,0.0,0.0,0.0,0.0,0.0,0.0,0.0,0.0,-5997.4,0.3321272002757786,68.26275522,0.0,,,,,,,,,,,,,,,,,0.984375,0.0115838113081147,3.9375,0.046335245232459,0.014765625,0.017375716962172,0.1378125,0.1621733583136065,0.3321272002757786,615157,,,2.560994081632096e-06,Information
145108,1923.0,28216.96865,GHA,Ghana,Western,3.809880735,0.0,0.53,0.65,1923.0,1923.0,0.0,13.0,-9999.0,-9999.0,-9999.0,0.0,1.0,-999.9,-999.9,-999.9,-5997.4,0.0,0.0,0.0,0.0,0.0,0.0,0.0,0.0,0.0,0.0,0.0,-5997.4,2.263641263083395,76.1976147,0.0,,39.625,0.14,29.812,0.106,0.0,0.0,0.0,0.0,0.29812,0.106,0.0,0.0,0.0,0.0,0.40412,18.5625,0.0657848836575584,39.796875,0.1410388035991593,0.2784375,0.0986773254863375,1.392890625,0.4936358125970575,2.263641263083395,2724779,,,0.0093160482490781,Information
145731,1956.0,12678.41006,LBR,Liberia,River Gee,4.105131517,1.014015289,0.41,0.82,1956.0,1956.0,0.0,13.0,-9999.0,-9999.0,-9999.0,0.0,1.0,-999.9,-999.9,-999.9,-5997.4,0.0,0.0,0.0,0.0,0.0,0.0,0.0,0.0,0.0,0.0,0.0,-5997.4,9.364905112255004,82.10263034,20.28030578,,64.75,0.511,30.312,0.239,0.0,0.0,0.0,0.0,0.30312,0.239,0.0,0.0,0.0,0.0,0.5421199999999999,51.75,0.4081742093230838,127.40625,1.0049071566486794,0.77625,0.6122613139846257,4.45921875,3.517175048270378,9.364905112255004,301040,,,0.2585944988769399,Information
145732,1957.0,5673.786279,LBR,Liberia,Sinoe,4.057055444,0.0,0.41,0.82,1957.0,,,,,,,,,,,,,,,,,,,,,,,,,1.2819687044084778,81.14110888,0.0,,58.562,1.032,22.688,0.4,0.0,0.0,0.0,0.0,0.22688,0.4,0.0,0.0,0.0,0.0,0.62688,7.3125,0.1288821897855783,10.125,0.1784522627800315,0.1096875,0.1933232846783674,0.354375,0.6245829197301103,1.2819687044084778,41051,,,0.0035877510089248,Information
145733,1958.0,544.323744,LBR,Liberia,River Cess,4.111096963,1.485255661,0.41,0.82,1958.0,,,,,,,,,,,,,,,,,,,,,,,,,4.154261508347037,82.22193926,29.70511322,,2.5,0.459,1.625,0.299,0.0,0.0,0.0,0.0,0.01625,0.299,0.0,0.0,0.0,0.0,0.31525,3.796875,0.697539844920459,4.5,0.8267138902760996,0.056953125,1.0463097673806885,0.1575,2.8934986159663487,4.154261508347037,8493,,,0.0729966557219072,Information
145734,1959.0,12813.82738,LBR,Liberia,Nimba,3.563653996,0.0,0.41,0.82,1959.0,1959.0,0.0,13.0,2.0,-9999.0,-9999.0,0.0,1.0,0.2,-999.9,-999.9,-3997.2,0.0,0.0,0.0,0.0,0.0,0.0,0.0,0.0,0.0,0.0,0.0,-3997.2,2.044268829087504,71.27307992,0.0,,85.562,0.668,30.875,0.241,0.0,0.0,0.0,0.0,0.30875,0.241,0.0,0.0,0.0,0.0,0.54975,21.09375,0.1646170919940302,23.765625,0.185468590313274,0.31640625,0.2469256379910453,0.831796875,0.649140066096459,2.044268829087504,606270,,,0.0041112464200942,Information
145735,1960.0,4553.368058,LBR,Liberia,River Cess,4.108495093,0.278407364,0.41,0.82,1960.0,,,,,,,,,,,,,,,,,,,,,,,,,2.219875,82.16990186000001,5.56814728,,154.5,3.393,69.25,1.521,0.125,0.003,0.0,0.0,0.6925,1.521,0.001875,0.0045,0.0,0.0,2.219875,8.296875,0.1822140203592757,13.78125,0.3026605761899834,0.124453125,0.2733210305389135,0.48234375,1.059312016664942,1.939429922203856,196004,,,0.0186057021209293,Information
145736,1961.0,16263.69733,LBR,Liberia,Bong,4.029213741,0.0,0.41,0.82,1961.0,1961.0,0.0,15.0,-9999.0,-9999.0,-9999.0,0.0,1.0,-999.9,-999.9,-999.9,-5997.4,0.0,0.0,0.0,0.0,0.0,0.0,0.0,0.0,0.0,0.0,0.0,-5997.4,0.8676899999999999,80.58427482,0.0,,196.688,1.209,53.062,0.326,0.438,0.003,0.0,0.0,0.53062,0.326,0.00657,0.0045,0.0,0.0,0.8676899999999999,3.65625,0.0224810504324811,11.671875,0.0717664302267667,0.05484375,0.0337215756487216,0.408515625,0.2511825057936834,0.7482634564424051,815656,,,0.000941777322879,Information
145737,1962.0,1036.029907,LBR,Liberia,GrandBassa,4.013225329,0.0,0.41,0.82,1962.0,,,,,,,,,,,,,,,,,,,,,,,,,24.47682957499676,80.26450658,0.0,,4.688,0.452,2.5,0.241,0.062,0.006,0.0,0.0,0.025,0.241,0.0009299999999999,0.009,0.0,0.0,0.27593,38.671875,3.7326987121322577,49.078125,4.737134001942392,0.580078125,5.599048068198386,1.717734375,16.579969006798372,24.47682957499676,29731,,,0.5852364922234802,Advisory
145738,1963.0,5001.806229,LBR,Liberia,Margibi,4.019874097,0.0,0.41,0.82,1963.0,,,,,,,,,,,,,,,,,,,,,,,,,3.365752021856116,80.39748193999999,0.0,,131.062,2.62,61.75,1.235,0.062,0.001,0.062,0.001,0.6175,1.235,0.0009299999999999,0.0015,0.00155,0.0025,1.85898,16.734375,0.3345666392241576,24.890625,0.4976327322913941,0.251015625,0.5018499588362364,0.871171875,1.7417145630198794,3.365752021856116,615357,,,0.0390340904400802,Information
145740,1964.0,20453.84883,LBR,Liberia,Lofa,4.094416632,0.0,0.41,0.82,1964.0,1964.0,0.0,15.0,-9999.0,-9999.0,-9999.0,0.0,1.0,-999.9,-999.9,-999.9,-5997.4,0.0,0.0,0.0,0.0,0.0,0.0,0.0,0.0,0.0,0.0,0.0,-5997.4,1.02225,81.88833263999999,0.0,,175.312,0.857,68.625,0.336,0.0,0.0,0.0,0.0,0.68625,0.336,0.0,0.0,0.0,0.0,1.02225,2.390625,0.0116878980578817,13.78125,0.0673772946866122,0.035859375,0.0175318470868225,0.48234375,0.2358205314031427,0.7715555034899653,1107140,,,0.0020230168680704,Information
145750,1965.0,21590.23669,LBR,Liberia,Gbapolu,4.108778664,0.0,0.41,0.82,1965.0,1965.0,0.0,15.0,-9999.0,-9999.0,-9999.0,0.0,1.0,-999.9,-999.9,-999.9,-5997.4,0.0,0.0,0.0,0.0,0.0,0.0,0.0,0.0,0.0,0.0,0.0,-5997.4,5.259190004536561,82.17557328,0.0,,144.562,0.67,78.938,0.366,0.688,0.003,0.188,0.001,0.78938,0.366,0.01032,0.0045,0.0046999999999999,0.0025,1.1774,41.765625,0.1934468139074173,84.796875,0.3927556524786957,0.626484375,0.290170220861126,2.967890625,1.374644783675435,5.259190004536561,696568,,,0.1111201205176488,Information
145739,16047.0,199.0520707,LBR,Liberia,Montserrado,4.297890997,0.0,0.41,0.82,16047.0,,,,,,,,,,,,,,,,,,,,,,,,,46.18290495434864,85.95781994,0.0,3.0,38.0,19.09,16.875,8.478,0.5,0.251,0.25,0.126,0.16875,8.478,0.0075,0.3765,0.00625,0.315,9.352,13.5,6.782144969565763,23.0625,11.58616432300818,0.2025,10.173217454348643,0.8071875,35.0,46.18290495434864,1017385,66447.0,6.531155855452951,0.8830836854639799,Warning
145772,1968.0,18580.32612,SLE,Sierra Leone,Eastern,4.000077686,0.0,0.39,0.85,1968.0,,,,,,,,,,,,,,,,,,,,,,,,,2.5081132130401667,80.00155372,0.0,,76.562,0.412,35.062,0.189,0.25,0.001,0.0,0.0,0.35062,0.189,0.00375,0.0015,0.0,0.0,0.54487,12.234375,0.0658458571880073,41.34375,0.222513586359473,0.183515625,0.0987687857820109,1.44703125,0.7787975522581555,2.5081132130401667,1542563,,,0.0189412502244295,Information
145773,1969.0,26781.62721,SLE,Sierra Leone,Northern,4.002718072,1.500713095,0.39,0.85,1969.0,,,,,,,,,,,,,,,,,,,,,,,,,43.271451313406615,80.05436144000001,30.0142619,3.0,367.875,1.374,190.938,0.713,13.188,0.049,0.5,0.002,1.90938,0.713,0.19782,0.0735,0.0125,0.005,2.9112,225.5625,0.842228510676376,803.53125,3.0003077992548715,3.3834375,1.263342766014564,28.12359375,10.501077297392053,43.271451313406615,3105357,30012.0,0.9664589288767764,0.7806772711477348,Watch
145774,1970.0,18669.51979,SLE,Sierra Leone,Northern,4.058641379,0.0,0.39,0.85,1970.0,1970.0,0.0,1.0,-9999.0,-9999.0,-9999.0,0.0,10.0,-999.9,-999.9,-999.9,-5979.4,0.0,0.0,0.0,0.0,0.0,0.0,0.0,0.0,0.0,0.0,0.0,-5979.4,2.1615,81.17282758,0.0,,347.125,1.859,140.75,0.754,0.0,0.0,0.0,0.0,1.4075,0.754,0.0,0.0,0.0,0.0,2.1615,2.671875,0.0143114286284951,15.46875,0.0828556394281296,0.040078125,0.0214671429427426,0.54140625,0.2899947379984536,0.8929462559411963,903807,,,0.0152130464927266,Information
145779,1975.0,8068.768339,GNB,Guinea-Bissau,Tombali,4.205762897,4.000717742,0.42,0.81,1975.0,,,,,,,,,,,,,,,,,,,,,,,,,78.36081018874077,84.11525793999999,80.01435484,3.0,69.438,0.861,66.688,0.826,0.0,0.0,0.125,0.002,0.66688,0.826,0.0,0.0,0.003125,0.005,1.501005,248.90625,3.0848109591605115,1055.8125,13.085175526201764,3.73359375,4.627216438740767,35.0,35.0,78.36081018874077,214383,6303.0,2.940065210394481,0.9447516852356984,Warning
145793,1979.0,1339.420995,GNB,Guinea-Bissau,Oio,3.236846699,3.138074567,0.42,0.81,1979.0,,,,,,,,,,,,,,,,,,,,,,,,,55.33495598544635,64.73693398,62.76149134,3.0,1.625,0.121,1.625,0.121,0.0,0.0,0.0,0.0,0.01625,0.121,0.0,0.0,0.0,0.0,0.1372499999999999,110.25,8.231168573630898,180.984375,13.512135145743578,1.65375,12.346752860446347,6.334453125,35.0,55.33495598544635,677841,1542.0,0.22748697703443727,0.6738497838843553,Watch
145795,1981.0,1859.194187,GNB,Guinea-Bissau,Cacheu,3.277155582,2.783129536,0.42,0.81,1981.0,,,,,,,,,,,,,,,,,,,,,,,,,75.95375,65.54311163999999,55.66259072,3.0,6.938,0.373,5.75,0.309,0.0,0.0,0.0,0.0,0.0575,0.309,0.0,0.0,0.0,0.0,0.3665,447.609375,24.075450439098272,549.703125,29.56674073717724,6.714140625,15.0,19.239609375,35.0,75.95375,78072,2142.0,2.7436212726713802,0.7853574738600563,Watch
145797,1983.0,2167.649063,SEN,Senegal,Ziguinchor,0.309667806,4.001851596,0.48,0.72,1983.0,,,,,,,,,,,,,,,,,,,,,,,,,79.256328125,6.19335612,80.03703192,3.0,13.875,0.64,9.812,0.453,0.0,0.0,0.0,0.0,0.09812,0.453,0.0,0.0,0.0,0.0,0.55112,521.4375,24.0554390937158,612.421875,28.25281479318562,7.8215625,15.0,21.434765625,35.0,79.256328125,129895,4313.0,3.320374148350591,0.916023066286147,Warning
145798,1984.0,14901.17454,SEN,Senegal,Sédhiou,2.729448684,3.341140007,0.48,0.72,1984.0,1984.0,0.0,10.0,-9999.0,-9999.0,-9999.0,0.0,1.0,-999.9,-999.9,-999.9,-5997.4,0.0,0.0,0.0,0.0,0.0,0.0,0.0,0.0,0.0,0.0,0.0,-5997.4,7.344823591979328,54.58897368,66.82280014,,,,,,,,,,,,,,,,,63.0,0.422785464471841,98.578125,0.6615460057918762,0.945,0.6341781967077615,3.450234375,2.3154110202715668,7.344823591979328,1215290,,,0.0657942726347624,Information
145799,1985.0,8459.520025,SEN,Senegal,Ziguinchor,2.17905703,3.015439027,0.48,0.72,1985.0,,,,,,,,,,,,,,,,,,,,,,,,,91.18494988808416,43.5811406,60.30878054,3.0,18.25,0.216,14.188,0.168,0.0,0.0,0.0,0.0,0.14188,0.168,0.0,0.0,0.0,0.0,0.30988,715.21875,8.454602008722762,936.421875,11.069444509650978,10.72828125,12.681903013084144,32.774765625,35.0,91.18494988808416,1996255,30273.0,1.516489626826232,0.7972277501004267,Warning
145805,1990.0,576.6673068,SEN,Senegal,Tambacounda,4.001762536,0.0,0.48,0.72,1990.0,1990.0,0.0,15.0,-9999.0,-9999.0,-9999.0,0.0,1.0,-999.9,-999.9,-999.9,-5997.4,0.0,0.0,0.0,0.0,0.0,0.0,0.0,0.0,0.0,0.0,0.0,-5997.4,-5997.4,80.03525072000001,0.0,,,,,,,,,,,,,,,,,,,,,,,,,,8986,,,,
145807,1992.0,1166.245325,SEN,Senegal,Tambacounda,3.83031401,0.0,0.48,0.72,1992.0,1992.0,0.0,15.0,-9999.0,-9999.0,-9999.0,0.0,1.0,-999.9,-999.9,-999.9,-5997.4,0.0,0.0,0.0,0.0,0.0,0.0,0.0,0.0,0.0,0.0,0.0,-5997.4,-5997.4,76.6062802,0.0,,,,,,,,,,,,,,,,,,,,,,,,,,3088,,,,
145903,1996.0,68.21032305,SEN,Senegal,Fatick,2.10382147,4.061734645,0.48,0.72,1996.0,,,,,,,,,,,,,,,,,,,,,,,,,47.43816093979789,42.0764294,81.2346929,3.0,0.75,1.1,0.375,0.55,0.0,0.0,0.0,0.0,0.00375,0.55,0.0,0.0,0.0,0.0,0.5537500000000001,5.484375,8.040388543198594,8.4375,12.369828527997836,0.082265625,12.06058281479789,0.2953125,35.0,47.43816093979789,2577,44.0,1.7074117190531626,0.8231450155215114,Warning
145904,1997.0,630.2618033,SEN,Senegal,Fatick,1.048126727,3.052032803,0.48,0.72,1997.0,,,,,,,,,,,,,,,,,,,,,,,,,20.018335098200176,20.96253454,61.04065606,,1.062,0.169,0.875,0.139,0.0,0.0,0.0,0.0,0.00875,0.139,0.0,0.0,0.0,0.0,0.14775,14.484375,2.298152120988884,27.703125,4.395494833347672,0.217265625,3.447228181483326,0.969609375,15.384231916716852,20.018335098200176,95561,,,0.2527470888446785,Information
146380,2021.0,30059.85525,SEN,Senegal,Kédougou,3.511379747,0.0,0.48,0.72,2021.0,2021.0,0.0,15.0,-9999.0,-9999.0,-9999.0,0.0,1.0,-999.9,-999.9,-999.9,-5997.4,0.0,0.0,0.0,0.0,0.0,0.0,0.0,0.0,0.0,0.0,0.0,-5997.4,0.2492508609847496,70.22759494,0.0,,,,,,,,,,,,,,,,,0.984375,0.0032747163676184,4.921875,0.016373581838092,0.014765625,0.0049120745514276,0.172265625,0.057307536433322,0.2492508609847496,466736,,,8.640177578621272e-07,Information
145901,16048.0,2863.633256,SEN,Senegal,Fatick,1.544223816,4.002004453,0.48,0.72,16048.0,,,,,,,,,,,,,,,,,,,,,,,,,72.3846875,30.88447632,80.04008905999999,3.0,31.812,1.111,28.438,0.993,0.0,0.0,0.0,0.0,0.2843799999999999,0.993,0.0,0.0,0.0,0.0,1.27738,364.21875,12.71876380403775,483.46875,16.883054037946636,5.46328125,15.0,16.92140625,35.0,72.3846875,323725,8891.0,2.7464669086415943,0.9011738245336084,Warning
145803,1988.0,5779.721208,GMB,Gambia,Upper River,4.020648475,0.0,0.47,0.74,1988.0,1988.0,0.0,15.0,-9999.0,-9999.0,-9999.0,0.0,1.0,-999.9,-999.9,-999.9,-5997.4,0.0,0.0,0.0,0.0,0.0,0.0,0.0,0.0,0.0,0.0,0.0,-5997.4,0.3436196621607191,80.4129695,0.0,,,,,,,,,,,,,,,,,1.828125,0.0316299858445737,2.8125,0.0486615166839596,0.027421875,0.0474449787668605,0.0984375,0.1703153083938586,0.3436196621607191,464073,,,2.6375960968677924e-05,Information
151197,2120.0,7014.17158,ESH,Western Sahara,Oued el Dahab,0.0,2.607587468,-9999.0,0.6,2120.0,,,,,,,,,,,,,,,,,,,,,,,,,7.337318452538751,0.0,52.15174936,,4.688,0.067,4.438,0.063,0.062,0.001,0.0,0.0,0.0443799999999999,0.063,0.0009299999999999,0.0015,0.0,0.0,0.10981,26.4375,0.3769155016630801,75.09375,1.0706004142983232,0.3965625,0.5653732524946201,2.62828125,3.747101450044131,7.337318452538751,287193,,,0.0303921580951317,Information
151300,2147.0,26741.39611,ESH,Western Sahara,Laayoune,3.220267632,3.020473744,-9999.0,0.6,2147.0,,,,,,,,,,,,,,,,,,,,,,,,,2.9397206954107937,64.40535264,60.40947488,,47.625,0.178,26.25,0.098,3.5,0.013,0.0,0.0,0.2625,0.098,0.0525,0.0195,0.0,0.0,0.4325,23.203125,0.0867685625157942,51.1875,0.1914167076106007,0.348046875,0.1301528437736913,1.7915625,0.6699584766371025,2.9397206954107937,162455,,,0.0063177502972489,Information
151408,2156.0,7510.134406,MAR,Morocco,Souss - Massa - Draâ,2.367443006,0.0,0.55,0.63,2156.0,,,,,,,,,,,,,,,,,,,,,,,,,2.693468330083994,47.34886012,0.0,,5.375,0.072,5.375,0.072,5.0,0.067,4.188,0.056,0.05375,0.072,0.075,0.1005,0.1046999999999999,0.14,0.54595,15.328125,0.2040992101085275,26.4375,0.3520243256917722,0.229921875,0.3061488151627912,0.9253125,1.2320851399212027,2.693468330083994,218314,,,0.0014752036900422,Information
151501,2158.0,3407.043209,MAR,Morocco,Guelmim - Es-Semara,0.268627041,2.319455129,0.55,0.63,2158.0,,,,,,,,,,,,,,,,,,,,,,,,,0.581041566637661,5.37254082,46.38910258,,6.688,0.196,5.188,0.152,0.125,0.004,0.0,0.0,0.0518799999999999,0.152,0.001875,0.006,0.0,0.0,0.211755,0.984375,0.0288923544425107,3.796875,0.11144193856397,0.014765625,0.043338531663766,0.132890625,0.390046784973895,0.581041566637661,5105,,,3.0242713942880088e-06,Information
151506,2163.0,17330.95509,MAR,Morocco,Souss - Massa - Draâ,1.958404314,0.229177911,0.55,0.63,2163.0,2163.0,0.0,1.0,-9999.0,-9999.0,-9999.0,0.0,10.0,-999.9,-999.9,-999.9,-5979.4,0.0,0.0,0.0,0.0,0.0,0.0,0.0,0.0,0.0,0.0,0.0,-5979.4,1.2784806482613948,39.16808628,4.5835582200000005,,,,,,,,,,,,,,,,,10.40625,0.0600442961341599,18.703125,0.1079174511600443,0.15609375,0.0900664442012398,0.654609375,0.377711079060155,1.2784806482613948,2032641,,,5.612957258424201e-05,Information
151507,2164.0,7678.300085,MAR,Morocco,Marrakech - Tensift - Al Haouz,1.657663151,3.027505847,0.55,0.63,2164.0,,,,,,,,,,,,,,,,,,,,,,,,,2.629020575584783,33.15326302,60.55011694,,25.375,0.33,14.938,0.195,0.812,0.011,0.312,0.004,0.14938,0.195,0.01218,0.0165,0.0078,0.01,0.39086,11.8125,0.1538426457501499,27.5625,0.3589661734170166,0.1771875,0.2307639686252248,0.9646875,1.256381606959558,2.629020575584783,801628,,,0.0033802233695143,Information
151508,2165.0,20389.72858,MAR,Morocco,Marrakech - Tensift - Al Haouz,1.396385596,0.0,0.55,0.63,2165.0,2165.0,0.0,1.0,-9999.0,-9999.0,-9999.0,0.0,10.0,-999.9,-999.9,-999.9,-5979.4,0.0,0.0,0.0,0.0,0.0,0.0,0.0,0.0,0.0,0.0,0.0,-5979.4,1.5488963290480842,27.92771192,0.0,,12.188,0.06,7.188,0.035,0.75,0.004,0.0,0.0,0.07188,0.035,0.01125,0.006,0.0,0.0,0.12413,3.65625,0.017931822808187,28.125,0.1379370985245153,0.05484375,0.0268977342122805,0.984375,0.4827798448358035,1.5488963290480842,2871091,,,6.148534325518579e-05,Information
151509,2166.0,10278.29857,MAR,Morocco,Doukkala - Abda,4.006752117,1.920861206,0.55,0.63,2166.0,,,,,,,,,,,,,,,,,,,,,,,,,2.82991239444657,80.13504233999998,38.41722412,,24.375,0.237,19.438,0.189,0.75,0.007,0.0,0.0,0.19438,0.189,0.01125,0.0105,0.0,0.0,0.40513,7.03125,0.0684086958062044,37.96875,0.3694069573535037,0.10546875,0.1026130437093066,1.32890625,1.292924350737263,2.82991239444657,1877005,,,0.0256649436645458,Information
151600,2167.0,2652.75354,MAR,Morocco,Marrakech - Tensift - Al Haouz,0.319435207,0.0,0.55,0.63,2167.0,,,,,,,,,,,,,,,,,,,,,,,,,0.27845,6.38870414,0.0,,5.438,0.205,5.188,0.196,0.438,0.016,0.0,0.0,0.0518799999999999,0.196,0.00657,0.024,0.0,0.0,0.27845,,,,,,,,,,175979,,,2.983716840933002e-09,Information
151603,2170.0,6738.391357,MAR,Morocco,Chaouia - Ouardigha,1.848742338,0.0,0.55,0.63,2170.0,,,,,,,,,,,,,,,,,,,,,,,,,1.3760750000000002,36.974846760000005,0.0,,23.0,0.341,16.188,0.24,14.688,0.218,6.875,0.102,0.16188,0.24,0.22032,0.327,0.171875,0.255,1.3760750000000002,0.703125,0.0104346121015213,6.46875,0.0959984313339965,0.010546875,0.0156519181522819,0.22640625,0.3359945096689877,0.5885995528212697,420475,,,6.557243256985899e-05,Information
151604,2171.0,6396.800197,MAR,Morocco,Tadla - Azilal,4.021007205,0.0,0.55,0.63,2171.0,,,,,,,,,,,,,,,,,,,,,,,,,1.4292297442793551,80.4201441,0.0,,3.062,0.048,2.625,0.041,1.312,0.021,0.0,0.0,0.02625,0.041,0.01968,0.0315,0.0,0.0,0.11843,5.34375,0.0835378601074792,13.640625,0.213241379748039,0.08015625,0.1253067901612188,0.477421875,0.7463448291181365,1.4292297442793551,645498,,,0.0044305685611092,Information
151605,2172.0,1753.061037,MAR,Morocco,Chaouia - Ouardigha,0.895843323,0.0,0.55,0.63,2172.0,,,,,,,,,,,,,,,,,,,,,,,,,0.2244299999999999,17.91686646,0.0,,2.875,0.164,2.5,0.143,0.562,0.032,0.0,0.0,0.025,0.143,0.00843,0.048,0.0,0.0,0.2244299999999999,,,,,,,,,,295333,,,1.7964335861712192e-09,Information
151606,2173.0,8012.288458,MAR,Morocco,Tadla - Azilal,1.566549737,0.0,0.55,0.63,2173.0,2173.0,0.0,1.0,-9999.0,-9999.0,-9999.0,0.0,10.0,-999.9,-999.9,-999.9,-5979.4,0.0,0.0,0.0,0.0,0.0,0.0,0.0,0.0,0.0,0.0,0.0,-5979.4,3.273595052717451,31.33099474,0.0,,5.625,0.07,5.062,0.063,3.188,0.04,0.5,0.006,0.05062,0.063,0.04782,0.06,0.0125,0.015,0.24894,22.921875,0.2860839961061753,31.78125,0.3966563381594824,0.343828125,0.4291259941592629,1.11234375,1.3882971835581883,3.273595052717451,294914,,,0.0011695702893513,Information
151607,2174.0,7433.55876,MAR,Morocco,Tadla - Azilal,2.034219397,0.0,0.55,0.63,2174.0,2174.0,0.0,1.0,-9999.0,-9999.0,-9999.0,0.0,10.0,-999.9,-999.9,-999.9,-5979.4,0.0,0.0,0.0,0.0,0.0,0.0,0.0,0.0,0.0,0.0,0.0,-5979.4,2.1964738428794663,40.68438794000001,0.0,,,,,,,,,,,,,,,,,13.21875,0.1778253246706754,21.09375,0.2837638159638438,0.19828125,0.2667379870060131,0.73828125,0.9931733558734532,2.1964738428794663,1356906,,,0.0004903264459333,Information
151700,2177.0,20144.00805,MAR,Morocco,Chaouia - Ouardigha,4.01732167,1.627378202,0.55,0.63,2177.0,,,,,,,,,,,,,,,,,,,,,,,,,5.294540600848344,80.34643340000001,32.54756404,,23.0,0.114,19.75,0.098,1.875,0.009,0.562,0.003,0.1975,0.098,0.028125,0.0134999999999999,0.01405,0.0075,0.358675,5.203125,0.0258296411889462,98.859375,0.4907631825899784,0.078046875,0.0387444617834192,3.460078125,1.7176711390649244,5.294540600848344,8819064,,,0.094830501203151,Information
151801,2178.0,951.559456,MAR,Morocco,Gharb - Chrarda - Béni Hssen,2.968116982,0.0,0.55,0.63,2178.0,,,,,,,,,,,,,,,,,,,,,,,,,2.5409857165997245,59.36233964,0.0,,5.5,0.578,5.062,0.532,0.0,0.0,0.0,0.0,0.05062,0.532,0.0,0.0,0.0,0.0,0.58262,1.265625,0.1330053515885192,5.765625,0.6059132683476988,0.018984375,0.1995080273827787,0.201796875,2.1206964392169456,2.5409857165997245,605358,,,0.0027844270564431,Information
151804,2181.0,7300.982987,MAR,Morocco,Taza - Al Hoceima - Taounate,1.14821651,0.0,0.55,0.63,2181.0,,,,,,,,,,,,,,,,,,,,,,,,,5.778313108807147,22.9643302,0.0,,6.25,0.086,6.125,0.084,5.062,0.069,1.062,0.015,0.06125,0.084,0.07593,0.1035,0.02655,0.0375,0.3887299999999999,2.109375,0.0288916575156327,68.765625,0.941868035009628,0.031640625,0.043337486273449,2.406796875,3.296538122533698,5.778313108807147,912654,,,0.0047966116805276,Information
151808,2185.0,5170.34475,MAR,Morocco,Taza - Al Hoceima - Taounate,3.658159758,0.0,0.55,0.63,2185.0,,,,,,,,,,,,,,,,,,,,,,,,,3.461787812017203,73.16319516,0.0,,2.625,0.051,2.375,0.046,1.375,0.027,1.562,0.03,0.02375,0.046,0.020625,0.0405,0.03905,0.075,0.244925,3.515625,0.067995949404565,32.203125,0.6228428965458158,0.052734375,0.1019939241068475,1.127109375,2.1799501379103554,3.461787812017203,581311,,,0.0202805339169047,Information
151900,2187.0,7430.704481,MAR,Morocco,Tanger - Tétouan,2.705613957,2.272497776,0.55,0.63,2187.0,2187.0,0.0,1.0,-9999.0,-9999.0,-9999.0,0.0,10.0,-999.9,-999.9,-999.9,-5979.4,0.0,0.0,0.0,0.0,0.0,0.0,0.0,0.0,0.0,0.0,0.0,-5979.4,12.208619844209208,54.112279140000005,45.44995552,,9.688,0.13,6.688,0.09,8.062,0.109,2.875,0.039,0.06688,0.09,0.12093,0.1635,0.071875,0.0975,0.610685,8.015625,0.1078716697838219,145.265625,1.9549374541524216,0.120234375,0.1618075046757328,5.084296875,6.842281089533476,12.208619844209208,2271242,,,0.0927423372675786,Information
153010,2188.0,12969.05111,MAR,Morocco,Taza - Al Hoceima - Taounate,4.127568839,0.404054866,0.55,0.63,2188.0,2188.0,0.0,1.0,-9999.0,-9999.0,-9999.0,0.0,10.0,-999.9,-999.9,-999.9,-5979.4,0.0,0.0,0.0,0.0,0.0,0.0,0.0,0.0,0.0,0.0,0.0,-5979.4,9.046967094502165,82.55137678,8.08109732,,13.188,0.102,9.312,0.072,0.5,0.004,0.0,0.0,0.09312,0.072,0.0075,0.006,0.0,0.0,0.17862,6.1875,0.0477097356250778,143.296875,1.104914104589871,0.0928125,0.0715646034376167,5.015390625,3.867199366064548,9.046967094502165,2392415,,,0.2556447388010351,Information
153023,2191.0,1463.514102,MAR,Morocco,Oriental,0.894057498,0.0,0.55,0.63,2191.0,,,,,,,,,,,,,,,,,,,,,,,,,4.951229867378991,17.881149960000002,0.0,,3.25,0.222,3.25,0.222,0.0,0.0,0.0,0.0,0.0325,0.222,0.0,0.0,0.0,0.0,0.2545,7.03125,0.4804360948141258,15.046875,1.0281332429022294,0.10546875,0.7206541422211887,0.526640625,3.598466350157803,4.951229867378991,20072,,,0.0024884000126694,Information
154307,2257.0,6462.973766,MAR,Morocco,Meknès - Tafilalet,4.08669887,0.0,0.55,0.63,2257.0,,,,,,,,,,,,,,,,,,,,,,,,,1.6710524312117632,81.7339774,0.0,,2.375,0.037,2.375,0.037,1.875,0.029,0.5,0.008,0.02375,0.037,0.028125,0.0435,0.0125,0.02,0.164875,13.21875,0.2045304604156608,13.078125,0.202354604453792,0.19828125,0.3067956906234912,0.457734375,0.708241115588272,1.6710524312117632,122899,,,0.0083878076401928,Information
154309,2259.0,5745.275559,MAR,Morocco,Meknès - Tafilalet,3.454982954,0.0,0.55,0.63,2259.0,,,,,,,,,,,,,,,,,,,,,,,,,2.102309692408012,69.09965908000001,0.0,,3.188,0.055,1.125,0.02,2.0,0.035,0.0,0.0,0.01125,0.02,0.03,0.0525,0.0,0.0,0.11375,15.046875,0.261899970600655,15.46875,0.2692429604305799,0.225703125,0.3928499559009825,0.54140625,0.9423503615070296,2.102309692408012,215770,,,0.0035969702756943,Information
154529,2273.0,13828.71098,MAR,Morocco,Oriental,0.269751131,0.0,0.55,0.63,2273.0,,,,,,,,,,,,,,,,,,,,,,,,,1.0019750309470972,5.39502262,0.0,,5.5,0.04,4.812,0.035,3.0,0.022,0.188,0.001,0.04812,0.035,0.045,0.033,0.0046999999999999,0.0025,0.16832,11.53125,0.0833862969471874,11.671875,0.0844032030075189,0.17296875,0.1250794454207811,0.408515625,0.2954112105263161,1.0019750309470972,89241,,,2.7112919095700163e-06,Information
153059,2226.0,8114.9586,TUN,Tunisia,Jendouba,3.834534237,1.516254889,0.58,0.58,2226.0,,,,,,,,,,,,,,,,,,,,,,,,,26.09427476459266,76.69068474000001,30.32509778,,120.5,1.485,70.375,0.867,2.688,0.033,1.188,0.015,0.70375,0.867,0.04032,0.0495,0.0296999999999999,0.0375,1.72777,0.0,0.0,333.984375,4.115663325597903,0.0,0.0,11.689453125,14.40482163959266,26.09427476459266,1164427,,,0.5449303573722086,Advisory
153060,2227.0,23223.00932,TUN,Tunisia,Le Kef,2.011060264,0.180350686,0.58,0.58,2227.0,2227.0,0.0,1.0,-9999.0,-9999.0,-9999.0,0.0,10.0,-999.9,-999.9,-999.9,-4646.6,0.0,0.0,0.0,0.0,0.0,0.0,0.0,0.0,0.0,0.0,0.0,-4646.6,3.2460258704257523,40.22120528000001,3.60701372,,261.0,1.124,107.0,0.461,1.312,0.006,0.188,0.001,1.07,0.461,0.01968,0.009,0.0046999999999999,0.0025,1.5668799999999998,0.0,0.0,64.828125,0.2791547129787863,0.0,0.0,2.268984375,0.977041495425752,3.2460258704257523,2377877,,,0.0017886149562745,Information
153070,2228.0,7117.795433,TUN,Tunisia,Nabeul,2.09096384,1.550455448,0.58,0.58,2228.0,2228.0,0.0,1.0,-9999.0,-9999.0,-9999.0,0.0,10.0,-999.9,-999.9,-999.9,-5979.4,0.0,0.0,0.0,0.0,0.0,0.0,0.0,0.0,0.0,0.0,0.0,-5979.4,17.29350905482012,41.8192768,31.00910896,,186.562,2.621,114.938,1.615,4.562,0.064,0.562,0.008,1.14938,1.615,0.06843,0.096,0.01405,0.02,2.9628600000000005,0.0,0.0,205.453125,2.8864713370914634,0.0,0.0,7.190859375,10.102649679820122,17.29350905482012,3721989,,,0.1125223148215879,Information
153080,2229.0,15295.77005,TUN,Tunisia,Kairouan,1.666236797,0.0,0.58,0.58,2229.0,2229.0,0.0,1.0,-9999.0,-9999.0,-9999.0,0.0,10.0,-999.9,-999.9,-999.9,-5980.066666666666,0.0,0.0,0.0,0.0,0.0,0.0,0.0,0.0,0.0,0.0,0.0,-5980.066666666666,0.618615404935206,33.324735940000004,0.0,,78.625,0.514,20.812,0.136,0.688,0.004,0.062,0.0,0.20812,0.136,0.01032,0.006,0.00155,0.0,0.36199,0.0,0.0,10.6875,0.069872258552916,0.0,0.0,0.3740625,0.2445529049352059,0.618615404935206,1205732,,,1.433636338010649e-06,Information
153090,2230.0,21730.80162,TUN,Tunisia,Sfax,3.651167776,2.15796947,0.58,0.58,2230.0,,,,,,,,,,,,,,,,,,,,,,,,,21.625097004680143,73.02335552,43.1593894,,36.062,0.166,27.062,0.125,2.75,0.013,0.0,0.0,0.27062,0.125,0.04125,0.0195,0.0,0.0,0.45637,0.0,0.0,423.140625,1.9471928941943264,0.0,0.0,14.809921875,6.815175129680142,21.625097004680143,3101015,,,0.4125006926450815,Advisory
156010,2619.0,7419.355981,TUN,Tunisia,Médenine,4.056264686,2.169138925,0.58,0.58,2619.0,,,,,,,,,,,,,,,,,,,,,,,,,8.192995199724958,81.12529371999999,43.3827785,,22.438,0.302,17.062,0.23,0.0,0.0,0.0,0.0,0.17062,0.23,0.0,0.0,0.0,0.0,0.40062,0.0,0.0,99.703125,1.343824521349988,0.0,0.0,3.489609375,4.703385824724958,8.192995199724958,734551,,,0.201987480406671,Information
157510,2686.0,20357.66484,LBY,Libya,Al Jufrah,4.009092942,0.0,0.52,0.67,2686.0,,,,,,,,,,,,,,,,,,,,,,,,,1.878931498217388,80.18185883999999,0.0,,22.812,0.112,9.75,0.048,0.0,0.0,0.0,0.0,0.0975,0.048,0.0,0.0,0.0,0.0,0.1455,0.0,0.0,36.0,0.1768375709192537,0.0,0.0,1.26,0.6189314982173879,1.878931498217388,0,,,0.0092390830167118,Information
172926,3436.0,12917.9032,UGA,Uganda,Pader,2.487506883,0.0,0.44,0.78,3436.0,3436.0,0.0,6.0,-9999.0,-9999.0,-9999.0,0.0,5.0,-999.9,-999.9,-999.9,-5989.4,0.0,0.0,0.0,0.0,0.0,0.0,0.0,0.0,0.0,0.0,0.0,-5989.4,0.558847623723109,49.75013766,0.0,,,,,,,,,,,,,,,,,0.0,0.0,9.0,0.069670749635174,0.0,0.0,0.315,0.243847623723109,0.558847623723109,1282353,,,3.41551989571474e-06,Information
172927,3437.0,2823.147549,UGA,Uganda,Kitgum,4.04060349,0.0,0.44,0.78,3437.0,3437.0,0.0,1.0,-9999.0,-9999.0,-9999.0,0.0,10.0,-999.9,-999.9,-999.9,-5979.4,0.0,0.0,0.0,0.0,0.0,0.0,0.0,0.0,0.0,0.0,0.0,-5979.4,0.2012028610716365,80.81206979999999,0.0,,,,,,,,,,,,,,,,,0.0,0.0,1.265625,0.0448302817347533,0.0,0.0,0.044296875,0.1569059860716365,0.2012028610716365,225667,,,2.585557887469816e-06,Information
172930,3440.0,22078.98779,UGA,Uganda,Adjumani,1.347142311,0.0,0.44,0.78,3440.0,,,,,,,,,,,,,,,,,,,,,,,,,24.235034681897066,26.94284622,0.0,,14.562,0.066,14.25,0.065,0.0,0.0,10.25,0.046,0.1425,0.065,0.0,0.0,0.25625,0.1149999999999999,0.57875,0.0,0.0,476.578125,2.1585143733991603,0.0,0.0,16.680234375,7.554800306897061,24.235034681897066,3945784,,,0.1349174673941539,Information
172941,3441.0,13227.38883,UGA,Uganda,Lake Albert,3.489141221,0.0,0.44,0.78,3441.0,,,,,,,,,,,,,,,,,,,,,,,,,8.97991854514341,69.78282442,0.0,,18.188,0.137,13.062,0.099,1.375,0.01,1.375,0.01,0.1306199999999999,0.099,0.020625,0.015,0.034375,0.025,0.32462,0.0,0.0,146.109375,1.104597262898117,0.0,0.0,5.113828125,3.8660904201434096,8.97991854514341,2056477,,,0.1124847031244905,Information
172942,3442.0,8387.163406,UGA,Uganda,Kibale,2.747503727,0.0,0.44,0.78,3442.0,3442.0,0.0,1.0,-9999.0,-9999.0,-9999.0,0.0,10.0,-999.9,-999.9,-999.9,-5983.4,0.0,0.0,0.0,0.0,0.0,0.0,0.0,0.0,0.0,0.0,0.0,-5983.4,8.535062281262023,54.95007454,0.0,,12.438,0.148,12.188,0.145,0.062,0.001,1.062,0.013,0.12188,0.145,0.0009299999999999,0.0015,0.02655,0.0325,0.32836,0.0,0.0,111.234375,1.3262454732177211,0.0,0.0,3.893203125,4.641859156262024,8.535062281262023,1736931,,,0.0480973282044454,Information
172946,3446.0,3535.75496,UGA,Uganda,Rukungiri,1.699808786,0.0,0.44,0.78,3446.0,3446.0,0.0,1.0,-9999.0,-9999.0,-9999.0,0.0,10.0,-999.9,-999.9,-999.9,-5979.4,0.0,0.0,0.0,0.0,0.0,0.0,0.0,0.0,0.0,0.0,0.0,-5979.4,0.6029494210852161,33.99617572,0.0,,,,,,,,,,,,,,,,,0.0,0.0,4.5,0.1272712631672046,0.0,0.0,0.1575,0.4454494210852161,0.6029494210852161,1010703,,,1.3289011060615546e-06,Information
172951,3450.0,3539.240704,UGA,Uganda,Gulu,2.895872062,0.0,0.44,0.78,3450.0,,,,,,,,,,,,,,,,,,,,,,,,,9.433058221703464,57.91744124,0.0,,19.625,0.554,16.625,0.47,0.0,0.0,11.0,0.311,0.16625,0.47,0.0,0.0,0.275,0.7775,1.68875,0.0,0.0,70.453125,1.9906282419152752,0.0,0.0,2.465859375,6.967198846703464,9.433058221703464,177846,,,0.067403342076936,Information
172953,3452.0,5458.561817,UGA,Uganda,Apac,0.706245307,0.0,0.44,0.78,3452.0,3452.0,0.0,15.0,-9999.0,-9999.0,-9999.0,0.0,1.0,-999.9,-999.9,-999.9,-5997.4,0.0,0.0,0.0,0.0,0.0,0.0,0.0,0.0,0.0,0.0,0.0,-5997.4,9.00438284393579,14.12490614,0.0,,,,,,,,,,,,,,,,,0.0,0.0,90.84375,1.6642433125530829,0.0,0.0,3.17953125,5.82485159393579,9.00438284393579,1198934,,,0.0120609410272309,Information
172954,3453.0,16424.43996,UGA,Uganda,Kiboga,0.747877942,0.0,0.44,0.78,3453.0,3453.0,0.0,4.0,-9999.0,-9999.0,-9999.0,0.0,7.0,-999.9,-999.9,-999.9,-5985.4,0.0,0.0,0.0,0.0,0.0,0.0,0.0,0.0,0.0,0.0,0.0,-5985.4,2.7002264092426618,14.95755884,0.0,,,,,,,,,,,,,,,,,0.0,0.0,47.953125,0.2919620097836177,0.0,0.0,1.678359375,1.021867034242662,2.7002264092426618,4134701,,,0.000280485612503,Information
172955,3454.0,859.9247265,UGA,Uganda,Nakasongola,4.033705949,0.0,0.44,0.78,3454.0,,,,,,,,,,,,,,,,,,,,,,,,,16.906973109252572,80.67411898,0.0,,5.312,0.618,4.5,0.523,1.688,0.196,0.812,0.094,0.045,0.523,0.02532,0.294,0.0203,0.235,1.14262,0.0,0.0,38.25,4.448063745500734,0.0,0.0,1.33875,15.568223109252571,16.906973109252572,33747,,,0.4468123758048932,Advisory
172956,3455.0,4172.848263,UGA,Uganda,Apac,1.151897224,0.0,0.44,0.78,3455.0,,,,,,,,,,,,,,,,,,,,,,,,,38.3485138540587,23.03794448,0.0,,36.562,0.876,35.375,0.848,19.875,0.476,25.688,0.616,0.35375,0.848,0.298125,0.714,0.6422,1.54,4.396075,0.0,0.0,322.59375,7.730780744016771,0.0,0.0,11.29078125,27.0577326040587,38.3485138540587,662741,,,0.2430275982815081,Advisory
172957,3456.0,1724.12899,UGA,Uganda,Nakasongola,3.353205058,0.0,0.44,0.78,3456.0,,,,,,,,,,,,,,,,,,,,,,,,,27.97999876377636,67.06410115999999,0.0,,10.438,0.605,9.312,0.54,7.188,0.417,10.812,0.627,0.09312,0.54,0.10782,0.6255,0.2703,1.5675,3.2042399999999995,0.0,0.0,117.5625,6.818660361078961,0.0,0.0,4.1146875,23.865311263776363,27.97999876377636,124875,,,0.435230365666745,Advisory
172958,3457.0,4524.915468,UGA,Uganda,Mukono,0.636479729,0.0,0.44,0.78,3457.0,,,,,,,,,,,,,,,,,,,,,,,,,6.698839609501174,12.72959458,0.0,,7.438,0.164,7.125,0.157,1.125,0.025,2.0,0.044,0.07125,0.157,0.016875,0.0375,0.05,0.1099999999999999,0.442625,0.0,0.0,59.625,1.3177041741431927,0.0,0.0,2.086875,4.611964609501174,6.698839609501174,1803982,,,0.0051279904648877,Information
172962,3460.0,3057.145877,UGA,Uganda,Kaberamaido,2.380646619,0.0,0.44,0.78,3460.0,,,,,,,,,,,,,,,,,,,,,,,,,35.12684331491309,47.61293238,0.0,,19.75,0.646,16.688,0.546,1.688,0.055,4.625,0.151,0.16688,0.546,0.02532,0.0825,0.115625,0.3775,1.313825,0.0,0.0,234.984375,7.686397197118025,0.0,0.0,8.224453125,26.90239018991309,35.12684331491309,586708,,,0.3446908989590507,Advisory
172963,3461.0,2129.281715,UGA,Uganda,Soroti,2.667226853,0.0,0.44,0.78,3461.0,,,,,,,,,,,,,,,,,,,,,,,,,44.5090625,53.34453705999999,0.0,,22.5,1.057,22.5,1.057,2.562,0.12,9.75,0.458,0.225,1.057,0.03843,0.18,0.24375,1.145,2.88918,0.0,0.0,271.6875,12.759584516588555,0.0,0.0,9.5090625,35.0,44.5090625,407775,,,0.4812178774226798,Advisory
172964,3462.0,10787.15827,UGA,Uganda,Tororo,3.285956776,0.0,0.44,0.78,3462.0,3462.0,0.0,1.0,-9999.0,-9999.0,-9999.0,0.0,10.0,-999.9,-999.9,-999.9,-5979.4,0.0,0.0,0.0,0.0,0.0,0.0,0.0,0.0,0.0,0.0,0.0,-5979.4,7.4169509146283,65.71913552,0.0,,10.375,0.096,10.375,0.096,3.562,0.033,6.125,0.057,0.10375,0.096,0.05343,0.0495,0.153125,0.1425,0.598305,0.0,0.0,109.96875,1.0194413327509428,0.0,0.0,3.84890625,3.5680446646283,7.4169509146283,5799686,,,0.0629070332477084,Information
172965,3463.0,2964.012574,UGA,Uganda,Kumi,1.192731793,0.0,0.44,0.78,3463.0,,,,,,,,,,,,,,,,,,,,,,,,,23.95990799230282,23.85463586,0.0,,5.75,0.194,5.75,0.194,0.188,0.006,1.25,0.042,0.0575,0.194,0.00282,0.009,0.03125,0.105,0.39957,0.0,0.0,156.515625,5.280531747800806,0.0,0.0,5.478046875,18.48186111730282,23.95990799230282,1044205,,,0.1237869488338252,Information
172966,3464.0,10108.86406,UGA,Uganda,Nakapiripirit,0.916945569,0.0,0.44,0.78,3464.0,3464.0,0.0,1.0,-9999.0,-9999.0,-9999.0,0.0,10.0,-999.9,-999.9,-999.9,-5979.4,0.0,0.0,0.0,0.0,0.0,0.0,0.0,0.0,0.0,0.0,0.0,-5979.4,9.9473974251598,18.33891138,0.0,,,,,,,,,,,,,,,,,0.0,0.0,142.875,1.413363550045657,0.0,0.0,5.000625,4.946772425159799,9.9473974251598,1384714,,,0.0176340510440491,Information
172967,3465.0,1570.359851,UGA,Uganda,Katakwi,2.657169467,0.0,0.44,0.78,3465.0,3465.0,0.0,4.0,-9999.0,-9999.0,-9999.0,0.0,7.0,-999.9,-999.9,-999.9,-5985.4,0.0,0.0,0.0,0.0,0.0,0.0,0.0,0.0,0.0,0.0,0.0,-5985.4,5.04072567470322,53.14338934,0.0,,,,,,,,,,,,,,,,,0.0,0.0,19.546875,1.2447385856294912,0.0,0.0,0.684140625,4.356585049703219,5.04072567470322,252057,,,0.0128889304714458,Information
172969,3467.0,5534.524966,UGA,Uganda,Kotido,1.376267887,0.0,0.44,0.78,3467.0,3467.0,0.0,2.0,-9999.0,-9999.0,-9999.0,0.0,9.0,-999.9,-999.9,-999.9,-5981.4,0.0,0.0,0.0,0.0,0.0,0.0,0.0,0.0,0.0,0.0,0.0,-5981.4,0.1381491465564164,27.52535774,0.0,,,,,,,,,,,,,,,,,0.0,0.0,1.40625,0.0254086847304047,0.0,0.0,0.04921875,0.0889303965564164,0.1381491465564164,267415,,,1.892348637019665e-10,Information
172974,3471.0,21827.41536,UGA,Uganda,Mpigi,3.028912862,0.0,0.44,0.78,3471.0,,,,,,,,,,,,,,,,,,,,,,,,,20.575828517027585,60.57825724,0.0,,114.875,0.526,87.188,0.399,3.5,0.016,0.062,0.0,0.87188,0.399,0.0525,0.024,0.00155,0.0,1.34893,0.0,0.0,403.171875,1.8470893977221667,0.0,0.0,14.111015625,6.464812892027584,20.575828517027585,5107535,,,0.2577813600692887,Information
172994,3487.0,3719.709818,UGA,Uganda,Kabale,2.276446927,0.0,0.44,0.78,3487.0,3487.0,0.0,1.0,-9999.0,-9999.0,-9999.0,0.0,10.0,-999.9,-999.9,-999.9,-5979.4,0.0,0.0,0.0,0.0,0.0,0.0,0.0,0.0,0.0,0.0,0.0,-5979.4,0.3993825866917359,45.52893854,0.0,,,,,,,,,,,,,,,,,0.0,0.0,3.09375,0.0831718104833531,0.0,0.0,0.10828125,0.2911013366917359,0.3993825866917359,1560652,,,4.427693703825752e-07,Information
172977,16053.0,23885.87798,UGA,Uganda,Lake Victoria,3.269843455,0.0,0.44,0.78,16053.0,16053.0,0.0,1.0,-9999.0,-9999.0,-9999.0,0.0,10.0,-999.9,-999.9,-999.9,-5979.4,0.0,0.0,0.0,0.0,0.0,0.0,0.0,0.0,0.0,0.0,0.0,-5979.4,14.418768498566417,65.3968691,0.0,,13.688,0.057,8.875,0.037,0.75,0.003,0.0,0.0,0.08875,0.037,0.01125,0.0045,0.0,0.0,0.1415,0.0,0.0,290.390625,1.2157418924475467,0.0,0.0,10.163671875,4.255096623566414,14.418768498566417,2355167,,,0.1906744946389835,Information
181100,3494.0,26261.81507,MDG,Madagascar,Toliary,3.729414764,1.56518347,0.4,0.83,3494.0,,,,,,,,,,,,,,,,,,,,,,,,,8.376050000000003,74.58829528,31.3036694,,1324.188,5.042,599.312,2.282,4.062,0.015,0.5,0.002,5.99312,2.282,0.06093,0.0225,0.0125,0.005,8.376050000000003,0.0,0.0,72.421875,0.2757687342007879,0.0,0.0,2.534765625,0.9651905697027576,3.499956194702757,787471,,,0.1335354031331169,Information
181203,3497.0,4815.015047,MDG,Madagascar,Toliary,3.118721587,0.0,0.4,0.83,3497.0,,,,,,,,,,,,,,,,,,,,,,,,,0.7571902836161569,62.37443174,0.0,,10.312,0.214,4.375,0.091,0.062,0.001,0.0,0.0,0.04375,0.091,0.0009299999999999,0.0015,0.0,0.0,0.1371799999999999,0.0,0.0,7.03125,0.1460275810331877,0.0,0.0,0.24609375,0.5110965336161569,0.7571902836161569,123161,,,4.6952320956456576e-05,Information
181300,3504.0,18159.68828,MDG,Madagascar,Toliary,4.1298834,3.079384432,0.4,0.83,3504.0,,,,,,,,,,,,,,,,,,,,,,,,,8.983105418358644,82.597668,61.58768864,,17.0,0.094,16.688,0.092,9.438,0.052,13.875,0.076,0.16688,0.092,0.14157,0.078,0.346875,0.19,1.015325,0.0,0.0,165.515625,0.91144529810247,0.0,0.0,5.793046875,3.190058543358645,8.983105418358644,711724,,,0.254223248813593,Information
181409,3513.0,13254.71602,MDG,Madagascar,Fianarantsoa,3.174085803,0.0,0.4,0.83,3513.0,,,,,,,,,,,,,,,,,,,,,,,,,0.647638198548011,63.48171606,0.0,,9.75,0.074,6.812,0.051,0.0,0.0,0.125,0.001,0.06812,0.051,0.0,0.0,0.003125,0.0025,0.124745,0.0,0.0,10.546875,0.0795707352994317,0.0,0.0,0.369140625,0.2784975735480109,0.647638198548011,815792,,,2.762431542038353e-05,Information
181601,3514.0,6022.013172,MDG,Madagascar,Toliary,4.024951152,3.00790568,0.4,0.83,3514.0,,,,,,,,,,,,,,,,,,,,,,,,,11.026001688269051,80.49902304,60.1581136,,2.375,0.039,1.5,0.025,0.188,0.003,0.875,0.015,0.015,0.025,0.00282,0.0045,0.021875,0.0375,0.106695,0.0,0.0,118.40625,1.9662236966483,0.0,0.0,4.14421875,6.88178293826905,11.026001688269051,252847,,,0.2842682165134302,Information
181603,3516.0,237.6603173,MDG,Madagascar,Toliary,3.069524306,0.0,0.4,0.83,3516.0,,,,,,,,,,,,,,,,,,,,,,,,,22.686024699373075,61.39048612,0.0,,0.375,0.158,0.375,0.158,0.0,0.0,0.0,0.0,0.00375,0.158,0.0,0.0,0.0,0.0,0.16175,0.0,0.0,15.046875,6.331252592678021,0.0,0.0,0.526640625,22.15938407437308,22.686024699373075,6843,,,0.2974497042436542,Information
181608,3521.0,2048.626459,MDG,Madagascar,Antananarivo,1.66699626,0.0,0.4,0.83,3521.0,,,,,,,,,,,,,,,,,,,,,,,,,0.347365424814807,33.3399252,0.0,,4.75,0.232,3.188,0.156,0.0,0.0,0.0,0.0,0.03188,0.156,0.0,0.0,0.0,0.0,0.18788,0.0,0.0,1.6875,0.082372264232802,0.0,0.0,0.0590625,0.288302924814807,0.347365424814807,530909,,,7.321846366339333e-08,Information
181709,3531.0,2353.08581,MDG,Madagascar,Mahajanga,2.750343903,0.0,0.4,0.83,3531.0,,,,,,,,,,,,,,,,,,,,,,,,,42.29771947660139,55.006878060000005,0.0,,3.938,0.167,3.688,0.157,0.062,0.003,0.125,0.005,0.03688,0.157,0.0009299999999999,0.0045,0.003125,0.0125,0.214935,0.0,0.0,230.203125,9.783031457600398,0.0,0.0,8.057109375,34.24061010160139,42.29771947660139,37484,,,0.4753704246201532,Advisory
181803,3534.0,3080.227017,MDG,Madagascar,Mahajanga,4.003232983,0.0,0.4,0.83,3534.0,,,,,,,,,,,,,,,,,,,,,,,,,8.360324351044536,80.06465966,0.0,,33.688,1.094,3.812,0.124,0.0,0.0,0.0,0.0,0.03812,0.124,0.0,0.0,0.0,0.0,0.16212,0.0,0.0,56.25,1.826164100298439,0.0,0.0,1.96875,6.391574351044537,8.360324351044536,46382,,,0.1924244326368157,Information
181804,3535.0,12825.81988,MDG,Madagascar,Mahajanga,4.081855647,0.0,0.4,0.83,3535.0,,,,,,,,,,,,,,,,,,,,,,,,,3.3022745641324103,81.63711294000001,0.0,,46.875,0.365,18.562,0.145,0.0,0.0,0.0,0.0,0.18562,0.145,0.0,0.0,0.0,0.0,0.33062,0.0,0.0,53.015625,0.4133507683235458,0.0,0.0,1.855546875,1.4467276891324103,3.3022745641324103,489483,,,0.043106639557873,Information
181805,3536.0,883.4332936,MDG,Madagascar,Mahajanga,4.058074284,0.0,0.4,0.83,3536.0,,,,,,,,,,,,,,,,,,,,,,,,,16.37142569808091,81.16148568,0.0,,15.688,1.776,5.562,0.63,0.0,0.0,0.0,0.0,0.05562,0.63,0.0,0.0,0.0,0.0,0.68562,0.0,0.0,37.96875,4.297862699451688,0.0,0.0,1.32890625,15.042519448080908,16.37142569808091,51509,,,0.4441854381800414,Advisory
181807,3538.0,2747.999912,MDG,Madagascar,Mahajanga,3.361497295,0.0,0.4,0.83,3538.0,,,,,,,,,,,,,,,,,,,,,,,,,3.3563964408886884,67.2299459,0.0,,3.125,0.114,2.688,0.098,0.0,0.0,0.0,0.0,0.02688,0.098,0.0,0.0,0.0,0.0,0.12488,0.0,0.0,20.671875,0.7522516616824824,0.0,0.0,0.723515625,2.6328808158886883,3.3563964408886884,50621,,,0.0113440227910201,Information
181809,3540.0,11869.39026,MDG,Madagascar,Antananarivo,1.766661947,0.0,0.4,0.83,3540.0,,,,,,,,,,,,,,,,,,,,,,,,,10.174936367715922,35.33323894,0.0,,19.5,0.164,14.125,0.119,0.25,0.002,0.062,0.001,0.14125,0.119,0.00375,0.003,0.00155,0.0025,0.2710499999999999,0.0,0.0,157.78125,1.3293121764902631,0.0,0.0,5.52234375,4.652592617715921,10.174936367715922,4613427,,,0.0322058203813091,Information
181910,3541.0,10851.25835,MDG,Madagascar,Mahajanga,3.703130493,1.610738082,0.4,0.83,3541.0,,,,,,,,,,,,,,,,,,,,,,,,,37.66031959973765,74.06260986000001,32.21476164,3.0,13.75,0.127,10.438,0.096,0.062,0.001,0.125,0.001,0.10438,0.096,0.0009299999999999,0.0015,0.003125,0.0025,0.2084349999999999,0.0,0.0,559.96875,5.160403814210755,0.0,0.0,19.59890625,18.061413349737645,37.66031959973765,715532,33611.0,4.697344074059581,0.6453965454859889,Watch
181920,3542.0,28597.79212,MDG,Madagascar,Mahajanga,4.082933996,0.0,0.4,0.83,3542.0,,,,,,,,,,,,,,,,,,,,,,,,,7.194307462283883,81.65867992000001,0.0,,26.125,0.091,11.125,0.039,0.188,0.001,0.0,0.0,0.11125,0.039,0.00282,0.0015,0.0,0.0,0.1545699999999999,0.0,0.0,152.296875,0.5325476677953953,0.0,0.0,5.330390625,1.863916837283884,7.194307462283883,931116,,,0.1746709998383189,Information
181931,3543.0,9830.922312,MDG,Madagascar,Mahajanga,4.012663781,0.0,0.4,0.83,3543.0,,,,,,,,,,,,,,,,,,,,,,,,,22.13040171212942,80.25327562,0.0,,20.875,0.212,13.625,0.139,0.625,0.006,0.0,0.0,0.13625,0.139,0.009375,0.009,0.0,0.0,0.293625,0.0,0.0,313.453125,3.1884406677512627,0.0,0.0,10.970859375,11.15954233712942,22.13040171212942,279866,,,0.5453671050066425,Advisory
181932,3544.0,5350.957513,MDG,Madagascar,Mahajanga,4.039314142,0.0,0.4,0.83,3544.0,,,,,,,,,,,,,,,,,,,,,,,,,1.793239381062108,80.78628284000001,0.0,,8.0,0.15,5.562,0.104,0.0,0.0,0.0,0.0,0.05562,0.104,0.0,0.0,0.0,0.0,0.1596199999999999,0.0,0.0,17.859375,0.333760358874888,0.0,0.0,0.625078125,1.168161256062108,1.793239381062108,157349,,,0.0088556082786515,Information
181933,3545.0,32411.80991,MDG,Madagascar,Antsiranana,4.168522891,0.560441819,0.4,0.83,3545.0,3545.0,0.0,1.0,-9999.0,-9999.0,-9999.0,0.0,10.0,-999.9,-999.9,-999.9,-5979.4,0.0,0.0,0.0,0.0,0.0,0.0,0.0,0.0,0.0,0.0,0.0,-5979.4,47.234906654430645,83.37045782000001,11.20883638,3.0,27.125,0.084,22.562,0.07,2.625,0.008,0.562,0.002,0.22562,0.07,0.039375,0.012,0.01405,0.005,0.366045,0.0,0.0,1133.015625,3.495687615551612,0.0,0.0,35.0,12.234906654430642,47.234906654430645,1465923,37913.0,2.5862886386256303,0.851746294481075,Warning
181935,3547.0,12303.7178,MDG,Madagascar,Antsiranana,4.070806732,0.965129355,0.4,0.83,3547.0,,,,,,,,,,,,,,,,,,,,,,,,,5.308703201969023,81.41613464000001,19.3025871,,7.688,0.062,5.438,0.044,0.375,0.003,0.0,0.0,0.05438,0.044,0.005625,0.0045,0.0,0.0,0.108505,0.0,0.0,83.671875,0.6800535934197208,0.0,0.0,2.928515625,2.380187576969023,5.308703201969023,652977,,,0.1051126500791685,Information
181936,3548.0,5908.876423,MDG,Madagascar,Mahajanga,4.032627001,1.101305119,0.4,0.83,3548.0,,,,,,,,,,,,,,,,,,,,,,,,,0.14962,80.65254002,22.02610238,,7.812,0.132,5.562,0.094,0.0,0.0,0.0,0.0,0.05562,0.094,0.0,0.0,0.0,0.0,0.14962,,,,,,,,,,191951,,,5.803893541785412e-07,Information
181937,3549.0,9720.763142,MDG,Madagascar,Toamasina,4.191623737,3.117172747,0.4,0.83,3549.0,,,,,,,,,,,,,,,,,,,,,,,,,8.038033576695703,83.83247474,62.34345494,,55.125,0.567,13.375,0.138,4.125,0.042,0.688,0.007,0.13375,0.138,0.061875,0.063,0.0171999999999999,0.0175,0.431325,0.0,0.0,113.203125,1.1645497719130582,0.0,0.0,3.962109375,4.075924201695703,8.038033576695703,430930,,,0.2423322191592706,Information
181940,3552.0,12799.66368,MDG,Madagascar,Toamasina,4.024948575,0.01751257,0.4,0.83,3552.0,,,,,,,,,,,,,,,,,,,,,,,,,6.855943268039043,80.4989715,0.3502514,,29.188,0.228,24.875,0.194,0.0,0.0,0.125,0.001,0.24875,0.194,0.0,0.0,0.003125,0.0025,0.4483749999999999,0.0,0.0,109.96875,0.859153433725441,0.0,0.0,3.84890625,3.007037018039044,6.855943268039043,893983,,,0.1479303176892301,Information
181950,3553.0,22028.04137,MDG,Madagascar,Toamasina,4.106605775,2.10494986,0.4,0.83,3553.0,,,,,,,,,,,,,,,,,,,,,,,,,19.651043185442298,82.1321155,42.0989972,,163.188,0.741,20.0,0.091,1.875,0.009,0.25,0.001,0.2,0.091,0.028125,0.0134999999999999,0.00625,0.0025,0.341375,0.0,0.0,386.15625,1.7530212672692276,0.0,0.0,13.51546875,6.1355744354422965,19.651043185442298,1356292,,,0.5378924224489912,Advisory
181960,3554.0,17804.70424,MDG,Madagascar,Toamasina,3.683871993,0.357438213,0.4,0.83,3554.0,,,,,,,,,,,,,,,,,,,,,,,,,1.4680723630077424,73.67743985999999,7.14876426,,59.375,0.333,31.625,0.178,0.0,0.0,0.0,0.0,0.31625,0.178,0.0,0.0,0.0,0.0,0.4942499999999999,0.0,0.0,26.859375,0.1508554965736407,0.0,0.0,0.940078125,0.5279942380077425,1.4680723630077424,1174090,,,0.0019479113706462,Information
181971,3555.0,7251.432403,MDG,Madagascar,Fianarantsoa,4.132376122,3.069893963,0.4,0.83,3555.0,,,,,,,,,,,,,,,,,,,,,,,,,12.294793441970167,82.64752244,61.39787926,,8.0,0.11,6.312,0.087,0.0,0.0,0.0,0.0,0.06312,0.087,0.0,0.0,0.0,0.0,0.15012,0.0,0.0,147.65625,2.036235626277191,0.0,0.0,5.16796875,7.126824691970168,12.294793441970167,469713,,,0.3652128089576706,Advisory
181973,3557.0,3098.973106,MDG,Madagascar,Fianarantsoa,4.107919009,3.091086577,0.4,0.83,3557.0,,,,,,,,,,,,,,,,,,,,,,,,,11.546304488526442,82.15838018,61.82173154,,26.875,0.867,14.375,0.464,0.0,0.0,0.0,0.0,0.14375,0.464,0.0,0.0,0.0,0.0,0.60775,0.0,0.0,78.046875,2.518475389578984,0.0,0.0,2.731640625,8.814663863526443,11.546304488526442,171863,,,0.3317200654917309,Information
181977,3561.0,306.9052473,MDG,Madagascar,Fianarantsoa,0.630065927,4.00177379,0.4,0.83,3561.0,,,,,,,,,,,,,,,,,,,,,,,,,28.9262808332988,12.60131854,80.0354758,3.0,0.188,0.061,0.188,0.061,0.0,0.0,0.062,0.02,0.00188,0.061,0.0,0.0,0.00155,0.05,0.11443,0.0,0.0,24.609375,8.0185579166568,0.0,0.0,0.861328125,28.0649527082988,28.9262808332988,32747,1373.0,4.192750480960088,0.6446043823833602,Watch
181978,3562.0,4103.580545,MDG,Madagascar,Fianarantsoa,3.881881001,0.0,0.4,0.83,3562.0,,,,,,,,,,,,,,,,,,,,,,,,,1.7930932100000343,77.63762002,0.0,,8.938,0.218,3.438,0.084,0.0,0.0,0.0,0.0,0.03438,0.084,0.0,0.0,0.0,0.0,0.11838,0.0,0.0,14.90625,0.3632498457142956,0.0,0.0,0.52171875,1.2713744600000343,1.7930932100000343,287912,,,0.0058106791758329,Information
181979,3563.0,2020.313645,MDG,Madagascar,Fianarantsoa,4.181350743,0.0,0.4,0.83,3563.0,,,,,,,,,,,,,,,,,,,,,,,,,8.111615411021388,83.62701486,0.0,,18.0,0.891,13.562,0.671,0.25,0.012,0.25,0.012,0.13562,0.671,0.00375,0.018,0.00625,0.03,0.86462,0.0,0.0,38.953125,1.928073153148968,0.0,0.0,1.363359375,6.748256036021388,8.111615411021388,388677,,,0.2412349193856088,Information
181980,3564.0,16985.02205,MDG,Madagascar,Fianarantsoa,4.043791743,2.07728238,0.4,0.83,3564.0,,,,,,,,,,,,,,,,,,,,,,,,,0.8601613558287788,80.87583486,41.5456476,,41.875,0.247,13.062,0.077,0.062,0.0,0.062,0.0,0.1306199999999999,0.077,0.0009299999999999,0.0,0.00155,0.0,0.2100999999999999,0.0,0.0,15.46875,0.0910728873796511,0.0,0.0,0.54140625,0.3187551058287788,0.8601613558287788,595603,,,0.0009624282215851,Information
181993,3567.0,2031.740609,MDG,Madagascar,Fianarantsoa,3.861832081,3.184244445,0.4,0.83,3567.0,,,,,,,,,,,,,,,,,,,,,,,,,8.714891159497999,77.23664162,63.6848889,,7.562,0.372,2.688,0.132,0.0,0.0,0.0,0.0,0.02688,0.132,0.0,0.0,0.0,0.0,0.15888,0.0,0.0,42.046875,2.0695001527137142,0.0,0.0,1.471640625,7.243250534497999,8.714891159497999,50217,,,0.1684976724110137,Information
181994,3568.0,2184.300283,MDG,Madagascar,Toliary,1.159000703,0.0,0.4,0.83,3568.0,,,,,,,,,,,,,,,,,,,,,,,,,0.3294580150253889,23.18001406,0.0,,19.125,0.876,3.938,0.18,0.125,0.006,0.062,0.003,0.03938,0.18,0.001875,0.009,0.00155,0.0075,0.239305,0.0,0.0,1.6875,0.0772558614358254,0.0,0.0,0.0590625,0.2703955150253889,0.3294580150253889,61658,,,2.4935298065670276e-08,Information
181996,3569.0,12712.24545,MDG,Madagascar,Toliary,4.024542329,0.0,0.4,0.83,3569.0,,,,,,,,,,,,,,,,,,,,,,,,,1.78243,80.49084658,0.0,,402.125,3.163,99.688,0.784,0.0,0.0,0.062,0.0,0.99688,0.784,0.0,0.0,0.00155,0.0,1.78243,0.0,0.0,6.609375,0.0519921915120355,0.0,0.0,0.231328125,0.1819726702921242,0.4133007952921242,355516,,,0.0083577578434868,Information
181997,3570.0,2694.63469,MDG,Madagascar,Toliary,2.754030556,0.0,0.4,0.83,3570.0,,,,,,,,,,,,,,,,,,,,,,,,,6.399705265154019,55.08061112,0.0,,6.0,0.223,4.188,0.155,0.0,0.0,0.0,0.0,0.04188,0.155,0.0,0.0,0.0,0.0,0.19688,0.0,0.0,38.8125,1.440362218615434,0.0,0.0,1.3584375,5.041267765154019,6.399705265154019,412272,,,0.0256705550643353,Information
181998,3571.0,5211.433533,MDG,Madagascar,Toliary,3.768449848,0.0,0.4,0.83,3571.0,,,,,,,,,,,,,,,,,,,,,,,,,7.321449999999999,75.36899696,0.0,,498.875,9.573,246.438,4.729,2.938,0.056,0.0,0.0,2.46438,4.729,0.04407,0.084,0.0,0.0,7.321449999999999,,,,,,,,,,366111,,,0.1125271522549346,Information
181995,16055.0,3034.86389,MDG,Madagascar,Taolagnaro,4.037293252,1.904709892,0.4,0.83,16055.0,,,,,,,,,,,,,,,,,,,,,,,,,17.73616919156631,80.74586504000001,38.09419784,,50.0,1.648,34.125,1.124,1.562,0.051,0.5,0.016,0.34125,1.124,0.02343,0.0765,0.0125,0.04,1.6176800000000002,0.0,0.0,117.984375,3.887633161876089,0.0,0.0,4.129453125,13.606716066566312,17.73616919156631,208706,,,0.4672757125296932,Advisory
211016,3579.0,3534.372215,ISR,Israel,HaDarom,0.486140123,0.0,0.7,0.42,3579.0,3579.0,0.0,5.0,-9999.0,-9999.0,-9999.0,0.0,6.0,-999.9,-999.9,-999.9,-5987.4,0.0,0.0,0.0,0.0,0.0,0.0,0.0,0.0,0.0,0.0,0.0,-5987.4,0.1507809233260389,9.72280246,0.0,,,,,,,,,,,,,,,,,0.0,0.0,1.125,0.0318302638074397,0.0,0.0,0.039375,0.1114059233260389,0.1507809233260389,967058,,,8.037237521185761e-11,Information
299068,5763.0,2891.989104,ISR,Israel,HaZafon,2.687889753,0.0,0.7,0.42,5763.0,5763.0,0.0,5.0,-9999.0,-9999.0,-9999.0,0.0,6.0,-999.9,-999.9,-999.9,-5987.4,0.0,0.0,0.0,0.0,0.0,0.0,0.0,0.0,0.0,0.0,0.0,-5987.4,4.015179329700381,53.75779506,0.0,,,,,,,,,,,,,,,,,0.0,0.0,25.734375,0.8898503442001087,0.0,0.0,0.900703125,3.1144762047003804,4.015179329700381,485802,,,0.0072665209437081,Information
211017,3580.0,21344.05405,LBN,Lebanon,South,3.317274977,0.000904391,0.52,0.67,3580.0,3580.0,0.0,5.0,-9999.0,-9999.0,-9999.0,0.0,6.0,-999.9,-999.9,-999.9,-5986.9,0.0,0.0,0.0,0.0,0.0,0.0,0.0,0.0,0.0,0.0,0.0,-5986.9,4.351162737397134,66.34549953999999,0.01808782,,,,,,,,,,,,,,,,,0.0,0.0,84.65625,0.3966268535420382,0.0,0.0,2.96296875,1.3881939873971336,4.351162737397134,22915714,,,0.0203927664857815,Information
211018,3581.0,24917.42918,SYR,Syria,Idlib,3.03985619,0.0,0.39,0.85,3581.0,3581.0,0.0,5.0,-9999.0,-9999.0,-9999.0,0.0,6.0,-999.9,-999.9,-999.9,-5987.4,0.0,0.0,0.0,0.0,0.0,0.0,0.0,0.0,0.0,0.0,0.0,-5987.4,11.05612984697639,60.7971238,0.0,,86.562,0.347,44.875,0.18,30.875,0.124,9.625,0.039,0.44875,0.18,0.463125,0.186,0.240625,0.0975,1.616,0.0,0.0,225.421875,0.904675491993254,0.0,0.0,7.889765625,3.166364221976389,11.05612984697639,6691275,,,0.1027985957895321,Information
211020,3583.0,18601.2137,SYR,Syria,Aleppo,3.544727322,0.0,0.39,0.85,3583.0,,,,,,,,,,,,,,,,,,,,,,,,,8.256548021019288,70.89454644,0.0,,25.188,0.135,19.438,0.104,11.5,0.062,9.438,0.051,0.19438,0.104,0.1725,0.093,0.23595,0.1275,0.92733,0.0,0.0,153.421875,0.8247949702912252,0.0,0.0,5.369765625,2.886782396019288,8.256548021019288,6170374,,,0.1038492956962106,Information
294953,5382.0,2327.97481,SYR,Syria,Dayr Az Zawr,2.164665071,0.0,0.39,0.85,5382.0,5382.0,0.0,6.0,-9999.0,-9999.0,-9999.0,0.0,5.0,-999.9,-999.9,-999.9,-5989.4,0.0,0.0,0.0,0.0,0.0,0.0,0.0,0.0,0.0,0.0,0.0,-5989.4,1.902685031162532,43.29330142,0.0,,,,,,,,,,,,,,,,,0.0,0.0,10.265625,0.4409680446178661,0.0,0.0,0.359296875,1.543388156162531,1.902685031162532,318355,,,0.0003436116926844,Information
294963,5391.0,3498.632644,SYR,Syria,Al ?asakah,3.103744007,0.0,0.39,0.85,5391.0,5391.0,0.0,4.0,-9999.0,-9999.0,-9999.0,0.0,7.0,-999.9,-999.9,-999.9,-5985.4,0.0,0.0,0.0,0.0,0.0,0.0,0.0,0.0,0.0,0.0,0.0,-5985.4,8.279583751068376,62.07488014,0.0,,0.0,0.0,0.0,0.0,2.812,0.08,1.125,0.032,0.0,0.0,0.04218,0.12,0.028125,0.08,0.270305,0.0,0.0,61.3125,1.7524703574481073,0.0,0.0,2.1459375,6.133646251068376,8.279583751068376,248124,,,0.0640269702822776,Information
294971,5398.0,10085.78443,SYR,Syria,Ar Raqqah,3.275698591,0.0,0.39,0.85,5398.0,,,,,,,,,,,,,,,,,,,,,,,,,13.06591549936233,65.51397182,0.0,,17.062,0.169,6.125,0.061,0.875,0.009,0.0,0.0,0.06125,0.061,0.013125,0.0134999999999999,0.0,0.0,0.1488749999999999,0.0,0.0,187.453125,1.8585874641035227,0.0,0.0,6.560859375,6.50505612436233,13.06591549936233,943603,,,0.1658868818350083,Information
294975,5402.0,14819.66077,SYR,Syria,Aleppo,2.147392584,0.0,0.39,0.85,5402.0,,,,,,,,,,,,,,,,,,,,,,,,,20.129538502943845,42.94785168,0.0,,17.312,0.117,5.0,0.034,4.062,0.027,0.312,0.002,0.05,0.034,0.06093,0.0405,0.0078,0.005,0.19823,0.0,0.0,343.40625,2.3172342151268133,0.0,0.0,12.01921875,8.110319752943846,20.129538502943845,3364356,,,0.1487574428569003,Information
211019,3582.0,1600.861551,TUR,Turkey,Hatay,4.048341291,0.0,0.57,0.6,3582.0,,,,,,,,,,,,,,,,,,,,,,,,,1.4980156133864206,80.96682582,0.0,,5.312,0.332,3.875,0.242,0.062,0.004,0.0,0.0,0.03875,0.242,0.0009299999999999,0.006,0.0,0.0,0.28768,0.0,0.0,5.90625,0.3689419609675487,0.0,0.0,0.20671875,1.2912968633864206,1.4980156133864206,592930,,,0.0055103439913529,Information
211031,3584.0,938.1924234,TUR,Turkey,Adana,3.910322156,0.0,0.57,0.6,3584.0,,,,,,,,,,,,,,,,,,,,,,,,,21.57605609345422,78.20644312,0.0,,1.375,0.147,0.875,0.093,0.0,0.0,0.0,0.0,0.00875,0.093,0.0,0.0,0.0,0.0,0.10175,0.0,0.0,52.875,5.635837455272634,0.0,0.0,1.850625,19.72543109345422,21.57605609345422,326548,,,0.4959986024141814,Advisory
211032,3585.0,21296.46286,TUR,Turkey,K. Maras,1.84982162,0.0,0.57,0.6,3585.0,3585.0,0.0,6.0,5.0,-9999.0,-9999.0,0.0,5.0,0.5,-999.9,-999.9,-3988.6,0.0,0.0,0.0,0.0,0.0,0.0,0.0,0.0,0.0,0.0,0.0,-3988.6,12.83133885657466,36.9964324,0.0,,22.188,0.104,11.375,0.053,1.312,0.006,0.0,0.0,0.11375,0.053,0.01968,0.009,0.0,0.0,0.19543,0.0,0.0,249.46875,1.171409316164189,0.0,0.0,8.73140625,4.0999326065746615,12.83133885657466,2049615,,,0.0557709454444386,Information
211033,3586.0,875.3788129,TUR,Turkey,Adana,4.0486631,2.100368334,0.57,0.6,3586.0,,,,,,,,,,,,,,,,,,,,,,,,,19.56721064994765,80.97326199999999,42.00736668,,2.688,0.307,1.875,0.214,0.062,0.007,0.0,0.0,0.01875,0.214,0.0009299999999999,0.0105,0.0,0.0,0.2441799999999999,0.0,0.0,45.0,5.140631614270759,0.0,0.0,1.575,17.992210649947655,19.56721064994765,58749,,,0.511172906802438,Advisory
211034,3587.0,20797.0602,TUR,Turkey,Adana,0.814937327,0.0,0.57,0.6,3587.0,,,,,,,,,,,,,,,,,,,,,,,,,8.235999969009818,16.29874654,0.0,,13.812,0.066,11.438,0.055,1.938,0.009,0.5,0.002,0.11438,0.055,0.02907,0.0134999999999999,0.0125,0.005,0.22945,0.0,0.0,158.90625,0.7640803482885193,0.0,0.0,5.56171875,2.674281219009817,8.235999969009818,1335714,,,0.0102045917064396,Information
211036,3589.0,10927.85044,TUR,Turkey,Mersin,2.123780385,0.0,0.57,0.6,3589.0,3589.0,0.0,1.0,-9999.0,-9999.0,-9999.0,0.0,10.0,-999.9,-999.9,-999.9,-5979.4,0.0,0.0,0.0,0.0,0.0,0.0,0.0,0.0,0.0,0.0,0.0,-5979.4,5.335030313478216,42.4756077,0.0,,0.0,0.0,0.0,0.0,3.5,0.032,1.938,0.018,0.0,0.0,0.0525,0.048,0.04845,0.045,0.19395,0.0,0.0,79.59375,0.72835687527949,0.0,0.0,2.78578125,2.5492490634782152,5.335030313478216,151990,,,0.0087054311044424,Information
211037,3590.0,9587.490735,TUR,Turkey,Antalya,3.953435249,0.007779363,0.57,0.6,3590.0,,,,,,,,,,,,,,,,,,,,,,,,,8.124858148072214,79.06870498,0.15558726,,1.062,0.011,1.062,0.011,1.875,0.02,1.5,0.016,0.01062,0.011,0.028125,0.03,0.0375,0.04,0.157245,0.0,0.0,113.625,1.185138042306347,0.0,0.0,3.976875,4.147983148072214,8.124858148072214,576677,,,0.1719934270903512,Information
211052,3596.0,6798.335188,TUR,Turkey,Isparta,2.28605439,0.0,0.57,0.6,3596.0,,,,,,,,,,,,,,,,,,,,,,,,,7.661870346282395,45.7210878,0.0,,1.562,0.023,1.562,0.023,3.938,0.058,3.062,0.045,0.01562,0.023,0.05907,0.087,0.0765499999999999,0.1124999999999999,0.37374,0.0,0.0,88.59375,1.3031683132235414,0.0,0.0,3.10078125,4.561089096282395,7.661870346282395,277696,,,0.0251220669980226,Information
211053,3597.0,26213.74776,TUR,Turkey,Mugla,3.088235073,1.03443062,0.57,0.6,3597.0,,,,,,,,,,,,,,,,,,,,,,,,,34.446105023097374,61.76470146,20.6886124,,4.625,0.018,4.562,0.017,1.938,0.007,5.875,0.022,0.04562,0.017,0.02907,0.0105,0.146875,0.0549999999999999,0.304065,0.0,0.0,712.40625,2.717681792313535,0.0,0.0,24.93421875,9.511886273097373,34.446105023097374,2465685,,,0.4584405606061989,Advisory
211054,3598.0,26641.40241,TUR,Turkey,Denizli,1.116139586,0.0,0.57,0.6,3598.0,,,,,,,,,,,,,,,,,,,,,,,,,8.380428584474393,22.32279172,0.0,,2.75,0.01,2.75,0.01,2.0,0.008,2.625,0.01,0.0275,0.01,0.03,0.012,0.065625,0.025,0.170125,0.0,0.0,174.09375,0.6534706669926836,0.0,0.0,6.09328125,2.2871473344743927,8.380428584474393,2415115,,,0.0129849082724006,Information
211055,3599.0,7688.514242,TUR,Turkey,Izmir,3.299567942,0.482728572,0.57,0.6,3599.0,,,,,,,,,,,,,,,,,,,,,,,,,19.35180926773376,65.99135884,9.65457144,,1.312,0.017,1.312,0.017,0.0,0.0,1.625,0.021,0.01312,0.017,0.0,0.0,0.040625,0.0525,0.123245,0.0,0.0,240.328125,3.125807112209644,0.0,0.0,8.411484375,10.940324892733754,19.35180926773376,3837382,,,0.2864353497347101,Information
211056,3600.0,16796.51577,TUR,Turkey,Manisa,1.286464982,0.021005668,0.57,0.6,3600.0,3600.0,0.0,8.0,11.0,3.0,2.0,0.0,3.0,1.1,0.3,0.2,9.2,0.0,0.0,0.0,0.0,0.0,0.0,0.0,0.0,0.0,0.0,0.0,9.2,9.2,25.72929964,0.42011336,,0.0,0.0,0.0,0.0,0.0,0.0,21.562,0.128,0.0,0.0,0.0,0.0,0.53905,0.32,0.8590500000000001,0.0,0.0,96.046875,0.5718261831327166,0.0,0.0,3.361640625,2.001391640964508,5.363032265964508,1668871,,,0.0183757898442576,Information
211057,3601.0,17165.7411,TUR,Turkey,Balikesir,0.711900858,0.874005268,0.57,0.6,3601.0,,,,,,,,,,,,,,,,,,,,,,,,,31.623913450888043,14.23801716,17.48010536,,16.5,0.096,14.25,0.083,0.812,0.005,1.125,0.007,0.1425,0.083,0.01218,0.0075,0.028125,0.0175,0.290805,0.0,0.0,570.9375,3.326028843110869,0.0,0.0,19.9828125,11.641100950888042,31.623913450888043,1495645,,,0.1687476816547129,Information
211058,3602.0,23798.63116,TUR,Turkey,Balikesir,1.591299662,1.040992301,0.57,0.6,3602.0,3602.0,0.0,8.0,11.0,5.0,2.0,0.0,3.0,1.1,0.5,0.2,9.6,0.0,0.0,0.0,0.0,0.0,0.0,0.0,0.0,0.0,0.0,0.0,9.6,16.419530326221732,31.82599324,20.81984602,,,,,,,,,,,,,,,,,0.0,0.0,330.328125,1.3880131289204958,0.0,0.0,11.561484375,4.858045951221735,16.419530326221732,3548895,,,0.0772823268084895,Information
213021,3604.0,1948.410166,TUR,Turkey,Edirne,0.649827619,0.0,0.57,0.6,3604.0,,,,,,,,,,,,,,,,,,,,,,,,,46.458125,12.99655238,0.0,,15.938,0.818,12.75,0.654,5.75,0.295,6.562,0.337,0.1275,0.654,0.08625,0.4425,0.16405,0.8425,2.3168,0.0,0.0,327.375,16.802160327023753,0.0,0.0,11.458125,35.0,46.458125,101530,,,0.2651997211958189,Advisory
213022,3605.0,11040.55405,TUR,Turkey,Kirklareli,0.375406595,0.0,0.57,0.6,3605.0,,,,,,,,,,,,,,,,,,,,,,,,,7.21312109180085,7.5081319,0.0,,12.812,0.116,5.688,0.052,0.0,0.0,0.0,0.0,0.05688,0.052,0.0,0.0,0.0,0.0,0.10888,0.0,0.0,108.140625,0.9794854905145284,0.0,0.0,3.784921875,3.428199216800849,7.21312109180085,1112331,,,0.0053673426471732,Information
221001,3701.0,8113.892335,TUR,Turkey,Afyon,1.960319088,0.0,0.57,0.6,3701.0,,,,,,,,,,,,,,,,,,,,,,,,,4.96651276467866,39.20638176,0.0,,3.312,0.041,3.312,0.041,27.25,0.336,32.125,0.396,0.03312,0.041,0.40875,0.504,0.803125,0.99,2.779995,0.0,0.0,63.5625,0.7833786470510455,0.0,0.0,2.2246875,2.7418252646786594,4.96651276467866,567325,,,0.0061266061748471,Information
221002,3702.0,15465.43434,TUR,Turkey,Konya,2.633650067,0.0,0.57,0.6,3702.0,,,,,,,,,,,,,,,,,,,,,,,,,8.566324730696806,52.67300134,0.0,,1.125,0.007,1.125,0.007,6.438,0.042,1.5,0.01,0.01125,0.007,0.09657,0.063,0.0375,0.025,0.24032,0.0,0.0,148.640625,0.9611151016276592,0.0,0.0,5.202421875,3.363902855696807,8.566324730696806,1598281,,,0.0437030529162106,Information
221008,3708.0,18671.78686,TUR,Turkey,Aksaray,1.890094032,0.0,0.57,0.6,3708.0,,,,,,,,,,,,,,,,,,,,,,,,,17.035440572563278,37.80188064,0.0,,6.312,0.034,4.938,0.026,1.125,0.006,0.312,0.002,0.04938,0.026,0.016875,0.009,0.0078,0.005,0.114055,0.0,0.0,316.96875,1.6975812350180794,0.0,0.0,11.09390625,5.941534322563278,17.035440572563278,573804,,,0.0976551386110101,Information
221201,3711.0,5304.165978,TUR,Turkey,Sakarya,2.681236988,0.0,0.57,0.6,3711.0,3711.0,0.0,10.0,15.0,3.0,2.0,0.0,1.0,1.5,0.3,0.2,6.8,0.0,0.0,0.0,0.0,0.0,0.0,0.0,0.0,0.0,0.0,0.0,6.8,6.8,53.62473976,0.0,,,,,,,,,,,,,,,,,0.0,0.0,37.96875,0.715828843963432,0.0,0.0,1.32890625,2.5054009538720123,3.834307203872013,971342,,,0.0274388339036439,Information
221203,3713.0,10641.17976,TUR,Turkey,Bolu,1.875724589,0.0,0.57,0.6,3713.0,,,,,,,,,,,,,,,,,,,,,,,,,7.198577125337225,37.51449178,0.0,,0.0,0.0,0.0,0.0,5.0,0.047,2.188,0.021,0.0,0.0,0.075,0.0705,0.0547,0.0525,0.2527,0.0,0.0,106.03125,0.9964238215249216,0.0,0.0,3.71109375,3.4874833753372254,7.198577125337225,319188,,,0.0153456893537838,Information
221205,3715.0,388.9097537,TUR,Turkey,Ankara,2.272564975,0.0,0.57,0.6,3715.0,,,,,,,,,,,,,,,,,,,,,,,,,3.81284996485,45.4512995,0.0,,0.0,0.0,0.0,0.0,0.062,0.016,0.125,0.032,0.0,0.0,0.0009299999999999,0.024,0.003125,0.08,0.108055,0.0,0.0,4.078125,1.0486044542428568,0.0,0.0,0.142734375,3.670115589849999,3.81284996485,998,,,0.0038987236909876,Information
221208,3718.0,21190.94126,TUR,Turkey,Afyon,1.078608231,0.0,0.57,0.6,3718.0,,,,,,,,,,,,,,,,,,,,,,,,,2.405176194431052,21.57216462,0.0,,3.125,0.015,3.125,0.015,1.938,0.009,1.625,0.008,0.03125,0.015,0.02907,0.0134999999999999,0.040625,0.02,0.149445,0.0,0.0,46.6875,0.2203181984088719,0.0,0.0,1.6340625,0.7711136944310517,2.405176194431052,320747,,,0.0002464773826593,Information
221300,3720.0,29901.24294,TUR,Turkey,Karabyk,3.494152214,0.0,0.57,0.6,3720.0,,,,,,,,,,,,,,,,,,,,,,,,,11.855093098332604,69.88304428000001,0.0,,20.375,0.068,14.625,0.049,12.312,0.041,0.688,0.002,0.14625,0.049,0.18468,0.0615,0.0171999999999999,0.005,0.46363,0.0,0.0,253.828125,0.8488882066664575,0.0,0.0,8.883984375,2.971108723332601,11.855093098332604,2022751,,,0.1755828095189957,Information
221401,3722.0,3872.795367,TUR,Turkey,Samsun,2.209061435,0.0,0.57,0.6,3722.0,3722.0,0.0,13.0,19.0,-9999.0,-9999.0,0.0,1.0,1.9,-999.9,-999.9,-3993.8,0.0,0.0,0.0,0.0,0.0,0.0,0.0,0.0,0.0,0.0,0.0,-3993.8,16.220260964660394,44.181228700000005,0.0,,3.562,0.092,3.562,0.092,2.438,0.063,0.0,0.0,0.03562,0.092,0.03657,0.0945,0.0,0.0,0.25869,0.0,0.0,129.375,3.3406102756172555,0.0,0.0,4.528125,11.692135964660396,16.220260964660394,215612,,,0.1082573340346701,Information
221403,3724.0,1018.241854,TUR,Turkey,Çorum,2.762035732,0.0,0.57,0.6,3724.0,,,,,,,,,,,,,,,,,,,,,,,,,26.41639882966691,55.24071464000001,0.0,,2.375,0.233,1.812,0.178,2.5,0.246,0.438,0.043,0.01812,0.178,0.0375,0.369,0.01095,0.1074999999999999,0.7210699999999999,0.0,0.0,69.75,6.850042522761974,0.0,0.0,2.44125,23.97514882966691,26.41639882966691,14055,,,0.2989878004164078,Information
221405,3726.0,5385.187692,TUR,Turkey,Çorum,1.964786299,0.0,0.57,0.6,3726.0,,,,,,,,,,,,,,,,,,,,,,,,,10.503961853676683,39.29572598,0.0,,6.0,0.111,4.688,0.087,1.188,0.022,0.0,0.0,0.04688,0.087,0.01782,0.033,0.0,0.0,0.1847,0.0,0.0,105.046875,1.9506632081933384,0.0,0.0,3.676640625,6.827321228676684,10.503961853676683,111091,,,0.0396928459823276,Information
221407,3728.0,579.8892736,TUR,Turkey,Çankiri,2.27734414,0.0,0.57,0.6,3728.0,,,,,,,,,,,,,,,,,,,,,,,,,8.530809267756384,45.5468828,0.0,,0.688,0.119,0.688,0.119,0.062,0.011,0.0,0.0,0.00688,0.119,0.0009299999999999,0.0165,0.0,0.0,0.14331,0.0,0.0,13.359375,2.303780326501824,0.0,0.0,0.467578125,8.063231142756385,8.530809267756384,5143,,,0.031894204752005,Information
221409,3730.0,34252.27615,TUR,Turkey,Sivas,1.116969678,0.0,0.57,0.6,3730.0,,,,,,,,,,,,,,,,,,,,,,,,,12.13263485741073,22.33939356,0.0,,12.125,0.035,6.125,0.018,3.438,0.01,0.312,0.001,0.06125,0.018,0.05157,0.015,0.0078,0.0025,0.15612,0.0,0.0,268.3125,0.7833421021173514,0.0,0.0,9.3909375,2.74169735741073,12.13263485741073,2553732,,,0.0316947776343917,Information
221500,3731.0,2952.21502,TUR,Turkey,Samsun,4.034812111,0.0,0.57,0.6,3731.0,,,,,,,,,,,,,,,,,,,,,,,,,27.5103469678351,80.69624222,0.0,3.0,5.562,0.188,3.75,0.127,2.938,0.1,0.0,0.0,0.0375,0.127,0.04407,0.15,0.0,0.0,0.35857,0.0,0.0,179.15625,6.068536633667172,0.0,0.0,6.27046875,21.239878217835106,27.5103469678351,803645,33101.0,4.1188584511818025,0.6384288808523704,Watch
221601,3732.0,2307.985318,TUR,Turkey,Samsun,4.035340083,0.0,0.57,0.6,3732.0,3732.0,2.0,3.0,100.0,100.0,21.0,7.0,8.0,10.0,10.0,2.1,74.2,0.0,0.0,0.0,0.0,0.0,0.0,0.0,0.0,0.0,0.0,0.0,74.2,74.2,80.70680166000001,0.0,,3.0,0.13,3.0,0.13,0.812,0.035,0.062,0.003,0.03,0.13,0.01218,0.0525,0.00155,0.0075,0.23373,0.0,0.0,64.828125,2.808862106106224,0.0,0.0,2.268984375,9.831017371371784,12.100001746371785,132827,,,0.9110117410035766,Warning
221603,3734.0,3776.265549,TUR,Turkey,Tokat,3.538968379,0.0,0.57,0.6,3734.0,,,,,,,,,,,,,,,,,,,,,,,,,2.7112933331950977,70.77936758,0.0,,3.0,0.079,3.0,0.079,0.188,0.005,0.0,0.0,0.03,0.079,0.00282,0.0075,0.0,0.0,0.11932,0.0,0.0,21.234375,0.5623114880557422,0.0,0.0,0.743203125,1.9680902081950973,2.7112933331950977,163700,,,0.0087164200425295,Information
221605,3736.0,7.681191519,TUR,Turkey,Giresun,2.290724927,0.0,0.57,0.6,3736.0,,,,,,,,,,,,,,,,,,,,,,,,,35.034453125,45.81449854,0.0,,0.188,2.441,0.188,2.441,0.0,0.0,0.0,0.0,0.00188,2.441,0.0,0.0,0.0,0.0,2.44288,0.0,0.0,0.984375,12.815394559684249,0.0,0.0,0.034453125,35.0,35.034453125,22,,,0.3313888287249045,Advisory
221606,3737.0,1132.232728,TUR,Turkey,Sivas,0.110937255,0.0,0.57,0.6,3737.0,,,,,,,,,,,,,,,,,,,,,,,,,3.82299952145369,2.2187451,0.0,,6.875,0.607,6.875,0.607,0.0,0.0,0.0,0.0,0.06875,0.607,0.0,0.0,0.0,0.0,0.67575,0.0,0.0,11.109375,0.9811918275581972,0.0,0.0,0.388828125,3.4341713964536904,3.82299952145369,13674,,,0.0005941002276083,Information
221700,3741.0,24090.46222,TUR,Turkey,Giresun,3.736681129,0.0,0.57,0.6,3741.0,,,,,,,,,,,,,,,,,,,,,,,,,8.239542180011416,74.73362258,0.0,,17.5,0.073,17.062,0.071,0.188,0.001,0.0,0.0,0.17062,0.071,0.00282,0.0015,0.0,0.0,0.24594,0.0,0.0,166.359375,0.6905611585746905,0.0,0.0,5.822578125,2.416964055011417,8.239542180011416,2107064,,,0.1312440359377814,Information
221800,3742.0,22060.8915,TUR,Turkey,Artvin,3.430642124,0.0,0.57,0.6,3742.0,3742.0,1.0,2.0,100.0,-9999.0,-9999.0,3.0,9.0,10.0,-999.9,-999.9,-3955.6,0.0,0.0,0.0,0.0,0.0,0.0,0.0,0.0,0.0,0.0,0.0,-3955.6,5.979837645751939,68.61284248,0.0,,19.062,0.086,19.062,0.086,4.062,0.018,3.312,0.015,0.19062,0.086,0.06093,0.0269999999999999,0.0828,0.0375,0.4848499999999999,0.0,0.0,117.5625,0.5329000416434113,0.0,0.0,4.1146875,1.86515014575194,5.979837645751939,309693,,,0.0486581887191639,Information
284648,5040.0,9699.537912,TUR,Turkey,Kars,2.203658765,0.0,0.57,0.6,5040.0,,,,,,,,,,,,,,,,,,,,,,,,,8.756684050042825,44.0731753,0.0,,42.812,0.441,29.0,0.299,1.125,0.012,0.0,0.0,0.29,0.299,0.016875,0.018,0.0,0.0,0.623875,0.0,0.0,123.1875,1.2700347285836646,0.0,0.0,4.3115625,4.445121550042826,8.756684050042825,446486,,,0.031853357273858,Information
294000,5292.0,17355.06423,TUR,Turkey,Van,4.016841014,0.0,0.57,0.6,5292.0,,,,,,,,,,,,,,,,,,,,,,,,,16.066533808516617,80.33682028,0.0,,48.375,0.279,31.625,0.182,3.5,0.02,0.0,0.0,0.31625,0.182,0.0525,0.03,0.0,0.0,0.58075,0.0,0.0,291.234375,1.6780944810047471,0.0,0.0,10.193203125,5.873330683516615,16.066533808516617,1188178,,,0.4199546979446696,Advisory
294692,5331.0,6068.823579,TUR,Turkey,Sirnak,2.726117315,0.0,0.57,0.6,5331.0,5331.0,1.0,1.0,100.0,-9999.0,-9999.0,3.0,10.0,10.0,-999.9,-999.9,-3953.6,0.0,0.0,0.0,0.0,0.0,0.0,0.0,0.0,0.0,0.0,0.0,-3953.6,0.6125027002619116,54.5223463,0.0,,,,,,,,,,,,,,,,,0.0,0.0,6.609375,0.1089070215034033,0.0,0.0,0.231328125,0.3811745752619115,0.6125027002619116,1158489,,,8.258378015667621e-06,Information
294693,5332.0,5481.910607,TUR,Turkey,Sirnak,2.709304954,0.0,0.57,0.6,5332.0,,,,,,,,,,,,,,,,,,,,,,,,,3.2804633419249707,54.18609908,0.0,,13.875,0.253,8.312,0.152,10.75,0.196,5.312,0.097,0.08312,0.152,0.16125,0.294,0.1328,0.2425,1.06567,0.0,0.0,33.1875,0.6054002405499916,0.0,0.0,1.1615625,2.11890084192497,3.2804633419249707,548617,,,0.0041870400868665,Information
294694,5333.0,11513.00341,TUR,Turkey,Siirt,2.089727236,0.0,0.57,0.6,5333.0,5333.0,2.0,1.0,100.0,100.0,-9999.0,7.0,10.0,10.0,10.0,-999.9,-3277.6666666666665,0.0,0.0,0.0,0.0,0.0,0.0,0.0,0.0,0.0,0.0,0.0,-3277.6666666666665,2.179672969628763,41.79454472,0.0,,10.125,0.088,9.875,0.086,7.25,0.063,0.688,0.006,0.09875,0.086,0.10875,0.0945,0.0171999999999999,0.015,0.4202,0.0,0.0,33.328125,0.289482455608218,0.0,0.0,1.166484375,1.013188594628763,2.179672969628763,497391,,,0.0005102662687508,Information
294695,5334.0,201.1450386,TUR,Turkey,Batman,2.420658018,0.0,0.57,0.6,5334.0,,,,,,,,,,,,,,,,,,,,,,,,,13.47919441104986,48.413160360000006,0.0,,7.062,3.511,6.438,3.2,1.125,0.559,0.188,0.093,0.0643799999999999,3.2,0.016875,0.8385,0.0046999999999999,0.2324999999999999,4.356955,0.0,0.0,7.59375,3.775260903157103,0.0,0.0,0.26578125,13.21341316104986,13.47919441104986,1177,,,0.0897786662304129,Information
294696,5335.0,2918.188407,TUR,Turkey,Batman,0.671531442,0.0,0.57,0.6,5335.0,,,,,,,,,,,,,,,,,,,,,,,,,3.81291316639004,13.43062884,0.0,,14.0,0.48,6.188,0.212,2.938,0.101,0.25,0.009,0.06188,0.212,0.04407,0.1515,0.00625,0.0225,0.4982,0.0,0.0,24.609375,0.8433100118257258,0.0,0.0,0.861328125,2.9515850413900404,3.81291316639004,110501,,,0.0008964504342035,Information
294697,5336.0,1143.676852,TUR,Turkey,Batman,2.596609282,0.0,0.57,0.6,5336.0,,,,,,,,,,,,,,,,,,,,,,,,,17.93607290902886,51.93218564,0.0,,2.875,0.251,2.25,0.197,1.125,0.098,0.375,0.033,0.0225,0.197,0.016875,0.147,0.009375,0.0825,0.47525,0.0,0.0,52.59375,4.598654759722532,0.0,0.0,1.84078125,16.09529165902886,17.93607290902886,30221,,,0.162115907315173,Information
294698,5337.0,5417.613388,TUR,Turkey,Diyarbakir,1.951798768,0.0,0.57,0.6,5337.0,5337.0,1.0,1.0,100.0,-9999.0,-9999.0,3.0,10.0,10.0,-999.9,-999.9,-3953.6,0.0,0.0,0.0,0.0,0.0,0.0,0.0,0.0,0.0,0.0,0.0,-3953.6,8.43210901157691,39.03597536,0.0,,16.188,0.299,12.312,0.227,14.875,0.275,5.625,0.104,0.12312,0.227,0.223125,0.4125,0.140625,0.26,1.38637,0.0,0.0,84.65625,1.5626115033076888,0.0,0.0,2.96296875,5.469140261576911,8.43210901157691,619508,,,0.0239509876780178,Information
294699,5338.0,14688.93588,TUR,Turkey,Diyarbakir,2.23698395,0.0,0.57,0.6,5338.0,,,,,,,,,,,,,,,,,,,,,,,,,16.710674735447828,44.739679,0.0,,27.875,0.19,25.375,0.173,17.75,0.121,5.625,0.038,0.25375,0.173,0.26625,0.1815,0.140625,0.095,1.1101249999999998,0.0,0.0,284.0625,1.933853495842237,0.0,0.0,9.9421875,6.76848723544783,16.710674735447828,1576090,,,0.1158468342089855,Information
294977,5404.0,16483.20616,TUR,Turkey,Adiyaman,1.479165262,0.0,0.57,0.6,5404.0,,,,,,,,,,,,,,,,,,,,,,,,,34.52575480721329,29.58330524,0.0,,15.062,0.091,14.312,0.087,2.938,0.018,0.375,0.002,0.14312,0.087,0.04407,0.0269999999999999,0.009375,0.005,0.315565,0.0,0.0,613.96875,3.724813873489512,0.0,0.0,21.48890625,13.036848557213291,34.52575480721329,893569,,,0.2380080289784469,Information
294979,5406.0,3848.925593,TUR,Turkey,Malatya,0.72060175,0.0,0.57,0.6,5406.0,,,,,,,,,,,,,,,,,,,,,,,,,11.688292782288084,14.412035,0.0,,10.25,0.266,10.188,0.265,0.875,0.023,0.188,0.005,0.10188,0.265,0.013125,0.0345,0.0046999999999999,0.0125,0.431705,0.0,0.0,92.8125,2.4113872235108813,0.0,0.0,3.2484375,8.439855282288084,11.688292782288084,28846,,,0.0232428099640469,Information
294980,5407.0,22755.13324,TUR,Turkey,Erzincan,1.205076149,0.0,0.57,0.6,5407.0,5407.0,2.0,3.0,100.0,100.0,-9999.0,7.0,8.0,10.0,10.0,-999.9,-1958.8,0.0,0.0,0.0,0.0,0.0,0.0,0.0,0.0,0.0,0.0,0.0,-1958.8,10.641442435079108,24.10152298,0.0,,41.438,0.182,36.875,0.162,6.188,0.027,0.0,0.0,0.36875,0.162,0.09282,0.0405,0.0,0.0,0.66407,0.0,0.0,211.21875,0.928224624308316,0.0,0.0,7.39265625,3.2487861850791058,10.641442435079108,530632,,,0.0247279260545719,Information
294991,5408.0,3020.212122,TUR,Turkey,Tunceli,1.563481526,0.0,0.57,0.6,5408.0,,,,,,,,,,,,,,,,,,,,,,,,,23.65843760505873,31.26963052,0.0,,26.0,0.861,25.812,0.855,2.688,0.089,0.375,0.012,0.25812,0.855,0.04032,0.1335,0.009375,0.03,1.3263149999999997,0.0,0.0,156.796875,5.191584851445352,0.0,0.0,5.487890625,18.17054698005873,23.65843760505873,47868,,,0.1431053138569644,Information
294992,5409.0,9891.720202,TUR,Turkey,Tunceli,1.88378915,0.0,0.57,0.6,5409.0,5409.0,2.0,1.0,100.0,100.0,-9999.0,7.0,10.0,10.0,10.0,-999.9,-1926.4666666666665,0.0,0.0,0.0,0.0,0.0,0.0,0.0,0.0,0.0,0.0,0.0,-1926.4666666666665,10.40240634062672,37.675783,0.0,,10.688,0.108,10.625,0.107,1.125,0.011,0.0,0.0,0.10625,0.107,0.016875,0.0165,0.0,0.0,0.2466249999999999,0.0,0.0,147.796875,1.4941473473219198,0.0,0.0,5.172890625,5.229515715626719,10.40240634062672,84155,,,0.0367018111733462,Information
294993,5410.0,2814.234035,TUR,Turkey,Elazig,0.651929916,0.0,0.57,0.6,5410.0,5410.0,1.0,1.0,100.0,-9999.0,-9999.0,3.0,10.0,10.0,-999.9,-999.9,-3953.6,0.0,0.0,0.0,0.0,0.0,0.0,0.0,0.0,0.0,0.0,0.0,-3953.6,25.23488970028984,13.038598320000002,0.0,,11.438,0.406,11.312,0.402,0.25,0.009,0.0,0.0,0.11312,0.402,0.00375,0.0134999999999999,0.0,0.0,0.53237,0.0,0.0,158.34375,5.626530985797095,0.0,0.0,5.54203125,19.69285845028984,25.23488970028984,483380,,,0.1079995892717023,Information
294996,5413.0,2241.225051,TUR,Turkey,Mus,0.595192144,0.0,0.57,0.6,5413.0,5413.0,1.0,1.0,100.0,-9999.0,-9999.0,3.0,10.0,10.0,-999.9,-999.9,-3953.6,0.0,0.0,0.0,0.0,0.0,0.0,0.0,0.0,0.0,0.0,0.0,-3953.6,1.9893065554542728,11.90384288,0.0,,,,,,,,,,,,,,,,,0.0,0.0,10.40625,0.4643108015583637,0.0,0.0,0.36421875,1.6250878054542728,1.9893065554542728,235193,,,7.512895774552354e-05,Information
294997,5414.0,4026.143056,TUR,Turkey,Mus,3.141740531,0.0,0.57,0.6,5414.0,5414.0,2.0,1.0,100.0,100.0,-9999.0,7.0,10.0,10.0,10.0,-999.9,-1925.8,0.0,0.0,0.0,0.0,0.0,0.0,0.0,0.0,0.0,0.0,0.0,-1925.8,10.545198461004013,62.83481062,0.0,,13.812,0.343,13.75,0.342,3.688,0.092,0.0,0.0,0.1375,0.342,0.05532,0.138,0.0,0.0,0.6728200000000001,0.0,0.0,86.484375,2.148070096001146,0.0,0.0,3.026953125,7.518245336004011,10.545198461004013,111657,,,0.1038884563131298,Information
294998,5415.0,3049.417388,TUR,Turkey,Erzurum,2.048622672,0.0,0.57,0.6,5415.0,5415.0,2.0,1.0,100.0,100.0,-9999.0,7.0,10.0,10.0,10.0,-999.9,-1925.8,0.0,0.0,0.0,0.0,0.0,0.0,0.0,0.0,0.0,0.0,0.0,-1925.8,0.3580583048116144,40.97245344,0.0,,,,,,,,,,,,,,,,,0.0,0.0,2.390625,0.0783961228033184,0.0,0.0,0.083671875,0.2743864298116144,0.3580583048116144,53101,,,1.6534157906669115e-07,Information
294999,5416.0,10736.17595,TUR,Turkey,Agri,2.434671457,0.0,0.57,0.6,5416.0,5416.0,2.0,1.0,100.0,100.0,-9999.0,7.0,10.0,10.0,10.0,-999.9,-2615.6,0.0,0.0,0.0,0.0,0.0,0.0,0.0,0.0,0.0,0.0,0.0,-2615.6,3.146571628786252,48.69342914,0.0,,26.188,0.244,14.0,0.13,0.25,0.002,0.0,0.0,0.14,0.13,0.00375,0.003,0.0,0.0,0.27675,0.0,0.0,46.546875,0.4335517153675003,0.0,0.0,1.629140625,1.517431003786251,3.146571628786252,496396,,,0.0026231745760885,Information
213010,16062.0,6081.232807,TUR,Turkey,Istanbul,0.381058848,0.717628852,0.57,0.6,16062.0,,,,,,,,,,,,,,,,,,,,,,,,,30.76846011926429,7.62117696,14.35257704,,13.25,0.218,11.688,0.192,0.562,0.009,0.312,0.005,0.11688,0.192,0.00843,0.0134999999999999,0.0078,0.0125,0.35111,0.0,0.0,332.4375,5.466613605504084,0.0,0.0,11.6353125,19.13314761926429,30.76846011926429,10415487,,,0.1529769240060376,Information
211040,3593.0,9470.322995,CYP,Cyprus,Nicosia,1.92581553,0.986444295,0.75,0.35,3593.0,,,,,,,,,,,,,,,,,,,,,,,,,12.314861244341408,38.5163106,19.7288859,,5.688,0.06,5.562,0.059,1.062,0.011,0.812,0.009,0.05562,0.059,0.01593,0.0165,0.0203,0.0225,0.18985,0.0,0.0,171.140625,1.807125534097545,0.0,0.0,5.989921875,6.324939369341408,12.314861244341408,1364985,,,0.0539214044515618,Information
213023,3606.0,3724.885756,GRC,Greece,Macedonia and Thrace,1.870295602,0.0,0.72,0.39,3606.0,3606.0,0.0,9.0,5.0,2.0,2.0,0.0,2.0,0.5,0.2,0.2,5.800000000000001,0.0,0.0,0.0,0.0,0.0,0.0,0.0,0.0,0.0,0.0,0.0,5.800000000000001,6.963981119714089,37.40591204,0.0,,,,,,,,,,,,,,,,,0.0,0.0,54.0,1.4497088913468827,0.0,0.0,1.89,5.073981119714089,6.963981119714089,199834,,,0.0140488521059774,Information
213030,3613.0,12483.48164,GRC,Greece,Macedonia and Thrace,0.749113547,0.290704822,0.72,0.39,3613.0,,,,,,,,,,,,,,,,,,,,,,,,,16.621097192430472,14.98227094,5.814096439999999,,27.688,0.222,26.0,0.208,0.625,0.005,0.312,0.003,0.26,0.208,0.009375,0.0075,0.0078,0.0075,0.5001749999999999,0.0,0.0,263.671875,2.112166162122992,0.0,0.0,9.228515625,7.392581567430472,16.621097192430472,538147,,,0.0513200483912415,Information
213050,3615.0,7264.423787,GRC,Greece,Macedonia and Thrace,0.151969813,1.482117682,0.72,0.39,3615.0,,,,,,,,,,,,,,,,,,,,,,,,,27.640456895292207,3.03939626,29.64235364,,19.625,0.27,16.0,0.22,1.438,0.02,0.125,0.002,0.16,0.22,0.02157,0.03,0.003125,0.005,0.439695,0.0,0.0,332.296875,4.574304648654916,0.0,0.0,11.630390625,16.010066270292207,27.640456895292207,1204430,,,0.1750717616319637,Information
213071,3618.0,5501.305992,GRC,Greece,Macedonia and Thrace,1.660428654,0.231294121,0.72,0.39,3618.0,,,,,,,,,,,,,,,,,,,,,,,,,4.340876246087972,33.20857308,4.62588242,,30.562,0.556,14.0,0.254,0.938,0.017,0.25,0.005,0.14,0.254,0.01407,0.0255,0.00625,0.0125,0.45232,0.0,0.0,44.015625,0.8000941060251349,0.0,0.0,1.540546875,2.800329371087972,4.340876246087972,313435,,,0.0031332703911497,Information
213072,3619.0,6762.867329,GRC,Greece,Epirus and Western Macedonia,1.474232249,0.448654532,0.72,0.39,3619.0,,,,,,,,,,,,,,,,,,,,,,,,,6.307228470068582,29.48464498,8.97309064,,20.375,0.301,12.062,0.178,0.375,0.006,0.0,0.0,0.1206199999999999,0.178,0.005625,0.009,0.0,0.0,0.313245,0.0,0.0,72.703125,1.075034027162452,0.0,0.0,2.544609375,3.7626190950685823,6.307228470068582,215345,,,0.0078863272785462,Information
213073,3620.0,1638.269517,GRC,Greece,Macedonia and Thrace,0.548141309,1.998164769,0.72,0.39,3620.0,,,,,,,,,,,,,,,,,,,,,,,,,15.524463822476916,10.96282618,39.96329538,,1.812,0.111,1.312,0.08,0.438,0.027,0.125,0.008,0.01312,0.08,0.00657,0.0405,0.003125,0.02,0.163315,0.0,0.0,62.4375,3.8111860921362615,0.0,0.0,2.1853125,13.339151322476916,15.524463822476916,120682,,,0.0881014712225294,Information
213075,3622.0,61499.85534,GRC,Greece,Thessaly and Central Greece,3.023196112,2.038346351,0.72,0.39,3622.0,,,,,,,,,,,,,,,,,,,,,,,,,46.94938024064306,60.46392224,40.76692702,,166.125,0.27,130.25,0.212,6.438,0.01,0.938,0.002,1.3025,0.212,0.09657,0.015,0.02345,0.005,1.6545199999999998,0.0,0.0,2099.671875,3.4141086401837306,0.0,0.0,35.0,11.949380240643055,46.94938024064306,6337965,,,0.5682247835750699,Advisory
212000,16061.0,21112.16509,GRC,Greece,Aegean,0.113842983,0.156109598,0.72,0.39,16061.0,,,,,,,,,,,,,,,,,,,,,,,,,63.26932054711344,2.27685966,3.12219196,3.0,157.0,0.744,134.5,0.637,7.625,0.036,0.812,0.004,1.345,0.637,0.114375,0.0539999999999999,0.0203,0.01,2.180675,0.0,0.0,1705.21875,8.076948727746696,0.0,0.0,35.0,28.26932054711344,63.26932054711344,1204530,80517.0,6.684515952280143,0.3350357321111655,Watch
213024,3607.0,8601.852358,BGR,Bulgaria,Yambol,2.530193323,0.0,0.7,0.42,3607.0,,,,,,,,,,,,,,,,,,,,,,,,,6.077582978512146,50.603866460000006,0.0,,5.688,0.066,4.312,0.05,0.188,0.002,0.062,0.001,0.04312,0.05,0.00282,0.003,0.00155,0.0025,0.10299,0.0,0.0,80.296875,0.9334835295748988,0.0,0.0,2.810390625,3.267192353512146,6.077582978512146,417541,,,0.0180737177671709,Information
213027,3610.0,2968.623054,BGR,Bulgaria,Haskovo,1.395504014,0.0,0.7,0.42,3610.0,3610.0,0.0,8.0,5.0,2.0,2.0,0.0,3.0,0.5,0.2,0.2,7.8,0.0,0.0,0.0,0.0,0.0,0.0,0.0,0.0,0.0,0.0,0.0,7.8,7.8,27.91008028,0.0,,,,,,,,,,,,,,,,,0.0,0.0,34.875,1.174787076859377,0.0,0.0,1.220625,4.11175476900782,5.33237976900782,149144,,,0.0130812717339846,Information
213029,3612.0,15313.76786,BGR,Bulgaria,Plovdiv,1.962399592,0.0,0.7,0.42,3612.0,,,,,,,,,,,,,,,,,,,,,,,,,11.927221478601751,39.24799184,0.0,,9.75,0.064,4.938,0.032,0.5,0.003,1.438,0.009,0.04938,0.032,0.0075,0.0045,0.0359499999999999,0.0225,0.15183,0.0,0.0,206.15625,1.3462150653147864,0.0,0.0,7.21546875,4.711752728601752,11.927221478601751,1064199,,,0.0517648993155471,Information
213040,3614.0,16839.18767,BGR,Bulgaria,Blagoevgrad,1.438814199,0.050679856,0.7,0.42,3614.0,3614.0,0.0,8.0,2.0,-9999.0,-9999.0,0.0,3.0,0.2,-999.9,-999.9,-3993.2,0.0,0.0,0.0,0.0,0.0,0.0,0.0,0.0,0.0,0.0,0.0,-3993.2,6.534672265651784,28.77628398,1.01359712,,25.875,0.154,25.562,0.152,9.812,0.058,7.875,0.047,0.25562,0.152,0.14718,0.087,0.196875,0.1175,0.956175,0.0,0.0,117.140625,0.6956429687576525,0.0,0.0,4.099921875,2.434750390651784,6.534672265651784,836635,,,0.0084539671578764,Information
227350,3945.0,26774.23781,BGR,Bulgaria,Veliko Tarnovo,2.081495655,0.0,0.7,0.42,3945.0,3945.0,1.0,14.0,33.0,11.0,3.0,3.0,1.0,3.3,1.1,0.3,-3990.466666666666,0.0,0.0,0.0,0.0,0.0,0.0,0.0,0.0,0.0,0.0,0.0,-3990.466666666666,14.82503663355318,41.6299131,0.0,,,,,,,,,,,,,,,,,0.0,0.0,308.390625,1.151818502443766,0.0,0.0,10.793671875,4.031364758553181,14.82503663355318,1515920,,,0.0852676007440716,Information
228000,4036.0,28204.01369,BGR,Bulgaria,Varna,1.543623229,0.0,0.7,0.42,4036.0,,,,,,,,,,,,,,,,,,,,,,,,,54.15069849217543,30.87246458,0.0,,20.812,0.074,18.938,0.067,0.812,0.003,5.562,0.02,0.18938,0.067,0.01218,0.0045,0.13905,0.05,0.46211,0.0,0.0,1543.21875,5.471628140621551,0.0,0.0,35.0,19.15069849217543,54.15069849217543,2044004,,,0.4035448307994506,Advisory
213060,3616.0,24578.96091,MKD,Macedonia,Gradsko,2.65697197,0.092773619,0.65,0.49,3616.0,,,,,,,,,,,,,,,,,,,,,,,,,8.149959722766734,53.1394394,1.85547238,,22.5,0.092,12.938,0.053,0.0,0.0,0.0,0.0,0.12938,0.053,0.0,0.0,0.0,0.0,0.18238,0.0,0.0,165.515625,0.6734036707904958,0.0,0.0,5.793046875,2.356912847766736,8.149959722766734,2053877,,,0.0401313883682594,Information
213077,3624.0,154.5709376,ALB,Albania,Fier,4.042676225,4.038516065,0.63,0.51,3624.0,,,,,,,,,,,,,,,,,,,,,,,,,27.160865349398627,80.8535245,80.77032129999999,3.0,2.25,1.456,2.25,1.456,0.0,0.0,0.0,0.0,0.0225,1.456,0.0,0.0,0.0,0.0,1.4785,0.0,0.0,11.8125,7.642122242685321,0.0,0.0,0.4134375,26.747427849398623,27.160865349398627,8968,130.0,1.4495985727029437,0.6367025033181145,Watch
213078,3625.0,6137.263474,ALB,Albania,Berat,2.655072628,1.103975436,0.63,0.51,3625.0,,,,,,,,,,,,,,,,,,,,,,,,,3.429506067133496,53.10145256,22.07950872,,11.188,0.182,8.688,0.142,0.188,0.003,0.062,0.001,0.08688,0.142,0.00282,0.0045,0.00155,0.0025,0.24025,0.0,0.0,37.265625,0.6072026263238559,0.0,0.0,1.304296875,2.125209192133496,3.429506067133496,404420,,,0.0044539270493944,Information
213079,3626.0,8870.526967,ALB,Albania,Tirani,2.541776755,3.090454585,0.63,0.51,3626.0,,,,,,,,,,,,,,,,,,,,,,,,,9.737514917868832,50.8355351,61.8090917,,64.875,0.731,35.812,0.404,0.188,0.002,0.062,0.001,0.35812,0.404,0.00282,0.003,0.00155,0.0025,0.7719900000000001,0.0,0.0,130.78125,1.4743346193910951,0.0,0.0,4.57734375,5.160171167868833,9.737514917868832,1778876,,,0.0858735488399436,Information
213080,3627.0,17574.23236,ALB,Albania,Shkodër,3.020851366,0.057701194,0.63,0.51,3627.0,,,,,,,,,,,,,,,,,,,,,,,,,5.336244177643904,60.41702732,1.15402388,,23.625,0.134,17.312,0.099,0.062,0.0,0.0,0.0,0.17312,0.099,0.0009299999999999,0.0,0.0,0.0,0.27305,0.0,0.0,97.171875,0.5529224436125438,0.0,0.0,3.401015625,1.935228552643904,5.336244177643904,1657768,,,0.0225416202850454,Information
227403,3968.0,2993.558067,BIH,Bosnia and Herzegovina,Repuplika Srpska,2.280479046,0.0,0.62,0.53,3968.0,3968.0,0.0,1.0,-9999.0,-9999.0,-9999.0,0.0,10.0,-999.9,-999.9,-999.9,-5979.4,0.0,0.0,0.0,0.0,0.0,0.0,0.0,0.0,0.0,0.0,0.0,-5979.4,4.84949864055626,45.60958092,0.0,,,,,,,,,,,,,,,,,0.0,0.0,31.921875,1.0663522901589315,0.0,0.0,1.117265625,3.73223301555626,4.84949864055626,365864,,,0.0078177894392384,Information
227404,3969.0,10513.87911,BIH,Bosnia and Herzegovina,Federacija Bosna i Hercegovina,3.136553583,0.0,0.62,0.53,3969.0,3969.0,0.0,1.0,2.0,-9999.0,-9999.0,0.0,10.0,0.2,-999.9,-999.9,-3979.2,0.0,0.0,0.0,0.0,0.0,0.0,0.0,0.0,0.0,0.0,0.0,-3979.2,0.8162709076120693,62.73107166,0.0,,,,,,,,,,,,,,,,,0.0,0.0,11.953125,0.1136890093177341,0.0,0.0,0.418359375,0.3979115326120693,0.8162709076120693,1386750,,,6.64103112490073e-05,Information
213095,3631.0,1443.847619,HRV,Croatia,Splitsko-Dalmatinska,3.013892261,1.157138386,0.75,0.35,3631.0,,,,,,,,,,,,,,,,,,,,,,,,,13.26356292759876,60.27784522,23.14276772,,4.375,0.303,4.375,0.303,0.0,0.0,0.0,0.0,0.04375,0.303,0.0,0.0,0.0,0.0,0.34675,0.0,0.0,47.8125,3.31146440788536,0.0,0.0,1.6734375,11.59012542759876,13.26356292759876,320768,,,0.1363450811634406,Information
213096,3632.0,2525.59242,HRV,Croatia,Šibensko-Kninska,2.144200447,0.0,0.75,0.35,3632.0,,,,,,,,,,,,,,,,,,,,,,,,,3.197693880418699,42.88400894,0.0,,10.125,0.401,8.688,0.344,0.0,0.0,0.0,0.0,0.08688,0.344,0.0,0.0,0.0,0.0,0.43088,0.0,0.0,18.421875,0.7294080729767712,0.0,0.0,0.644765625,2.552928255418699,3.197693880418699,66516,,,0.0019717001052969,Information
227407,3972.0,6661.997385,HRV,Croatia,Bjelovarska-Bilogorska,1.280873736,0.0,0.75,0.35,3972.0,,,,,,,,,,,,,,,,,,,,,,,,,0.8863100632165255,25.61747472,0.0,,50.375,0.756,12.938,0.194,0.0,0.0,0.0,0.0,0.12938,0.194,0.0,0.0,0.0,0.0,0.32338,0.0,0.0,10.125,0.151981446633293,0.0,0.0,0.354375,0.5319350632165255,0.8863100632165255,322843,,,4.713632730884205e-06,Information
227408,3973.0,10033.89775,HRV,Croatia,Karlovacka,1.403409917,0.0,0.75,0.35,3973.0,,,,,,,,,,,,,,,,,,,,,,,,,1.2971801454816885,28.06819834,0.0,,15.75,0.157,5.125,0.051,0.0,0.0,0.0,0.0,0.05125,0.051,0.0,0.0,0.0,0.0,0.10225,0.0,0.0,18.5625,0.1849978987090539,0.0,0.0,0.6496875,0.6474926454816886,1.2971801454816885,470175,,,2.965671965250272e-05,Information
213091,16063.0,2457.919847,HRV,Croatia,Dubrovacko-Neretvanska,2.946491453,2.238767577,0.75,0.35,16063.0,,,,,,,,,,,,,,,,,,,,,,,,,41.11171586435742,58.92982906,44.77535154,,12.5,0.509,10.375,0.422,0.5,0.02,0.0,0.0,0.10375,0.422,0.0075,0.03,0.0,0.0,0.5632499999999999,0.0,0.0,231.75,9.42870453267355,0.0,0.0,8.11125,33.00046586435742,41.11171586435742,237676,,,0.5004033498400896,Advisory
213093,16064.0,1901.448623,HRV,Croatia,Splitsko-Dalmatinska,1.023601818,2.750672335,0.75,0.35,16064.0,,,,,,,,,,,,,,,,,,,,,,,,,32.31627526823654,20.47203636,55.0134467,,10.812,0.569,9.25,0.486,0.188,0.01,0.0,0.0,0.0925,0.486,0.00282,0.015,0.0,0.0,0.5963200000000001,0.0,0.0,147.515625,7.758065255210439,0.0,0.0,5.163046875,27.15322839323653,32.31627526823654,76542,,,0.3704005573166934,Advisory
213097,16065.0,16094.84372,HRV,Croatia,Licko-Senjska,0.829900399,2.031147507,0.75,0.35,16065.0,,,,,,,,,,,,,,,,,,,,,,,,,50.98370635580066,16.59800798,40.62295014,,74.625,0.464,62.938,0.391,0.688,0.004,0.0,0.0,0.62938,0.391,0.01032,0.006,0.0,0.0,1.0367000000000002,0.0,0.0,898.453125,5.582241994514476,0.0,0.0,31.445859375,19.537846980800666,50.98370635580066,1105125,,,0.4394350631921306,Advisory
227409,3974.0,12567.20312,SVN,Slovenia,Zasavska,2.047094914,0.0,0.81,0.26,3974.0,3974.0,0.0,1.0,-9999.0,-9999.0,-9999.0,0.0,10.0,-999.9,-999.9,-999.9,-5979.4,0.0,0.0,0.0,0.0,0.0,0.0,0.0,0.0,0.0,0.0,0.0,-5979.4,2.342154592826467,40.94189828,0.0,,9.5,0.076,6.688,0.053,0.0,0.0,0.0,0.0,0.06688,0.053,0.0,0.0,0.0,0.0,0.1198799999999999,0.0,0.0,37.265625,0.2965307765218477,0.0,0.0,1.304296875,1.037857717826467,2.342154592826467,2354060,,,0.0006244933263053,Information
227805,4006.0,6558.804237,SVN,Slovenia,Podravska,1.462184948,0.0,0.81,0.26,4006.0,4006.0,0.0,1.0,-9999.0,-9999.0,-9999.0,0.0,10.0,-999.9,-999.9,-999.9,-5979.4,0.0,0.0,0.0,0.0,0.0,0.0,0.0,0.0,0.0,0.0,0.0,-5979.4,5.889971925849253,29.24369896,0.0,,41.125,0.627,13.312,0.203,0.0,0.0,0.0,0.0,0.13312,0.203,0.0,0.0,0.0,0.0,0.33612,0.0,0.0,66.65625,1.0162866216712152,0.0,0.0,2.33296875,3.5570031758492533,5.889971925849253,717263,,,0.0064595732211903,Information
213099,3634.0,603.0127361,ITA,Italy,Friuli-Venezia Giulia,4.008673572,3.039689219,0.73,0.38,3634.0,,,,,,,,,,,,,,,,,,,,,,,,,14.279642088539548,80.17347144,60.79378438,,2.688,0.446,2.688,0.446,0.0,0.0,0.0,0.0,0.02688,0.446,0.0,0.0,0.0,0.0,0.47288,0.0,0.0,23.203125,3.847866489582728,0.0,0.0,0.812109375,13.467532713539548,14.279642088539548,161211,,,0.3713855259449046,Advisory
214010,3635.0,13542.0552,ITA,Italy,Friuli-Venezia Giulia,3.189831136,2.7076783,0.73,0.38,3635.0,,,,,,,,,,,,,,,,,,,,,,,,,15.221810881723624,63.79662272,54.153566,,32.75,0.242,28.0,0.207,0.062,0.0,0.0,0.0,0.28,0.207,0.0009299999999999,0.0,0.0,0.0,0.48793,0.0,0.0,250.171875,1.8473700733496072,0.0,0.0,8.756015625,6.465795256723625,15.221810881723624,2618673,,,0.1931290947896174,Information
214020,3636.0,4821.518851,ITA,Italy,Veneto,2.271638455,1.069384704,0.73,0.38,3636.0,,,,,,,,,,,,,,,,,,,,,,,,,1.6643018907505556,45.4327691,21.38769408,,13.5,0.28,10.875,0.226,0.062,0.001,0.0,0.0,0.10875,0.226,0.0009299999999999,0.0015,0.0,0.0,0.33718,0.0,0.0,15.46875,0.3208273259287302,0.0,0.0,0.54140625,1.1228956407505557,1.6643018907505556,1601552,,,0.0002414851646479,Information
214030,3637.0,45.40447068,ITA,Italy,Veneto,1.174896612,4.013012915,0.73,0.38,3637.0,,,,,,,,,,,,,,,,,,,,,,,,,35.211640625,23.49793224,80.2602583,3.0,1.0,2.202,1.0,2.202,0.0,0.0,0.0,0.0,0.01,2.202,0.0,0.0,0.0,0.0,2.212,0.0,0.0,6.046875,13.317796484499478,0.0,0.0,0.211640625,35.0,35.211640625,45616,3569.0,7.824009119607156,0.718618626811731,Watch
214040,3638.0,14492.271,ITA,Italy,Trentino-Alto Adige,2.56333688,2.075381524,0.73,0.38,3638.0,3638.0,0.0,15.0,-9999.0,-9999.0,-9999.0,0.0,1.0,-999.9,-999.9,-999.9,-5997.4,0.0,0.0,0.0,0.0,0.0,0.0,0.0,0.0,0.0,0.0,0.0,-5997.4,2.3540171627646247,51.2667376,41.50763048,,38.062,0.263,29.062,0.201,0.0,0.0,0.0,0.0,0.29062,0.201,0.0,0.0,0.0,0.0,0.49162,0.0,0.0,39.796875,0.2746075822184642,0.0,0.0,1.392890625,0.9611265377646248,2.3540171627646247,1970117,,,0.0012218034417981,Information
214050,3639.0,167.5951305,ITA,Italy,Veneto,4.013938767,4.044779438,0.73,0.38,3639.0,,,,,,,,,,,,,,,,,,,,,,,,,36.82109375,80.27877534,80.89558876,3.0,1.938,1.156,1.938,1.156,0.0,0.0,0.0,0.0,0.0193799999999999,1.156,0.0,0.0,0.0,0.0,1.17538,0.0,0.0,52.03125,31.045800586342803,0.0,0.0,1.82109375,35.0,36.82109375,1731,336.0,19.410745233968804,0.7441367121880164,Watch
214061,3640.0,10293.70942,ITA,Italy,Lombardia,2.471456011,2.368623589,0.73,0.38,3640.0,3640.0,0.0,1.0,-9999.0,-9999.0,-9999.0,0.0,10.0,-999.9,-999.9,-999.9,-5979.4,0.0,0.0,0.0,0.0,0.0,0.0,0.0,0.0,0.0,0.0,0.0,-5979.4,14.13772939116314,49.42912022,47.37247178,,46.5,0.452,37.812,0.367,0.0,0.0,0.0,0.0,0.3781199999999999,0.367,0.0,0.0,0.0,0.0,0.74512,0.0,0.0,204.890625,1.9904450046180404,0.0,0.0,7.171171875,6.9665575161631415,14.13772939116314,1974217,,,0.1012380283139473,Information
214062,3641.0,6612.362285,ITA,Italy,Lombardia,0.233022119,0.0,0.73,0.38,3641.0,,,,,,,,,,,,,,,,,,,,,,,,,3.58594258130424,4.66044238,0.0,,25.125,0.38,13.062,0.198,0.0,0.0,0.0,0.0,0.1306199999999999,0.198,0.0,0.0,0.0,0.0,0.32862,0.0,0.0,40.78125,0.616742523229783,0.0,0.0,1.42734375,2.15859883130424,3.58594258130424,1661304,,,0.0005182569481942,Information
214063,3642.0,5678.753457,ITA,Italy,Emilia-Romagna,1.435090284,0.0,0.73,0.38,3642.0,3642.0,0.0,1.0,-9999.0,-9999.0,-9999.0,0.0,10.0,-999.9,-999.9,-999.9,-5979.4,0.0,0.0,0.0,0.0,0.0,0.0,0.0,0.0,0.0,0.0,0.0,-5979.4,5.0143594502984215,28.70180568,0.0,,26.75,0.471,18.188,0.32,0.0,0.0,0.0,0.0,0.18188,0.32,0.0,0.0,0.0,0.0,0.50188,0.0,0.0,51.890625,0.9137678786566918,0.0,0.0,1.816171875,3.198187575298421,5.0143594502984215,1030047,,,0.0039705332230007,Information
214064,3643.0,7860.031881,ITA,Italy,Lombardia,0.380115484,0.0,0.73,0.38,3643.0,3643.0,0.0,15.0,-9999.0,-9999.0,-9999.0,0.0,1.0,-999.9,-999.9,-999.9,-5997.4,0.0,0.0,0.0,0.0,0.0,0.0,0.0,0.0,0.0,0.0,0.0,-5997.4,6.8892066827204825,7.60230968,0.0,,,,,,,,,,,,,,,,,0.0,0.0,86.625,1.1020947664915666,0.0,0.0,3.031875,3.857331682720483,6.8892066827204825,2126585,,,0.0047137992117955,Information
214065,3644.0,5624.150037,ITA,Italy,Lombardia,0.104875817,0.0,0.73,0.38,3644.0,3644.0,0.0,1.0,-9999.0,-9999.0,-9999.0,0.0,10.0,-999.9,-999.9,-999.9,-5979.4,0.0,0.0,0.0,0.0,0.0,0.0,0.0,0.0,0.0,0.0,0.0,-5979.4,7.52025855020832,2.09751634,0.0,,45.562,0.81,35.812,0.637,1.5,0.027,0.0,0.0,0.35812,0.637,0.0225,0.0405,0.0,0.0,1.05812,0.0,0.0,77.34375,1.37520780005952,0.0,0.0,2.70703125,4.81322730020832,7.52025855020832,4830572,,,0.0051384362519457,Information
214066,3645.0,8078.202697,ITA,Italy,Piemonte,0.320077099,0.0,0.73,0.38,3645.0,3645.0,0.0,1.0,-9999.0,-9999.0,-9999.0,0.0,10.0,-999.9,-999.9,-999.9,-5979.4,0.0,0.0,0.0,0.0,0.0,0.0,0.0,0.0,0.0,0.0,0.0,-5979.4,16.52198958773949,6.401541979999999,0.0,,42.688,0.528,29.0,0.359,2.438,0.03,0.188,0.002,0.29,0.359,0.03657,0.045,0.0046999999999999,0.005,0.7402700000000001,0.0,0.0,210.9375,2.611193453639854,0.0,0.0,7.3828125,9.139177087739489,16.52198958773949,1827393,,,0.0414305084727986,Information
214067,3646.0,3615.216033,ITA,Italy,Lombardia,0.212369878,0.0,0.73,0.38,3646.0,3646.0,0.0,1.0,-9999.0,-9999.0,-9999.0,0.0,10.0,-999.9,-999.9,-999.9,-5979.4,0.0,0.0,0.0,0.0,0.0,0.0,0.0,0.0,0.0,0.0,0.0,-5979.4,48.22015625,4.2473975600000005,0.0,,68.375,1.891,33.562,0.928,6.625,0.183,0.25,0.007,0.33562,0.928,0.099375,0.2744999999999999,0.00625,0.0175,1.661245,0.0,0.0,377.71875,10.44802707540955,0.0,0.0,13.22015625,35.0,48.22015625,598714,,,0.2463594883394108,Advisory
214068,3647.0,8200.426818,ITA,Italy,Piemonte,0.535222374,0.0,0.73,0.38,3647.0,,,,,,,,,,,,,,,,,,,,,,,,,0.26538,10.70444748,0.0,,42.312,0.516,11.938,0.146,0.0,0.0,0.0,0.0,0.11938,0.146,0.0,0.0,0.0,0.0,0.26538,0.0,0.0,3.375,0.0411563943535822,0.0,0.0,0.118125,0.1440473802375377,0.2621723802375377,863462,,,2.9681181590369893e-09,Information
214069,3648.0,17491.21604,ITA,Italy,Piemonte,0.757299821,0.0,0.73,0.38,3648.0,3648.0,0.0,11.0,-9999.0,-9999.0,-9999.0,0.0,1.0,-999.9,-999.9,-999.9,-5997.4,0.0,0.0,0.0,0.0,0.0,0.0,0.0,0.0,0.0,0.0,0.0,-5997.4,40.442696614895866,15.14599642,0.0,,54.375,0.311,31.438,0.18,6.875,0.039,1.062,0.006,0.31438,0.18,0.103125,0.0584999999999999,0.02655,0.015,0.6975549999999999,0.0,0.0,735.1875,4.203181175684533,0.0,0.0,25.7315625,14.711134114895868,40.442696614895866,3165404,,,0.2293327442084883,Advisory
214070,3649.0,1565.152808,ITA,Italy,Emilia-Romagna,3.539148035,3.581288178,0.73,0.38,3649.0,,,,,,,,,,,,,,,,,,,,,,,,,23.966831632664395,70.7829607,71.62576356,,21.812,1.394,21.062,1.346,0.0,0.0,0.0,0.0,0.21062,1.346,0.0,0.0,0.0,0.0,1.55662,0.0,0.0,92.671875,5.920947430761255,0.0,0.0,3.243515625,20.7233160076644,23.966831632664395,211991,,,0.4329727682490756,Advisory
214080,3650.0,5627.539505,ITA,Italy,Emilia-Romagna,2.102410105,1.093179219,0.73,0.38,3650.0,3650.0,0.0,1.0,-9999.0,-9999.0,-9999.0,0.0,10.0,-999.9,-999.9,-999.9,-5979.4,0.0,0.0,0.0,0.0,0.0,0.0,0.0,0.0,0.0,0.0,0.0,-5979.4,7.066317970225347,42.048202100000005,21.86358438,,10.75,0.191,9.312,0.165,0.0,0.0,0.0,0.0,0.09312,0.165,0.0,0.0,0.0,0.0,0.25812,0.0,0.0,72.703125,1.2919167414929564,0.0,0.0,2.544609375,4.521708595225348,7.066317970225347,1194315,,,0.0176773615073532,Information
214091,3651.0,17197.50554,ITA,Italy,Marche,3.421089304,2.084412197,0.73,0.38,3651.0,,,,,,,,,,,,,,,,,,,,,,,,,15.396445992505964,68.42178608,41.68824393999999,,18.875,0.11,14.688,0.085,0.125,0.001,0.0,0.0,0.14688,0.085,0.001875,0.0015,0.0,0.0,0.235255,0.0,0.0,278.15625,1.6174220692874182,0.0,0.0,9.73546875,5.660977242505964,15.396445992505964,3176463,,,0.2362766881625793,Information
214093,3653.0,9357.337556,ITA,Italy,Molise,1.254801463,2.004055703,0.73,0.38,3653.0,,,,,,,,,,,,,,,,,,,,,,,,,13.38904679945332,25.09602926,40.08111406,,34.188,0.365,20.625,0.22,3.312,0.035,0.312,0.003,0.20625,0.22,0.04968,0.0525,0.0078,0.0075,0.54373,0.0,0.0,184.921875,1.9762231927009484,0.0,0.0,6.472265625,6.91678117445332,13.38904679945332,753702,,,0.066994586060425,Information
214094,3654.0,2381.67782,ITA,Italy,Apulia,0.036676713,0.0,0.73,0.38,3654.0,,,,,,,,,,,,,,,,,,,,,,,,,1.411875,0.73353426,0.0,,62.938,2.643,22.75,0.955,2.75,0.115,0.125,0.005,0.2275,0.955,0.04125,0.1725,0.003125,0.0125,1.411875,0.0,0.0,5.765625,0.2420824912281919,0.0,0.0,0.201796875,0.8472887192986717,1.0490855942986717,321798,,,1.0551500314347664e-05,Information
214095,3655.0,2287.573976,ITA,Italy,Apulia,1.612016192,3.123383625,0.73,0.38,3655.0,,,,,,,,,,,,,,,,,,,,,,,,,5.657640544801225,32.24032384,62.467672500000006,,26.438,1.156,11.062,0.484,0.688,0.03,0.125,0.005,0.11062,0.484,0.01032,0.045,0.003125,0.0125,0.665565,0.0,0.0,30.09375,1.3155312270860646,0.0,0.0,1.05328125,4.604359294801226,5.657640544801225,170737,,,0.0292324563529523,Information
214096,3656.0,2927.703857,ITA,Italy,Basilicata,0.225629467,0.0,0.73,0.38,3656.0,,,,,,,,,,,,,,,,,,,,,,,,,2.76012372935713,4.51258934,0.0,,5.625,0.192,3.562,0.122,0.062,0.002,0.0,0.0,0.03562,0.122,0.0009299999999999,0.003,0.0,0.0,0.1615499999999999,0.0,0.0,17.859375,0.6100130298163229,0.0,0.0,0.625078125,2.13504560435713,2.76012372935713,160129,,,0.0001972628185158,Information
214097,3657.0,10666.86544,ITA,Italy,Apulia,1.025635393,1.050261499,0.73,0.38,3657.0,,,,,,,,,,,,,,,,,,,,,,,,,16.0300947157094,20.51270786,21.005229980000003,,428.562,4.018,254.875,2.389,13.938,0.131,0.125,0.001,2.54875,2.389,0.20907,0.1965,0.003125,0.0025,5.348945,0.0,0.0,236.390625,2.216120811631257,0.0,0.0,8.273671875,7.7564228407094,16.0300947157094,3245649,,,0.0553657596567441,Information
214098,3658.0,3078.41141,ITA,Italy,Basilicata,0.249229699,0.0,0.73,0.38,3658.0,,,,,,,,,,,,,,,,,,,,,,,,,2.781061261415492,4.98459398,0.0,,22.812,0.741,9.25,0.3,0.312,0.01,0.0,0.0,0.0925,0.3,0.00468,0.015,0.0,0.0,0.41218,0.0,0.0,18.703125,0.6075576818329974,0.0,0.0,0.654609375,2.126451886415491,2.781061261415492,262144,,,0.0002068343750174,Information
214099,3659.0,2226.484268,ITA,Italy,Basilicata,0.852711238,0.0,0.73,0.38,3659.0,,,,,,,,,,,,,,,,,,,,,,,,,2.513596082951814,17.05422476,0.0,,14.938,0.671,9.312,0.418,0.0,0.0,0.0,0.0,0.09312,0.418,0.0,0.0,0.0,0.0,0.51112,0.0,0.0,13.078125,0.587389059414804,0.0,0.0,0.457734375,2.055861707951814,2.513596082951814,141528,,,0.0002357264066735,Information
215001,3660.0,26822.82174,ITA,Italy,Calabria,1.41194668,0.345423169,0.73,0.38,3660.0,,,,,,,,,,,,,,,,,,,,,,,,,14.000157873304456,28.2389336,6.90846338,,35.562,0.133,19.375,0.072,1.312,0.005,0.438,0.002,0.19375,0.072,0.01968,0.0075,0.01095,0.005,0.30888,0.0,0.0,291.375,1.0862951066584166,0.0,0.0,10.198125,3.8020328733044577,14.000157873304456,6962518,,,0.0511007206366401,Information
215005,3664.0,3003.86876,ITA,Italy,Lazio,1.186759285,0.0,0.73,0.38,3664.0,,,,,,,,,,,,,,,,,,,,,,,,,7.095229324045394,23.7351857,0.0,,4.0,0.133,3.375,0.112,0.25,0.008,0.0,0.0,0.03375,0.112,0.00375,0.012,0.0,0.0,0.1615,0.0,0.0,46.828125,1.558927128298684,0.0,0.0,1.638984375,5.456244949045394,7.095229324045394,1102967,,,0.0087794910225692,Information
215006,3665.0,17772.81062,ITA,Italy,Umbria,0.54607791,0.138227555,0.73,0.38,3665.0,,,,,,,,,,,,,,,,,,,,,,,,,1.8074328097500163,10.921558200000002,2.7645511000000003,,12.688,0.071,10.312,0.058,0.0,0.0,0.0,0.0,0.1031199999999999,0.058,0.0,0.0,0.0,0.0,0.1611199999999999,0.0,0.0,33.046875,0.1859406242142903,0.0,0.0,1.156640625,0.6507921847500161,1.8074328097500163,4741549,,,4.857338009817345e-05,Information
215008,3666.0,9171.194796,ITA,Italy,Toscana,2.275243319,0.107598115,0.73,0.38,3666.0,,,,,,,,,,,,,,,,,,,,,,,,,3.7656064333030015,45.50486638,2.1519623,,15.688,0.171,9.625,0.105,0.0,0.0,0.0,0.0,0.09625,0.105,0.0,0.0,0.0,0.0,0.2012499999999999,0.0,0.0,51.46875,0.5612000523722863,0.0,0.0,1.80140625,1.964200183303002,3.7656064333030015,2446149,,,0.0037677581195438,Information
219000,3700.0,26372.86382,ITA,Italy,Sicily,1.507870054,0.055866977,0.73,0.38,3700.0,,,,,,,,,,,,,,,,,,,,,,,,,20.961776004335466,30.15740108,1.11733954,,34.562,0.131,28.188,0.107,1.062,0.004,0.0,0.0,0.2818799999999999,0.107,0.01593,0.006,0.0,0.0,0.4108099999999999,0.0,0.0,434.25,1.64657885838156,0.0,0.0,15.19875,5.76302600433546,20.961776004335466,5443490,,,0.1143830276082024,Information
215007,16066.0,12599.23148,ITA,Italy,Toscana,1.034357405,1.960403222,0.73,0.38,16066.0,,,,,,,,,,,,,,,,,,,,,,,,,10.655834466465354,20.6871481,39.20806444,,25.125,0.199,16.375,0.13,0.312,0.002,0.25,0.002,0.16375,0.13,0.00468,0.003,0.00625,0.005,0.31268,0.0,0.0,169.734375,1.3471803832758158,0.0,0.0,5.940703125,4.715131341465355,10.655834466465354,1202892,,,0.040811161783504,Information
215009,16067.0,6869.04893,ITA,Italy,Liguria,2.453453159,0.006688428,0.73,0.38,16067.0,,,,,,,,,,,,,,,,,,,,,,,,,9.947739477942944,49.06906318,0.1337685599999999,,5.688,0.083,4.688,0.068,1.125,0.016,0.0,0.0,0.04688,0.068,0.016875,0.024,0.0,0.0,0.155755,0.0,0.0,115.734375,1.6848675294122697,0.0,0.0,4.050703125,5.897036352942944,9.947739477942944,1934482,,,0.0512213340230306,Information
218001,16069.0,24514.66993,ITA,Italy,Sardegna,2.053890215,1.123245451,0.73,0.38,16069.0,,,,,,,,,,,,,,,,,,,,,,,,,25.0227906550562,41.0778043,22.46490902,,187.688,0.766,124.438,0.508,7.25,0.03,3.25,0.013,1.24438,0.508,0.10875,0.045,0.08125,0.0325,2.01988,0.0,0.0,507.796875,2.071400008587485,0.0,0.0,17.772890625,7.249900030056198,25.0227906550562,1644423,,,0.1958797613717261,Information
216010,3667.0,12908.5401,FRA,France,Provence-Alpes-Côte d'Azur,1.220905104,0.433283824,0.75,0.35,3667.0,,,,,,,,,,,,,,,,,,,,,,,,,18.37793032470049,24.41810208,8.66567648,,23.125,0.179,15.375,0.119,0.438,0.003,0.438,0.003,0.15375,0.119,0.00657,0.0045,0.01095,0.0075,0.30227,0.0,0.0,295.875,2.2920872356287108,0.0,0.0,10.355625,8.022305324700488,18.37793032470049,4263817,,,0.0786712179279243,Information
216021,3668.0,3022.053371,FRA,France,Occitanie,2.486950779,0.076699619,0.75,0.35,3668.0,3668.0,0.0,1.0,-9999.0,-9999.0,-9999.0,0.0,10.0,-999.9,-999.9,-999.9,-5979.4,0.0,0.0,0.0,0.0,0.0,0.0,0.0,0.0,0.0,0.0,0.0,-5979.4,15.07917292354612,49.73901558,1.53399238,,11.375,0.376,5.25,0.174,0.5,0.017,0.0,0.0,0.0525,0.174,0.0075,0.0255,0.0,0.0,0.2595,0.0,0.0,99.984375,3.308491371013177,0.0,0.0,3.499453125,11.57971979854612,15.07917292354612,360344,,,0.1143112934271901,Information
216022,3669.0,14357.73698,FRA,France,Provence-Alpes-Côte d'Azur,2.290663137,0.0,0.75,0.35,3669.0,3669.0,0.0,1.0,-9999.0,-9999.0,-9999.0,0.0,10.0,-999.9,-999.9,-999.9,-5979.4,0.0,0.0,0.0,0.0,0.0,0.0,0.0,0.0,0.0,0.0,0.0,-5979.4,3.9411550585553785,45.81326274,0.0,,29.375,0.205,8.375,0.058,0.0,0.0,0.0,0.0,0.08375,0.058,0.0,0.0,0.0,0.0,0.14175,0.0,0.0,66.375,0.4622943024443938,0.0,0.0,2.323125,1.6180300585553782,3.9411550585553785,657215,,,0.0043840974191781,Information
216023,3670.0,12846.92043,FRA,France,Auvergne-Rhône-Alpes,1.024905729,0.0,0.75,0.35,3670.0,3670.0,0.0,1.0,-9999.0,-9999.0,-9999.0,0.0,10.0,-999.9,-999.9,-999.9,-5979.4,0.0,0.0,0.0,0.0,0.0,0.0,0.0,0.0,0.0,0.0,0.0,-5979.4,5.015495402622859,20.498114580000003,0.0,,,,,,,,,,,,,,,,,0.0,0.0,80.578125,0.627217436463674,0.0,0.0,2.820234375,2.195261027622859,5.015495402622859,1153247,,,0.0028614585429891,Information
216024,3671.0,11846.79158,FRA,France,Auvergne-Rhône-Alpes,1.561922361,0.0,0.75,0.35,3671.0,3671.0,0.0,15.0,-9999.0,-9999.0,-9999.0,0.0,1.0,-999.9,-999.9,-999.9,-5997.4,0.0,0.0,0.0,0.0,0.0,0.0,0.0,0.0,0.0,0.0,0.0,-5997.4,5.5638827816656615,31.23844722,0.0,,9.438,0.08,7.812,0.066,0.125,0.001,0.0,0.0,0.07812,0.066,0.001875,0.0015,0.0,0.0,0.147495,0.0,0.0,86.203125,0.7276495447616176,0.0,0.0,3.017109375,2.546773406665661,5.5638827816656615,1115779,,,0.005962625394124,Information
216026,3673.0,20589.44105,FRA,France,Auvergne-Rhône-Alpes,0.876741644,0.0,0.75,0.35,3673.0,3673.0,0.0,1.0,-9999.0,-9999.0,-9999.0,0.0,10.0,-999.9,-999.9,-999.9,-5980.066666666666,0.0,0.0,0.0,0.0,0.0,0.0,0.0,0.0,0.0,0.0,0.0,-5980.066666666666,9.074638760540124,17.53483288,0.0,,,,,,,,,,,,,,,,,0.0,0.0,174.515625,0.8475976815828928,0.0,0.0,6.108046875,2.966591885540125,9.074638760540124,4103788,,,0.0136607882664821,Information
216027,3674.0,9872.37256,FRA,France,Auvergne-Rhône-Alpes,0.995868614,0.0,0.75,0.35,3674.0,3674.0,0.0,1.0,-9999.0,-9999.0,-9999.0,0.0,10.0,-999.9,-999.9,-999.9,-5979.4,0.0,0.0,0.0,0.0,0.0,0.0,0.0,0.0,0.0,0.0,0.0,-5979.4,14.44495815579264,19.91737228,0.0,,,,,,,,,,,,,,,,,0.0,0.0,205.03125,2.07681840165504,0.0,0.0,7.17609375,7.268864405792641,14.44495815579264,1354641,,,0.0433826291279604,Information
216028,3675.0,11832.07344,FRA,France,Bourgogne-Franche-Comté,1.000959329,0.0,0.75,0.35,3675.0,3675.0,0.0,1.0,-9999.0,-9999.0,-9999.0,0.0,10.0,-999.9,-999.9,-999.9,-5979.4,0.0,0.0,0.0,0.0,0.0,0.0,0.0,0.0,0.0,0.0,0.0,-5979.4,1.85265637074646,20.019186580000003,0.0,,,,,,,,,,,,,,,,,0.0,0.0,28.6875,0.2424553916418457,0.0,0.0,1.0040625,0.84859387074646,1.85265637074646,754036,,,8.321913916831343e-05,Information
216031,3677.0,4207.155,FRA,France,Occitanie,2.912472376,2.157266341,0.75,0.35,3677.0,,,,,,,,,,,,,,,,,,,,,,,,,54.1953125,58.24944752,43.14532682,3.0,3.75,0.089,2.938,0.07,0.25,0.006,0.625,0.015,0.02938,0.07,0.00375,0.009,0.015625,0.0375,0.165255,0.0,0.0,548.4375,13.035828248430342,0.0,0.0,19.1953125,35.0,54.1953125,1201885,29575.0,2.4607179555448315,0.6029081447835215,Watch
232130,4086.0,8111.342,FRA,France,Nouvelle-Aquitaine,0.753957891,3.029264486,0.75,0.35,4086.0,,,,,,,,,,,,,,,,,,,,,,,,,16.355913737255975,15.07915782,60.585289720000006,,272.5,3.359,207.562,2.559,0.25,0.003,0.25,0.003,2.07562,2.559,0.00375,0.0045,0.00625,0.0075,4.65662,42.75,0.5270397919227906,190.96875,2.354342228391939,0.64125,0.7905596878841858,6.68390625,8.240197799371787,16.355913737255975,439486,,,0.1895516827057753,Information
232141,4088.0,6490.73762,FRA,France,Nouvelle-Aquitaine,1.495748791,1.717645252,0.75,0.35,4088.0,4088.0,0.0,1.0,-9999.0,-9999.0,-9999.0,0.0,10.0,-999.9,-999.9,-999.9,-5979.4,0.0,0.0,0.0,0.0,0.0,0.0,0.0,0.0,0.0,0.0,0.0,-5979.4,3.344139705507818,29.91497582,34.35290504,,95.312,1.468,51.875,0.799,0.312,0.005,0.0,0.0,0.51875,0.799,0.00468,0.0075,0.0,0.0,1.3299300000000005,1.125,0.0173323906453659,37.125,0.571968891297077,0.016875,0.0259985859680488,1.299375,2.0018911195397693,3.344139705507818,1153719,,,0.0014550219202447,Information
232144,4091.0,15140.7958,FRA,France,Occitanie,1.412075921,0.0,0.75,0.35,4091.0,4091.0,0.0,1.0,-9999.0,-9999.0,-9999.0,0.0,10.0,-999.9,-999.9,-999.9,-5979.4,0.0,0.0,0.0,0.0,0.0,0.0,0.0,0.0,0.0,0.0,0.0,-5979.4,1.4056893193954454,28.24151842,0.0,,,,,,,,,,,,,,,,,0.0,0.0,24.1875,0.1597505198272701,0.0,0.0,0.8465625,0.5591268193954453,1.4056893193954454,1779321,,,4.198484556350097e-05,Information
232150,4097.0,12.51611185,FRA,France,Nouvelle-Aquitaine,0.407048532,4.006560609,0.75,0.35,4097.0,,,,,,,,,,,,,,,,,,,,,,,,,23.62411906228885,8.14097064,80.13121218,,0.188,1.498,0.188,1.498,0.0,0.0,0.0,0.0,0.00188,1.498,0.0,0.0,0.0,0.0,1.49988,0.0,0.0,0.84375,6.7413108035111,0.0,0.0,0.02953125,23.59458781228885,23.62411906228885,1471,,,0.5687207148071375,Advisory
232170,4099.0,2223.131517,FRA,France,Nouvelle-Aquitaine,1.667253033,3.23528314,0.75,0.35,4099.0,,,,,,,,,,,,,,,,,,,,,,,,,24.17343111733488,33.34506066,64.7056628,,18.438,0.829,12.188,0.548,0.0,0.0,0.375,0.017,0.12188,0.548,0.0,0.0,0.009375,0.0425,0.721755,27.0,1.2145030463867894,114.046875,5.130010263644199,0.405,1.821754569580184,3.991640625,17.955035922754696,24.17343111733488,211914,,,0.3525413359986026,Advisory
232210,4102.0,8230.749557,FRA,France,Pays de la Loire,1.040979064,0.0,0.75,0.35,4102.0,4102.0,0.0,3.0,-9999.0,-9999.0,-9999.0,0.0,8.0,-999.9,-999.9,-999.9,-5983.4,0.0,0.0,0.0,0.0,0.0,0.0,0.0,0.0,0.0,0.0,0.0,-5983.4,3.801591579008991,20.81958128,0.0,,,,,,,,,,,,,,,,,4.5,0.0546730278806126,47.109375,0.5723582606251634,0.0675,0.0820095418209189,1.648828125,2.003253912188072,3.801591579008991,1480026,,,0.0011974680950355,Information
232230,4104.0,5301.511124,FRA,France,Nouvelle-Aquitaine,1.503230208,0.0,0.75,0.35,4104.0,4104.0,0.0,3.0,-9999.0,-9999.0,-9999.0,0.0,8.0,-999.9,-999.9,-999.9,-5983.4,0.0,0.0,0.0,0.0,0.0,0.0,0.0,0.0,0.0,0.0,0.0,-5983.4,1.534224736507876,30.06460416,0.0,,,,,,,,,,,,,,,,,0.0,0.0,15.1875,0.286474924716536,0.0,0.0,0.5315625,1.002662236507876,1.534224736507876,410619,,,6.684857220871184e-05,Information
232240,4105.0,21075.1289,FRA,France,Nouvelle-Aquitaine,1.638833383,0.0,0.75,0.35,4105.0,4105.0,0.0,2.0,-9999.0,-9999.0,-9999.0,0.0,9.0,-999.9,-999.9,-999.9,-5981.4,0.0,0.0,0.0,0.0,0.0,0.0,0.0,0.0,0.0,0.0,0.0,-5981.4,3.889896703214733,32.77666766,0.0,,,,,,,,,,,,,,,,,0.0,0.0,75.375,0.3576490580613524,0.0,0.0,2.638125,1.2517717032147333,3.889896703214733,1073231,,,0.0021884521121337,Information
232270,4108.0,10063.6656,FRA,France,Centre-Val de Loire,2.18110175,0.0,0.75,0.35,4108.0,4108.0,0.0,3.0,-9999.0,-9999.0,-9999.0,0.0,8.0,-999.9,-999.9,-999.9,-5983.4,0.0,0.0,0.0,0.0,0.0,0.0,0.0,0.0,0.0,0.0,0.0,-5983.4,3.817106388802058,43.622035,0.0,,,,,,,,,,,,,,,,,0.0,0.0,54.703125,0.5435705753720166,0.0,0.0,1.914609375,1.902497013802058,3.817106388802058,1023637,,,0.0035450150884337,Information
232280,4109.0,14340.65313,FRA,France,Auvergne-Rhône-Alpes,0.689692441,0.0,0.75,0.35,4109.0,4109.0,0.0,1.0,-9999.0,-9999.0,-9999.0,0.0,10.0,-999.9,-999.9,-999.9,-5979.4,0.0,0.0,0.0,0.0,0.0,0.0,0.0,0.0,0.0,0.0,0.0,-5979.4,1.5705498485446847,13.79384882,0.0,,,,,,,,,,,,,,,,,0.0,0.0,26.4375,0.1843535281556242,0.0,0.0,0.9253125,0.6452373485446847,1.5705498485446847,925554,,,3.096734653395569e-05,Information
232290,4110.0,18264.02314,FRA,France,Bourgogne-Franche-Comté,0.757771254,0.0,0.75,0.35,4110.0,4110.0,0.0,1.0,-9999.0,-9999.0,-9999.0,0.0,10.0,-999.9,-999.9,-999.9,-5979.4,0.0,0.0,0.0,0.0,0.0,0.0,0.0,0.0,0.0,0.0,0.0,-5979.4,2.4297343535361744,15.15542508,0.0,,,,,,,,,,,,,,,,,0.0,0.0,44.859375,0.2456160652960499,0.0,0.0,1.570078125,0.8596562285361746,2.4297343535361744,1244840,,,0.0001904039147106,Information
232301,4111.0,1139.251812,FRA,France,Pays de la Loire,1.727812817,3.022498945,0.75,0.35,4111.0,,,,,,,,,,,,,,,,,,,,,,,,,12.814885834865084,34.55625634,60.449978900000005,,5.438,0.477,5.062,0.444,0.562,0.049,0.75,0.066,0.05062,0.444,0.00843,0.0735,0.01875,0.165,0.7603000000000001,17.15625,1.5059225556368458,30.09375,2.6415362861170903,0.25734375,2.2588838334552688,1.05328125,9.245377001409816,12.814885834865084,251849,,,0.1298799553124521,Information
232403,4121.0,4088.207762,FRA,France,Normandie,1.010787285,0.0,0.75,0.35,4121.0,4121.0,0.0,1.0,-9999.0,-9999.0,-9999.0,0.0,10.0,-999.9,-999.9,-999.9,-5979.4,0.0,0.0,0.0,0.0,0.0,0.0,0.0,0.0,0.0,0.0,0.0,-5979.4,1.2551195339106622,20.2157457,0.0,,,,,,,,,,,,,,,,,0.0,0.0,10.40625,0.2545430811173321,0.0,0.0,0.36421875,0.8909007839106623,1.2551195339106622,1037221,,,1.647224637483896e-05,Information
232406,4124.0,30722.75682,FRA,France,Bourgogne-Franche-Comté,0.928532515,0.0,0.75,0.35,4124.0,4124.0,0.0,1.0,-9999.0,-9999.0,-9999.0,0.0,10.0,-999.9,-999.9,-999.9,-5979.4,0.0,0.0,0.0,0.0,0.0,0.0,0.0,0.0,0.0,0.0,0.0,-5979.4,3.32066717941254,18.5706503,0.0,,,,,,,,,,,,,,,,,0.0,0.0,71.578125,0.2329808012607258,0.0,0.0,2.505234375,0.8154328044125403,3.32066717941254,3467868,,,0.0006881636843344,Information
232407,4125.0,7219.993351,FRA,France,Hauts-de-France,1.363548031,0.0,0.75,0.35,4125.0,4125.0,0.0,1.0,-9999.0,-9999.0,-9999.0,0.0,10.0,-999.9,-999.9,-999.9,-5979.4,0.0,0.0,0.0,0.0,0.0,0.0,0.0,0.0,0.0,0.0,0.0,-5979.4,0.2934720665647435,27.270960620000004,0.0,,,,,,,,,,,,,,,,,0.0,0.0,3.515625,0.048692911875641,0.0,0.0,0.123046875,0.1704251915647435,0.2934720665647435,2122989,,,1.7667151690096877e-08,Information
232620,4137.0,28164.28197,FRA,France,Grand Est,1.13873108,0.0,0.75,0.35,4137.0,4137.0,0.0,1.0,-9999.0,-9999.0,-9999.0,0.0,10.0,-999.9,-999.9,-999.9,-5979.4,0.0,0.0,0.0,0.0,0.0,0.0,0.0,0.0,0.0,0.0,0.0,-5979.4,3.3747337040053527,22.7746216,0.0,,,,,,,,,,,,,,,,,0.0,0.0,71.15625,0.2526471297158151,0.0,0.0,2.49046875,0.8842649540053529,3.3747337040053527,4478955,,,0.0008728072871531,Information
218002,16070.0,8941.075612,FRA,France,Corse,3.334992112,2.038340562,0.75,0.35,16070.0,,,,,,,,,,,,,,,,,,,,,,,,,17.756611711012035,66.69984224000001,40.76681124,,17.375,0.194,14.562,0.163,1.188,0.013,0.375,0.004,0.14562,0.163,0.01782,0.0195,0.009375,0.01,0.365315,0.0,0.0,239.484375,2.678473881717724,0.0,0.0,8.381953125,9.374658586012034,17.756611711012035,366619,,,0.2647386259446972,Information
216041,3685.0,4935.675228,ESP,Spain,Cataluña,2.851115728,2.24629708,0.76,0.33,3685.0,3685.0,0.0,1.0,-9999.0,-9999.0,-9999.0,0.0,10.0,-999.9,-999.9,-999.9,-5979.4,0.0,0.0,0.0,0.0,0.0,0.0,0.0,0.0,0.0,0.0,0.0,-5979.4,19.600391926874828,57.02231456,44.9259416,,,,,,,,,,,,,,,,,0.0,0.0,185.0625,3.7494869791070937,0.0,0.0,6.4771875,13.123204426874828,19.600391926874828,199257,,,0.2161882434989817,Information
216042,3686.0,22769.85911,ESP,Spain,Aragón,1.36891056,0.0,0.76,0.33,3686.0,3686.0,1.0,1.0,100.0,13.0,2.0,3.0,10.0,10.0,1.3,0.2,-1157.2,0.0,0.0,0.0,0.0,0.0,0.0,0.0,0.0,0.0,0.0,0.0,-1157.2,8.368589788998909,27.3782112,0.0,,,,,,,,,,,,,,,,,0.140625,0.0006175927542923,166.078125,0.7293770428192774,0.002109375,0.0009263891314384,5.812734375,2.552819649867471,8.368589788998909,838088,,,0.0153561838626858,Information
216045,3689.0,1535.64017,ESP,Spain,Aragón,2.415805336,0.0,0.76,0.33,3689.0,3689.0,0.0,1.0,2.0,-9999.0,-9999.0,0.0,10.0,0.2,-999.9,-999.9,-3979.2,0.0,0.0,0.0,0.0,0.0,0.0,0.0,0.0,0.0,0.0,0.0,-3979.2,0.5176197661457662,48.31610672,0.0,,,,,,,,,,,,,,,,,0.0,0.0,1.96875,0.1282038617559332,0.0,0.0,0.06890625,0.4487135161457662,0.5176197661457662,612526,,,2.07564457899058e-06,Information
216047,3691.0,6406.368127,ESP,Spain,Comunidad Foral de Navarra,1.17613469,0.0,0.76,0.33,3691.0,3691.0,0.0,1.0,2.0,-9999.0,-9999.0,0.0,10.0,0.2,-999.9,-999.9,-3979.2,0.0,0.0,0.0,0.0,0.0,0.0,0.0,0.0,0.0,0.0,0.0,-3979.2,3.0935437373251093,23.5226938,0.0,,,,,,,,,,,,,,,,,4.078125,0.0636573627851317,32.765625,0.5114539837564034,0.061171875,0.0954860441776975,1.146796875,1.7900889431474118,3.0935437373251093,210991,,,0.0006690589861727,Information
216060,3695.0,21948.98963,ESP,Spain,Castilla-La Mancha,1.444649136,0.0,0.76,0.33,3695.0,3695.0,0.0,1.0,2.0,2.0,2.0,0.0,10.0,0.2,0.2,0.2,-978.9,0.0,0.0,0.0,0.0,0.0,0.0,0.0,0.0,0.0,0.0,0.0,-978.9,10.411760734677596,28.89298272,0.0,,1.938,0.009,1.938,0.009,6.875,0.031,0.312,0.001,0.0193799999999999,0.009,0.103125,0.0465,0.0078,0.0025,0.1883049999999999,44.71875,0.2037394465501769,185.203125,0.8437888399578084,0.67078125,0.3056091698252653,6.482109375,2.953260939852329,10.411760734677596,1007607,,,0.0273500973738093,Information
216080,3697.0,17506.13066,ESP,Spain,Región de Murcia,2.254881269,0.0,0.76,0.33,3697.0,3697.0,0.0,2.0,-9999.0,-9999.0,-9999.0,0.0,9.0,-999.9,-999.9,-999.9,-5981.4,0.0,0.0,0.0,0.0,0.0,0.0,0.0,0.0,0.0,0.0,0.0,-5981.4,4.183764022904769,45.09762538,0.0,,18.75,0.107,9.75,0.056,2.062,0.012,0.5,0.003,0.0975,0.056,0.03093,0.018,0.0125,0.0075,0.22243,6.890625,0.0393612108515097,73.125,0.4177108090364297,0.103359375,0.0590418162772645,2.559375,1.461987831627504,4.183764022904769,2008008,,,0.0050214997176947,Information
216090,3698.0,21516.83808,ESP,Spain,Andalucía,1.766077623,1.414200646,0.76,0.33,3698.0,,,,,,,,,,,,,,,,,,,,,,,,,24.77742950145877,35.32155246,28.28401292,,62.25,0.289,17.75,0.082,3.875,0.018,1.062,0.005,0.1775,0.082,0.058125,0.0269999999999999,0.02655,0.0125,0.383675,125.296875,0.5823201090738849,429.609375,1.99661945367084,1.879453125,0.8734801636108274,15.036328125,6.98816808784794,24.77742950145877,4062499,,,0.1686547452932449,Information
217000,3699.0,5276.787957,ESP,Spain,Islas Baleares,0.578524687,1.302225357,0.76,0.33,3699.0,,,,,,,,,,,,,,,,,,,,,,,,,25.91944432615069,11.57049374,26.04450714,,16.562,0.314,8.0,0.152,0.25,0.005,0.062,0.001,0.08,0.152,0.00375,0.0075,0.00155,0.0025,0.2473,0.0,0.0,255.796875,4.847586771757339,0.0,0.0,8.952890625,16.966553701150687,25.91944432615069,1400578,,,0.1472110513991522,Information
231100,4037.0,5881.559442,ESP,Spain,Andalucía,0.529540096,0.609847448,0.76,0.33,4037.0,,,,,,,,,,,,,,,,,,,,,,,,,24.345731941723905,10.59080192,12.19694896,,5.812,0.099,4.75,0.081,1.25,0.021,0.0,0.0,0.0475,0.081,0.01875,0.0315,0.0,0.0,0.17875,80.015625,1.3604491426290106,223.3125,3.796824672222968,1.200234375,2.040673713943516,7.8159375,13.288886352780388,24.345731941723905,1068374,,,0.0997916439154514,Information
231201,4038.0,16005.79416,ESP,Spain,Andalucía,1.371494529,0.0,0.76,0.33,4038.0,,,,,,,,,,,,,,,,,,,,,,,,,24.56086697077602,27.42989058,0.0,,1.5,0.009,1.5,0.009,11.438,0.071,5.625,0.035,0.015,0.009,0.17157,0.1064999999999999,0.140625,0.0875,0.530195,106.734375,0.6668483548252476,386.15625,2.412602875296614,1.601015625,1.0002725322378714,13.51546875,8.44411006353815,24.56086697077602,2121289,,,0.1393157421663968,Information
231202,4039.0,8275.070848,ESP,Spain,Andalucía,0.697424031,0.0,0.76,0.33,4039.0,4039.0,1.0,1.0,100.0,3.0,-9999.0,3.0,10.0,10.0,0.3,-999.9,-1953.2,0.0,0.0,0.0,0.0,0.0,0.0,0.0,0.0,0.0,0.0,0.0,-1953.2,2.3183537063272284,13.948480620000002,0.0,,4.438,0.054,4.438,0.054,5.375,0.065,2.0,0.024,0.0443799999999999,0.054,0.080625,0.0975,0.05,0.06,0.386505,3.375,0.0407851492992009,28.546875,0.3449743878224077,0.050625,0.0611777239488013,0.999140625,1.207410357378427,2.3183537063272284,1049975,,,0.0001507028452627,Information
231203,4040.0,4865.858016,ESP,Spain,Andalucía,1.268170906,0.0,0.76,0.33,4040.0,,,,,,,,,,,,,,,,,,,,,,,,,5.4326523897707055,25.36341812,0.0,,1.312,0.027,0.812,0.017,6.688,0.137,8.625,0.177,0.00812,0.017,0.10032,0.2055,0.215625,0.4425,0.989065,12.234375,0.2514330455002383,45.5625,0.9363713418629566,0.183515625,0.3771495682503575,1.5946875,3.277299696520348,5.4326523897707055,132089,,,0.0043938683797616,Information
231204,4041.0,2437.326094,ESP,Spain,Andalucía,0.155620848,0.0,0.76,0.33,4041.0,,,,,,,,,,,,,,,,,,,,,,,,,0.7032374561854204,3.11241696,0.0,,1.75,0.072,1.75,0.072,1.125,0.046,0.0,0.0,0.0175,0.072,0.016875,0.069,0.0,0.0,0.175375,0.0,0.0,3.9375,0.1615499874815487,0.0,0.0,0.1378125,0.5654249561854204,0.7032374561854204,148441,,,4.204835400809596e-07,Information
231205,4042.0,5239.881278,ESP,Spain,Andalucía,1.539455417,0.0,0.76,0.33,4042.0,,,,,,,,,,,,,,,,,,,,,,,,,4.423328523044309,30.78910834,0.0,,4.188,0.08,3.875,0.074,3.562,0.068,2.438,0.047,0.03875,0.074,0.05343,0.102,0.06095,0.1175,0.4466299999999999,12.796875,0.244220705013437,37.96875,0.7246108830069011,0.191953125,0.3663310575201555,1.32890625,2.5361380905241537,4.423328523044309,445113,,,0.0029773473040005,Information
231206,4043.0,2571.705377,ESP,Spain,Castilla-La Mancha,0.00622404,0.0,0.76,0.33,4043.0,,,,,,,,,,,,,,,,,,,,,,,,,3.976846978050816,0.1244808,0.0,,5.812,0.226,0.438,0.017,0.938,0.036,0.25,0.01,0.00438,0.017,0.01407,0.0539999999999999,0.00625,0.025,0.1207,2.390625,0.092958743304864,22.21875,0.8639694965981484,0.035859375,0.139438114957296,0.77765625,3.02389323809352,3.976846978050816,54586,,,0.0006333145137709,Information
231209,4046.0,9898.952885,ESP,Spain,Andalucía,0.25447981,0.0,0.76,0.33,4046.0,,,,,,,,,,,,,,,,,,,,,,,,,3.865723941353391,5.089596199999999,0.0,,0.375,0.004,0.375,0.004,2.0,0.02,1.5,0.015,0.00375,0.004,0.03,0.03,0.0375,0.0375,0.14275,4.5,0.0454593536550702,53.015625,0.5355680102487959,0.0675,0.0681890304826053,1.855546875,1.8744880358707847,3.865723941353391,263205,,,0.0006852703060644,Information
231300,4047.0,5071.001159,ESP,Spain,Andalucía,0.455451333,0.734917569,0.76,0.33,4047.0,,,,,,,,,,,,,,,,,,,,,,,,,17.053923521391468,9.10902666,14.698351380000002,,1.312,0.026,1.0,0.02,1.5,0.03,0.312,0.006,0.01,0.02,0.0225,0.045,0.0078,0.015,0.1203,12.09375,0.238488409285545,158.765625,3.1308536521323287,0.18140625,0.3577326139283174,5.556796875,10.95798778246315,17.053923521391468,460912,,,0.0537192901174684,Information
231403,4050.0,13032.60072,ESP,Spain,Extremadura,1.274752329,0.0,0.76,0.33,4050.0,4050.0,0.0,1.0,-9999.0,-9999.0,-9999.0,0.0,10.0,-999.9,-999.9,-999.9,-5979.4,0.0,0.0,0.0,0.0,0.0,0.0,0.0,0.0,0.0,0.0,0.0,-5979.4,28.14325236530616,25.49504658,0.0,,3.875,0.03,3.562,0.027,6.625,0.051,1.375,0.011,0.03562,0.027,0.099375,0.0765,0.034375,0.0274999999999999,0.30037,133.03125,1.0207575050847426,397.96875,3.0536403164797266,1.99546875,1.531136257627114,13.92890625,10.687741107679043,28.14325236530616,527788,,,0.1651380271179046,Information
231404,4051.0,2568.541802,ESP,Spain,Extremadura,0.004445513,0.0,0.76,0.33,4051.0,,,,,,,,,,,,,,,,,,,,,,,,,3.010501504784629,0.0889102599999999,0.0,,8.188,0.319,3.188,0.124,9.812,0.382,5.188,0.202,0.03188,0.124,0.14718,0.573,0.1296999999999999,0.505,1.51076,0.0,0.0,17.578125,0.6843620370813226,0.0,0.0,0.615234375,2.395267129784629,3.010501504784629,45800,,,0.0002307390592368,Information
231405,4052.0,4608.781957,ESP,Spain,Extremadura,0.405268816,0.0,0.76,0.33,4052.0,,,,,,,,,,,,,,,,,,,,,,,,,4.03625722272754,8.10537632,0.0,,0.125,0.003,0.125,0.003,2.562,0.056,1.062,0.023,0.00125,0.003,0.03843,0.084,0.02655,0.0574999999999999,0.21073,10.40625,0.2257917622659724,31.921875,0.6926314869510235,0.15609375,0.3386876433989585,1.117265625,2.424210204328582,4.03625722272754,136562,,,0.0008880444900324,Information
231406,4053.0,8540.976836,ESP,Spain,Andalucía,0.068788149,0.0,0.76,0.33,4053.0,,,,,,,,,,,,,,,,,,,,,,,,,8.959746213252604,1.3757629800000002,0.0,,46.375,0.543,36.188,0.424,66.688,0.781,44.0,0.515,0.36188,0.424,1.00032,1.1715,1.1,1.2875,5.3452,17.578125,0.2058093042271126,110.390625,1.2924824305462672,0.263671875,0.3087139563406689,3.863671875,4.523688506911936,8.959746213252604,101055,,,0.0082294995878082,Information
231407,4054.0,17104.81816,ESP,Spain,Castilla-La Mancha,0.436067713,0.0,0.76,0.33,4054.0,4054.0,0.0,1.0,-9999.0,-9999.0,-9999.0,0.0,10.0,-999.9,-999.9,-999.9,-4979.3,0.0,0.0,0.0,0.0,0.0,0.0,0.0,0.0,0.0,0.0,0.0,-4979.3,10.967005501532194,8.72135426,0.0,,29.312,0.171,10.375,0.061,23.625,0.138,7.688,0.045,0.10375,0.061,0.354375,0.207,0.1921999999999999,0.1124999999999999,1.030825,45.0,0.2630837672437879,178.453125,1.0432915644761465,0.675,0.3946256508656818,6.245859375,3.651520475666513,10.967005501532194,445097,,,0.0170441516058316,Information
231408,4055.0,3667.347853,ESP,Spain,Castilla-La Mancha,0.053814915,0.0,0.76,0.33,4055.0,,,,,,,,,,,,,,,,,,,,,,,,,1.870953070565472,1.0762983,0.0,,21.562,0.588,15.375,0.419,0.375,0.01,0.0,0.0,0.15375,0.419,0.005625,0.015,0.0,0.0,0.593375,0.0,0.0,14.34375,0.3911205201615634,0.0,0.0,0.50203125,1.3689218205654718,1.870953070565472,141398,,,3.625423604181466e-05,Information
231607,4064.0,16156.88146,ESP,Spain,Castilla-La Mancha,0.33554945,0.0,0.76,0.33,4064.0,4064.0,0.0,1.0,2.0,2.0,-9999.0,0.0,10.0,0.2,0.2,-999.9,-1979.0,0.0,0.0,0.0,0.0,0.0,0.0,0.0,0.0,0.0,0.0,0.0,-1979.0,7.350074680625406,6.7109890000000005,0.0,,5.25,0.032,3.5,0.022,5.938,0.037,1.438,0.009,0.035,0.022,0.08907,0.0554999999999999,0.0359499999999999,0.0225,0.26002,11.953125,0.0739816345758586,124.59375,0.7711497439318912,0.179296875,0.1109724518637879,4.36078125,2.699024103761619,7.350074680625406,1978059,,,0.0055269248744509,Information
231609,4066.0,9404.416624,ESP,Spain,Castilla-La Mancha,0.521430949,0.0,0.76,0.33,4066.0,,,,,,,,,,,,,,,,,,,,,,,,,9.163120360811185,10.42861898,0.0,,1.625,0.017,0.938,0.01,7.125,0.076,5.312,0.056,0.00938,0.01,0.106875,0.1139999999999999,0.1328,0.14,0.513055,26.015625,0.2766319915294708,115.734375,1.2306385352905649,0.390234375,0.4149479872942062,4.050703125,4.307234873516977,9.163120360811185,163674,,,0.0113083202033105,Information
231804,4071.0,16054.33329,ESP,Spain,Castilla y León,0.675842873,0.0,0.76,0.33,4071.0,,,,,,,,,,,,,,,,,,,,,,,,,7.888361163724156,13.51685746,0.0,,17.25,0.107,9.625,0.06,1.312,0.008,0.688,0.004,0.09625,0.06,0.01968,0.012,0.0171999999999999,0.01,0.21513,29.390625,0.1830697324152607,126.28125,0.78658669717179,0.440859375,0.274604598622891,4.41984375,2.7530534401012647,7.888361163724156,408661,,,0.0083201351714082,Information
231805,4072.0,10400.02286,ESP,Spain,Castilla y León,1.197400966,0.0,0.76,0.33,4072.0,4072.0,1.0,1.0,100.0,9.0,-9999.0,3.0,10.0,10.0,0.9,-999.9,-2809.657142857144,0.0,0.0,0.0,0.0,0.0,0.0,0.0,0.0,0.0,0.0,0.0,-2809.657142857144,2.4646397723822853,23.94801932,0.0,,,,,,,,,,,,,,,,,9.28125,0.0892425923080367,31.921875,0.3069404311200658,0.13921875,0.133863888462055,1.117265625,1.0742915089202305,2.4646397723822853,217747,,,0.000302490523115,Information
231809,4076.0,15523.48384,ESP,Spain,Castilla y León,2.181800198,0.0,0.76,0.33,4076.0,4076.0,0.0,1.0,2.0,2.0,2.0,0.0,10.0,0.2,0.2,0.2,21.2,0.0,0.0,0.0,0.0,0.0,0.0,0.0,0.0,0.0,0.0,0.0,21.2,21.2,43.63600396,0.0,,,,,,,,,,,,,,,,,4.078125,0.0262706815159723,97.59375,0.6286845852443038,0.061171875,0.0394060222739584,3.41578125,2.2003960483550635,5.716755195629022,298026,,,0.1640793525730918,Information
231902,4078.0,16688.85808,ESP,Spain,Galicia,2.687944635,0.0,0.76,0.33,4078.0,4078.0,0.0,1.0,-9999.0,-9999.0,-9999.0,0.0,10.0,-999.9,-999.9,-999.9,-5979.4,0.0,0.0,0.0,0.0,0.0,0.0,0.0,0.0,0.0,0.0,0.0,-5979.4,2.653676103081273,53.7588927,0.0,,9.062,0.054,7.625,0.046,0.812,0.005,0.25,0.001,0.07625,0.046,0.01218,0.0075,0.00625,0.0025,0.15068,17.4375,0.1044858786288796,39.9375,0.2393063671822726,0.2615625,0.1567288179433194,1.3978125,0.8375722851379541,2.653676103081273,832120,,,0.0021321173671495,Information
231903,4079.0,2228.107936,ESP,Spain,Galicia,0.618139062,0.36880952,0.76,0.33,4079.0,,,,,,,,,,,,,,,,,,,,,,,,,11.850465061845169,12.36278124,7.3761904,,17.25,0.774,13.125,0.589,0.688,0.031,0.125,0.006,0.13125,0.589,0.01032,0.0465,0.003125,0.015,0.795195,36.0,1.6157206485394742,46.265625,2.0764534897245586,0.54,2.423580972809212,1.619296875,7.267587214035955,11.850465061845169,788192,,,0.0227048894729386,Information
152000,16049.0,8763.968039,ESP,Spain,Islas Canarias,0.468791928,0.082376925,0.76,0.33,16049.0,,,,,,,,,,,,,,,,,,,,,,,,,13.79111317290744,9.37583856,1.6475385,,99.312,1.133,78.188,0.892,4.625,0.053,1.125,0.013,0.78188,0.892,0.069375,0.0795,0.028125,0.0325,1.88338,50.765625,0.5792538810816693,162.28125,1.8516869217956964,0.761484375,0.8688808216225039,5.67984375,6.480904226284937,13.79111317290744,2765620,,,0.0298707585262457,Information
231905,16072.0,9719.578709,ESP,Spain,Galicia,2.656318511,0.464019671,0.76,0.33,16072.0,,,,,,,,,,,,,,,,,,,,,,,,,11.400875585706252,53.12637022,9.28039342,,52.0,0.535,36.812,0.379,0.812,0.008,0.0,0.0,0.36812,0.379,0.01218,0.012,0.0,0.0,0.7713,63.5625,0.653963529714521,133.3125,1.37158722603842,0.9534375,0.9809452945717816,4.6659375,4.80055529113447,11.400875585706252,1089607,,,0.0787154427697603,Information
221902,3743.0,13541.09981,GEO,Georgia,Imereti,3.762910696,0.0,0.67,0.46,3743.0,,,,,,,,,,,,,,,,,,,,,,,,,9.63477949642522,75.25821392,0.0,,11.0,0.081,10.188,0.075,0.0,0.0,0.0,0.0,0.10188,0.075,0.0,0.0,0.0,0.0,0.17688,0.0,0.0,158.34375,1.169356641835777,0.0,0.0,5.54203125,4.09274824642522,9.63477949642522,593598,,,0.1728112613374442,Information
221903,3744.0,1608.707513,GEO,Georgia,Samegrelo-Zemo Svaneti,4.009947576,0.0,0.67,0.46,3744.0,,,,,,,,,,,,,,,,,,,,,,,,,0.7103417722542676,80.19895152000001,0.0,,1.75,0.109,1.75,0.109,0.0,0.0,0.0,0.0,0.0175,0.109,0.0,0.0,0.0,0.0,0.1265,0.0,0.0,2.8125,0.1748297920726479,0.0,0.0,0.0984375,0.6119042722542677,0.7103417722542676,52049,,,0.0004377614891757,Information
221905,3746.0,2220.312798,GEO,Georgia,Abkhazia,4.333819963,0.0,0.67,0.46,3746.0,,,,,,,,,,,,,,,,,,,,,,,,,4.144672035372113,86.67639926,0.0,,2.312,0.104,2.312,0.104,0.0,0.0,0.0,0.0,0.0231199999999999,0.104,0.0,0.0,0.0,0.0,0.1271199999999999,0.0,0.0,21.515625,0.969035760106318,0.0,0.0,0.753046875,3.391625160372113,4.144672035372113,62362,,,0.1214612167157315,Information
221907,3748.0,2088.316808,GEO,Georgia,Abkhazia,4.202226695,0.0,0.67,0.46,3748.0,,,,,,,,,,,,,,,,,,,,,,,,,1.453015360043956,84.0445339,0.0,,2.688,0.129,2.375,0.114,0.0,0.0,0.0,0.0,0.02375,0.114,0.0,0.0,0.0,0.0,0.13775,0.0,0.0,7.171875,0.3434284957268446,0.0,0.0,0.251015625,1.201999735043956,1.453015360043956,149873,,,0.0082839165098937,Information
284690,5046.0,23303.05698,GEO,Georgia,Samtskhe-Javakheti,2.982109458,0.0,0.67,0.46,5046.0,,,,,,,,,,,,,,,,,,,,,,,,,13.49119395558455,59.64218916,0.0,,39.688,0.17,36.375,0.156,0.062,0.0,0.0,0.0,0.36375,0.156,0.0009299999999999,0.0,0.0,0.0,0.52068,0.0,0.0,269.71875,1.1574393444527284,0.0,0.0,9.44015625,4.05103770558455,13.49119395558455,1862929,,,0.1365945833619579,Information
222010,3750.0,9764.47525,RUS,Russia,Krasnodar,2.020785379,0.0,0.65,0.49,3750.0,,,,,,,,,,,,,,,,,,,,,,,,,15.910062116878343,40.41570758,0.0,,12.0,0.123,11.688,0.12,1.188,0.012,0.188,0.002,0.11688,0.12,0.01782,0.018,0.0046999999999999,0.005,0.2824,0.0,0.0,224.578125,2.299950783393812,0.0,0.0,7.860234375,8.049827741878342,15.910062116878343,1195939,,,0.0933440375272313,Information
222021,3751.0,914.6461013,RUS,Russia,Krasnodar,3.298782877,0.0,0.65,0.49,3751.0,,,,,,,,,,,,,,,,,,,,,,,,,38.33703125,65.97565754,0.0,,0.0,0.0,0.0,0.0,3.125,0.342,0.0,0.0,0.0,0.0,0.046875,0.513,0.0,0.0,0.559875,0.0,0.0,95.34375,10.424113748864,0.0,0.0,3.33703125,35.0,38.33703125,66308,,,0.5474970341532645,Advisory
222023,3753.0,7619.825343,RUS,Russia,Krasnodar,2.097453586,0.0,0.65,0.49,3753.0,3753.0,0.0,15.0,-9999.0,-9999.0,-9999.0,0.0,1.0,-999.9,-999.9,-999.9,-5997.4,0.0,0.0,0.0,0.0,0.0,0.0,0.0,0.0,0.0,0.0,0.0,-5997.4,12.42824484258326,41.94907172,0.0,,8.125,0.107,5.5,0.072,0.0,0.0,0.0,0.0,0.055,0.072,0.0,0.0,0.0,0.0,0.127,0.0,0.0,153.5625,2.015302097880931,0.0,0.0,5.3746875,7.053557342583259,12.42824484258326,963860,,,0.0616159337948084,Information
222024,3754.0,6067.817359,RUS,Russia,Krasnodar,2.467989351,0.0,0.65,0.49,3754.0,,,,,,,,,,,,,,,,,,,,,,,,,5.252426845803456,49.35978702,0.0,,10.375,0.171,9.125,0.15,0.0,0.0,0.0,0.0,0.09125,0.15,0.0,0.0,0.0,0.0,0.24125,0.0,0.0,56.671875,0.9339746345152732,0.0,0.0,1.983515625,3.268911220803456,5.252426845803456,256776,,,0.0117239848044564,Information
222025,3755.0,135.530911,RUS,Russia,Krasnodar,0.57160627,0.0,0.65,0.49,3755.0,,,,,,,,,,,,,,,,,,,,,,,,,35.9253125,11.4321254,0.0,,2.688,1.983,1.812,1.337,0.0,0.0,0.0,0.0,0.01812,1.337,0.0,0.0,0.0,0.0,1.35512,0.0,0.0,26.4375,19.50662015513238,0.0,0.0,0.9253125,35.0,35.9253125,60579,,,0.1834415743086465,Advisory
222026,3756.0,12692.49492,RUS,Russia,Krasnodar,1.559487212,0.0,0.65,0.49,3756.0,,,,,,,,,,,,,,,,,,,,,,,,,2.683895905634582,31.189744240000003,0.0,,80.375,0.633,46.0,0.362,0.0,0.0,0.0,0.0,0.46,0.362,0.0,0.0,0.0,0.0,0.8220000000000001,0.0,0.0,42.890625,0.3379211516098807,0.0,0.0,1.501171875,1.1827240306345823,2.683895905634582,555234,,,0.0005891462751552,Information
222027,3757.0,5076.676702,RUS,Russia,Krasnodar,1.497112123,0.0,0.65,0.49,3757.0,,,,,,,,,,,,,,,,,,,,,,,,,3.508067462123141,29.94224246,0.0,,88.688,1.747,62.062,1.223,0.0,0.0,0.0,0.0,0.62062,1.223,0.0,0.0,0.0,0.0,1.84362,0.0,0.0,33.75,0.6648049891780403,0.0,0.0,1.18125,2.326817462123141,3.508067462123141,561944,,,0.0013755808680494,Information
222029,3759.0,13650.81666,RUS,Russia,Karachay-Cherkess,2.254375729,0.0,0.65,0.49,3759.0,,,,,,,,,,,,,,,,,,,,,,,,,2.1659668433113493,45.08751458,0.0,,36.938,0.271,19.688,0.144,0.0,0.0,0.0,0.0,0.19688,0.144,0.0,0.0,0.0,0.0,0.3408799999999999,0.0,0.0,35.71875,0.2616601695175283,0.0,0.0,1.25015625,0.9158105933113492,2.1659668433113493,690448,,,0.0006127582200256,Information
222030,3760.0,11658.45621,RUS,Russia,Krasnodar,2.074217751,0.0,0.65,0.49,3760.0,,,,,,,,,,,,,,,,,,,,,,,,,66.66712959777026,41.48435502,0.0,3.0,20.188,0.173,13.375,0.115,2.0,0.017,0.75,0.006,0.13375,0.115,0.03,0.0255,0.01875,0.015,0.3380000000000001,0.0,0.0,1054.828125,9.047751313648645,0.0,0.0,35.0,31.667129597770256,66.66712959777026,770779,3700.0,0.4800338358984871,0.5518820845629839,Watch
222040,3761.0,13524.1711,RUS,Russia,Krasnodar,0.524567308,0.0,0.65,0.49,3761.0,,,,,,,,,,,,,,,,,,,,,,,,,18.106921739177825,10.49134616,0.0,,41.312,0.305,31.125,0.23,0.0,0.0,0.0,0.0,0.31125,0.23,0.0,0.0,0.0,0.0,0.54125,0.0,0.0,297.421875,2.1991874611936644,0.0,0.0,10.409765625,7.697156114177825,18.106921739177825,513885,,,0.0550169230522339,Information
222060,3763.0,9211.251457,RUS,Russia,Krasnodar,0.89142262,0.0,0.65,0.49,3763.0,,,,,,,,,,,,,,,,,,,,,,,,,1.6629631001509853,17.8284524,0.0,,14.812,0.161,9.562,0.104,0.0,0.0,0.0,0.0,0.09562,0.104,0.0,0.0,0.0,0.0,0.19962,0.0,0.0,22.78125,0.2473198143288529,0.0,0.0,0.79734375,0.8656193501509851,1.6629631001509853,347214,,,4.805502164733966e-05,Information
223100,3767.0,7587.88493,RUS,Russia,Rostov,0.671185954,0.0,0.65,0.49,3767.0,,,,,,,,,,,,,,,,,,,,,,,,,7.609380358658488,13.42371908,0.0,,13.438,0.177,11.625,0.153,0.0,0.0,0.0,0.0,0.11625,0.153,0.0,0.0,0.0,0.0,0.26925,0.0,0.0,93.796875,1.2361399239024249,0.0,0.0,3.282890625,4.326489733658487,7.609380358658488,1858582,,,0.0075152332224527,Information
223201,3768.0,6914.391727,RUS,Russia,Rostov,1.080818554,0.0,0.65,0.49,3768.0,,,,,,,,,,,,,,,,,,,,,,,,,27.066324899868675,21.61637108,0.0,,5.0,0.072,4.125,0.06,0.0,0.0,0.0,0.0,0.04125,0.06,0.0,0.0,0.0,0.0,0.10125,0.0,0.0,316.125,4.571985685676764,0.0,0.0,11.064375,16.001949899868674,27.066324899868675,94219,,,0.1438173503998935,Information
223204,3771.0,15159.79899,RUS,Russia,Stavropol',0.903184064,0.0,0.65,0.49,3771.0,3771.0,1.0,4.0,94.0,27.0,2.0,3.0,7.0,9.4,2.7,0.2,67.4,0.0,0.0,0.0,0.0,0.0,0.0,0.0,0.0,0.0,0.0,0.0,67.4,67.4,18.06368128,0.0,,16.062,0.106,12.188,0.08,0.0,0.0,0.0,0.0,0.12188,0.08,0.0,0.0,0.0,0.0,0.20188,0.0,0.0,90.28125,0.5955306535681463,0.0,0.0,3.15984375,2.084357287488512,5.244201037488512,539062,,,0.422580094897396,Watch
223206,3773.0,3802.04878,RUS,Russia,Kalmyk,0.613939471,0.0,0.65,0.49,3773.0,3773.0,2.0,4.0,100.0,100.0,9.0,7.0,7.0,10.0,10.0,0.9,69.8,0.0,0.0,0.0,0.0,0.0,0.0,0.0,0.0,0.0,0.0,0.0,69.8,69.8,12.27878942,0.0,,,,,,,,,,,,,,,,,0.0,0.0,123.046875,3.2363307814328675,0.0,0.0,4.306640625,11.327157735015035,15.633798360015035,22642,,,0.409617229317928,Watch
223207,3774.0,10050.35782,RUS,Russia,Kalmyk,2.732098015,0.0,0.65,0.49,3774.0,3774.0,1.0,4.0,94.0,11.0,3.0,3.0,7.0,9.4,1.1,0.3,-627.8000000000001,0.0,0.0,0.0,0.0,0.0,0.0,0.0,0.0,0.0,0.0,0.0,-627.8000000000001,16.03457184731767,54.6419603,0.0,,,,,,,,,,,,,,,,,0.0,0.0,229.640625,2.284899992090764,0.0,0.0,8.037421875,7.997149972317674,16.03457184731767,52172,,,0.1492070488409111,Information
223208,3775.0,2300.800165,RUS,Russia,Stavropol',0.001719735,0.0,0.65,0.49,3775.0,3775.0,1.0,4.0,78.0,13.0,3.0,3.0,7.0,7.8,1.3,0.3,40.9,0.0,0.0,0.0,0.0,0.0,0.0,0.0,0.0,0.0,0.0,0.0,40.9,40.9,0.0343947,0.0,,,,,,,,,,,,,,,,,0.0,0.0,3.796875,0.1650241102149572,0.0,0.0,0.132890625,0.5775843857523502,0.7104750107523502,20539,,,0.185742251820457,Advisory
223300,3777.0,21840.43249,RUS,Russia,Rostov,1.545175687,0.0,0.65,0.49,3777.0,3777.0,0.0,13.0,-9999.0,-9999.0,-9999.0,0.0,1.0,-999.9,-999.9,-999.9,-5997.4,0.0,0.0,0.0,0.0,0.0,0.0,0.0,0.0,0.0,0.0,0.0,-5997.4,5.2237175118212384,30.90351374,0.0,,,,,,,,,,,,,,,,,0.0,0.0,102.375,0.468740717663211,0.0,0.0,3.583125,1.6405925118212386,5.2237175118212384,224656,,,0.0049072887659296,Information
223401,3778.0,8505.214232,RUS,Russia,Rostov,0.959271833,0.0,0.65,0.49,3778.0,,,,,,,,,,,,,,,,,,,,,,,,,2.334511047154124,19.18543666,0.0,,47.812,0.562,20.812,0.245,0.0,0.0,0.0,0.0,0.20812,0.245,0.0,0.0,0.0,0.0,0.4531199999999999,0.0,0.0,30.65625,0.3604406563297497,0.0,0.0,1.07296875,1.261542297154124,2.334511047154124,313209,,,0.0001967876698352,Information
223402,3779.0,10566.40925,RUS,Russia,Rostov,1.881800551,0.0,0.65,0.49,3779.0,,,,,,,,,,,,,,,,,,,,,,,,,1.3124482647036029,37.63601102,0.0,,17.188,0.163,8.438,0.08,0.0,0.0,0.0,0.0,0.08438,0.08,0.0,0.0,0.0,0.0,0.16438,0.0,0.0,19.265625,0.1823289684867436,0.0,0.0,0.674296875,0.6381513897036026,1.3124482647036029,135098,,,5.644029753912269e-05,Information
223403,3780.0,7040.934659,RUS,Russia,Rostov,2.058432659,0.0,0.65,0.49,3780.0,,,,,,,,,,,,,,,,,,,,,,,,,1.0125409648702823,41.16865318000001,0.0,,26.688,0.379,4.938,0.07,0.0,0.0,0.0,0.0,0.04938,0.07,0.0,0.0,0.0,0.0,0.11938,0.0,0.0,11.953125,0.1697661685343664,0.0,0.0,0.418359375,0.5941815898702825,1.0125409648702823,477819,,,2.430496649424387e-05,Information
223408,3785.0,14850.76759,RUS,Russia,Belgorod,1.370378723,0.0,0.65,0.49,3785.0,,,,,,,,,,,,,,,,,,,,,,,,,3.7062439332259824,27.40757446,0.0,,22.125,0.149,18.938,0.128,0.188,0.001,0.125,0.001,0.18938,0.128,0.00282,0.0015,0.003125,0.0025,0.327325,0.0,0.0,63.28125,0.4261143380645664,0.0,0.0,2.21484375,1.4914001832259824,3.7062439332259824,710292,,,0.0014656991787496,Information
223501,3787.0,6656.296858,RUS,Russia,Rostov,3.798168997,0.0,0.65,0.49,3787.0,,,,,,,,,,,,,,,,,,,,,,,,,11.33089401179511,75.96337994,0.0,,69.812,1.049,44.312,0.666,1.125,0.017,0.0,0.0,0.4431199999999999,0.666,0.016875,0.0255,0.0,0.0,1.151495,0.0,0.0,129.375,1.9436482890843167,0.0,0.0,4.528125,6.8027690117951085,11.33089401179511,272074,,,0.2260118409983447,Information
223502,3788.0,3283.262305,RUS,Russia,Volgograd,1.310579755,0.0,0.65,0.49,3788.0,,,,,,,,,,,,,,,,,,,,,,,,,2.429347146598809,26.2115951,0.0,,70.688,2.153,30.312,0.923,3.875,0.118,0.062,0.002,0.30312,0.923,0.058125,0.177,0.00155,0.005,1.467795,0.0,0.0,17.15625,0.5225366847425169,0.0,0.0,0.60046875,1.828878396598809,2.429347146598809,15969,,,0.0003205777805107,Information
223503,3789.0,1296.825623,RUS,Russia,Rostov,2.134262399,0.0,0.65,0.49,3789.0,,,,,,,,,,,,,,,,,,,,,,,,,20.88018696916158,42.68524798,0.0,,43.438,3.35,14.688,1.133,2.562,0.198,0.188,0.014,0.14688,1.133,0.03843,0.297,0.0046999999999999,0.035,1.65501,0.0,0.0,68.484375,5.280923955474737,0.0,0.0,2.396953125,18.48323384416158,20.88018696916158,3872,,,0.1563057850870574,Information
223504,3790.0,3089.300515,RUS,Russia,Volgograd,1.406518292,0.0,0.65,0.49,3790.0,,,,,,,,,,,,,,,,,,,,,,,,,5.880794045761167,28.13036584,0.0,,6.0,0.194,4.625,0.15,0.0,0.0,0.0,0.0,0.04625,0.15,0.0,0.0,0.0,0.0,0.1962499999999999,0.0,0.0,39.65625,1.2836643702174764,0.0,0.0,1.38796875,4.492825295761167,5.880794045761167,34934,,,0.0061544586106427,Information
223505,3791.0,5251.70836,RUS,Russia,Volgograd,1.25447622,0.0,0.65,0.49,3791.0,,,,,,,,,,,,,,,,,,,,,,,,,8.290418702992325,25.0895244,0.0,,27.688,0.527,9.25,0.176,0.812,0.015,0.625,0.012,0.0925,0.176,0.01218,0.0225,0.015625,0.03,0.348805,0.0,0.0,81.5625,1.553066057997807,0.0,0.0,2.8546875,5.435731202992325,8.290418702992325,24711,,,0.0138611723760459,Information
223506,3792.0,12395.30539,RUS,Russia,Rostov,1.246907616,0.0,0.65,0.49,3792.0,,,,,,,,,,,,,,,,,,,,,,,,,3.05906552839144,24.93815232,0.0,,35.188,0.284,9.188,0.074,0.812,0.007,0.438,0.004,0.09188,0.074,0.01218,0.0105,0.01095,0.01,0.20951,0.0,0.0,48.375,0.3902687223975542,0.0,0.0,1.693125,1.36594052839144,3.05906552839144,84281,,,0.000686654308635,Information
223604,3799.0,8827.033359,RUS,Russia,Volgograd,2.249114232,0.0,0.65,0.49,3799.0,,,,,,,,,,,,,,,,,,,,,,,,,3.3487936471849933,44.98228464,0.0,,118.875,1.347,26.438,0.3,0.0,0.0,0.0,0.0,0.26438,0.3,0.0,0.0,0.0,0.0,0.56438,0.0,0.0,44.859375,0.5082044349099981,0.0,0.0,1.570078125,1.7787155221849935,3.3487936471849933,81658,,,0.0025626198982006,Information
223608,3803.0,1988.170377,RUS,Russia,Saratov,2.56263365,0.0,0.65,0.49,3803.0,,,,,,,,,,,,,,,,,,,,,,,,,1.3058177392740904,51.252673,0.0,,41.188,2.072,5.062,0.255,0.0,0.0,0.0,0.0,0.05062,0.255,0.0,0.0,0.0,0.0,0.30562,0.0,0.0,6.1875,0.3112157826497401,0.0,0.0,0.2165625,1.0892552392740904,1.3058177392740904,16775,,,0.0001474034986859,Information
223609,3804.0,7888.496242,RUS,Russia,Saratov,1.73714291,0.0,0.65,0.49,3804.0,,,,,,,,,,,,,,,,,,,,,,,,,1.2500523865308089,34.7428582,0.0,,57.375,0.727,17.625,0.223,0.0,0.0,0.0,0.0,0.17625,0.223,0.0,0.0,0.0,0.0,0.39925,0.0,0.0,15.75,0.1996578247230882,0.0,0.0,0.55125,0.6988023865308087,1.2500523865308089,130867,,,3.824331839900863e-05,Information
223802,3807.0,9486.222608,RUS,Russia,Volgograd,1.800070814,0.0,0.65,0.49,3807.0,,,,,,,,,,,,,,,,,,,,,,,,,1.36489328168707,36.00141628,0.0,,52.625,0.555,15.062,0.159,0.0,0.0,0.188,0.002,0.15062,0.159,0.0,0.0,0.0046999999999999,0.005,0.31932,0.0,0.0,18.984375,0.2001257590534486,0.0,0.0,0.664453125,0.70044015668707,1.36489328168707,101046,,,5.959536166536108e-05,Information
223804,3809.0,7601.862089,RUS,Russia,Voronezh,1.17946179,0.0,0.65,0.49,3809.0,,,,,,,,,,,,,,,,,,,,,,,,,3.897582470331571,23.5892358,0.0,,75.062,0.987,34.188,0.45,0.0,0.0,0.25,0.003,0.34188,0.45,0.0,0.0,0.00625,0.0075,0.80563,0.0,0.0,48.09375,0.632657491523306,0.0,0.0,1.68328125,2.214301220331571,3.897582470331571,116131,,,0.0014612836224684,Information
223805,3810.0,2394.391756,RUS,Russia,Voronezh,1.696659259,0.0,0.65,0.49,3810.0,,,,,,,,,,,,,,,,,,,,,,,,,1.2993638092125,33.93318518,0.0,,17.125,0.715,2.562,0.107,0.0,0.0,0.188,0.008,0.0256199999999999,0.107,0.0,0.0,0.0046999999999999,0.02,0.15732,0.0,0.0,7.171875,0.2995280526321428,0.0,0.0,0.251015625,1.0483481842125,1.2993638092125,41417,,,4.2686854911637614e-05,Information
223806,3811.0,13259.39352,RUS,Russia,Tambov,1.423785386,0.0,0.65,0.49,3811.0,,,,,,,,,,,,,,,,,,,,,,,,,4.463708745112285,28.475707720000003,0.0,,144.375,1.089,31.875,0.24,0.062,0.0,1.25,0.009,0.31875,0.24,0.0009299999999999,0.0,0.03125,0.0225,0.6134299999999999,0.0,0.0,72.703125,0.5483141057463673,0.0,0.0,2.544609375,1.9190993701122856,4.463708745112285,248327,,,0.00276809744403,Information
223807,3812.0,12158.9206,RUS,Russia,Saratov,1.479372961,0.0,0.65,0.49,3812.0,,,,,,,,,,,,,,,,,,,,,,,,,4.466974788974502,29.58745922,0.0,,175.25,1.441,40.062,0.329,0.0,0.0,0.062,0.001,0.40062,0.329,0.0,0.0,0.00155,0.0025,0.7336699999999999,0.0,0.0,70.03125,0.575966011135572,0.0,0.0,2.45109375,2.015881038974502,4.466974788974502,273845,,,0.0029108358861586,Information
223808,3813.0,3303.106184,RUS,Russia,Penza,0.263114879,0.0,0.65,0.49,3813.0,,,,,,,,,,,,,,,,,,,,,,,,,1.8831491024538407,5.26229758,0.0,,50.25,1.521,9.0,0.272,0.0,0.0,0.0,0.0,0.09,0.272,0.0,0.0,0.0,0.0,0.362,0.0,0.0,13.359375,0.4044488507010974,0.0,0.0,0.467578125,1.4155709774538408,1.8831491024538407,33320,,,4.461251294674212e-05,Information
223809,3814.0,4007.499366,RUS,Russia,Saratov,2.171179555,0.0,0.65,0.49,3814.0,,,,,,,,,,,,,,,,,,,,,,,,,0.8085662076450003,43.4235911,0.0,,61.0,1.522,6.0,0.15,0.0,0.0,0.0,0.0,0.06,0.15,0.0,0.0,0.0,0.0,0.21,0.0,0.0,6.609375,0.1649251664700001,0.0,0.0,0.231328125,0.5772380826450003,0.8085662076450003,59370,,,1.0780289006659763e-05,Information
223910,3815.0,17066.27604,RUS,Russia,Voronezh,1.344359794,0.0,0.65,0.49,3815.0,3815.0,0.0,15.0,-9999.0,-9999.0,-9999.0,0.0,1.0,-999.9,-999.9,-999.9,-5997.4,0.0,0.0,0.0,0.0,0.0,0.0,0.0,0.0,0.0,0.0,0.0,-5997.4,5.222115083252036,26.88719588,0.0,,,,,,,,,,,,,,,,,0.0,0.0,94.078125,0.5512516309291531,0.0,0.0,3.292734375,1.929380708252036,5.222115083252036,233257,,,0.0041563105341576,Information
223940,3818.0,8837.687682,RUS,Russia,Voronezh,1.194172818,0.0,0.65,0.49,3818.0,,,,,,,,,,,,,,,,,,,,,,,,,12.295526606979063,23.88345636,0.0,,155.125,1.755,60.688,0.687,0.0,0.0,0.5,0.006,0.60688,0.687,0.0,0.0,0.0125,0.015,1.32138,0.0,0.0,164.8125,1.8648826019940183,0.0,0.0,5.7684375,6.527089106979064,12.295526606979063,198584,,,0.0341494138950715,Information
223950,3819.0,12954.47048,RUS,Russia,Voronezh,1.590130496,0.0,0.65,0.49,3819.0,,,,,,,,,,,,,,,,,,,,,,,,,3.157088552388566,31.80260992,0.0,,41.188,0.318,29.25,0.226,0.0,0.0,0.0,0.0,0.2925,0.226,0.0,0.0,0.0,0.0,0.5185,0.0,0.0,50.90625,0.3929628006824473,0.0,0.0,1.78171875,1.3753698023885657,3.157088552388566,394728,,,0.0010604590101288,Information
223960,3820.0,21333.89541,RUS,Russia,Tambov,0.625547859,0.0,0.65,0.49,3820.0,,,,,,,,,,,,,,,,,,,,,,,,,19.453085939173032,12.51095718,0.0,,722.5,3.387,392.562,1.84,7.438,0.035,1.25,0.006,3.92562,1.84,0.11157,0.0525,0.03125,0.015,5.9759400000000005,0.0,0.0,378.421875,1.773805804049438,0.0,0.0,13.244765625,6.208320314173033,19.453085939173032,1621389,,,0.066354067991605,Information
223980,3822.0,13041.03501,RUS,Russia,Lipetsk,1.000177104,0.0,0.65,0.49,3822.0,,,,,,,,,,,,,,,,,,,,,,,,,3.86144,20.003542080000003,0.0,,306.625,2.351,218.312,1.674,0.188,0.001,0.0,0.0,2.18312,1.674,0.00282,0.0015,0.0,0.0,3.86144,0.0,0.0,19.828125,0.1520441053180601,0.0,0.0,0.693984375,0.5321543686132103,1.2261387436132103,309525,,,0.0012189596132045,Information
223990,3823.0,17177.28028,RUS,Russia,Orel,1.48843193,0.0,0.65,0.49,3823.0,,,,,,,,,,,,,,,,,,,,,,,,,0.6229772079728711,29.7686386,0.0,,13.5,0.079,9.5,0.055,0.0,0.0,0.0,0.0,0.095,0.055,0.0,0.0,0.0,0.0,0.15,0.0,0.0,11.25,0.0654934879922489,0.0,0.0,0.39375,0.2292272079728711,0.6229772079728711,421183,,,1.1503486284791284e-06,Information
225202,3851.0,8283.902015,RUS,Russia,Bryansk,2.768994518,0.0,0.65,0.49,3851.0,,,,,,,,,,,,,,,,,,,,,,,,,2.140083595000407,55.37989036,0.0,,0.0,0.0,0.0,0.0,3.062,0.037,0.0,0.0,0.0,0.0,0.04593,0.0554999999999999,0.0,0.0,0.1014299999999999,0.0,0.0,27.703125,0.334421205714402,0.0,0.0,0.969609375,1.170474220000407,2.140083595000407,116378,,,0.0011933813486367,Information
225204,3853.0,27957.21708,RUS,Russia,Kursk,1.866906971,0.0,0.65,0.49,3853.0,,,,,,,,,,,,,,,,,,,,,,,,,4.497240043775574,37.33813942,0.0,,15.438,0.055,15.188,0.054,11.438,0.041,0.25,0.001,0.15188,0.054,0.17157,0.0615,0.00625,0.0025,0.4477,0.0,0.0,94.640625,0.3385194767930211,0.0,0.0,3.312421875,1.184818168775574,4.497240043775574,1119415,,,0.004215683319159,Information
225609,3886.0,3389.639868,RUS,Russia,Smolensk,0.91417695,0.0,0.65,0.49,3886.0,,,,,,,,,,,,,,,,,,,,,,,,,1.5164933829630631,18.283539,0.0,,2.125,0.063,2.125,0.063,0.562,0.017,0.0,0.0,0.02125,0.063,0.00843,0.0255,0.0,0.0,0.11818,0.0,0.0,10.96875,0.3235963237037323,0.0,0.0,0.38390625,1.132587132963063,1.5164933829630631,75778,,,3.347748947444256e-05,Information
242961,4287.0,679.2409439,RUS,Russia,Leningrad,0.046025703,0.0,0.65,0.49,4287.0,4287.0,0.0,2.0,-9999.0,-9999.0,-9999.0,0.0,9.0,-999.9,-999.9,-999.9,-5981.4,0.0,0.0,0.0,0.0,0.0,0.0,0.0,0.0,0.0,0.0,0.0,-5981.4,11.994407686216798,0.92051406,0.0,,,,,,,,,,,,,,,,,0.0,0.0,21.796875,3.209004874633371,0.0,0.0,0.762890625,11.231517061216795,11.994407686216798,60233,,,0.0173654559753856,Information
242965,4291.0,7859.411005,RUS,Russia,Pskov,2.258434805,0.0,0.65,0.49,4291.0,,,,,,,,,,,,,,,,,,,,,,,,,34.90611215803344,45.1686961,0.0,,25.938,0.33,19.625,0.25,1.0,0.013,0.062,0.001,0.19625,0.25,0.015,0.0195,0.00155,0.0025,0.4848,0.0,0.0,438.890625,5.584268652295268,0.0,0.0,15.361171875,19.54494028303344,34.90611215803344,241308,,,0.3257788290641703,Information
242967,4293.0,10373.02621,RUS,Russia,Pskov,1.682652617,0.0,0.65,0.49,4293.0,,,,,,,,,,,,,,,,,,,,,,,,,25.17222635369167,33.65305234,0.0,,47.5,0.458,41.5,0.4,0.375,0.004,0.0,0.0,0.415,0.4,0.005625,0.006,0.0,0.0,0.8266249999999999,0.0,0.0,366.1875,3.5301896724833344,0.0,0.0,12.8165625,12.35566385369167,25.17222635369167,96180,,,0.1662335560383581,Information
242968,4294.0,3959.175167,RUS,Russia,Pskov,1.799607711,0.0,0.65,0.49,4294.0,,,,,,,,,,,,,,,,,,,,,,,,,21.86533648808944,35.99215422,0.0,,48.375,1.222,18.0,0.455,0.812,0.021,0.062,0.002,0.18,0.455,0.01218,0.0315,0.00155,0.005,0.68523,0.0,0.0,177.1875,4.475363996596981,0.0,0.0,6.2015625,15.663773988089432,21.86533648808944,17395,,,0.1413882394375856,Information
242969,4295.0,6398.178868,RUS,Russia,Pskov,1.525714083,0.0,0.65,0.49,4295.0,,,,,,,,,,,,,,,,,,,,,,,,,54.04049073725763,30.51428166,0.0,,128.062,2.002,76.875,1.202,0.438,0.007,0.0,0.0,0.76875,1.202,0.00657,0.0105,0.0,0.0,1.98782,0.0,0.0,602.4375,9.415765210645036,0.0,0.0,21.0853125,32.95517823725763,54.04049073725763,46219,,,0.400757209123526,Advisory
243210,4300.0,9293.028328,RUS,Russia,Leningrad,2.270099979,0.0,0.65,0.49,4300.0,4300.0,0.0,1.0,-9999.0,-9999.0,-9999.0,0.0,10.0,-999.9,-999.9,-999.9,-5979.4,0.0,0.0,0.0,0.0,0.0,0.0,0.0,0.0,0.0,0.0,0.0,-5979.4,20.32396806821617,45.40199958,0.0,,,,,,,,,,,,,,,,,0.0,0.0,279.703125,3.009816769490336,0.0,0.0,9.789609375,10.534358693216175,20.32396806821617,3866886,,,0.1615282410615209,Information
243222,4302.0,8605.450795,RUS,Russia,Karelia,3.005246627,0.0,0.65,0.49,4302.0,,,,,,,,,,,,,,,,,,,,,,,,,9.289907610606852,60.10493254,0.0,,60.125,0.699,28.875,0.336,0.0,0.0,0.0,0.0,0.28875,0.336,0.0,0.0,0.0,0.0,0.62475,0.0,0.0,122.765625,1.426603067316244,0.0,0.0,4.296796875,4.993110735606854,9.289907610606852,29004,,,0.0725134706096803,Information
243225,4305.0,6851.933278,RUS,Russia,Leningrad,3.045769197,0.0,0.65,0.49,4305.0,4305.0,0.0,14.0,-9999.0,-9999.0,-9999.0,0.0,1.0,-999.9,-999.9,-999.9,-5997.4,0.0,0.0,0.0,0.0,0.0,0.0,0.0,0.0,0.0,0.0,0.0,-5997.4,36.82361279051624,60.91538394,0.0,,,,,,,,,,,,,,,,,0.0,0.0,427.78125,6.24321972586178,0.0,0.0,14.97234375,21.851269040516232,36.82361279051624,187054,,,0.4762412320678691,Advisory
243230,4310.0,7799.757012,RUS,Russia,Karelia,2.184759918,0.0,0.65,0.49,4310.0,,,,,,,,,,,,,,,,,,,,,,,,,7.55924888506553,43.695198360000006,0.0,,4.5,0.058,2.875,0.037,0.938,0.012,0.125,0.002,0.02875,0.037,0.01407,0.018,0.003125,0.005,0.105945,0.0,0.0,94.640625,1.2133791457330088,0.0,0.0,3.312421875,4.24682701006553,7.55924888506553,4296,,,0.0223212214833806,Information
243241,4311.0,9074.958935,RUS,Russia,Karelia,2.853818177,0.0,0.65,0.49,4311.0,,,,,,,,,,,,,,,,,,,,,,,,,15.61128897119427,57.07636354,0.0,,12.5,0.138,5.75,0.063,0.438,0.005,0.0,0.0,0.0575,0.063,0.00657,0.0075,0.0,0.0,0.13457,0.0,0.0,212.203125,2.3383370274840773,0.0,0.0,7.427109375,8.184179596194271,15.61128897119427,23008,,,0.1559057323420745,Information
243244,4314.0,5493.272813,RUS,Russia,Leningrad,3.479879191,0.0,0.65,0.49,4314.0,,,,,,,,,,,,,,,,,,,,,,,,,13.86781592069388,69.59758382000001,0.0,,17.938,0.327,6.125,0.112,12.125,0.221,0.0,0.0,0.06125,0.112,0.181875,0.3315,0.0,0.0,0.686625,0.0,0.0,140.484375,2.557389370198251,0.0,0.0,4.916953125,8.950862795693878,13.86781592069388,7874,,,0.2162410522294862,Information
243245,4315.0,14062.77663,RUS,Russia,Leningrad,3.354913139,0.0,0.65,0.49,4315.0,4315.0,0.0,10.0,-9999.0,-9999.0,-9999.0,0.0,1.0,-999.9,-999.9,-999.9,-5997.4,0.0,0.0,0.0,0.0,0.0,0.0,0.0,0.0,0.0,0.0,0.0,-5997.4,27.33718276872152,67.09826278,0.0,,22.188,0.158,12.938,0.092,4.875,0.035,0.562,0.004,0.12938,0.092,0.073125,0.0525,0.01405,0.01,0.371055,0.0,0.0,456.46875,3.245936148206149,0.0,0.0,15.97640625,11.360776518721522,27.33718276872152,67629,,,0.4265056227466381,Advisory
243246,4316.0,5676.199465,RUS,Russia,Vologda,3.521325472,0.0,0.65,0.49,4316.0,,,,,,,,,,,,,,,,,,,,,,,,,16.257167931913877,70.42650944,0.0,,11.0,0.194,10.062,0.177,3.188,0.056,1.812,0.032,0.1006199999999999,0.177,0.04782,0.084,0.0453,0.08,0.53474,0.0,0.0,168.1875,2.963030123403965,0.0,0.0,5.8865625,10.370605431913878,16.257167931913877,16864,,,0.2748050596269432,Information
243247,4317.0,896.4964555,RUS,Russia,Karelia,3.537202639,0.0,0.65,0.49,4317.0,,,,,,,,,,,,,,,,,,,,,,,,,8.19576414728116,70.74405278,0.0,,0.75,0.084,0.5,0.056,0.25,0.028,0.438,0.049,0.005,0.056,0.00375,0.042,0.01095,0.1225,0.2402,0.0,0.0,19.265625,2.1489906492231885,0.0,0.0,0.674296875,7.52146727228116,8.19576414728116,8,,,0.1016039008665569,Information
243248,4318.0,8186.930747,RUS,Russia,Karelia,3.305115003,0.0,0.65,0.49,4318.0,,,,,,,,,,,,,,,,,,,,,,,,,29.236829770562046,66.10230006,0.0,,18.25,0.223,10.062,0.123,1.75,0.021,1.875,0.023,0.1006199999999999,0.123,0.02625,0.0315,0.046875,0.0574999999999999,0.385745,0.0,0.0,376.03125,4.593067434446299,0.0,0.0,13.16109375,16.075736020562047,29.236829770562046,15804,,,0.4412037587511219,Advisory
243249,4319.0,35000.58338,RUS,Russia,Karelia,2.692113487,0.0,0.65,0.49,4319.0,,,,,,,,,,,,,,,,,,,,,,,,,59.62724576510813,53.84226974,0.0,3.0,256.625,0.733,115.125,0.329,3.375,0.01,3.125,0.009,1.15125,0.329,0.050625,0.015,0.078125,0.0225,1.6465,0.0,0.0,2462.765625,7.036355932888036,0.0,0.0,35.0,24.627245765108125,59.62724576510813,334491,4834.0,1.4451808867802123,0.6010431762597007,Watch
243288,4330.0,2442.040039,RUS,Russia,Pskov,1.920218922,0.0,0.65,0.49,4330.0,,,,,,,,,,,,,,,,,,,,,,,,,21.239916467966413,38.40437844,0.0,,1.875,0.077,1.875,0.077,0.812,0.033,0.0,0.0,0.01875,0.077,0.01218,0.0495,0.0,0.0,0.15743,0.0,0.0,119.109375,4.8774538122761175,0.0,0.0,4.168828125,17.071088342966412,21.239916467966413,8951,,,0.1435039253388703,Information
243289,4331.0,5516.152146,RUS,Russia,Pskov,3.062620266,0.0,0.65,0.49,4331.0,,,,,,,,,,,,,,,,,,,,,,,,,39.67843725550442,61.25240532,0.0,,7.312,0.133,5.0,0.091,0.688,0.012,0.0,0.0,0.05,0.091,0.01032,0.018,0.0,0.0,0.16932,0.0,0.0,403.03125,7.306383858715549,0.0,0.0,14.10609375,25.57234350550442,39.67843725550442,130501,,,0.5094696878599092,Advisory
252400,4452.0,26461.82502,RUS,Russia,Murmansk,1.727461835,0.0,0.65,0.49,4452.0,4452.0,1.0,5.0,45.0,-9999.0,-9999.0,3.0,6.0,4.5,-999.9,-999.9,-3972.6,0.0,0.0,0.0,0.0,0.0,0.0,0.0,0.0,0.0,0.0,0.0,-3972.6,68.01111599251806,34.5492367,0.0,3.0,,,,,,,,,,,,,,,,0.0,0.0,2495.8125,9.431747426433732,0.0,0.0,35.0,33.011115992518064,68.01111599251806,230885,6782.0,2.9373930744743055,0.515304859056988,Watch
252520,4461.0,14278.22844,RUS,Russia,Murmansk,1.63898706,0.0,0.65,0.49,4461.0,4461.0,0.0,1.0,-9999.0,-9999.0,-9999.0,0.0,10.0,-999.9,-999.9,-999.9,-5979.4,0.0,0.0,0.0,0.0,0.0,0.0,0.0,0.0,0.0,0.0,0.0,-5979.4,38.0621839057516,32.779741200000004,0.0,,,,,,,,,,,,,,,,,0.0,0.0,639.5625,4.479284687357599,0.0,0.0,22.3846875,15.677496405751596,38.0621839057516,888,,,0.284761740843907,Advisory
252530,4462.0,12550.46895,RUS,Russia,Murmansk,3.59623432,2.094602795,0.65,0.49,4462.0,,,,,,,,,,,,,,,,,,,,,,,,,60.63131854342595,71.9246864,41.8920559,3.0,22.188,0.177,21.5,0.171,6.812,0.054,10.688,0.085,0.215,0.171,0.1021799999999999,0.081,0.2672,0.2125,1.04888,0.0,0.0,964.125,7.681983869550272,0.0,0.0,33.744375,26.88694354342595,60.63131854342595,239,79.0,33.054393305439326,0.7793265912837272,Watch
252550,4464.0,11912.30757,RUS,Russia,Murmansk,3.102158264,1.318401797,0.65,0.49,4464.0,,,,,,,,,,,,,,,,,,,,,,,,,36.133041904620704,62.04316528,26.36803594,,2.438,0.02,1.875,0.016,1.062,0.009,1.312,0.011,0.01875,0.016,0.01593,0.0134999999999999,0.0328,0.0274999999999999,0.12448,0.0,0.0,561.234375,4.711382508463059,0.0,0.0,19.643203125,16.489838779620705,36.133041904620704,15882,,,0.4803632798268799,Advisory
252580,4467.0,10367.02407,RUS,Russia,Murmansk,3.013988337,0.0,0.65,0.49,4467.0,4467.0,0.0,1.0,-9999.0,-9999.0,-9999.0,0.0,10.0,-999.9,-999.9,-999.9,-5979.4,0.0,0.0,0.0,0.0,0.0,0.0,0.0,0.0,0.0,0.0,0.0,-5979.4,20.89579103134081,60.27976674,0.0,,16.0,0.154,6.0,0.058,0.0,0.0,0.0,0.0,0.06,0.058,0.0,0.0,0.0,0.0,0.118,0.0,0.0,303.890625,2.931319758954517,0.0,0.0,10.636171875,10.25961915634081,20.89579103134081,4483,,,0.2603350008374679,Information
252590,4468.0,13967.33237,RUS,Russia,Karelia,2.613131899,1.510511814,0.65,0.49,4468.0,,,,,,,,,,,,,,,,,,,,,,,,,65.44604286012904,52.26263798,30.21023628,3.0,147.062,1.053,82.875,0.593,0.562,0.004,0.188,0.001,0.82875,0.593,0.00843,0.006,0.0046999999999999,0.0025,1.4433799999999997,0.0,0.0,1215.0,8.698869388608298,0.0,0.0,35.0,30.44604286012904,65.44604286012904,12209,278.0,2.2770087640265375,0.623813403268101,Watch
252601,4469.0,480.9527699,RUS,Russia,Karelia,4.023506413,0.0,0.65,0.49,4469.0,,,,,,,,,,,,,,,,,,,,,,,,,36.993359375,80.47012826,0.0,3.0,3.5,0.728,1.062,0.221,0.062,0.013,0.125,0.026,0.01062,0.221,0.0009299999999999,0.0195,0.003125,0.065,0.320175,0.0,0.0,56.953125,11.841729285732375,0.0,0.0,1.993359375,35.0,36.993359375,6664,162.0,2.430972388955582,0.7385212776067217,Watch
252603,4471.0,1128.860366,RUS,Russia,Karelia,3.084897121,0.0,0.65,0.49,4471.0,,,,,,,,,,,,,,,,,,,,,,,,,29.40449139210014,61.69794242,0.0,,8.125,0.72,1.812,0.161,0.0,0.0,0.0,0.0,0.01812,0.161,0.0,0.0,0.0,0.0,0.17912,0.0,0.0,85.21875,7.549095754885755,0.0,0.0,2.98265625,26.421835142100143,29.40449139210014,306,,,0.3957527345751608,Advisory
252604,4472.0,21218.15183,RUS,Russia,Karelia,1.167225413,0.0,0.65,0.49,4472.0,4472.0,0.0,11.0,-9999.0,-9999.0,-9999.0,0.0,1.0,-999.9,-999.9,-999.9,-5997.4,0.0,0.0,0.0,0.0,0.0,0.0,0.0,0.0,0.0,0.0,0.0,-5997.4,49.06135234674486,23.34450826,0.0,,46.438,0.219,27.688,0.13,0.812,0.004,0.0,0.0,0.27688,0.13,0.01218,0.006,0.0,0.0,0.42506,0.0,0.0,952.734375,4.490185491927103,0.0,0.0,33.345703125,15.71564922174486,49.06135234674486,40854,,,0.327708462398538,Advisory
252605,4473.0,4772.59836,RUS,Russia,Karelia,3.013720423,0.0,0.65,0.49,4473.0,,,,,,,,,,,,,,,,,,,,,,,,,42.50468340942444,60.27440846,0.0,,14.312,0.3,11.312,0.237,0.0,0.0,0.0,0.0,0.11312,0.237,0.0,0.0,0.0,0.0,0.35012,0.0,0.0,392.34375,8.220757759835553,0.0,0.0,13.73203125,28.77265215942444,42.50468340942444,1006,,,0.5269554013754703,Advisory
252606,4474.0,2645.041716,RUS,Russia,Karelia,0.654464703,0.0,0.65,0.49,4474.0,,,,,,,,,,,,,,,,,,,,,,,,,30.565216154375573,13.08929406,0.0,,6.125,0.232,2.938,0.111,0.0,0.0,0.0,0.0,0.02938,0.111,0.0,0.0,0.0,0.0,0.14038,0.0,0.0,182.671875,6.906200151250164,0.0,0.0,6.393515625,24.17170052937557,30.565216154375573,12036,,,0.148007189393849,Information
252607,4475.0,3626.111292,RUS,Russia,Karelia,3.111869305,0.0,0.65,0.49,4475.0,,,,,,,,,,,,,,,,,,,,,,,,,20.030410001926505,62.2373861,0.0,,14.5,0.4,4.438,0.122,0.0,0.0,0.0,0.0,0.0443799999999999,0.122,0.0,0.0,0.0,0.0,0.16638,0.0,0.0,152.296875,4.200005536264715,0.0,0.0,5.330390625,14.700019376926504,20.030410001926505,44,,,0.2630182409072403,Information
252700,4478.0,1651.659996,RUS,Russia,Karelia,4.010863353,2.354290328,0.65,0.49,4478.0,4478.0,0.0,12.0,-9999.0,-9999.0,-9999.0,0.0,1.0,-999.9,-999.9,-999.9,-5997.4,0.0,0.0,0.0,0.0,0.0,0.0,0.0,0.0,0.0,0.0,0.0,-5997.4,21.735621668627275,80.21726706000001,47.08580656,,,,,,,,,,,,,,,,,0.0,0.0,88.03125,5.329865119607793,0.0,0.0,3.08109375,18.65452791862728,21.735621668627275,8507,,,0.5375022116537237,Advisory
252803,4481.0,1289.787005,RUS,Russia,Karelia,0.361102053,0.0,0.65,0.49,4481.0,,,,,,,,,,,,,,,,,,,,,,,,,34.37963192070408,7.22204106,0.0,,2.562,0.199,0.938,0.073,1.375,0.107,0.0,0.0,0.00938,0.073,0.020625,0.1605,0.0,0.0,0.263505,0.0,0.0,112.21875,8.700564477344022,0.0,0.0,3.92765625,30.45197567070408,34.37963192070408,6471,,,0.1604171667187471,Information
252804,4482.0,13455.92286,RUS,Russia,Karelia,2.912593192,0.0,0.65,0.49,4482.0,,,,,,,,,,,,,,,,,,,,,,,,,60.35784390428583,58.25186384,0.0,3.0,101.312,0.753,48.062,0.357,1.938,0.014,0.375,0.003,0.48062,0.357,0.02907,0.021,0.009375,0.0075,0.904565,0.0,0.0,989.296875,7.352129508367379,0.0,0.0,34.625390625,25.732453279285828,60.35784390428583,29996,1067.0,3.5571409521269506,0.6438005100241946,Watch
252805,4483.0,2321.635082,RUS,Russia,Karelia,1.558974793,0.0,0.65,0.49,4483.0,,,,,,,,,,,,,,,,,,,,,,,,,32.574024460688484,31.17949586,0.0,,3.25,0.14,2.0,0.086,2.062,0.089,0.125,0.005,0.02,0.086,0.03093,0.1335,0.003125,0.0125,0.286055,0.0,0.0,175.359375,7.553270381625282,0.0,0.0,6.137578125,26.436446335688487,32.574024460688484,1185,,,0.2272341349354323,Information
252806,4484.0,2050.630173,RUS,Russia,Karelia,2.185032957,0.0,0.65,0.49,4484.0,,,,,,,,,,,,,,,,,,,,,,,,,32.1052439129229,43.700659140000006,0.0,,7.75,0.378,4.188,0.204,0.25,0.012,0.125,0.006,0.04188,0.204,0.00375,0.018,0.003125,0.015,0.285755,0.0,0.0,156.09375,7.611989332263687,0.0,0.0,5.46328125,26.641962662922904,32.1052439129229,484,,,0.2871726710305287,Information
252809,4487.0,7073.035029,RUS,Russia,Arkhangel'sk,2.626128485,0.0,0.65,0.49,4487.0,,,,,,,,,,,,,,,,,,,,,,,,,25.95893933913966,52.522569700000005,0.0,,8.625,0.122,5.562,0.079,3.062,0.043,3.5,0.049,0.05562,0.079,0.04593,0.0645,0.0875,0.1225,0.45505,0.0,0.0,307.265625,4.34418356118276,0.0,0.0,10.754296875,15.20464246413966,25.95893933913966,2243,,,0.2730087855173642,Information
252900,4488.0,10110.52024,RUS,Russia,Karelia,3.191826141,3.027065039,0.65,0.49,4488.0,,,,,,,,,,,,,,,,,,,,,,,,,37.426970978895525,63.83652282,60.54130078,,10.875,0.108,3.5,0.035,1.375,0.014,2.188,0.022,0.035,0.035,0.020625,0.021,0.0547,0.0549999999999999,0.221325,0.0,0.0,537.609375,5.317326529684437,0.0,0.0,18.816328125,18.61064285389553,37.426970978895525,7956,,,0.5136977441351069,Advisory
261201,4498.0,6440.475628,RUS,Russia,Arkhangel'sk,2.093938159,0.0,0.65,0.49,4498.0,4498.0,0.0,15.0,-9999.0,-9999.0,-9999.0,0.0,1.0,-999.9,-999.9,-999.9,-5997.4,0.0,0.0,0.0,0.0,0.0,0.0,0.0,0.0,0.0,0.0,0.0,-5997.4,24.24846911475229,41.87876318,0.0,,1.375,0.021,0.75,0.012,0.0,0.0,1.812,0.028,0.0075,0.012,0.0,0.0,0.0453,0.07,0.1348,0.0,0.0,271.40625,4.214071532786368,0.0,0.0,9.49921875,14.749250364752289,24.24846911475229,23455,,,0.1910107624408337,Information
261202,4499.0,6003.173291,RUS,Russia,Arkhangel'sk,3.146606209,0.0,0.65,0.49,4499.0,,,,,,,,,,,,,,,,,,,,,,,,,18.775669911925505,62.93212418,0.0,,5.062,0.084,2.0,0.033,0.375,0.006,1.062,0.018,0.02,0.033,0.005625,0.009,0.02655,0.045,0.139175,0.0,0.0,201.234375,3.352133367693002,0.0,0.0,7.043203125,11.732466786925508,18.775669911925505,134,,,0.2481924502853446,Information
261204,4501.0,10047.96506,RUS,Russia,Arkhangel'sk,3.127577993,0.0,0.65,0.49,4501.0,,,,,,,,,,,,,,,,,,,,,,,,,9.319421894216513,62.55155986,0.0,,6.125,0.061,4.688,0.047,1.75,0.017,3.5,0.035,0.04688,0.047,0.02625,0.0255,0.0875,0.0875,0.3206299999999999,0.0,0.0,133.453125,1.3281607197761465,0.0,0.0,4.670859375,4.6485625192165125,9.319421894216513,4643,,,0.0821332660106379,Information
261206,4503.0,10134.50039,RUS,Russia,Arkhangel'sk,3.077943105,0.0,0.65,0.49,4503.0,,,,,,,,,,,,,,,,,,,,,,,,,27.565391799359784,61.5588621,0.0,,13.75,0.136,7.938,0.078,2.312,0.023,3.875,0.038,0.0793799999999999,0.078,0.03468,0.0345,0.096875,0.095,0.418435,0.0,0.0,396.421875,3.9116074783885098,0.0,0.0,13.874765625,13.690626174359783,27.565391799359784,3638,,,0.3697305331256128,Advisory
261208,4505.0,7518.43487,RUS,Russia,Arkhangel'sk,1.014182648,0.0,0.65,0.49,4505.0,,,,,,,,,,,,,,,,,,,,,,,,,4.105645686366185,20.28365296,0.0,,4.438,0.059,3.5,0.047,0.625,0.008,0.375,0.005,0.035,0.047,0.009375,0.012,0.009375,0.0125,0.12525,0.0,0.0,50.34375,0.669604124676053,0.0,0.0,1.76203125,2.343614436366185,4.105645686366185,41838,,,0.0015079549102476,Information
261209,4506.0,14106.13819,RUS,Russia,Arkhangel'sk,2.6105375,0.0,0.65,0.49,4506.0,,,,,,,,,,,,,,,,,,,,,,,,,20.935097324623904,52.21075,0.0,,17.0,0.121,15.438,0.109,7.438,0.053,8.0,0.057,0.15438,0.109,0.11157,0.0795,0.2,0.1425,0.79695,0.0,0.0,350.015625,2.4813001284639733,0.0,0.0,12.250546875,8.684550449623906,20.935097324623904,27794,,,0.2045797391547357,Information
261300,4507.0,12817.27456,RUS,Russia,Arkhangel'sk,1.935723582,1.592856693,0.65,0.49,4507.0,,,,,,,,,,,,,,,,,,,,,,,,,57.81982714225611,38.71447164,31.85713386,,15.438,0.12,7.75,0.06,1.0,0.008,14.438,0.113,0.0775,0.06,0.015,0.012,0.36095,0.2825,0.80795,0.0,0.0,927.984375,7.2401068620731746,0.0,0.0,32.479453125,25.34037401725611,57.81982714225611,192546,,,0.4767898854922821,Advisory
261410,4508.0,4914.726157,RUS,Russia,Arkhangel'sk,2.857857254,0.0,0.65,0.49,4508.0,4508.0,0.0,1.0,-9999.0,-9999.0,-9999.0,0.0,10.0,-999.9,-999.9,-999.9,-5979.4,0.0,0.0,0.0,0.0,0.0,0.0,0.0,0.0,0.0,0.0,0.0,-5979.4,50.51497501193975,57.15714507999999,0.0,,16.0,0.326,8.625,0.175,1.312,0.027,9.875,0.201,0.08625,0.175,0.01968,0.0405,0.246875,0.5025000000000001,1.070805,0.0,0.0,475.59375,9.676912503411357,0.0,0.0,16.64578125,33.86919376193975,50.51497501193975,213945,,,0.5654221194141215,Advisory
261421,4509.0,6892.797919,RUS,Russia,Arkhangel'sk,3.085609997,0.0,0.65,0.49,4509.0,4509.0,0.0,15.0,-9999.0,-9999.0,-9999.0,0.0,1.0,-999.9,-999.9,-999.9,-5997.4,0.0,0.0,0.0,0.0,0.0,0.0,0.0,0.0,0.0,0.0,0.0,-5997.4,20.44590426861512,61.712199940000005,0.0,,78.688,1.142,5.125,0.074,1.125,0.016,10.812,0.157,0.05125,0.074,0.016875,0.024,0.2703,0.3925,0.8289249999999999,0.0,0.0,238.359375,3.458093183890033,0.0,0.0,8.342578125,12.103326143615115,20.44590426861512,8340,,,0.2652153346785665,Information
261423,4511.0,948.4463847,RUS,Russia,Arkhangel'sk,3.704931261,0.0,0.65,0.49,4511.0,,,,,,,,,,,,,,,,,,,,,,,,,26.41941781808281,74.09862522,0.0,,9.812,1.035,0.312,0.033,0.438,0.046,2.625,0.277,0.00312,0.033,0.00657,0.069,0.065625,0.6925000000000001,0.8698150000000001,0.0,0.0,65.390625,6.894498840880803,0.0,0.0,2.288671875,24.13074594308281,26.41941781808281,4466,,,0.5078998236428515,Advisory
261425,4513.0,1404.145085,RUS,Russia,Arkhangel'sk,1.869973873,0.0,0.65,0.49,4513.0,,,,,,,,,,,,,,,,,,,,,,,,,9.833688264393816,37.39947746,0.0,,4.5,0.32,1.625,0.116,0.0,0.0,1.0,0.071,0.01625,0.116,0.0,0.0,0.025,0.1775,0.33475,0.0,0.0,34.59375,2.463687718398233,0.0,0.0,1.21078125,8.622907014393816,9.833688264393816,5964,,,0.0320876858179892,Information
261427,4515.0,10173.38758,RUS,Russia,Arkhangel'sk,2.462076735,0.0,0.65,0.49,4515.0,,,,,,,,,,,,,,,,,,,,,,,,,5.611922522776029,49.2415347,0.0,,4.5,0.044,1.688,0.017,0.562,0.006,1.375,0.014,0.01688,0.017,0.00843,0.009,0.034375,0.035,0.120685,0.0,0.0,80.859375,0.7948126850788655,0.0,0.0,2.830078125,2.781844397776029,5.611922522776029,5017,,,0.0138261197753315,Information
261430,4518.0,27291.36515,RUS,Russia,Arkhangel'sk,2.508162394,0.0,0.65,0.49,4518.0,,,,,,,,,,,,,,,,,,,,,,,,,44.13834104425243,50.16324788,0.0,,51.25,0.188,43.312,0.159,21.375,0.078,35.062,0.128,0.4331199999999999,0.159,0.320625,0.1169999999999999,0.87655,0.32,2.226295,0.0,0.0,922.921875,3.381735834072122,0.0,0.0,32.302265625,11.836075419252428,44.13834104425243,30278,,,0.4516776476744326,Advisory
261441,4519.0,1552.095945,RUS,Russia,Arkhangel'sk,3.311325041,0.0,0.65,0.49,4519.0,,,,,,,,,,,,,,,,,,,,,,,,,17.73038493326666,66.22650082,0.0,,2.562,0.165,2.562,0.165,0.938,0.06,2.062,0.133,0.0256199999999999,0.165,0.01407,0.09,0.0515499999999999,0.3325,0.67874,0.0,0.0,68.0625,4.385199266647617,0.0,0.0,2.3821875,15.34819743326666,17.73038493326666,2584,,,0.2596591390710174,Information
261442,4520.0,2593.272168,RUS,Russia,Arkhangel'sk,2.610894734,0.0,0.65,0.49,4520.0,,,,,,,,,,,,,,,,,,,,,,,,,2.533535158642377,52.21789468,0.0,,1.375,0.053,1.375,0.053,0.062,0.002,0.625,0.024,0.01375,0.053,0.0009299999999999,0.003,0.015625,0.06,0.146305,0.0,0.0,14.90625,0.5748046881835364,0.0,0.0,0.52171875,2.0118164086423773,2.533535158642377,1004,,,0.001656830414277,Information
261443,4521.0,4213.331087,RUS,Russia,Arkhangel'sk,2.892605944,0.0,0.65,0.49,4521.0,,,,,,,,,,,,,,,,,,,,,,,,,4.018058271641059,57.85211888,0.0,,3.312,0.079,3.312,0.079,0.062,0.001,1.625,0.039,0.03312,0.079,0.0009299999999999,0.0015,0.040625,0.0975,0.252675,0.0,0.0,34.03125,0.8077041490403025,0.0,0.0,1.19109375,2.8269645216410586,4.018058271641059,10571,,,0.0093769846788125,Information
261445,4523.0,420.4480595,RUS,Russia,Arkhangel'sk,3.080093822,0.0,0.65,0.49,4523.0,,,,,,,,,,,,,,,,,,,,,,,,,10.856619754655348,61.60187644,0.0,,0.625,0.149,0.625,0.149,0.188,0.045,0.188,0.045,0.00625,0.149,0.00282,0.0675,0.0046999999999999,0.1124999999999999,0.34277,0.0,0.0,12.515625,2.976735108472957,0.0,0.0,0.438046875,10.418572879655349,10.856619754655348,945,,,0.1032526235222281,Information
261448,4526.0,2273.25816,RUS,Russia,Arkhangel'sk,3.090026243,0.0,0.65,0.49,4526.0,,,,,,,,,,,,,,,,,,,,,,,,,0.9034842945159064,61.80052486,0.0,,20.75,0.913,9.625,0.423,0.0,0.0,0.0,0.0,0.09625,0.423,0.0,0.0,0.0,0.0,0.51925,0.0,0.0,4.78125,0.2103258698616875,0.0,0.0,0.16734375,0.7361405445159063,0.9034842945159064,2904,,,9.044210150792846e-05,Information
261449,4527.0,3271.102692,RUS,Russia,Arkhangel'sk,1.096639339,0.0,0.65,0.49,4527.0,,,,,,,,,,,,,,,,,,,,,,,,,1.12125,21.93278678,0.0,,82.062,2.509,27.625,0.845,0.0,0.0,0.0,0.0,0.27625,0.845,0.0,0.0,0.0,0.0,1.12125,0.0,0.0,4.78125,0.1461663068921739,0.0,0.0,0.16734375,0.5115820741226086,0.6789258241226086,3060,,,1.1021378050049765e-05,Information
261450,4528.0,24418.5559,RUS,Russia,Arkhangel'sk,2.223305109,0.0,0.65,0.49,4528.0,,,,,,,,,,,,,,,,,,,,,,,,,47.32765245368883,44.46610218,0.0,,46.688,0.191,34.938,0.143,14.562,0.06,23.875,0.098,0.34938,0.143,0.21843,0.09,0.596875,0.245,1.6426850000000002,0.0,0.0,959.34375,3.928748915339666,0.0,0.0,33.57703125,13.75062120368883,47.32765245368883,34605,,,0.4364803722163644,Advisory
261461,4529.0,2359.115698,RUS,Russia,Vologda,2.390941281,0.0,0.65,0.49,4529.0,,,,,,,,,,,,,,,,,,,,,,,,,17.147088228937367,47.81882562,0.0,,2.688,0.114,2.312,0.098,0.062,0.003,0.375,0.016,0.0231199999999999,0.098,0.0009299999999999,0.0045,0.009375,0.04,0.175925,0.0,0.0,93.515625,3.964011815410676,0.0,0.0,3.273046875,13.874041353937368,17.147088228937367,52537,,,0.1328771055183653,Information
261462,4530.0,36285.70488,RUS,Russia,Kirov,2.569255134,0.0,0.65,0.49,4530.0,,,,,,,,,,,,,,,,,,,,,,,,,6.0397222869160085,51.38510268,0.0,,504.812,1.391,263.562,0.726,0.812,0.002,0.062,0.0,2.6356200000000003,0.726,0.01218,0.003,0.00155,0.0,3.37835,0.0,0.0,135.28125,0.3728224391188597,0.0,0.0,4.73484375,1.304878536916009,6.0397222869160085,98128,,,0.0185087057860393,Information
261463,4531.0,25548.1829,RUS,Russia,Vologda,2.606086195,0.0,0.65,0.49,4531.0,,,,,,,,,,,,,,,,,,,,,,,,,18.983714556639782,52.1217239,0.0,,41.0,0.16,30.875,0.121,0.0,0.0,0.0,0.0,0.30875,0.121,0.0,0.0,0.0,0.0,0.42975,0.0,0.0,389.8125,1.525793444754225,0.0,0.0,13.6434375,5.340277056639788,18.983714556639782,82336,,,0.1774620457262862,Information
261467,4535.0,1312.424298,RUS,Russia,Vologda,3.1739773,0.0,0.65,0.49,4535.0,4535.0,0.0,1.0,-9999.0,-9999.0,-9999.0,0.0,10.0,-999.9,-999.9,-999.9,-5979.4,0.0,0.0,0.0,0.0,0.0,0.0,0.0,0.0,0.0,0.0,0.0,-5979.4,41.619921875,63.479546,0.0,,,,,,,,,,,,,,,,,0.0,0.0,189.140625,14.411545510389242,0.0,0.0,6.619921875,35.0,41.619921875,37519,,,0.5519962377569361,Advisory
261468,4536.0,3642.205725,RUS,Russia,Vologda,2.869409689,0.0,0.65,0.49,4536.0,,,,,,,,,,,,,,,,,,,,,,,,,41.3319894472533,57.38819378,0.0,,3.438,0.094,3.062,0.084,0.812,0.022,1.312,0.036,0.0306199999999999,0.084,0.01218,0.033,0.0328,0.09,0.2825999999999999,0.0,0.0,315.28125,8.656327342072371,0.0,0.0,11.03484375,30.2971456972533,41.3319894472533,14169,,,0.4878363027062252,Advisory
261470,4538.0,24025.04801,RUS,Russia,Arkhangel'sk,1.652719409,0.0,0.65,0.49,4538.0,,,,,,,,,,,,,,,,,,,,,,,,,27.63113394114144,33.05438818,0.0,,169.062,0.704,71.625,0.298,9.562,0.04,10.312,0.043,0.71625,0.298,0.14343,0.06,0.2578,0.1074999999999999,1.58298,0.0,0.0,557.4375,2.3202346974689823,0.0,0.0,19.5103125,8.120821441141437,27.63113394114144,129884,,,0.1880952117258467,Information
261480,4539.0,27079.09261,RUS,Russia,Komi,2.800957624,0.0,0.65,0.49,4539.0,4539.0,0.0,15.0,-9999.0,-9999.0,-9999.0,0.0,1.0,-999.9,-999.9,-999.9,-5997.4,0.0,0.0,0.0,0.0,0.0,0.0,0.0,0.0,0.0,0.0,0.0,-5997.4,10.554005778981889,56.01915248,0.0,,10.438,0.039,2.312,0.009,0.875,0.003,4.625,0.017,0.0231199999999999,0.009,0.013125,0.0045,0.115625,0.0425,0.20787,0.0,0.0,220.21875,0.8132427225662542,0.0,0.0,7.70765625,2.8463495289818894,10.554005778981889,22986,,,0.0767541003034171,Information
261491,4540.0,4673.059581,RUS,Russia,Komi,1.675619527,0.0,0.65,0.49,4540.0,,,,,,,,,,,,,,,,,,,,,,,,,19.88971176369212,33.51239054,0.0,,1.438,0.031,0.562,0.012,0.938,0.02,1.625,0.035,0.00562,0.012,0.01407,0.03,0.040625,0.0875,0.189815,0.0,0.0,180.984375,3.87293103962632,0.0,0.0,6.334453125,13.55525863869212,19.88971176369212,96858,,,0.1137520832182904,Information
261497,4546.0,4328.355097,RUS,Russia,Komi,2.725734038,0.0,0.65,0.49,4546.0,,,,,,,,,,,,,,,,,,,,,,,,,20.38268264231383,54.514680760000005,0.0,,2.562,0.059,1.438,0.033,0.625,0.014,2.188,0.051,0.0143799999999999,0.033,0.009375,0.021,0.0547,0.1275,0.259955,0.0,0.0,175.921875,4.064404862089666,0.0,0.0,6.157265625,14.22541701731383,20.38268264231383,11150,,,0.2110729290085547,Information
261502,4550.0,2138.576896,RUS,Russia,Arkhangel'sk,3.183259759,0.0,0.65,0.49,4550.0,,,,,,,,,,,,,,,,,,,,,,,,,6.481290207698407,63.66519518,0.0,,1.75,0.082,0.0,0.0,0.0,0.0,1.375,0.064,0.0,0.0,0.0,0.0,0.034375,0.16,0.194375,0.0,0.0,32.625,1.5255472021995449,0.0,0.0,1.141875,5.339415207698407,6.481290207698407,632,,,0.0423668763266824,Information
261503,4551.0,6985.52389,RUS,Russia,Arkhangel'sk,3.202978757,2.220432694,0.65,0.49,4551.0,,,,,,,,,,,,,,,,,,,,,,,,,29.26101639813122,64.05957513999999,44.40865388,,2.812,0.04,1.062,0.015,1.062,0.015,15.75,0.225,0.01062,0.015,0.01593,0.0225,0.39375,0.5625,1.0203,0.0,0.0,343.828125,4.922009149466063,0.0,0.0,12.033984375,17.22703202313122,29.26101639813122,82661,,,0.418549122183346,Advisory
261504,4552.0,6142.008917,RUS,Russia,Arkhangel'sk,1.938288518,0.0,0.65,0.49,4552.0,,,,,,,,,,,,,,,,,,,,,,,,,25.004004828993928,38.76577036,0.0,,5.062,0.082,2.25,0.037,1.375,0.022,28.625,0.466,0.0225,0.037,0.020625,0.033,0.715625,1.165,1.99375,0.0,0.0,271.828125,4.425720129712551,0.0,0.0,9.513984375,15.490020453993928,25.004004828993928,0,,,0.1852144290478981,Information
261505,4553.0,1934.585146,RUS,Russia,Arkhangel'sk,3.922351183,2.901617185,0.65,0.49,4553.0,,,,,,,,,,,,,,,,,,,,,,,,,46.38921875,78.44702366,58.0323437,3.0,2.312,0.12,1.125,0.058,1.688,0.087,19.938,1.031,0.01125,0.058,0.02532,0.1305,0.49845,2.5775,3.3010199999999994,0.0,0.0,325.40625,16.820466689637232,0.0,0.0,11.38921875,35.0,46.38921875,127,0.0,0.0,0.778326382421232,Watch
261506,4554.0,2085.733538,RUS,Russia,Arkhangel'sk,1.839837599,0.0,0.65,0.49,4554.0,,,,,,,,,,,,,,,,,,,,,,,,,28.17745174236488,36.79675198,0.0,,4.312,0.207,1.875,0.09,4.812,0.231,17.75,0.851,0.01875,0.09,0.07218,0.3465,0.44375,2.1275,3.09868,0.0,0.0,138.9375,6.661325497818536,0.0,0.0,4.8628125,23.31463924236488,28.17745174236488,0,,,0.2095931847112457,Information
261507,4555.0,903.5944787,RUS,Russia,Arkhangel'sk,2.236433146,3.148102997,0.65,0.49,4555.0,,,,,,,,,,,,,,,,,,,,,,,,,21.67801771020508,44.72866292,62.96205994,,0.25,0.028,0.062,0.007,0.25,0.028,3.188,0.353,0.00062,0.007,0.00375,0.042,0.0797,0.8825,1.01557,0.0,0.0,51.328125,5.680438095772879,0.0,0.0,1.796484375,19.88153333520508,21.67801771020508,83,,,0.2961022872871154,Information
261508,4556.0,12815.44495,RUS,Russia,Arkhangel'sk,1.963467698,1.746245191,0.65,0.49,4556.0,,,,,,,,,,,,,,,,,,,,,,,,,32.10563753218104,39.26935396,34.924903820000004,,80.562,0.629,5.688,0.044,2.0,0.016,33.375,0.26,0.05688,0.044,0.03,0.024,0.834375,0.65,1.639255,0.0,0.0,515.25,4.020539294908869,0.0,0.0,18.03375,14.071887532181044,32.10563753218104,1252,,,0.2619266911717827,Information
261509,4557.0,1178.955224,RUS,Russia,Arkhangel'sk,0.336538516,4.00112237,0.65,0.49,4557.0,,,,,,,,,,,,,,,,,,,,,,,,,22.261420037619224,6.73077032,80.0224474,,0.0,0.0,0.0,0.0,0.375,0.032,1.125,0.095,0.0,0.0,0.005625,0.048,0.028125,0.2375,0.31925,0.0,0.0,67.078125,5.689624475034065,0.0,0.0,2.347734375,19.913685662619223,22.261420037619224,2360,,,0.5430996677071662,Advisory
261601,4558.0,709.747795,RUS,Russia,Arkhangel'sk,1.236893945,3.171432134,0.65,0.49,4558.0,,,,,,,,,,,,,,,,,,,,,,,,,38.194296875,24.7378789,63.42864268,,0.0,0.0,0.0,0.0,0.125,0.018,1.938,0.273,0.0,0.0,0.001875,0.0269999999999999,0.04845,0.6825000000000001,0.7598250000000001,0.0,0.0,91.265625,12.858881090253028,0.0,0.0,3.194296875,35.0,38.194296875,2553,,,0.517316975589713,Advisory
261602,4559.0,16324.33956,RUS,Russia,Arkhangel'sk,3.058622338,0.0,0.65,0.49,4559.0,4559.0,0.0,1.0,-9999.0,-9999.0,-9999.0,0.0,10.0,-999.9,-999.9,-999.9,-5979.4,0.0,0.0,0.0,0.0,0.0,0.0,0.0,0.0,0.0,0.0,0.0,-5979.4,33.71607041069011,61.17244676,0.0,,47.062,0.288,1.312,0.008,26.5,0.162,32.812,0.201,0.01312,0.008,0.3975,0.243,0.8203,0.5025000000000001,1.98442,0.0,0.0,597.375,3.6594129744828887,0.0,0.0,20.908125,12.80794541069011,33.71607041069011,2306,,,0.4438735344562082,Advisory
261603,4560.0,4947.972513,RUS,Russia,Arkhangel'sk,2.481261802,0.0,0.65,0.49,4560.0,4560.0,0.0,15.0,-9999.0,-9999.0,-9999.0,0.0,1.0,-999.9,-999.9,-999.9,-5997.4,0.0,0.0,0.0,0.0,0.0,0.0,0.0,0.0,0.0,0.0,0.0,-5997.4,35.16549516322533,49.62523604,0.0,,9.938,0.201,3.062,0.062,1.938,0.039,14.688,0.297,0.0306199999999999,0.062,0.02907,0.0584999999999999,0.3671999999999999,0.7424999999999999,1.2898899999999998,0.0,0.0,332.578125,6.721503082350094,0.0,0.0,11.640234375,23.525260788225328,35.16549516322533,735,,,0.3596385936810274,Advisory
261604,4561.0,20963.82809,RUS,Russia,Komi,2.381448801,0.0,0.65,0.49,4561.0,,,,,,,,,,,,,,,,,,,,,,,,,10.751840463856478,47.62897602,0.0,,135.688,0.647,2.875,0.014,4.625,0.022,9.875,0.047,0.02875,0.014,0.069375,0.033,0.246875,0.1175,0.5095000000000001,0.0,0.0,207.984375,0.992110668244708,0.0,0.0,7.279453125,3.472387338856478,10.751840463856478,9104,,,0.0566792266578002,Information
261605,4562.0,9989.757269,RUS,Russia,Arkhangel'sk,3.211256514,0.0,0.65,0.49,4562.0,,,,,,,,,,,,,,,,,,,,,,,,,17.98390243329478,64.22513028,0.0,,92.062,0.922,4.875,0.049,28.062,0.281,39.875,0.399,0.04875,0.049,0.42093,0.4215,0.996875,0.9975,2.934555,0.0,0.0,256.78125,2.5704453380842223,0.0,0.0,8.98734375,8.996558683294777,17.98390243329478,2170,,,0.2457992451887823,Information
261606,4563.0,3801.94824,RUS,Russia,Arkhangel'sk,1.851160012,0.0,0.65,0.49,4563.0,,,,,,,,,,,,,,,,,,,,,,,,,0.875509482367981,37.02320024,0.0,,0.938,0.025,0.188,0.005,0.938,0.025,1.312,0.035,0.00188,0.005,0.01407,0.0375,0.0328,0.0875,0.17875,0.0,0.0,6.890625,0.1812393163908517,0.0,0.0,0.241171875,0.634337607367981,0.875509482367981,49,,,9.526211690518564e-06,Information
261607,4564.0,9074.318791,RUS,Russia,Komi,2.300684158,0.0,0.65,0.49,4564.0,,,,,,,,,,,,,,,,,,,,,,,,,11.370073615798873,46.01368316,0.0,,9.25,0.102,3.062,0.034,1.125,0.012,2.562,0.028,0.0306199999999999,0.034,0.016875,0.018,0.06405,0.07,0.233545,0.0,0.0,154.546875,1.7031237116568212,0.0,0.0,5.409140625,5.960932990798874,11.370073615798873,10809,,,0.0596467546315287,Information
261608,4565.0,4526.312444,RUS,Russia,Komi,3.379581304,0.0,0.65,0.49,4565.0,,,,,,,,,,,,,,,,,,,,,,,,,8.877235621860141,67.59162608,0.0,,0.812,0.018,0.438,0.01,0.125,0.003,2.875,0.064,0.00438,0.01,0.001875,0.0045,0.071875,0.16,0.25263,0.0,0.0,79.03125,1.746040534817183,0.0,0.0,2.76609375,6.1111418718601405,8.877235621860141,735,,,0.0976727689327218,Information
261609,4566.0,6586.951586,RUS,Russia,Komi,0.903830671,0.0,0.65,0.49,4566.0,,,,,,,,,,,,,,,,,,,,,,,,,4.375094024844298,18.07661342,0.0,,2.188,0.033,0.25,0.004,3.562,0.054,9.125,0.139,0.0025,0.004,0.05343,0.081,0.228125,0.3475,0.716555,0.0,0.0,49.640625,0.753620614241228,0.0,0.0,1.737421875,2.6376721498442977,4.375094024844298,1328,,,0.001695592903504,Information
261702,4568.0,3049.067636,RUS,Russia,Nenets,3.189660506,0.0,0.65,0.49,4568.0,,,,,,,,,,,,,,,,,,,,,,,,,30.964233839942725,63.79321012,0.0,,0.5,0.016,0.125,0.004,2.0,0.066,2.875,0.094,0.00125,0.004,0.03,0.099,0.071875,0.235,0.441125,0.0,0.0,206.71875,6.77973645426935,0.0,0.0,7.23515625,23.72907758994273,30.964233839942725,47,,,0.4378534002879388,Advisory
261703,4569.0,296.0374599,RUS,Russia,Nenets,3.058121818,0.0,0.65,0.49,4569.0,,,,,,,,,,,,,,,,,,,,,,,,,36.540546875,61.16243636,0.0,,0.062,0.021,0.0,0.0,0.625,0.211,0.812,0.274,0.0,0.0,0.009375,0.3165,0.0203,0.685,1.0311750000000002,0.0,0.0,44.015625,14.868261945017885,0.0,0.0,1.540546875,35.0,36.540546875,0,,,0.4756933838705782,Advisory
261704,4570.0,5411.347097,RUS,Russia,Nenets,2.121688884,0.0,0.65,0.49,4570.0,,,,,,,,,,,,,,,,,,,,,,,,,46.11706798125401,42.433777680000006,0.0,,17.188,0.318,3.5,0.065,14.875,0.275,22.625,0.418,0.035,0.065,0.223125,0.4125,0.565625,1.045,2.34625,0.0,0.0,462.65625,8.549742637501147,0.0,0.0,16.19296875,29.92409923125401,46.11706798125401,220,,,0.4122531398192537,Advisory
261705,4571.0,2979.268427,RUS,Russia,Nenets,3.977863236,2.071713715,0.65,0.49,4571.0,,,,,,,,,,,,,,,,,,,,,,,,,28.58257220472892,79.55726472,41.4342743,3.0,2.875,0.097,1.312,0.044,3.312,0.111,3.938,0.132,0.01312,0.044,0.04968,0.1665,0.09845,0.33,0.7017500000000001,0.0,0.0,187.453125,6.291917951351119,0.0,0.0,6.560859375,22.02171282972892,28.58257220472892,94,2.0,2.127659574468085,0.6312514207184631,Watch
261706,4572.0,6356.204888,RUS,Russia,Nenets,3.08279289,0.0,0.65,0.49,4572.0,,,,,,,,,,,,,,,,,,,,,,,,,49.78726595559618,61.6558578,0.0,3.0,35.938,0.565,5.062,0.08,56.125,0.883,28.062,0.441,0.05062,0.08,0.841875,1.3245,0.70155,1.1025,4.101045,0.0,0.0,552.796875,8.69696438017034,0.0,0.0,19.347890625,30.439375330596185,49.78726595559618,460,0.0,0.0,0.6030144656592372,Watch
261707,4573.0,3653.336437,RUS,Russia,Nenets,2.520850728,0.0,0.65,0.49,4573.0,,,,,,,,,,,,,,,,,,,,,,,,,50.686015625,50.41701456,0.0,,9.75,0.267,6.25,0.171,9.188,0.251,6.5,0.178,0.0625,0.171,0.13782,0.3765,0.1625,0.4449999999999999,1.35532,0.0,0.0,448.171875,12.26746790716399,0.0,0.0,15.686015625,35.0,50.686015625,164,,,0.5087769424540907,Advisory
261708,4574.0,2702.327957,RUS,Russia,Nenets,2.455878431,0.0,0.65,0.49,4574.0,,,,,,,,,,,,,,,,,,,,,,,,,23.04279655554272,49.11756862,0.0,,0.938,0.035,0.0,0.0,4.75,0.176,5.875,0.217,0.0,0.0,0.07125,0.264,0.146875,0.5425,1.024625,0.0,0.0,140.0625,5.183031158726492,0.0,0.0,4.9021875,18.14060905554272,23.04279655554272,12,,,0.2141323832184092,Information
261709,4575.0,13040.1145,RUS,Russia,Nenets,3.408258402,2.324767637,0.65,0.49,4575.0,,,,,,,,,,,,,,,,,,,,,,,,,70.0633586542435,68.16516804,46.49535274,3.0,64.625,0.496,22.75,0.174,59.375,0.455,33.625,0.258,0.2275,0.174,0.890625,0.6825,0.840625,0.645,3.46025,2.390625,0.0183328528290018,4117.921875,31.578878199509507,0.035859375,0.0274992792435027,35.0,35.0,70.0633586542435,164,23.0,14.02439024390244,0.7848969210087031,Watch
261810,4576.0,12359.75615,RUS,Russia,Nenets,0.843684539,0.0,0.65,0.49,4576.0,4576.0,0.0,5.0,-9999.0,-9999.0,-9999.0,0.0,6.0,-999.9,-999.9,-999.9,-5987.4,0.0,0.0,0.0,0.0,0.0,0.0,0.0,0.0,0.0,0.0,0.0,-5987.4,70.05724034122902,16.87369078,0.0,3.0,33.0,0.267,8.875,0.072,82.75,0.67,78.688,0.637,0.08875,0.072,1.24125,1.005,1.9672,1.5925,5.9667,2.109375,0.0170664774860108,4491.84375,36.34249492387725,0.031640625,0.0255997162290162,35.0,35.0,70.05724034122902,26038,1117.0,4.289884015669406,0.4320927671173694,Watch
261820,4577.0,12262.39717,RUS,Russia,Nenets,3.097841762,0.0,0.65,0.49,4577.0,,,,,,,,,,,,,,,,,,,,,,,,,70.02680701037494,61.95683524,0.0,3.0,20.5,0.167,2.25,0.018,14.312,0.117,14.062,0.115,0.0225,0.018,0.21468,0.1755,0.35155,0.2875,1.06973,0.984375,0.0080275902499635,1312.875,10.706511796237148,0.014765625,0.0120413853749452,35.0,35.0,70.02680701037494,1047,16.0,1.5281757402101241,0.7291209938283976,Watch
261830,4578.0,20198.3293,RUS,Russia,Komi,2.818913106,0.0,0.65,0.49,4578.0,,,,,,,,,,,,,,,,,,,,,,,,,69.45433087023926,56.37826212,0.0,3.0,25.625,0.127,4.312,0.021,64.75,0.321,105.5,0.522,0.04312,0.021,0.97125,0.4815,2.6375,1.3050000000000002,5.45937,45.5625,0.2255755875965348,1929.375,9.552151425384128,0.6834375,0.3383633813948021,35.0,33.43252998884445,69.45433087023926,2987,41.0,1.3726146635420153,0.6790750271188515,Watch
261840,4579.0,25162.9271,RUS,Russia,Komi,2.919970094,0.0,0.65,0.49,4579.0,,,,,,,,,,,,,,,,,,,,,,,,,33.62594342566106,58.39940188,0.0,,64.25,0.255,7.25,0.029,25.0,0.099,42.562,0.169,0.0725,0.029,0.375,0.1485,1.06405,0.4225,2.11155,0.0,0.0,687.515625,2.732256157331732,0.0,0.0,24.063046875,9.562896550661062,33.62594342566106,1572,,,0.415734988102751,Advisory
261850,4580.0,4479.62385,RUS,Russia,Komi,3.067499975,0.0,0.65,0.49,4580.0,4580.0,0.0,5.0,-9999.0,-9999.0,-9999.0,0.0,6.0,-999.9,-999.9,-999.9,-5987.4,0.0,0.0,0.0,0.0,0.0,0.0,0.0,0.0,0.0,0.0,0.0,-5987.4,23.325050914859013,61.3499995,0.0,,2.312,0.052,0.5,0.011,12.688,0.283,23.5,0.525,0.005,0.011,0.19032,0.4245,0.5875,1.3125,2.53082,1.6875,0.0376705736097258,205.453125,4.586392336984121,0.0253125,0.0565058604145887,7.190859375,16.052373179444423,23.325050914859013,5846,,,0.3067727952942532,Information
261860,4581.0,29972.43872,RUS,Russia,Komi,3.737785494,0.0,0.65,0.49,4581.0,4581.0,0.0,15.0,-9999.0,-9999.0,-9999.0,0.0,1.0,-999.9,-999.9,-999.9,-5997.4,0.0,0.0,0.0,0.0,0.0,0.0,0.0,0.0,0.0,0.0,0.0,-5997.4,13.796608453518267,74.75570988,0.0,,9.938,0.033,2.938,0.01,15.812,0.053,38.688,0.129,0.02938,0.01,0.23718,0.0795,0.9672,0.3225,1.64576,43.59375,0.1454461227269302,276.890625,0.9238174698365345,0.65390625,0.2181691840903953,9.691171875,3.2333611444278705,13.796608453518267,151252,,,0.2728629193298613,Information
261870,4582.0,24235.54807,RUS,Russia,Komi,2.256339522,0.0,0.65,0.49,4582.0,,,,,,,,,,,,,,,,,,,,,,,,,62.87806128347721,45.12679044000001,0.0,3.0,50.938,0.21,22.688,0.094,153.5,0.633,226.625,0.935,0.22688,0.094,2.3025,0.9495,5.665625,2.3375000000000004,11.576005,22.359375,0.0922585902922605,1897.59375,7.829795078011091,0.335390625,0.1383878854383907,35.0,27.40428277303882,62.87806128347721,7741,943.0,12.181888644877922,0.5541573737506804,Watch
261881,4583.0,1439.500893,RUS,Russia,Komi,2.578682276,0.0,0.65,0.49,4583.0,,,,,,,,,,,,,,,,,,,,,,,,,43.2551968815252,51.57364552,0.0,,2.688,0.187,2.312,0.161,14.75,1.025,24.375,1.693,0.0231199999999999,0.161,0.22125,1.5375,0.609375,4.2325,6.784745,1.125,0.0781520876834633,232.03125,16.118868084714315,0.016875,0.1172281315251949,8.12109375,35.0,43.2551968815252,0,,,0.4550442967083855,Advisory
261882,4584.0,20627.67993,RUS,Russia,Nenets,1.985748558,0.0,0.65,0.49,4584.0,,,,,,,,,,,,,,,,,,,,,,,,,53.00307542295508,39.714971160000005,0.0,,36.0,0.175,9.875,0.048,87.375,0.424,79.562,0.386,0.09875,0.048,1.310625,0.636,1.98905,0.965,5.047425,1.40625,0.0068172960052147,1059.1875,5.134787351127787,0.02109375,0.010225944007822,35.0,17.971755728947254,53.00307542295508,17072,,,0.4487841224444913,Advisory
261883,4585.0,15771.62137,RUS,Russia,Komi,0.278794526,0.0,0.65,0.49,4585.0,,,,,,,,,,,,,,,,,,,,,,,,,50.54883291380999,5.57589052,0.0,,20.688,0.131,9.0,0.057,83.688,0.531,116.312,0.737,0.09,0.057,1.2553200000000002,0.7965,2.9078,1.8425,6.949120000000001,13.5,0.0855967796947794,878.0625,5.5673572126479485,0.2025,0.1283951695421691,30.7321875,19.48575024426782,50.54883291380999,27883,,,0.2660325959596012,Advisory
261884,4586.0,15432.28839,RUS,Russia,Komi,1.405720275,0.0,0.65,0.49,4586.0,,,,,,,,,,,,,,,,,,,,,,,,,31.94890063550451,28.1144055,0.0,,21.625,0.14,6.438,0.042,134.062,0.869,220.438,1.428,0.0643799999999999,0.042,2.01093,1.3035,5.51095,3.57,12.50176,8.15625,0.0528518505628363,550.40625,3.566588674188645,0.12234375,0.0792777758442544,19.26421875,12.483060359660255,31.94890063550451,27287,,,0.2087006041846476,Information
261885,4587.0,2493.276467,RUS,Russia,Komi,2.946402791,0.0,0.65,0.49,4587.0,,,,,,,,,,,,,,,,,,,,,,,,,42.02484139501503,58.92805582,0.0,,0.438,0.018,0.0,0.0,12.375,0.496,14.125,0.567,0.0,0.0,0.185625,0.744,0.353125,1.4175,2.70025,0.0,0.0,239.625,9.610847541432864,0.0,0.0,8.386875,33.63796639501503,42.02484139501503,0,,,0.5091491944404984,Advisory
261886,4588.0,9151.331395,RUS,Russia,Nenets,1.331916342,0.0,0.65,0.49,4588.0,,,,,,,,,,,,,,,,,,,,,,,,,15.556230980808026,26.63832684,0.0,,3.562,0.039,0.0,0.0,3.75,0.041,2.438,0.027,0.0,0.0,0.05625,0.0615,0.06095,0.0675,0.2462,10.265625,0.1121763004349197,207.984375,2.2727225800444706,0.153984375,0.1682644506523795,7.279453125,7.954529030155647,15.556230980808026,0,,,0.0604579872780406,Information
261887,4589.0,1269.978948,RUS,Russia,Komi,2.952571168,0.0,0.65,0.49,4589.0,,,,,,,,,,,,,,,,,,,,,,,,,42.31696981605831,59.05142336,0.0,,0.312,0.025,0.312,0.025,8.125,0.64,6.25,0.492,0.00312,0.025,0.121875,0.96,0.15625,1.23,2.496245,0.984375,0.0775111273722072,205.3125,16.166606566203228,0.014765625,0.1162666910583107,7.1859375,35.0,42.31696981605831,435,,,0.5131113231923531,Advisory
261888,4590.0,7596.661261,RUS,Russia,Komi,1.159781184,0.0,0.65,0.49,4590.0,,,,,,,,,,,,,,,,,,,,,,,,,28.06080483630808,23.19562368,0.0,,1.5,0.02,0.062,0.001,11.5,0.151,11.938,0.157,0.00062,0.001,0.1725,0.2264999999999999,0.29845,0.3925,1.0915700000000002,6.328125,0.0833013975864952,343.40625,4.520489175693811,0.094921875,0.1249520963797428,12.01921875,15.82171211492834,28.06080483630808,0,,,0.1569943320937719,Information
261889,4591.0,17556.68319,RUS,Russia,Komi,1.887345995,0.0,0.65,0.49,4591.0,,,,,,,,,,,,,,,,,,,,,,,,,25.624802230639897,37.7469199,0.0,,1.438,0.008,0.812,0.005,11.562,0.066,8.188,0.047,0.00812,0.005,0.17343,0.099,0.2047,0.1175,0.60775,8.859375,0.0504615530303039,462.65625,2.635214436026984,0.132890625,0.0756923295454558,16.19296875,9.223250526094445,25.624802230639897,82064,,,0.187365252605928,Information
261891,4592.0,230.8838412,RUS,Russia,Komi,1.044744763,0.0,0.65,0.49,4592.0,,,,,,,,,,,,,,,,,,,,,,,,,41.45235125522002,20.89489526,0.0,,3.312,1.435,2.312,1.002,9.938,4.304,16.188,7.011,0.0231199999999999,1.002,0.14907,6.456,0.4047,17.5275,25.56239,0.703125,0.3045362534800165,171.0,74.06321684634003,0.010546875,0.4568043802200248,5.985,35.0,41.45235125522002,150,,,0.2590642993317467,Advisory
261892,4593.0,6600.617866,RUS,Russia,Komi,0.79268196,0.0,0.65,0.49,4593.0,,,,,,,,,,,,,,,,,,,,,,,,,11.84451671004344,15.8536392,0.0,,84.438,1.279,36.188,0.548,10.875,0.165,11.062,0.168,0.36188,0.548,0.163125,0.2475,0.2765499999999999,0.42,2.017055,1.265625,0.0191743413378294,134.015625,2.030349699439056,0.018984375,0.0287615120067441,4.690546875,7.106223948036696,11.84451671004344,312,,,0.0249574442245018,Information
261893,4594.0,662.3328297,RUS,Russia,Komi,2.127573294,0.0,0.65,0.49,4594.0,,,,,,,,,,,,,,,,,,,,,,,,,42.05792971340872,42.55146588,0.0,,5.625,0.849,4.188,0.632,12.0,1.812,16.812,2.538,0.04188,0.632,0.18,2.718,0.4203,6.345,10.33718,1.40625,0.2123177256058125,191.953125,28.981369545193413,0.02109375,0.3184765884087187,6.718359375,35.0,42.05792971340872,119,,,0.3775804758369471,Advisory
261894,4595.0,10341.98785,RUS,Russia,Komi,2.238296211,0.0,0.65,0.49,4595.0,,,,,,,,,,,,,,,,,,,,,,,,,8.13065189017158,44.76592422,0.0,,50.5,0.488,16.438,0.159,10.25,0.099,13.125,0.127,0.16438,0.159,0.15375,0.1485,0.328125,0.3175,1.271255,0.28125,0.0027194965233349,117.984375,1.1408287915390218,0.00421875,0.0040792447850023,4.129453125,3.992900770386576,8.13065189017158,9947,,,0.0276864319449459,Information
261895,4596.0,8023.853028,RUS,Russia,Komi,1.259268083,0.0,0.65,0.49,4596.0,,,,,,,,,,,,,,,,,,,,,,,,,41.89565429279263,25.18536166,0.0,,7.375,0.092,5.312,0.066,29.438,0.367,38.875,0.484,0.05312,0.066,0.4415699999999999,0.5505,0.971875,1.21,3.293065,0.140625,0.001752586936801,532.828125,6.640551903539266,0.002109375,0.0026288804052015,18.648984375,23.24193166238743,41.89565429279263,40076,,,0.2810141399231202,Advisory
261897,4598.0,30692.04885,RUS,Russia,Komi,2.305464331,0.0,0.65,0.49,4598.0,,,,,,,,,,,,,,,,,,,,,,,,,39.92305149019416,46.10928662,0.0,,29.75,0.097,15.875,0.052,40.188,0.131,56.938,0.186,0.15875,0.052,0.60282,0.1965,1.42345,0.4649999999999999,2.8985199999999995,0.0,0.0,860.34375,2.803148640055475,0.0,0.0,30.11203125,9.811020240194162,39.92305149019416,22225,,,0.3820869451262363,Advisory
261898,4599.0,11420.5779,RUS,Russia,Komi,3.437564794,0.0,0.65,0.49,4599.0,,,,,,,,,,,,,,,,,,,,,,,,,10.265461294733104,68.75129588,0.0,,15.188,0.133,8.562,0.075,88.812,0.778,40.562,0.355,0.0856199999999999,0.075,1.33218,1.167,1.01405,0.8875,4.56135,0.0,0.0,156.375,1.3692389413523156,0.0,0.0,5.473125,4.792336294733104,10.265461294733104,2588,,,0.1328127915681923,Information
261899,4600.0,15983.45219,RUS,Russia,Komi,3.043748341,0.0,0.65,0.49,4600.0,,,,,,,,,,,,,,,,,,,,,,,,,11.433760047010312,60.87496682,0.0,,21.0,0.131,6.0,0.038,48.312,0.302,43.062,0.269,0.06,0.038,0.7246799999999999,0.4529999999999999,1.07655,0.6725000000000001,3.02473,0.0,0.0,200.953125,1.2572573348600895,0.0,0.0,7.033359375,4.4004006720103135,11.433760047010312,624,,,0.1093125868402441,Information
261901,4602.0,5612.107081,RUS,Russia,Nenets,3.239075927,0.0,0.65,0.49,4602.0,,,,,,,,,,,,,,,,,,,,,,,,,69.56291588031026,64.78151854000001,0.0,3.0,20.812,0.371,11.75,0.209,49.25,0.878,38.25,0.682,0.1175,0.209,0.73875,1.317,0.95625,1.705,5.0435,1.6875,0.0300689202068389,985.5,17.560249400793943,0.0253125,0.0451033803102583,34.4925,35.0,69.56291588031026,2055,7.0,0.34063260340632606,0.751956870559147,Watch
261903,4604.0,5929.644505,RUS,Russia,Nenets,4.0024624,0.0,0.65,0.49,4604.0,,,,,,,,,,,,,,,,,,,,,,,,,66.60346079147024,80.04924799999999,0.0,3.0,6.75,0.114,3.188,0.054,60.0,1.012,47.438,0.8,0.03188,0.054,0.9,1.518,1.18595,2.0,5.689830000000001,7.453125,0.125692610980158,894.375,15.083113317618968,0.111796875,0.188538916470237,31.303125,35.0,66.60346079147024,828,175.0,21.135265700483092,0.8859928446572484,Warning
261904,4605.0,7369.469289,RUS,Russia,Nenets,3.808410068,0.0,0.65,0.49,4605.0,,,,,,,,,,,,,,,,,,,,,,,,,32.58612017239592,76.16820136,0.0,3.0,0.0,0.0,0.0,0.0,10.5,0.142,9.312,0.126,0.0,0.0,0.1575,0.2129999999999999,0.2327999999999999,0.315,0.9183,3.9375,0.0534298990313874,393.328125,5.337265271099668,0.0590625,0.0801448485470811,13.766484375,18.68042844884884,32.58612017239592,0,0.0,0.0,0.6228086397148632,Watch
261905,4606.0,2963.989833,RUS,Russia,Nenets,3.690936897,0.0,0.65,0.49,4606.0,,,,,,,,,,,,,,,,,,,,,,,,,49.081484375,73.81873793999999,0.0,3.0,0.375,0.013,0.0,0.0,9.688,0.327,8.125,0.274,0.0,0.0,0.14532,0.4905,0.203125,0.685,1.523945,0.0,0.0,402.328125,13.573869938894898,0.0,0.0,14.081484375,35.0,49.081484375,0,0.0,0.0,0.7351414411622454,Watch
261906,4607.0,12604.79007,RUS,Russia,Nenets,2.373173932,0.0,0.65,0.49,4607.0,,,,,,,,,,,,,,,,,,,,,,,,,20.840959282179085,47.46347864,0.0,,5.938,0.047,0.438,0.003,10.0,0.079,8.938,0.071,0.00438,0.003,0.15,0.1185,0.22345,0.1775,0.67683,33.1875,0.2632927626566146,317.8125,2.521362896626904,0.4978125,0.3949391439849219,11.1234375,8.824770138194163,20.840959282179085,81,,,0.1775900438697374,Information
261907,4608.0,10382.3776,RUS,Russia,Nenets,3.375201689,3.06525459,0.65,0.49,4608.0,,,,,,,,,,,,,,,,,,,,,,,,,5.691200653918992,67.50403378,61.3050918,,0.062,0.001,0.0,0.0,2.25,0.022,2.875,0.028,0.0,0.0,0.03375,0.033,0.071875,0.07,0.208625,0.0,0.0,82.828125,0.7977760796911405,0.0,0.0,2.898984375,2.792216278918992,5.691200653918992,911,,,0.0407371880740678,Information
261908,4609.0,16921.68528,RUS,Russia,Nenets,2.674862951,0.0,0.65,0.49,4609.0,,,,,,,,,,,,,,,,,,,,,,,,,35.254006536100135,53.49725902,0.0,,0.438,0.003,0.0,0.0,6.875,0.041,3.875,0.023,0.0,0.0,0.103125,0.0615,0.096875,0.0574999999999999,0.319,94.21875,0.5567929460851716,592.734375,3.502809354849252,1.41328125,0.8351894191277573,20.745703125,12.259832741972382,35.254006536100135,151,,,0.3909161322209218,Advisory
282850,4778.0,18129.33116,RUS,Russia,Orenburg,1.266693284,0.0,0.65,0.49,4778.0,4778.0,0.0,1.0,-9999.0,-9999.0,-9999.0,0.0,10.0,-999.9,-999.9,-999.9,-5979.4,0.0,0.0,0.0,0.0,0.0,0.0,0.0,0.0,0.0,0.0,0.0,-5979.4,2.71868068392528,25.33386568,0.0,,,,,,,,,,,,,,,,,0.0,0.0,50.0625,0.2761409096929371,0.0,0.0,1.7521875,0.9664931839252798,2.71868068392528,724560,,,0.0004617030928487,Information
282870,4780.0,225.7996112,RUS,Russia,Orenburg,3.016406596,0.0,0.65,0.49,4780.0,,,,,,,,,,,,,,,,,,,,,,,,,18.054675485906948,60.32813192,0.0,,0.062,0.028,0.062,0.028,0.062,0.028,0.062,0.028,0.00062,0.028,0.0009299999999999,0.042,0.00155,0.07,0.1431,0.0,0.0,11.390625,5.044572460259127,0.0,0.0,0.398671875,17.656003610906946,18.054675485906948,70759,,,0.2155713825914315,Information
282891,4782.0,1221.398987,RUS,Russia,Orenburg,0.329541123,0.0,0.65,0.49,4782.0,,,,,,,,,,,,,,,,,,,,,,,,,12.163885084684509,6.59082246,0.0,,0.375,0.031,0.375,0.031,0.188,0.015,0.188,0.015,0.00375,0.031,0.00282,0.0225,0.0046999999999999,0.0375,0.10227,0.0,0.0,37.828125,3.097114488481288,0.0,0.0,1.323984375,10.839900709684509,12.163885084684509,4949,,,0.0207490643398148,Information
282895,4786.0,3881.134532,RUS,Russia,Orenburg,1.288826122,0.0,0.65,0.49,4786.0,,,,,,,,,,,,,,,,,,,,,,,,,14.558021475009149,25.77652244,0.0,,0.625,0.016,0.625,0.016,1.562,0.04,1.188,0.031,0.00625,0.016,0.02343,0.06,0.0296999999999999,0.0775,0.21288,0.0,0.0,116.296875,2.9964659571454706,0.0,0.0,4.070390625,10.487630850009149,14.558021475009149,15797,,,0.051663033855719,Information
282897,4788.0,7293.301464,RUS,Russia,Bashkortostan,0.691974126,0.0,0.65,0.49,4788.0,,,,,,,,,,,,,,,,,,,,,,,,,7.387339135703037,13.83948252,0.0,,0.5,0.007,0.5,0.007,1.438,0.02,1.125,0.015,0.005,0.007,0.02157,0.03,0.028125,0.0375,0.129195,0.0,0.0,89.015625,1.220512074486582,0.0,0.0,3.115546875,4.271792260703037,7.387339135703037,133906,,,0.0070159750736846,Information
282898,4789.0,4468.334995,RUS,Russia,Chelyabinsk,0.863520452,0.0,0.65,0.49,4789.0,,,,,,,,,,,,,,,,,,,,,,,,,8.111873934882805,17.27040904,0.0,,0.25,0.006,0.25,0.006,2.125,0.048,2.125,0.048,0.0025,0.006,0.031875,0.072,0.053125,0.12,0.2855,0.0,0.0,71.578125,1.601897017109373,0.0,0.0,2.505234375,5.606639559882805,8.111873934882805,32535,,,0.0101097809609716,Information
282970,4806.0,1311.068526,RUS,Russia,Astrakhan',2.036660782,0.0,0.65,0.49,4806.0,,,,,,,,,,,,,,,,,,,,,,,,,64.861015625,40.73321564,0.0,3.0,0.0,0.0,0.0,0.0,0.0,0.0,56.625,4.319,0.0,0.0,0.0,0.0,1.415625,10.7975,12.213125,0.0,0.0,853.171875,65.0745447887204,0.0,0.0,29.861015625,35.0,64.861015625,7000,2184.0,31.2,0.5359349595870836,Watch
282980,4807.0,8312.137722,RUS,Russia,Astrakhan',3.208962352,0.0,0.65,0.49,4807.0,,,,,,,,,,,,,,,,,,,,,,,,,70.0,64.17924703999999,0.0,3.0,2.188,0.026,2.188,0.026,15.062,0.181,83.75,1.008,0.02188,0.026,0.22593,0.2714999999999999,2.09375,2.52,5.15906,0.0,0.0,1640.671875,19.73826625332205,0.0,0.0,35.0,35.0,70.0,54656,14413.0,26.370389344262296,0.7485608494199881,Watch
282990,4808.0,8153.085273,RUS,Russia,Astrakhan',2.520619555,0.0,0.65,0.49,4808.0,,,,,,,,,,,,,,,,,,,,,,,,,70.0,50.4123911,0.0,3.0,0.0,0.0,0.0,0.0,29.062,0.356,494.188,6.061,0.0,0.0,0.43593,0.534,12.3547,15.1525,28.47713,0.0,0.0,5273.578125,64.6819939726168,0.0,0.0,35.0,35.0,70.0,336393,20585.0,6.119330663836643,0.6348604388347387,Watch
283111,4809.0,1700.114995,RUS,Russia,Astrakhan',2.634893362,0.0,0.65,0.49,4809.0,,,,,,,,,,,,,,,,,,,,,,,,,54.3921875,52.69786724,0.0,,0.0,0.0,0.0,0.0,14.875,0.875,22.688,1.334,0.0,0.0,0.223125,1.3125,0.5672,3.335,5.437825,0.0,0.0,554.0625,32.58970726903953,0.0,0.0,19.3921875,35.0,54.3921875,33207,,,0.5555377173963043,Advisory
283112,4810.0,10788.2553,RUS,Russia,Kalmyk,3.03642792,0.0,0.65,0.49,4810.0,,,,,,,,,,,,,,,,,,,,,,,,,45.0590920848129,60.7285584,0.0,,0.0,0.0,0.0,0.0,4.188,0.039,18.688,0.173,0.0,0.0,0.06282,0.0584999999999999,0.4672,0.4325,1.02102,0.0,0.0,668.109375,6.192932559946543,0.0,0.0,23.383828125,21.675263959812906,45.0590920848129,19754,,,0.5546731964310817,Advisory
283113,4811.0,5324.65968,RUS,Russia,Astrakhan',1.297519874,0.0,0.65,0.49,4811.0,,,,,,,,,,,,,,,,,,,,,,,,,70.0,25.95039748,0.0,3.0,19.375,0.364,18.938,0.356,24.938,0.468,79.562,1.494,0.18938,0.356,0.3740699999999999,0.7020000000000001,1.98905,3.735,7.345499999999999,0.0,0.0,1568.25,29.452586536009377,0.0,0.0,35.0,35.0,70.0,400669,37287.0,9.306185404910288,0.4775753356029241,Watch
283114,4812.0,8245.817607,RUS,Russia,Kalmyk,2.487885712,0.0,0.65,0.49,4812.0,,,,,,,,,,,,,,,,,,,,,,,,,26.2141798686676,49.757714240000006,0.0,,6.125,0.074,6.125,0.074,6.938,0.084,18.0,0.218,0.06125,0.074,0.10407,0.126,0.45,0.545,1.3603200000000002,0.0,0.0,338.484375,4.104921926762171,0.0,0.0,11.846953125,14.3672267436676,26.2141798686676,17303,,,0.2576663971846351,Information
283115,4813.0,345.8258683,RUS,Russia,Astrakhan',3.336663078,0.0,0.65,0.49,4813.0,,,,,,,,,,,,,,,,,,,,,,,,,47.96421875,66.73326156,0.0,3.0,7.312,2.115,7.25,2.096,4.5,1.301,18.875,5.458,0.0725,2.096,0.0675,1.9515,0.471875,13.645,18.304375,0.0,0.0,370.40625,107.10773368889024,0.0,0.0,12.96421875,35.0,47.96421875,47,24.0,51.06382978723404,0.6427791213088152,Watch
283116,4814.0,3652.954153,RUS,Russia,Astrakhan',0.31606279,0.0,0.65,0.49,4814.0,,,,,,,,,,,,,,,,,,,,,,,,,70.0,6.321255799999999,0.0,3.0,22.812,0.624,22.812,0.624,4.0,0.11,47.375,1.297,0.22812,0.624,0.06,0.165,1.184375,3.2425,5.503995,0.0,0.0,1068.609375,29.25329282036425,0.0,0.0,35.0,35.0,70.0,32545,2763.0,8.489783376862805,0.3853818564118469,Watch
283117,4815.0,2020.931552,RUS,Russia,Astrakhan',0.479193506,0.0,0.65,0.49,4815.0,,,,,,,,,,,,,,,,,,,,,,,,,70.0,9.58387012,0.0,3.0,21.25,1.051,21.25,1.051,4.125,0.204,43.938,2.174,0.2125,1.051,0.061875,0.306,1.09845,5.435,8.164825,0.0,0.0,1244.671875,61.589016884449066,0.0,0.0,35.0,35.0,70.0,29159,976.0,3.3471655406564014,0.3990034340376356,Watch
283118,4816.0,7849.38137,RUS,Russia,Volgograd,1.338211756,0.0,0.65,0.49,4816.0,,,,,,,,,,,,,,,,,,,,,,,,,70.0,26.76423512,0.0,3.0,1.562,0.02,1.062,0.014,0.938,0.012,28.25,0.36,0.01062,0.014,0.01407,0.018,0.70625,0.8999999999999999,1.66294,0.0,0.0,1872.421875,23.85438783823797,0.0,0.0,35.0,35.0,70.0,340494,7558.0,2.2197160596075114,0.4819784701589823,Watch
283119,4817.0,10937.9155,RUS,Russia,Volgograd,2.054179771,0.0,0.65,0.49,4817.0,4817.0,0.0,1.0,-9999.0,-9999.0,-9999.0,0.0,10.0,-999.9,-999.9,-999.9,-5979.4,0.0,0.0,0.0,0.0,0.0,0.0,0.0,0.0,0.0,0.0,0.0,-5979.4,70.0,41.08359542,0.0,3.0,8.188,0.075,8.0,0.073,3.875,0.035,29.875,0.273,0.08,0.073,0.058125,0.0525,0.746875,0.6825000000000001,1.693,0.0,0.0,1759.921875,16.090103043478884,0.0,0.0,35.0,35.0,70.0,1274671,38649.0,3.0320765122921913,0.5684289025238725,Watch
283120,4818.0,12152.21811,RUS,Russia,Volgograd,2.202651412,0.0,0.65,0.49,4818.0,,,,,,,,,,,,,,,,,,,,,,,,,10.066653028365764,44.05302824,0.0,,11.188,0.092,5.688,0.047,1.375,0.011,1.25,0.01,0.05688,0.047,0.020625,0.0165,0.03125,0.025,0.1972549999999999,0.0,0.0,157.78125,1.2983740795330758,0.0,0.0,5.52234375,4.544309278365765,10.066653028365764,90998,,,0.0431564792356772,Information
283130,4819.0,26363.18897,RUS,Russia,Saratov,2.411647048,0.0,0.65,0.49,4819.0,,,,,,,,,,,,,,,,,,,,,,,,,55.97704779667611,48.23294095999999,0.0,,60.812,0.231,46.625,0.177,11.688,0.044,4.562,0.017,0.46625,0.177,0.17532,0.066,0.11405,0.0425,1.04112,0.0,0.0,1580.0625,5.993442227621745,0.0,0.0,35.0,20.97704779667611,55.97704779667611,1336300,,,0.5311606368565324,Advisory
283140,4820.0,24064.22472,RUS,Russia,Saratov,2.403177799,0.0,0.65,0.49,4820.0,,,,,,,,,,,,,,,,,,,,,,,,,23.834732852481373,48.06355598,0.0,,16.75,0.07,16.562,0.069,2.562,0.011,0.375,0.002,0.16562,0.069,0.03843,0.0165,0.009375,0.005,0.303925,0.0,0.0,481.078125,1.999142422137535,0.0,0.0,16.837734375,6.996998477481372,23.834732852481373,219918,,,0.2180261280163595,Information
283150,4821.0,25570.97565,RUS,Russia,Samara,1.30243818,0.0,0.65,0.49,4821.0,,,,,,,,,,,,,,,,,,,,,,,,,61.34844590367665,26.0487636,0.0,3.0,21.625,0.085,18.5,0.072,4.562,0.018,2.0,0.008,0.185,0.072,0.06843,0.0269999999999999,0.05,0.02,0.42243,0.0,0.0,1925.015625,7.528127401050471,0.0,0.0,35.0,26.348445903676648,61.34844590367665,911807,39994.0,4.386235244958637,0.4258945828439761,Watch
283161,4822.0,1204.333003,RUS,Russia,Samara,0.480595955,0.0,0.65,0.49,4822.0,,,,,,,,,,,,,,,,,,,,,,,,,41.934921875,9.6119191,0.0,,2.312,0.192,2.312,0.192,1.062,0.088,0.0,0.0,0.0231199999999999,0.192,0.01593,0.132,0.0,0.0,0.36305,0.0,0.0,198.140625,16.452312152560964,0.0,0.0,6.934921875,35.0,41.934921875,770295,,,0.2212455313586689,Advisory
283170,4831.0,18280.64067,RUS,Russia,Samara,2.247240021,0.0,0.65,0.49,4831.0,,,,,,,,,,,,,,,,,,,,,,,,,27.533209116974213,44.94480042,0.0,,8.812,0.048,8.375,0.046,0.875,0.005,0.5,0.003,0.08375,0.046,0.013125,0.0075,0.0125,0.0075,0.170375,0.0,0.0,508.5,2.781631176278346,0.0,0.0,17.7975,9.735709116974212,27.533209116974213,895108,,,0.2441725265430836,Information
283180,4832.0,15354.50507,RUS,Russia,Samara,0.342199069,0.0,0.65,0.49,4832.0,,,,,,,,,,,,,,,,,,,,,,,,,18.262194647525067,6.843981380000001,0.0,,19.625,0.128,18.812,0.123,1.062,0.007,0.188,0.001,0.18812,0.123,0.01593,0.0105,0.0046999999999999,0.0025,0.34475,0.0,0.0,315.984375,2.0579261492928764,0.0,0.0,11.059453125,7.202741522525067,18.262194647525067,839406,,,0.0516096730794548,Information
283190,4833.0,8800.95398,RUS,Russia,Ul'yanovsk,3.413851731,0.0,0.65,0.49,4833.0,,,,,,,,,,,,,,,,,,,,,,,,,32.268412832499145,68.27703462,0.0,,11.812,0.134,10.438,0.119,2.0,0.023,0.375,0.004,0.10438,0.119,0.03,0.0345,0.009375,0.01,0.307255,0.0,0.0,431.578125,4.903765273571183,0.0,0.0,15.105234375,17.163178457499143,32.268412832499145,356278,,,0.5068008155665141,Advisory
283210,4834.0,18786.35606,RUS,Russia,Tatarstan,1.428831784,0.0,0.65,0.49,4834.0,,,,,,,,,,,,,,,,,,,,,,,,,57.38197657589456,28.57663568,0.0,,50.688,0.27,49.625,0.264,27.688,0.147,11.688,0.062,0.49625,0.264,0.4153199999999999,0.2204999999999999,0.2922,0.155,1.84327,0.0,0.0,1201.359375,6.394850450255589,0.0,0.0,35.0,22.38197657589456,57.38197657589456,362790,,,0.413366002476769,Advisory
283221,4835.0,11326.83926,RUS,Russia,Kirov,1.129040515,0.0,0.65,0.49,4835.0,,,,,,,,,,,,,,,,,,,,,,,,,70.0,22.5808103,0.0,3.0,81.375,0.718,50.5,0.446,46.312,0.409,18.25,0.161,0.505,0.446,0.6946799999999999,0.6134999999999999,0.45625,0.4025,3.1179299999999994,0.0,0.0,1182.65625,10.441185070000614,0.0,0.0,35.0,35.0,70.0,237671,8411.0,3.5389256577369554,0.4598786522968486,Watch
283223,4837.0,11463.98673,RUS,Russia,Kirov,0.60468976,0.0,0.65,0.49,4837.0,,,,,,,,,,,,,,,,,,,,,,,,,67.86548913474981,12.0937952,0.0,3.0,41.125,0.359,39.75,0.347,24.375,0.213,10.188,0.089,0.3975,0.347,0.365625,0.3195,0.2547,0.2224999999999999,1.906825,0.0,0.0,1076.484375,9.39013975278566,0.0,0.0,35.0,32.86548913474981,67.86548913474981,82131,5986.0,7.288356406229073,0.3979168677701084,Watch
283224,4838.0,15014.41815,RUS,Russia,Kirov,3.047538407,0.0,0.65,0.49,4838.0,,,,,,,,,,,,,,,,,,,,,,,,,36.129085701424536,60.95076814,0.0,,28.188,0.188,5.375,0.036,1.5,0.01,0.25,0.002,0.05375,0.036,0.0225,0.015,0.00625,0.005,0.1384999999999999,0.0,0.0,619.59375,4.1266584146927245,0.0,0.0,21.68578125,14.443304451424536,36.129085701424536,145697,,,0.4690234169417398,Advisory
283225,4839.0,2877.058382,RUS,Russia,Kirov,1.317506658,0.0,0.65,0.49,4839.0,,,,,,,,,,,,,,,,,,,,,,,,,54.018125,26.35013316,0.0,,25.938,0.902,18.75,0.652,23.5,0.817,13.562,0.471,0.1875,0.652,0.3525,1.2254999999999998,0.33905,1.1775,3.934049999999999,0.0,0.0,543.375,18.88647805976641,0.0,0.0,19.018125,35.0,54.018125,25755,,,0.3782794528976791,Advisory
283226,4840.0,12427.13927,RUS,Russia,Kirov,0.512147426,0.0,0.65,0.49,4840.0,,,,,,,,,,,,,,,,,,,,,,,,,8.216276141816735,10.24294852,0.0,,52.625,0.423,12.875,0.104,0.0,0.0,0.0,0.0,0.12875,0.104,0.0,0.0,0.0,0.0,0.23275,0.0,0.0,130.078125,1.0467262190904958,0.0,0.0,4.552734375,3.663541766816736,8.216276141816735,29707,,,0.008401516479339,Information
283227,4841.0,12185.18529,RUS,Russia,Kirov,0.400088392,0.0,0.65,0.49,4841.0,,,,,,,,,,,,,,,,,,,,,,,,,50.02088079527846,8.00176784,0.0,,70.0,0.574,14.875,0.122,14.812,0.122,4.188,0.034,0.14875,0.122,0.22218,0.183,0.1046999999999999,0.085,0.8656299999999999,0.0,0.0,784.96875,6.441992727222417,0.0,0.0,27.47390625,22.54697454527846,50.02088079527846,606407,,,0.271153251611604,Advisory
283228,4842.0,26232.07073,RUS,Russia,Kirov,1.26576788,0.0,0.65,0.49,4842.0,,,,,,,,,,,,,,,,,,,,,,,,,31.591033430399804,25.3153576,0.0,,67.438,0.257,17.562,0.067,2.812,0.011,0.188,0.001,0.17562,0.067,0.04218,0.0165,0.0046999999999999,0.0025,0.3085,0.0,0.0,653.484375,2.491165801542801,0.0,0.0,22.871953125,8.719080305399803,31.591033430399804,130331,,,0.1947839753713343,Information
283231,4844.0,76.29039732,RUS,Russia,Tatarstan,4.014434481,0.0,0.65,0.49,4844.0,,,,,,,,,,,,,,,,,,,,,,,,,36.88015625,80.28868962000001,0.0,3.0,2.438,3.195,2.438,3.195,1.688,2.212,0.188,0.246,0.02438,3.195,0.02532,3.3180000000000005,0.0046999999999999,0.615,7.1824,0.0,0.0,53.71875,70.41351453044607,0.0,0.0,1.88015625,35.0,36.88015625,2029,1069.0,52.68605224248398,0.7345002632695645,Watch
283232,4845.0,5092.012288,RUS,Russia,Tatarstan,0.604118359,0.0,0.65,0.49,4845.0,,,,,,,,,,,,,,,,,,,,,,,,,10.969987369322467,12.08236718,0.0,,42.562,0.836,15.0,0.295,9.0,0.177,4.75,0.093,0.15,0.295,0.135,0.2654999999999999,0.11875,0.2324999999999999,1.19675,0.0,0.0,105.75,2.076782105520705,0.0,0.0,3.70125,7.268737369322468,10.969987369322467,552871,,,0.0187060972064075,Information
283233,4846.0,497.3475704,RUS,Russia,Tatarstan,1.028165649,0.0,0.65,0.49,4846.0,,,,,,,,,,,,,,,,,,,,,,,,,38.568359375,20.56331298,0.0,,17.625,3.544,10.125,2.036,3.562,0.716,0.625,0.126,0.10125,2.036,0.05343,1.0739999999999998,0.015625,0.315,3.595305,0.0,0.0,101.953125,20.49937127856732,0.0,0.0,3.568359375,35.0,38.568359375,122758,,,0.2349849339770942,Advisory
283235,4848.0,1257.490741,RUS,Russia,Tatarstan,1.225531031,0.0,0.65,0.49,4848.0,,,,,,,,,,,,,,,,,,,,,,,,,40.172890625,24.51062062,0.0,,2.625,0.209,1.812,0.144,0.5,0.04,0.375,0.03,0.01812,0.144,0.0075,0.06,0.009375,0.075,0.3139949999999999,0.0,0.0,147.796875,11.7533171585701,0.0,0.0,5.172890625,35.0,40.172890625,548071,,,0.264085792193098,Advisory
283236,4849.0,17974.17208,RUS,Russia,Tatarstan,0.861249576,0.0,0.65,0.49,4849.0,,,,,,,,,,,,,,,,,,,,,,,,,23.57037124529561,17.22499152,0.0,,3.5,0.019,3.125,0.017,2.375,0.013,1.0,0.006,0.03125,0.017,0.035625,0.0195,0.025,0.015,0.143375,0.0,0.0,432.703125,2.4073605343701763,0.0,0.0,15.144609375,8.425761870295617,23.57037124529561,594436,,,0.1045333839796329,Information
283237,4850.0,109.9310147,RUS,Russia,Tatarstan,0.11000242,0.0,0.65,0.49,4850.0,,,,,,,,,,,,,,,,,,,,,,,,,35.447890625,2.2000484,0.0,,0.312,0.284,0.25,0.227,0.0,0.0,0.062,0.057,0.0025,0.227,0.0,0.0,0.00155,0.1425,0.37355,0.0,0.0,12.796875,11.640823141245052,0.0,0.0,0.447890625,35.0,35.447890625,1463,,,0.1550862043625009,Advisory
283238,4851.0,8488.189591,RUS,Russia,Udmurt,0.632367263,0.0,0.65,0.49,4851.0,,,,,,,,,,,,,,,,,,,,,,,,,19.135865727510705,12.64734526,0.0,,3.562,0.042,2.938,0.035,2.125,0.025,1.75,0.021,0.02938,0.035,0.031875,0.0375,0.04375,0.0525,0.230005,0.0,0.0,251.015625,2.957233957860201,0.0,0.0,8.785546875,10.350318852510703,19.135865727510705,775536,,,0.064458173076093,Information
283239,4852.0,861.4910485,RUS,Russia,Tatarstan,0.117191558,0.0,0.65,0.49,4852.0,,,,,,,,,,,,,,,,,,,,,,,,,48.274296875,2.34383116,0.0,,2.5,0.29,2.188,0.254,2.25,0.261,1.25,0.145,0.02188,0.254,0.03375,0.3915,0.03125,0.3625,1.09488,0.0,0.0,379.265625,44.02432569251727,0.0,0.0,13.274296875,35.0,48.274296875,8728,,,0.2405440522134287,Advisory
283241,4853.0,28992.47678,RUS,Russia,Bashkortostan,0.615984069,0.0,0.65,0.49,4853.0,,,,,,,,,,,,,,,,,,,,,,,,,50.05465981277545,12.31968138,0.0,,7.438,0.026,5.562,0.019,5.312,0.018,2.562,0.009,0.05562,0.019,0.07968,0.0269999999999999,0.06405,0.0225,0.26785,0.0,0.0,1247.0625,4.301331375078699,0.0,0.0,35.0,15.054659812775446,50.05465981277545,848239,,,0.287541312838117,Advisory
283243,4855.0,78.38871396,RUS,Russia,Bashkortostan,1.295121819,0.0,0.65,0.49,4855.0,4855.0,0.0,15.0,-9999.0,-9999.0,-9999.0,0.0,1.0,-999.9,-999.9,-999.9,-5997.4,0.0,0.0,0.0,0.0,0.0,0.0,0.0,0.0,0.0,0.0,0.0,-5997.4,35.566015625,25.90243638,0.0,,,,,,,,,,,,,,,,,0.0,0.0,16.171875,20.6303614175215,0.0,0.0,0.566015625,35.0,35.566015625,264627,,,0.2314767802571165,Advisory
283251,4862.0,1228.318785,RUS,Russia,Bashkortostan,0.034183256,0.0,0.65,0.49,4862.0,,,,,,,,,,,,,,,,,,,,,,,,,44.553359375,0.68366512,0.0,,1.188,0.097,1.188,0.097,1.0,0.081,0.188,0.015,0.01188,0.097,0.015,0.1215,0.0046999999999999,0.0375,0.2875799999999999,0.0,0.0,272.953125,22.221684501335016,0.0,0.0,9.553359375,35.0,44.553359375,145667,,,0.2113856791866983,Advisory
283253,4864.0,2995.898877,RUS,Russia,Udmurt,2.847582701,0.0,0.65,0.49,4864.0,,,,,,,,,,,,,,,,,,,,,,,,,45.50328125,56.95165402,0.0,,2.875,0.096,1.562,0.052,1.875,0.063,0.688,0.023,0.01562,0.052,0.028125,0.0945,0.0171999999999999,0.0574999999999999,0.264945,0.0,0.0,300.09375,10.016818402647994,0.0,0.0,10.50328125,35.0,45.50328125,152300,,,0.5221142526260039,Advisory
283254,4865.0,4831.486631,RUS,Russia,Perm',2.296488969,0.0,0.65,0.49,4865.0,,,,,,,,,,,,,,,,,,,,,,,,,14.91254045844965,45.92977938,0.0,,1.062,0.022,1.062,0.022,1.625,0.034,0.75,0.016,0.01062,0.022,0.024375,0.051,0.01875,0.04,0.166745,0.0,0.0,138.796875,2.8727570952713286,0.0,0.0,4.857890625,10.05464983344965,14.91254045844965,133001,,,0.0988588697712448,Information
283255,4866.0,3777.170123,RUS,Russia,Perm',1.874209502,0.0,0.65,0.49,4866.0,,,,,,,,,,,,,,,,,,,,,,,,,48.530234375,37.48419004,0.0,,1.438,0.038,1.188,0.031,2.0,0.053,0.688,0.018,0.01188,0.031,0.03,0.0795,0.0171999999999999,0.045,0.21458,0.0,0.0,386.578125,10.234596599508944,0.0,0.0,13.530234375,35.0,48.530234375,128689,,,0.4000442801002451,Advisory
283259,4870.0,5770.712938,RUS,Russia,Perm',2.096008611,0.0,0.65,0.49,4870.0,,,,,,,,,,,,,,,,,,,,,,,,,33.58698171359091,41.92017222,0.0,,0.312,0.005,0.062,0.001,4.938,0.086,0.375,0.006,0.00062,0.001,0.07407,0.129,0.009375,0.015,0.2290649999999999,0.0,0.0,351.140625,6.0848742395974025,0.0,0.0,12.289921875,21.297059838590908,33.58698171359091,900512,,,0.2919558708943102,Information
283261,4871.0,187.7778832,RUS,Russia,Perm',0.626828511,0.0,0.65,0.49,4871.0,,,,,,,,,,,,,,,,,,,,,,,,,35.762890625,12.536570220000002,0.0,,0.125,0.067,0.125,0.067,0.125,0.067,0.062,0.033,0.00125,0.067,0.001875,0.1005,0.00155,0.0825,0.254675,0.0,0.0,21.796875,11.607796737896336,0.0,0.0,0.762890625,35.0,35.762890625,8503,,,0.1855780309719278,Advisory
283263,4873.0,3066.035395,RUS,Russia,Perm',0.270979266,0.0,0.65,0.49,4873.0,,,,,,,,,,,,,,,,,,,,,,,,,23.13517337409748,5.41958532,0.0,,0.5,0.016,0.188,0.006,3.812,0.124,0.438,0.014,0.00188,0.006,0.05718,0.186,0.01095,0.035,0.29701,0.0,0.0,155.109375,5.058955785456421,0.0,0.0,5.428828125,17.706345249097474,23.13517337409748,78377,,,0.0795512774697311,Information
283264,4874.0,6139.100467,RUS,Russia,Perm',1.351403857,0.0,0.65,0.49,4874.0,,,,,,,,,,,,,,,,,,,,,,,,,2.820730911317882,27.02807714,0.0,,1.875,0.031,1.75,0.029,3.25,0.053,0.688,0.011,0.0175,0.029,0.04875,0.0795,0.0171999999999999,0.0274999999999999,0.21945,0.0,0.0,30.65625,0.4993606175193948,0.0,0.0,1.07296875,1.7477621613178818,2.820730911317882,32371,,,0.0005708093520055,Information
283271,4880.0,2030.046692,RUS,Russia,Perm',0.698431772,0.0,0.65,0.49,4880.0,,,,,,,,,,,,,,,,,,,,,,,,,38.2379461632966,13.96863544,0.0,,0.0,0.0,0.0,0.0,2.125,0.105,0.062,0.003,0.0,0.0,0.031875,0.1575,0.00155,0.0075,0.198425,0.0,0.0,184.359375,9.0815337252276,0.0,0.0,6.452578125,31.7853680382966,38.2379461632966,50568,,,0.2087162721332299,Advisory
283273,4882.0,1981.041146,RUS,Russia,Perm',1.344116837,0.0,0.65,0.49,4882.0,,,,,,,,,,,,,,,,,,,,,,,,,20.36046748403528,26.88233674,0.0,,0.438,0.022,0.438,0.022,1.625,0.082,0.312,0.016,0.00438,0.022,0.024375,0.123,0.0078,0.04,0.221555,0.0,0.0,96.1875,4.855401424010079,0.0,0.0,3.3665625,16.993904984035275,20.36046748403528,5527,,,0.1005410293777764,Information
283274,4883.0,7338.498281,RUS,Russia,Perm',0.85271389,0.0,0.65,0.49,4883.0,,,,,,,,,,,,,,,,,,,,,,,,,11.279934997226071,17.0542778,0.0,,1.688,0.023,0.812,0.011,5.375,0.073,0.75,0.01,0.00812,0.011,0.080625,0.1094999999999999,0.01875,0.025,0.2529949999999999,0.0,0.0,136.40625,1.8587760706360208,0.0,0.0,4.77421875,6.505716247226073,11.279934997226071,44918,,,0.0230126636661306,Information
283276,4885.0,6317.868064,RUS,Russia,Perm',2.302131589,0.0,0.65,0.49,4885.0,,,,,,,,,,,,,,,,,,,,,,,,,14.161479751545926,46.04263178,0.0,,0.25,0.004,0.25,0.004,3.062,0.048,0.562,0.009,0.0025,0.004,0.04593,0.072,0.01405,0.0225,0.16098,0.0,0.0,156.65625,2.479574571870264,0.0,0.0,5.48296875,8.678511001545925,14.161479751545926,50077,,,0.0905022337824591,Information
283277,4886.0,3854.572882,RUS,Russia,Perm',2.370648763,0.0,0.65,0.49,4886.0,,,,,,,,,,,,,,,,,,,,,,,,,26.28852801237596,47.41297526,0.0,,2.562,0.066,1.875,0.049,3.438,0.089,3.625,0.094,0.01875,0.049,0.05157,0.1335,0.090625,0.235,0.5784450000000001,0.0,0.0,208.96875,5.421320503535989,0.0,0.0,7.31390625,18.97462176237596,26.28852801237596,6162,,,0.2440491180755079,Information
283279,4888.0,3120.317953,RUS,Russia,Perm',0.324206005,0.0,0.65,0.49,4888.0,,,,,,,,,,,,,,,,,,,,,,,,,46.984765625,6.4841201,0.0,,4.125,0.132,2.625,0.084,4.312,0.138,6.5,0.208,0.02625,0.084,0.06468,0.207,0.1625,0.52,1.06443,0.0,0.0,342.421875,10.973941762149142,0.0,0.0,11.984765625,35.0,46.984765625,243184,,,0.2456294706772646,Advisory
283281,4889.0,631.2897618,RUS,Russia,Perm',3.464580459,0.0,0.65,0.49,4889.0,,,,,,,,,,,,,,,,,,,,,,,,,40.38453125,69.29160918,0.0,3.0,0.875,0.139,0.25,0.04,1.75,0.277,0.688,0.109,0.0025,0.04,0.02625,0.4155,0.0171999999999999,0.2725,0.7739500000000001,0.0,0.0,153.84375,24.36975210221433,0.0,0.0,5.38453125,35.0,40.38453125,3099,330.0,10.648596321393997,0.6079234479427202,Watch
283282,4890.0,13340.42852,RUS,Russia,Perm',2.142751361,0.0,0.65,0.49,4890.0,,,,,,,,,,,,,,,,,,,,,,,,,8.20658600920013,42.85502722,0.0,,17.625,0.132,12.125,0.091,14.0,0.105,4.5,0.034,0.12125,0.091,0.21,0.1575,0.1125,0.085,0.77725,0.0,0.0,134.015625,1.004582609771466,0.0,0.0,4.690546875,3.516039134200131,8.20658600920013,13137,,,0.0261501043997433,Information
283283,4891.0,279.019627,RUS,Russia,Perm',2.826147149,0.0,0.65,0.49,4891.0,,,,,,,,,,,,,,,,,,,,,,,,,38.80953125,56.52294298,0.0,,0.125,0.045,0.062,0.022,1.062,0.381,0.125,0.045,0.00062,0.022,0.01593,0.5715,0.003125,0.1124999999999999,0.7256750000000001,0.0,0.0,108.84375,39.009352561177614,0.0,0.0,3.80953125,35.0,38.80953125,1744,,,0.454790323199978,Advisory
283284,4892.0,5868.021411,RUS,Russia,Perm',2.06148314,0.0,0.65,0.49,4892.0,,,,,,,,,,,,,,,,,,,,,,,,,7.067343315916469,41.2296628,0.0,,2.438,0.042,1.188,0.02,3.562,0.061,0.562,0.01,0.01188,0.02,0.05343,0.0915,0.01405,0.025,0.21586,0.0,0.0,74.671875,1.2725221974047056,0.0,0.0,2.613515625,4.453827690916469,7.067343315916469,4634,,,0.0170810722682058,Information
283285,4893.0,4292.199656,RUS,Russia,Perm',2.391173984,0.0,0.65,0.49,4893.0,,,,,,,,,,,,,,,,,,,,,,,,,6.817781357040811,47.82347968,0.0,,1.25,0.029,0.562,0.013,5.875,0.137,1.0,0.023,0.00562,0.013,0.088125,0.2055,0.025,0.0574999999999999,0.394745,0.0,0.0,58.5,1.3629375305830889,0.0,0.0,2.0475,4.770281357040811,6.817781357040811,14338,,,0.0209204821196562,Information
283287,4895.0,510.2369033,RUS,Russia,Perm',0.164208537,0.0,0.65,0.49,4895.0,,,,,,,,,,,,,,,,,,,,,,,,,1.92545,3.2841707399999995,0.0,,0.0,0.0,0.0,0.0,4.25,0.833,1.188,0.233,0.0,0.0,0.06375,1.2494999999999998,0.0296999999999999,0.5825,1.92545,0.0,0.0,2.53125,0.4960930861054333,0.0,0.0,0.08859375,1.7363258013690166,1.8249195513690168,13,,,4.4900051565833296e-05,Information
283289,4897.0,2784.132323,RUS,Russia,Perm',0.84724214,0.0,0.65,0.49,4897.0,,,,,,,,,,,,,,,,,,,,,,,,,2.6784350000000003,16.9448428,0.0,,12.5,0.449,5.688,0.204,21.562,0.774,8.125,0.292,0.05688,0.204,0.32343,1.161,0.203125,0.73,2.6784350000000003,0.0,0.0,10.6875,0.3838718408113952,0.0,0.0,0.3740625,1.3435514428398831,1.7176139428398831,76,,,0.0002970735473692,Information
283291,4898.0,6113.228147,RUS,Russia,Perm',2.072110072,0.0,0.65,0.49,4898.0,,,,,,,,,,,,,,,,,,,,,,,,,23.182863845074024,41.442201440000005,0.0,,1.812,0.03,1.188,0.019,2.688,0.044,1.062,0.017,0.01188,0.019,0.04032,0.066,0.02655,0.0425,0.20625,0.0,0.0,251.296875,4.110706634306864,0.0,0.0,8.795390625,14.387473220074025,23.182863845074024,7504,,,0.1770668943361072,Information
283292,4899.0,5447.313843,RUS,Russia,Perm',2.935035205,0.0,0.65,0.49,4899.0,,,,,,,,,,,,,,,,,,,,,,,,,7.592766638027085,58.7007041,0.0,,0.75,0.014,0.188,0.003,7.688,0.141,3.688,0.068,0.00188,0.003,0.11532,0.2114999999999999,0.0922,0.17,0.5939,0.0,0.0,76.5,1.404361896579167,0.0,0.0,2.6775,4.915266638027084,7.592766638027085,160,,,0.0451659610043865,Information
283293,4900.0,621.9081683,RUS,Russia,Perm',3.210312188,0.0,0.65,0.49,4900.0,,,,,,,,,,,,,,,,,,,,,,,,,33.205036110160584,64.20624376,0.0,,0.688,0.111,0.25,0.04,1.125,0.181,0.25,0.04,0.0025,0.04,0.016875,0.2714999999999999,0.00625,0.1,0.437125,0.0,0.0,55.546875,8.931684424331594,0.0,0.0,1.944140625,31.26089548516058,33.205036110160584,904,,,0.4700787458682907,Advisory
283294,4901.0,9873.642453,RUS,Russia,Perm',0.470979744,0.0,0.65,0.49,4901.0,,,,,,,,,,,,,,,,,,,,,,,,,5.111876549769453,9.41959488,0.0,,0.0,0.0,0.0,0.0,3.562,0.036,0.0,0.0,0.0,0.0,0.05343,0.0539999999999999,0.0,0.0,0.10743,0.0,0.0,72.5625,0.7349111570769865,0.0,0.0,2.5396875,2.572189049769453,5.111876549769453,24863,,,0.0020222412710115,Information
283295,4902.0,3337.981611,RUS,Russia,Perm',3.019071524,0.0,0.65,0.49,4902.0,,,,,,,,,,,,,,,,,,,,,,,,,5.487075772911571,60.381430480000006,0.0,,4.25,0.127,0.688,0.021,1.625,0.049,0.375,0.011,0.00688,0.021,0.024375,0.0735,0.009375,0.0274999999999999,0.16263,0.0,0.0,39.234375,1.1753921851175917,0.0,0.0,1.373203125,4.113872647911571,5.487075772911571,6355,,,0.0240263278985855,Information
283297,4904.0,897.712818,RUS,Russia,Perm',2.991297489,0.0,0.65,0.49,4904.0,,,,,,,,,,,,,,,,,,,,,,,,,32.62279410820332,59.82594978,0.0,,0.125,0.014,0.125,0.014,0.438,0.049,0.25,0.028,0.00125,0.014,0.00657,0.0735,0.00625,0.07,0.17157,0.0,0.0,76.78125,8.55298581662952,0.0,0.0,2.68734375,29.93545035820332,32.62279410820332,599,,,0.4175324924242422,Advisory
283301,4907.0,4001.511661,RUS,Russia,Tatarstan,0.929748122,0.0,0.65,0.49,4907.0,,,,,,,,,,,,,,,,,,,,,,,,,28.55393362545864,18.59496244,0.0,,6.688,0.167,4.812,0.12,2.375,0.059,1.375,0.034,0.04812,0.12,0.035625,0.0885,0.034375,0.085,0.41162,0.0,0.0,233.15625,5.826704250131039,0.0,0.0,8.16046875,20.39346487545864,28.55393362545864,1250793,,,0.1474016856860467,Information
283302,4908.0,18087.28503,RUS,Russia,Tatarstan,1.068126918,0.0,0.65,0.49,4908.0,,,,,,,,,,,,,,,,,,,,,,,,,9.11052101442626,21.36253836,0.0,,6.688,0.037,6.312,0.035,4.938,0.027,1.438,0.008,0.06312,0.035,0.07407,0.0405,0.0359499999999999,0.02,0.26864,0.0,0.0,167.625,0.9267560041217888,0.0,0.0,5.866875,3.243646014426261,9.11052101442626,778436,,,0.0155645579573485,Information
283303,4909.0,709.0395839,RUS,Russia,Tatarstan,2.396691778,0.0,0.65,0.49,4909.0,,,,,,,,,,,,,,,,,,,,,,,,,39.1540625,47.933835560000006,0.0,,2.312,0.326,2.312,0.326,1.25,0.176,0.312,0.044,0.0231199999999999,0.326,0.01875,0.264,0.0078,0.1099999999999999,0.74967,0.0,0.0,118.6875,16.73919237966355,0.0,0.0,4.1540625,35.0,39.1540625,182193,,,0.38781781196318,Advisory
283305,4911.0,6602.686733,RUS,Russia,Mariy-El,0.840294139,0.0,0.65,0.49,4911.0,,,,,,,,,,,,,,,,,,,,,,,,,15.6806794061247,16.80588278,0.0,,2.812,0.043,2.812,0.043,1.0,0.015,0.75,0.011,0.02812,0.043,0.015,0.0225,0.01875,0.0274999999999999,0.1548699999999999,0.0,0.0,178.171875,2.698475366035628,0.0,0.0,6.236015625,9.4446637811247,15.6806794061247,413974,,,0.0475837358809902,Information
283307,4913.0,8963.047012,RUS,Russia,Chuvash,0.43264236,0.0,0.65,0.49,4913.0,,,,,,,,,,,,,,,,,,,,,,,,,16.057110678937093,8.6528472,0.0,,3.125,0.035,1.5,0.017,1.75,0.02,0.375,0.004,0.015,0.017,0.02625,0.03,0.009375,0.01,0.1076249999999999,0.0,0.0,216.84375,2.4193084082677405,0.0,0.0,7.58953125,8.467579428937093,16.057110678937093,848088,,,0.0410600256443877,Information
283308,4914.0,39526.63274,RUS,Russia,Kostroma,0.7468066,0.0,0.65,0.49,4914.0,,,,,,,,,,,,,,,,,,,,,,,,,52.11035817618315,14.936132,0.0,,293.125,0.742,75.688,0.191,0.188,0.0,0.125,0.0,0.75688,0.191,0.00282,0.0,0.003125,0.0,0.953825,0.0,0.0,1932.328125,4.888673764623756,0.0,0.0,35.0,17.110358176183148,52.11035817618315,232314,,,0.3120532852372925,Advisory
283402,4917.0,8008.569754,RUS,Russia,Nizhegorod,0.871465122,0.0,0.65,0.49,4917.0,,,,,,,,,,,,,,,,,,,,,,,,,4.880827164216109,17.42930244,0.0,,14.812,0.185,7.25,0.091,0.0,0.0,0.0,0.0,0.0725,0.091,0.0,0.0,0.0,0.0,0.1634999999999999,0.0,0.0,62.015625,0.7743657969188883,0.0,0.0,2.170546875,2.710280289216109,4.880827164216109,126976,,,0.0023395030089119,Information
283404,4919.0,11195.8197,RUS,Russia,Mordovia,0.606344912,0.0,0.65,0.49,4919.0,,,,,,,,,,,,,,,,,,,,,,,,,4.491298693626984,12.12689824,0.0,,83.062,0.742,13.062,0.117,0.0,0.0,0.0,0.0,0.1306199999999999,0.117,0.0,0.0,0.0,0.0,0.24762,0.0,0.0,67.78125,0.6054156981791381,0.0,0.0,2.37234375,2.1189549436269832,4.491298693626984,574739,,,0.0014709144056593,Information
283407,4922.0,15294.84921,RUS,Russia,Penza,1.895443168,0.0,0.65,0.49,4922.0,,,,,,,,,,,,,,,,,,,,,,,,,6.121182324219237,37.90886336,0.0,,74.25,0.485,14.438,0.094,0.0,0.0,0.0,0.0,0.14438,0.094,0.0,0.0,0.0,0.0,0.23838,0.0,0.0,105.75,0.6914092354912108,0.0,0.0,3.70125,2.419932324219238,6.121182324219237,769804,,,0.0102560070707252,Information
283408,4923.0,5385.736623,RUS,Russia,Penza,0.737783521,0.0,0.65,0.49,4923.0,,,,,,,,,,,,,,,,,,,,,,,,,3.627634037357767,14.75567042,0.0,,27.875,0.518,6.562,0.122,0.0,0.0,0.0,0.0,0.06562,0.122,0.0,0.0,0.0,0.0,0.18762,0.0,0.0,36.28125,0.673654367816505,0.0,0.0,1.26984375,2.3577902873577674,3.627634037357767,44892,,,0.0007971681634695,Information
283500,4925.0,14265.7451,RUS,Russia,Nizhegorod,0.535134507,0.0,0.65,0.49,4925.0,,,,,,,,,,,,,,,,,,,,,,,,,46.73256119588271,10.70269014,0.0,,35.938,0.252,17.25,0.121,0.312,0.002,0.125,0.001,0.1725,0.121,0.00468,0.003,0.003125,0.0025,0.306805,0.0,0.0,784.96875,5.502472841680776,0.0,0.0,27.47390625,19.258654945882714,46.73256119588271,618615,,,0.2586444280503469,Advisory
283610,4926.0,8650.457835,RUS,Russia,Nizhegorod,0.61280566,0.0,0.65,0.49,4926.0,,,,,,,,,,,,,,,,,,,,,,,,,31.527071771507988,12.2561132,0.0,,172.062,1.989,89.75,1.038,0.938,0.011,0.812,0.009,0.8975,1.038,0.01407,0.0165,0.0203,0.0225,2.00887,0.0,0.0,417.796875,4.829766041859425,0.0,0.0,14.622890625,16.904181146507987,31.527071771507988,496556,,,0.1530178884627794,Information
283620,4927.0,29222.13962,RUS,Russia,Kostroma,1.495010316,0.0,0.65,0.49,4927.0,,,,,,,,,,,,,,,,,,,,,,,,,9.559130284661435,29.90020632,0.0,,46.562,0.159,26.0,0.089,0.25,0.001,0.25,0.001,0.26,0.089,0.00375,0.0015,0.00625,0.0025,0.3629999999999999,0.0,0.0,203.484375,0.6963363313318393,0.0,0.0,7.121953125,2.4371771596614376,9.559130284661435,73097,,,0.0231623273236874,Information
283662,4932.0,6831.565656,RUS,Russia,Yaroslavl',1.157916956,0.0,0.65,0.49,4932.0,4932.0,0.0,14.0,-9999.0,-9999.0,-9999.0,0.0,1.0,-999.9,-999.9,-999.9,-5997.4,0.0,0.0,0.0,0.0,0.0,0.0,0.0,0.0,0.0,0.0,0.0,-5997.4,7.409280882259118,23.15833912,0.0,,,,,,,,,,,,,,,,,0.0,0.0,85.921875,1.2577186449311766,0.0,0.0,3.007265625,4.402015257259118,7.409280882259118,17248,,,0.009667365734628,Information
283664,4934.0,37717.25221,RUS,Russia,Novgorod,1.510521574,0.0,0.65,0.49,4934.0,,,,,,,,,,,,,,,,,,,,,,,,,50.1151196813193,30.21043148,0.0,,16.375,0.043,13.5,0.036,14.938,0.04,9.875,0.026,0.135,0.036,0.22407,0.06,0.246875,0.065,0.766945,0.0,0.0,1628.859375,4.318605623234085,0.0,0.0,35.0,15.115119681319296,50.1151196813193,195689,,,0.3702611372728583,Advisory
283665,4935.0,4552.166758,RUS,Russia,Vologda,1.620916035,0.0,0.65,0.49,4935.0,,,,,,,,,,,,,,,,,,,,,,,,,57.12875,32.4183207,0.0,,7.938,0.174,3.812,0.084,4.188,0.092,5.25,0.115,0.03812,0.084,0.06282,0.138,0.13125,0.2875,0.74169,0.0,0.0,632.25,13.88899031253738,0.0,0.0,22.12875,35.0,57.12875,10565,,,0.4332800602815083,Advisory
283667,4937.0,13502.98719,RUS,Russia,Vologda,3.603615649,0.0,0.65,0.49,4937.0,,,,,,,,,,,,,,,,,,,,,,,,,40.78701940365201,72.07231297999999,0.0,3.0,11.188,0.083,7.75,0.057,2.0,0.015,1.062,0.008,0.0775,0.057,0.03,0.0225,0.02655,0.02,0.23355,0.0,0.0,669.515625,4.958277865329146,0.0,0.0,23.433046875,17.35397252865201,40.78701940365201,366471,14355.0,3.9170903018247007,0.6475615006262411,Watch
283668,4938.0,3455.225571,RUS,Russia,Vologda,3.12644805,0.0,0.65,0.49,4938.0,,,,,,,,,,,,,,,,,,,,,,,,,22.98075754052496,62.528961,0.0,,2.812,0.081,2.75,0.08,0.25,0.007,0.312,0.009,0.0275,0.08,0.00375,0.0105,0.0078,0.0225,0.15205,0.0,0.0,168.609375,4.879836975864276,0.0,0.0,5.901328125,17.079429415524963,22.98075754052496,2635,,,0.3124523169502516,Information
283669,4939.0,4508.43974,RUS,Russia,Vologda,2.536429165,0.0,0.65,0.49,4939.0,,,,,,,,,,,,,,,,,,,,,,,,,16.37742274738407,50.7285833,0.0,,7.5,0.166,6.5,0.144,2.312,0.051,2.125,0.047,0.065,0.144,0.03468,0.0765,0.053125,0.1175,0.490805,0.0,0.0,145.40625,3.225201142109734,0.0,0.0,5.08921875,11.28820399738407,16.37742274738407,1765,,,0.1353525140820463,Information
283674,4943.0,5826.786993,RUS,Russia,Moskva,0.683670815,0.0,0.65,0.49,4943.0,,,,,,,,,,,,,,,,,,,,,,,,,23.20833132911361,13.6734163,0.0,,0.125,0.002,0.062,0.001,6.438,0.11,2.5,0.043,0.00062,0.001,0.09657,0.165,0.0625,0.1074999999999999,0.43319,0.0,0.0,244.125,4.189701808318174,0.0,0.0,8.544375,14.663956329113608,23.20833132911361,410116,,,0.0944860026193651,Information
283675,4944.0,2378.89798,RUS,Russia,Tver',0.652592983,0.0,0.65,0.49,4944.0,,,,,,,,,,,,,,,,,,,,,,,,,44.18421875,13.05185966,0.0,,0.312,0.013,0.312,0.013,14.125,0.594,2.125,0.089,0.00312,0.013,0.211875,0.891,0.053125,0.2224999999999999,1.39462,0.0,0.0,262.40625,11.030580216591492,0.0,0.0,9.18421875,35.0,44.18421875,93815,,,0.2492206891040755,Advisory
283676,4945.0,6329.120184,RUS,Russia,Moskva,0.708271803,0.0,0.65,0.49,4945.0,,,,,,,,,,,,,,,,,,,,,,,,,20.177804966489216,14.16543606,0.0,,0.062,0.001,0.062,0.001,1.938,0.031,0.438,0.007,0.00062,0.001,0.02907,0.0465,0.01095,0.0175,0.10564,0.0,0.0,223.453125,3.5305558832826325,0.0,0.0,7.820859375,12.356945591489216,20.177804966489216,127544,,,0.0738311068200094,Information
283677,4946.0,921.1319261,RUS,Russia,Tver',2.613175274,0.0,0.65,0.49,4946.0,,,,,,,,,,,,,,,,,,,,,,,,,28.71054924887796,52.26350548,0.0,,0.062,0.007,0.062,0.007,2.938,0.319,0.812,0.088,0.00062,0.007,0.04407,0.4785,0.0203,0.2199999999999999,0.77049,0.0,0.0,69.1875,7.511139071107988,0.0,0.0,2.4215625,26.28898674887796,28.71054924887796,131873,,,0.305575360591877,Information
283701,4951.0,1377.646325,RUS,Russia,Nizhegorod,0.439722482,0.0,0.65,0.49,4951.0,,,,,,,,,,,,,,,,,,,,,,,,,40.5321875,8.79444964,0.0,,92.188,6.692,48.0,3.484,0.188,0.014,0.0,0.0,0.48,3.484,0.00282,0.021,0.0,0.0,3.98782,0.0,0.0,158.0625,11.4733728944851,0.0,0.0,5.5321875,35.0,40.5321875,939437,,,0.2086772813777052,Advisory
283702,4952.0,42516.51358,RUS,Russia,Vladimir,0.954903732,0.0,0.65,0.49,4952.0,,,,,,,,,,,,,,,,,,,,,,,,,49.69969277647716,19.09807464,0.0,,418.812,0.985,197.812,0.465,2.125,0.005,0.562,0.001,1.97812,0.465,0.031875,0.0075,0.01405,0.0025,2.499045,0.0,0.0,1785.65625,4.199912221850616,0.0,0.0,35.0,14.699692776477155,49.69969277647716,3868180,,,0.3130445307515139,Advisory
283703,4953.0,2928.981307,RUS,Russia,Nizhegorod,1.07850983,0.0,0.65,0.49,4953.0,,,,,,,,,,,,,,,,,,,,,,,,,31.00289578745613,21.5701966,0.0,,126.938,4.334,38.062,1.3,0.062,0.002,0.0,0.0,0.3806199999999999,1.3,0.0009299999999999,0.003,0.0,0.0,1.68455,0.0,0.0,200.671875,6.851251474987465,0.0,0.0,7.023515625,23.979380162456128,31.00289578745613,130161,,,0.1766717845083011,Information
283705,4955.0,64.93395328,RUS,Russia,Vladimir,1.157979042,0.0,0.65,0.49,4955.0,,,,,,,,,,,,,,,,,,,,,,,,,36.0828125,23.15958084,0.0,,1.438,2.214,1.438,2.214,0.062,0.096,0.0,0.0,0.0143799999999999,2.214,0.0009299999999999,0.144,0.0,0.0,2.37331,0.0,0.0,30.9375,47.6445656489557,0.0,0.0,1.0828125,35.0,36.0828125,464,,,0.2248503351191455,Advisory
283706,4956.0,7799.110018,RUS,Russia,Nizhegorod,0.88195329,0.0,0.65,0.49,4956.0,,,,,,,,,,,,,,,,,,,,,,,,,6.908105099976259,17.6390658,0.0,,31.25,0.401,5.438,0.07,0.0,0.0,0.0,0.0,0.05438,0.07,0.0,0.0,0.0,0.0,0.12438,0.0,0.0,86.484375,1.1089005642789311,0.0,0.0,3.026953125,3.881151974976259,6.908105099976259,256807,,,0.0065983618054664,Information
283707,4957.0,4129.157979,RUS,Russia,Nizhegorod,0.175521406,0.0,0.65,0.49,4957.0,4957.0,0.0,1.0,-9999.0,-9999.0,-9999.0,0.0,10.0,-999.9,-999.9,-999.9,-5979.4,0.0,0.0,0.0,0.0,0.0,0.0,0.0,0.0,0.0,0.0,0.0,-5979.4,31.6118297561315,3.51042812,0.0,,32.875,0.796,31.625,0.766,0.0,0.0,0.0,0.0,0.31625,0.766,0.0,0.0,0.0,0.0,1.08225,0.0,0.0,263.953125,6.392420108894714,0.0,0.0,9.238359375,22.3734703811315,31.6118297561315,240107,,,0.1322317154981641,Information
283709,4959.0,197.9715267,RUS,Russia,Ryazan',1.030292858,0.0,0.65,0.49,4959.0,,,,,,,,,,,,,,,,,,,,,,,,,38.145078125,20.60585716,0.0,,2.25,1.137,2.125,1.073,0.062,0.032,0.188,0.095,0.02125,1.073,0.0009299999999999,0.048,0.0046999999999999,0.2375,1.38538,0.0,0.0,89.859375,45.39005002989195,0.0,0.0,3.145078125,35.0,38.145078125,213,,,0.2317707180207966,Advisory
283802,4961.0,21484.64669,RUS,Russia,Tambov,0.645623891,0.0,0.65,0.49,4961.0,,,,,,,,,,,,,,,,,,,,,,,,,11.417791356213147,12.91247782,0.0,,231.0,1.075,77.0,0.358,0.25,0.001,0.812,0.004,0.77,0.358,0.00375,0.0015,0.0203,0.01,1.16355,0.0,0.0,222.609375,1.0361323517751853,0.0,0.0,7.791328125,3.626463231213149,11.417791356213147,697002,,,0.0210899500167529,Information
283805,4964.0,11355.88688,RUS,Russia,Mordovia,0.970466832,0.0,0.65,0.49,4964.0,,,,,,,,,,,,,,,,,,,,,,,,,4.017139036814995,19.40933664,0.0,,29.062,0.256,6.125,0.054,0.0,0.0,0.0,0.0,0.06125,0.054,0.0,0.0,0.0,0.0,0.1152499999999999,0.0,0.0,61.03125,0.5374415105185699,0.0,0.0,2.13609375,1.8810452868149947,4.017139036814995,152555,,,0.0013551687383197,Information
283808,4967.0,2022.800681,RUS,Russia,Penza,0.889664289,0.0,0.65,0.49,4967.0,,,,,,,,,,,,,,,,,,,,,,,,,1.5212005703029967,17.79328578,0.0,,10.438,0.516,4.062,0.201,0.0,0.0,0.0,0.0,0.04062,0.201,0.0,0.0,0.0,0.0,0.24162,0.0,0.0,7.3125,0.3615037343722848,0.0,0.0,0.2559375,1.2652630703029968,1.5212005703029967,26345,,,3.3073283709980286e-05,Information
283809,4968.0,2370.025703,RUS,Russia,Penza,0.179582135,0.0,0.65,0.49,4968.0,,,,,,,,,,,,,,,,,,,,,,,,,2.0294353321233487,3.5916427,0.0,,22.0,0.928,3.188,0.134,0.0,0.0,0.0,0.0,0.03188,0.134,0.0,0.0,0.0,0.0,0.16588,0.0,0.0,11.109375,0.4687449163209568,0.0,0.0,0.388828125,1.6406072071233486,2.0294353321233487,59921,,,5.650002856204591e-05,Information
283910,4969.0,7142.026011,RUS,Russia,Ryazan',0.365194314,0.0,0.65,0.49,4969.0,,,,,,,,,,,,,,,,,,,,,,,,,34.74292081544836,7.30388628,0.0,,18.125,0.254,15.25,0.214,0.562,0.008,1.188,0.017,0.1525,0.214,0.00843,0.012,0.0296999999999999,0.0425,0.45913,0.0,0.0,413.578125,5.790767554413816,0.0,0.0,14.475234375,20.267686440448355,34.74292081544836,150625,,,0.1632099107445499,Information
283920,4970.0,5169.853221,RUS,Russia,Ryazan',2.012920664,0.0,0.65,0.49,4970.0,,,,,,,,,,,,,,,,,,,,,,,,,61.435390625,40.25841328,0.0,3.0,32.875,0.636,27.25,0.527,0.562,0.011,0.5,0.01,0.2725,0.527,0.00843,0.0165,0.0125,0.025,0.8619300000000001,0.0,0.0,755.296875,14.60963866336834,0.0,0.0,26.435390625,35.0,61.435390625,40396,2253.0,5.577284879691058,0.5111520520953056,Watch
283930,4971.0,7835.917134,RUS,Russia,Ryazan',1.054492018,0.0,0.65,0.49,4971.0,,,,,,,,,,,,,,,,,,,,,,,,,26.293553317188703,21.08984036,0.0,,52.938,0.676,13.688,0.175,2.188,0.028,0.5,0.006,0.13688,0.175,0.03282,0.042,0.0125,0.015,0.4142,0.0,0.0,330.046875,4.211975054911059,0.0,0.0,11.551640625,14.741912692188706,26.293553317188703,85706,,,0.1358870431899456,Information
283940,4972.0,10202.2079,RUS,Russia,Ryazan',0.774752123,0.0,0.65,0.49,4972.0,,,,,,,,,,,,,,,,,,,,,,,,,4.960814970884549,15.49504246,0.0,,105.5,1.034,36.25,0.355,3.5,0.034,0.375,0.004,0.3625,0.355,0.0525,0.051,0.009375,0.01,0.8403750000000001,0.0,0.0,71.578125,0.7015944559670138,0.0,0.0,2.505234375,2.455580595884548,4.960814970884549,220051,,,0.0022895623664721,Information
283950,4973.0,8842.803236,RUS,Russia,Ryazan',0.71571893,0.0,0.65,0.49,4973.0,,,,,,,,,,,,,,,,,,,,,,,,,30.907670040488355,14.3143786,0.0,,25.125,0.284,25.125,0.284,3.062,0.035,0.938,0.011,0.25125,0.284,0.04593,0.0525,0.02345,0.0274999999999999,0.68463,0.0,0.0,414.421875,4.686544118710959,0.0,0.0,14.504765625,16.402904415488358,30.907670040488355,724829,,,0.1539399687188314,Information
283960,4974.0,17657.65713,RUS,Russia,Moskva,0.280476628,0.0,0.65,0.49,4974.0,,,,,,,,,,,,,,,,,,,,,,,,,31.099168865406845,5.60953256,0.0,,0.438,0.002,0.188,0.001,10.625,0.06,1.0,0.006,0.00188,0.001,0.159375,0.09,0.025,0.015,0.292255,0.0,0.0,567.28125,3.2126643186876698,0.0,0.0,19.85484375,11.244325115406845,31.099168865406845,17190244,,,0.1334437190431379,Information
283984,4979.0,9550.967241,RUS,Russia,Tula,1.206147047,0.0,0.65,0.49,4979.0,,,,,,,,,,,,,,,,,,,,,,,,,0.8463125058268115,24.12294094,0.0,,30.688,0.321,9.875,0.103,0.062,0.001,0.0,0.0,0.09875,0.103,0.0009299999999999,0.0015,0.0,0.0,0.2041799999999999,0.0,0.0,11.8125,0.1236785730933747,0.0,0.0,0.4134375,0.4328750058268114,0.8463125058268115,976297,,,3.4624963115290218e-06,Information
284100,4993.0,114.192942,RUS,Russia,Astrakhan',3.524773902,0.0,0.65,0.49,4993.0,,,,,,,,,,,,,,,,,,,,,,,,,37.7759375,70.49547804000001,0.0,,0.0,0.0,0.0,0.0,5.375,4.707,14.062,12.315,0.0,0.0,0.080625,7.060499999999999,0.35155,25.0,32.492675,0.0,0.0,79.3125,69.45481794324418,0.0,0.0,2.7759375,35.0,37.7759375,102,,,0.5975957223186036,Advisory
284201,4994.0,1377.175972,RUS,Russia,Astrakhan',3.064249289,0.0,0.65,0.49,4994.0,,,,,,,,,,,,,,,,,,,,,,,,,40.615859375,61.28498578,0.0,,0.0,0.0,0.0,0.0,1.625,0.118,3.688,0.268,0.0,0.0,0.024375,0.177,0.0922,0.67,0.963575,0.0,0.0,160.453125,11.650880368084628,0.0,0.0,5.615859375,35.0,40.615859375,12985,,,0.5191144336126872,Advisory
284202,4995.0,32010.69906,RUS,Russia,Kalmyk,0.772228076,0.0,0.65,0.49,4995.0,4995.0,1.0,4.0,94.0,19.0,2.0,3.0,7.0,9.4,1.9,0.2,-1298.2666666666669,0.0,0.0,0.0,0.0,0.0,0.0,0.0,0.0,0.0,0.0,0.0,-1298.2666666666669,22.181740507711908,15.44456152,0.0,,,,,,,,,,,,,,,,,0.0,0.0,482.90625,1.5085776450605446,0.0,0.0,16.90171875,5.280021757711906,22.181740507711908,203646,,,0.090425736658947,Information
284301,5003.0,2066.802652,RUS,Russia,Kalmyk,3.643185602,0.0,0.65,0.49,5003.0,,,,,,,,,,,,,,,,,,,,,,,,,25.862249029931696,72.86371204,0.0,,0.0,0.0,0.0,0.0,0.0,0.0,5.562,0.269,0.0,0.0,0.0,0.0,0.13905,0.6725000000000001,0.8115500000000001,0.0,0.0,126.5625,6.123589008551913,0.0,0.0,4.4296875,21.432561529931696,25.862249029931696,15973,,,0.4808232412566783,Advisory
284304,5006.0,6026.358365,RUS,Russia,Kalmyk,0.753208374,0.0,0.65,0.49,5006.0,5006.0,1.0,4.0,74.0,27.0,3.0,3.0,7.0,7.4,2.7,0.3,-1298.7333333333331,0.0,0.0,0.0,0.0,0.0,0.0,0.0,0.0,0.0,0.0,0.0,-1298.7333333333331,15.57605374357692,15.064167479999998,0.0,,,,,,,,,,,,,,,,,0.0,0.0,167.34375,2.7768635695934054,0.0,0.0,5.85703125,9.71902249357692,15.57605374357692,13706,,,0.0449276646991107,Information
284305,5007.0,2629.40532,RUS,Russia,Dagestan,4.022837946,0.0,0.65,0.49,5007.0,5007.0,1.0,5.0,88.0,15.0,-9999.0,3.0,6.0,8.8,1.5,-999.9,-1961.2,0.0,0.0,0.0,0.0,0.0,0.0,0.0,0.0,0.0,0.0,0.0,-1961.2,11.252859504879254,80.45675892,0.0,,,,,,,,,,,,,,,,,0.0,0.0,66.9375,2.545727715679787,0.0,0.0,2.3428125,8.910047004879253,11.252859504879254,2789,,,0.2904717008178296,Information
284306,5008.0,1504.882016,RUS,Russia,Dagestan,4.01996032,0.0,0.65,0.49,5008.0,5008.0,1.0,4.0,66.0,9.0,-9999.0,3.0,7.0,6.6,0.9,-999.9,-953.9,0.0,0.0,0.0,0.0,0.0,0.0,0.0,0.0,0.0,0.0,0.0,-953.9,6.885910705671597,80.3992064,0.0,,,,,,,,,,,,,,,,,0.0,0.0,25.734375,1.7100593087633134,0.0,0.0,0.900703125,5.985207580671597,6.885910705671597,22,,,0.1477591273569098,Information
284307,5009.0,716.6144031,RUS,Russia,Dagestan,4.00885362,0.0,0.65,0.49,5009.0,5009.0,2.0,6.0,100.0,60.0,7.0,7.0,5.0,10.0,6.0,0.7,57.4,0.0,0.0,0.0,0.0,0.0,0.0,0.0,0.0,0.0,0.0,0.0,57.4,57.4,80.1770724,0.0,,,,,,,,,,,,,,,,,0.0,0.0,14.203125,1.9819759328685629,0.0,0.0,0.497109375,6.93691576503997,7.43402514003997,45,,,0.8561555194972792,Warning
284308,5010.0,42918.46455,RUS,Russia,Stavropol',1.687973674,0.0,0.65,0.49,5010.0,5010.0,1.0,4.0,49.0,11.0,-9999.0,3.0,7.0,4.9,1.1,-999.9,-246.6307692307692,0.0,0.0,0.0,0.0,0.0,0.0,0.0,0.0,0.0,0.0,0.0,-246.6307692307692,9.624913186095272,33.75947348,0.0,,22.062,0.051,16.188,0.038,0.125,0.0,0.0,0.0,0.16188,0.038,0.001875,0.0,0.0,0.0,0.201755,0.0,0.0,223.03125,0.5196626960272205,0.0,0.0,7.80609375,1.818819436095272,9.624913186095272,1725812,,,0.0268693047557613,Information
284309,5011.0,4120.559378,RUS,Russia,Dagestan,3.437669641,0.0,0.65,0.49,5011.0,,,,,,,,,,,,,,,,,,,,,,,,,51.818046875,68.75339282,0.0,3.0,0.0,0.0,0.0,0.0,3.0,0.073,6.25,0.152,0.0,0.0,0.045,0.1094999999999999,0.15625,0.38,0.69075,0.0,0.0,480.515625,11.661417320627372,0.0,0.0,16.818046875,35.0,51.818046875,132608,428.0,0.32275579150579153,0.6935111887910412,Watch
284402,5013.0,3906.515405,RUS,Russia,Dagestan,1.240090102,0.0,0.65,0.49,5013.0,5013.0,1.0,3.0,64.0,9.0,2.0,3.0,8.0,6.4,0.9,0.2,34.0,0.0,0.0,0.0,0.0,0.0,0.0,0.0,0.0,0.0,0.0,0.0,34.0,34.0,24.80180204,0.0,,,,,,,,,,,,,,,,,0.0,0.0,101.671875,2.602623168277584,0.0,0.0,3.558515625,9.109181088971544,12.667696713971544,456008,,,0.2136656185214608,Information
284404,5015.0,12179.09352,RUS,Russia,Chechnya,1.419627135,0.0,0.65,0.49,5015.0,5015.0,1.0,4.0,80.0,27.0,2.0,3.0,7.0,8.0,2.7,0.2,41.8,0.0,0.0,0.0,0.0,0.0,0.0,0.0,0.0,0.0,0.0,0.0,41.8,41.8,28.3925427,0.0,,,,,,,,,,,,,,,,,0.0,0.0,3.234375,0.0265567794134478,0.0,0.0,0.113203125,0.0929487279470673,0.2061518529470672,1532040,,,0.2951839812633386,Advisory
284405,5016.0,5546.331678,RUS,Russia,Stavropol',2.025874072,0.0,0.65,0.49,5016.0,5016.0,2.0,4.0,96.0,66.0,13.0,7.0,7.0,9.6,6.6,1.3,63.00000000000001,0.0,0.0,0.0,0.0,0.0,0.0,0.0,0.0,0.0,0.0,0.0,63.00000000000001,63.00000000000001,40.517481440000005,0.0,,,,,,,,,,,,,,,,,0.0,0.0,34.875,0.6287939854233228,0.0,0.0,1.220625,2.20077894898163,3.42140394898163,323778,,,0.5229075339576849,Watch
284406,5017.0,10185.88059,RUS,Russia,Kabardin-Balkar,1.450320529,0.0,0.65,0.49,5017.0,,,,,,,,,,,,,,,,,,,,,,,,,0.2828640119744099,29.00641058,0.0,,12.125,0.119,8.312,0.082,0.0,0.0,0.0,0.0,0.08312,0.082,0.0,0.0,0.0,0.0,0.16512,0.0,0.0,4.078125,0.0400370391355457,0.0,0.0,0.142734375,0.1401296369744099,0.2828640119744099,704996,,,1.6438792300991883e-08,Information
284503,5024.0,10209.90143,RUS,Russia,Dagestan,2.530031465,0.0,0.65,0.49,5024.0,5024.0,1.0,3.0,49.0,5.0,-9999.0,3.0,8.0,4.9,0.5,-999.9,-1967.0,0.0,0.0,0.0,0.0,0.0,0.0,0.0,0.0,0.0,0.0,0.0,-1967.0,7.004902845992347,50.6006293,0.0,,,,,,,,,,,,,,,,,0.0,0.0,101.109375,0.9903070631406704,0.0,0.0,3.538828125,3.4660747209923466,7.004902845992347,1860068,,,0.025390407877283,Information
311010,5765.0,7160.03112,RUS,Russia,Yamal-Nenets,2.037697054,4.005344786,0.65,0.49,5765.0,,,,,,,,,,,,,,,,,,,,,,,,,68.68294708321298,40.75394108,80.10689572000001,3.0,22.125,0.309,10.5,0.147,47.562,0.664,39.375,0.55,0.105,0.147,0.7134299999999999,0.996,0.984375,1.375,4.320805,7.875,0.1099855554753239,954.28125,13.327892490277652,0.118125,0.1649783332129858,33.39984375,35.0,68.68294708321298,132,30.0,22.727272727272727,0.8923509119803915,Warning
312011,5782.0,3248.063244,RUS,Russia,Omsk,0.473002401,0.0,0.65,0.49,5782.0,,,,,,,,,,,,,,,,,,,,,,,,,46.15273761171562,9.46004802,0.0,,25.062,0.772,25.062,0.772,8.812,0.271,1.062,0.033,0.25062,0.772,0.13218,0.4065,0.02655,0.0825,1.6703500000000002,0.0,0.0,323.296875,9.953527710490178,0.0,0.0,11.315390625,34.83734698671562,46.15273761171562,13027,,,0.2502081316417101,Advisory
312012,5783.0,6497.324392,RUS,Russia,Novosibirsk,0.022927836,0.0,0.65,0.49,5783.0,,,,,,,,,,,,,,,,,,,,,,,,,70.0,0.45855672,0.0,3.0,151.812,2.337,147.562,2.271,46.562,0.717,6.625,0.102,1.4756200000000002,2.271,0.6984299999999999,1.0755,0.165625,0.255,5.941175,0.0,0.0,1239.46875,19.0766025412312,0.0,0.0,35.0,35.0,70.0,27257,2311.0,8.478555967274461,0.3623895719190872,Watch
312014,5785.0,25605.38685,RUS,Russia,Novosibirsk,2.092318324,0.0,0.65,0.49,5785.0,,,,,,,,,,,,,,,,,,,,,,,,,70.0,41.84636648,0.0,3.0,931.438,3.638,904.562,3.533,298.0,1.164,193.312,0.755,9.04562,3.533,4.47,1.746,4.832800000000001,1.8875,25.51492,0.0,0.0,6456.234375,25.21435982512713,0.0,0.0,35.0,35.0,70.0,70397,6521.0,9.263178828643266,0.5735450436397026,Watch
312015,5786.0,3094.536171,RUS,Russia,Novosibirsk,1.769404397,0.0,0.65,0.49,5786.0,,,,,,,,,,,,,,,,,,,,,,,,,57.3846875,35.38808794,0.0,,32.75,1.058,32.312,1.044,2.062,0.067,1.438,0.046,0.3231199999999999,1.044,0.03093,0.1005,0.0359499999999999,0.1149999999999999,1.6494999999999995,0.0,0.0,639.5625,20.667475341540275,0.0,0.0,22.3846875,35.0,57.3846875,8256,,,0.4527876981131312,Advisory
312017,5788.0,11584.62257,RUS,Russia,Novosibirsk,1.069429354,0.0,0.65,0.49,5788.0,,,,,,,,,,,,,,,,,,,,,,,,,70.0,21.38858708,0.0,3.0,185.438,1.601,180.25,1.556,14.5,0.125,25.938,0.224,1.8025,1.556,0.2175,0.1875,0.64845,0.56,4.97195,0.0,0.0,3130.59375,27.023700875666783,0.0,0.0,35.0,35.0,70.0,53885,4248.0,7.883455507098451,0.4538176919657768,Watch
312020,5789.0,27765.73184,RUS,Russia,Novosibirsk,1.197577431,0.0,0.65,0.49,5789.0,,,,,,,,,,,,,,,,,,,,,,,,,70.0,23.95154862,0.0,3.0,397.688,1.432,390.688,1.407,18.312,0.066,62.875,0.226,3.90688,1.407,0.27468,0.099,1.571875,0.5650000000000001,7.824435,0.0,0.0,3447.5625,12.416609507521995,0.0,0.0,35.0,35.0,70.0,132155,4444.0,3.362718020506224,0.4669753020719444,Watch
312041,5791.0,4319.114492,RUS,Russia,Altay,3.043400011,0.0,0.65,0.49,5791.0,,,,,,,,,,,,,,,,,,,,,,,,,19.40143617626179,60.86800022,0.0,,8.688,0.201,7.75,0.179,1.312,0.03,4.812,0.111,0.0775,0.179,0.01968,0.045,0.1203,0.2775,0.71898,0.0,0.0,167.203125,3.8712362289319393,0.0,0.0,5.852109375,13.549326801261788,19.40143617626179,66423,,,0.2414663694363084,Information
312042,5792.0,2494.93716,RUS,Russia,Altay,3.672823401,0.0,0.65,0.49,5792.0,,,,,,,,,,,,,,,,,,,,,,,,,19.42366870877938,73.45646802,0.0,,14.125,0.566,11.938,0.478,3.312,0.133,12.438,0.499,0.11938,0.478,0.04968,0.1995,0.31095,1.2475,2.40501,0.0,0.0,110.8125,4.441494631079824,0.0,0.0,3.8784375,15.545231208779382,19.42366870877938,17855,,,0.3774086476026221,Advisory
312044,5794.0,4656.199282,RUS,Russia,Altay,1.688650892,0.0,0.65,0.49,5794.0,,,,,,,,,,,,,,,,,,,,,,,,,25.237217240773703,33.77301784,0.0,,5.625,0.121,4.875,0.105,0.188,0.004,2.5,0.054,0.04875,0.105,0.00282,0.006,0.0625,0.135,0.36007,0.0,0.0,229.078125,4.919852247363916,0.0,0.0,8.017734375,17.219482865773706,25.237217240773703,33146,,,0.1673304670658357,Information
312045,5795.0,16137.47681,RUS,Russia,Altay,0.588063731,0.0,0.65,0.49,5795.0,5795.0,0.0,1.0,-9999.0,-9999.0,-9999.0,0.0,10.0,-999.9,-999.9,-999.9,-5979.4,0.0,0.0,0.0,0.0,0.0,0.0,0.0,0.0,0.0,0.0,0.0,-5979.4,70.0,11.76127462,0.0,3.0,49.188,0.305,47.125,0.292,4.562,0.028,34.375,0.213,0.47125,0.292,0.06843,0.042,0.859375,0.5325,2.265555,0.0,0.0,1860.890625,11.531484426986406,0.0,0.0,35.0,35.0,70.0,73519,7615.0,10.357866673921027,0.4084435059636451,Watch
312046,5796.0,3518.391401,RUS,Russia,Altay,0.553312692,0.0,0.65,0.49,5796.0,,,,,,,,,,,,,,,,,,,,,,,,,12.61354844762211,11.06625384,0.0,,1.75,0.05,1.688,0.048,0.0,0.0,0.75,0.021,0.01688,0.048,0.0,0.0,0.01875,0.0525,0.13613,0.0,0.0,93.796875,2.6659022350348884,0.0,0.0,3.282890625,9.33065782262211,12.61354844762211,34042,,,0.0254026794828263,Information
312050,5797.0,22336.50428,RUS,Russia,Altay,0.852437514,0.0,0.65,0.49,5797.0,,,,,,,,,,,,,,,,,,,,,,,,,51.60125765076634,17.04875028,0.0,,36.188,0.162,25.125,0.112,10.5,0.047,16.75,0.075,0.25125,0.112,0.1575,0.0705,0.41875,0.1875,1.1975,0.0,0.0,1059.46875,4.743216471647528,0.0,0.0,35.0,16.601257650766346,51.60125765076634,100136,,,0.3174979006838616,Advisory
312101,5798.0,5007.389506,RUS,Russia,Yamal-Nenets,2.50806233,0.0,0.65,0.49,5798.0,,,,,,,,,,,,,,,,,,,,,,,,,70.0,50.1612466,0.0,3.0,30.625,0.612,20.812,0.416,47.5,0.949,56.938,1.137,0.20812,0.416,0.7125,1.4235,1.42345,2.8425,7.02607,0.0,0.0,1798.734375,35.92159892290036,0.0,0.0,35.0,35.0,70.0,264,108.0,40.909090909090914,0.6329596653478491,Watch
312102,5799.0,12090.99131,RUS,Russia,Yamal-Nenets,2.173056555,0.0,0.65,0.49,5799.0,,,,,,,,,,,,,,,,,,,,,,,,,70.0924950160482,43.4611311,0.0,3.0,6.875,0.057,1.5,0.012,26.25,0.217,78.125,0.646,0.015,0.012,0.39375,0.3255,1.953125,1.615,4.314375,3.375,0.0279133440321371,1359.984375,11.247914588949913,0.050625,0.0418700160482056,35.0,35.0,70.0924950160482,77,33.0,42.857142857142854,0.5850724379902214,Watch
312103,5800.0,8634.146606,RUS,Russia,Yamal-Nenets,3.173423935,0.0,0.65,0.49,5800.0,5800.0,1.0,3.0,100.0,-9999.0,-9999.0,3.0,8.0,10.0,-999.9,-999.9,-3957.6,0.0,0.0,0.0,0.0,0.0,0.0,0.0,0.0,0.0,0.0,0.0,-3957.6,70.15023040006984,63.468478700000006,0.0,3.0,35.0,0.405,19.062,0.221,106.625,1.235,194.312,2.251,0.19062,0.221,1.599375,1.8525,4.8578,5.6275,14.348795,4.640625,0.0537473500465629,2820.09375,32.66210175253861,0.069609375,0.0806210250698443,35.0,35.0,70.15023040006984,4659,731.0,15.690062245116978,0.7429489282236151,Watch
312104,5801.0,20981.3459,RUS,Russia,Yamal-Nenets,4.015895199,0.0,0.65,0.49,5801.0,5801.0,0.0,1.0,-9999.0,-9999.0,-9999.0,0.0,10.0,-999.9,-999.9,-999.9,-5979.4,0.0,0.0,0.0,0.0,0.0,0.0,0.0,0.0,0.0,0.0,0.0,-5979.4,70.0,80.31790398,0.0,3.0,366.188,1.745,269.688,1.285,665.5,3.172,894.688,4.264,2.69688,1.285,9.9825,4.758,22.3672,10.66,51.74958,0.0,0.0,3616.3125,17.235846152107566,0.0,0.0,35.0,35.0,70.0,24856,100.0,0.4023173479240425,0.8977412735759955,Warning
312105,5802.0,1762.976603,RUS,Russia,Yamal-Nenets,1.620870695,0.0,0.65,0.49,5802.0,,,,,,,,,,,,,,,,,,,,,,,,,33.75937353969896,32.4174139,0.0,,0.375,0.021,0.375,0.021,10.938,0.62,18.562,1.053,0.00375,0.021,0.16407,0.93,0.46405,2.6325,4.21537,0.0,0.0,144.5625,8.199910297056846,0.0,0.0,5.0596875,28.69968603969896,33.75937353969896,17436,,,0.24381218409615,Information
312106,5803.0,4915.970351,RUS,Russia,Yamal-Nenets,1.852894766,0.0,0.65,0.49,5803.0,,,,,,,,,,,,,,,,,,,,,,,,,61.814375,37.05789532,0.0,3.0,31.5,0.641,19.438,0.395,67.125,1.365,107.562,2.188,0.19438,0.395,1.006875,2.0475,2.68905,5.470000000000001,11.802805,0.0,0.0,766.125,15.58441050993949,0.0,0.0,26.814375,35.0,61.814375,0,0.0,0.0,0.4927877606489618,Watch
312107,5804.0,373.8423328,RUS,Russia,Yamal-Nenets,0.442575105,0.0,0.65,0.49,5804.0,,,,,,,,,,,,,,,,,,,,,,,,,39.188515625,8.851502100000001,0.0,,3.5,0.936,2.75,0.736,10.062,2.692,13.438,3.594,0.0275,0.736,0.15093,4.038,0.3359499999999999,8.985,14.27338,0.0,0.0,119.671875,32.01132255789405,0.0,0.0,4.188515625,35.0,39.188515625,0,,,0.1993050075760117,Advisory
312108,5805.0,4607.668882,RUS,Russia,Yamal-Nenets,3.006917386,0.0,0.65,0.49,5805.0,,,,,,,,,,,,,,,,,,,,,,,,,29.95928623971584,60.13834772,0.0,,17.625,0.383,11.0,0.239,30.0,0.651,58.188,1.263,0.11,0.239,0.45,0.9765,1.4547,3.1575,6.3877,1.96875,0.0427276796660746,269.15625,5.841484205776206,0.02953125,0.0640915194991119,9.42046875,20.445194720216723,29.95928623971584,3142,,,0.3876016615101023,Advisory
312210,5807.0,14891.09806,RUS,Russia,Yamal-Nenets,3.103440439,0.0,0.65,0.49,5807.0,,,,,,,,,,,,,,,,,,,,,,,,,70.0,62.06880878,0.0,3.0,50.062,0.336,28.875,0.194,129.5,0.87,232.0,1.558,0.28875,0.194,1.9425,1.305,5.8,3.895,13.425249999999998,0.0,0.0,1700.71875,11.421043250741274,0.0,0.0,35.0,35.0,70.0,885,372.0,42.03389830508474,0.7299697418057763,Watch
312220,5808.0,13273.81926,RUS,Russia,Yamal-Nenets,1.787416353,0.0,0.65,0.49,5808.0,,,,,,,,,,,,,,,,,,,,,,,,,19.18411636244992,35.74832706,0.0,,13.188,0.099,7.25,0.055,41.625,0.314,62.062,0.468,0.0725,0.055,0.624375,0.471,1.55155,1.1700000000000002,3.944425,0.0,0.0,312.609375,2.35508235355712,0.0,0.0,10.941328125,8.24278823744992,19.18411636244992,63,,,0.1133842381226986,Information
312230,5809.0,14790.20477,RUS,Russia,Khanty-Mansiy,4.013202437,0.0,0.65,0.49,5809.0,,,,,,,,,,,,,,,,,,,,,,,,,60.93682395887193,80.26404874,0.0,3.0,15.25,0.103,13.438,0.091,20.812,0.141,32.75,0.221,0.13438,0.091,0.31218,0.2114999999999999,0.81875,0.5525,2.12031,0.0,0.0,1096.03125,7.410521131106266,0.0,0.0,35.0,25.936823958871933,60.93682395887193,7814,314.0,4.018428461735347,0.8702124013724326,Warning
312240,5810.0,10922.13909,RUS,Russia,Khanty-Mansiy,2.885623371,0.0,0.65,0.49,5810.0,,,,,,,,,,,,,,,,,,,,,,,,,24.32476581673616,57.71246742,0.0,,6.688,0.061,4.625,0.042,13.5,0.124,23.625,0.216,0.04625,0.042,0.2025,0.186,0.590625,0.54,1.607375,0.0,0.0,362.8125,3.3218080904960443,0.0,0.0,12.6984375,11.626328316736156,24.32476581673616,13004,,,0.2901326282054851,Information
312250,5811.0,12138.46604,RUS,Russia,Khanty-Mansiy,4.006092008,0.0,0.65,0.49,5811.0,,,,,,,,,,,,,,,,,,,,,,,,,38.16871627193037,80.12184016,0.0,3.0,18.312,0.151,15.875,0.131,38.25,0.315,56.25,0.463,0.15875,0.131,0.57375,0.4725,1.40625,1.1575,3.89975,0.0,0.0,597.9375,4.9259725062658175,0.0,0.0,20.9278125,17.240903771930363,38.16871627193037,644,64.0,9.937888198757763,0.7429266767416771,Watch
312260,5812.0,27186.73558,RUS,Russia,Khanty-Mansiy,3.345052382,0.0,0.65,0.49,5812.0,5812.0,0.0,2.0,-9999.0,-9999.0,-9999.0,0.0,9.0,-999.9,-999.9,-999.9,-5981.4,0.0,0.0,0.0,0.0,0.0,0.0,0.0,0.0,0.0,0.0,0.0,-5981.4,35.39154722589996,66.90104764,0.0,,8.5,0.031,4.5,0.017,45.562,0.168,81.812,0.301,0.045,0.017,0.6834299999999999,0.252,2.0453,0.7525,3.79523,0.0,0.0,739.265625,2.719214385971416,0.0,0.0,25.874296875,9.517250350899957,35.39154722589996,1449,,,0.5266977568838878,Advisory
312270,5813.0,17688.28115,RUS,Russia,Khanty-Mansiy,3.130884771,0.0,0.65,0.49,5813.0,,,,,,,,,,,,,,,,,,,,,,,,,31.88096288552181,62.61769542,0.0,,16.812,0.095,4.188,0.024,29.688,0.168,44.188,0.25,0.04188,0.024,0.4453199999999999,0.252,1.1047,0.625,2.4929,0.0,0.0,581.90625,3.289784038720519,0.0,0.0,20.36671875,11.514244135521816,31.88096288552181,2430,,,0.4367602229748527,Advisory
312280,5814.0,9853.017412,RUS,Russia,Khanty-Mansiy,4.017487772,0.0,0.65,0.49,5814.0,,,,,,,,,,,,,,,,,,,,,,,,,4.0362890734946095,80.34975544,0.0,,18.438,0.187,4.125,0.042,4.938,0.05,1.5,0.015,0.04125,0.042,0.07407,0.075,0.0375,0.0375,0.30732,0.0,0.0,57.234375,0.5808816995698884,0.0,0.0,2.003203125,2.0330859484946098,4.0362890734946095,309,,,0.0567376255636952,Information
312290,5815.0,9958.731038,RUS,Russia,Khanty-Mansiy,1.303593429,0.0,0.65,0.49,5815.0,,,,,,,,,,,,,,,,,,,,,,,,,19.659243457505696,26.07186858,0.0,,23.938,0.24,10.375,0.104,18.188,0.183,8.938,0.09,0.10375,0.104,0.2728199999999999,0.2744999999999999,0.22345,0.2249999999999999,1.20352,0.0,0.0,280.265625,2.814270452144484,0.0,0.0,9.809296875,9.849946582505694,19.659243457505696,204,,,0.0926609227999775,Information
312310,5816.0,7062.346171,RUS,Russia,Yamal-Nenets,2.027356098,0.0,0.65,0.49,5816.0,5816.0,1.0,1.0,100.0,-9999.0,-9999.0,3.0,10.0,10.0,-999.9,-999.9,-3953.6,0.0,0.0,0.0,0.0,0.0,0.0,0.0,0.0,0.0,0.0,0.0,-3953.6,70.0,40.54712196,0.0,3.0,82.375,1.166,39.125,0.554,146.562,2.075,227.812,3.226,0.39125,0.554,2.19843,3.1125000000000003,5.6953,8.065,20.01648,0.0,0.0,1085.34375,15.36803384725028,0.0,0.0,35.0,35.0,70.0,550,101.0,18.363636363636363,0.5648632955538471,Watch
312320,5817.0,12845.44718,RUS,Russia,Yamal-Nenets,1.337375349,0.0,0.65,0.49,5817.0,,,,,,,,,,,,,,,,,,,,,,,,,61.7908539791476,26.74750698,0.0,3.0,28.375,0.221,22.5,0.175,59.188,0.461,131.688,1.025,0.225,0.175,0.88782,0.6915,3.2922,2.5625,7.83402,0.0,0.0,992.671875,7.727810958327885,0.0,0.0,34.743515625,27.0473383541476,61.7908539791476,55,1.0,1.8181818181818181,0.432443364404857,Watch
312330,5818.0,7122.677339,RUS,Russia,Khanty-Mansiy,3.180058592,0.0,0.65,0.49,5818.0,5818.0,1.0,1.0,100.0,-9999.0,-9999.0,3.0,10.0,10.0,-999.9,-999.9,-3953.6,0.0,0.0,0.0,0.0,0.0,0.0,0.0,0.0,0.0,0.0,0.0,-3953.6,70.0,63.60117184,0.0,3.0,22.25,0.312,14.312,0.201,23.625,0.332,49.0,0.688,0.14312,0.201,0.354375,0.498,1.225,1.7199999999999998,4.141495,0.0,0.0,1082.390625,15.196401205221616,0.0,0.0,35.0,35.0,70.0,80,3.0,3.75,0.7434307805401624,Watch
312341,5819.0,351.0915259,RUS,Russia,Khanty-Mansiy,3.036314158,0.0,0.65,0.49,5819.0,,,,,,,,,,,,,,,,,,,,,,,,,36.535625,60.72628316,0.0,,1.562,0.445,1.562,0.445,1.812,0.516,2.125,0.605,0.01562,0.445,0.02718,0.774,0.053125,1.5125,2.827425,0.0,0.0,43.875,12.496741379695768,0.0,0.0,1.535625,35.0,36.535625,5,,,0.4711944343807097,Advisory
312342,5820.0,5201.497435,RUS,Russia,Khanty-Mansiy,1.031981462,0.0,0.65,0.49,5820.0,,,,,,,,,,,,,,,,,,,,,,,,,27.862378163397448,20.63962924,0.0,,13.125,0.252,13.125,0.252,13.312,0.256,23.188,0.446,0.13125,0.252,0.19968,0.384,0.5797,1.115,2.66163,0.0,0.0,272.390625,5.236773225256414,0.0,0.0,9.533671875,18.32870628839745,27.862378163397448,2301,,,0.1476139510746756,Information
312343,5821.0,2291.033818,RUS,Russia,Khanty-Mansiy,0.281758066,0.0,0.65,0.49,5821.0,,,,,,,,,,,,,,,,,,,,,,,,,46.246484375,5.63516132,0.0,,9.938,0.434,9.375,0.409,10.438,0.456,20.688,0.903,0.09375,0.409,0.15657,0.684,0.5172,2.2575000000000003,4.1180200000000005,0.0,0.0,321.328125,14.02546407139123,0.0,0.0,11.246484375,35.0,46.246484375,11924,,,0.2378662360426299,Advisory
312344,5822.0,5385.60068,RUS,Russia,Khanty-Mansiy,4.007036088,0.0,0.65,0.49,5822.0,,,,,,,,,,,,,,,,,,,,,,,,,13.878036962043716,80.14072176,0.0,,6.25,0.116,5.688,0.106,7.875,0.146,9.562,0.178,0.05688,0.106,0.118125,0.2189999999999999,0.2390499999999999,0.4449999999999999,1.184055,0.0,0.0,138.796875,2.577184667726776,0.0,0.0,4.857890625,9.020146337043716,13.878036962043716,1048,,,0.360035539360204,Advisory
312345,5823.0,1648.358425,RUS,Russia,Khanty-Mansiy,2.336509801,0.0,0.65,0.49,5823.0,,,,,,,,,,,,,,,,,,,,,,,,,41.34921875,46.73019602,0.0,,11.188,0.679,9.938,0.603,18.438,1.119,26.562,1.611,0.09938,0.603,0.27657,1.6785,0.66405,4.0275,7.349,0.0,0.0,181.40625,11.005267257181227,0.0,0.0,6.34921875,35.0,41.34921875,3041,,,0.4000119726700895,Advisory
312346,5824.0,5197.521224,RUS,Russia,Khanty-Mansiy,1.048799868,0.0,0.65,0.49,5824.0,,,,,,,,,,,,,,,,,,,,,,,,,24.68147961103692,20.97599736,0.0,,10.188,0.196,7.25,0.139,20.812,0.4,22.0,0.423,0.0725,0.139,0.31218,0.6000000000000001,0.55,1.0575,2.73118,0.0,0.0,241.171875,4.640132567439121,0.0,0.0,8.441015625,16.24046398603692,24.68147961103692,3178,,,0.1222731111665282,Information
312347,5825.0,9720.648441,RUS,Russia,Khanty-Mansiy,2.203611272,0.0,0.65,0.49,5825.0,,,,,,,,,,,,,,,,,,,,,,,,,51.25400400081903,44.07222544,0.0,,51.188,0.527,42.062,0.433,84.625,0.871,90.5,0.931,0.42062,0.433,1.269375,1.3065,2.2625,2.3275,8.019495000000001,0.0,0.0,721.828125,7.425719893091152,0.0,0.0,25.263984375,25.99001962581903,51.25400400081903,319,,,0.4652294924251184,Advisory
312348,5826.0,2582.42766,RUS,Russia,Khanty-Mansiy,2.453828394,0.0,0.65,0.49,5826.0,,,,,,,,,,,,,,,,,,,,,,,,,48.23,49.07656788,0.0,,38.938,1.508,27.375,1.06,49.125,1.902,54.188,2.098,0.27375,1.06,0.736875,2.853,1.3547,5.244999999999999,11.523325,0.0,0.0,378.0,14.637389689340646,0.0,0.0,13.23,35.0,48.23,16,,,0.4783313679903176,Advisory
312349,5827.0,2066.763758,RUS,Russia,Khanty-Mansiy,2.978655687,0.0,0.65,0.49,5827.0,,,,,,,,,,,,,,,,,,,,,,,,,45.94625,59.57311374,0.0,,54.375,2.631,38.938,1.884,52.125,2.522,48.688,2.356,0.38938,1.884,0.781875,3.783,1.2172,5.89,13.945455,0.0,0.0,312.75,15.132353601793469,0.0,0.0,10.94625,35.0,45.94625,220,,,0.550916479889305,Advisory
312350,5828.0,8819.443378,RUS,Russia,Khanty-Mansiy,2.977127083,0.0,0.65,0.49,5828.0,5828.0,1.0,1.0,100.0,-9999.0,-9999.0,3.0,10.0,10.0,-999.9,-999.9,-3953.6,0.0,0.0,0.0,0.0,0.0,0.0,0.0,0.0,0.0,0.0,0.0,-3953.6,69.733671875,59.54254166,0.0,3.0,49.438,0.561,45.812,0.519,55.25,0.626,81.938,0.929,0.4581199999999999,0.519,0.82875,0.939,2.04845,2.3225,7.115819999999999,0.0,0.0,992.390625,11.252304509912452,0.0,0.0,34.733671875,35.0,69.733671875,4141,442.0,10.673750301859455,0.706927983827033,Watch
312360,5829.0,4663.947569,RUS,Russia,Khanty-Mansiy,3.446617309,0.0,0.65,0.49,5829.0,,,,,,,,,,,,,,,,,,,,,,,,,10.569355924590138,68.93234618,0.0,,7.062,0.151,6.875,0.147,12.188,0.261,16.062,0.344,0.06875,0.147,0.18282,0.3915,0.40155,0.8599999999999999,2.05162,0.0,0.0,96.046875,2.059347228454325,0.0,0.0,3.361640625,7.207715299590138,10.569355924590138,69675,,,0.1404703945297229,Information
312370,5830.0,5521.886096,RUS,Russia,Khanty-Mansiy,2.078222572,0.0,0.65,0.49,5830.0,5830.0,1.0,1.0,100.0,-9999.0,-9999.0,3.0,10.0,10.0,-999.9,-999.9,-3953.6,0.0,0.0,0.0,0.0,0.0,0.0,0.0,0.0,0.0,0.0,0.0,-3953.6,24.004192845777872,41.56445144,0.0,,18.938,0.343,18.562,0.336,27.188,0.492,38.375,0.695,0.18562,0.336,0.4078199999999999,0.738,0.959375,1.7374999999999998,4.364315,0.0,0.0,243.984375,4.418497063079393,0.0,0.0,8.539453125,15.464739720777876,24.004192845777872,10096,,,0.1868145991726344,Information
312380,5831.0,14396.80125,RUS,Russia,Khanty-Mansiy,2.37642826,0.0,0.65,0.49,5831.0,,,,,,,,,,,,,,,,,,,,,,,,,58.72618692741818,47.5285652,0.0,,61.25,0.425,60.938,0.423,99.438,0.691,108.562,0.754,0.60938,0.423,1.49157,1.0365,2.71405,1.885,8.1595,0.0,0.0,990.140625,6.87750430069091,0.0,0.0,34.654921875,24.071265052418184,58.72618692741818,7759,,,0.5448328250701202,Advisory
312390,5832.0,6698.306432,RUS,Russia,Khanty-Mansiy,3.119658318,0.0,0.65,0.49,5832.0,5832.0,1.0,1.0,100.0,-9999.0,-9999.0,3.0,10.0,10.0,-999.9,-999.9,-3953.6,0.0,0.0,0.0,0.0,0.0,0.0,0.0,0.0,0.0,0.0,0.0,-3953.6,33.05488009688161,62.39316636,0.0,,64.75,0.967,64.562,0.964,112.812,1.684,118.5,1.769,0.64562,0.964,1.6921799999999998,2.526,2.9625,4.422499999999999,13.2128,0.0,0.0,378.84375,5.655813956251889,0.0,0.0,13.25953125,19.795348846881613,33.05488009688161,8361,,,0.4486722702137269,Advisory
312411,5833.0,17257.82742,RUS,Russia,Khanty-Mansiy,3.891649917,0.0,0.65,0.49,5833.0,5833.0,2.0,2.0,100.0,100.0,-9999.0,7.0,9.0,10.0,10.0,-999.9,-1927.8,0.0,0.0,0.0,0.0,0.0,0.0,0.0,0.0,0.0,0.0,0.0,-1927.8,69.5715409664088,77.83299834,0.0,3.0,229.062,1.327,200.812,1.164,305.625,1.771,307.0,1.779,2.00812,1.164,4.584375,2.6565,7.675,4.4475,22.535495,0.0,0.0,1704.65625,9.87758313325966,0.0,0.0,35.0,34.57154096640881,69.5715409664088,4072,1373.0,33.718074656188605,0.8736365041934482,Warning
312412,5834.0,20527.07078,RUS,Russia,Khanty-Mansiy,2.67758668,0.0,0.65,0.49,5834.0,,,,,,,,,,,,,,,,,,,,,,,,,53.23727391898737,53.551733600000006,0.0,,448.375,2.184,362.562,1.766,221.125,1.077,97.0,0.473,3.62562,1.766,3.316875,1.6155,2.425,1.1825,13.931495,0.0,0.0,1069.59375,5.210649691139248,0.0,0.0,35.0,18.23727391898737,53.23727391898737,29830,,,0.5542552281512867,Advisory
312413,5835.0,3128.085169,RUS,Russia,Khanty-Mansiy,2.886818979,0.0,0.65,0.49,5835.0,5835.0,1.0,1.0,100.0,2.0,-9999.0,3.0,10.0,10.0,0.2,-999.9,-1953.4,0.0,0.0,0.0,0.0,0.0,0.0,0.0,0.0,0.0,0.0,0.0,-1953.4,50.9271875,57.736379580000005,0.0,,194.25,6.21,175.688,5.616,178.062,5.692,99.562,3.183,1.7568799999999998,5.616,2.67093,8.538,2.48905,7.9575,29.02836,0.0,0.0,455.0625,14.54763778533517,0.0,0.0,15.9271875,35.0,50.9271875,8997,,,0.5739619918697596,Advisory
312414,5836.0,42351.20408,RUS,Russia,Khanty-Mansiy,3.241230751,0.0,0.65,0.49,5836.0,5836.0,0.0,1.0,-9999.0,-9999.0,-9999.0,0.0,10.0,-999.9,-999.9,-999.9,-5979.4,0.0,0.0,0.0,0.0,0.0,0.0,0.0,0.0,0.0,0.0,0.0,-5979.4,59.141488206701055,64.82461502,0.0,3.0,1292.625,3.052,1116.562,2.636,615.75,1.454,268.312,0.634,10.0,2.636,9.23625,2.181,6.7078,1.585,32.34605,0.0,0.0,2921.203125,6.897568059057443,0.0,0.0,35.0,24.14148820670105,59.141488206701055,116587,3423.0,2.936004871898239,0.6983239665463796,Watch
312415,5837.0,13282.27042,RUS,Russia,Khanty-Mansiy,2.791851781,0.0,0.65,0.49,5837.0,,,,,,,,,,,,,,,,,,,,,,,,,70.0,55.83703562,0.0,3.0,677.625,5.102,593.5,4.468,837.312,6.304,659.688,4.967,5.935,4.468,12.55968,9.456,16.4922,12.4175,61.32837999999999,0.0,0.0,3677.625,27.688225603179497,0.0,0.0,35.0,35.0,70.0,7279,416.0,5.715070751476851,0.6774603207566599,Watch
312416,5838.0,17562.22316,RUS,Russia,Khanty-Mansiy,3.073781747,0.0,0.65,0.49,5838.0,5838.0,1.0,1.0,100.0,-9999.0,-9999.0,3.0,10.0,10.0,-999.9,-999.9,-3953.6,0.0,0.0,0.0,0.0,0.0,0.0,0.0,0.0,0.0,0.0,0.0,-3953.6,70.0,61.47563494,0.0,3.0,755.75,4.303,591.312,3.367,625.625,3.562,572.438,3.259,5.91312,3.367,9.384375,5.343,14.31095,8.147499999999999,46.465945000000005,0.0,0.0,3845.8125,21.89820995691553,0.0,0.0,35.0,35.0,70.0,186485,3487.0,1.8698554843553101,0.7248145197606926,Watch
312417,5839.0,7400.415274,RUS,Russia,Khanty-Mansiy,1.064652182,0.0,0.65,0.49,5839.0,5839.0,2.0,1.0,100.0,100.0,-9999.0,7.0,10.0,10.0,10.0,-999.9,-1925.8,0.0,0.0,0.0,0.0,0.0,0.0,0.0,0.0,0.0,0.0,0.0,-1925.8,70.0,21.29304364,0.0,3.0,390.188,5.273,310.188,4.191,237.375,3.208,103.562,1.399,3.10188,4.191,3.560625,4.812,2.58905,3.4975,21.752055,0.0,0.0,1455.46875,19.667392924632964,0.0,0.0,35.0,35.0,70.0,284163,12256.0,4.313017528671924,0.4533364008770887,Watch
312418,5840.0,48628.18139,RUS,Russia,Khanty-Mansiy,2.884857632,0.0,0.65,0.49,5840.0,5840.0,1.0,2.0,100.0,-9999.0,-9999.0,3.0,9.0,10.0,-999.9,-999.9,-3100.714285714286,0.0,0.0,0.0,0.0,0.0,0.0,0.0,0.0,0.0,0.0,0.0,-3100.714285714286,70.0,57.69715264,0.0,3.0,1038.375,2.135,763.562,1.57,525.938,1.082,344.188,0.708,7.63562,1.57,7.889069999999999,1.6230000000000002,8.604700000000001,1.77,29.09239,0.0,0.0,6346.546875,13.05117052292172,0.0,0.0,35.0,35.0,70.0,265991,3778.0,1.4203488087942826,0.6927431076408502,Watch
312419,5841.0,15477.35634,RUS,Russia,Khanty-Mansiy,1.93339165,0.0,0.65,0.49,5841.0,5841.0,2.0,1.0,100.0,100.0,-9999.0,7.0,10.0,10.0,10.0,-999.9,-1925.8,0.0,0.0,0.0,0.0,0.0,0.0,0.0,0.0,0.0,0.0,0.0,-1925.8,60.51353231557708,38.667833,0.0,3.0,83.438,0.539,70.25,0.454,74.0,0.478,39.562,0.256,0.7025,0.454,1.11,0.717,0.98905,0.64,4.61255,0.0,0.0,1128.234375,7.289580661593452,0.0,0.0,35.0,25.51353231557708,60.51353231557708,196113,6678.0,3.405179666824739,0.4946393992472788,Watch
312421,5842.0,8507.932463,RUS,Russia,Khanty-Mansiy,2.687992537,0.0,0.65,0.49,5842.0,5842.0,1.0,1.0,100.0,-9999.0,-9999.0,3.0,10.0,10.0,-999.9,-999.9,-3953.6,0.0,0.0,0.0,0.0,0.0,0.0,0.0,0.0,0.0,0.0,0.0,-3953.6,52.65661975445991,53.75985074,0.0,,127.562,1.499,112.0,1.316,39.812,0.468,16.438,0.193,1.12,1.316,0.5971799999999999,0.7020000000000001,0.41095,0.4825,4.628629999999999,0.0,0.0,691.59375,8.12881100127426,0.0,0.0,24.20578125,28.45083850445991,52.65661975445991,29170,,,0.5516944398354564,Advisory
312422,5843.0,14471.45317,RUS,Russia,Khanty-Mansiy,2.787363749,0.0,0.65,0.49,5843.0,5843.0,1.0,3.0,100.0,-9999.0,-9999.0,3.0,8.0,10.0,-999.9,-999.9,-3954.171428571429,0.0,0.0,0.0,0.0,0.0,0.0,0.0,0.0,0.0,0.0,0.0,-3954.171428571429,60.35514416007584,55.74727498,0.0,3.0,,,,,,,,,,,,,,,,0.0,0.0,1048.359375,7.24432690287881,0.0,0.0,35.0,25.355144160075834,60.35514416007584,3238,4.0,0.12353304508956146,0.6218446976417888,Watch
312423,5844.0,2974.265501,RUS,Russia,Khanty-Mansiy,3.032627771,0.0,0.65,0.49,5844.0,5844.0,1.0,1.0,100.0,-9999.0,-9999.0,3.0,10.0,10.0,-999.9,-999.9,-3953.6,0.0,0.0,0.0,0.0,0.0,0.0,0.0,0.0,0.0,0.0,0.0,-3953.6,43.068976948031256,60.65255542,0.0,,,,,,,,,,,,,,,,,0.0,0.0,282.09375,9.484484485151787,0.0,0.0,9.87328125,33.19569569803126,43.068976948031256,4026,,,0.536004162468306,Advisory
312424,5845.0,17670.56785,RUS,Russia,Khanty-Mansiy,3.420138873,0.0,0.65,0.49,5845.0,5845.0,1.0,1.0,100.0,-9999.0,-9999.0,3.0,10.0,10.0,-999.9,-999.9,-3953.6,0.0,0.0,0.0,0.0,0.0,0.0,0.0,0.0,0.0,0.0,0.0,-3953.6,70.0,68.40277746,0.0,3.0,,,,,,,,,,,,,,,,0.0,0.0,1865.953125,10.559667015299963,0.0,0.0,35.0,35.0,70.0,75,0.0,0.0,0.786817135323082,Watch
312426,5847.0,9635.123139,RUS,Russia,Khanty-Mansiy,3.100742106,0.0,0.65,0.49,5847.0,5847.0,1.0,1.0,100.0,-9999.0,-9999.0,3.0,10.0,10.0,-999.9,-999.9,-3953.6,0.0,0.0,0.0,0.0,0.0,0.0,0.0,0.0,0.0,0.0,0.0,-3953.6,65.26611267125605,62.01484212,0.0,3.0,,,,,,,,,,,,,,,,0.0,0.0,915.046875,9.496992013216014,0.0,0.0,32.026640625,33.23947204625605,65.26611267125605,7,0.0,0.0,0.7058418201757402,Watch
312429,5850.0,19719.21921,RUS,Russia,Khanty-Mansiy,4.012540684,0.0,0.65,0.49,5850.0,5850.0,1.0,1.0,100.0,-9999.0,-9999.0,3.0,10.0,10.0,-999.9,-999.9,-3953.6,0.0,0.0,0.0,0.0,0.0,0.0,0.0,0.0,0.0,0.0,0.0,-3953.6,70.0,80.25081368000001,0.0,3.0,,,,,,,,,,,,,,,,0.0,0.0,2770.875,14.05164662403232,0.0,0.0,35.0,35.0,70.0,271,11.0,4.059040590405904,0.8971329580235965,Warning
312431,5851.0,8310.848159,RUS,Russia,Tomsk,0.702847749,0.0,0.65,0.49,5851.0,,,,,,,,,,,,,,,,,,,,,,,,,52.2685836108117,14.05695498,0.0,,78.625,0.946,53.438,0.643,22.25,0.268,7.938,0.096,0.5343800000000001,0.643,0.33375,0.402,0.19845,0.24,2.35158,0.0,0.0,677.8125,8.155756031660486,0.0,0.0,23.7234375,28.5451461108117,52.2685836108117,50182,,,0.3094925228306702,Advisory
312432,5852.0,4066.760916,RUS,Russia,Tomsk,1.518290314,0.0,0.65,0.49,5852.0,,,,,,,,,,,,,,,,,,,,,,,,,21.757395114611864,30.36580628,0.0,,15.688,0.386,11.375,0.28,0.5,0.012,0.0,0.0,0.11375,0.28,0.0075,0.018,0.0,0.0,0.41925,0.0,0.0,179.71875,4.419211104174818,0.0,0.0,6.29015625,15.467238864611865,21.757395114611864,302,,,0.1223534910213781,Information
312434,5854.0,3624.905654,RUS,Russia,Tomsk,0.621634844,0.0,0.65,0.49,5854.0,,,,,,,,,,,,,,,,,,,,,,,,,21.422785298977,12.43269688,0.0,,7.125,0.197,6.375,0.176,0.0,0.0,0.0,0.0,0.06375,0.176,0.0,0.0,0.0,0.0,0.23975,0.0,0.0,162.84375,4.492358299707712,0.0,0.0,5.69953125,15.723254048976994,21.422785298977,344,,,0.0795725549669358,Information
312435,5855.0,9636.153042,RUS,Russia,Tomsk,2.292578225,0.0,0.65,0.49,5855.0,5855.0,1.0,1.0,100.0,-9999.0,-9999.0,3.0,10.0,10.0,-999.9,-999.9,-3953.6,0.0,0.0,0.0,0.0,0.0,0.0,0.0,0.0,0.0,0.0,0.0,-3953.6,55.55391428119613,45.8515645,0.0,,14.438,0.15,11.062,0.115,0.062,0.001,0.0,0.0,0.11062,0.115,0.0009299999999999,0.0015,0.0,0.0,0.2280499999999999,0.0,0.0,778.921875,8.083328187484609,0.0,0.0,27.262265625,28.29164865619613,55.55391428119613,570,,,0.5102217360328276,Advisory
312438,5858.0,31492.10686,RUS,Russia,Tomsk,2.810493302,0.0,0.65,0.49,5858.0,5858.0,0.0,1.0,-9999.0,-9999.0,-9999.0,0.0,10.0,-999.9,-999.9,-999.9,-5979.4,0.0,0.0,0.0,0.0,0.0,0.0,0.0,0.0,0.0,0.0,0.0,-5979.4,48.57371374629242,56.20986604,0.0,,,,,,,,,,,,,,,,,0.0,0.0,1221.328125,3.878203927512119,0.0,0.0,35.0,13.573713746292418,48.57371374629242,2469,,,0.5412859599442257,Advisory
312442,5861.0,14209.6444,RUS,Russia,Tomsk,1.04320903,0.0,0.65,0.49,5861.0,,,,,,,,,,,,,,,,,,,,,,,,,49.91966509538133,20.8641806,0.0,,71.688,0.504,31.812,0.224,0.625,0.004,0.0,0.0,0.31812,0.224,0.009375,0.006,0.0,0.0,0.5574950000000001,0.0,0.0,837.140625,5.891355205823238,0.0,0.0,29.299921875,20.61974322038133,49.91966509538133,3767,,,0.3224887758844209,Advisory
312444,5863.0,9382.681575,RUS,Russia,Tomsk,1.477798864,0.0,0.65,0.49,5863.0,,,,,,,,,,,,,,,,,,,,,,,,,56.86725726611206,29.55597728,0.0,,74.625,0.795,54.625,0.582,17.25,0.184,3.0,0.032,0.54625,0.582,0.25875,0.276,0.075,0.08,1.818,0.0,0.0,786.515625,8.382631540317732,0.0,0.0,27.528046875,29.33921039111206,56.86725726611206,838,,,0.4152350609779351,Advisory
312445,5864.0,16102.89518,RUS,Russia,Tomsk,2.479600973,0.0,0.65,0.49,5864.0,5864.0,0.0,1.0,-9999.0,-9999.0,-9999.0,0.0,10.0,-999.9,-999.9,-999.9,-5979.4,0.0,0.0,0.0,0.0,0.0,0.0,0.0,0.0,0.0,0.0,0.0,-5979.4,70.0,49.59201946,0.0,3.0,282.875,1.757,222.812,1.384,191.812,1.191,93.875,0.583,2.22812,1.384,2.87718,1.7865000000000002,2.346875,1.4575,12.080175,0.0,0.0,2251.125,13.979628968540158,0.0,0.0,35.0,35.0,70.0,5490,236.0,4.298724954462659,0.6286748663410309,Watch
312446,5865.0,4707.450872,RUS,Russia,Tomsk,1.020416752,0.0,0.65,0.49,5865.0,,,,,,,,,,,,,,,,,,,,,,,,,25.2957809673406,20.40833504,0.0,,6.125,0.13,4.75,0.101,1.188,0.025,0.188,0.004,0.0475,0.101,0.01782,0.0375,0.0046999999999999,0.01,0.21852,0.0,0.0,231.328125,4.914084740668741,0.0,0.0,8.096484375,17.199296592340595,25.2957809673406,2177,,,0.1258413631673218,Information
312448,5867.0,6273.946222,RUS,Russia,Tomsk,3.409644934,0.0,0.65,0.49,5867.0,,,,,,,,,,,,,,,,,,,,,,,,,37.24080787577875,68.19289868,0.0,,9.25,0.147,8.562,0.136,0.125,0.002,0.0,0.0,0.0856199999999999,0.136,0.001875,0.003,0.0,0.0,0.2264949999999999,0.0,0.0,410.203125,6.538199571651071,0.0,0.0,14.357109375,22.88369850077875,37.24080787577875,938,,,0.5626595341751567,Advisory
312449,5868.0,5965.369689,RUS,Russia,Tomsk,2.380913067,0.0,0.65,0.49,5868.0,,,,,,,,,,,,,,,,,,,,,,,,,70.0,47.61826134,0.0,3.0,6.25,0.105,5.875,0.098,0.062,0.001,0.0,0.0,0.05875,0.098,0.0009299999999999,0.0015,0.0,0.0,0.15918,0.0,0.0,1076.484375,18.0455601447136,0.0,0.0,35.0,35.0,70.0,342,0.0,0.0,0.6140678630116476,Watch
312450,5869.0,29817.1818,RUS,Russia,Tomsk,2.889512211,0.0,0.65,0.49,5869.0,5869.0,1.0,1.0,100.0,-9999.0,-9999.0,3.0,10.0,10.0,-999.9,-999.9,-3953.6,0.0,0.0,0.0,0.0,0.0,0.0,0.0,0.0,0.0,0.0,0.0,-3953.6,19.38904955241249,57.79024422,0.0,,38.875,0.13,18.062,0.061,0.188,0.001,0.0,0.0,0.18062,0.061,0.00282,0.0015,0.0,0.0,0.24594,0.0,0.0,414.84375,1.3912909435464282,0.0,0.0,14.51953125,4.869518302412499,19.38904955241249,17931,,,0.2183013311315427,Information
312465,5874.0,4108.455043,RUS,Russia,Tomsk,2.135230491,0.0,0.65,0.49,5874.0,,,,,,,,,,,,,,,,,,,,,,,,,56.926953125,42.70460982,0.0,,0.0,0.0,0.0,0.0,0.0,0.0,1.562,0.038,0.0,0.0,0.0,0.0,0.03905,0.095,0.13405,0.0,0.0,626.484375,15.248660832069003,0.0,0.0,21.926953125,35.0,56.926953125,1599,,,0.4974263422570515,Advisory
312469,5878.0,22293.23016,RUS,Russia,Krasnoyarsk,1.491596707,0.0,0.65,0.49,5878.0,5878.0,1.0,1.0,100.0,3.0,-9999.0,3.0,10.0,10.0,0.3,-999.9,-2620.0666666666666,0.0,0.0,0.0,0.0,0.0,0.0,0.0,0.0,0.0,0.0,0.0,-2620.0666666666666,66.34618928481073,29.83193414,0.0,3.0,,,,,,,,,,,,,,,,0.0,0.0,1996.59375,8.956054081374495,0.0,0.0,35.0,31.34618928481073,66.34618928481073,2250,5.0,0.2222222222222222,0.4776681234625459,Watch
312473,5881.0,965.5492375,RUS,Russia,Tomsk,3.421747403,0.0,0.65,0.49,5881.0,,,,,,,,,,,,,,,,,,,,,,,,,55.91796875,68.43494806,0.0,3.0,0.0,0.0,0.0,0.0,0.0,0.0,0.688,0.071,0.0,0.0,0.0,0.0,0.0171999999999999,0.1775,0.1946999999999999,0.0,0.0,597.65625,61.89806037726792,0.0,0.0,20.91796875,35.0,55.91796875,6,0.0,0.0,0.7162831914755439,Watch
312474,5882.0,26564.15308,RUS,Russia,Tomsk,2.312577077,0.0,0.65,0.49,5882.0,5882.0,0.0,1.0,-9999.0,-9999.0,-9999.0,0.0,10.0,-999.9,-999.9,-999.9,-5979.4,0.0,0.0,0.0,0.0,0.0,0.0,0.0,0.0,0.0,0.0,0.0,-5979.4,45.08563427746987,46.25154154,0.0,,,,,,,,,,,,,,,,,0.0,0.0,935.859375,3.523016043562821,0.0,0.0,32.755078125,12.330556152469876,45.08563427746987,26339,,,0.430244657046705,Advisory
312475,5883.0,2655.164959,RUS,Russia,Tomsk,2.521944233,0.0,0.65,0.49,5883.0,5883.0,0.0,1.0,2.0,-9999.0,-9999.0,0.0,10.0,0.2,-999.9,-999.9,-3979.2,0.0,0.0,0.0,0.0,0.0,0.0,0.0,0.0,0.0,0.0,0.0,-3979.2,70.0,50.43888466,0.0,3.0,0.0,0.0,0.0,0.0,0.0,0.0,1.312,0.049,0.0,0.0,0.0,0.0,0.0328,0.1225,0.1553,0.0,0.0,1553.203125,58.4974247838328,0.0,0.0,35.0,35.0,70.0,35144,2838.0,8.075347143182336,0.6350613222525329,Watch
312476,5884.0,1634.327646,RUS,Russia,Tomsk,2.127520091,0.0,0.65,0.49,5884.0,,,,,,,,,,,,,,,,,,,,,,,,,49.219296875,42.550401820000005,0.0,,0.0,0.0,0.0,0.0,0.0,0.0,1.062,0.065,0.0,0.0,0.0,0.0,0.02655,0.1625,0.18905,0.0,0.0,406.265625,24.85827282331876,0.0,0.0,14.219296875,35.0,49.219296875,21,,,0.4385595637963295,Advisory
312477,5885.0,649.8247128,RUS,Russia,Tomsk,3.255133119,0.0,0.65,0.49,5885.0,,,,,,,,,,,,,,,,,,,,,,,,,58.18203125,65.10266238,0.0,3.0,0.0,0.0,0.0,0.0,0.0,0.0,4.688,0.721,0.0,0.0,0.0,0.0,0.1171999999999999,1.8025,1.9197,0.0,0.0,662.34375,101.92652525057322,0.0,0.0,23.18203125,35.0,58.18203125,5479,519.0,9.472531483847417,0.6953825967868293,Watch
312479,5887.0,127.1576968,RUS,Russia,Tomsk,4.003083573,0.0,0.65,0.49,5887.0,,,,,,,,,,,,,,,,,,,,,,,,,41.954609375,80.06167145999999,0.0,3.0,0.0,0.0,0.0,0.0,0.0,0.0,2.0,1.573,0.0,0.0,0.0,0.0,0.05,3.9325,3.9825,0.0,0.0,198.703125,156.2651180302453,0.0,0.0,6.954609375,35.0,41.954609375,0,0.0,0.0,0.771544934015426,Watch
312481,5888.0,17388.31762,RUS,Russia,Tomsk,2.923640631,0.0,0.65,0.49,5888.0,,,,,,,,,,,,,,,,,,,,,,,,,70.0,58.47281262,0.0,3.0,0.0,0.0,0.0,0.0,0.0,0.0,42.062,0.242,0.0,0.0,0.0,0.0,1.05155,0.605,1.65655,0.0,0.0,4001.625,23.01329597937169,0.0,0.0,35.0,35.0,70.0,28311,2528.0,8.92939140263502,0.6992159770601246,Watch
312482,5889.0,61487.88358,RUS,Russia,Kemerovo,2.087244715,0.0,0.65,0.49,5889.0,5889.0,0.0,14.0,-9999.0,-9999.0,-9999.0,0.0,1.0,-999.9,-999.9,-999.9,-5997.4,0.0,0.0,0.0,0.0,0.0,0.0,0.0,0.0,0.0,0.0,0.0,-5997.4,46.62591852942202,41.744894300000006,0.0,,,,,,,,,,,,,,,,,0.0,0.0,2042.4375,3.3216910084062925,0.0,0.0,35.0,11.625918529422025,46.62591852942202,2601913,,,0.4118941669496015,Advisory
312483,5890.0,61297.22911,RUS,Russia,Novosibirsk,1.826734254,0.0,0.65,0.49,5890.0,5890.0,0.0,1.0,-9999.0,-9999.0,-9999.0,0.0,10.0,-999.9,-999.9,-999.9,-4968.0,0.0,0.0,0.0,0.0,0.0,0.0,0.0,0.0,0.0,0.0,0.0,-4968.0,61.59859729487021,36.53468508,0.0,3.0,5.375,0.009,5.312,0.009,0.938,0.002,4.938,0.008,0.05312,0.009,0.01407,0.003,0.1234499999999999,0.02,0.2226399999999999,0.0,0.0,4658.34375,7.599599227105775,0.0,0.0,35.0,26.59859729487021,61.59859729487021,2585637,53789.0,2.0802997481858436,0.488091572284016,Watch
312484,5891.0,23905.89685,RUS,Russia,Altay,1.892637966,0.0,0.65,0.49,5891.0,5891.0,0.0,1.0,-9999.0,-9999.0,-9999.0,0.0,10.0,-999.9,-999.9,-999.9,-5979.4,0.0,0.0,0.0,0.0,0.0,0.0,0.0,0.0,0.0,0.0,0.0,-5979.4,11.734605354555216,37.85275932,0.0,,,,,,,,,,,,,,,,,0.0,0.0,236.390625,0.988838137015776,0.0,0.0,8.273671875,3.460933479555216,11.734605354555216,251693,,,0.0477607598311161,Information
312485,5892.0,41685.42058,RUS,Russia,Altay,2.976497959,0.0,0.65,0.49,5892.0,,,,,,,,,,,,,,,,,,,,,,,,,46.79655918986549,59.52995918,0.0,,15.125,0.036,12.75,0.031,5.375,0.013,11.062,0.027,0.1275,0.031,0.080625,0.0195,0.2765499999999999,0.0675,0.602675,0.0,0.0,1404.984375,3.3704454828187105,0.0,0.0,35.0,11.796559189865487,46.79655918986549,1187204,,,0.5577423513499443,Advisory
312487,5894.0,16523.3943,RUS,Russia,Altay,2.178298454,0.0,0.65,0.49,5894.0,,,,,,,,,,,,,,,,,,,,,,,,,15.145462069474345,43.56596908,0.0,,8.75,0.053,7.25,0.044,0.5,0.003,0.25,0.002,0.0725,0.044,0.0075,0.0045,0.00625,0.005,0.13975,0.0,0.0,269.578125,1.63149362699267,0.0,0.0,9.435234375,5.710227694474345,15.145462069474345,88282,,,0.0941925549524032,Information
312488,5895.0,36931.45307,RUS,Russia,Gorno-Altay,2.18520908,0.0,0.65,0.49,5895.0,5895.0,0.0,15.0,3.0,-9999.0,-9999.0,0.0,1.0,0.3,-999.9,-999.9,-3997.0,0.0,0.0,0.0,0.0,0.0,0.0,0.0,0.0,0.0,0.0,0.0,-3997.0,13.115855272801042,43.7041816,0.0,,10.562,0.029,8.5,0.023,1.125,0.003,0.375,0.001,0.085,0.023,0.016875,0.0045,0.009375,0.0025,0.14125,0.0,0.0,294.890625,0.7984809708002978,0.0,0.0,10.321171875,2.7946833978010424,13.115855272801042,246759,,,0.0725860141115712,Information
312489,5896.0,61184.54234,RUS,Russia,Gorno-Altay,3.481254713,0.0,0.65,0.49,5896.0,5896.0,0.0,1.0,-9999.0,-9999.0,-9999.0,0.0,10.0,-999.9,-999.9,-999.9,-5979.4,0.0,0.0,0.0,0.0,0.0,0.0,0.0,0.0,0.0,0.0,0.0,-5979.4,13.989365854188584,69.62509426,0.0,,24.75,0.04,23.812,0.039,4.312,0.007,1.312,0.002,0.23812,0.039,0.06468,0.0105,0.0328,0.005,0.3901,0.0,0.0,343.546875,0.56149292262531,0.0,0.0,12.024140625,1.9652252291885848,13.989365854188584,235902,,,0.2190754922354822,Information
312491,5897.0,4468.544879,RUS,Russia,Tomsk,3.002246152,0.0,0.65,0.49,5897.0,5897.0,1.0,1.0,100.0,-9999.0,-9999.0,3.0,10.0,10.0,-999.9,-999.9,-3953.6,0.0,0.0,0.0,0.0,0.0,0.0,0.0,0.0,0.0,0.0,0.0,-3953.6,70.0,60.04492304,0.0,3.0,0.0,0.0,0.0,0.0,0.0,0.0,15.688,0.351,0.0,0.0,0.0,0.0,0.3922,0.8775,1.2696999999999998,0.0,0.0,1518.46875,33.9812800627165,0.0,0.0,35.0,35.0,70.0,2091,93.0,4.447632711621234,0.7125124305898647,Watch
312493,5899.0,14232.44264,RUS,Russia,Tomsk,2.516637016,0.0,0.65,0.49,5899.0,5899.0,1.0,1.0,100.0,-9999.0,-9999.0,3.0,10.0,10.0,-999.9,-999.9,-3953.6,0.0,0.0,0.0,0.0,0.0,0.0,0.0,0.0,0.0,0.0,0.0,-3953.6,70.0,50.33274032,0.0,3.0,0.0,0.0,0.0,0.0,0.0,0.0,40.75,0.286,0.0,0.0,0.0,0.0,1.01875,0.715,1.73375,0.0,0.0,2240.15625,15.739787659188744,0.0,0.0,35.0,35.0,70.0,48656,4458.0,9.162282144031568,0.6342569222672303,Watch
312495,5901.0,461.918,RUS,Russia,Tomsk,2.203056919,0.0,0.65,0.49,5901.0,,,,,,,,,,,,,,,,,,,,,,,,,43.82,44.06113838,0.0,,0.0,0.0,0.0,0.0,0.0,0.0,1.562,0.338,0.0,0.0,0.0,0.0,0.03905,0.8450000000000001,0.8840500000000001,0.0,0.0,252.0,54.55513748662104,0.0,0.0,8.82,35.0,43.82,9907,,,0.4035499661716323,Advisory
312496,5902.0,32737.99274,RUS,Russia,Kemerovo,2.538976225,0.0,0.65,0.49,5902.0,5902.0,2.0,1.0,100.0,100.0,-9999.0,7.0,10.0,10.0,10.0,-999.9,-2742.32,0.0,0.0,0.0,0.0,0.0,0.0,0.0,0.0,0.0,0.0,0.0,-2742.32,55.90045861625048,50.7795245,0.0,,,,,,,,,,,,,,,,,0.0,0.0,1954.96875,5.971559604642994,0.0,0.0,35.0,20.90045861625048,55.90045861625048,129096,,,0.5506338300768556,Advisory
312497,5903.0,9977.416363,RUS,Russia,Krasnoyarsk,3.011002406,0.0,0.65,0.49,5903.0,5903.0,1.0,1.0,100.0,2.0,-9999.0,3.0,10.0,10.0,0.2,-999.9,-2620.133333333333,0.0,0.0,0.0,0.0,0.0,0.0,0.0,0.0,0.0,0.0,0.0,-2620.133333333333,70.0,60.22004812,0.0,3.0,,,,,,,,,,,,,,,,0.0,0.0,3398.625,34.06317704219815,0.0,0.0,35.0,35.0,70.0,8083,500.0,6.185822095756526,0.7140080684701124,Watch
312498,5904.0,10481.69002,RUS,Russia,Krasnoyarsk,1.359117978,0.0,0.65,0.49,5904.0,5904.0,1.0,1.0,100.0,-9999.0,-9999.0,3.0,10.0,10.0,-999.9,-999.9,-2953.5,0.0,0.0,0.0,0.0,0.0,0.0,0.0,0.0,0.0,0.0,0.0,-2953.5,20.35076410400366,27.18235956,0.0,,,,,,,,,,,,,,,,,0.0,0.0,297.5625,2.8388790297153306,0.0,0.0,10.4146875,9.936076604003658,20.35076410400366,16083,,,0.1011829786542917,Information
312499,5905.0,41188.62624,RUS,Russia,Krasnoyarsk,2.220908182,0.0,0.65,0.49,5905.0,5905.0,1.0,1.0,100.0,5.0,-9999.0,3.0,10.0,10.0,0.5,-999.9,-1655.7692307692307,0.0,0.0,0.0,0.0,0.0,0.0,0.0,0.0,0.0,0.0,0.0,-1655.7692307692307,56.87015311456796,44.41816364,0.0,,15.125,0.037,11.25,0.027,73.875,0.179,51.812,0.126,0.1125,0.027,1.108125,0.2684999999999999,1.2953,0.315,3.126425,0.0,0.0,2573.71875,6.248615175590846,0.0,0.0,35.0,21.87015311456796,56.87015311456796,382306,,,0.5091406392937182,Advisory
312510,5906.0,5909.034468,RUS,Russia,Khanty-Mansiy,4.011182969,0.0,0.65,0.49,5906.0,5906.0,0.0,1.0,-9999.0,-9999.0,-9999.0,0.0,10.0,-999.9,-999.9,-999.9,-5979.4,0.0,0.0,0.0,0.0,0.0,0.0,0.0,0.0,0.0,0.0,0.0,-5979.4,60.4165625,80.22365938,0.0,3.0,211.062,3.572,209.938,3.553,223.625,3.784,244.625,4.14,2.09938,3.553,3.354375,5.676,6.115625,10.35,31.148380000000003,0.0,0.0,726.1875,12.289444307303745,0.0,0.0,25.4165625,35.0,60.4165625,125661,7639.0,6.07905396264553,0.8679551521909709,Warning
312521,5907.0,13540.68858,RUS,Russia,Khanty-Mansiy,2.867476193,0.0,0.65,0.49,5907.0,,,,,,,,,,,,,,,,,,,,,,,,,70.0,57.34952386,0.0,3.0,260.625,1.925,260.438,1.923,268.562,1.983,291.812,2.155,2.60438,1.923,4.02843,2.9745,7.2953,5.387499999999999,24.21311,0.0,0.0,2275.453125,16.804559913558226,0.0,0.0,35.0,35.0,70.0,3764,66.0,1.7534537725823591,0.6898611470120679,Watch
312522,5908.0,8846.566461,RUS,Russia,Khanty-Mansiy,2.299076447,0.0,0.65,0.49,5908.0,,,,,,,,,,,,,,,,,,,,,,,,,34.067305645257264,45.98152894,0.0,,7.125,0.081,7.0,0.079,6.0,0.068,9.062,0.102,0.07,0.079,0.09,0.102,0.2265499999999999,0.255,0.82255,0.0,0.0,456.890625,5.164609648644933,0.0,0.0,15.991171875,18.076133770257265,34.067305645257264,2260,,,0.3224036434568209,Information
312523,5909.0,503.5002976,RUS,Russia,Khanty-Mansiy,4.021420919,0.0,0.65,0.49,5909.0,,,,,,,,,,,,,,,,,,,,,,,,,40.69953125,80.42841838,0.0,3.0,2.25,0.447,2.188,0.434,2.375,0.472,4.125,0.819,0.02188,0.434,0.035625,0.708,0.103125,2.0475,3.35013,0.0,0.0,162.84375,32.34233440795194,0.0,0.0,5.69953125,35.0,40.69953125,2536,0.0,0.0,0.7679578223726965,Watch
312524,5910.0,5044.273566,RUS,Russia,Khanty-Mansiy,2.169521763,0.0,0.65,0.49,5910.0,,,,,,,,,,,,,,,,,,,,,,,,,60.6134375,43.39043526,0.0,3.0,6.688,0.133,6.562,0.13,8.938,0.177,17.562,0.348,0.06562,0.13,0.13407,0.2654999999999999,0.43905,0.8699999999999999,1.90424,0.0,0.0,731.8125,14.507787699650516,0.0,0.0,25.6134375,35.0,60.6134375,516,46.0,8.914728682170542,0.5272419711696911,Watch
312525,5911.0,994.2677213,RUS,Russia,Khanty-Mansiy,1.214731214,0.0,0.65,0.49,5911.0,,,,,,,,,,,,,,,,,,,,,,,,,40.3353125,24.29462428,0.0,,2.875,0.289,2.688,0.27,3.25,0.327,3.625,0.365,0.02688,0.27,0.04875,0.4905,0.090625,0.9125,1.839255,0.0,0.0,152.4375,15.331635205495346,0.0,0.0,5.3353125,35.0,40.3353125,200,,,0.2644710136820301,Advisory
312526,5912.0,14761.08461,RUS,Russia,Khanty-Mansiy,1.862611909,0.0,0.65,0.49,5912.0,,,,,,,,,,,,,,,,,,,,,,,,,70.0,37.25223818,0.0,3.0,21.25,0.144,18.438,0.125,45.562,0.309,59.75,0.405,0.18438,0.125,0.6834299999999999,0.4635,1.49375,1.0125000000000002,3.96256,0.0,0.0,1701.703125,11.528306830390298,0.0,0.0,35.0,35.0,70.0,1785,0.0,0.0,0.5435464113787877,Watch
312527,5913.0,710.1298586,RUS,Russia,Khanty-Mansiy,1.335818473,0.0,0.65,0.49,5913.0,,,,,,,,,,,,,,,,,,,,,,,,,11.060475832384553,26.71636946,0.0,,0.25,0.035,0.188,0.026,0.312,0.044,0.312,0.044,0.00188,0.026,0.00468,0.066,0.0078,0.1099999999999999,0.21636,0.0,0.0,20.953125,2.950604702109872,0.0,0.0,0.733359375,10.327116457384552,11.060475832384553,11320,,,0.0293148924333718,Information
312528,5914.0,8858.418299,RUS,Russia,Khanty-Mansiy,3.042856692,0.0,0.65,0.49,5914.0,,,,,,,,,,,,,,,,,,,,,,,,,9.073974456398886,60.85713384,0.0,,0.812,0.009,0.25,0.003,2.625,0.03,0.688,0.008,0.0025,0.003,0.039375,0.045,0.0171999999999999,0.02,0.127075,0.0,0.0,121.78125,1.3747516303996816,0.0,0.0,4.26234375,4.811630706398885,9.073974456398886,2320,,,0.0718969400879409,Information
312529,5915.0,20191.91575,RUS,Russia,Khanty-Mansiy,1.556826871,0.0,0.65,0.49,5915.0,,,,,,,,,,,,,,,,,,,,,,,,,54.137183960242446,31.13653742,0.0,,19.375,0.096,9.188,0.046,26.875,0.133,21.25,0.105,0.09188,0.046,0.403125,0.1995,0.53125,0.2625,1.534255,0.0,0.0,1104.046875,5.467766845783556,0.0,0.0,35.0,19.13718396024245,54.137183960242446,172477,,,0.4049308418466149,Advisory
312530,5916.0,5269.307688,RUS,Russia,Khanty-Mansiy,3.139135506,0.0,0.65,0.49,5916.0,,,,,,,,,,,,,,,,,,,,,,,,,69.531875,62.78271012,0.0,3.0,325.875,6.184,323.062,6.131,364.75,6.922,312.25,5.926,3.23062,6.131,5.47125,10.383,7.80625,14.815,47.83712,0.0,0.0,986.625,18.723996746418823,0.0,0.0,34.531875,35.0,69.531875,9607,523.0,5.443947121890289,0.7340183581684168,Watch
312541,5917.0,4905.72443,RUS,Russia,Tyumen',2.814543265,0.0,0.65,0.49,5917.0,,,,,,,,,,,,,,,,,,,,,,,,,29.670317022542005,56.29086530000001,0.0,,69.75,1.422,69.188,1.41,26.0,0.53,6.25,0.127,0.69188,1.41,0.39,0.795,0.15625,0.3175,3.76063,0.0,0.0,279.0,5.6872334350120015,0.0,0.0,9.765,19.905317022542004,29.670317022542005,1767,,,0.3492263534457736,Information
312542,5918.0,3053.191109,RUS,Russia,Tyumen',3.5303007,0.0,0.65,0.49,5918.0,,,,,,,,,,,,,,,,,,,,,,,,,15.255670280674812,70.606014,0.0,,11.562,0.379,9.125,0.299,4.125,0.135,0.688,0.023,0.09125,0.299,0.061875,0.2025,0.0171999999999999,0.0574999999999999,0.729325,0.0,0.0,101.953125,3.3392316873356607,0.0,0.0,3.568359375,11.687310905674812,15.255670280674812,39,,,0.2559639115522438,Information
312543,5919.0,708.5453583,RUS,Russia,Tyumen',3.220859638,0.0,0.65,0.49,5919.0,,,,,,,,,,,,,,,,,,,,,,,,,38.04171875,64.41719275999999,0.0,,26.75,3.775,22.562,3.184,10.562,1.491,3.188,0.45,0.22562,3.184,0.15843,2.2365000000000004,0.0797,1.125,7.009250000000001,0.0,0.0,86.90625,12.265446239572682,0.0,0.0,3.04171875,35.0,38.04171875,0,,,0.5266378340562011,Advisory
312544,5920.0,2062.413751,RUS,Russia,Tyumen',0.696825377,0.0,0.65,0.49,5920.0,,,,,,,,,,,,,,,,,,,,,,,,,11.572176750472815,13.93650754,0.0,,12.688,0.615,11.812,0.573,2.0,0.097,0.375,0.018,0.1181199999999999,0.573,0.03,0.1455,0.009375,0.045,0.920995,0.0,0.0,56.53125,2.7410237144208045,0.0,0.0,1.97859375,9.593583000472815,11.572176750472815,0,,,0.0224024424579379,Information
312545,5921.0,4124.831883,RUS,Russia,Tyumen',4.004684852,0.0,0.65,0.49,5921.0,,,,,,,,,,,,,,,,,,,,,,,,,22.247516926327524,80.09369704,0.0,,163.062,3.953,153.812,3.729,14.5,0.352,1.938,0.047,1.5381200000000002,3.729,0.2175,0.528,0.04845,0.1175,6.17857,0.0,0.0,185.625,4.50018340752215,0.0,0.0,6.496875,15.750641926327525,22.247516926327524,151,,,0.5442687414474997,Advisory
312546,5922.0,6342.486503,RUS,Russia,Tyumen',2.135815944,0.0,0.65,0.49,5922.0,,,,,,,,,,,,,,,,,,,,,,,,,35.14193643490643,42.71631888,0.0,,77.188,1.217,75.375,1.188,1.625,0.026,0.188,0.003,0.75375,1.188,0.024375,0.039,0.0046999999999999,0.0075,2.017325,0.0,0.0,389.671875,6.143834517116121,0.0,0.0,13.638515625,21.503420809906423,35.14193643490643,0,,,0.312555163579296,Advisory
312547,5923.0,3183.367312,RUS,Russia,Tyumen',4.009602564,0.0,0.65,0.49,5923.0,,,,,,,,,,,,,,,,,,,,,,,,,32.40912486851281,80.19205127999999,0.0,3.0,126.062,3.96,125.812,3.952,11.812,0.371,2.875,0.09,1.25812,3.952,0.17718,0.5565,0.071875,0.2249999999999999,6.240675,0.0,0.0,223.59375,7.0238124624322325,0.0,0.0,7.82578125,24.583343618512814,32.40912486851281,2,0.0,0.0,0.6887664007248321,Watch
312548,5924.0,3937.683865,RUS,Russia,Tyumen',2.012126324,0.0,0.65,0.49,5924.0,,,,,,,,,,,,,,,,,,,,,,,,,24.65112723201873,40.24252648,0.0,,27.125,0.689,27.125,0.689,0.812,0.021,0.188,0.005,0.27125,0.689,0.01218,0.0315,0.0046999999999999,0.0125,1.02113,0.0,0.0,198.984375,5.053335459148209,0.0,0.0,6.964453125,17.68667410701873,24.65112723201873,1218,,,0.187951156046692,Information
312549,5925.0,6653.691615,RUS,Russia,Tyumen',1.723829474,0.0,0.65,0.49,5925.0,,,,,,,,,,,,,,,,,,,,,,,,,17.4684616460175,34.47658948,0.0,,20.0,0.301,19.938,0.3,0.188,0.003,0.062,0.001,0.19938,0.3,0.00282,0.0045,0.00155,0.0025,0.5107499999999999,0.0,0.0,199.40625,2.996926541719285,0.0,0.0,6.97921875,10.489242896017496,17.4684616460175,4822,,,0.0930823392554315,Information
312550,5926.0,3719.711953,RUS,Russia,Tyumen',3.589406828,0.0,0.65,0.49,5926.0,,,,,,,,,,,,,,,,,,,,,,,,,52.418515625,71.78813656,0.0,3.0,107.938,2.902,107.938,2.902,73.062,1.964,55.312,1.487,1.07938,2.902,1.0959299999999998,2.946,1.3828,3.7175,13.12361,0.0,0.0,497.671875,13.37931219560827,0.0,0.0,17.418515625,35.0,52.418515625,4596,783.0,17.036553524804177,0.7322121862179845,Watch
312560,5927.0,12688.48845,RUS,Russia,Tyumen',3.111713879,0.0,0.65,0.49,5927.0,,,,,,,,,,,,,,,,,,,,,,,,,15.225527836790713,62.23427758,0.0,,57.0,0.449,57.0,0.449,21.625,0.17,16.688,0.132,0.57,0.449,0.324375,0.255,0.4172,0.33,2.345575,0.0,0.0,243.28125,1.917338310511632,0.0,0.0,8.51484375,6.710684086790712,15.225527836790713,3026,,,0.1818259646844372,Information
312570,5928.0,5939.540884,RUS,Russia,Tyumen',3.044857795,0.0,0.65,0.49,5928.0,,,,,,,,,,,,,,,,,,,,,,,,,57.369921875,60.8971559,0.0,3.0,116.0,1.953,115.875,1.951,71.625,1.206,48.688,0.82,1.15875,1.951,1.074375,1.809,1.2172,2.05,9.260325,0.0,0.0,639.140625,10.760774906784423,0.0,0.0,22.369921875,35.0,57.369921875,2376,22.0,0.9259259259259258,0.6492605802073519,Watch
312580,5929.0,8278.775082,RUS,Russia,Tyumen',2.916644309,0.0,0.65,0.49,5929.0,,,,,,,,,,,,,,,,,,,,,,,,,31.720913080649765,58.33288618,0.0,,35.875,0.433,35.688,0.431,28.938,0.35,23.875,0.288,0.35688,0.431,0.4340699999999999,0.5249999999999999,0.596875,0.72,3.063825,0.0,0.0,410.484375,4.9582742730427904,0.0,0.0,14.366953125,17.353959955649767,31.720913080649765,1013,,,0.3925280803743829,Advisory
312590,5930.0,3421.754218,RUS,Russia,Tyumen',0.784394875,0.0,0.65,0.49,5930.0,5930.0,0.0,3.0,-9999.0,-9999.0,-9999.0,0.0,8.0,-999.9,-999.9,-999.9,-5983.4,0.0,0.0,0.0,0.0,0.0,0.0,0.0,0.0,0.0,0.0,0.0,-5983.4,51.104375000000005,15.687897500000002,0.0,,115.312,3.37,115.312,3.37,75.938,2.219,49.375,1.443,1.15312,3.37,1.13907,3.3285,1.234375,3.6075,13.832565,0.0,0.0,460.125,13.447049983296026,0.0,0.0,16.104375,35.0,51.104375000000005,101458,,,0.3083068648276623,Advisory
312610,5932.0,3739.011881,RUS,Russia,Tyumen',2.158185595,0.0,0.65,0.49,5932.0,,,,,,,,,,,,,,,,,,,,,,,,,45.557239571792174,43.1637119,0.0,,84.438,2.258,82.688,2.211,30.0,0.802,30.75,0.822,0.8268800000000001,2.211,0.45,1.203,0.76875,2.055,7.514629999999999,0.0,0.0,354.234375,9.474010413369191,0.0,0.0,12.398203125,33.15903644679217,45.557239571792174,5413,,,0.4124662333918431,Advisory
312621,5933.0,15832.88866,RUS,Russia,Sverdlovsk,3.277936164,0.0,0.65,0.49,5933.0,,,,,,,,,,,,,,,,,,,,,,,,,37.80766432024652,65.55872328000001,0.0,,40.812,0.258,18.438,0.116,4.562,0.029,12.312,0.078,0.18438,0.116,0.06843,0.0435,0.3077999999999999,0.195,0.91511,0.0,0.0,662.0625,4.181564805784718,0.0,0.0,23.1721875,14.635476820246511,37.80766432024652,55904,,,0.5371499432980352,Advisory
312624,5936.0,15208.96999,RUS,Russia,Sverdlovsk,2.654062402,0.0,0.65,0.49,5936.0,,,,,,,,,,,,,,,,,,,,,,,,,10.79308810458264,53.081248040000006,0.0,,4.25,0.028,1.25,0.008,6.0,0.039,2.5,0.016,0.0125,0.008,0.09,0.0584999999999999,0.0625,0.04,0.2714999999999999,0.0,0.0,186.046875,1.2232707084521823,0.0,0.0,6.511640625,4.281447479582639,10.79308810458264,7265,,,0.0708470544776323,Information
312625,5937.0,5250.430499,RUS,Russia,Sverdlovsk,3.848489682,0.0,0.65,0.49,5937.0,,,,,,,,,,,,,,,,,,,,,,,,,13.952999763227275,76.96979363999999,0.0,,0.188,0.004,0.062,0.001,1.75,0.033,0.5,0.01,0.00062,0.001,0.02625,0.0495,0.0125,0.025,0.11487,0.0,0.0,137.25,2.614071360922079,0.0,0.0,4.80375,9.149249763227276,13.952999763227275,262,,,0.3081460973760901,Information
312626,5938.0,17722.13047,RUS,Russia,Sverdlovsk,3.008567301,0.0,0.65,0.49,5938.0,,,,,,,,,,,,,,,,,,,,,,,,,9.84717821666861,60.17134602,0.0,,3.375,0.019,2.938,0.017,6.688,0.038,0.875,0.005,0.02938,0.017,0.10032,0.0569999999999999,0.021875,0.0125,0.238075,0.0,0.0,179.859375,1.014885740476746,0.0,0.0,6.295078125,3.5521000916686107,9.84717821666861,17959,,,0.0811464095484882,Information
312627,5939.0,4180.995592,RUS,Russia,Sverdlovsk,2.516909635,0.0,0.65,0.49,5939.0,,,,,,,,,,,,,,,,,,,,,,,,,35.79170384015128,50.33819270000001,0.0,,18.625,0.445,8.125,0.194,19.875,0.475,9.938,0.238,0.08125,0.194,0.298125,0.7124999999999999,0.24845,0.595,2.129325,0.0,0.0,301.5,7.211201097186079,0.0,0.0,10.5525,25.23920384015128,35.79170384015128,14494,,,0.3716372931524115,Advisory
312629,5941.0,12679.87854,RUS,Russia,Sverdlovsk,3.092259967,0.0,0.65,0.49,5941.0,,,,,,,,,,,,,,,,,,,,,,,,,32.78429757527879,61.84519934,0.0,,9.188,0.072,6.188,0.049,14.688,0.116,5.688,0.045,0.06188,0.049,0.22032,0.174,0.1422,0.1124999999999999,0.7599,0.0,0.0,523.6875,4.13006716436537,0.0,0.0,18.3290625,14.455235075278791,32.78429757527879,248138,,,0.439711022189268,Advisory
312630,5942.0,5476.961526,RUS,Russia,Tyumen',2.747989939,0.0,0.65,0.49,5942.0,,,,,,,,,,,,,,,,,,,,,,,,,30.834881641547423,54.95979878,0.0,,43.062,0.786,30.062,0.549,10.625,0.194,25.062,0.458,0.30062,0.549,0.159375,0.291,0.62655,1.145,3.071545,0.0,0.0,311.765625,5.692309933299264,0.0,0.0,10.911796875,19.923084766547426,30.834881641547423,19222,,,0.3523777643587668,Advisory
312641,5943.0,793.724166,RUS,Russia,Tyumen',1.794222941,0.0,0.65,0.49,5943.0,,,,,,,,,,,,,,,,,,,,,,,,,42.60921875,35.88445882,0.0,,73.812,9.3,41.875,5.276,39.938,5.032,69.938,8.811,0.41875,5.276,0.59907,7.548,1.74845,22.0275,37.61777,0.0,0.0,217.40625,27.39065525544576,0.0,0.0,7.60921875,35.0,42.60921875,7360,,,0.3414106868920304,Advisory
312642,5944.0,19001.13184,RUS,Russia,Sverdlovsk,0.799953145,0.0,0.65,0.49,5944.0,,,,,,,,,,,,,,,,,,,,,,,,,31.243161695632324,15.9990629,0.0,,14.438,0.076,14.0,0.074,21.562,0.113,26.625,0.14,0.14,0.074,0.32343,0.1695,0.665625,0.35,1.7225550000000005,0.0,0.0,584.859375,3.0780238773235205,0.0,0.0,20.470078125,10.773083570632322,31.243161695632324,771045,,,0.1613248610926583,Information
312643,5945.0,5613.449939,RUS,Russia,Tyumen',2.530999636,0.0,0.65,0.49,5945.0,,,,,,,,,,,,,,,,,,,,,,,,,55.95734375,50.619992720000006,0.0,,41.25,0.735,40.25,0.717,45.188,0.805,87.0,1.55,0.4025,0.717,0.6778200000000001,1.2075,2.175,3.875,9.05482,0.0,0.0,598.78125,10.66690282360423,0.0,0.0,20.95734375,35.0,55.95734375,655833,,,0.5497556615845639,Advisory
312645,5947.0,8926.338526,RUS,Russia,Sverdlovsk,1.704248232,0.0,0.65,0.49,5947.0,,,,,,,,,,,,,,,,,,,,,,,,,47.785317287154925,34.08496464,0.0,,15.938,0.179,10.875,0.122,32.812,0.368,26.062,0.292,0.10875,0.122,0.4921799999999999,0.552,0.65155,0.73,2.65648,0.0,0.0,643.921875,7.21372904632998,0.0,0.0,22.537265625,25.24805166215493,47.785317287154925,34825,,,0.3738596322136707,Advisory
312650,5952.0,8150.037986,RUS,Russia,Tyumen',1.206506281,0.0,0.65,0.49,5952.0,5952.0,0.0,1.0,-9999.0,-9999.0,-9999.0,0.0,10.0,-999.9,-999.9,-999.9,-5979.4,0.0,0.0,0.0,0.0,0.0,0.0,0.0,0.0,0.0,0.0,0.0,-5979.4,18.20615004564266,24.13012562,0.0,,21.375,0.262,19.188,0.235,7.5,0.092,14.25,0.175,0.19188,0.235,0.1125,0.138,0.35625,0.4375,1.47113,0.0,0.0,233.578125,2.8659759058979017,0.0,0.0,8.175234375,10.030915670642656,18.20615004564266,97543,,,0.0767524479741185,Information
312661,5953.0,7896.351878,RUS,Russia,Kurgan,1.725964971,0.0,0.65,0.49,5953.0,,,,,,,,,,,,,,,,,,,,,,,,,54.904786396435824,34.51929942,0.0,,57.75,0.731,55.5,0.703,73.0,0.924,68.188,0.864,0.555,0.703,1.095,1.386,1.7047,2.16,7.6037,0.0,0.0,692.15625,8.765519327553093,0.0,0.0,24.22546875,30.679317646435827,54.904786396435824,47158,,,0.430086116596645,Advisory
312662,5954.0,29249.01231,RUS,Russia,Chelyabinsk,1.852208795,0.0,0.65,0.49,5954.0,,,,,,,,,,,,,,,,,,,,,,,,,57.06925482983644,37.0441759,0.0,,23.062,0.079,16.562,0.057,23.25,0.079,15.938,0.054,0.16562,0.057,0.34875,0.1185,0.3984499999999999,0.135,1.22332,0.0,0.0,1844.296875,6.305501379953268,0.0,0.0,35.0,22.06925482983644,57.06925482983644,1828549,,,0.4608995459182902,Advisory
312663,5955.0,1498.33356,RUS,Russia,Kurgan,1.507805718,0.0,0.65,0.49,5955.0,,,,,,,,,,,,,,,,,,,,,,,,,9.44271723121514,30.15611436,0.0,,7.75,0.517,5.75,0.384,2.062,0.138,2.5,0.167,0.0575,0.384,0.03093,0.207,0.0625,0.4175,1.15943,0.0,0.0,35.15625,2.3463567089186115,0.0,0.0,1.23046875,8.21224848121514,9.44271723121514,16542,,,0.0226951838345256,Information
312664,5956.0,1315.323604,RUS,Russia,Kurgan,0.87199236,0.0,0.65,0.49,5956.0,,,,,,,,,,,,,,,,,,,,,,,,,20.91663864842637,17.4398472,0.0,,2.25,0.171,1.25,0.095,1.125,0.086,1.312,0.1,0.0125,0.095,0.016875,0.129,0.0328,0.25,0.5361750000000001,0.0,0.0,69.46875,5.281494970978963,0.0,0.0,2.43140625,18.485232398426373,20.91663864842637,7937,,,0.0848789397780059,Information
312665,5957.0,2026.688128,RUS,Russia,Kurgan,1.038598573,0.0,0.65,0.49,5957.0,,,,,,,,,,,,,,,,,,,,,,,,,44.720703125,20.77197146,0.0,,3.125,0.154,2.75,0.136,5.188,0.256,3.938,0.194,0.0275,0.136,0.07782,0.384,0.09845,0.485,1.20877,0.0,0.0,277.734375,13.703853653095385,0.0,0.0,9.720703125,35.0,44.720703125,15917,,,0.2836970367179692,Advisory
312666,5958.0,1266.194985,RUS,Russia,Kurgan,0.54901479,0.0,0.65,0.49,5958.0,,,,,,,,,,,,,,,,,,,,,,,,,17.867649195722645,10.9802958,0.0,,5.562,0.439,5.125,0.405,7.25,0.573,7.875,0.622,0.05125,0.405,0.10875,0.8594999999999999,0.196875,1.555,3.176375,0.0,0.0,57.375,4.531292627349327,0.0,0.0,2.008125,15.859524195722644,17.867649195722645,13253,,,0.0541516809204158,Information
312667,5959.0,1870.783096,RUS,Russia,Kurgan,0.797017822,0.0,0.65,0.49,5959.0,,,,,,,,,,,,,,,,,,,,,,,,,26.2028465286375,15.94035644,0.0,,1.938,0.104,1.75,0.094,2.562,0.137,1.25,0.067,0.0175,0.094,0.03843,0.2055,0.03125,0.1675,0.55418,0.0,0.0,117.984375,6.306683829610714,0.0,0.0,4.129453125,22.0733934036375,26.2028465286375,18306,,,0.1218762649544068,Information
312668,5960.0,5133.964516,RUS,Russia,Kurgan,0.255635505,0.0,0.65,0.49,5960.0,,,,,,,,,,,,,,,,,,,,,,,,,59.368203125,5.112710099999999,0.0,,10.75,0.209,10.0,0.195,12.188,0.237,27.688,0.539,0.1,0.195,0.18282,0.3555,0.6922,1.3475,2.8730200000000004,0.0,0.0,696.234375,13.56133983460341,0.0,0.0,24.368203125,35.0,59.368203125,407936,,,0.3195594845991979,Advisory
312669,5961.0,8133.685395,RUS,Russia,Chelyabinsk,1.650104395,0.0,0.65,0.49,5961.0,,,,,,,,,,,,,,,,,,,,,,,,,38.47168411593746,33.0020879,0.0,,5.75,0.071,4.062,0.05,6.875,0.085,7.0,0.086,0.04062,0.05,0.103125,0.1275,0.175,0.2149999999999999,0.7112449999999999,0.0,0.0,493.03125,6.061597247410703,0.0,0.0,17.25609375,21.215590365937462,38.47168411593746,1177049,,,0.2895366107529181,Advisory
312671,5963.0,3000.204636,RUS,Russia,Tyumen',2.7594004,0.0,0.65,0.49,5963.0,,,,,,,,,,,,,,,,,,,,,,,,,12.177720411855883,55.188008,0.0,,3.438,0.115,3.438,0.115,2.562,0.085,3.188,0.106,0.03438,0.115,0.03843,0.1275,0.0797,0.265,0.66001,0.0,0.0,80.296875,2.6763799391016807,0.0,0.0,2.810390625,9.367329786855883,12.177720411855883,60342,,,0.0963099671756811,Information
312673,5965.0,613.8054587,RUS,Russia,Kurgan,2.659559487,0.0,0.65,0.49,5965.0,,,,,,,,,,,,,,,,,,,,,,,,,52.07113,53.19118974,0.0,,56.25,9.164,54.125,8.818,68.812,11.211,67.188,10.946,0.54125,8.818,1.03218,15.0,1.6797,25.0,52.07113,0.0,0.0,38.390625,6.254526488276022,0.0,0.0,1.343671875,21.89084270896608,23.234514583966074,1548,,,0.5424227342119465,Advisory
312674,5966.0,3599.117775,RUS,Russia,Kurgan,1.193973199,0.0,0.65,0.49,5966.0,,,,,,,,,,,,,,,,,,,,,,,,,28.71392438443448,23.87946398,0.0,,10.938,0.304,10.688,0.297,10.5,0.292,10.062,0.28,0.10688,0.297,0.1575,0.4379999999999999,0.25155,0.7000000000000001,1.95093,0.0,0.0,217.125,6.032728395552708,0.0,0.0,7.599375,21.11454938443448,28.71392438443448,15410,,,0.1647960262744663,Information
312675,5967.0,6696.910103,RUS,Russia,Kurgan,3.192574465,0.0,0.65,0.49,5967.0,,,,,,,,,,,,,,,,,,,,,,,,,55.63828507262564,63.8514893,0.0,3.0,73.875,1.103,64.562,0.964,82.625,1.234,85.562,1.278,0.64562,0.964,1.239375,1.851,2.13905,3.1950000000000003,10.034045,0.0,0.0,637.59375,9.52071537789304,0.0,0.0,22.31578125,33.32250382262564,55.63828507262564,357222,6059.0,1.6961441344598038,0.6668515352518224,Watch
312676,5968.0,3120.492553,RUS,Russia,Kurgan,2.216394384,0.0,0.65,0.49,5968.0,,,,,,,,,,,,,,,,,,,,,,,,,17.176539039846784,44.32788768,0.0,,29.562,0.947,10.688,0.342,2.875,0.092,2.875,0.092,0.10688,0.342,0.043125,0.138,0.071875,0.2299999999999999,0.93188,0.0,0.0,116.71875,3.7403950828133663,0.0,0.0,4.08515625,13.091382789846785,17.176539039846784,29825,,,0.1198104453274357,Information
312677,5969.0,2240.698121,RUS,Russia,Kurgan,1.515077271,0.0,0.65,0.49,5969.0,,,,,,,,,,,,,,,,,,,,,,,,,40.1970896109256,30.30154542,0.0,,4.938,0.22,4.25,0.19,7.875,0.351,9.312,0.416,0.0425,0.19,0.118125,0.5265,0.2327999999999999,1.04,2.149925,0.0,0.0,210.234375,9.382538995978743,0.0,0.0,7.358203125,32.8388864859256,40.1970896109256,11251,,,0.291028164617057,Advisory
312678,5970.0,5719.977856,RUS,Russia,Kurgan,2.092062225,0.0,0.65,0.49,5970.0,,,,,,,,,,,,,,,,,,,,,,,,,58.679140625,41.8412445,0.0,,38.25,0.669,37.938,0.663,49.5,0.865,52.125,0.911,0.37938,0.663,0.7425,1.2975,1.303125,2.2775,6.663005,0.0,0.0,676.546875,11.827788359620502,0.0,0.0,23.679140625,35.0,58.679140625,41420,,,0.5035536801426592,Advisory
312679,5971.0,4302.287214,RUS,Russia,Kurgan,1.245497971,0.0,0.65,0.49,5971.0,,,,,,,,,,,,,,,,,,,,,,,,,44.40649732358612,24.90995942,0.0,,21.688,0.504,18.75,0.436,18.312,0.426,20.562,0.478,0.1875,0.436,0.27468,0.639,0.51405,1.1949999999999998,3.24623,0.0,0.0,381.65625,8.871008163881747,0.0,0.0,13.35796875,31.048528573586115,44.40649732358612,12368,,,0.2996865851024969,Advisory
312692,5982.0,6710.589894,RUS,Russia,Chelyabinsk,1.040173813,0.0,0.65,0.49,5982.0,,,,,,,,,,,,,,,,,,,,,,,,,64.098125,20.80347626,0.0,3.0,61.312,0.914,60.188,0.897,82.875,1.235,85.125,1.269,0.60188,0.897,1.243125,1.8525,2.128125,3.1725,9.89513,0.0,0.0,831.375,12.3890002683639,0.0,0.0,29.098125,35.0,64.098125,99842,3927.0,3.9332144788766255,0.4162418196590683,Watch
312694,5984.0,27801.38941,RUS,Russia,Chelyabinsk,1.228249186,0.0,0.65,0.49,5984.0,,,,,,,,,,,,,,,,,,,,,,,,,42.375296304879015,24.56498372,0.0,,9.188,0.033,8.438,0.03,35.0,0.126,39.938,0.144,0.08438,0.03,0.525,0.189,0.99845,0.36,2.18683,0.0,0.0,890.4375,3.202852515679719,0.0,0.0,31.1653125,11.209983804879016,42.375296304879015,373716,,,0.2820690338772292,Advisory
312701,5991.0,1404.803092,RUS,Russia,Tyumen',2.197375086,0.0,0.65,0.49,5991.0,,,,,,,,,,,,,,,,,,,,,,,,,42.43203125,43.947501720000005,0.0,,22.75,1.619,22.75,1.619,1.188,0.085,1.188,0.085,0.2275,1.619,0.01782,0.1275,0.0296999999999999,0.2125,2.23402,0.0,0.0,212.34375,15.115552578056194,0.0,0.0,7.43203125,35.0,42.43203125,26050,,,0.3903583435772755,Advisory
312702,5992.0,24297.52922,RUS,Russia,Tyumen',2.051589062,0.0,0.65,0.49,5992.0,,,,,,,,,,,,,,,,,,,,,,,,,55.94541672563604,41.03178124,0.0,,52.562,0.216,52.562,0.216,6.812,0.028,8.062,0.033,0.52562,0.216,0.1021799999999999,0.042,0.2015499999999999,0.0825,1.1698499999999998,0.0,0.0,1454.0625,5.984404778753153,0.0,0.0,35.0,20.94541672563604,55.94541672563604,88100,,,0.4790164962420131,Advisory
312703,5993.0,1187.771472,RUS,Russia,Tyumen',2.520073424,0.0,0.65,0.49,5993.0,,,,,,,,,,,,,,,,,,,,,,,,,39.326328125,50.40146848,0.0,,15.062,1.268,15.062,1.268,1.312,0.111,1.062,0.089,0.15062,1.268,0.01968,0.1665,0.02655,0.2224999999999999,1.85385,0.0,0.0,123.609375,10.406831441831718,0.0,0.0,4.326328125,35.0,39.326328125,4467,,,0.4082429856062093,Advisory
312704,5994.0,777.7058954,RUS,Russia,Tyumen',0.487723154,0.0,0.65,0.49,5994.0,,,,,,,,,,,,,,,,,,,,,,,,,15.892690942910166,9.75446308,0.0,,2.062,0.265,2.062,0.265,0.625,0.08,0.188,0.024,0.02062,0.265,0.009375,0.12,0.0046999999999999,0.06,0.479695,0.0,0.0,32.765625,4.213112590831476,0.0,0.0,1.146796875,14.745894067910166,15.892690942910166,238,,,0.0412222915466926,Information
312705,5995.0,475.2314719,RUS,Russia,Tyumen',3.74561693,0.0,0.65,0.49,5995.0,,,,,,,,,,,,,,,,,,,,,,,,,37.6578125,74.9123386,0.0,3.0,7.562,1.591,7.562,1.591,1.812,0.381,0.312,0.066,0.07562,1.591,0.02718,0.5715,0.0078,0.165,2.4381,0.0,0.0,75.9375,15.97905536447582,0.0,0.0,2.6578125,35.0,37.6578125,506,25.0,4.940711462450593,0.6576890541943179,Watch
312706,5996.0,772.6345393,RUS,Russia,Tyumen',0.358037347,0.0,0.65,0.49,5996.0,,,,,,,,,,,,,,,,,,,,,,,,,38.154921875,7.16074694,0.0,,17.125,2.216,17.125,2.216,0.688,0.089,0.188,0.024,0.17125,2.216,0.01032,0.1335,0.0046999999999999,0.06,2.595770000000001,0.0,0.0,90.140625,11.66665744489194,0.0,0.0,3.154921875,35.0,38.154921875,71,,,0.1869438324693807,Advisory
312707,5997.0,1287.673716,RUS,Russia,Tyumen',2.438520504,0.0,0.65,0.49,5997.0,,,,,,,,,,,,,,,,,,,,,,,,,40.4140625,48.77041008,0.0,,83.438,6.48,83.438,6.48,6.75,0.524,1.562,0.121,0.83438,6.48,0.10125,0.786,0.03905,0.3025,8.543180000000001,0.0,0.0,154.6875,12.012942262963874,0.0,0.0,5.4140625,35.0,40.4140625,3186,,,0.4062742897870319,Advisory
312708,5998.0,2005.723325,RUS,Russia,Omsk,0.941369464,0.0,0.65,0.49,5998.0,,,,,,,,,,,,,,,,,,,,,,,,,2.327421150802668,18.82738928,0.0,,4.125,0.206,4.125,0.206,0.562,0.028,0.125,0.006,0.04125,0.206,0.00843,0.042,0.003125,0.015,0.315805,0.0,0.0,11.109375,0.5538837216579051,0.0,0.0,0.388828125,1.938593025802668,2.327421150802668,115,,,0.0001912903976085,Information
312709,5999.0,635.4067921,RUS,Russia,Omsk,2.796536226,0.0,0.65,0.49,5999.0,,,,,,,,,,,,,,,,,,,,,,,,,39.17375,55.930724520000005,0.0,,61.062,9.61,61.062,9.61,2.062,0.325,0.5,0.079,0.6106199999999999,9.61,0.03093,0.4875,0.0125,0.1975,10.94905,0.0,0.0,119.25,18.76750476646451,0.0,0.0,4.17375,35.0,39.17375,7023,,,0.4531305131984216,Advisory
312811,6005.0,304.0920635,RUS,Russia,Omsk,3.674982542,0.0,0.65,0.49,6005.0,6005.0,0.0,1.0,-9999.0,-9999.0,-9999.0,0.0,10.0,-999.9,-999.9,-999.9,-5979.4,0.0,0.0,0.0,0.0,0.0,0.0,0.0,0.0,0.0,0.0,0.0,-5979.4,21.680963423113425,73.49965084,0.0,,6.75,2.22,6.75,2.22,0.062,0.021,0.062,0.021,0.0675,2.22,0.0009299999999999,0.0315,0.00155,0.0525,2.37398,0.0,0.0,18.28125,6.011748478032407,0.0,0.0,0.63984375,21.041119673113425,21.680963423113425,3408,,,0.4204574718814213,Advisory
312812,6006.0,4109.752662,RUS,Russia,Omsk,2.173972504,0.0,0.65,0.49,6006.0,,,,,,,,,,,,,,,,,,,,,,,,,6.928163878679776,43.47945008,0.0,,10.062,0.245,10.062,0.245,0.875,0.021,0.562,0.014,0.1006199999999999,0.245,0.013125,0.0315,0.01405,0.035,0.439295,0.0,0.0,57.65625,1.4029128939085072,0.0,0.0,2.01796875,4.910195128679775,6.928163878679776,513,,,0.0179080333277549,Information
312813,6007.0,5047.635914,RUS,Russia,Tyumen',2.884641394,0.0,0.65,0.49,6007.0,,,,,,,,,,,,,,,,,,,,,,,,,14.071145050891085,57.69282788,0.0,,23.062,0.457,23.062,0.457,0.562,0.011,0.688,0.014,0.23062,0.457,0.00843,0.0165,0.0171999999999999,0.035,0.76475,0.0,0.0,134.859375,2.671733407397453,0.0,0.0,4.720078125,9.351066925891084,14.071145050891085,2270,,,0.1354852445382218,Information
312815,6009.0,8833.937834,RUS,Russia,Tyumen',2.25537872,0.0,0.65,0.49,6009.0,6009.0,0.0,1.0,-9999.0,-9999.0,-9999.0,0.0,10.0,-999.9,-999.9,-999.9,-5979.4,0.0,0.0,0.0,0.0,0.0,0.0,0.0,0.0,0.0,0.0,0.0,-5979.4,25.28916070556476,45.1075744,0.0,,44.5,0.504,44.5,0.504,1.562,0.018,0.625,0.007,0.445,0.504,0.02343,0.0269999999999999,0.015625,0.0175,1.032555,0.0,0.0,338.90625,3.8364119873042153,0.0,0.0,11.86171875,13.427441955564753,25.28916070556476,71282,,,0.2191699779731253,Information
312816,6010.0,2986.60208,RUS,Russia,Tyumen',2.427392389,0.0,0.65,0.49,6010.0,,,,,,,,,,,,,,,,,,,,,,,,,23.24227179110812,48.54784778,0.0,,3.25,0.109,3.188,0.107,0.25,0.008,0.562,0.019,0.03188,0.107,0.00375,0.012,0.01405,0.0475,0.21618,0.0,0.0,152.71875,5.113461583173748,0.0,0.0,5.34515625,17.89711554110812,23.24227179110812,60508,,,0.2133999474729013,Information
312910,6031.0,19865.46239,RUS,Russia,Omsk,1.949625112,0.0,0.65,0.49,6031.0,,,,,,,,,,,,,,,,,,,,,,,,,36.938199401227465,38.99250224,0.0,,410.688,2.067,405.188,2.04,37.0,0.186,30.562,0.154,4.05188,2.04,0.555,0.279,0.76405,0.385,8.07493,0.0,0.0,702.0,3.53377125749356,0.0,0.0,24.57,12.36819940122746,36.938199401227465,17988,,,0.3079215038854914,Advisory
312920,6032.0,1457.184517,RUS,Russia,Tyumen',2.712146716,0.0,0.65,0.49,6032.0,,,,,,,,,,,,,,,,,,,,,,,,,34.3642527793282,54.24293432,0.0,,1.625,0.112,1.312,0.09,0.375,0.026,0.375,0.026,0.01312,0.09,0.005625,0.039,0.009375,0.065,0.2221199999999999,0.0,0.0,124.875,8.569607936950915,0.0,0.0,4.370625,29.9936277793282,34.3642527793282,719,,,0.3873129364233353,Advisory
312921,6033.0,24.65983794,RUS,Russia,Omsk,3.463722904,0.0,0.65,0.49,6033.0,,,,,,,,,,,,,,,,,,,,,,,,,35.26578125,69.27445808,0.0,,4.188,16.981,4.188,16.981,0.062,0.253,0.0,0.0,0.04188,10.0,0.0009299999999999,0.3795,0.0,0.0,10.42231,0.0,0.0,7.59375,30.793997997568827,0.0,0.0,0.26578125,35.0,35.26578125,22,,,0.554808199326024,Advisory
312922,6034.0,6450.935153,RUS,Russia,Omsk,2.44562812,0.0,0.65,0.49,6034.0,,,,,,,,,,,,,,,,,,,,,,,,,7.342675914725264,48.9125624,0.0,,7.188,0.111,7.188,0.111,0.25,0.004,0.0,0.0,0.07188,0.111,0.00375,0.006,0.0,0.0,0.19263,0.0,0.0,82.265625,1.2752511542072182,0.0,0.0,2.879296875,4.463379039725264,7.342675914725264,8957,,,0.0261998554606499,Information
312923,6035.0,4621.425282,RUS,Russia,Omsk,2.887545866,0.0,0.65,0.49,6035.0,,,,,,,,,,,,,,,,,,,,,,,,,34.81898864596718,57.75091732,0.0,,67.5,1.461,67.5,1.461,1.5,0.032,0.0,0.0,0.675,1.461,0.0225,0.048,0.0,0.0,2.2065,0.0,0.0,314.4375,6.803907470276337,0.0,0.0,11.0053125,23.81367614596718,34.81898864596718,14525,,,0.423315123377253,Advisory
312925,6037.0,4191.50596,RUS,Russia,Omsk,2.154233822,0.0,0.65,0.49,6037.0,,,,,,,,,,,,,,,,,,,,,,,,,70.0,43.08467644,0.0,3.0,189.562,4.523,189.562,4.523,9.188,0.219,0.375,0.009,1.89562,4.523,0.13782,0.3285,0.009375,0.0225,6.916815,0.0,0.0,1103.34375,26.32332533079729,0.0,0.0,35.0,35.0,70.0,3172,264.0,8.32282471626734,0.5819679826636206,Watch
312926,6038.0,3798.659024,RUS,Russia,Omsk,3.168769187,0.0,0.65,0.49,6038.0,,,,,,,,,,,,,,,,,,,,,,,,,54.456171875,63.37538374,0.0,3.0,102.188,2.69,102.188,2.69,6.188,0.163,1.375,0.036,1.02188,2.69,0.09282,0.2445,0.034375,0.09,4.173575,0.0,0.0,555.890625,14.633864779446183,0.0,0.0,19.456171875,35.0,54.456171875,13024,717.0,5.5052211302211305,0.6541966532205263,Watch
312927,6039.0,3137.613015,RUS,Russia,Omsk,2.588051896,0.0,0.65,0.49,6039.0,,,,,,,,,,,,,,,,,,,,,,,,,70.0,51.76103792,0.0,3.0,329.0,10.486,329.0,10.486,8.188,0.261,0.312,0.01,3.29,10.0,0.12282,0.3915,0.0078,0.025,13.83712,0.0,0.0,1202.484375,38.32481473682093,0.0,0.0,35.0,35.0,70.0,20953,1900.0,9.067913902543788,0.645175749622698,Watch
312928,6040.0,3342.0627,RUS,Russia,Omsk,1.091105149,0.0,0.65,0.49,6040.0,,,,,,,,,,,,,,,,,,,,,,,,,61.62734375,21.822102980000004,0.0,3.0,263.5,7.884,263.5,7.884,13.5,0.404,0.562,0.017,2.635,7.884,0.2025,0.6060000000000001,0.01405,0.0425,11.38405,0.0,0.0,760.78125,22.7638233726695,0.0,0.0,26.62734375,35.0,61.62734375,20397,456.0,2.235622885718488,0.405986581120589,Watch
312929,6041.0,5001.400369,RUS,Russia,Tyumen',0.885440001,0.0,0.65,0.49,6041.0,,,,,,,,,,,,,,,,,,,,,,,,,70.0,17.708800019999998,0.0,3.0,191.062,3.82,190.625,3.811,13.75,0.275,2.938,0.059,1.90625,3.811,0.20625,0.4125,0.07345,0.1475,6.55695,0.0,0.0,1016.15625,20.31743461981438,0.0,0.0,35.0,35.0,70.0,13909,1448.0,10.410525558990582,0.435743909005006,Watch
312931,6042.0,494.1622062,RUS,Russia,Omsk,1.37834342,0.0,0.65,0.49,6042.0,,,,,,,,,,,,,,,,,,,,,,,,,37.835,27.5668684,0.0,,39.0,7.892,38.812,7.854,1.312,0.266,0.062,0.013,0.3881199999999999,7.854,0.01968,0.399,0.00155,0.0325,8.694849999999999,0.0,0.0,81.0,16.39137898064884,0.0,0.0,2.835,35.0,37.835,9157,,,0.2580304933076059,Advisory
312933,6044.0,1974.367133,RUS,Russia,Omsk,0.885973439,0.0,0.65,0.49,6044.0,,,,,,,,,,,,,,,,,,,,,,,,,40.805974241431294,17.71946878,0.0,,46.625,2.362,46.5,2.355,0.875,0.044,0.062,0.003,0.465,2.355,0.013125,0.066,0.00155,0.0075,2.9081749999999995,0.0,0.0,192.234375,9.736506033266084,0.0,0.0,6.728203125,34.07777111643129,40.805974241431294,36111,,,0.2415560279286609,Advisory
312934,6045.0,18667.69949,RUS,Russia,Novosibirsk,2.409162222,0.0,0.65,0.49,6045.0,6045.0,0.0,12.0,-9999.0,-9999.0,-9999.0,0.0,1.0,-999.9,-999.9,-999.9,-5997.4,0.0,0.0,0.0,0.0,0.0,0.0,0.0,0.0,0.0,0.0,0.0,-5997.4,24.648098499864524,48.18324444,0.0,,,,,,,,,,,,,,,,,0.0,0.0,458.578125,2.45653260710415,0.0,0.0,16.050234375,8.597864124864524,24.648098499864524,30324,,,0.2287366610055341,Information
312935,6046.0,7112.675485,RUS,Russia,Omsk,0.904600251,0.0,0.65,0.49,6046.0,,,,,,,,,,,,,,,,,,,,,,,,,70.0,18.09200502,0.0,3.0,296.188,4.164,295.875,4.16,11.812,0.166,0.75,0.011,2.95875,4.16,0.17718,0.249,0.01875,0.0274999999999999,7.59118,0.0,0.0,1388.53125,19.521926072396862,0.0,0.0,35.0,35.0,70.0,34462,7243.0,21.017352446172595,0.4375824817613903,Watch
312936,6047.0,6354.620011,RUS,Russia,Omsk,1.872593428,0.0,0.65,0.49,6047.0,,,,,,,,,,,,,,,,,,,,,,,,,70.0,37.45186856,0.0,3.0,527.25,8.297,527.25,8.297,31.812,0.501,0.625,0.01,5.2725,8.297,0.47718,0.7515000000000001,0.015625,0.025,14.838805000000002,0.0,0.0,1802.8125,28.370107052506565,0.0,0.0,35.0,35.0,70.0,20675,1293.0,6.253929866989118,0.5448098560583745,Watch
312937,6048.0,3112.062909,RUS,Russia,Omsk,1.189944432,0.0,0.65,0.49,6048.0,,,,,,,,,,,,,,,,,,,,,,,,,49.051953125,23.79888864,0.0,,76.75,2.466,76.562,2.46,1.312,0.042,0.0,0.0,0.76562,2.46,0.01968,0.063,0.0,0.0,3.3083000000000005,0.0,0.0,401.484375,12.900908069657763,0.0,0.0,14.051953125,35.0,49.051953125,84711,,,0.3297889387666537,Advisory
312939,6050.0,211.4483499,RUS,Russia,Omsk,0.327421113,0.0,0.65,0.49,6050.0,6050.0,0.0,1.0,-9999.0,-9999.0,-9999.0,0.0,10.0,-999.9,-999.9,-999.9,-5979.4,0.0,0.0,0.0,0.0,0.0,0.0,0.0,0.0,0.0,0.0,0.0,-5979.4,36.343671875,6.54842226,0.0,,6.25,2.956,6.25,2.956,0.125,0.059,0.0,0.0,0.0625,2.956,0.001875,0.0885,0.0,0.0,3.108875,0.0,0.0,38.390625,18.15602959828023,0.0,0.0,1.343671875,35.0,36.343671875,399902,,,0.1724766854308114,Advisory
312941,6051.0,19068.05425,RUS,Russia,Omsk,1.245032924,0.0,0.65,0.49,6051.0,,,,,,,,,,,,,,,,,,,,,,,,,70.0,24.90065848,0.0,3.0,246.5,1.293,233.188,1.223,57.312,0.301,5.25,0.028,2.33188,1.223,0.8596799999999999,0.4515,0.13125,0.07,5.06731,0.0,0.0,2293.734375,12.0291999621045,0.0,0.0,35.0,35.0,70.0,443609,17573.0,3.9613713878663415,0.4719708555997658,Watch
312942,6052.0,15656.82961,RUS,Russia,Novosibirsk,2.691000149,0.0,0.65,0.49,6052.0,,,,,,,,,,,,,,,,,,,,,,,,,61.0132585144455,53.820002980000005,0.0,3.0,55.375,0.354,43.625,0.279,7.438,0.048,0.188,0.001,0.43625,0.279,0.11157,0.072,0.0046999999999999,0.0025,0.9060200000000002,0.0,0.0,1163.671875,7.432359575555858,0.0,0.0,35.0,26.013258514445504,61.0132585144455,26055,659.0,2.5292650163116486,0.6097027772979533,Watch
312943,6053.0,4643.283679,RUS,Russia,Novosibirsk,2.528100423,0.0,0.65,0.49,6053.0,,,,,,,,,,,,,,,,,,,,,,,,,61.5190625,50.56200846,0.0,3.0,53.125,1.144,53.0,1.141,15.438,0.332,1.375,0.03,0.53,1.141,0.23157,0.498,0.034375,0.075,2.509945,0.0,0.0,757.6875,16.317923960505684,0.0,0.0,26.5190625,35.0,61.5190625,19521,1605.0,8.22191486091901,0.58653004048918,Watch
312944,6054.0,3617.348455,RUS,Russia,Novosibirsk,3.131486572,0.0,0.65,0.49,6054.0,,,,,,,,,,,,,,,,,,,,,,,,,32.44284493692223,62.62973144,0.0,,12.125,0.335,10.938,0.302,2.062,0.057,0.25,0.007,0.10938,0.302,0.03093,0.0855,0.00625,0.0175,0.5515599999999999,0.0,0.0,246.234375,6.807040517692064,0.0,0.0,8.618203125,23.824641811922223,32.44284493692223,1104,,,0.4437787520863622,Advisory
312945,6055.0,7480.647446,RUS,Russia,Novosibirsk,2.420413557,0.0,0.65,0.49,6055.0,6055.0,0.0,1.0,-9999.0,-9999.0,-9999.0,0.0,10.0,-999.9,-999.9,-999.9,-5979.4,0.0,0.0,0.0,0.0,0.0,0.0,0.0,0.0,0.0,0.0,0.0,-5979.4,70.0,48.40827114,0.0,3.0,185.125,2.475,177.938,2.379,66.5,0.889,39.812,0.532,1.77938,2.379,0.9975,1.3335,0.9953,1.33,8.81468,0.0,0.0,1800.5625,24.06960778416972,0.0,0.0,35.0,35.0,70.0,102156,9815.0,9.60785465366694,0.6198679042383524,Watch
312946,6056.0,3149.33374,RUS,Russia,Novosibirsk,0.940143332,0.0,0.65,0.49,6056.0,,,,,,,,,,,,,,,,,,,,,,,,,48.638515625,18.80286664,0.0,,30.062,0.955,23.438,0.744,6.688,0.212,4.125,0.131,0.2343799999999999,0.744,0.10032,0.318,0.103125,0.3275,1.827325,0.0,0.0,389.671875,12.373152773576802,0.0,0.0,13.638515625,35.0,48.638515625,7112,,,0.3041630764837857,Advisory
312947,6057.0,4307.575014,RUS,Russia,Novosibirsk,2.391964434,0.0,0.65,0.49,6057.0,,,,,,,,,,,,,,,,,,,,,,,,,36.97910219298923,47.83928868,0.0,,20.75,0.482,16.125,0.374,0.438,0.01,0.75,0.017,0.16125,0.374,0.00657,0.015,0.01875,0.0425,0.61807,0.0,0.0,318.09375,7.3845202694254946,0.0,0.0,11.13328125,25.84582094298923,36.97910219298923,1679,,,0.3654319392574231,Advisory
313100,6091.0,15342.5221,RUS,Russia,Yamal-Nenets,3.186578853,0.0,0.65,0.49,6091.0,6091.0,1.0,3.0,100.0,-9999.0,-9999.0,3.0,8.0,10.0,-999.9,-999.9,-3957.6,0.0,0.0,0.0,0.0,0.0,0.0,0.0,0.0,0.0,0.0,0.0,-3957.6,70.0,63.73157706,0.0,3.0,101.688,0.663,74.625,0.486,81.062,0.528,93.25,0.608,0.74625,0.486,1.21593,0.792,2.33125,1.52,7.091429999999999,0.0,0.0,2439.984375,15.903411182532832,0.0,0.0,35.0,35.0,70.0,241,1.0,0.4149377593360996,0.7445856174579899,Watch
313201,6092.0,6959.278608,RUS,Russia,Yamal-Nenets,3.623919557,0.0,0.65,0.49,6092.0,6092.0,0.0,4.0,-9999.0,-9999.0,-9999.0,0.0,7.0,-999.9,-999.9,-999.9,-5985.4,0.0,0.0,0.0,0.0,0.0,0.0,0.0,0.0,0.0,0.0,0.0,-5985.4,70.0,72.47839114,0.0,3.0,160.0,2.299,85.75,1.232,67.438,0.969,38.0,0.546,0.8575,1.232,1.01157,1.4535,0.95,1.3650000000000002,6.86957,0.0,0.0,2544.75,36.56629003055214,0.0,0.0,35.0,35.0,70.0,14029,154.0,1.0977261387126667,0.8247251980571539,Warning
313202,6093.0,8729.931119,RUS,Russia,Yamal-Nenets,3.373383945,0.0,0.65,0.49,6093.0,,,,,,,,,,,,,,,,,,,,,,,,,70.0,67.4676789,0.0,3.0,86.5,0.991,65.125,0.746,47.125,0.54,42.5,0.487,0.65125,0.746,0.706875,0.81,1.0625,1.2175,5.1941250000000005,0.0,0.0,1193.0625,13.666344943571888,0.0,0.0,35.0,35.0,70.0,986,0.0,0.0,0.7782395356159536,Watch
313203,6094.0,196.4342938,RUS,Russia,Yamal-Nenets,2.52046382,0.0,0.65,0.49,6094.0,,,,,,,,,,,,,,,,,,,,,,,,,38.02203125,50.4092764,0.0,,19.688,10.022,14.875,7.573,9.188,4.677,4.188,2.132,0.14875,7.573,0.13782,7.015499999999999,0.1046999999999999,5.33,20.30977,0.0,0.0,86.34375,43.95553766791204,0.0,0.0,3.02203125,35.0,38.02203125,414,,,0.3952589966786205,Advisory
313204,6095.0,5121.995336,RUS,Russia,Yamal-Nenets,3.135062007,0.0,0.65,0.49,6095.0,,,,,,,,,,,,,,,,,,,,,,,,,9.009323684823574,62.70124014,0.0,,10.312,0.201,5.688,0.111,1.062,0.021,0.25,0.005,0.05688,0.111,0.01593,0.0315,0.00625,0.0125,0.23406,0.0,0.0,87.1875,1.7022174813781636,0.0,0.0,3.0515625,5.957761184823573,9.009323684823574,14991,,,0.0777019857548981,Information
313205,6096.0,115.7020183,RUS,Russia,Yamal-Nenets,4.007726065,0.0,0.65,0.49,6096.0,,,,,,,,,,,,,,,,,,,,,,,,,36.68328125,80.1545213,0.0,3.0,13.938,12.046,3.688,3.187,9.688,8.373,4.125,3.565,0.03688,3.187,0.14532,12.5595,0.103125,8.9125,24.944325,0.0,0.0,48.09375,41.56690669092929,0.0,0.0,1.68328125,35.0,36.68328125,0,0.0,0.0,0.7305062781922764,Watch
313206,6097.0,11093.13101,RUS,Russia,Yamal-Nenets,1.492895203,0.0,0.65,0.49,6097.0,,,,,,,,,,,,,,,,,,,,,,,,,70.0,29.85790406,0.0,3.0,219.75,1.981,178.812,1.612,144.812,1.305,120.75,1.089,1.7881200000000002,1.612,2.17218,1.9575,3.01875,2.7225,13.27105,0.0,0.0,1405.125,12.666622243037947,0.0,0.0,35.0,35.0,70.0,5626,0.0,0.0,0.4991909917069164,Watch
313207,6098.0,1569.382557,RUS,Russia,Yamal-Nenets,1.041309798,0.0,0.65,0.49,6098.0,,,,,,,,,,,,,,,,,,,,,,,,,40.753671875,20.82619596,0.0,,38.0,2.421,25.312,1.613,6.125,0.39,1.188,0.076,0.25312,1.613,0.091875,0.585,0.0296999999999999,0.19,2.762695,0.0,0.0,164.390625,10.474859957484984,0.0,0.0,5.753671875,35.0,40.753671875,0,,,0.2533133009793867,Advisory
313208,6099.0,6450.323185,RUS,Russia,Yamal-Nenets,1.375701177,0.0,0.65,0.49,6099.0,,,,,,,,,,,,,,,,,,,,,,,,,5.284521087784412,27.51402354,0.0,,12.375,0.192,10.25,0.159,0.0,0.0,0.0,0.0,0.1025,0.159,0.0,0.0,0.0,0.0,0.2615,0.0,0.0,59.203125,0.9178319179384036,0.0,0.0,2.072109375,3.2124117127844123,5.284521087784412,114,,,0.0044144266141649,Information
313209,6100.0,14428.4971,RUS,Russia,Yamal-Nenets,1.299839888,0.0,0.65,0.49,6100.0,,,,,,,,,,,,,,,,,,,,,,,,,70.0,25.99679776,0.0,3.0,230.0,1.594,183.562,1.272,124.125,0.86,93.375,0.647,1.83562,1.272,1.861875,1.29,2.334375,1.6175000000000002,10.21137,0.0,0.0,1629.28125,11.292106439854072,0.0,0.0,35.0,35.0,70.0,2009,229.0,11.398705823792932,0.4778250047299003,Watch
313300,6101.0,27847.80276,RUS,Russia,Yamal-Nenets,2.33437667,1.514823784,0.65,0.49,6101.0,,,,,,,,,,,,,,,,,,,,,,,,,15.559299038509584,46.68753340000001,30.29647568,,11.75,0.042,10.312,0.037,0.0,0.0,0.625,0.002,0.1031199999999999,0.037,0.0,0.0,0.015625,0.005,0.160745,0.0,0.0,327.09375,1.1745765110027382,0.0,0.0,11.44828125,4.111017788509583,15.559299038509584,9079,,,0.1090657661339785,Information
313430,6104.0,27373.79069,RUS,Russia,Yamal-Nenets,2.728027967,0.0,0.65,0.49,6104.0,6104.0,1.0,15.0,33.0,7.0,2.0,3.0,1.0,3.3,0.7,0.2,-1989.4,0.0,0.0,0.0,0.0,0.0,0.0,0.0,0.0,0.0,0.0,0.0,-1989.4,0.1142382937866691,54.56055934,0.0,,,,,,,,,,,,,,,,,0.0,0.0,2.390625,0.0087332625104769,0.0,0.0,0.083671875,0.0305664187866691,0.1142382937866691,148026,,,1.0763188461369111e-09,Information
313440,6105.0,6144.674646,RUS,Russia,Yamal-Nenets,1.769539187,0.0,0.65,0.49,6105.0,6105.0,1.0,15.0,41.0,15.0,2.0,3.0,1.0,4.1,1.5,0.2,-1480.55,0.0,0.0,0.0,0.0,0.0,0.0,0.0,0.0,0.0,0.0,0.0,-1480.55,-1480.55,35.39078374,0.0,,,,,,,,,,,,,,,,,,,,,,,,,,5014,,,,
313450,6106.0,1708.35127,RUS,Russia,Yamal-Nenets,3.197606134,0.0,0.65,0.49,6106.0,6106.0,0.0,12.0,2.0,-9999.0,-9999.0,0.0,1.0,0.2,-999.9,-999.9,-2990.1,0.0,0.0,0.0,0.0,0.0,0.0,0.0,0.0,0.0,0.0,0.0,-2990.1,-2990.1,63.95212268,0.0,,,,,,,,,,,,,,,,,,,,,,,,,,30240,,,,
313460,6107.0,28858.51267,RUS,Russia,Yamal-Nenets,1.562799298,0.0,0.65,0.49,6107.0,6107.0,1.0,15.0,39.0,5.0,-9999.0,3.0,1.0,3.9,0.5,-999.9,-1983.0,0.0,0.0,0.0,0.0,0.0,0.0,0.0,0.0,0.0,0.0,0.0,-1983.0,9.556702564032578,31.25598596,0.0,,,,,,,,,,,,,,,,,0.0,0.0,202.78125,0.702673946866451,0.0,0.0,7.09734375,2.4593588140325786,9.556702564032578,17771,,,0.0242394131412962,Information
313480,6109.0,7281.777099,RUS,Russia,Yamal-Nenets,1.814749951,0.0,0.65,0.49,6109.0,6109.0,1.0,3.0,51.0,-9999.0,-9999.0,3.0,8.0,5.1,-999.9,-999.9,-3967.4,0.0,0.0,0.0,0.0,0.0,0.0,0.0,0.0,0.0,0.0,0.0,-3967.4,11.821214855659218,36.29499902,0.0,,,,,,,,,,,,,,,,,0.0,0.0,142.3125,1.9543649587597764,0.0,0.0,4.9809375,6.840277355659218,11.821214855659218,8776,,,0.0460553549537971,Information
313490,6110.0,14820.31093,RUS,Russia,Yamal-Nenets,0.365658341,0.0,0.65,0.49,6110.0,6110.0,1.0,3.0,100.0,-9999.0,-9999.0,3.0,8.0,10.0,-999.9,-999.9,-3957.6,0.0,0.0,0.0,0.0,0.0,0.0,0.0,0.0,0.0,0.0,0.0,-3957.6,17.466723242242097,7.31316682,0.0,,80.688,0.544,52.562,0.355,14.438,0.097,3.625,0.024,0.52562,0.355,0.21657,0.1455,0.090625,0.06,1.393315,0.0,0.0,297.984375,2.0106486049263137,0.0,0.0,10.429453125,7.037270117242098,17.466723242242097,175955,,,0.0475657372751702,Information
313617,6118.0,6571.155022,RUS,Russia,Yamal-Nenets,3.891747424,0.0,0.65,0.49,6118.0,6118.0,0.0,15.0,2.0,-9999.0,-9999.0,0.0,1.0,0.2,-999.9,-999.9,-3997.2,0.0,0.0,0.0,0.0,0.0,0.0,0.0,0.0,0.0,0.0,0.0,-3997.2,-3997.2,77.83494848000001,0.0,,,,,,,,,,,,,,,,,,,,,,,,,,170,,,,
313620,6121.0,19099.41602,RUS,Russia,Krasnoyarsk,3.430014565,0.0,0.65,0.49,6121.0,6121.0,0.0,15.0,23.0,2.0,-9999.0,0.0,1.0,2.3,0.2,-999.9,-1992.8,0.0,0.0,0.0,0.0,0.0,0.0,0.0,0.0,0.0,0.0,0.0,-1992.8,-1992.8,68.6002913,0.0,,,,,,,,,,,,,,,,,,,,,,,,,,0,,,,
313650,6124.0,25443.05821,RUS,Russia,Yamal-Nenets,3.189934261,0.0,0.65,0.49,6124.0,6124.0,1.0,15.0,45.0,7.0,-9999.0,3.0,1.0,4.5,0.7,-999.9,-1982.8222222222223,0.0,0.0,0.0,0.0,0.0,0.0,0.0,0.0,0.0,0.0,0.0,-1982.8222222222223,19.05377370945133,63.79868522,0.0,,,,,,,,,,,,,,,,,0.0,0.0,390.796875,1.535966595557524,0.0,0.0,13.677890625,5.375883084451334,19.05377370945133,433,,,0.2604916995160014,Information
322150,6152.0,16148.77504,RUS,Russia,Krasnoyarsk,2.315373811,0.0,0.65,0.49,6152.0,6152.0,0.0,15.0,5.0,-9999.0,-9999.0,0.0,1.0,0.5,-999.9,-999.9,-3996.6,0.0,0.0,0.0,0.0,0.0,0.0,0.0,0.0,0.0,0.0,0.0,-3996.6,1.9969808164670284,46.307476220000005,0.0,,,,,,,,,,,,,,,,,0.84375,0.005224854502625,34.875,0.2159606527751688,0.01265625,0.0078372817539375,1.220625,0.7558622847130908,1.9969808164670284,898,,,0.0004980298723563,Information
322180,6163.0,13477.45821,RUS,Russia,Krasnoyarsk,2.697628679,0.0,0.65,0.49,6163.0,6163.0,1.0,11.0,37.0,5.0,-9999.0,3.0,1.0,3.7,0.5,-999.9,-1983.4,0.0,0.0,0.0,0.0,0.0,0.0,0.0,0.0,0.0,0.0,0.0,-1983.4,33.189203757051224,53.952573580000006,0.0,,25.938,0.192,9.188,0.068,0.0,0.0,0.0,0.0,0.09188,0.068,0.0,0.0,0.0,0.0,0.15988,0.0,0.0,544.359375,4.039035894871778,0.0,0.0,19.052578125,14.136625632051222,33.189203757051224,2603,,,0.3716648209951735,Advisory
322190,6164.0,3431.846736,RUS,Russia,Krasnoyarsk,3.093647409,0.0,0.65,0.49,6164.0,6164.0,0.0,15.0,17.0,-9999.0,-9999.0,0.0,1.0,1.7,-999.9,-999.9,-3994.2,0.0,0.0,0.0,0.0,0.0,0.0,0.0,0.0,0.0,0.0,0.0,-3994.2,21.902762189256705,61.87294818,0.0,,,,,,,,,,,,,,,,,0.0,0.0,159.890625,4.659025804073344,0.0,0.0,5.596171875,16.306590314256702,21.902762189256705,2029,,,0.289682910642064,Information
322213,6167.0,13739.01831,RUS,Russia,Krasnoyarsk,3.308963336,0.0,0.65,0.49,6167.0,6167.0,0.0,15.0,3.0,-9999.0,-9999.0,0.0,1.0,0.3,-999.9,-999.9,-3997.0,0.0,0.0,0.0,0.0,0.0,0.0,0.0,0.0,0.0,0.0,0.0,-3997.0,25.33425491167235,66.17926672,0.0,,,,,,,,,,,,,,,,,0.0,0.0,418.921875,3.0491397961921,0.0,0.0,14.662265625,10.67198928667235,25.33425491167235,10,,,0.3863226016330661,Advisory
322215,6169.0,4774.081101,RUS,Russia,Krasnoyarsk,3.259401723,0.0,0.65,0.49,6169.0,6169.0,1.0,15.0,47.0,13.0,-9999.0,3.0,1.0,4.7,1.3,-999.9,-1980.0,0.0,0.0,0.0,0.0,0.0,0.0,0.0,0.0,0.0,0.0,0.0,-1980.0,13.997703095773518,65.18803446,0.0,,,,,,,,,,,,,,,,,0.0,0.0,129.234375,2.7069999916495764,0.0,0.0,4.523203125,9.474499970773518,13.997703095773518,14,,,0.1811297957164273,Information
322220,6174.0,21391.57391,RUS,Russia,Krasnoyarsk,3.214653895,0.0,0.65,0.49,6174.0,6174.0,1.0,13.0,33.0,11.0,-9999.0,3.0,1.0,3.3,1.1,-999.9,-1978.8833333333337,0.0,0.0,0.0,0.0,0.0,0.0,0.0,0.0,0.0,0.0,0.0,-1978.8833333333337,4.2108472354017294,64.2930779,0.0,,,,,,,,,,,,,,,,,0.0,0.0,81.984375,0.3832554601147799,0.0,0.0,2.869453125,1.3413941104017295,4.2108472354017294,573,,,0.0162713336757087,Information
322243,6178.0,11596.50278,RUS,Russia,Krasnoyarsk,3.702228488,0.0,0.65,0.49,6178.0,6178.0,1.0,5.0,35.0,-9999.0,-9999.0,3.0,6.0,3.5,-999.9,-999.9,-3974.6,0.0,0.0,0.0,0.0,0.0,0.0,0.0,0.0,0.0,0.0,0.0,-3974.6,3.033995740233075,74.04456976,0.0,,8.438,0.073,6.938,0.06,0.0,0.0,0.0,0.0,0.06938,0.06,0.0,0.0,0.0,0.0,0.12938,0.0,0.0,46.546875,0.4013871757808785,0.0,0.0,1.629140625,1.4048551152330748,3.033995740233075,0,,,0.0159165396973929,Information
322245,6180.0,455.6770184,RUS,Russia,Krasnoyarsk,4.00526003,0.0,0.65,0.49,6180.0,,,,,,,,,,,,,,,,,,,,,,,,,1.016408111959176,80.10520059999999,0.0,,1.938,0.425,1.188,0.261,0.0,0.0,0.0,0.0,0.01188,0.261,0.0,0.0,0.0,0.0,0.27288,0.0,0.0,1.265625,0.2777460677026217,0.0,0.0,0.044296875,0.972111236959176,1.016408111959176,0,,,0.001468847139185,Information
322247,6182.0,1798.035458,RUS,Russia,Krasnoyarsk,4.005260027,0.0,0.65,0.49,6182.0,,,,,,,,,,,,,,,,,,,,,,,,,3.1649590887210985,80.10520054,0.0,,5.062,0.282,1.625,0.09,0.0,0.0,0.0,0.0,0.01625,0.09,0.0,0.0,0.0,0.0,0.10625,0.0,0.0,13.78125,0.7664615253488852,0.0,0.0,0.48234375,2.6826153387210985,3.1649590887210985,0,,,0.0330077628487104,Information
322248,6183.0,2889.857297,RUS,Russia,Krasnoyarsk,4.020496848,0.0,0.65,0.49,6183.0,,,,,,,,,,,,,,,,,,,,,,,,,7.508071462332083,80.40993696,0.0,,30.312,1.049,7.188,0.249,1.5,0.052,1.5,0.052,0.07188,0.249,0.0225,0.078,0.0375,0.13,0.5888800000000001,0.0,0.0,48.09375,1.6642257749520235,0.0,0.0,1.68328125,5.824790212332083,7.508071462332083,0,,,0.1687683369276354,Information
322249,6184.0,4315.566147,RUS,Russia,Krasnoyarsk,1.579916107,0.0,0.65,0.49,6184.0,,,,,,,,,,,,,,,,,,,,,,,,,4.571506709167218,31.59832214,0.0,,23.375,0.542,12.625,0.293,1.625,0.038,1.312,0.03,0.12625,0.293,0.024375,0.0569999999999999,0.0328,0.075,0.608425,0.0,0.0,39.375,0.9123947740477764,0.0,0.0,1.378125,3.1933817091672174,4.571506709167218,522,,,0.0034095228095369,Information
322282,6189.0,21796.29005,RUS,Russia,Krasnoyarsk,4.005260029,0.0,0.65,0.49,6189.0,6189.0,0.0,15.0,15.0,3.0,-9999.0,0.0,1.0,1.5,0.3,-999.9,-1994.2,0.0,0.0,0.0,0.0,0.0,0.0,0.0,0.0,0.0,0.0,0.0,-1994.2,35.66306057915437,80.10520058,0.0,3.0,,,,,,,,,,,,,,,,0.0,0.0,698.484375,3.204602129758391,0.0,0.0,24.446953125,11.216107454154368,35.66306057915437,0,0.0,0.0,0.720274473370557,Watch
322283,6190.0,3830.286296,RUS,Russia,Krasnoyarsk,2.21240883,0.0,0.65,0.49,6190.0,,,,,,,,,,,,,,,,,,,,,,,,,13.4176810832735,44.24817660000001,0.0,,0.0,0.0,0.0,0.0,0.25,0.007,1.312,0.034,0.0,0.0,0.00375,0.0105,0.0328,0.085,0.13205,0.0,0.0,106.171875,2.7719044166495714,0.0,0.0,3.716015625,9.7016654582735,13.4176810832735,0,,,0.0771745004434661,Information
322284,6191.0,19037.15106,RUS,Russia,Krasnoyarsk,0.903592326,0.0,0.65,0.49,6191.0,,,,,,,,,,,,,,,,,,,,,,,,,17.431904705931217,18.07184652,0.0,,0.0,0.0,0.0,0.0,8.0,0.042,33.5,0.176,0.0,0.0,0.12,0.063,0.8375,0.4399999999999999,1.4605,0.0,0.0,326.53125,1.715231701694633,0.0,0.0,11.42859375,6.003310955931216,17.431904705931217,0,,,0.0608664765293651,Information
322286,6193.0,9902.726551,RUS,Russia,Krasnoyarsk,3.893449281,0.0,0.65,0.49,6193.0,,,,,,,,,,,,,,,,,,,,,,,,,14.55127478184183,77.86898562,0.0,,0.0,0.0,0.0,0.0,0.0,0.0,3.062,0.031,0.0,0.0,0.0,0.0,0.0765499999999999,0.0775,0.15405,0.0,0.0,206.859375,2.0889133305262373,0.0,0.0,7.240078125,7.3111966568418305,14.55127478184183,0,,,0.3374979416343205,Information
322291,6197.0,26463.04821,RUS,Russia,Krasnoyarsk,3.653555583,0.0,0.65,0.49,6197.0,,,,,,,,,,,,,,,,,,,,,,,,,18.83300246421152,73.07111166,0.0,,10.812,0.041,3.625,0.014,5.188,0.02,33.938,0.128,0.03625,0.014,0.07782,0.03,0.84845,0.32,1.32652,0.0,0.0,390.515625,1.475701596917577,0.0,0.0,13.668046875,5.16495558921152,18.83300246421152,2716,,,0.3603255136172865,Advisory
322292,6198.0,16612.83591,RUS,Russia,Krasnoyarsk,1.922868158,0.0,0.65,0.49,6198.0,,,,,,,,,,,,,,,,,,,,,,,,,3.74517029590669,38.45736316,0.0,,67.125,0.404,38.812,0.234,8.062,0.049,3.688,0.022,0.3881199999999999,0.234,0.12093,0.0735,0.0922,0.0549999999999999,0.96375,0.0,0.0,66.796875,0.4020799059733401,0.0,0.0,2.337890625,1.4072796709066904,3.74517029590669,2799,,,0.0025609690277923,Information
322293,6199.0,1287.370008,RUS,Russia,Krasnoyarsk,3.893449131,0.0,0.65,0.49,6199.0,,,,,,,,,,,,,,,,,,,,,,,,,20.239174602743205,77.86898262,0.0,,8.25,0.641,7.812,0.607,6.062,0.471,11.938,0.927,0.07812,0.607,0.09093,0.7064999999999999,0.29845,2.3175,4.0985,0.0,0.0,65.953125,5.123090065069487,0.0,0.0,2.308359375,17.930815227743203,20.239174602743205,593,,,0.4643978808585119,Advisory
322294,6200.0,17769.90447,RUS,Russia,Krasnoyarsk,3.846936088,0.0,0.65,0.49,6200.0,6200.0,1.0,5.0,100.0,-9999.0,-9999.0,3.0,6.0,10.0,-999.9,-999.9,-3965.05,0.0,0.0,0.0,0.0,0.0,0.0,0.0,0.0,0.0,0.0,0.0,-3965.05,9.706870314247723,76.93872176,0.0,,78.625,0.442,43.188,0.243,19.688,0.111,134.688,0.758,0.43188,0.243,0.2953199999999999,0.1665,3.3671999999999995,1.895,6.398899999999999,0.0,0.0,177.46875,0.9987040183564924,0.0,0.0,6.21140625,3.495464064247724,9.706870314247723,98,,,0.19343130572835,Information
322295,6201.0,53277.66777,RUS,Russia,Irkutsk,2.66190677,0.0,0.65,0.49,6201.0,,,,,,,,,,,,,,,,,,,,,,,,,58.70696044658118,53.2381354,0.0,,1760.375,3.304,1450.5,2.723,1068.188,2.005,785.812,1.475,10.0,2.723,15.0,3.0075,19.6453,3.6875,54.0633,0.0,0.0,3608.71875,6.773417270451764,0.0,0.0,35.0,23.70696044658117,58.70696044658118,618,,,0.589978738522394,Advisory
322296,6202.0,13016.91392,RUS,Russia,Irkutsk,1.254897819,0.0,0.65,0.49,6202.0,6202.0,1.0,2.0,100.0,-9999.0,-9999.0,3.0,9.0,10.0,-999.9,-999.9,-3955.6,0.0,0.0,0.0,0.0,0.0,0.0,0.0,0.0,0.0,0.0,0.0,-3955.6,22.47117998936572,25.09795638,0.0,,132.188,1.016,87.375,0.671,28.562,0.219,29.938,0.23,0.87375,0.671,0.42843,0.3285,0.74845,0.5750000000000001,3.62513,0.0,0.0,363.09375,2.789399639818776,0.0,0.0,12.70828125,9.762898739365715,22.47117998936572,0,,,0.1143049207763917,Information
322297,6203.0,8878.852871,RUS,Russia,Irkutsk,3.758153605,0.0,0.65,0.49,6203.0,,,,,,,,,,,,,,,,,,,,,,,,,26.644508998003904,75.1630721,0.0,,227.75,2.565,227.75,2.565,83.625,0.942,30.812,0.347,2.2775,2.565,1.254375,1.4129999999999998,0.7703,0.8674999999999999,9.147675,0.0,0.0,358.03125,4.032404356572544,0.0,0.0,12.53109375,14.113415248003903,26.644508998003904,262,,,0.5280032633910259,Advisory
322298,6204.0,15817.63666,RUS,Russia,Irkutsk,2.115506161,0.0,0.65,0.49,6204.0,,,,,,,,,,,,,,,,,,,,,,,,,20.19625020133573,42.31012322,0.0,,18.375,0.116,18.375,0.116,1.688,0.011,3.188,0.02,0.18375,0.116,0.02532,0.0165,0.0797,0.05,0.47127,0.0,0.0,353.53125,2.2350447003816365,0.0,0.0,12.37359375,7.822656451335728,20.19625020133573,377,,,0.146954533724141,Information
322330,6208.0,16004.70645,RUS,Russia,Krasnoyarsk,1.877201357,0.0,0.65,0.49,6208.0,6208.0,1.0,11.0,47.0,25.0,3.0,3.0,1.0,4.7,2.5,0.3,23.0,0.0,0.0,0.0,0.0,0.0,0.0,0.0,0.0,0.0,0.0,0.0,23.0,59.00553635271455,37.54402714,0.0,,,,,,,,,,,,,,,,,0.0,0.0,1097.71875,6.858724672204157,0.0,0.0,35.0,24.00553635271455,59.00553635271455,21,,,0.4773400697074879,Advisory
322340,6209.0,5607.910722,RUS,Russia,Krasnoyarsk,2.008907361,0.0,0.65,0.49,6209.0,6209.0,1.0,11.0,37.0,23.0,3.0,3.0,1.0,3.7,2.3,0.3,20.6,0.0,0.0,0.0,0.0,0.0,0.0,0.0,0.0,0.0,0.0,0.0,20.6,20.6,40.17814722,0.0,,,,,,,,,,,,,,,,,0.0,0.0,33.46875,0.5968131744246062,0.0,0.0,1.17140625,2.088846110486122,3.2602523604861218,11,,,0.1431937512590979,Information
322350,6210.0,11476.4457,RUS,Russia,Krasnoyarsk,2.124737858,0.0,0.65,0.49,6210.0,6210.0,1.0,15.0,43.0,27.0,5.0,3.0,1.0,4.3,2.7,0.5,-1310.8666666666668,0.0,0.0,0.0,0.0,0.0,0.0,0.0,0.0,0.0,0.0,0.0,-1310.8666666666668,70.0,42.49475716,0.0,3.0,,,,,,,,,,,,,,,,0.0,0.0,2840.484375,24.750558226376715,0.0,0.0,35.0,35.0,70.0,0,0.0,0.0,0.5779371959025696,Watch
322370,6212.0,7133.7894,RUS,Russia,Krasnoyarsk,1.418388725,0.0,0.65,0.49,6212.0,,,,,,,,,,,,,,,,,,,,,,,,,49.46014622330845,28.3677745,0.0,,33.5,0.47,23.5,0.329,0.0,0.0,0.0,0.0,0.235,0.329,0.0,0.0,0.0,0.0,0.5640000000000001,0.0,0.0,588.375,8.2477203495167,0.0,0.0,20.593125,28.86702122330845,49.46014622330845,9,,,0.3555504947209049,Advisory
322381,6213.0,208.5806464,RUS,Russia,Krasnoyarsk,4.010338975,0.0,0.65,0.49,6213.0,6213.0,2.0,15.0,49.0,33.0,9.0,7.0,1.0,4.9,3.3,0.9,34.2,0.0,0.0,0.0,0.0,0.0,0.0,0.0,0.0,0.0,0.0,0.0,34.2,34.2,80.2067795,0.0,,,,,,,,,,,,,,,,,0.0,0.0,6.046875,2.899058520065448,0.0,0.0,0.211640625,10.146704820229068,10.358345445229066,4,,,0.7077715290689888,Watch
322390,6222.0,8030.865992,RUS,Russia,Krasnoyarsk,4.012239076,0.0,0.65,0.49,6222.0,6222.0,0.0,1.0,-9999.0,-9999.0,-9999.0,0.0,10.0,-999.9,-999.9,-999.9,-5979.4,0.0,0.0,0.0,0.0,0.0,0.0,0.0,0.0,0.0,0.0,0.0,-5979.4,34.919809758068325,80.24478152,0.0,3.0,34.188,0.426,25.625,0.319,0.0,0.0,0.125,0.002,0.25625,0.319,0.0,0.0,0.003125,0.005,0.5833750000000001,0.0,0.0,444.375,5.533338502305236,0.0,0.0,15.553125,19.366684758068327,34.919809758068325,4050,211.0,5.209876543209877,0.7155379003281368,Watch
322410,6223.0,21043.03841,RUS,Russia,Krasnoyarsk,2.222797665,0.0,0.65,0.49,6223.0,6223.0,1.0,15.0,41.0,2.0,-9999.0,3.0,1.0,4.1,0.2,-999.9,-1980.4666666666665,0.0,0.0,0.0,0.0,0.0,0.0,0.0,0.0,0.0,0.0,0.0,-1980.4666666666665,17.781776173755762,44.4559533,0.0,,,,,,,,,,,,,,,,,0.0,0.0,344.390625,1.6366012282159326,0.0,0.0,12.053671875,5.728104298755764,17.781776173755762,1371,,,0.1273511145786337,Information
322421,6224.0,5467.910736,RUS,Russia,Krasnoyarsk,4.003205627,0.0,0.65,0.49,6224.0,6224.0,1.0,15.0,37.0,3.0,-9999.0,3.0,1.0,3.7,0.3,-999.9,-1983.8,0.0,0.0,0.0,0.0,0.0,0.0,0.0,0.0,0.0,0.0,0.0,-1983.8,4.789600201881178,80.06411254,0.0,,,,,,,,,,,,,,,,,0.0,0.0,48.375,0.8847072005374793,0.0,0.0,1.693125,3.0964752018811774,4.789600201881178,0,,,0.0769234113677219,Information
322428,6231.0,2592.980389,RUS,Russia,Krasnoyarsk,1.317769055,0.0,0.65,0.49,6231.0,6231.0,1.0,4.0,80.0,-9999.0,-9999.0,3.0,7.0,8.0,-999.9,-999.9,-3968.7,0.0,0.0,0.0,0.0,0.0,0.0,0.0,0.0,0.0,0.0,0.0,-3968.7,-3968.7,26.3553811,0.0,,,,,,,,,,,,,,,,,,,,,,,,,,0,,,,
322430,6233.0,20435.88442,RUS,Russia,Krasnoyarsk,1.339039401,0.0,0.65,0.49,6233.0,6233.0,1.0,15.0,43.0,3.0,-9999.0,3.0,1.0,4.3,0.3,-999.9,-3118.2,0.0,0.0,0.0,0.0,0.0,0.0,0.0,0.0,0.0,0.0,0.0,-3118.2,7.806793215656858,26.78078802,0.0,,,,,,,,,,,,,,,,,0.0,0.0,149.765625,0.7328560973305307,0.0,0.0,5.241796875,2.564996340656857,7.806793215656858,3109,,,0.0125954204077774,Information
322442,6235.0,8890.067053,RUS,Russia,Krasnoyarsk,2.808215779,0.0,0.65,0.49,6235.0,6235.0,1.0,3.0,72.0,-9999.0,-9999.0,3.0,8.0,7.2,-999.9,-999.9,-3963.2,0.0,0.0,0.0,0.0,0.0,0.0,0.0,0.0,0.0,0.0,0.0,-3963.2,1.296823069983435,56.16431558000001,0.0,,12.25,0.138,4.938,0.056,0.0,0.0,0.0,0.0,0.04938,0.056,0.0,0.0,0.0,0.0,0.10538,0.0,0.0,17.4375,0.1961458771381244,0.0,0.0,0.6103125,0.6865105699834354,1.296823069983435,25,,,0.0002153420525891,Information
322444,6237.0,6833.231109,RUS,Russia,Krasnoyarsk,2.681222823,0.0,0.65,0.49,6237.0,6237.0,1.0,12.0,51.0,11.0,-9999.0,3.0,1.0,5.1,1.1,-999.9,-1978.7,0.0,0.0,0.0,0.0,0.0,0.0,0.0,0.0,0.0,0.0,0.0,-1978.7,2.012704624673784,53.624456460000005,0.0,,,,,,,,,,,,,,,,,0.0,0.0,23.34375,0.3416209641925097,0.0,0.0,0.81703125,1.195673374673784,2.012704624673784,2,,,0.0008525786268489,Information
322446,6239.0,6874.297745,RUS,Russia,Krasnoyarsk,3.392633112,0.0,0.65,0.49,6239.0,6239.0,1.0,5.0,64.0,-9999.0,-9999.0,3.0,6.0,6.4,-999.9,-999.9,-3300.333333333333,0.0,0.0,0.0,0.0,0.0,0.0,0.0,0.0,0.0,0.0,0.0,-3300.333333333333,1.220251423065689,67.85266224,0.0,,,,,,,,,,,,,,,,,0.0,0.0,14.203125,0.2066120137330539,0.0,0.0,0.497109375,0.7231420480656887,1.220251423065689,0,,,0.0005353230445378,Information
322449,6242.0,31323.74136,RUS,Russia,Krasnoyarsk,3.763563505,0.0,0.65,0.49,6242.0,6242.0,1.0,2.0,100.0,-9999.0,-9999.0,3.0,9.0,10.0,-999.9,-999.9,-3957.475,0.0,0.0,0.0,0.0,0.0,0.0,0.0,0.0,0.0,0.0,0.0,-3957.475,22.635180806682555,75.2712701,0.0,,513.875,1.641,260.062,0.83,58.875,0.188,40.438,0.129,2.60062,0.83,0.883125,0.282,1.01095,0.3225,5.929195,0.0,0.0,490.21875,1.5650070161950156,0.0,0.0,17.15765625,5.477524556682555,22.635180806682555,928,,,0.4647553973381488,Advisory
322450,6243.0,8359.149083,RUS,Russia,Krasnoyarsk,3.64505937,0.0,0.65,0.49,6243.0,6243.0,1.0,4.0,96.0,-9999.0,-9999.0,3.0,7.0,9.6,-999.9,-999.9,-3958.2,0.0,0.0,0.0,0.0,0.0,0.0,0.0,0.0,0.0,0.0,0.0,-3958.2,1.286376266673853,72.9011874,0.0,,,,,,,,,,,,,,,,,0.0,0.0,16.734375,0.2001923261925294,0.0,0.0,0.585703125,0.700673141673853,1.286376266673853,76,,,0.0011531507091622,Information
322460,6244.0,14617.46465,RUS,Russia,Krasnoyarsk,1.265756213,0.0,0.65,0.49,6244.0,6244.0,1.0,5.0,37.0,-9999.0,-9999.0,3.0,6.0,3.7,-999.9,-999.9,-3968.0,0.0,0.0,0.0,0.0,0.0,0.0,0.0,0.0,0.0,0.0,0.0,-3968.0,-3968.0,25.31512426,0.0,,,,,,,,,,,,,,,,,,,,,,,,,,1203,,,,
322472,6246.0,5051.425293,RUS,Russia,Krasnoyarsk,1.142127078,0.0,0.65,0.49,6246.0,,,,,,,,,,,,,,,,,,,,,,,,,0.47862,22.84254156,0.0,,17.75,0.351,16.062,0.318,0.0,0.0,0.0,0.0,0.16062,0.318,0.0,0.0,0.0,0.0,0.47862,,,,,,,,,,9,,,1.8605695054294506e-07,Information
322473,6247.0,8529.459685,RUS,Russia,Krasnoyarsk,2.958580631,0.0,0.65,0.49,6247.0,,,,,,,,,,,,,,,,,,,,,,,,,6.372620764008882,59.17161262,0.0,,82.062,0.962,62.062,0.728,1.75,0.021,0.0,0.0,0.62062,0.728,0.02625,0.0315,0.0,0.0,1.40637,0.0,0.0,83.8125,0.9826237897168236,0.0,0.0,2.9334375,3.439183264008882,6.372620764008882,14,,,0.0316294932256909,Information
322475,6249.0,3112.422579,RUS,Russia,Krasnoyarsk,0.387253854,0.0,0.65,0.49,6249.0,,,,,,,,,,,,,,,,,,,,,,,,,4.541079178307741,7.74507708,0.0,,15.688,0.504,10.125,0.325,0.0,0.0,0.0,0.0,0.10125,0.325,0.0,0.0,0.0,0.0,0.42625,0.0,0.0,30.796875,0.9894824438022116,0.0,0.0,1.077890625,3.4631885533077407,4.541079178307741,0,,,0.0013002689281431,Information
322479,6253.0,1774.975588,RUS,Russia,Krasnoyarsk,2.98556004,0.0,0.65,0.49,6253.0,,,,,,,,,,,,,,,,,,,,,,,,,8.946409511414515,59.7112008,0.0,,12.812,0.722,9.812,0.553,0.0,0.0,0.0,0.0,0.09812,0.553,0.0,0.0,0.0,0.0,0.65112,0.0,0.0,38.53125,2.17080450326129,0.0,0.0,1.34859375,7.597815761414514,8.946409511414515,582,,,0.0661850239644365,Information
322480,6254.0,14067.61065,RUS,Russia,Krasnoyarsk,2.872648341,0.0,0.65,0.49,6254.0,6254.0,1.0,2.0,100.0,-9999.0,-9999.0,3.0,9.0,10.0,-999.9,-999.9,-3955.8222222222216,0.0,0.0,0.0,0.0,0.0,0.0,0.0,0.0,0.0,0.0,0.0,-3955.8222222222216,7.949049683022672,57.45296682,0.0,,37.5,0.267,33.312,0.237,2.75,0.02,0.0,0.0,0.3331199999999999,0.237,0.04125,0.03,0.0,0.0,0.64137,0.0,0.0,132.75,0.943657052292192,0.0,0.0,4.64625,3.302799683022672,7.949049683022672,8,,,0.0467167340776864,Information
322490,6255.0,24036.41222,RUS,Russia,Krasnoyarsk,2.129469565,0.0,0.65,0.49,6255.0,6255.0,1.0,2.0,94.0,-9999.0,-9999.0,3.0,9.0,9.4,-999.9,-999.9,-3957.771428571428,0.0,0.0,0.0,0.0,0.0,0.0,0.0,0.0,0.0,0.0,0.0,-3957.771428571428,35.523794145001744,42.5893913,0.0,,3.875,0.016,3.438,0.014,0.0,0.0,2.75,0.011,0.03438,0.014,0.0,0.0,0.06875,0.0274999999999999,0.14463,0.0,0.0,716.765625,2.981999220000497,0.0,0.0,25.086796875,10.43699727000174,35.523794145001744,9,,,0.3156043186083843,Advisory
322510,6256.0,3826.488678,RUS,Russia,Krasnoyarsk,2.673678556,0.0,0.65,0.49,6256.0,,,,,,,,,,,,,,,,,,,,,,,,,48.412109375,53.47357112,0.0,,6.312,0.165,4.75,0.124,0.0,0.0,1.0,0.026,0.0475,0.124,0.0,0.0,0.025,0.065,0.2614999999999999,0.0,0.0,383.203125,10.01448474645076,0.0,0.0,13.412109375,35.0,48.412109375,5364,,,0.5158455935250044,Advisory
322520,6257.0,15304.81136,RUS,Russia,Krasnoyarsk,2.573782917,0.0,0.65,0.49,6257.0,,,,,,,,,,,,,,,,,,,,,,,,,16.755679685475304,51.47565834,0.0,,68.125,0.445,20.188,0.132,0.0,0.0,0.25,0.002,0.2018799999999999,0.132,0.0,0.0,0.00625,0.005,0.3451299999999999,0.0,0.0,289.546875,1.891868302992944,0.0,0.0,10.134140625,6.621539060475304,16.755679685475304,347,,,0.143816553378824,Information
322541,6259.0,2129.525047,RUS,Russia,Krasnoyarsk,2.084863772,0.0,0.65,0.49,6259.0,,,,,,,,,,,,,,,,,,,,,,,,,30.8378653692226,41.69727544,0.0,,45.312,2.128,20.062,0.942,0.062,0.003,5.562,0.261,0.20062,0.942,0.0009299999999999,0.0045,0.13905,0.6525000000000001,1.9396,0.0,0.0,154.6875,7.263943676920744,0.0,0.0,5.4140625,25.4238028692226,30.8378653692226,734,,,0.2620932014022473,Information
322542,6260.0,4372.572493,RUS,Russia,Krasnoyarsk,2.479945209,0.0,0.65,0.49,6260.0,,,,,,,,,,,,,,,,,,,,,,,,,2.297293129095086,49.59890418,0.0,,17.688,0.405,10.938,0.25,0.0,0.0,0.062,0.001,0.10938,0.25,0.0,0.0,0.00155,0.0025,0.36343,0.0,0.0,19.96875,0.4566819654557389,0.0,0.0,0.69890625,1.598386879095086,2.297293129095086,0,,,0.0010065887546888,Information
322543,6261.0,4308.188016,RUS,Russia,Krasnoyarsk,1.0119965,0.0,0.65,0.49,6261.0,,,,,,,,,,,,,,,,,,,,,,,,,25.075287980503205,20.23993,0.0,,26.625,0.618,13.938,0.324,0.0,0.0,1.125,0.026,0.13938,0.324,0.0,0.0,0.028125,0.065,0.556505,0.0,0.0,215.71875,5.007180494429487,0.0,0.0,7.55015625,17.525131730503205,25.075287980503205,2964,,,0.1236075455397077,Information
322544,6262.0,4550.047902,RUS,Russia,Krasnoyarsk,1.658036766,0.0,0.65,0.49,6262.0,,,,,,,,,,,,,,,,,,,,,,,,,4.202331372411955,33.16073532,0.0,,11.688,0.257,7.0,0.154,0.0,0.0,0.0,0.0,0.07,0.154,0.0,0.0,0.0,0.0,0.224,0.0,0.0,37.546875,0.8251973564034155,0.0,0.0,1.314140625,2.8881907474119544,4.202331372411955,0,,,0.0028317653756188,Information
322547,6265.0,1315.29548,RUS,Russia,Krasnoyarsk,1.828684218,0.0,0.65,0.49,6265.0,,,,,,,,,,,,,,,,,,,,,,,,,37.81156130079518,36.57368436,0.0,,2.188,0.166,1.625,0.124,0.0,0.0,0.0,0.0,0.01625,0.124,0.0,0.0,0.0,0.0,0.1402499999999999,0.0,0.0,125.578125,9.547521978798622,0.0,0.0,4.395234375,33.416326925795175,37.81156130079518,144,,,0.3024859620489024,Advisory
322550,6268.0,3495.843766,RUS,Russia,Krasnoyarsk,1.697544239,0.0,0.65,0.49,6268.0,6268.0,1.0,1.0,100.0,-9999.0,-9999.0,3.0,10.0,10.0,-999.9,-999.9,-3953.6,0.0,0.0,0.0,0.0,0.0,0.0,0.0,0.0,0.0,0.0,0.0,-3953.6,5.643324920115443,33.95088478,0.0,,5.125,0.147,3.25,0.093,0.0,0.0,0.062,0.002,0.0325,0.093,0.0,0.0,0.00155,0.005,0.13205,0.0,0.0,41.765625,1.1947222986044124,0.0,0.0,1.461796875,4.181528045115443,5.643324920115443,551,,,0.0069482984109048,Information
322560,6269.0,10503.63969,RUS,Russia,Krasnoyarsk,2.491929685,0.0,0.65,0.49,6269.0,,,,,,,,,,,,,,,,,,,,,,,,,10.86636604327261,49.8385937,0.0,,13.5,0.129,8.312,0.079,0.0,0.0,0.25,0.002,0.08312,0.079,0.0,0.0,0.00625,0.005,0.17337,0.0,0.0,159.046875,1.5142072623636025,0.0,0.0,5.566640625,5.299725418272609,10.86636604327261,363,,,0.0630611544280909,Information
322570,6270.0,13391.59979,RUS,Russia,Krasnoyarsk,1.698546266,0.0,0.65,0.49,6270.0,,,,,,,,,,,,,,,,,,,,,,,,,7.221664841162213,33.97092532,0.0,,35.188,0.263,21.938,0.164,0.062,0.0,0.812,0.006,0.21938,0.164,0.0009299999999999,0.0,0.0203,0.015,0.41961,0.0,0.0,118.125,0.8820828117606323,0.0,0.0,4.134375,3.087289841162213,7.221664841162213,768,,,0.0134484899459639,Information
322580,6271.0,21614.94426,RUS,Russia,Krasnoyarsk,2.118021929,0.0,0.65,0.49,6271.0,6271.0,0.0,5.0,-9999.0,-9999.0,-9999.0,0.0,6.0,-999.9,-999.9,-999.9,-3985.6,0.0,0.0,0.0,0.0,0.0,0.0,0.0,0.0,0.0,0.0,0.0,-3985.6,3.1459391445043265,42.36043858000001,0.0,,,,,,,,,,,,,,,,,0.0,0.0,61.453125,0.2843085055726647,0.0,0.0,2.150859375,0.9950797695043264,3.1459391445043265,3013,,,0.001818179367095,Information
322590,6272.0,16701.20503,RUS,Russia,Krasnoyarsk,1.372615042,0.0,0.65,0.49,6272.0,6272.0,1.0,1.0,100.0,-9999.0,-9999.0,3.0,10.0,10.0,-999.9,-999.9,-3953.6,0.0,0.0,0.0,0.0,0.0,0.0,0.0,0.0,0.0,0.0,0.0,-3953.6,20.286005866915552,27.45230084,0.0,,,,,,,,,,,,,,,,,0.0,0.0,362.53125,2.1706891762615856,0.0,0.0,12.68859375,7.597412116915549,20.286005866915552,93424,,,0.1012762586045429,Information
322623,6276.0,9657.196812,RUS,Russia,Krasnoyarsk,3.878800618,0.0,0.65,0.49,6276.0,6276.0,0.0,15.0,15.0,-9999.0,-9999.0,0.0,1.0,1.5,-999.9,-999.9,-3994.6,0.0,0.0,0.0,0.0,0.0,0.0,0.0,0.0,0.0,0.0,0.0,-3994.6,7.413662360648415,77.57601236000001,0.0,,39.125,0.405,23.188,0.24,0.0,0.0,0.0,0.0,0.2318799999999999,0.24,0.0,0.0,0.0,0.0,0.4718799999999999,0.0,0.0,104.0625,1.0775642458995471,0.0,0.0,3.6421875,3.771474860648415,7.413662360648415,240733,,,0.1341887554825045,Information
322624,6277.0,9014.252805,RUS,Russia,Krasnoyarsk,3.127303143,0.0,0.65,0.49,6277.0,6277.0,1.0,1.0,100.0,-9999.0,-9999.0,3.0,10.0,10.0,-999.9,-999.9,-3953.6,0.0,0.0,0.0,0.0,0.0,0.0,0.0,0.0,0.0,0.0,0.0,-3953.6,1.328893201255331,62.54606285999999,0.0,,72.938,0.809,34.5,0.383,0.0,0.0,0.0,0.0,0.345,0.383,0.0,0.0,0.0,0.0,0.728,0.0,0.0,18.0,0.1996837717872374,0.0,0.0,0.63,0.6988932012553308,1.328893201255331,22688,,,0.0004207579750168,Information
322625,6278.0,53.59493439,RUS,Russia,Krasnoyarsk,1.164416357,0.0,0.65,0.49,6278.0,,,,,,,,,,,,,,,,,,,,,,,,,28.62133673491888,23.28832714,0.0,,3.812,7.114,3.625,6.764,0.0,0.0,0.0,0.0,0.03625,6.764,0.0,0.0,0.0,0.0,6.80025,0.0,0.0,4.359375,8.133931031405394,0.0,0.0,0.152578125,28.46875860991888,28.62133673491888,0,,,0.1620907484500285,Information
322626,6279.0,3920.500086,RUS,Russia,Krasnoyarsk,3.817224355,0.0,0.65,0.49,6279.0,,,,,,,,,,,,,,,,,,,,,,,,,2.079653162506231,76.3444871,0.0,,24.25,0.619,20.438,0.521,0.0,0.0,0.0,0.0,0.2043799999999999,0.521,0.0,0.0,0.0,0.0,0.72538,0.0,0.0,16.734375,0.4268428678589232,0.0,0.0,0.585703125,1.4939500375062311,2.079653162506231,359,,,0.0075204023161096,Information
322627,6280.0,5271.286182,RUS,Russia,Krasnoyarsk,3.669876994,0.0,0.65,0.49,6280.0,,,,,,,,,,,,,,,,,,,,,,,,,5.931751261347944,73.39753988,0.0,,41.562,0.788,35.125,0.666,0.062,0.001,0.0,0.0,0.35125,0.666,0.0009299999999999,0.0015,0.0,0.0,1.01968,0.0,0.0,58.5,1.1097860746708412,0.0,0.0,2.0475,3.884251261347944,5.931751261347944,129,,,0.0667186300833727,Information
322630,6283.0,3186.433645,RUS,Russia,Khakass,1.136918909,0.0,0.65,0.49,6283.0,,,,,,,,,,,,,,,,,,,,,,,,,12.648663958528363,22.73837818,0.0,,0.0,0.0,0.0,0.0,0.188,0.006,0.875,0.027,0.0,0.0,0.00282,0.009,0.021875,0.0675,0.101195,0.0,0.0,87.328125,2.7406227381509614,0.0,0.0,3.056484375,9.592179583528363,12.648663958528363,25013,,,0.035175369796681,Information
322631,6284.0,6919.19334,RUS,Russia,Krasnoyarsk,2.782404232,0.0,0.65,0.49,6284.0,,,,,,,,,,,,,,,,,,,,,,,,,18.076930972410057,55.64808464000001,0.0,,1.938,0.028,1.938,0.028,1.062,0.015,0.625,0.009,0.0193799999999999,0.028,0.01593,0.0225,0.015625,0.0225,0.1239349999999999,0.0,0.0,211.21875,3.052649920688588,0.0,0.0,7.39265625,10.684274722410056,18.076930972410057,1136194,,,0.1847209392867676,Information
322632,6285.0,9391.633537,RUS,Russia,Krasnoyarsk,3.694593567,0.0,0.65,0.49,6285.0,6285.0,1.0,1.0,100.0,17.0,-9999.0,3.0,10.0,10.0,1.7,-999.9,-2445.8,0.0,0.0,0.0,0.0,0.0,0.0,0.0,0.0,0.0,0.0,0.0,-2445.8,6.49388652212645,73.89187134,0.0,,,,,,,,,,,,,,,,,0.0,0.0,89.859375,0.956802399178986,0.0,0.0,3.145078125,3.348808397126451,6.49388652212645,9881,,,0.0820542781648842,Information
322633,6286.0,3255.813189,RUS,Russia,Krasnoyarsk,0.116861365,0.0,0.65,0.49,6286.0,6286.0,0.0,15.0,11.0,-9999.0,-9999.0,0.0,1.0,1.1,-999.9,-999.9,-3995.4,0.0,0.0,0.0,0.0,0.0,0.0,0.0,0.0,0.0,0.0,0.0,-3995.4,21.241410012946425,2.3372273,0.0,,0.0,0.0,0.0,0.0,3.188,0.098,0.0,0.0,0.0,0.0,0.04782,0.147,0.0,0.0,0.19482,0.0,0.0,149.0625,4.578349289413264,0.0,0.0,5.2171875,16.024222512946423,21.241410012946425,21637,,,0.0635587594081215,Information
322635,6288.0,1605.364808,RUS,Russia,Krasnoyarsk,3.687400381,0.0,0.65,0.49,6288.0,,,,,,,,,,,,,,,,,,,,,,,,,23.37658181462307,73.74800762,0.0,,0.0,0.0,0.0,0.0,1.562,0.097,0.188,0.012,0.0,0.0,0.02343,0.1455,0.0046999999999999,0.03,0.20363,0.0,0.0,92.390625,5.755117125606591,0.0,0.0,3.233671875,20.14290993962307,23.37658181462307,2389,,,0.4538234406602475,Advisory
322636,6289.0,3200.595229,RUS,Russia,Krasnoyarsk,1.113350388,0.0,0.65,0.49,6289.0,6289.0,2.0,1.0,100.0,100.0,-9999.0,7.0,10.0,10.0,10.0,-999.9,-1925.8,0.0,0.0,0.0,0.0,0.0,0.0,0.0,0.0,0.0,0.0,0.0,-1925.8,3.917875667794213,22.26700776,0.0,,,,,,,,,,,,,,,,,0.0,0.0,27.140625,0.8479867979412038,0.0,0.0,0.949921875,2.967953792794213,3.917875667794213,615,,,0.0014052877600972,Information
322637,6290.0,8535.629763,RUS,Russia,Krasnoyarsk,3.216361657,0.0,0.65,0.49,6290.0,6290.0,1.0,15.0,31.0,-9999.0,-9999.0,3.0,1.0,3.1,-999.9,-999.9,-3985.4,0.0,0.0,0.0,0.0,0.0,0.0,0.0,0.0,0.0,0.0,0.0,-3985.4,12.601323530156067,64.32723314,0.0,,,,,,,,,,,,,,,,,0.0,0.0,165.796875,1.942409401473162,0.0,0.0,5.802890625,6.798432905156068,12.601323530156067,22669,,,0.1490339321367252,Information
322638,6291.0,4468.333364,RUS,Russia,Krasnoyarsk,2.045386102,0.0,0.65,0.49,6291.0,6291.0,1.0,1.0,100.0,-9999.0,-9999.0,3.0,10.0,10.0,-999.9,-999.9,-3953.6,0.0,0.0,0.0,0.0,0.0,0.0,0.0,0.0,0.0,0.0,0.0,-3953.6,4.38264419432298,40.90772204,0.0,,,,,,,,,,,,,,,,,0.0,0.0,38.671875,0.8654653055208513,0.0,0.0,1.353515625,3.0291285693229795,4.38264419432298,18739,,,0.0046415566551596,Information
322639,6292.0,2633.190227,RUS,Russia,Khakass,2.015036734,0.0,0.65,0.49,6292.0,6292.0,1.0,15.0,41.0,-9999.0,-9999.0,3.0,1.0,4.1,-999.9,-999.9,-3983.4,0.0,0.0,0.0,0.0,0.0,0.0,0.0,0.0,0.0,0.0,0.0,-3983.4,8.737015477044832,40.300734680000005,0.0,,0.0,0.0,0.0,0.0,0.125,0.005,1.312,0.05,0.0,0.0,0.001875,0.0075,0.0328,0.125,0.167175,0.0,0.0,52.03125,1.9759776362985235,0.0,0.0,1.82109375,6.915921727044832,8.737015477044832,10086,,,0.0273185444424014,Information
322641,6293.0,1381.114302,RUS,Russia,Krasnoyarsk,2.987591025,0.0,0.65,0.49,6293.0,,,,,,,,,,,,,,,,,,,,,,,,,42.722421875,59.7518205,0.0,,0.0,0.0,0.0,0.0,0.312,0.023,3.938,0.285,0.0,0.0,0.00468,0.0345,0.09845,0.7124999999999999,0.8501299999999999,0.0,0.0,220.640625,15.975551386156967,0.0,0.0,7.722421875,35.0,42.722421875,7398,,,0.5237864311418268,Advisory
322643,6295.0,2012.844866,RUS,Russia,Krasnoyarsk,1.692752923,0.0,0.65,0.49,6295.0,6295.0,1.0,15.0,76.0,13.0,-9999.0,3.0,1.0,7.6,1.3,-999.9,-1974.0,0.0,0.0,0.0,0.0,0.0,0.0,0.0,0.0,0.0,0.0,0.0,-1974.0,44.287578125,33.85505846,0.0,,,,,,,,,,,,,,,,,0.0,0.0,265.359375,13.18329988836383,0.0,0.0,9.287578125,35.0,44.287578125,34892,,,0.344156986138571,Advisory
322644,6296.0,9914.97481,RUS,Russia,Krasnoyarsk,3.115740323,0.0,0.65,0.49,6296.0,6296.0,1.0,15.0,68.0,7.0,-9999.0,3.0,1.0,6.8,0.7,-999.9,-1976.8,0.0,0.0,0.0,0.0,0.0,0.0,0.0,0.0,0.0,0.0,0.0,-1976.8,9.915615074624434,62.31480646,0.0,,,,,,,,,,,,,,,,,0.0,0.0,141.046875,1.4225641284641242,0.0,0.0,4.936640625,4.978974449624435,9.915615074624434,14044,,,0.0909125689007364,Information
322645,6297.0,219.8716735,RUS,Russia,Krasnoyarsk,2.52806387,0.0,0.65,0.49,6297.0,6297.0,2.0,15.0,78.0,39.0,-9999.0,7.0,1.0,7.8,3.9,-999.9,-1960.4,0.0,0.0,0.0,0.0,0.0,0.0,0.0,0.0,0.0,0.0,0.0,-1960.4,36.52578125,50.5612774,0.0,,,,,,,,,,,,,,,,,0.0,0.0,43.59375,19.82690598489828,0.0,0.0,1.52578125,35.0,36.52578125,59,,,0.3810532932105022,Advisory
322646,6298.0,9159.035936,RUS,Russia,Krasnoyarsk,4.001766735,0.0,0.65,0.49,6298.0,6298.0,2.0,15.0,72.0,35.0,2.0,7.0,1.0,7.2,3.5,0.2,41.75,0.0,0.0,0.0,0.0,0.0,0.0,0.0,0.0,0.0,0.0,0.0,41.75,41.75,80.0353347,0.0,,,,,,,,,,,,,,,,,0.0,0.0,78.609375,0.8582712804230811,0.0,0.0,2.751328125,3.003949481480784,5.755277606480783,5236,,,0.7696623949156716,Watch
322647,6299.0,5358.26779,RUS,Russia,Krasnoyarsk,3.573204696,0.0,0.65,0.49,6299.0,6299.0,2.0,15.0,76.0,47.0,-9999.0,7.0,1.0,7.6,4.7,-999.9,-958.1,0.0,0.0,0.0,0.0,0.0,0.0,0.0,0.0,0.0,0.0,0.0,-958.1,15.207826943715157,71.46409392,0.0,,3.125,0.058,1.562,0.029,1.75,0.033,0.0,0.0,0.01562,0.029,0.02625,0.0495,0.0,0.0,0.12037,0.0,0.0,151.59375,2.8291559124900445,0.0,0.0,5.30578125,9.902045693715156,15.207826943715157,1313,,,0.2645590128798042,Information
322649,6301.0,6078.252736,RUS,Russia,Krasnoyarsk,0.409173883,0.0,0.65,0.49,6301.0,6301.0,2.0,15.0,78.0,49.0,2.0,7.0,1.0,7.8,4.9,0.2,41.8,0.0,0.0,0.0,0.0,0.0,0.0,0.0,0.0,0.0,0.0,0.0,41.8,41.8,8.183477660000001,0.0,,,,,,,,,,,,,,,,,0.0,0.0,2.671875,0.0439579450908083,0.0,0.0,0.093515625,0.153852807817829,0.247368432817829,0,,,0.2156713969400263,Advisory
322650,6302.0,1644.900826,RUS,Russia,Khakass,3.611298354,0.0,0.65,0.49,6302.0,,,,,,,,,,,,,,,,,,,,,,,,,17.631009207907944,72.22596708,0.0,,1.188,0.072,1.188,0.072,0.062,0.004,0.188,0.011,0.01188,0.072,0.0009299999999999,0.006,0.0046999999999999,0.0274999999999999,0.12301,0.0,0.0,71.15625,4.325868702259412,0.0,0.0,2.49046875,15.140540457907942,17.631009207907944,216576,,,0.3247552642670348,Information
322665,6308.0,3627.783427,RUS,Russia,Khakass,4.008543876,0.0,0.65,0.49,6308.0,6308.0,0.0,15.0,-9999.0,-9999.0,-9999.0,0.0,1.0,-999.9,-999.9,-999.9,-5997.4,0.0,0.0,0.0,0.0,0.0,0.0,0.0,0.0,0.0,0.0,0.0,-5997.4,5.861026873982365,80.17087752,0.0,,,,,,,,,,,,,,,,,0.0,0.0,44.578125,1.2287978568521043,0.0,0.0,1.560234375,4.300792498982365,5.861026873982365,20718,,,0.1114549559853604,Information
322673,6315.0,16622.55455,RUS,Russia,Krasnoyarsk,2.463418518,0.0,0.65,0.49,6315.0,6315.0,1.0,15.0,39.0,-9999.0,-9999.0,3.0,1.0,3.9,-999.9,-999.9,-3983.8,0.0,0.0,0.0,0.0,0.0,0.0,0.0,0.0,0.0,0.0,0.0,-3983.8,12.470647909521205,49.268370360000006,0.0,,,,,,,,,,,,,,,,,0.0,0.0,222.46875,1.3383547598632013,0.0,0.0,7.78640625,4.684241659521205,12.470647909521205,87576,,,0.0802827985040658,Information
322674,6316.0,6676.791585,RUS,Russia,Krasnoyarsk,4.009801926,0.0,0.65,0.49,6316.0,6316.0,1.0,1.0,100.0,-9999.0,-9999.0,3.0,10.0,10.0,-999.9,-999.9,-3953.6,0.0,0.0,0.0,0.0,0.0,0.0,0.0,0.0,0.0,0.0,0.0,-3953.6,-3953.6,80.19603852,0.0,,,,,,,,,,,,,,,,,,,,,,,,,,1875,,,,
322679,6321.0,1713.917769,RUS,Russia,Tuva,3.119876736,0.0,0.65,0.49,6321.0,6321.0,1.0,15.0,54.0,3.0,-9999.0,3.0,1.0,5.4,0.3,-999.9,-1980.4,0.0,0.0,0.0,0.0,0.0,0.0,0.0,0.0,0.0,0.0,0.0,-1980.4,1.0428082616462593,62.39753472,0.0,,,,,,,,,,,,,,,,,0.0,0.0,4.359375,0.2543514676132169,0.0,0.0,0.152578125,0.8902301366462593,1.0428082616462593,80034,,,0.0001684407844527,Information
322681,6322.0,15200.1357,RUS,Russia,Tuva,1.460561429,0.0,0.65,0.49,6322.0,6322.0,1.0,15.0,58.0,5.0,-9999.0,3.0,1.0,5.8,0.5,-999.9,-1979.2,0.0,0.0,0.0,0.0,0.0,0.0,0.0,0.0,0.0,0.0,0.0,-1979.2,3.6311651782751433,29.21122858,0.0,,,,,,,,,,,,,,,,,0.0,0.0,62.578125,0.4116945152214695,0.0,0.0,2.190234375,1.4409308032751431,3.6311651782751433,12391,,,0.0014882873082439,Information
322682,6323.0,4443.747796,RUS,Russia,Tuva,2.683374975,0.0,0.65,0.49,6323.0,6323.0,1.0,15.0,78.0,9.0,-9999.0,3.0,1.0,7.8,0.9,-999.9,-1975.2,0.0,0.0,0.0,0.0,0.0,0.0,0.0,0.0,0.0,0.0,0.0,-1975.2,1.1838394096410711,53.6674995,0.0,,,,,,,,,,,,,,,,,0.0,0.0,10.40625,0.2341773313260203,0.0,0.0,0.36421875,0.8196206596410711,1.1838394096410711,149,,,0.000122667656344,Information
322684,6325.0,17355.56156,RUS,Russia,Tuva,3.293824518,0.0,0.65,0.49,6325.0,6325.0,1.0,13.0,58.0,3.0,-9999.0,3.0,1.0,5.8,0.3,-999.9,-1979.6,0.0,0.0,0.0,0.0,0.0,0.0,0.0,0.0,0.0,0.0,0.0,-1979.6,0.378,65.87649036,0.0,,24.562,0.142,24.0,0.138,0.0,0.0,0.0,0.0,0.24,0.138,0.0,0.0,0.0,0.0,0.378,0.0,0.0,2.671875,0.0153949210509312,0.0,0.0,0.093515625,0.0538822236782592,0.1473978486782592,6046,,,3.3524472798502643e-06,Information
322686,6327.0,4763.876912,RUS,Russia,Tuva,1.967941831,0.0,0.65,0.49,6327.0,6327.0,2.0,15.0,92.0,66.0,7.0,7.0,1.0,9.2,6.6,0.7,-453.05,0.0,0.0,0.0,0.0,0.0,0.0,0.0,0.0,0.0,0.0,0.0,-453.05,1.1592685557102695,39.358836620000005,0.0,,,,,,,,,,,,,,,,,0.0,0.0,10.6875,0.2243445873457913,0.0,0.0,0.3740625,0.7852060557102696,1.1592685557102695,17,,,3.7919149609474576e-05,Information
322689,6330.0,8422.224615,RUS,Russia,Tuva,2.241238094,0.0,0.65,0.49,6330.0,6330.0,1.0,15.0,51.0,5.0,-9999.0,3.0,1.0,5.1,0.5,-999.9,-1976.9,0.0,0.0,0.0,0.0,0.0,0.0,0.0,0.0,0.0,0.0,0.0,-1976.9,0.2583789179289359,44.82476188,0.0,,,,,,,,,,,,,,,,,0.0,0.0,3.375,0.040072547979696,0.0,0.0,0.118125,0.140253917928936,0.2583789179289359,25,,,4.0735004840653626e-08,Information
322695,6335.0,3785.441161,RUS,Russia,Tuva,3.893449365,0.0,0.65,0.49,6335.0,6335.0,1.0,15.0,56.0,15.0,-9999.0,3.0,1.0,5.6,1.5,-999.9,-1977.4,0.0,0.0,0.0,0.0,0.0,0.0,0.0,0.0,0.0,0.0,0.0,-1977.4,-1977.4,77.8689873,0.0,,,,,,,,,,,,,,,,,,,,,,,,,,0,,,,
322710,6340.0,4085.769501,RUS,Russia,Krasnoyarsk,1.534616232,0.0,0.65,0.49,6340.0,6340.0,1.0,1.0,100.0,-9999.0,-9999.0,3.0,10.0,10.0,-999.9,-999.9,-3953.6,0.0,0.0,0.0,0.0,0.0,0.0,0.0,0.0,0.0,0.0,0.0,-3953.6,8.34838362698513,30.69232464,0.0,,,,,,,,,,,,,,,,,0.0,0.0,69.1875,1.6933774648528943,0.0,0.0,2.4215625,5.92682112698513,8.34838362698513,7460,,,0.0171516745554614,Information
322721,6341.0,2012.35416,RUS,Russia,Krasnoyarsk,1.315575741,0.0,0.65,0.49,6341.0,6341.0,1.0,1.0,100.0,-9999.0,-9999.0,3.0,10.0,10.0,-999.9,-999.9,-3953.6,0.0,0.0,0.0,0.0,0.0,0.0,0.0,0.0,0.0,0.0,0.0,-3953.6,1.7334299806159463,26.31151482,0.0,,,,,,,,,,,,,,,,,0.0,0.0,8.296875,0.4122969587474132,0.0,0.0,0.290390625,1.4430393556159462,1.7334299806159463,489,,,8.8507432627223e-05,Information
322722,6342.0,10808.52621,RUS,Russia,Krasnoyarsk,2.508378906,0.0,0.65,0.49,6342.0,,,,,,,,,,,,,,,,,,,,,,,,,7.5141283471746,50.16757812,0.0,,13.438,0.124,7.562,0.07,0.0,0.0,0.0,0.0,0.07562,0.07,0.0,0.0,0.0,0.0,0.14562,0.0,0.0,111.515625,1.031737563478457,0.0,0.0,3.903046875,3.6110814721746,7.5141283471746,45790,,,0.0292534331831489,Information
322723,6343.0,2317.221458,RUS,Russia,Krasnoyarsk,3.405568428,0.0,0.65,0.49,6343.0,6343.0,1.0,2.0,100.0,-9999.0,-9999.0,3.0,9.0,10.0,-999.9,-999.9,-3955.6,0.0,0.0,0.0,0.0,0.0,0.0,0.0,0.0,0.0,0.0,0.0,-3955.6,1.7005489784452066,68.11136856,0.0,,,,,,,,,,,,,,,,,0.0,0.0,9.140625,0.3944648866986304,0.0,0.0,0.319921875,1.3806271034452064,1.7005489784452066,14,,,0.0016877416726701,Information
322724,6344.0,54699.53959,RUS,Russia,Irkutsk,2.109177373,0.0,0.65,0.49,6344.0,6344.0,1.0,1.0,100.0,-9999.0,-9999.0,3.0,10.0,10.0,-999.9,-999.9,-3958.688888888888,0.0,0.0,0.0,0.0,0.0,0.0,0.0,0.0,0.0,0.0,0.0,-3958.688888888888,42.40087067986417,42.18354746,0.0,,397.188,0.726,337.5,0.617,39.188,0.072,27.938,0.051,3.375,0.617,0.58782,0.1079999999999999,0.69845,0.1275,5.51377,0.0,0.0,1156.640625,2.114534479961192,0.0,0.0,35.0,7.400870679864172,42.40087067986417,116479,,,0.3782407511500115,Advisory
322725,6345.0,17720.15539,RUS,Russia,Krasnoyarsk,1.969988432,0.0,0.65,0.49,6345.0,6345.0,1.0,1.0,100.0,-9999.0,-9999.0,3.0,10.0,10.0,-999.9,-999.9,-3953.6,0.0,0.0,0.0,0.0,0.0,0.0,0.0,0.0,0.0,0.0,0.0,-3953.6,16.18420705378537,39.399768640000005,0.0,,98.75,0.557,95.812,0.541,0.438,0.002,0.688,0.004,0.95812,0.541,0.00657,0.003,0.0171999999999999,0.01,1.53589,0.0,0.0,295.59375,1.6681216582243923,0.0,0.0,10.34578125,5.838425803785373,16.18420705378537,12665,,,0.0933736426487645,Information
322731,6350.0,20917.76634,RUS,Russia,Krasnoyarsk,2.441780408,0.0,0.65,0.49,6350.0,6350.0,1.0,1.0,100.0,-9999.0,-9999.0,3.0,10.0,10.0,-999.9,-999.9,-3493.538461538461,0.0,0.0,0.0,0.0,0.0,0.0,0.0,0.0,0.0,0.0,0.0,-3493.538461538461,4.044810453296123,48.83560816,0.0,,62.938,0.301,39.625,0.189,0.0,0.0,0.125,0.001,0.39625,0.189,0.0,0.0,0.003125,0.0025,0.590875,0.0,0.0,78.1875,0.3737851295131782,0.0,0.0,2.7365625,1.3082479532961238,4.044810453296123,14203,,,0.0055806282161118,Information
322732,6351.0,13653.99458,RUS,Russia,Krasnoyarsk,2.498410392,0.0,0.65,0.49,6351.0,6351.0,1.0,1.0,100.0,-9999.0,-9999.0,3.0,10.0,10.0,-999.9,-999.9,-3953.599999999999,0.0,0.0,0.0,0.0,0.0,0.0,0.0,0.0,0.0,0.0,0.0,-3953.599999999999,1.2704618109374213,49.96820784,0.0,,41.875,0.307,28.188,0.206,0.0,0.0,0.0,0.0,0.2818799999999999,0.206,0.0,0.0,0.0,0.0,0.48788,0.0,0.0,20.953125,0.1534578388392632,0.0,0.0,0.733359375,0.5371024359374212,1.2704618109374213,506,,,0.000119729275353,Information
322733,6352.0,20930.74531,RUS,Russia,Krasnoyarsk,2.21301136,0.0,0.65,0.49,6352.0,,,,,,,,,,,,,,,,,,,,,,,,,24.90405275178228,44.2602272,0.0,,167.438,0.8,153.188,0.732,5.312,0.025,4.375,0.021,1.53188,0.732,0.07968,0.0375,0.109375,0.0525,2.5429350000000004,0.0,0.0,481.5,2.300443643366365,0.0,0.0,16.8525,8.051552751782278,24.90405275178228,33226,,,0.2102184807625736,Information
322734,6353.0,19727.01152,RUS,Russia,Krasnoyarsk,2.029478504,0.0,0.65,0.49,6353.0,6353.0,1.0,1.0,100.0,-9999.0,-9999.0,3.0,10.0,10.0,-999.9,-999.9,-3953.6,0.0,0.0,0.0,0.0,0.0,0.0,0.0,0.0,0.0,0.0,0.0,-3953.6,16.29485836761166,40.58957008,0.0,,184.062,0.933,144.25,0.731,8.625,0.044,2.312,0.012,1.4425,0.731,0.129375,0.066,0.0577999999999999,0.03,2.456675,0.0,0.0,308.953125,1.566142569317617,0.0,0.0,10.813359375,5.48149899261166,16.29485836761166,13308,,,0.0978983245289799,Information
322735,6354.0,8142.476549,RUS,Russia,Krasnoyarsk,1.742802647,0.0,0.65,0.49,6354.0,6354.0,1.0,1.0,100.0,-9999.0,-9999.0,3.0,10.0,10.0,-999.9,-999.9,-3953.6,0.0,0.0,0.0,0.0,0.0,0.0,0.0,0.0,0.0,0.0,0.0,-3953.6,34.18278441663796,34.85605294,0.0,,7.875,0.097,7.625,0.094,8.188,0.101,6.688,0.082,0.07625,0.094,0.12282,0.1515,0.1672,0.205,0.81677,0.0,0.0,438.328125,5.383228583325132,0.0,0.0,15.341484375,18.84130004163796,34.18278441663796,6390,,,0.2595033666121543,Information
322737,6356.0,30298.37449,RUS,Russia,Irkutsk,3.364844054,0.0,0.65,0.49,6356.0,6356.0,1.0,1.0,100.0,-9999.0,-9999.0,3.0,10.0,10.0,-999.9,-999.9,-3953.6,0.0,0.0,0.0,0.0,0.0,0.0,0.0,0.0,0.0,0.0,0.0,-3953.6,47.92589455017952,67.29688108,0.0,3.0,9.375,0.031,8.625,0.028,7.812,0.026,10.312,0.034,0.08625,0.028,0.11718,0.039,0.2578,0.085,0.6132299999999999,0.0,0.0,1118.953125,3.6931127286227183,0.0,0.0,35.0,12.925894550179514,47.92589455017952,96224,697.0,0.724351513136016,0.6488381122965213,Watch
322738,6357.0,30173.17454,RUS,Russia,Irkutsk,1.49884066,0.0,0.65,0.49,6357.0,6357.0,1.0,1.0,100.0,-9999.0,-9999.0,3.0,10.0,10.0,-999.9,-999.9,-3953.6,0.0,0.0,0.0,0.0,0.0,0.0,0.0,0.0,0.0,0.0,0.0,-3953.6,27.66712010580128,29.9768132,0.0,,,,,,,,,,,,,,,,,0.0,0.0,593.71875,1.967703958800366,0.0,0.0,20.78015625,6.886963855801281,27.66712010580128,49530,,,0.1765529497762538,Information
322739,6358.0,15294.03876,RUS,Russia,Irkutsk,3.075171668,0.0,0.65,0.49,6358.0,6358.0,0.0,5.0,-9999.0,-9999.0,-9999.0,0.0,6.0,-999.9,-999.9,-999.9,-5987.4,0.0,0.0,0.0,0.0,0.0,0.0,0.0,0.0,0.0,0.0,0.0,-5987.4,52.51140214808073,61.50343336,0.0,3.0,,,,,,,,,,,,,,,,0.0,0.0,907.171875,5.931539006594493,0.0,0.0,31.751015625,20.76038652308073,52.51140214808073,258268,9525.0,3.688029488748122,0.621894896536164,Watch
322742,6360.0,28269.995,RUS,Russia,Irkutsk,3.253736208,0.0,0.65,0.49,6360.0,6360.0,0.0,1.0,2.0,-9999.0,-9999.0,0.0,10.0,0.2,-999.9,-999.9,-3979.2,0.0,0.0,0.0,0.0,0.0,0.0,0.0,0.0,0.0,0.0,0.0,-3979.2,5.177072803807439,65.07472416,0.0,,,,,,,,,,,,,,,,,0.0,0.0,109.265625,0.386507408230697,0.0,0.0,3.824296875,1.3527759288074397,5.177072803807439,105336,,,0.0281329162491853,Information
322749,6367.0,6371.060445,RUS,Russia,Buryat,4.003792566,0.0,0.65,0.49,6367.0,,,,,,,,,,,,,,,,,,,,,,,,,0.16212,80.07585132000001,0.0,,13.25,0.208,6.312,0.099,0.0,0.0,0.0,0.0,0.06312,0.099,0.0,0.0,0.0,0.0,0.16212,,,,,,,,,,3600,,,7.495674668897037e-07,Information
322763,6379.0,3592.8578,RUS,Russia,Buryat,3.307851052,0.0,0.65,0.49,6379.0,6379.0,1.0,6.0,68.0,-9999.0,-9999.0,3.0,5.0,6.8,-999.9,-999.9,-3972.9,0.0,0.0,0.0,0.0,0.0,0.0,0.0,0.0,0.0,0.0,0.0,-3972.9,3.3703879968896,66.15702104,0.0,,,,,,,,,,,,,,,,,0.0,0.0,25.453125,0.7084367491113143,0.0,0.0,0.890859375,2.4795286218896,3.3703879968896,1063,,,0.0105356721700556,Information
322764,6380.0,6329.591913,RUS,Russia,Buryat,3.36602304,0.0,0.65,0.49,6380.0,6380.0,1.0,6.0,100.0,15.0,-9999.0,3.0,5.0,10.0,1.5,-999.9,-2963.8,0.0,0.0,0.0,0.0,0.0,0.0,0.0,0.0,0.0,0.0,0.0,-2963.8,2.3871958452723696,67.3204608,0.0,,,,,,,,,,,,,,,,,0.0,0.0,26.4375,0.4176809557921057,0.0,0.0,0.9253125,1.4618833452723698,2.3871958452723696,2148,,,0.0044401299746584,Information
322766,6382.0,22315.16141,RUS,Russia,Buryat,3.371635655,0.0,0.65,0.49,6382.0,6382.0,0.0,9.0,11.0,-9999.0,-9999.0,0.0,2.0,1.1,-999.9,-999.9,-2474.25,0.0,0.0,0.0,0.0,0.0,0.0,0.0,0.0,0.0,0.0,0.0,-2474.25,17.398213511974667,67.4327131,0.0,,,,,,,,,,,,,,,,,0.0,0.0,343.265625,1.5382618962784762,0.0,0.0,12.014296875,5.383916636974667,17.398213511974667,37065,,,0.2653490253459389,Information
322767,6383.0,38556.90857,RUS,Russia,Buryat,3.061951809,0.0,0.65,0.49,6383.0,6383.0,0.0,8.0,-9999.0,-9999.0,-9999.0,0.0,3.0,-999.9,-999.9,-999.9,-5993.4,0.0,0.0,0.0,0.0,0.0,0.0,0.0,0.0,0.0,0.0,0.0,-5993.4,17.37410736922406,61.23903618,0.0,,12.25,0.032,10.188,0.026,1.125,0.003,2.125,0.006,0.10188,0.026,0.016875,0.0045,0.053125,0.015,0.21738,0.0,0.0,394.171875,1.0223119269211598,0.0,0.0,13.796015625,3.5780917442240594,17.37410736922406,32932,,,0.2111513700610087,Information
322773,6388.0,1441.18625,RUS,Russia,Buryat,2.852626542,0.0,0.65,0.49,6388.0,6388.0,0.0,14.0,-9999.0,-9999.0,-9999.0,0.0,1.0,-999.9,-999.9,-999.9,-5997.4,0.0,0.0,0.0,0.0,0.0,0.0,0.0,0.0,0.0,0.0,0.0,-5997.4,3.985489754426219,57.05253084,0.0,,,,,,,,,,,,,,,,,0.0,0.0,14.34375,0.9952738584074912,0.0,0.0,0.50203125,3.483458504426219,3.985489754426219,135577,,,0.0087195346920004,Information
322774,6389.0,34895.06256,RUS,Russia,Buryat,3.043996812,0.0,0.65,0.49,6389.0,6389.0,1.0,7.0,41.0,2.0,-9999.0,3.0,4.0,4.1,0.2,-999.9,-1970.8666666666663,0.0,0.0,0.0,0.0,0.0,0.0,0.0,0.0,0.0,0.0,0.0,-1970.8666666666663,2.153000331253276,60.87993624,0.0,,,,,,,,,,,,,,,,,0.0,0.0,47.8125,0.1370179517866503,0.0,0.0,1.6734375,0.479562831253276,2.153000331253276,377922,,,0.0018671643578611,Information
322776,6391.0,2097.92622,RUS,Russia,Buryat,3.514279699,0.0,0.65,0.49,6391.0,6391.0,1.0,7.0,51.0,3.0,2.0,3.0,4.0,5.1,0.3,0.2,25.3,0.0,0.0,0.0,0.0,0.0,0.0,0.0,0.0,0.0,0.0,0.0,25.3,25.3,70.28559398,0.0,,,,,,,,,,,,,,,,,0.0,0.0,7.453125,0.3552615401419196,0.0,0.0,0.260859375,1.2434153904967185,1.5042747654967186,7693,,,0.4361145997074939,Advisory
322778,6393.0,38652.46548,RUS,Russia,Zabaykal'ye,2.666053895,0.0,0.65,0.49,6393.0,6393.0,0.0,13.0,2.0,-9999.0,-9999.0,0.0,1.0,0.2,-999.9,-999.9,-3997.2,0.0,0.0,0.0,0.0,0.0,0.0,0.0,0.0,0.0,0.0,0.0,-3997.2,2.106382068839399,53.321077900000006,0.0,,,,,,,,,,,,,,,,,0.0,0.0,47.8125,0.1236984482398283,0.0,0.0,1.6734375,0.432944568839399,2.106382068839399,118812,,,0.0009731028292834,Information
322785,6399.0,3153.528841,RUS,Russia,Zabaykal'ye,2.578575985,0.0,0.65,0.49,6399.0,6399.0,0.0,11.0,-9999.0,-9999.0,-9999.0,0.0,1.0,-999.9,-999.9,-999.9,-5997.4,0.0,0.0,0.0,0.0,0.0,0.0,0.0,0.0,0.0,0.0,0.0,-5997.4,-5997.4,51.5715197,0.0,,,,,,,,,,,,,,,,,,,,,,,,,,12399,,,,
322794,6407.0,5371.673915,RUS,Russia,Buryat,1.634758725,0.0,0.65,0.49,6407.0,6407.0,2.0,6.0,56.0,31.0,25.0,7.0,5.0,5.6,3.1,2.5,37.3,0.0,0.0,0.0,0.0,0.0,0.0,0.0,0.0,0.0,0.0,0.0,37.3,37.3,32.6951745,0.0,,,,,,,,,,,,,,,,,,,,,,,,,,2823,,,0.2775153455755806,Advisory
331295,6480.0,6775.00041,RUS,Russia,Krasnoyarsk,0.124370693,0.0,0.65,0.49,6480.0,6480.0,0.0,15.0,-9999.0,-9999.0,-9999.0,0.0,1.0,-999.9,-999.9,-999.9,-5997.4,0.0,0.0,0.0,0.0,0.0,0.0,0.0,0.0,0.0,0.0,0.0,-5997.4,2.4129536722743143,2.48741386,0.0,,,,,,,,,,,,,,,,,0.0,0.0,27.84375,0.4109778349355184,0.0,0.0,0.97453125,1.4384224222743145,2.4129536722743143,149260,,,0.0001081699426606,Information
331630,6519.0,4743.914449,RUS,Russia,Krasnoyarsk,2.764768103,0.0,0.65,0.49,6519.0,6519.0,0.0,15.0,-9999.0,-9999.0,-9999.0,0.0,1.0,-999.9,-999.9,-999.9,-5997.4,0.0,0.0,0.0,0.0,0.0,0.0,0.0,0.0,0.0,0.0,0.0,-5997.4,-5997.4,55.29536206,0.0,,,,,,,,,,,,,,,,,,,,,,,,,,4017,,,,
331670,6531.0,29004.00909,RUS,Russia,Krasnoyarsk,1.639169856,0.0,0.65,0.49,6531.0,,,,,,,,,,,,,,,,,,,,,,,,,20.930659002283583,32.783397120000004,0.0,,2.312,0.008,1.688,0.006,6.5,0.022,2.688,0.009,0.01688,0.006,0.0975,0.033,0.0672,0.0225,0.24308,4.359375,0.0150302497353443,442.828125,1.5267824650515909,0.065390625,0.0225453746030164,15.498984375,5.343738627680568,20.930659002283583,0,,,0.1216647086032749,Information
331681,6532.0,2163.386794,RUS,Russia,Krasnoyarsk,1.555989062,0.0,0.65,0.49,6532.0,,,,,,,,,,,,,,,,,,,,,,,,,1.897205,31.11978124,0.0,,1.938,0.09,1.938,0.09,9.625,0.445,6.938,0.321,0.0193799999999999,0.09,0.144375,0.6675,0.17345,0.8025,1.897205,0.0,0.0,7.453125,0.3445119024571365,0.0,0.0,0.260859375,1.2057916585999775,1.4666510335999776,0,,,0.0001640829321781,Information
331682,6533.0,1821.280024,RUS,Russia,Krasnoyarsk,0.885151594,0.0,0.65,0.49,6533.0,,,,,,,,,,,,,,,,,,,,,,,,,35.01296702708012,17.70303188,0.0,,29.562,1.623,24.625,1.352,51.875,2.848,23.938,1.314,0.24625,1.352,0.778125,4.272,0.59845,3.285,10.531825,0.0,0.0,154.125,8.462454864880035,0.0,0.0,5.394375,29.618592027080123,35.01296702708012,0,,,0.1963819421078064,Advisory
331683,6534.0,5969.887227,RUS,Russia,Krasnoyarsk,3.575985693,0.0,0.65,0.49,6534.0,,,,,,,,,,,,,,,,,,,,,,,,,4.051482439339625,71.51971386,0.0,,12.5,0.209,6.375,0.107,13.062,0.219,5.562,0.093,0.06375,0.107,0.19593,0.3285,0.13905,0.2324999999999999,1.06673,9.421875,0.1578233330415551,39.234375,0.657204625650655,0.141328125,0.2367349995623326,1.373203125,2.3002161897772924,4.051482439339625,0,,,0.0255803557915126,Information
331692,6542.0,2963.578627,RUS,Russia,Krasnoyarsk,2.296582016,0.0,0.65,0.49,6542.0,,,,,,,,,,,,,,,,,,,,,,,,,12.960910843472774,45.93164032,0.0,,0.0,0.0,0.0,0.0,0.25,0.008,6.0,0.202,0.0,0.0,0.00375,0.012,0.15,0.505,0.67075,0.0,0.0,84.65625,2.856554883849364,0.0,0.0,2.96296875,9.997942093472776,12.960910843472774,0,,,0.0766011532995189,Information
331695,6545.0,1178.21589,RUS,Russia,Krasnoyarsk,0.411113096,0.0,0.65,0.49,6545.0,,,,,,,,,,,,,,,,,,,,,,,,,12.281006064241728,8.222261920000001,0.0,,0.0,0.0,0.0,0.0,0.0,0.0,1.0,0.085,0.0,0.0,0.0,0.0,0.025,0.2125,0.2375,0.0,0.0,36.984375,3.1390151254976364,0.0,0.0,1.294453125,10.986552939241728,12.281006064241728,0,,,0.0221460491402674,Information
331696,6546.0,4712.015559,RUS,Russia,Krasnoyarsk,2.06433567,0.0,0.65,0.49,6546.0,,,,,,,,,,,,,,,,,,,,,,,,,47.1313430470857,41.2867134,0.0,,0.0,0.0,0.0,0.0,0.0,0.0,3.188,0.068,0.0,0.0,0.0,0.0,0.0797,0.17,0.2497,0.0,0.0,431.296875,9.153129263453057,0.0,0.0,15.095390625,32.0359524220857,47.1313430470857,0,,,0.4130415717209213,Advisory
331761,6564.0,11850.34195,RUS,Russia,Sakha,1.752220694,0.0,0.65,0.49,6564.0,6564.0,0.0,15.0,2.0,-9999.0,-9999.0,0.0,1.0,0.2,-999.9,-999.9,-3997.2,0.0,0.0,0.0,0.0,0.0,0.0,0.0,0.0,0.0,0.0,0.0,-3997.2,-3997.2,35.04441388,0.0,,,,,,,,,,,,,,,,,,,,,,,,,,3114,,,,
331764,6567.0,24557.93884,RUS,Russia,Sakha,2.308384018,0.0,0.65,0.49,6567.0,6567.0,0.0,13.0,7.0,3.0,2.0,0.0,1.0,0.7,0.3,0.2,4.4,0.0,0.0,0.0,0.0,0.0,0.0,0.0,0.0,0.0,0.0,0.0,4.4,10.105127323969462,46.16768036,0.0,,3.188,0.013,1.312,0.005,12.375,0.05,4.562,0.019,0.01312,0.005,0.185625,0.075,0.11405,0.0475,0.440295,92.53125,0.3767875252955853,165.515625,0.6739801174360242,1.38796875,0.565181287943378,5.793046875,2.3589304110260847,10.105127323969462,338,,,0.0471802779901811,Information
331810,6576.0,21406.78498,RUS,Russia,Sakha,2.739125494,0.0,0.65,0.49,6576.0,6576.0,0.0,11.0,2.0,-9999.0,-9999.0,0.0,1.0,0.2,-999.9,-999.9,-3997.2,0.0,0.0,0.0,0.0,0.0,0.0,0.0,0.0,0.0,0.0,0.0,-3997.2,-3997.2,54.78250988,0.0,,,,,,,,,,,,,,,,,,,,,,,,,,64,,,,
331836,6583.0,9174.588956,RUS,Russia,Sakha,1.130761401,0.0,0.65,0.49,6583.0,,,,,,,,,,,,,,,,,,,,,,,,,6.905218600005377,22.61522802,0.0,,2.688,0.029,2.25,0.025,4.312,0.047,2.688,0.029,0.0225,0.025,0.06468,0.0705,0.0672,0.0725,0.32238,2.390625,0.0260570256757145,93.375,1.0177567675690873,0.035859375,0.0390855385135717,3.268125,3.5621486864918053,6.905218600005377,0,,,0.0078349925405207,Information
331838,6585.0,4884.439656,RUS,Russia,Sakha,1.643591023,0.0,0.65,0.49,6585.0,,,,,,,,,,,,,,,,,,,,,,,,,1.932666053438818,32.871820459999995,0.0,,0.562,0.012,0.438,0.009,12.75,0.261,0.25,0.005,0.00438,0.009,0.19125,0.3915,0.00625,0.0125,0.61488,1.265625,0.0259113652570939,17.578125,0.3598800730151935,0.018984375,0.0388670478856408,0.615234375,1.2595802555531772,1.932666053438818,0,,,0.0001943027134605,Information
331839,6586.0,25732.87477,RUS,Russia,Sakha,2.66503552,0.0,0.65,0.49,6586.0,6586.0,0.0,9.0,3.0,-9999.0,-9999.0,0.0,2.0,0.3,-999.9,-999.9,-3995.0,0.0,0.0,0.0,0.0,0.0,0.0,0.0,0.0,0.0,0.0,0.0,-3995.0,31.18607359470336,53.3007104,0.0,,438.062,1.702,265.625,1.032,271.125,1.054,81.5,0.317,2.65625,1.032,4.066875,1.581,2.0375,0.7925,12.166125,0.984375,0.0038253596185419,641.25,2.4919485515072988,0.014765625,0.0057380394278128,22.44375,8.721819930275545,31.18607359470336,0,,,0.3431955934354893,Information
331840,6587.0,12075.32949,RUS,Russia,Sakha,3.537806279,0.0,0.65,0.49,6587.0,,,,,,,,,,,,,,,,,,,,,,,,,18.60241369303092,70.75612558,0.0,,101.188,0.838,58.188,0.482,54.062,0.448,48.75,0.404,0.5818800000000001,0.482,0.8109299999999999,0.672,1.21875,1.01,4.7755600000000005,1.125,0.0093165159679722,290.25,2.4036611197368463,0.016875,0.0139747739519583,10.15875,8.412813919078962,18.60241369303092,0,,,0.325498062212849,Information
331850,6588.0,6098.846942,RUS,Russia,Sakha,0.752177909,0.0,0.65,0.49,6588.0,,,,,,,,,,,,,,,,,,,,,,,,,13.916339428163532,15.043558180000002,0.0,,54.812,0.899,43.25,0.709,98.25,1.611,46.25,0.758,0.4325,0.709,1.47375,2.4165,1.15625,1.895,8.083,1.6875,0.0276691646140203,149.90625,2.4579441232121435,0.0253125,0.0415037469210304,5.24671875,8.602804431242502,13.916339428163532,3632,,,0.0352196740422063,Information
331865,6593.0,2944.508286,RUS,Russia,Sakha,4.03617962,0.0,0.65,0.49,6593.0,,,,,,,,,,,,,,,,,,,,,,,,,2.380104590526868,80.7235924,0.0,,0.188,0.006,0.188,0.006,1.5,0.051,0.5,0.017,0.00188,0.006,0.0225,0.0765,0.0125,0.0425,0.16188,0.0,0.0,15.46875,0.5253423830076765,0.0,0.0,0.54140625,1.838698340526868,2.380104590526868,0,,,0.0182310014739921,Information
331866,6594.0,14069.60147,RUS,Russia,Sakha,1.946598618,0.0,0.65,0.49,6594.0,,,,,,,,,,,,,,,,,,,,,,,,,16.33140170510853,38.93197236,0.0,,104.688,0.744,72.938,0.518,90.688,0.645,61.688,0.438,0.72938,0.518,1.3603200000000002,0.9675,1.5422,1.095,6.212400000000001,6.75,0.0479757725337275,269.859375,1.9180314060879824,0.10125,0.0719636588005912,9.445078125,6.713109921307939,16.33140170510853,0,,,0.0936014886595352,Information
331869,6597.0,7603.621108,RUS,Russia,Krasnoyarsk,1.052672795,0.0,0.65,0.49,6597.0,,,,,,,,,,,,,,,,,,,,,,,,,19.006763503339304,21.053455900000003,0.0,,25.062,0.33,9.5,0.125,8.312,0.109,32.0,0.421,0.095,0.125,0.12468,0.1635,0.8,1.0525,2.3606800000000003,0.0,0.0,234.5625,3.084878858096944,0.0,0.0,8.2096875,10.797076003339305,19.006763503339304,0,,,0.0772266987038817,Information
331870,6598.0,11996.90704,RUS,Russia,Sakha,4.009525692,0.0,0.65,0.49,6598.0,,,,,,,,,,,,,,,,,,,,,,,,,23.519123020782857,80.19051384000001,0.0,,62.5,0.521,36.688,0.306,45.5,0.379,35.438,0.295,0.36688,0.306,0.6825,0.5685,0.88595,0.7374999999999999,3.54733,4.640625,0.0386818451253449,364.5,3.0382831080270973,0.069609375,0.0580227676880173,12.7575,10.63399087809484,23.519123020782857,0,,,0.5681447972235499,Advisory
331880,6599.0,11863.83216,RUS,Russia,Sakha,3.160838071,0.0,0.65,0.49,6599.0,,,,,,,,,,,,,,,,,,,,,,,,,13.551347060304172,63.216761420000005,0.0,,23.812,0.201,4.438,0.037,9.875,0.083,11.5,0.097,0.0443799999999999,0.037,0.148125,0.1245,0.2875,0.2425,0.8840049999999999,0.0,0.0,210.09375,1.770875945801192,0.0,0.0,7.35328125,6.198065810304172,13.551347060304172,23,,,0.1590048364175054,Information
331890,6600.0,17273.41877,RUS,Russia,Sakha,3.258300144,0.0,0.65,0.49,6600.0,,,,,,,,,,,,,,,,,,,,,,,,,13.654117008714518,65.16600288000001,0.0,,44.125,0.255,31.125,0.18,36.312,0.21,91.125,0.528,0.31125,0.18,0.5446799999999999,0.315,2.278125,1.32,4.949055,0.0,0.0,247.078125,1.430395038204148,0.0,0.0,8.647734375,5.006382633714518,13.654117008714518,0,,,0.1744943332304415,Information
341000,6605.0,23566.02668,RUS,Russia,Sakha,1.365383392,0.0,0.65,0.49,6605.0,,,,,,,,,,,,,,,,,,,,,,,,,1.3640277877034594,27.30766784,0.0,,4.562,0.019,3.5,0.015,2.0,0.008,2.0,0.008,0.035,0.015,0.03,0.012,0.05,0.02,0.162,1.828125,0.0077574596037371,26.578125,0.1127815280851011,0.027421875,0.0116361894056056,0.930234375,0.3947353482978538,1.3640277877034594,135,,,3.5072416711976394e-05,Information
342111,6606.0,12403.5965,RUS,Russia,Sakha,2.724767379,0.0,0.65,0.49,6606.0,6606.0,1.0,11.0,96.0,9.0,-9999.0,3.0,1.0,9.6,0.9,-999.9,-1970.8,0.0,0.0,0.0,0.0,0.0,0.0,0.0,0.0,0.0,0.0,0.0,-1970.8,-1970.8,54.49534758,0.0,,,,,,,,,,,,,,,,,,,,,,,,,,498,,,,
342115,6610.0,8789.19089,RUS,Russia,Sakha,2.683129031,0.0,0.65,0.49,6610.0,6610.0,1.0,10.0,100.0,11.0,-9999.0,3.0,1.0,10.0,1.1,-999.9,-1969.6,0.0,0.0,0.0,0.0,0.0,0.0,0.0,0.0,0.0,0.0,0.0,-1969.6,0.1788704843432097,53.66258062,0.0,,,,,,,,,,,,,,,,,0.0,0.0,2.390625,0.0271996026694885,0.0,0.0,0.083671875,0.0951986093432097,0.1788704843432097,70,,,1.3719150193449535e-08,Information
342118,6613.0,12035.67188,RUS,Russia,Sakha,2.886116014,0.0,0.65,0.49,6613.0,6613.0,1.0,7.0,52.0,5.0,2.0,3.0,4.0,5.2,0.5,0.2,25.8,0.0,0.0,0.0,0.0,0.0,0.0,0.0,0.0,0.0,0.0,0.0,25.8,25.8,57.722320280000005,0.0,,,,,,,,,,,,,,,,,0.984375,0.008178812197963,18.140625,0.1507238247910327,0.014765625,0.0122682182969445,0.634921875,0.5275333867686144,1.189489105065559,0,,,0.3106937739524086,Information
342119,6614.0,811.0735976,RUS,Russia,Sakha,0.890333042,0.0,0.65,0.49,6614.0,6614.0,1.0,9.0,100.0,7.0,-9999.0,3.0,2.0,10.0,0.7,-999.9,-1968.4,0.0,0.0,0.0,0.0,0.0,0.0,0.0,0.0,0.0,0.0,0.0,-1968.4,-1968.4,17.80666084,0.0,,,,,,,,,,,,,,,,,,,,,,,,,,0,,,,
342120,6615.0,27865.8141,RUS,Russia,Sakha,1.84634177,0.0,0.65,0.49,6615.0,,,,,,,,,,,,,,,,,,,,,,,,,4.760053411990706,36.9268354,0.0,,57.5,0.206,26.062,0.094,0.438,0.002,0.0,0.0,0.26062,0.094,0.00657,0.003,0.0,0.0,0.36419,5.484375,0.0196813736722751,97.734375,0.3507321718520836,0.082265625,0.0295220605084126,3.420703125,1.227562601482293,4.760053411990706,9,,,0.0048825728822246,Information
342130,6616.0,23674.80726,RUS,Russia,Sakha,3.184604167,0.0,0.65,0.49,6616.0,6616.0,1.0,6.0,92.0,3.0,-9999.0,3.0,5.0,9.2,0.3,-999.9,-1211.6,0.0,0.0,0.0,0.0,0.0,0.0,0.0,0.0,0.0,0.0,0.0,-1211.6,4.099483329946955,63.69208334,0.0,,81.688,0.345,37.562,0.159,0.75,0.003,0.625,0.003,0.3756199999999999,0.159,0.01125,0.0045,0.015625,0.0075,0.5734949999999999,2.8125,0.0118797165644982,81.140625,0.3427298228857737,0.0421875,0.0178195748467473,2.839921875,1.199554380100208,4.099483329946955,53,,,0.0145852428208115,Information
342140,6617.0,16393.49001,RUS,Russia,Sakha,1.552161282,0.0,0.65,0.49,6617.0,6617.0,2.0,6.0,98.0,74.0,-9999.0,7.0,5.0,9.8,7.4,-999.9,-1561.16,0.0,0.0,0.0,0.0,0.0,0.0,0.0,0.0,0.0,0.0,0.0,-1561.16,3.7062662536869286,31.04322564,0.0,,,,,,,,,,,,,,,,,1.546875,0.0094359102263629,65.109375,0.397166039527824,0.023203125,0.0141538653395443,2.278828125,1.390081138347384,3.7062662536869286,0,,,0.0017308519553725,Information
342150,6618.0,9374.644934,RUS,Russia,Sakha,2.682021188,0.0,0.65,0.49,6618.0,6618.0,1.0,9.0,100.0,2.0,-9999.0,3.0,2.0,10.0,0.2,-999.9,-1971.2,0.0,0.0,0.0,0.0,0.0,0.0,0.0,0.0,0.0,0.0,0.0,-1971.2,5.671657744894484,53.64042376,0.0,,129.438,1.381,106.75,1.139,14.625,0.156,1.312,0.014,1.0675,1.139,0.219375,0.2339999999999999,0.0328,0.035,2.727675,10.6875,0.1140043177617118,73.828125,0.7875298266434044,0.1603125,0.1710064766425676,2.583984375,2.7563543932519154,5.671657744894484,0,,,0.0178228344461247,Information
342160,6619.0,26995.66966,RUS,Russia,Sakha,3.180729755,0.0,0.65,0.49,6619.0,6619.0,2.0,6.0,94.0,58.0,2.0,7.0,5.0,9.4,5.8,0.2,-1676.614285714286,0.0,0.0,0.0,0.0,0.0,0.0,0.0,0.0,0.0,0.0,0.0,-1676.614285714286,16.559181412210485,63.6145951,0.0,,504.438,1.869,326.125,1.208,193.312,0.716,38.688,0.143,3.26125,1.208,2.89968,1.0739999999999998,0.9672,0.3575,9.76763,12.796875,0.0474034360356303,339.75,1.2585351809020109,0.191953125,0.0711051540534454,11.89125,4.404873133157038,16.559181412210485,0,,,0.2155744931233054,Information
342172,6621.0,8176.32855,RUS,Russia,Sakha,2.91259246,0.0,0.65,0.49,6621.0,6621.0,1.0,6.0,94.0,13.0,-9999.0,3.0,5.0,9.4,1.3,-999.9,-2532.0571428571434,0.0,0.0,0.0,0.0,0.0,0.0,0.0,0.0,0.0,0.0,0.0,-2532.0571428571434,18.0441607620306,58.2518492,0.0,,292.375,3.576,215.125,2.631,48.062,0.588,1.125,0.014,2.15125,2.631,0.7209299999999998,0.8819999999999999,0.028125,0.035,6.448305,31.21875,0.3818186831550229,218.53125,2.67273078208516,0.46828125,0.5727280247325344,7.64859375,9.35455773729806,18.0441607620306,0,,,0.2007815066409535,Information
342174,6623.0,8303.72724,RUS,Russia,Sakha,2.132077503,0.0,0.65,0.49,6623.0,,,,,,,,,,,,,,,,,,,,,,,,,13.211205288409154,42.64155006,0.0,,209.875,2.527,130.188,1.568,124.562,1.5,4.875,0.059,1.30188,1.568,1.86843,2.25,0.121875,0.1475,7.257685,27.140625,0.3268487055755436,159.609375,1.9221413514416683,0.407109375,0.4902730583633153,5.586328125,6.727494730045839,13.211205288409154,0,,,0.0710175094920304,Information
342176,6625.0,13635.29489,RUS,Russia,Sakha,1.284849442,0.0,0.65,0.49,6625.0,6625.0,1.0,7.0,49.0,-9999.0,-9999.0,3.0,4.0,4.9,-999.9,-999.9,-2969.3,0.0,0.0,0.0,0.0,0.0,0.0,0.0,0.0,0.0,0.0,0.0,-2969.3,2.7081523027170555,25.696988840000003,0.0,,,,,,,,,,,,,,,,,4.078125,0.0299085940853236,42.890625,0.3145559033111629,0.061171875,0.0448628911279854,1.501171875,1.10094566158907,2.7081523027170555,57,,,0.0004633483505604,Information
342177,6626.0,15861.54464,RUS,Russia,Sakha,1.556278231,0.0,0.65,0.49,6626.0,6626.0,1.0,3.0,70.0,-9999.0,-9999.0,3.0,8.0,7.0,-999.9,-999.9,-1499.4666666666667,0.0,0.0,0.0,0.0,0.0,0.0,0.0,0.0,0.0,0.0,0.0,-1499.4666666666667,4.646416386550753,31.12556462,0.0,,85.062,0.536,55.938,0.353,31.0,0.195,5.312,0.033,0.55938,0.353,0.465,0.2925,0.1328,0.0825,1.88518,18.703125,0.1179149031760425,73.40625,0.4627938305104827,0.280546875,0.1768723547640637,2.56921875,1.6197784067866894,4.646416386550753,3271,,,0.003506894844052,Information
342178,6627.0,12120.37259,RUS,Russia,Sakha,1.932102926,0.0,0.65,0.49,6627.0,6627.0,1.0,6.0,92.0,29.0,-9999.0,3.0,5.0,9.2,2.9,-999.9,-1291.0666666666666,0.0,0.0,0.0,0.0,0.0,0.0,0.0,0.0,0.0,0.0,0.0,-1291.0666666666666,6.839686814715472,38.64205852,0.0,,15.25,0.126,10.875,0.09,0.25,0.002,0.562,0.005,0.10875,0.09,0.00375,0.003,0.01405,0.0125,0.23205,7.03125,0.0580118304824666,104.0625,0.8585750911405066,0.10546875,0.0870177457236999,3.6421875,3.005012818991773,6.839686814715472,0,,,0.0141183279003585,Information
342179,6628.0,13881.25267,RUS,Russia,Sakha,1.146110536,0.0,0.65,0.49,6628.0,6628.0,2.0,15.0,100.0,72.0,-9999.0,7.0,1.0,10.0,7.2,-999.9,-944.6,0.0,0.0,0.0,0.0,0.0,0.0,0.0,0.0,0.0,0.0,0.0,-944.6,18.22342987518905,22.92221072,0.0,,24.562,0.177,7.812,0.056,0.25,0.002,0.0,0.0,0.07812,0.056,0.00375,0.003,0.0,0.0,0.14087,57.796875,0.4163664214175507,277.875,2.001800605160779,0.866953125,0.6245496321263261,9.725625,7.006302118062727,18.22342987518905,550,,,0.0746360896226911,Information
342180,6629.0,20053.4243,RUS,Russia,Sakha,1.384752156,0.0,0.65,0.49,6629.0,6629.0,1.0,5.0,49.0,-9999.0,-9999.0,3.0,6.0,4.9,-999.9,-999.9,-1961.6571428571424,0.0,0.0,0.0,0.0,0.0,0.0,0.0,0.0,0.0,0.0,0.0,-1961.6571428571424,14.408989845068229,27.69504312,0.0,,359.625,1.793,218.125,1.088,135.75,0.677,4.562,0.023,2.18125,1.088,2.03625,1.0155,0.11405,0.0574999999999999,6.4925500000000005,22.78125,0.1136027925114893,264.9375,1.321158401800283,0.34171875,0.1704041887672339,9.2728125,4.624054406300991,14.408989845068229,0,,,0.0533678676126311,Information
342194,6633.0,8779.303672,RUS,Russia,Sakha,1.069786036,0.0,0.65,0.49,6633.0,,,,,,,,,,,,,,,,,,,,,,,,,24.92602829084024,21.39572072,0.0,,21.875,0.249,6.312,0.072,9.688,0.11,0.0,0.0,0.06312,0.072,0.14532,0.165,0.0,0.0,0.44544,7.734375,0.0880978183335802,329.625,3.754568839525675,0.116015625,0.1321467275003703,11.536875,13.140990938339865,24.92602829084024,0,,,0.1253783068798011,Information
342198,6637.0,10176.52815,RUS,Russia,Sakha,3.689184871,0.0,0.65,0.49,6637.0,6637.0,3.0,6.0,98.0,92.0,39.0,10.0,5.0,9.8,9.2,3.9,76.4,0.0,0.0,0.0,0.0,0.0,0.0,0.0,0.0,0.0,0.0,0.0,76.4,76.4,73.78369742000001,0.0,,,,,,,,,,,,,,,,,0.28125,0.0027637126921004,12.09375,0.1188396457603213,0.00421875,0.0041455690381506,0.42328125,0.4159387601611245,0.8475843291992751,743,,,0.8576005822816324,Warning
342210,6639.0,23796.27258,RUS,Russia,Sakha,2.014974734,0.0,0.65,0.49,6639.0,6639.0,0.0,4.0,17.0,-9999.0,-9999.0,0.0,7.0,1.7,-999.9,-999.9,-3982.2,0.0,0.0,0.0,0.0,0.0,0.0,0.0,0.0,0.0,0.0,0.0,-3982.2,79.25404425402655,40.29949468,0.0,3.0,769.875,3.235,434.375,1.825,281.25,1.182,152.312,0.64,4.34375,1.825,4.21875,1.773,3.8078,1.6,17.5683,434.390625,1.8254565860177023,2399.625,10.08403728838008,6.515859375,2.7381848790265533,35.0,35.0,79.25404425402655,22639,859.0,3.7943372057069658,0.6115334438831814,Watch
342221,6640.0,2277.189468,RUS,Russia,Sakha,0.580055976,0.0,0.65,0.49,6640.0,,,,,,,,,,,,,,,,,,,,,,,,,22.70696830644381,11.60111952,0.0,,69.188,3.038,34.438,1.512,3.0,0.132,1.125,0.049,0.34438,1.512,0.045,0.198,0.028125,0.1225,2.2500050000000003,0.5625,0.024701501911778,120.09375,5.273770658164613,0.0084375,0.037052252867667,4.20328125,18.458197303576146,22.70696830644381,786,,,0.0870435979035061,Information
342222,6641.0,6101.046746,RUS,Russia,Sakha,3.704947804,0.0,0.65,0.49,6641.0,,,,,,,,,,,,,,,,,,,,,,,,,42.04769599809938,74.09895608000001,0.0,3.0,55.562,0.911,32.125,0.527,58.75,0.963,2.188,0.036,0.32125,0.527,0.88125,1.4445,0.0547,0.09,3.3187,1.6875,0.027659188170979,454.5,7.449541347383688,0.0253125,0.0414887822564685,15.9075,26.07339471584291,42.04769599809938,640,0.0,0.0,0.6859920310515788,Watch
342223,6642.0,5526.680667,RUS,Russia,Sakha,2.174241626,0.0,0.65,0.49,6642.0,,,,,,,,,,,,,,,,,,,,,,,,,24.318686858763108,43.484832520000005,0.0,,179.0,3.239,103.5,1.873,24.812,0.449,2.312,0.042,1.035,1.873,0.37218,0.6735,0.0577999999999999,0.105,4.116480000000001,0.5625,0.0101778994289744,247.078125,4.470642324177041,0.0084375,0.0152668491434616,8.647734375,15.647248134619645,24.318686858763108,2723,,,0.1995404082562383,Information
342224,6643.0,3916.369912,RUS,Russia,Sakha,2.269590485,0.0,0.65,0.49,6643.0,,,,,,,,,,,,,,,,,,,,,,,,,3.595303790456239,45.3918097,0.0,,57.5,1.468,19.375,0.495,30.125,0.769,2.5,0.064,0.19375,0.495,0.451875,1.1535,0.0625,0.16,2.5166250000000003,0.84375,0.0215441855354238,28.546875,0.7289116106151724,0.01265625,0.0323162783031357,0.999140625,2.5511906371531032,3.595303790456239,3,,,0.0032586176564659,Information
342225,6644.0,11877.71932,RUS,Russia,Sakha,1.294739566,0.0,0.65,0.49,6644.0,,,,,,,,,,,,,,,,,,,,,,,,,5.355216603863136,25.894791320000003,0.0,,148.125,1.247,33.75,0.284,126.875,1.068,8.125,0.068,0.3375,0.284,1.903125,1.602,0.203125,0.17,4.49975,4.5,0.0378860610996954,81.140625,0.6831330392038837,0.0675,0.0568290916495431,2.839921875,2.390965637213593,5.355216603863136,4,,,0.0043018208567326,Information
342226,6645.0,4172.917984,RUS,Russia,Sakha,2.843734147,0.0,0.65,0.49,6645.0,,,,,,,,,,,,,,,,,,,,,,,,,6.136064999999999,56.87468294,0.0,,187.688,4.498,72.562,1.739,66.438,1.592,3.375,0.081,0.7256199999999999,1.739,0.99657,2.388,0.084375,0.2025,6.136064999999999,0.0,0.0,28.828125,0.6908385238021052,0.0,0.0,1.008984375,2.417934833307368,3.4269192083073685,0,,,0.0255924358616241,Information
342228,6647.0,3746.020829,RUS,Russia,Sakha,2.501780312,0.0,0.65,0.49,6647.0,,,,,,,,,,,,,,,,,,,,,,,,,6.592198165769174,50.03560624000001,0.0,,90.188,2.408,17.062,0.455,45.75,1.221,8.562,0.229,0.17062,0.455,0.68625,1.8315,0.2140499999999999,0.5725,3.92992,0.0,0.0,51.328125,1.370203940219764,0.0,0.0,1.796484375,4.795713790769175,6.592198165769174,60,,,0.0214119341882924,Information
342229,6648.0,11105.75031,RUS,Russia,Sakha,3.364340554,0.0,0.65,0.49,6648.0,,,,,,,,,,,,,,,,,,,,,,,,,7.112821285469538,67.28681108,0.0,,252.438,2.273,74.375,0.67,83.625,0.753,13.312,0.12,0.74375,0.67,1.254375,1.1295,0.3328,0.3,4.430425,0.140625,0.0012662359235279,106.875,0.9623393018812132,0.002109375,0.0018993538852918,3.740625,3.368187556584246,7.112821285469538,0,,,0.0635199562711105,Information
342231,6649.0,859.7797216,RUS,Russia,Sakha,0.681364608,0.0,0.65,0.49,6649.0,,,,,,,,,,,,,,,,,,,,,,,,,38.725859375,13.62729216,0.0,,18.375,2.137,9.25,1.076,0.812,0.095,1.5,0.174,0.0925,1.076,0.01218,0.1425,0.0375,0.4349999999999999,1.7956800000000004,0.0,0.0,106.453125,12.381441703183274,0.0,0.0,3.725859375,35.0,38.725859375,500,,,0.2112290006881313,Advisory
342232,6650.0,7113.504464,RUS,Russia,Sakha,1.459210987,0.0,0.65,0.49,6650.0,,,,,,,,,,,,,,,,,,,,,,,,,11.276695,29.184219740000003,0.0,,533.375,7.498,310.5,4.365,94.438,1.328,6.625,0.093,3.105,4.365,1.41657,1.992,0.165625,0.2324999999999999,11.276695,0.0,0.0,92.25,1.296829157323043,0.0,0.0,3.22875,4.538902050630651,7.767652050630651,176,,,0.0330795896174693,Information
342233,6651.0,2876.871301,RUS,Russia,Sakha,2.261762871,0.0,0.65,0.49,6651.0,,,,,,,,,,,,,,,,,,,,,,,,,31.08475973096456,45.23525742,0.0,,263.812,9.17,181.375,6.305,5.062,0.176,0.625,0.022,1.81375,6.305,0.07593,0.264,0.015625,0.0549999999999999,8.529304999999999,0.0,0.0,198.421875,6.897141173132732,0.0,0.0,6.944765625,24.13999410596456,31.08475973096456,1696,,,0.2855850936680132,Information
342234,6652.0,3098.243717,RUS,Russia,Sakha,2.053593457,0.0,0.65,0.49,6652.0,,,,,,,,,,,,,,,,,,,,,,,,,14.428786295055026,41.07186914,0.0,,307.75,9.933,169.0,5.455,29.688,0.958,8.688,0.28,1.69,5.455,0.4453199999999999,1.4369999999999998,0.2172,0.7000000000000001,9.94452,0.140625,0.0045388617820581,97.453125,3.145431214966268,0.002109375,0.0068082926730871,3.410859375,11.009009252381938,14.428786295055026,4455,,,0.0796998591872144,Information
342235,6653.0,3267.610606,RUS,Russia,Sakha,2.17928312,0.0,0.65,0.49,6653.0,,,,,,,,,,,,,,,,,,,,,,,,,41.162332913300105,43.5856624,0.0,,282.375,8.642,137.312,4.202,20.625,0.631,12.375,0.379,1.37312,4.202,0.309375,0.9465,0.309375,0.9475,8.08787,9.421875,0.2883414255016101,285.609375,8.740618435727912,0.141328125,0.4325121382524152,9.996328125,30.592164525047693,41.162332913300105,13554,,,0.3763049975069167,Advisory
342236,6654.0,16033.40018,RUS,Russia,Sakha,2.787663494,0.0,0.65,0.49,6654.0,,,,,,,,,,,,,,,,,,,,,,,,,13.384853173540812,55.75326988,0.0,,385.188,2.402,116.812,0.729,113.375,0.707,20.125,0.126,1.16812,0.729,1.700625,1.0605,0.503125,0.315,5.47637,1.265625,0.0078936781067668,234.984375,1.4655929018230456,0.018984375,0.0118405171601502,8.224453125,5.12957515638066,13.384853173540812,2004,,,0.1159150695582361,Information
342237,6655.0,41.43841756,RUS,Russia,Sakha,0.917593943,0.0,0.65,0.49,6655.0,,,,,,,,,,,,,,,,,,,,,,,,,35.42328125,18.35187886,0.0,,0.25,0.603,0.062,0.151,0.062,0.151,0.0,0.0,0.00062,0.151,0.0009299999999999,0.2264999999999999,0.0,0.0,0.37905,0.0,0.0,12.09375,29.184874112422754,0.0,0.0,0.42328125,35.0,35.42328125,5,,,0.2018449075171453,Advisory
342238,6656.0,6937.251428,RUS,Russia,Sakha,1.305683092,0.0,0.65,0.49,6656.0,,,,,,,,,,,,,,,,,,,,,,,,,3.81905,26.11366184,0.0,,250.188,3.606,114.75,1.654,23.5,0.339,2.562,0.037,1.1475,1.654,0.3525,0.5085000000000001,0.06405,0.0925,3.81905,0.0,0.0,34.734375,0.5006936156625257,0.0,0.0,1.215703125,1.75242765481884,2.96813077981884,77,,,0.0015256290000403,Information
342239,6657.0,1050.145563,RUS,Russia,Sakha,2.42194315,0.0,0.65,0.49,6657.0,,,,,,,,,,,,,,,,,,,,,,,,,29.838656089711343,48.438863000000005,0.0,,45.188,4.303,25.75,2.452,3.375,0.321,6.312,0.601,0.2575,2.452,0.050625,0.4815,0.1578,1.5025,4.901925,0.703125,0.0669550036318158,80.71875,7.686434416932464,0.010546875,0.1004325054477237,2.82515625,26.902520459263624,29.838656089711343,786,,,0.2922019067617309,Information
342241,6658.0,2654.018742,RUS,Russia,Sakha,3.237869097,0.0,0.65,0.49,6658.0,,,,,,,,,,,,,,,,,,,,,,,,,17.858283967105667,64.75738194,0.0,,44.25,1.667,19.5,0.735,59.0,2.223,70.125,2.642,0.195,0.735,0.885,3.3345,1.753125,6.605,13.507625,0.0,0.0,107.015625,4.032210597744476,0.0,0.0,3.745546875,14.112737092105666,17.858283967105667,3885,,,0.2483191622994342,Information
342242,6659.0,4866.932678,RUS,Russia,Sakha,2.304920526,0.0,0.65,0.49,6659.0,,,,,,,,,,,,,,,,,,,,,,,,,3.3742306087282814,46.09841052,0.0,,29.625,0.609,3.375,0.069,14.812,0.304,30.25,0.622,0.03375,0.069,0.22218,0.4559999999999999,0.75625,1.555,3.09218,0.140625,0.0028893968602524,31.5,0.6472248966965436,0.002109375,0.0043340952903786,1.1025,2.2652871384379027,3.3742306087282814,934,,,0.0027942845317548,Information
342243,6660.0,18869.12824,RUS,Russia,Sakha,2.037883328,0.0,0.65,0.49,6660.0,,,,,,,,,,,,,,,,,,,,,,,,,22.881361539856645,40.75766656,0.0,,158.0,0.837,49.312,0.261,112.625,0.597,127.938,0.678,0.49312,0.261,1.689375,0.8955,3.19845,1.695,8.232445,13.640625,0.0722907005750911,421.453125,2.2335590682840025,0.204609375,0.1084360508626366,14.750859375,7.817456738994009,22.881361539856645,3662,,,0.1707225757754807,Information
342244,6661.0,7598.013594,RUS,Russia,Sakha,1.001901129,0.0,0.65,0.49,6661.0,,,,,,,,,,,,,,,,,,,,,,,,,6.043245,20.03802258,0.0,,107.312,1.412,15.562,0.205,129.375,1.703,20.5,0.27,0.1556199999999999,0.205,1.940625,2.5545,0.5125,0.675,6.043245,0.0,0.0,36.5625,0.4812113001498684,0.0,0.0,1.2796875,1.684239550524539,2.963927050524539,0,,,0.0049028031848789,Information
342245,6662.0,2289.080928,RUS,Russia,Sakha,2.947484119,0.0,0.65,0.49,6662.0,,,,,,,,,,,,,,,,,,,,,,,,,3.370325,58.94968238,0.0,,24.812,1.084,3.125,0.137,23.625,1.032,9.688,0.423,0.03125,0.137,0.354375,1.548,0.2422,1.0575,3.370325,0.0,0.0,10.265625,0.4484605534257292,0.0,0.0,0.359296875,1.5696119369900523,1.9289088119900524,0,,,0.0062133578563678,Information
342246,6663.0,30081.16102,RUS,Russia,Sakha,2.46505997,0.0,0.65,0.49,6663.0,6663.0,1.0,6.0,88.0,-9999.0,-9999.0,3.0,5.0,8.8,-999.9,-999.9,-3965.6,0.0,0.0,0.0,0.0,0.0,0.0,0.0,0.0,0.0,0.0,0.0,-3965.6,18.81604968729424,49.3011994,0.0,,126.25,0.42,37.438,0.124,279.938,0.931,56.375,0.187,0.37438,0.124,4.19907,1.3965,1.409375,0.4675,7.970825,4.640625,0.0154270142581866,401.484375,1.334670475973417,0.069609375,0.0231405213872799,14.051953125,4.67134666590696,18.81604968729424,21808,,,0.1607959080663101,Information
342247,6664.0,3483.131253,RUS,Russia,Sakha,1.724734934,0.0,0.65,0.49,6664.0,,,,,,,,,,,,,,,,,,,,,,,,,3.195372982942549,34.49469868,0.0,,4.625,0.133,0.5,0.014,2.438,0.07,5.438,0.156,0.005,0.014,0.03657,0.105,0.13595,0.39,0.68652,1.546875,0.044410471145431,22.921875,0.658082436064115,0.023203125,0.0666157067181465,0.802265625,2.3032885262244025,3.195372982942549,0,,,0.0012620916754449,Information
342248,6665.0,3852.916455,RUS,Russia,Sakha,3.504047851,0.0,0.65,0.49,6665.0,,,,,,,,,,,,,,,,,,,,,,,,,4.646539890131466,70.08095702,0.0,,19.062,0.495,11.875,0.308,18.562,0.482,16.438,0.427,0.11875,0.308,0.27843,0.723,0.41095,1.0675,2.90663,0.84375,0.0218989954741989,36.5625,0.9489564705486194,0.01265625,0.0328484932112983,1.2796875,3.321347646920168,4.646539890131466,0,,,0.0312753130323791,Information
342249,6666.0,24610.72337,RUS,Russia,Sakha,2.833259751,0.0,0.65,0.49,6666.0,6666.0,1.0,8.0,52.0,-9999.0,-9999.0,3.0,3.0,5.2,-999.9,-999.9,-3726.5,0.0,0.0,0.0,0.0,0.0,0.0,0.0,0.0,0.0,0.0,0.0,-3726.5,9.39975744657684,56.66519502,0.0,,145.562,0.591,45.688,0.186,73.375,0.298,78.938,0.321,0.45688,0.186,1.100625,0.4469999999999999,1.97345,0.8025,4.966455,0.0,0.0,190.96875,0.7759574847362398,0.0,0.0,6.68390625,2.7158511965768395,9.39975744657684,166,,,0.0632224800185097,Information
342251,6667.0,11526.77699,RUS,Russia,Sakha,3.08953697,0.0,0.65,0.49,6667.0,6667.0,1.0,2.0,100.0,-9999.0,-9999.0,3.0,9.0,10.0,-999.9,-999.9,-3955.6,0.0,0.0,0.0,0.0,0.0,0.0,0.0,0.0,0.0,0.0,0.0,-3955.6,16.021349251571266,61.79073940000001,0.0,,455.875,3.955,207.312,1.799,41.75,0.362,31.562,0.274,2.0731200000000003,1.799,0.62625,0.5429999999999999,0.78905,0.685,6.515420000000001,0.0,0.0,245.109375,2.1264346075917904,0.0,0.0,8.578828125,7.442521126571266,16.021349251571266,16376,,,0.1923809736245438,Information
342252,6668.0,11695.21772,RUS,Russia,Sakha,2.385395622,0.0,0.65,0.49,6668.0,,,,,,,,,,,,,,,,,,,,,,,,,7.103393581762325,47.70791244,0.0,,462.562,3.955,108.75,0.93,44.125,0.377,59.625,0.51,1.0875,0.93,0.661875,0.5655,1.490625,1.275,6.0105,0.0,0.0,109.40625,0.9354785233606644,0.0,0.0,3.82921875,3.274174831762325,7.103393581762325,0,,,0.0229521385911389,Information
342253,6669.0,11548.93293,RUS,Russia,Sakha,2.735988447,0.0,0.65,0.49,6669.0,6669.0,1.0,1.0,100.0,-9999.0,-9999.0,3.0,10.0,10.0,-999.9,-999.9,-3953.6,0.0,0.0,0.0,0.0,0.0,0.0,0.0,0.0,0.0,0.0,0.0,-3953.6,13.802999446921865,54.71976894,0.0,,687.812,5.956,263.438,2.281,28.25,0.245,41.562,0.36,2.63438,2.281,0.42375,0.3675,1.03905,0.8999999999999999,7.64568,0.0,0.0,211.359375,1.8301203776919608,0.0,0.0,7.397578125,6.405421321921863,13.802999446921865,19012,,,0.1174197351434124,Information
342254,6670.0,6135.82341,RUS,Russia,Sakha,0.933896606,0.0,0.65,0.49,6670.0,,,,,,,,,,,,,,,,,,,,,,,,,4.842445,18.67793212,0.0,,274.312,4.471,144.25,2.351,5.938,0.097,12.375,0.202,1.4425,2.351,0.08907,0.1455,0.309375,0.505,4.842445,0.0,0.0,28.125,0.4583736871491077,0.0,0.0,0.984375,1.604307905021877,2.588682905021877,105,,,0.0023937276127561,Information
342255,6671.0,318.4518436,RUS,Russia,Sakha,3.490302448,0.0,0.65,0.49,6671.0,,,,,,,,,,,,,,,,,,,,,,,,,30.61981642365749,69.80604896,0.0,,10.625,3.336,5.438,1.707,0.062,0.02,2.188,0.687,0.05438,1.707,0.0009299999999999,0.03,0.0547,1.7175000000000002,3.5645100000000003,0.0,0.0,27.0,8.478518978187854,0.0,0.0,0.945,29.67481642365749,30.61981642365749,92,,,0.5055873180429918,Advisory
342256,6672.0,8069.516934,RUS,Russia,Sakha,1.459292253,0.0,0.65,0.49,6672.0,,,,,,,,,,,,,,,,,,,,,,,,,3.2733016862403,29.18584506,0.0,,158.688,1.967,81.125,1.005,0.062,0.001,6.938,0.086,0.81125,1.005,0.0009299999999999,0.0015,0.17345,0.2149999999999999,2.20713,0.0,0.0,41.765625,0.5175728032115141,0.0,0.0,1.461796875,1.8115048112403,3.2733016862403,8,,,0.0010551280810092,Information
342257,6673.0,25622.67369,RUS,Russia,Sakha,2.165350476,0.0,0.65,0.49,6673.0,6673.0,1.0,1.0,100.0,-9999.0,-9999.0,3.0,10.0,10.0,-999.9,-999.9,-3953.6,0.0,0.0,0.0,0.0,0.0,0.0,0.0,0.0,0.0,0.0,0.0,-3953.6,16.107906691608438,43.30700952,0.0,,1466.562,5.724,503.625,1.966,45.312,0.177,63.688,0.249,5.03625,1.966,0.6796799999999998,0.2654999999999999,1.5922,0.6225,10.16213,0.0,0.0,331.03125,1.2919465547452678,0.0,0.0,11.58609375,4.521812941608437,16.107906691608438,6123,,,0.1041343511584491,Information
342258,6674.0,10808.68655,RUS,Russia,Sakha,0.68931566,0.0,0.65,0.49,6674.0,,,,,,,,,,,,,,,,,,,,,,,,,8.35763,13.7863132,0.0,,896.812,8.297,398.0,3.682,14.562,0.135,5.688,0.053,3.98,3.682,0.21843,0.2025,0.1422,0.1325,8.35763,0.0,0.0,39.9375,0.3694944786651688,0.0,0.0,1.3978125,1.2932306753280909,2.691043175328091,23116,,,0.0098069219630016,Information
342259,6675.0,2464.736897,RUS,Russia,Sakha,3.717680469,0.0,0.65,0.49,6675.0,6675.0,1.0,10.0,100.0,-9999.0,-9999.0,3.0,1.0,10.0,-999.9,-999.9,-3971.6,0.0,0.0,0.0,0.0,0.0,0.0,0.0,0.0,0.0,0.0,0.0,-3971.6,19.788380739116228,74.35360938,0.0,,127.625,5.178,39.062,1.585,27.875,1.131,29.188,1.184,0.3906199999999999,1.585,0.418125,1.6965,0.7297,2.96,7.779945,0.0,0.0,111.796875,4.535854318318922,0.0,0.0,3.912890625,15.875490114116229,19.788380739116228,11898,,,0.3976988379898258,Advisory
342260,6676.0,16133.52715,RUS,Russia,Sakha,2.388554422,0.0,0.65,0.49,6676.0,,,,,,,,,,,,,,,,,,,,,,,,,27.75257645103153,47.77108844,0.0,,814.0,5.045,299.75,1.858,140.438,0.87,126.062,0.781,2.9975,1.858,2.10657,1.305,3.15155,1.9525,13.37112,0.0,0.0,489.515625,3.03415130743758,0.0,0.0,17.133046875,10.61952957603153,27.75257645103153,14043,,,0.26359297469913,Information
342270,6677.0,21743.01954,RUS,Russia,Sakha,3.486214268,0.0,0.65,0.49,6677.0,6677.0,1.0,3.0,100.0,-9999.0,-9999.0,3.0,8.0,10.0,-999.9,-999.9,-3960.1454545454544,0.0,0.0,0.0,0.0,0.0,0.0,0.0,0.0,0.0,0.0,0.0,-3960.1454545454544,14.907945,69.72428536,0.0,,1067.562,4.91,336.875,1.549,147.188,0.677,185.375,0.853,3.36875,1.549,2.20782,1.0155,4.634375,2.1325,14.907945,0.0,0.0,274.921875,1.264414422993997,0.0,0.0,9.622265625,4.42545048047899,14.04771610547899,7706,,,0.2393324286821276,Information
342281,6678.0,475.9321489,RUS,Russia,Sakha,3.107593964,0.0,0.65,0.49,6678.0,,,,,,,,,,,,,,,,,,,,,,,,,4.225156712154285,62.15187928,0.0,,2.75,0.578,2.188,0.46,0.25,0.053,0.062,0.013,0.02188,0.46,0.00375,0.0795,0.00155,0.0325,0.59918,0.0,0.0,5.484375,1.1523438820440814,0.0,0.0,0.191953125,4.033203587154285,4.225156712154285,0,,,0.0141708108373093,Information
342282,6679.0,3540.088208,RUS,Russia,Sakha,2.025889732,0.0,0.65,0.49,6679.0,,,,,,,,,,,,,,,,,,,,,,,,,4.310954829972261,40.51779464,0.0,,16.5,0.466,9.062,0.256,1.562,0.044,1.562,0.044,0.0906199999999999,0.256,0.02343,0.066,0.03905,0.1099999999999999,0.5851,0.0,0.0,32.203125,0.9096701299920747,0.0,0.0,1.127109375,3.183845454972261,4.310954829972261,0,,,0.0043385880978223,Information
342283,6680.0,4932.484388,RUS,Russia,Sakha,3.446493366,0.0,0.65,0.49,6680.0,,,,,,,,,,,,,,,,,,,,,,,,,9.685237758982115,68.92986732,0.0,,100.188,2.031,45.0,0.912,7.812,0.158,4.188,0.085,0.45,0.912,0.11718,0.237,0.1046999999999999,0.2125,2.03338,0.0,0.0,91.40625,1.8531482882806047,0.0,0.0,3.19921875,6.486019008982117,9.685237758982115,0,,,0.1218791752136673,Information
342284,6681.0,2352.488712,RUS,Russia,Sakha,2.46178842,0.0,0.65,0.49,6681.0,,,,,,,,,,,,,,,,,,,,,,,,,5.401368201345611,49.2357684,0.0,,39.062,1.66,14.062,0.598,0.938,0.04,1.188,0.05,0.14062,0.598,0.01407,0.06,0.0296999999999999,0.125,0.96739,0.0,0.0,29.390625,1.2493418075273175,0.0,0.0,1.028671875,4.372696326345611,5.401368201345611,0,,,0.0125279528234187,Information
342285,6682.0,2169.971981,RUS,Russia,Sakha,3.183402263,0.0,0.65,0.49,6682.0,,,,,,,,,,,,,,,,,,,,,,,,,11.455502083638596,63.66804526,0.0,,27.0,1.244,20.0,0.922,3.875,0.179,3.438,0.158,0.2,0.922,0.058125,0.2684999999999999,0.08595,0.395,1.929575,0.0,0.0,58.359375,2.689406845325313,0.0,0.0,2.042578125,9.412923958638595,11.455502083638596,0,,,0.1242034546541749,Information
342286,6683.0,3524.275488,RUS,Russia,Irkutsk,2.613694789,0.0,0.65,0.49,6683.0,,,,,,,,,,,,,,,,,,,,,,,,,6.2706537815620695,52.27389578,0.0,,29.688,0.842,29.688,0.842,8.062,0.229,9.562,0.271,0.29688,0.842,0.12093,0.3435,0.2390499999999999,0.6775,2.51986,0.0,0.0,46.6875,1.3247403661605914,0.0,0.0,1.6340625,4.63659128156207,6.2706537815620695,0,,,0.0211987149934055,Information
342287,6684.0,1246.651102,RUS,Russia,Sakha,3.344444172,0.0,0.65,0.49,6684.0,,,,,,,,,,,,,,,,,,,,,,,,,3.419003948226196,66.88888344,0.0,,12.125,0.973,12.125,0.973,5.25,0.421,2.125,0.17,0.12125,0.973,0.07875,0.6315,0.053125,0.425,2.2826250000000003,0.0,0.0,10.828125,0.8685770209217701,0.0,0.0,0.378984375,3.0400195732261954,3.419003948226196,0,,,0.0115880314198245,Information
342288,6685.0,10471.40359,RUS,Russia,Irkutsk,2.299508965,0.0,0.65,0.49,6685.0,,,,,,,,,,,,,,,,,,,,,,,,,1.953301752032788,45.9901793,0.0,,37.062,0.354,32.938,0.315,0.688,0.007,5.438,0.052,0.32938,0.315,0.01032,0.0105,0.13595,0.13,0.93115,0.0,0.0,28.546875,0.2726174648665107,0.0,0.0,0.999140625,0.9541611270327872,1.953301752032788,39,,,0.000450660325579,Information
342289,6686.0,11875.86461,RUS,Russia,Irkutsk,3.881882721,0.0,0.65,0.49,6686.0,,,,,,,,,,,,,,,,,,,,,,,,,8.96658067900196,77.63765442,0.0,,209.0,1.76,208.5,1.756,38.938,0.328,38.812,0.327,2.085,1.756,0.5840700000000001,0.492,0.9703,0.8175,6.70487,0.0,0.0,139.078125,1.1710989440005604,0.0,0.0,4.867734375,4.098846304001961,8.96658067900196,2341,,,0.1803914929131729,Information
342291,6687.0,5845.399401,RUS,Russia,Sakha,2.474774468,0.0,0.65,0.49,6687.0,6687.0,1.0,1.0,100.0,-9999.0,-9999.0,3.0,10.0,10.0,-999.9,-999.9,-3963.8,0.0,0.0,0.0,0.0,0.0,0.0,0.0,0.0,0.0,0.0,0.0,-3963.8,15.916956275918391,49.49548936,0.0,,81.688,1.397,58.062,0.993,59.375,1.016,43.75,0.748,0.58062,0.993,0.890625,1.524,1.09375,1.87,6.951995,0.0,0.0,167.765625,2.87004554311954,0.0,0.0,5.871796875,10.04515940091839,15.916956275918391,0,,,0.124111221812661,Information
342292,6688.0,8352.668916,RUS,Russia,Irkutsk,3.806408202,0.0,0.65,0.49,6688.0,,,,,,,,,,,,,,,,,,,,,,,,,3.0172322835740566,76.12816404,0.0,,18.5,0.221,17.375,0.208,8.938,0.107,21.625,0.259,0.17375,0.208,0.13407,0.1605,0.540625,0.6475,1.864445,0.0,0.0,39.234375,0.4697226167354447,0.0,0.0,1.373203125,1.6440291585740563,3.0172322835740566,9,,,0.0193031198260238,Information
342293,6689.0,3966.2458,RUS,Russia,Sakha,4.00969902,0.0,0.65,0.49,6689.0,,,,,,,,,,,,,,,,,,,,,,,,,8.492327143138334,80.1939804,0.0,,42.188,1.064,18.688,0.471,7.688,0.194,17.938,0.452,0.18688,0.471,0.11532,0.291,0.44845,1.13,2.64265,0.0,0.0,68.90625,1.73731668375381,0.0,0.0,2.41171875,6.080608393138335,8.492327143138334,45,,,0.1985469363815341,Information
342294,6690.0,7357.640949,RUS,Russia,Sakha,3.432256789,0.0,0.65,0.49,6690.0,6690.0,1.0,6.0,100.0,5.0,-9999.0,3.0,5.0,10.0,0.5,-999.9,-2961.875,0.0,0.0,0.0,0.0,0.0,0.0,0.0,0.0,0.0,0.0,0.0,-2961.875,6.67424,68.64513578,0.0,,85.938,1.168,44.062,0.599,44.938,0.611,68.562,0.932,0.4406199999999999,0.599,0.6740700000000001,0.9165,1.71405,2.33,6.67424,0.0,0.0,62.4375,0.8486075963127387,0.0,0.0,2.1853125,2.970126587094585,5.155439087094585,0,,,0.0609178704526766,Information
342295,6691.0,7701.498463,RUS,Russia,Sakha,3.070248971,0.0,0.65,0.49,6691.0,6691.0,1.0,6.0,94.0,7.0,-9999.0,3.0,5.0,9.4,0.7,-999.9,-3307.3,0.0,0.0,0.0,0.0,0.0,0.0,0.0,0.0,0.0,0.0,0.0,-3307.3,8.179065303775793,61.40497942,0.0,,45.312,0.588,23.938,0.311,19.438,0.252,24.938,0.324,0.2393799999999999,0.311,0.2915699999999999,0.378,0.62345,0.81,2.6534,0.0,0.0,101.671875,1.320157051078798,0.0,0.0,3.558515625,4.620549678775793,8.179065303775793,0,,,0.0603855193603518,Information
342296,6692.0,11398.84664,RUS,Russia,Sakha,3.108820196,0.0,0.65,0.49,6692.0,6692.0,1.0,7.0,100.0,-9999.0,-9999.0,3.0,4.0,10.0,-999.9,-999.9,-3966.08,0.0,0.0,0.0,0.0,0.0,0.0,0.0,0.0,0.0,0.0,0.0,-3966.08,10.53331050791957,62.17640392,0.0,,217.5,1.908,98.438,0.864,50.375,0.442,93.375,0.819,0.98438,0.864,0.755625,0.663,2.334375,2.0475,7.64888,0.0,0.0,160.3125,1.40639228797702,0.0,0.0,5.6109375,4.92237300791957,10.53331050791957,0,,,0.1005558899161406,Information
342297,6693.0,20195.37431,RUS,Russia,Sakha,1.572342811,0.0,0.65,0.49,6693.0,6693.0,1.0,6.0,98.0,-9999.0,-9999.0,3.0,5.0,9.8,-999.9,-999.9,-3968.466666666666,0.0,0.0,0.0,0.0,0.0,0.0,0.0,0.0,0.0,0.0,0.0,-3968.466666666666,4.547865010849579,31.44685622,0.0,,20.312,0.101,17.375,0.086,7.625,0.038,16.0,0.079,0.17375,0.086,0.114375,0.0569999999999999,0.4,0.1975,1.028625,0.0,0.0,86.90625,0.4303275030998796,0.0,0.0,3.04171875,1.5061462608495786,4.547865010849579,0,,,0.0033343445941747,Information
342298,6694.0,5677.058028,RUS,Russia,Krasnoyarsk,3.199566418,0.0,0.65,0.49,6694.0,,,,,,,,,,,,,,,,,,,,,,,,,59.97359375,63.99132836,0.0,3.0,0.0,0.0,0.0,0.0,4.5,0.079,6.125,0.108,0.0,0.0,0.0675,0.1185,0.153125,0.27,0.609125,0.0,0.0,713.53125,12.568679877314231,0.0,0.0,24.97359375,35.0,59.97359375,170,0.0,0.0,0.6950249099280621,Watch
342302,6697.0,13409.85876,RUS,Russia,Sakha,2.392096081,0.0,0.65,0.49,6697.0,6697.0,2.0,13.0,100.0,80.0,-9999.0,7.0,1.0,10.0,8.0,-999.9,-1947.8,0.0,0.0,0.0,0.0,0.0,0.0,0.0,0.0,0.0,0.0,0.0,-1947.8,24.02506247375242,47.84192162,0.0,,42.875,0.32,24.312,0.181,6.562,0.049,1.188,0.009,0.24312,0.181,0.09843,0.0735,0.0296999999999999,0.0225,0.6482499999999999,20.390625,0.1520569706298575,384.46875,2.8670603979450378,0.305859375,0.2280854559447862,13.45640625,10.034711392807631,24.02506247375242,4256,,,0.2191162029830197,Information
342303,6698.0,4709.889204,RUS,Russia,Sakha,2.284036163,0.0,0.65,0.49,6698.0,6698.0,3.0,6.0,98.0,98.0,52.0,10.0,5.0,9.8,9.8,5.2,73.7,0.0,0.0,0.0,0.0,0.0,0.0,0.0,0.0,0.0,0.0,0.0,73.7,73.7,45.68072326,0.0,,0.812,0.017,0.75,0.016,2.0,0.042,3.688,0.078,0.0075,0.016,0.03,0.063,0.0922,0.195,0.4037,5.625,0.1194295609995936,198.984375,4.224820720360626,0.084375,0.1791443414993904,6.964453125,14.78687252126219,22.01484498776158,28,,,0.619864002983956,Watch
342304,6699.0,17030.94895,RUS,Russia,Sakha,2.298848534,0.0,0.65,0.49,6699.0,,,,,,,,,,,,,,,,,,,,,,,,,9.973480500542289,45.97697068000001,0.0,,47.625,0.28,12.312,0.072,12.875,0.076,5.125,0.03,0.12312,0.072,0.193125,0.1139999999999999,0.128125,0.075,0.7053699999999998,4.5,0.0264224854016679,177.609375,1.042862470697081,0.0675,0.0396337281025018,6.216328125,3.650018647439784,9.973480500542289,2476,,,0.0455636637269861,Information
342305,6700.0,5451.138621,RUS,Russia,Sakha,1.322499126,0.0,0.65,0.49,6700.0,,,,,,,,,,,,,,,,,,,,,,,,,37.85491158488178,26.44998252,0.0,,4.062,0.075,3.0,0.055,4.062,0.075,8.938,0.164,0.03,0.055,0.06093,0.1124999999999999,0.22345,0.41,0.89188,33.609375,0.6165569679937608,367.171875,6.735691395111755,0.504140625,0.9248354519906412,12.851015625,23.57491988289114,37.85491158488178,3534,,,0.2532795732639989,Advisory
342306,6701.0,5508.183463,RUS,Russia,Sakha,3.370889367,0.0,0.65,0.49,6701.0,6701.0,1.0,7.0,66.0,11.0,2.0,3.0,4.0,6.6,1.1,0.2,29.8,0.0,0.0,0.0,0.0,0.0,0.0,0.0,0.0,0.0,0.0,0.0,29.8,29.8,67.41778734,0.0,,,,,,,,,,,,,,,,,0.0,0.0,3.65625,0.066378507985932,0.0,0.0,0.12796875,0.232324777950762,0.3602935279507619,51,,,0.4644383874784244,Advisory
342308,6703.0,10135.50315,RUS,Russia,Sakha,2.217930773,0.0,0.65,0.49,6703.0,,,,,,,,,,,,,,,,,,,,,,,,,4.133278588750303,44.35861546,0.0,,8.562,0.084,1.75,0.017,10.375,0.102,5.375,0.053,0.0175,0.017,0.155625,0.153,0.134375,0.1325,0.6100000000000001,5.484375,0.0541105352053138,57.09375,0.5633045459835234,0.082265625,0.0811658028079707,1.99828125,1.971565910942332,4.133278588750303,1686,,,0.0046631401055622,Information
342309,6704.0,1339.278598,RUS,Russia,Sakha,1.237871373,0.0,0.65,0.49,6704.0,6704.0,2.0,12.0,100.0,80.0,-9999.0,7.0,1.0,10.0,8.0,-999.9,-1947.8,0.0,0.0,0.0,0.0,0.0,0.0,0.0,0.0,0.0,0.0,0.0,-1947.8,31.52194457948363,24.75742746,0.0,,0.375,0.028,0.312,0.023,0.188,0.014,3.75,0.28,0.00312,0.023,0.00282,0.021,0.09375,0.7000000000000001,0.84369,1.125,0.0840004463213858,105.890625,7.906542010000443,0.016875,0.1260006694820787,3.706171875,27.67289703500155,31.52194457948363,0,,,0.1921411200350216,Information
342411,6705.0,3034.475915,RUS,Russia,Sakha,3.217954903,0.0,0.65,0.49,6705.0,6705.0,2.0,6.0,98.0,88.0,11.0,7.0,5.0,9.8,8.8,1.1,61.133333333333326,0.0,0.0,0.0,0.0,0.0,0.0,0.0,0.0,0.0,0.0,0.0,61.133333333333326,61.133333333333326,64.35909806,0.0,,0.0,0.0,0.0,0.0,0.0,0.0,3.5,0.115,0.0,0.0,0.0,0.0,0.0875,0.2875,0.375,0.0,0.0,16.171875,0.5329379917028139,0.0,0.0,0.566015625,1.8652829709598489,2.4312985959598485,0,,,0.7052509053653726,Watch
342412,6706.0,11691.22442,RUS,Russia,Sakha,2.453356961,0.0,0.65,0.49,6706.0,6706.0,1.0,7.0,31.0,7.0,3.0,3.0,4.0,3.1,0.7,0.3,22.2,0.0,0.0,0.0,0.0,0.0,0.0,0.0,0.0,0.0,0.0,0.0,22.2,22.2,49.06713922,0.0,,3.125,0.027,1.312,0.011,0.375,0.003,9.062,0.078,0.01312,0.011,0.005625,0.0045,0.2265499999999999,0.195,0.455795,0.140625,0.0012028252552655,28.40625,0.2429707015636489,0.002109375,0.0018042378828982,0.99421875,0.8503974554727711,1.848529818355669,2204,,,0.2031518052182225,Information
342413,6707.0,2215.371224,RUS,Russia,Sakha,2.123760009,0.0,0.65,0.49,6707.0,,,,,,,,,,,,,,,,,,,,,,,,,23.878272460093324,42.47520018,0.0,,0.0,0.0,0.0,0.0,0.0,0.0,3.688,0.166,0.0,0.0,0.0,0.0,0.0922,0.415,0.5072000000000001,1.265625,0.0571292515881928,123.1875,5.560580487917439,0.018984375,0.0856938773822892,4.3115625,19.462031707711034,23.878272460093324,93,,,0.1896336252760834,Information
342414,6708.0,8580.068619,RUS,Russia,Sakha,0.717621976,0.0,0.65,0.49,6708.0,6708.0,1.0,7.0,45.0,11.0,7.0,3.0,4.0,4.5,1.1,0.7,40.35,0.0,0.0,0.0,0.0,0.0,0.0,0.0,0.0,0.0,0.0,0.0,40.35,40.35,14.35243952,0.0,,2.25,0.026,0.875,0.01,1.125,0.013,21.938,0.256,0.00875,0.01,0.016875,0.0195,0.54845,0.64,1.243575,0.0,0.0,62.15625,0.7244260245188301,0.0,0.0,2.17546875,2.535491085815905,4.710959835815905,456,,,0.2258303278012914,Advisory
342415,6709.0,26518.46384,RUS,Russia,Sakha,2.798786997,0.0,0.65,0.49,6709.0,6709.0,1.0,7.0,43.0,13.0,5.0,3.0,4.0,4.3,1.3,0.5,45.17142857142857,0.0,0.0,0.0,0.0,0.0,0.0,0.0,0.0,0.0,0.0,0.0,45.17142857142857,45.17142857142857,55.97573994,0.0,,38.438,0.145,14.062,0.053,31.25,0.118,168.125,0.634,0.14062,0.053,0.46875,0.177,4.203125,1.585,6.627495,49.078125,0.1850715233328249,415.546875,1.5670096030042917,0.736171875,0.2776072849992373,14.544140625,5.484533610515021,21.04245339551425,9841,,,0.5102612311051375,Advisory
342416,6710.0,9749.114826,RUS,Russia,Sakha,3.463079025,0.0,0.65,0.49,6710.0,,,,,,,,,,,,,,,,,,,,,,,,,1.9741412324293963,69.2615805,0.0,,1.438,0.015,1.25,0.013,0.188,0.002,8.5,0.087,0.0125,0.013,0.00282,0.003,0.2125,0.2174999999999999,0.4613199999999999,0.0,0.0,27.84375,0.2856028521226847,0.0,0.0,0.97453125,0.9996099824293964,1.9741412324293963,30035,,,0.0030220448615215,Information
342417,6711.0,11959.22921,RUS,Russia,Sakha,1.898827294,0.0,0.65,0.49,6711.0,6711.0,1.0,7.0,45.0,3.0,2.0,3.0,4.0,4.5,0.3,0.2,42.46666666666666,0.0,0.0,0.0,0.0,0.0,0.0,0.0,0.0,0.0,0.0,0.0,42.46666666666666,42.46666666666666,37.97654588,0.0,,1.812,0.015,0.562,0.005,17.5,0.146,64.062,0.536,0.00562,0.005,0.2625,0.2189999999999999,1.60155,1.34,3.43367,13.921875,0.1164111394664163,289.6875,2.422292396977956,0.208828125,0.1746167091996244,10.1390625,8.478023389422846,19.000530723622468,107,,,0.3524207367701727,Advisory
342418,6712.0,42567.29356,RUS,Russia,Sakha,2.629349165,0.0,0.65,0.49,6712.0,6712.0,1.0,8.0,49.0,21.0,2.0,3.0,3.0,4.9,2.1,0.2,-76.62352941176471,0.0,0.0,0.0,0.0,0.0,0.0,0.0,0.0,0.0,0.0,0.0,-76.62352941176471,7.378852785688091,52.5869833,0.0,,0.0,0.0,0.0,0.0,0.125,0.0,14.312,0.034,0.0,0.0,0.001875,0.0,0.3578,0.085,0.444675,0.0,0.0,170.71875,0.4010561530537402,0.0,0.0,5.97515625,1.4036965356880908,7.378852785688091,1324,,,0.0314230578692075,Information
342419,6713.0,109.5063277,RUS,Russia,Sakha,0.53773675,0.0,0.65,0.49,6713.0,,,,,,,,,,,,,,,,,,,,,,,,,35.733359375,10.754735,0.0,,0.0,0.0,0.0,0.0,0.0,0.0,0.062,0.057,0.0,0.0,0.0,0.0,0.00155,0.1425,0.14405,0.0,0.0,20.953125,19.13416827052731,0.0,0.0,0.733359375,35.0,35.733359375,0,,,0.1800161145844145,Advisory
342421,6714.0,16896.14088,RUS,Russia,Sakha,3.240065587,0.0,0.65,0.49,6714.0,,,,,,,,,,,,,,,,,,,,,,,,,7.500230432307386,64.80131174,0.0,,0.625,0.004,0.625,0.004,16.688,0.099,1.75,0.01,0.00625,0.004,0.25032,0.1485,0.04375,0.025,0.47782,0.421875,0.0024968719361057,134.4375,0.7956698569723508,0.006328125,0.0037453079041585,4.7053125,2.784844499403228,7.500230432307386,18320,,,0.0610432191391564,Information
342423,6716.0,9555.513905,RUS,Russia,Sakha,2.493654785,0.0,0.65,0.49,6716.0,,,,,,,,,,,,,,,,,,,,,,,,,4.663658650698444,49.8730957,0.0,,1.25,0.013,1.125,0.012,12.062,0.126,2.5,0.026,0.01125,0.012,0.18093,0.189,0.0625,0.065,0.52068,0.0,0.0,65.109375,0.6813801501995554,0.0,0.0,2.278828125,2.384830525698444,4.663658650698444,334,,,0.0087802386434265,Information
342425,6718.0,16970.84867,RUS,Russia,Sakha,1.418314731,0.0,0.65,0.49,6718.0,6718.0,0.0,10.0,-9999.0,-9999.0,-9999.0,0.0,1.0,-999.9,-999.9,-999.9,-5997.4,0.0,0.0,0.0,0.0,0.0,0.0,0.0,0.0,0.0,0.0,0.0,-5997.4,2.6986137343415324,28.36629462,0.0,,3.312,0.02,1.5,0.009,3.938,0.023,4.312,0.025,0.015,0.009,0.05907,0.0345,0.1078,0.0625,0.28787,0.0,0.0,48.515625,0.2858762455261521,0.0,0.0,1.698046875,1.0005668593415322,2.6986137343415324,3109,,,0.0005211966661248,Information
342426,6719.0,3241.203385,RUS,Russia,Sakha,0.110726698,0.0,0.65,0.49,6719.0,,,,,,,,,,,,,,,,,,,,,,,,,0.411925,2.21453396,0.0,,7.438,0.229,3.5,0.108,1.375,0.042,1.812,0.056,0.035,0.108,0.020625,0.063,0.0453,0.14,0.411925,0.0,0.0,2.25,0.0694186613132098,0.0,0.0,0.07875,0.2429653145962343,0.3217153145962343,0,,,2.254117751314362e-08,Information
342427,6720.0,3547.702152,RUS,Russia,Sakha,1.308615795,0.0,0.65,0.49,6720.0,,,,,,,,,,,,,,,,,,,,,,,,,0.4698822904636063,26.1723159,0.0,,7.0,0.197,5.562,0.157,0.125,0.004,0.312,0.009,0.05562,0.157,0.001875,0.006,0.0078,0.0225,0.250795,0.0,0.0,3.515625,0.0990958329896018,0.0,0.0,0.123046875,0.3468354154636063,0.4698822904636063,0,,,2.129439777074649e-07,Information
342428,6721.0,2545.223817,RUS,Russia,Sakha,0.422530882,0.0,0.65,0.49,6721.0,,,,,,,,,,,,,,,,,,,,,,,,,0.94535,8.45061764,0.0,,13.375,0.525,4.812,0.189,6.562,0.258,1.812,0.071,0.04812,0.189,0.09843,0.387,0.0453,0.1775,0.94535,0.0,0.0,2.109375,0.0828758157112819,0.0,0.0,0.073828125,0.2900653549894866,0.3638934799894866,0,,,2.403049004508608e-06,Information
342429,6722.0,10785.42713,RUS,Russia,Sakha,2.746500638,0.0,0.65,0.49,6722.0,,,,,,,,,,,,,,,,,,,,,,,,,9.640805,54.93001276,0.0,,659.125,6.111,486.125,4.507,6.312,0.059,1.875,0.017,4.86125,4.507,0.09468,0.0885,0.046875,0.0425,9.640805,0.0,0.0,1.96875,0.0182537972359641,0.0,0.0,0.06890625,0.0638882903258743,0.1327945403258743,86,,,0.0615110494972371,Information
342431,6723.0,2780.910644,RUS,Russia,Sakha,3.079114542,0.0,0.65,0.49,6723.0,6723.0,2.0,10.0,96.0,52.0,2.0,7.0,1.0,9.6,5.2,0.2,46.2,0.0,0.0,0.0,0.0,0.0,0.0,0.0,0.0,0.0,0.0,0.0,46.2,46.2,61.58229084,0.0,,0.0,0.0,0.0,0.0,0.0,0.0,12.938,0.465,0.0,0.0,0.0,0.0,0.32345,1.1625,1.48595,0.0,0.0,113.203125,4.070721410107799,0.0,0.0,3.962109375,14.247524935377296,18.209634310377297,6530,,,0.5731741956001056,Advisory
342432,6724.0,9788.955565,RUS,Russia,Sakha,2.973390566,0.0,0.65,0.49,6724.0,6724.0,1.0,8.0,33.0,5.0,-9999.0,3.0,3.0,3.3,0.5,-999.9,-1978.3,0.0,0.0,0.0,0.0,0.0,0.0,0.0,0.0,0.0,0.0,0.0,-1978.3,2.9053599627951896,59.46781132,0.0,,0.438,0.004,0.438,0.004,3.312,0.034,2.625,0.027,0.00438,0.004,0.04968,0.051,0.065625,0.0675,0.242185,0.0,0.0,41.0625,0.4194778465129113,0.0,0.0,1.4371875,1.4681724627951895,2.9053599627951896,1590,,,0.0042001867746778,Information
342434,6726.0,13978.01676,RUS,Russia,Sakha,3.54673989,0.0,0.65,0.49,6726.0,,,,,,,,,,,,,,,,,,,,,,,,,2.3049469242320093,70.9347978,0.0,,0.125,0.001,0.125,0.001,1.688,0.012,2.062,0.015,0.00125,0.001,0.02532,0.018,0.0515499999999999,0.0375,0.13462,0.0,0.0,38.390625,0.2746500140662884,0.0,0.0,1.343671875,0.9612750492320096,2.3049469242320093,6779,,,0.0056306533520824,Information
342435,6727.0,13739.85576,RUS,Russia,Sakha,3.10485505,0.0,0.65,0.49,6727.0,6727.0,2.0,10.0,96.0,47.0,-9999.0,7.0,1.0,9.6,4.7,-999.9,-1961.1333333333328,0.0,0.0,0.0,0.0,0.0,0.0,0.0,0.0,0.0,0.0,0.0,-1961.1333333333328,7.270974087139425,62.097101,0.0,,,,,,,,,,,,,,,,,0.0,0.0,120.234375,0.8750774177541214,0.0,0.0,4.208203125,3.062770962139425,7.270974087139425,1256,,,0.0493552681427643,Information
342436,6728.0,8684.277242,RUS,Russia,Sakha,3.666836769,0.0,0.65,0.49,6728.0,6728.0,2.0,7.0,74.0,31.0,-9999.0,7.0,4.0,7.4,3.1,-999.9,-1965.2666666666664,0.0,0.0,0.0,0.0,0.0,0.0,0.0,0.0,0.0,0.0,0.0,-1965.2666666666664,0.5188828096910076,73.33673538000001,0.0,,,,,,,,,,,,,,,,,0.0,0.0,6.890625,0.0793459813402879,0.0,0.0,0.241171875,0.2777109346910076,0.5188828096910076,157,,,4.084895202788485e-05,Information
342437,6729.0,16265.88135,RUS,Russia,Sakha,4.005336181,0.0,0.65,0.49,6729.0,6729.0,1.0,7.0,68.0,2.0,-9999.0,3.0,4.0,6.8,0.2,-999.9,-960.85,0.0,0.0,0.0,0.0,0.0,0.0,0.0,0.0,0.0,0.0,0.0,-960.85,1.874536887882945,80.10672362,0.0,,0.0,0.0,0.0,0.0,0.938,0.006,4.438,0.027,0.0,0.0,0.01407,0.009,0.11095,0.0675,0.20152,1.265625,0.0077808571967855,32.625,0.2005732077393619,0.018984375,0.0116712857951782,1.141875,0.7020062270877667,1.874536887882945,268,,,0.0090878266777907,Information
342438,6730.0,24279.75927,RUS,Russia,Sakha,3.52898312,0.0,0.65,0.49,6730.0,6730.0,1.0,9.0,60.0,2.0,-9999.0,3.0,2.0,6.0,0.2,-999.9,-1210.375,0.0,0.0,0.0,0.0,0.0,0.0,0.0,0.0,0.0,0.0,0.0,-1210.375,0.9728637075188024,70.5796624,0.0,,,,,,,,,,,,,,,,,0.0,0.0,19.6875,0.0810860592910864,0.0,0.0,0.6890625,0.2838012075188024,0.9728637075188024,936,,,0.0003257714925209,Information
342439,6731.0,7229.634995,RUS,Russia,Sakha,2.474554517,0.0,0.65,0.49,6731.0,6731.0,1.0,6.0,90.0,9.0,-9999.0,3.0,5.0,9.0,0.9,-999.9,-1964.0,0.0,0.0,0.0,0.0,0.0,0.0,0.0,0.0,0.0,0.0,0.0,-1964.0,2.2169305575743534,49.49109034,0.0,,,,,,,,,,,,,,,,,0.0,0.0,26.578125,0.3676274807355296,0.0,0.0,0.930234375,1.2866961825743537,2.2169305575743534,128,,,0.0008859290002783,Information
342441,6732.0,13344.14887,RUS,Russia,Sakha,3.092585337,0.0,0.65,0.49,6732.0,,,,,,,,,,,,,,,,,,,,,,,,,5.8365461281883375,61.85170674,0.0,,73.312,0.549,38.312,0.287,34.062,0.255,3.75,0.028,0.3831199999999999,0.287,0.51093,0.3825,0.09375,0.07,1.7273,11.109375,0.0832527807173355,90.5625,0.6786682377463811,0.166640625,0.1248791710760032,3.1696875,2.375338832112334,5.8365461281883375,0,,,0.0302356304095292,Information
342442,6733.0,43377.21313,RUS,Russia,Khabarovsk,3.089680325,0.0,0.65,0.49,6733.0,6733.0,2.0,7.0,86.0,43.0,5.0,7.0,4.0,8.6,4.3,0.5,-785.8000000000002,0.0,0.0,0.0,0.0,0.0,0.0,0.0,0.0,0.0,0.0,0.0,-785.8000000000002,1.4007919502856376,61.7936065,0.0,,33.375,0.077,15.375,0.035,9.688,0.022,0.688,0.002,0.15375,0.035,0.14532,0.033,0.0171999999999999,0.005,0.38927,7.3125,0.0168579294809798,29.390625,0.0677559088754766,0.1096875,0.0252868942214696,1.028671875,0.237145681064168,1.4007919502856376,1478,,,0.0004732493540606,Information
342443,6734.0,5717.863484,RUS,Russia,Khabarovsk,3.583371832,0.0,0.65,0.49,6734.0,6734.0,2.0,8.0,98.0,72.0,15.0,7.0,3.0,9.8,7.2,1.5,57.0,0.0,0.0,0.0,0.0,0.0,0.0,0.0,0.0,0.0,0.0,0.0,57.0,57.0,71.66743664,0.0,,41.125,0.719,17.125,0.299,17.0,0.297,1.625,0.028,0.17125,0.299,0.255,0.4455,0.040625,0.07,1.281375,43.171875,0.7550350776981571,92.53125,1.618283651874226,0.647578125,1.1325526165472355,3.23859375,5.663992781559792,10.682717273107029,0,,,0.7577363195449578,Watch
342444,6735.0,25616.98944,RUS,Russia,Khabarovsk,0.339246068,0.0,0.65,0.49,6735.0,6735.0,1.0,5.0,96.0,-9999.0,-9999.0,3.0,6.0,9.6,-999.9,-999.9,-3563.24,0.0,0.0,0.0,0.0,0.0,0.0,0.0,0.0,0.0,0.0,0.0,-3563.24,8.54227794964957,6.78492136,0.0,,94.5,0.369,30.688,0.12,64.25,0.251,21.875,0.085,0.30688,0.12,0.96375,0.3765,0.546875,0.2125,2.526505,43.734375,0.1707241013025901,156.796875,0.6120815850559099,0.656015625,0.2560861519538852,5.487890625,2.142285547695685,8.54227794964957,776,,,0.008426898309729,Information
342445,6736.0,10875.60318,RUS,Russia,Khabarovsk,2.554548035,0.0,0.65,0.49,6736.0,6736.0,2.0,7.0,96.0,76.0,17.0,7.0,4.0,9.6,7.6,1.7,59.8,0.0,0.0,0.0,0.0,0.0,0.0,0.0,0.0,0.0,0.0,0.0,59.8,59.8,51.0909607,0.0,,39.312,0.361,13.25,0.122,16.625,0.153,1.188,0.011,0.1325,0.122,0.249375,0.2294999999999999,0.0296999999999999,0.0274999999999999,0.790575,40.921875,0.3762722335148989,123.328125,1.1339888274658638,0.613828125,0.5644083502723484,4.316484375,3.968960896130524,9.463681746402871,0,,,0.5796676920017275,Advisory
342447,6738.0,10875.65338,RUS,Russia,Khabarovsk,2.545379338,0.0,0.65,0.49,6738.0,6738.0,3.0,7.0,94.0,66.0,33.0,10.0,4.0,9.4,6.6,3.3,-438.55,0.0,0.0,0.0,0.0,0.0,0.0,0.0,0.0,0.0,0.0,0.0,-438.55,4.3647289078332925,50.90758676,0.0,,,,,,,,,,,,,,,,,0.0,0.0,64.96875,0.5973779022380834,0.0,0.0,2.27390625,2.090822657833292,4.3647289078332925,431,,,0.0077570866262731,Information
342448,6739.0,18029.78906,RUS,Russia,Khabarovsk,3.43465951,0.0,0.65,0.49,6739.0,6739.0,2.0,6.0,86.0,56.0,15.0,7.0,5.0,8.6,5.6,1.5,62.96,0.0,0.0,0.0,0.0,0.0,0.0,0.0,0.0,0.0,0.0,0.0,62.96,62.96,68.6931902,0.0,,0.0,0.0,0.0,0.0,4.562,0.025,0.375,0.002,0.0,0.0,0.06843,0.0375,0.009375,0.005,0.120305,0.0,0.0,4.921875,0.0272985722923913,0.0,0.0,0.172265625,0.0955450030233695,0.2678106280233695,21,,,0.7576189704930978,Watch
342449,6740.0,22926.94579,RUS,Russia,Khabarovsk,2.332351581,0.0,0.65,0.49,6740.0,6740.0,2.0,5.0,100.0,70.0,-9999.0,7.0,6.0,10.0,7.0,-999.9,-273.53333333333336,0.0,0.0,0.0,0.0,0.0,0.0,0.0,0.0,0.0,0.0,0.0,-273.53333333333336,0.8270308045963204,46.64703162000001,0.0,,1.0,0.004,0.062,0.0,4.0,0.017,4.0,0.017,0.00062,0.0,0.06,0.0255,0.1,0.0425,0.22862,0.0,0.0,16.453125,0.0717632655989487,0.0,0.0,0.575859375,0.2511714295963204,0.8270308045963204,141,,,1.5442355644698318e-05,Information
342451,6741.0,8638.673981,RUS,Russia,Sakha,3.479509639,0.0,0.65,0.49,6741.0,6741.0,1.0,9.0,86.0,7.0,-9999.0,3.0,2.0,8.6,0.7,-999.9,-1970.8,0.0,0.0,0.0,0.0,0.0,0.0,0.0,0.0,0.0,0.0,0.0,-1970.8,9.071970961868464,69.59019278000001,0.0,,6.875,0.08,5.188,0.06,24.875,0.288,5.188,0.06,0.0518799999999999,0.06,0.373125,0.4319999999999999,0.1296999999999999,0.15,1.1967049999999997,12.234375,0.1416232980543666,114.890625,1.3299567185105463,0.183515625,0.2124349470815499,4.021171875,4.654848514786912,9.071970961868464,1233,,,0.113220889696015,Information
342452,6742.0,5052.031154,RUS,Russia,Sakha,2.708530599,0.0,0.65,0.49,6742.0,,,,,,,,,,,,,,,,,,,,,,,,,1.2087526562118918,54.17061198,0.0,,0.125,0.002,0.0,0.0,3.375,0.067,0.562,0.011,0.0,0.0,0.050625,0.1005,0.01405,0.0274999999999999,0.192675,1.125,0.0222682712294458,11.109375,0.219899178390778,0.016875,0.0334024068441686,0.388828125,0.769647124367723,1.2087526562118918,11,,,0.0001388089679867,Information
342453,6743.0,1128.724325,RUS,Russia,Sakha,3.534304876,0.0,0.65,0.49,6743.0,6743.0,1.0,8.0,80.0,9.0,-9999.0,3.0,3.0,8.0,0.9,-999.9,-1970.0,0.0,0.0,0.0,0.0,0.0,0.0,0.0,0.0,0.0,0.0,0.0,-1970.0,9.03998335879938,70.68609752,0.0,,7.625,0.676,6.812,0.604,3.688,0.327,1.25,0.111,0.06812,0.604,0.05532,0.4905,0.03125,0.2775,1.52669,2.390625,0.2117988375760575,25.171875,2.2301171721243698,0.035859375,0.3176982563640862,0.881015625,7.805410102435294,9.03998335879938,0,,,0.1197166257475042,Information
342454,6744.0,3429.616803,RUS,Russia,Sakha,3.192933775,0.0,0.65,0.49,6744.0,,,,,,,,,,,,,,,,,,,,,,,,,2.1943650811706217,63.8586755,0.0,,1.812,0.053,0.5,0.015,28.062,0.818,2.312,0.067,0.005,0.015,0.42093,1.227,0.0577999999999999,0.1675,1.89323,0.28125,0.00820062462319,15.890625,0.463335291210239,0.00421875,0.012300936934785,0.556171875,1.6216735192358365,2.1943650811706217,0,,,0.0025429337933925,Information
342455,6745.0,9654.3544,RUS,Russia,Sakha,2.721287218,0.0,0.65,0.49,6745.0,,,,,,,,,,,,,,,,,,,,,,,,,5.326326138885796,54.42574436,0.0,,2.188,0.023,1.875,0.019,19.0,0.197,1.062,0.011,0.01875,0.019,0.285,0.2955,0.02655,0.0274999999999999,0.6722999999999999,8.71875,0.0903089905191719,71.015625,0.7355812937448681,0.13078125,0.1354634857787578,2.485546875,2.5745345281070384,5.326326138885796,110,,,0.0159093325653163,Information
342456,6746.0,3823.788657,RUS,Russia,Sakha,1.810040075,0.0,0.65,0.49,6746.0,,,,,,,,,,,,,,,,,,,,,,,,,0.6939503382995005,36.2008015,0.0,,4.438,0.116,4.438,0.116,2.25,0.059,2.25,0.059,0.0443799999999999,0.116,0.03375,0.0885,0.05625,0.1475,0.48638,0.0,0.0,5.484375,0.1434277752284287,0.0,0.0,0.191953125,0.5019972132995004,0.6939503382995005,0,,,3.0760211074907784e-06,Information
342457,6747.0,6170.066057,RUS,Russia,Sakha,2.274547862,0.0,0.65,0.49,6747.0,6747.0,1.0,7.0,78.0,7.0,-9999.0,3.0,4.0,7.8,0.7,-999.9,-1969.0666666666664,0.0,0.0,0.0,0.0,0.0,0.0,0.0,0.0,0.0,0.0,0.0,-1969.0666666666664,11.363927874051644,45.49095724,0.0,,0.0,0.0,0.0,0.0,5.188,0.084,2.688,0.044,0.0,0.0,0.07782,0.126,0.0672,0.1099999999999999,0.38102,0.0,0.0,123.890625,2.007930285443327,0.0,0.0,4.336171875,7.027755999051645,11.363927874051644,13,,,0.058449610868145,Information
342458,6748.0,12214.02079,RUS,Russia,Sakha,0.835295925,0.0,0.65,0.49,6748.0,,,,,,,,,,,,,,,,,,,,,,,,,1.432250826662464,16.705918500000003,0.0,,7.688,0.063,1.812,0.015,3.688,0.03,11.312,0.093,0.01812,0.015,0.05532,0.045,0.2828,0.2324999999999999,0.64874,0.0,0.0,22.5,0.1842145219035612,0.0,0.0,0.7875,0.6447508266624642,1.432250826662464,0,,,2.4209493169004168e-05,Information
342461,6750.0,7778.347924,RUS,Russia,Sakha,2.127909258,0.0,0.65,0.49,6750.0,6750.0,1.0,5.0,66.0,-9999.0,-9999.0,3.0,6.0,6.6,-999.9,-999.9,-2973.3,0.0,0.0,0.0,0.0,0.0,0.0,0.0,0.0,0.0,0.0,0.0,-2973.3,7.053459168263863,42.55818516,0.0,,0.25,0.003,0.125,0.002,0.875,0.011,3.312,0.043,0.00125,0.002,0.013125,0.0165,0.0828,0.1074999999999999,0.2231749999999999,0.0,0.0,88.171875,1.1335552980753896,0.0,0.0,3.086015625,3.967443543263864,7.053459168263863,1,,,0.0179855323078163,Information
342462,6751.0,15023.43473,RUS,Russia,Sakha,2.023189919,0.0,0.65,0.49,6751.0,6751.0,1.0,5.0,88.0,7.0,2.0,3.0,6.0,8.8,0.7,0.2,32.1,0.0,0.0,0.0,0.0,0.0,0.0,0.0,0.0,0.0,0.0,0.0,32.1,32.1,40.46379838,0.0,,4.188,0.028,3.688,0.025,0.5,0.003,3.062,0.02,0.03688,0.025,0.0075,0.0045,0.0765499999999999,0.05,0.20043,,,,,,,,,,33,,,0.2683771517475642,Information
342464,6753.0,33141.70866,RUS,Russia,Khabarovsk,2.358471166,0.0,0.65,0.49,6753.0,6753.0,1.0,5.0,90.0,-9999.0,-9999.0,3.0,6.0,9.0,-999.9,-999.9,-3570.24,0.0,0.0,0.0,0.0,0.0,0.0,0.0,0.0,0.0,0.0,0.0,-3570.24,2.281798365663871,47.16942332000001,0.0,,0.062,0.0,0.062,0.0,1.438,0.004,10.438,0.031,0.00062,0.0,0.02157,0.006,0.26095,0.0775,0.36664,1.6875,0.0050917712699289,49.359375,0.1489343096454222,0.0253125,0.0076376569048933,1.727578125,0.5212700837589777,2.281798365663871,62,,,0.0008386285191471,Information
342466,6755.0,21421.55107,RUS,Russia,Sakha,3.495739247,0.0,0.65,0.49,6755.0,,,,,,,,,,,,,,,,,,,,,,,,,0.371745,69.91478494,0.0,,10.125,0.047,6.312,0.029,1.25,0.006,6.875,0.032,0.06312,0.029,0.01875,0.009,0.171875,0.08,0.371745,0.421875,0.0019693952070173,4.21875,0.0196939520701736,0.006328125,0.0029540928105259,0.14765625,0.0689288322456076,0.2258673000561335,85,,,5.574930908383891e-06,Information
342467,6756.0,7722.418078,RUS,Russia,Sakha,0.33818852,0.0,0.65,0.49,6756.0,,,,,,,,,,,,,,,,,,,,,,,,,0.4744053060982725,6.7637704,0.0,,0.0,0.0,0.0,0.0,0.5,0.006,2.688,0.035,0.0,0.0,0.0075,0.009,0.0672,0.0875,0.1712,0.0,0.0,5.90625,0.076481873170935,0.0,0.0,0.20671875,0.2676865560982724,0.4744053060982725,16,,,6.430011863942598e-08,Information
342469,6758.0,11996.36794,RUS,Russia,Sakha,2.977877197,0.0,0.65,0.49,6758.0,,,,,,,,,,,,,,,,,,,,,,,,,2.039577522777744,59.55754394,0.0,,39.062,0.326,21.188,0.177,0.75,0.006,0.0,0.0,0.2118799999999999,0.177,0.01125,0.009,0.0,0.0,0.40913,0.0,0.0,31.78125,0.2649239350793553,0.0,0.0,1.11234375,0.9272337727777435,2.039577522777744,444,,,0.0014080154761621,Information
342470,6759.0,17911.29348,RUS,Russia,Sakha,3.934314596,0.0,0.65,0.49,6759.0,6759.0,1.0,5.0,49.0,2.0,-9999.0,3.0,6.0,4.9,0.2,-999.9,-1973.8666666666668,0.0,0.0,0.0,0.0,0.0,0.0,0.0,0.0,0.0,0.0,0.0,-1973.8666666666668,4.647894025231929,78.68629192,0.0,,2.812,0.016,2.75,0.015,3.688,0.021,8.938,0.05,0.0275,0.015,0.05532,0.0315,0.22345,0.125,0.47777,0.0,0.0,85.21875,0.4757822214948372,0.0,0.0,2.98265625,1.66523777523193,4.647894025231929,157,,,0.0638873316992937,Information
342481,6760.0,4943.501582,RUS,Russia,Sakha,1.488326355,0.0,0.65,0.49,6760.0,6760.0,1.0,6.0,45.0,5.0,-9999.0,3.0,5.0,4.5,0.5,-999.9,-1973.8,0.0,0.0,0.0,0.0,0.0,0.0,0.0,0.0,0.0,0.0,0.0,-1973.8,1.6217158978364572,29.7665271,0.0,,,,,,,,,,,,,,,,,0.0,0.0,15.328125,0.3100661493818449,0.0,0.0,0.536484375,1.085231522836457,1.6217158978364572,205,,,8.21683065241838e-05,Information
342482,6761.0,3683.816701,RUS,Russia,Sakha,0.42046989,0.0,0.65,0.49,6761.0,6761.0,1.0,5.0,76.0,5.0,-9999.0,3.0,6.0,7.6,0.5,-999.9,-1965.6,0.0,0.0,0.0,0.0,0.0,0.0,0.0,0.0,0.0,0.0,0.0,-1965.6,-1965.6,8.4093978,0.0,,,,,,,,,,,,,,,,,,,,,,,,,,40,,,,
342487,6766.0,5171.705563,RUS,Russia,Sakha,3.101981812,0.0,0.65,0.49,6766.0,,,,,,,,,,,,,,,,,,,,,,,,,1.2561758697942786,62.03963624,0.0,,11.688,0.226,7.438,0.144,0.0,0.0,0.0,0.0,0.07438,0.144,0.0,0.0,0.0,0.0,0.21838,0.0,0.0,12.234375,0.2365636413697939,0.0,0.0,0.428203125,0.8279727447942786,1.2561758697942786,0,,,0.0003266407720382,Information
342488,6767.0,4103.875482,RUS,Russia,Sakha,4.004508658,0.0,0.65,0.49,6767.0,6767.0,1.0,5.0,41.0,3.0,-9999.0,3.0,6.0,4.1,0.3,-999.9,-1972.6,0.0,0.0,0.0,0.0,0.0,0.0,0.0,0.0,0.0,0.0,0.0,-1972.6,0.2005648957622275,80.09017315999999,0.0,,,,,,,,,,,,,,,,,0.28125,0.006853278109023,1.546875,0.0376930295996266,0.00421875,0.0102799171635345,0.054140625,0.1319256035986931,0.2005648957622275,66671,,,2.13456196920802e-06,Information
342489,6768.0,8527.634532,RUS,Russia,Sakha,2.460443004,0.0,0.65,0.49,6768.0,6768.0,1.0,5.0,52.0,5.0,2.0,3.0,6.0,5.2,0.5,0.2,-970.8,0.0,0.0,0.0,0.0,0.0,0.0,0.0,0.0,0.0,0.0,0.0,-970.8,0.57165,49.20886008,0.0,,44.188,0.518,23.688,0.278,0.188,0.002,0.938,0.011,0.2368799999999999,0.278,0.00282,0.003,0.02345,0.0274999999999999,0.57165,1.96875,0.0230867070175826,5.90625,0.069260121052748,0.02953125,0.0346300605263739,0.20671875,0.242410423684618,0.5132904842109919,14100,,,3.612496151987249e-06,Information
342491,6769.0,18171.55284,RUS,Russia,Sakha,1.23027636,0.0,0.65,0.49,6769.0,6769.0,0.0,9.0,13.0,3.0,-9999.0,0.0,2.0,1.3,0.3,-999.9,-1992.6,0.0,0.0,0.0,0.0,0.0,0.0,0.0,0.0,0.0,0.0,0.0,-1992.6,3.6397177270829246,24.6055272,0.0,,248.188,1.366,199.75,1.099,2.062,0.011,3.188,0.018,1.9975,1.099,0.03093,0.0165,0.0797,0.045,3.26863,0.0,0.0,67.078125,0.3691381005951213,0.0,0.0,2.347734375,1.2919833520829247,3.6397177270829246,33247,,,0.001219421331195,Information
342492,6770.0,4774.423939,RUS,Russia,Sakha,1.517836447,0.0,0.65,0.49,6770.0,6770.0,1.0,6.0,62.0,3.0,-9999.0,3.0,5.0,6.2,0.3,-999.9,-1973.3,0.0,0.0,0.0,0.0,0.0,0.0,0.0,0.0,0.0,0.0,0.0,-1973.3,-1973.3,30.356728940000004,0.0,,,,,,,,,,,,,,,,,,,,,,,,,,530,,,,
342494,6772.0,7324.743977,RUS,Russia,Sakha,1.148156864,0.0,0.65,0.49,6772.0,,,,,,,,,,,,,,,,,,,,,,,,,4.72583,22.96313728,0.0,,297.25,4.058,198.688,2.713,0.0,0.0,0.438,0.006,1.98688,2.713,0.0,0.0,0.01095,0.015,4.72583,0.0,0.0,5.0625,0.069115043687901,0.0,0.0,0.1771875,0.2419026529076535,0.4190901529076535,13,,,0.0026253193667245,Information
342495,6773.0,3746.826527,RUS,Russia,Sakha,1.696478413,0.0,0.65,0.49,6773.0,,,,,,,,,,,,,,,,,,,,,,,,,0.57325,33.92956826,0.0,,18.312,0.489,15.625,0.417,0.0,0.0,0.0,0.0,0.15625,0.417,0.0,0.0,0.0,0.0,0.57325,0.0,0.0,2.390625,0.0638039947423885,0.0,0.0,0.083671875,0.2233139815983597,0.3069858565983597,0,,,1.0314909343746576e-06,Information
342496,6774.0,6025.695257,RUS,Russia,Sakha,0.851245147,0.0,0.65,0.49,6774.0,,,,,,,,,,,,,,,,,,,,,,,,,4.721,17.02490294,0.0,,289.188,4.799,177.5,2.946,0.0,0.0,0.0,0.0,1.775,2.946,0.0,0.0,0.0,0.0,4.721,0.0,0.0,3.65625,0.0606776453844131,0.0,0.0,0.12796875,0.2123717588454458,0.3403405088454458,0,,,0.0020750604257682,Information
342497,6775.0,1257.826486,RUS,Russia,Sakha,4.012460798,0.0,0.65,0.49,6775.0,,,,,,,,,,,,,,,,,,,,,,,,,2.69062,80.24921596,0.0,,38.688,3.076,30.062,2.39,0.0,0.0,0.0,0.0,0.30062,2.39,0.0,0.0,0.0,0.0,2.69062,0.0,0.0,3.234375,0.257139997847276,0.0,0.0,0.113203125,0.899989992465466,1.013193117465466,0,,,0.0231076536602022,Information
342498,6776.0,6717.820011,RUS,Russia,Sakha,3.223086127,0.0,0.65,0.49,6776.0,,,,,,,,,,,,,,,,,,,,,,,,,1.42612,64.46172254000001,0.0,,100.0,1.489,57.312,0.853,0.0,0.0,0.0,0.0,0.57312,0.853,0.0,0.0,0.0,0.0,1.42612,0.0,0.0,7.03125,0.104665650290581,0.0,0.0,0.24609375,0.3663297760170335,0.6124235260170335,112,,,0.0006507407497336,Information
342511,6778.0,12131.04691,RUS,Russia,Sakha,3.23973974,0.0,0.65,0.49,6778.0,,,,,,,,,,,,,,,,,,,,,,,,,46.99420064650867,64.7947948,0.0,3.0,7.312,0.06,4.75,0.039,7.188,0.059,4.75,0.039,0.0475,0.039,0.10782,0.0885,0.11875,0.0975,0.49907,146.25,1.2055843253831762,673.3125,5.550324759552545,2.19375,1.808376488074764,23.5659375,19.426136658433908,46.99420064650867,93226,1130.0,1.212108210155965,0.6136443616302227,Watch
342512,6779.0,5842.520715,RUS,Russia,Sakha,3.335840111,0.0,0.65,0.49,6779.0,,,,,,,,,,,,,,,,,,,,,,,,,14.762700934205013,66.71680222,0.0,,6.062,0.104,4.188,0.072,9.688,0.166,2.0,0.034,0.04188,0.072,0.14532,0.249,0.05,0.085,0.6432,29.25,0.5006400734378517,143.015625,2.4478411282994954,0.43875,0.7509601101567775,5.005546875,8.567443949048235,14.762700934205013,6272,,,0.2081236765341473,Information
342513,6780.0,2736.551622,RUS,Russia,Sakha,1.156212426,0.0,0.65,0.49,6780.0,6780.0,1.0,10.0,100.0,-9999.0,-9999.0,3.0,1.0,10.0,-999.9,-999.9,-3971.6,0.0,0.0,0.0,0.0,0.0,0.0,0.0,0.0,0.0,0.0,0.0,-3971.6,68.335127684718,23.12424852,0.0,3.0,26.125,0.955,4.875,0.178,35.438,1.295,1.25,0.046,0.04875,0.178,0.53157,1.9425,0.03125,0.1149999999999999,2.8470699999999995,241.453125,8.823262206478672,470.8125,17.204590487647405,3.621796875,13.234893309718007,16.4784375,35.0,68.335127684718,269390,1915.0,0.7108652882438101,0.4531263161580808,Watch
342514,6781.0,4308.20966,RUS,Russia,Sakha,2.438443927,0.0,0.65,0.49,6781.0,,,,,,,,,,,,,,,,,,,,,,,,,6.05046033054195,48.76887854,0.0,,5.312,0.123,0.75,0.017,19.562,0.454,0.312,0.007,0.0075,0.017,0.29343,0.681,0.0078,0.0175,1.0242300000000002,12.515625,0.2905064048963594,46.6875,1.083686813770689,0.187734375,0.4357596073445391,1.6340625,3.7929038481974113,6.05046033054195,3328,,,0.0163310350155412,Information
342515,6782.0,2061.247127,RUS,Russia,Sakha,1.476809031,0.0,0.65,0.49,6782.0,,,,,,,,,,,,,,,,,,,,,,,,,60.23528098473836,29.53618062,0.0,3.0,33.938,1.646,8.625,0.418,38.438,1.865,4.438,0.215,0.08625,0.418,0.57657,2.7975,0.11095,0.5375,4.52677,166.21875,8.06398940649224,304.171875,14.75669127431702,2.49328125,12.09598410973836,10.646015625,35.0,60.23528098473836,4828,272.0,5.633802816901409,0.4376850267699894,Watch
342516,6783.0,2373.243148,RUS,Russia,Sakha,1.659521105,0.0,0.65,0.49,6783.0,,,,,,,,,,,,,,,,,,,,,,,,,4.794922537718524,33.1904221,0.0,,3.062,0.129,1.812,0.076,6.75,0.284,0.25,0.011,0.01812,0.076,0.10125,0.4259999999999999,0.00625,0.0274999999999999,0.6551199999999999,6.1875,0.2607191768495643,23.625,0.9954732206983364,0.0928125,0.3910787652743465,0.826875,3.484156272444177,4.794922537718524,66,,,0.0042156857372498,Information
342517,6784.0,60.07555795,RUS,Russia,Sakha,0.46232125,0.0,0.65,0.49,6784.0,,,,,,,,,,,,,,,,,,,,,,,,,50.994921875,9.246425,0.0,,1.25,2.081,1.25,2.081,1.75,2.913,0.062,0.104,0.0125,2.081,0.02625,4.3695,0.00155,0.26,6.7508,10.546875,17.556016723004817,23.90625,39.79363790547758,0.158203125,15.0,0.83671875,35.0,50.994921875,1663,,,0.2821650531667776,Advisory
342518,6785.0,1858.684646,RUS,Russia,Sakha,1.87443778,0.0,0.65,0.49,6785.0,,,,,,,,,,,,,,,,,,,,,,,,,5.401194734141944,37.488755600000005,0.0,,0.25,0.013,0.188,0.01,2.75,0.148,0.25,0.013,0.00188,0.01,0.04125,0.2219999999999999,0.00625,0.0325,0.3138799999999999,6.890625,0.3707258795231814,21.234375,1.1424409756734777,0.103359375,0.5560888192847722,0.743203125,3.998543414857172,5.401194734141944,4101,,,0.0071681175326532,Information
342519,6786.0,1991.88596,RUS,Russia,Sakha,0.717817638,0.0,0.65,0.49,6786.0,,,,,,,,,,,,,,,,,,,,,,,,,34.016959046841976,14.35635276,0.0,,16.875,0.847,8.812,0.442,29.562,1.484,10.625,0.533,0.0881199999999999,0.442,0.44343,2.226,0.265625,1.3325,4.797675,35.4375,1.779092814784514,146.25,7.3422878070472,0.5315625,2.668639222176771,5.11875,25.6980073246652,34.016959046841976,18042,,,0.1779161041032993,Information
342520,6787.0,12536.05365,RUS,Russia,Sakha,1.479192691,0.0,0.65,0.49,6787.0,6787.0,0.0,10.0,-9999.0,-9999.0,-9999.0,0.0,1.0,-999.9,-999.9,-999.9,-5997.4,0.0,0.0,0.0,0.0,0.0,0.0,0.0,0.0,0.0,0.0,0.0,-5997.4,3.9108384370806273,29.58385382,0.0,,62.375,0.498,29.188,0.233,28.25,0.225,5.125,0.041,0.29188,0.233,0.42375,0.3375,0.128125,0.1025,1.516755,0.0,0.0,62.15625,0.495819910594465,0.0,0.0,2.17546875,1.7353696870806274,3.9108384370806273,1561,,,0.0019221028636551,Information
342530,6788.0,5512.852784,RUS,Russia,Sakha,1.238123918,0.0,0.65,0.49,6788.0,6788.0,1.0,9.0,100.0,-9999.0,-9999.0,3.0,2.0,10.0,-999.9,-999.9,-3969.6,0.0,0.0,0.0,0.0,0.0,0.0,0.0,0.0,0.0,0.0,0.0,-3969.6,29.47649123953412,24.762478360000003,0.0,,6.25,0.113,4.188,0.076,7.25,0.132,1.0,0.018,0.04188,0.076,0.10875,0.198,0.025,0.045,0.49463,11.25,0.2040685728504134,294.46875,5.341494894359571,0.16875,0.3061028592756201,10.30640625,18.6952321302585,29.47649123953412,4981,,,0.1743646125870494,Information
342541,6789.0,2118.911746,RUS,Russia,Sakha,1.065248499,0.0,0.65,0.49,6789.0,,,,,,,,,,,,,,,,,,,,,,,,,1.9423631264248715,21.30496998,0.0,,2.312,0.109,0.875,0.041,1.5,0.071,0.0,0.0,0.00875,0.041,0.0225,0.1064999999999999,0.0,0.0,0.17875,0.0,0.0,9.703125,0.457929643264249,0.0,0.0,0.339609375,1.6027537514248715,1.9423631264248715,0,,,0.0001070905688133,Information
342544,6792.0,3395.640124,RUS,Russia,Sakha,1.250068223,0.0,0.65,0.49,6792.0,,,,,,,,,,,,,,,,,,,,,,,,,1.7086576955541233,25.00136446,0.0,,16.875,0.497,5.188,0.153,0.125,0.004,0.0,0.0,0.0518799999999999,0.153,0.001875,0.006,0.0,0.0,0.212755,0.0,0.0,12.375,0.3644379130154638,0.0,0.0,0.433125,1.2755326955541233,1.7086576955541233,10,,,7.78611575496189e-05,Information
342546,6794.0,5070.301617,RUS,Russia,Sakha,2.708201137,0.0,0.65,0.49,6794.0,,,,,,,,,,,,,,,,,,,,,,,,,1.0532979177972177,54.16402274,0.0,,17.188,0.339,10.125,0.2,0.312,0.006,0.312,0.006,0.10125,0.2,0.00468,0.009,0.0078,0.015,0.33773,0.0,0.0,10.125,0.1996922622277764,0.0,0.0,0.354375,0.6989229177972174,1.0532979177972177,0,,,8.060185056429248e-05,Information
342547,6795.0,10990.48471,RUS,Russia,Sakha,2.926084487,0.0,0.65,0.49,6795.0,,,,,,,,,,,,,,,,,,,,,,,,,3.468666667485385,58.52168974,0.0,,86.375,0.786,41.875,0.381,8.75,0.08,0.0,0.0,0.41875,0.381,0.13125,0.12,0.0,0.0,1.051,0.0,0.0,51.890625,0.4721413692815386,0.0,0.0,1.816171875,1.6524947924853852,3.468666667485385,6,,,0.006543364406566,Information
342549,6797.0,2545.95271,RUS,Russia,Sakha,0.280254679,0.0,0.65,0.49,6797.0,,,,,,,,,,,,,,,,,,,,,,,,,2.42025,5.60509358,0.0,,67.625,2.656,41.25,1.62,5.25,0.206,0.0,0.0,0.4125,1.62,0.07875,0.309,0.0,0.0,2.42025,0.0,0.0,2.109375,0.0828520887874739,0.0,0.0,0.073828125,0.2899823107561586,0.3638104357561587,0,,,0.0001243396254676,Information
342550,6798.0,9943.931982,RUS,Russia,Sakha,0.829350018,0.0,0.65,0.49,6798.0,6798.0,1.0,9.0,100.0,2.0,-9999.0,3.0,2.0,10.0,0.2,-999.9,-2969.5,0.0,0.0,0.0,0.0,0.0,0.0,0.0,0.0,0.0,0.0,0.0,-2969.5,13.612800671872794,16.587000359999998,0.0,,58.438,0.588,31.375,0.316,22.688,0.228,13.188,0.133,0.31375,0.316,0.3403199999999999,0.342,0.3297,0.3325,1.97427,0.0,0.0,193.921875,1.950152870535084,0.0,0.0,6.787265625,6.825535046872794,13.612800671872794,254,,,0.0349318313195537,Information
342560,6799.0,15811.19271,RUS,Russia,Sakha,1.555570458,0.0,0.65,0.49,6799.0,6799.0,0.0,10.0,2.0,2.0,-9999.0,0.0,1.0,0.2,0.2,-999.9,-1997.0,0.0,0.0,0.0,0.0,0.0,0.0,0.0,0.0,0.0,0.0,0.0,-1997.0,16.710430000000002,31.11140916,0.0,,1395.812,8.828,980.75,6.203,13.562,0.086,9.0,0.057,9.8075,6.203,0.20343,0.129,0.225,0.1425,16.710430000000002,0.0,0.0,21.515625,0.1360784438542009,0.0,0.0,0.753046875,0.4762745534897031,1.2293214284897032,0,,,0.0783207997040609,Information
342570,6800.0,25320.17502,RUS,Russia,Sakha,3.413374787,0.0,0.65,0.49,6800.0,6800.0,1.0,8.0,100.0,2.0,-9999.0,3.0,3.0,10.0,0.2,-999.9,-1967.4,0.0,0.0,0.0,0.0,0.0,0.0,0.0,0.0,0.0,0.0,0.0,-1967.4,13.709129999999998,68.26749574,0.0,,1623.5,6.412,928.188,3.666,24.125,0.095,7.375,0.029,9.28188,3.666,0.361875,0.1425,0.184375,0.0725,13.709129999999998,0.0,0.0,90.5625,0.3576693285628713,0.0,0.0,3.1696875,1.2518426499700497,4.4215301499700495,2357,,,0.2006562442552773,Information
342580,6801.0,17095.63546,RUS,Russia,Sakha,2.66034036,0.0,0.65,0.49,6801.0,6801.0,0.0,1.0,-9999.0,-9999.0,-9999.0,0.0,10.0,-999.9,-999.9,-999.9,-5979.4,0.0,0.0,0.0,0.0,0.0,0.0,0.0,0.0,0.0,0.0,0.0,-5979.4,9.780305,53.2068072,0.0,,891.188,5.213,480.75,2.812,63.562,0.372,16.375,0.096,4.8075,2.812,0.95343,0.558,0.409375,0.24,9.780305,0.0,0.0,27.703125,0.1620479394427218,0.0,0.0,0.969609375,0.5671677880495263,1.5367771630495262,386,,,0.0587484325751917,Information
342590,6802.0,1545.55897,RUS,Russia,Sakha,1.006971525,0.0,0.65,0.49,6802.0,6802.0,1.0,8.0,100.0,2.0,-9999.0,3.0,3.0,10.0,0.2,-999.9,-1967.4,0.0,0.0,0.0,0.0,0.0,0.0,0.0,0.0,0.0,0.0,0.0,-1967.4,11.038000000000002,20.1394305,0.0,,191.25,12.374,145.438,9.41,0.188,0.012,0.812,0.053,1.4543799999999998,9.41,0.00282,0.018,0.0203,0.1325,11.038000000000002,0.0,0.0,28.6875,1.8561245839536304,0.0,0.0,1.0040625,6.496436043837707,7.500498543837707,237,,,0.0239114728942556,Information
342610,6803.0,522.428153,RUS,Russia,Sakha,2.003358963,0.0,0.65,0.49,6803.0,,,,,,,,,,,,,,,,,,,,,,,,,15.960476475563024,40.06717926,0.0,,16.75,3.206,12.062,2.309,0.938,0.179,0.438,0.084,0.1206199999999999,2.309,0.01407,0.2684999999999999,0.01095,0.21,2.93314,0.0,0.0,22.640625,4.33372988587515,0.0,0.0,0.792421875,15.168054600563025,15.960476475563024,21,,,0.092899593566698,Information
342621,6804.0,870.3104246,RUS,Russia,Sakha,3.037993288,0.0,0.65,0.49,6804.0,,,,,,,,,,,,,,,,,,,,,,,,,17.64331700885319,60.75986576,0.0,,60.938,7.002,48.688,5.594,0.688,0.079,1.312,0.151,0.48688,5.594,0.01032,0.1185,0.0328,0.3775,6.620000000000001,0.0,0.0,40.359375,4.637353966815198,0.0,0.0,1.412578125,16.230738883853192,17.64331700885319,0,,,0.2120457806600548,Information
342622,6805.0,22910.80521,RUS,Russia,Sakha,2.607439082,0.0,0.65,0.49,6805.0,6805.0,1.0,5.0,41.0,-9999.0,-9999.0,3.0,6.0,4.1,-999.9,-999.9,-3973.4,0.0,0.0,0.0,0.0,0.0,0.0,0.0,0.0,0.0,0.0,0.0,-3973.4,15.316129999999998,52.14878164,0.0,,1626.25,7.098,1082.125,4.723,20.562,0.09,4.188,0.018,10.0,4.723,0.30843,0.135,0.1046999999999999,0.045,15.316129999999998,0.0,0.0,45.140625,0.1970276670123846,0.0,0.0,1.579921875,0.6895968345433461,2.269518709543346,543,,,0.127311945644012,Information
342623,6806.0,2743.333663,RUS,Russia,Sakha,3.944070595,0.0,0.65,0.49,6806.0,,,,,,,,,,,,,,,,,,,,,,,,,7.7335,78.8814119,0.0,,237.438,8.655,143.25,5.222,12.375,0.451,1.875,0.068,1.4325,5.222,0.185625,0.6765,0.046875,0.17,7.7335,0.0,0.0,43.3125,1.5788272706558693,0.0,0.0,1.5159375,5.525895447295542,7.041832947295542,296,,,0.157546660146584,Information
342624,6807.0,6023.01487,RUS,Russia,Irkutsk,2.257906463,0.0,0.65,0.49,6807.0,,,,,,,,,,,,,,,,,,,,,,,,,2.81607,45.15812926,0.0,,110.562,1.836,65.062,1.08,15.25,0.253,7.188,0.119,0.65062,1.08,0.22875,0.3795,0.1797,0.2975,2.81607,0.0,0.0,8.015625,0.1330832676488707,0.0,0.0,0.280546875,0.4657914367710475,0.7463383117710475,0,,,0.0014933101902549,Information
342625,6808.0,5889.056288,RUS,Russia,Sakha,3.181461109,0.0,0.65,0.49,6808.0,,,,,,,,,,,,,,,,,,,,,,,,,10.105728696240815,63.62922218,0.0,,277.562,4.713,170.0,2.887,16.25,0.276,4.5,0.076,1.7,2.887,0.24375,0.414,0.1125,0.19,5.54725,0.0,0.0,107.015625,1.8171948060688048,0.0,0.0,3.745546875,6.3601818212408165,10.105728696240815,11,,,0.1001559981778453,Information
342626,6809.0,22513.7332,RUS,Russia,Irkutsk,2.407396935,0.0,0.65,0.49,6809.0,,,,,,,,,,,,,,,,,,,,,,,,,7.108040642435949,48.1479387,0.0,,82.188,0.365,38.125,0.169,6.125,0.027,0.875,0.004,0.38125,0.169,0.091875,0.0405,0.021875,0.01,0.7145,0.0,0.0,140.625,0.6246187549816998,0.0,0.0,4.921875,2.186165642435949,7.108040642435949,1652,,,0.0234518879863607,Information
342627,6810.0,7285.212437,RUS,Russia,Zabaykal'ye,0.994902841,0.0,0.65,0.49,6810.0,,,,,,,,,,,,,,,,,,,,,,,,,4.729531301774989,19.89805682,0.0,,28.062,0.385,9.375,0.129,0.875,0.012,0.312,0.004,0.09375,0.129,0.013125,0.018,0.0078,0.01,0.271675,0.0,0.0,56.953125,0.7817634076499969,0.0,0.0,1.993359375,2.736171926774989,4.729531301774989,92,,,0.0023312293662161,Information
342629,6812.0,15776.53741,RUS,Russia,Zabaykal'ye,2.451264477,0.0,0.65,0.49,6812.0,,,,,,,,,,,,,,,,,,,,,,,,,4.398765317772193,49.02528954,0.0,,62.812,0.398,35.812,0.227,0.688,0.004,0.0,0.0,0.35812,0.227,0.01032,0.006,0.0,0.0,0.60144,0.0,0.0,76.921875,0.487571340792055,0.0,0.0,2.692265625,1.7064996927721925,4.398765317772193,6156,,,0.0071426967812557,Information
342632,6814.0,1433.268424,RUS,Russia,Sakha,1.185366599,0.0,0.65,0.49,6814.0,,,,,,,,,,,,,,,,,,,,,,,,,5.629629999999999,23.70733198,0.0,,109.438,7.636,64.938,4.531,1.25,0.087,1.5,0.105,0.6493800000000001,4.531,0.01875,0.1305,0.0375,0.2625,5.629629999999999,,,,,,,,,,0,,,0.0045731989106792,Information
342633,6815.0,8113.689797,RUS,Russia,Sakha,4.011379684,0.0,0.65,0.49,6815.0,6815.0,1.0,12.0,100.0,3.0,-9999.0,3.0,1.0,10.0,0.3,-999.9,-1971.2,0.0,0.0,0.0,0.0,0.0,0.0,0.0,0.0,0.0,0.0,0.0,-1971.2,6.492429999999999,80.22759367999998,0.0,,392.062,4.832,279.438,3.444,1.25,0.015,3.812,0.047,2.79438,3.444,0.01875,0.0225,0.0953,0.1175,6.492429999999999,0.0,0.0,56.109375,0.691539563406608,0.0,0.0,1.963828125,2.420388471923128,4.384216596923128,0,,,0.1327145843541469,Information
342636,6818.0,3561.43073,RUS,Russia,Sakha,0.618414234,0.0,0.65,0.49,6818.0,,,,,,,,,,,,,,,,,,,,,,,,,4.4982500000000005,12.36828468,0.0,,204.75,5.749,118.125,3.317,0.0,0.0,0.0,0.0,1.18125,3.317,0.0,0.0,0.0,0.0,4.4982500000000005,0.0,0.0,1.125,0.031588428509106,0.0,0.0,0.039375,0.110559499781871,0.149934499781871,0,,,0.0014916447154239,Information
342637,6819.0,5755.942149,RUS,Russia,Sakha,1.008724151,0.0,0.65,0.49,6819.0,6819.0,1.0,11.0,43.0,3.0,-9999.0,3.0,1.0,4.3,0.3,-999.9,-1982.6,0.0,0.0,0.0,0.0,0.0,0.0,0.0,0.0,0.0,0.0,0.0,-1982.6,3.3008411240301703,20.17448302,0.0,,59.5,1.034,44.5,0.773,0.0,0.0,0.25,0.004,0.445,0.773,0.0,0.0,0.00625,0.01,1.23425,0.0,0.0,34.453125,0.59856621400862,0.0,0.0,1.205859375,2.09498174903017,3.3008411240301703,171,,,0.000722106385282,Information
342638,6820.0,3628.477298,RUS,Russia,Sakha,1.464699438,0.0,0.65,0.49,6820.0,,,,,,,,,,,,,,,,,,,,,,,,,6.155255,29.29398876,0.0,,256.938,7.081,162.938,4.491,0.625,0.017,0.0,0.0,1.6293799999999998,4.491,0.009375,0.0255,0.0,0.0,6.155255,0.0,0.0,2.390625,0.0658850753040563,0.0,0.0,0.083671875,0.230597763564197,0.314269638564197,0,,,0.0073187779565101,Information
342639,6821.0,3049.729476,RUS,Russia,Sakha,1.570277268,0.0,0.65,0.49,6821.0,6821.0,1.0,10.0,43.0,3.0,-9999.0,3.0,1.0,4.3,0.3,-999.9,-1982.6,0.0,0.0,0.0,0.0,0.0,0.0,0.0,0.0,0.0,0.0,0.0,-1982.6,5.307271584778802,31.40554536,0.0,,38.75,1.271,24.312,0.797,0.062,0.002,0.0,0.0,0.24312,0.797,0.0009299999999999,0.003,0.0,0.0,1.04405,0.0,0.0,35.4375,1.1619883099368007,0.0,0.0,1.2403125,4.066959084778802,5.307271584778802,155,,,0.0052466670043509,Information
342640,6822.0,5391.417924,RUS,Russia,Sakha,2.800669612,0.0,0.65,0.49,6822.0,,,,,,,,,,,,,,,,,,,,,,,,,2.65175,56.01339224,0.0,,150.312,2.788,92.875,1.723,0.0,0.0,0.0,0.0,0.92875,1.723,0.0,0.0,0.0,0.0,2.65175,0.0,0.0,15.328125,0.28430600661095,0.0,0.0,0.536484375,0.9950710231383252,1.531555398138325,1997,,,0.002487365892874,Information
342650,6823.0,4738.801006,RUS,Russia,Amur,1.719272964,0.0,0.65,0.49,6823.0,6823.0,1.0,10.0,100.0,3.0,-9999.0,3.0,1.0,10.0,0.3,-999.9,-1971.2,0.0,0.0,0.0,0.0,0.0,0.0,0.0,0.0,0.0,0.0,0.0,-1971.2,7.960266484877916,34.38545928,0.0,,252.562,5.33,119.688,2.526,3.25,0.069,0.0,0.0,1.19688,2.526,0.04875,0.1035,0.0,0.0,3.87513,0.0,0.0,73.125,1.5431118528222618,0.0,0.0,2.559375,5.400891484877916,7.960266484877916,222,,,0.0174578442792434,Information
342661,6824.0,7138.184611,RUS,Russia,Amur,3.381074514,0.0,0.65,0.49,6824.0,6824.0,1.0,9.0,37.0,3.0,-9999.0,3.0,2.0,3.7,0.3,-999.9,-1980.6,0.0,0.0,0.0,0.0,0.0,0.0,0.0,0.0,0.0,0.0,0.0,-1980.6,7.53544,67.62149027999999,0.0,,497.5,6.97,279.312,3.913,14.688,0.206,5.0,0.07,2.79312,3.913,0.22032,0.309,0.125,0.175,7.53544,0.0,0.0,85.078125,1.1918734192361922,0.0,0.0,2.977734375,4.171556967326673,7.149291342326673,1989,,,0.0724371284478148,Information
342662,6825.0,4431.671384,RUS,Russia,Amur,3.05246532,0.0,0.65,0.49,6825.0,6825.0,1.0,9.0,37.0,2.0,-9999.0,3.0,2.0,3.7,0.2,-999.9,-472.45,0.0,0.0,0.0,0.0,0.0,0.0,0.0,0.0,0.0,0.0,0.0,-472.45,6.435125,61.0493064,0.0,,406.625,9.175,196.75,4.44,0.125,0.003,0.25,0.006,1.9675,4.44,0.001875,0.0045,0.00625,0.015,6.435125,0.0,0.0,5.34375,0.1205809171527713,0.0,0.0,0.18703125,0.4220332100346995,0.6090644600346996,0,,,0.0358888651149097,Information
342663,6826.0,84.94301438,RUS,Russia,Amur,3.803839769,0.0,0.65,0.49,6826.0,6826.0,1.0,10.0,100.0,3.0,-9999.0,3.0,1.0,10.0,0.3,-999.9,-1971.2,0.0,0.0,0.0,0.0,0.0,0.0,0.0,0.0,0.0,0.0,0.0,-1971.2,35.7284375,76.07679538000001,0.0,3.0,30.0,35.318,22.438,26.415,0.0,0.0,0.0,0.0,0.22438,10.0,0.0,0.0,0.0,0.0,10.22438,0.0,0.0,20.8125,24.50172053740632,0.0,0.0,0.7284375,35.0,35.7284375,269,8.0,2.973977695167286,0.6558260309554884,Watch
342664,6827.0,3992.999671,RUS,Russia,Zabaykal'ye,2.498898013,0.0,0.65,0.49,6827.0,,,,,,,,,,,,,,,,,,,,,,,,,10.54600221697088,49.97796026,0.0,,502.125,12.575,275.875,6.909,1.875,0.047,1.5,0.038,2.75875,6.909,0.028125,0.0705,0.0375,0.095,9.898875,0.140625,0.0035217884191452,85.921875,2.151812724097761,0.002109375,0.0052826826287178,3.007265625,7.531344534342163,10.54600221697088,20,,,0.0597688629337984,Information
342665,6828.0,1583.668561,RUS,Russia,Amur,2.654388384,0.0,0.65,0.49,6828.0,,,,,,,,,,,,,,,,,,,,,,,,,10.87125,53.087767680000006,0.0,,300.688,18.987,148.625,9.385,0.0,0.0,0.0,0.0,1.48625,9.385,0.0,0.0,0.0,0.0,10.87125,0.0,0.0,40.78125,2.5751126854331683,0.0,0.0,1.42734375,9.012894399016089,10.44023814901609,231,,,0.0718491276573097,Information
342666,6829.0,2886.295124,RUS,Russia,Amur,2.033770101,0.0,0.65,0.49,6829.0,6829.0,1.0,8.0,70.0,2.0,-9999.0,3.0,3.0,7.0,0.2,-999.9,-1973.4,0.0,0.0,0.0,0.0,0.0,0.0,0.0,0.0,0.0,0.0,0.0,-1973.4,7.3335,40.67540202,0.0,,338.5,11.728,164.25,5.691,0.0,0.0,0.0,0.0,1.6425,5.691,0.0,0.0,0.0,0.0,7.3335,0.0,0.0,4.359375,0.1510370496517453,0.0,0.0,0.152578125,0.5286296737811086,0.6812077987811086,16,,,0.0182832628025083,Information
342667,6830.0,100.4749723,RUS,Russia,Amur,3.211524528,0.0,0.65,0.49,6830.0,,,,,,,,,,,,,,,,,,,,,,,,,35.433125,64.23049055999999,0.0,,38.438,38.256,17.812,17.728,0.0,0.0,0.0,0.0,0.17812,10.0,0.0,0.0,0.0,0.0,10.17812,0.0,0.0,12.375,12.316500035761653,0.0,0.0,0.433125,35.0,35.433125,0,,,0.4962305614606372,Advisory
342668,6831.0,2957.991858,RUS,Russia,Amur,1.706705474,0.0,0.65,0.49,6831.0,,,,,,,,,,,,,,,,,,,,,,,,,3.59988,34.13410948,0.0,,176.688,5.973,82.188,2.778,0.0,0.0,0.0,0.0,0.82188,2.778,0.0,0.0,0.0,0.0,3.59988,0.0,0.0,7.875,0.2662279132886637,0.0,0.0,0.275625,0.931797696510323,1.207422696510323,373,,,0.0018261986538036,Information
342669,6832.0,8905.266309,RUS,Russia,Amur,3.276729688,0.0,0.65,0.49,6832.0,6832.0,1.0,1.0,100.0,9.0,-9999.0,3.0,10.0,10.0,0.9,-999.9,-1951.0666666666664,0.0,0.0,0.0,0.0,0.0,0.0,0.0,0.0,0.0,0.0,0.0,-1951.0666666666664,10.558750000000002,65.53459376,0.0,,956.812,10.744,495.5,5.564,1.25,0.014,0.0,0.0,4.955,5.564,0.01875,0.021,0.0,0.0,10.558750000000002,0.0,0.0,99.140625,1.1132808560408296,0.0,0.0,3.469921875,3.896482996142904,7.366404871142903,0,,,0.1184043352747334,Information
342670,6833.0,9538.289542,RUS,Russia,Zabaykal'ye,2.39240345,0.0,0.65,0.49,6833.0,,,,,,,,,,,,,,,,,,,,,,,,,13.800815371725433,47.848069,0.0,,666.375,6.986,417.562,4.378,29.0,0.304,5.688,0.06,4.17562,4.378,0.435,0.4559999999999999,0.1422,0.15,9.736820000000002,0.28125,0.0029486418792425,192.375,2.016871045401876,0.00421875,0.0044229628188637,6.733125,7.059048658906566,13.800815371725433,136,,,0.0918524903803943,Information
342680,6834.0,14662.95448,RUS,Russia,Zabaykal'ye,3.458523068,0.0,0.65,0.49,6834.0,,,,,,,,,,,,,,,,,,,,,,,,,10.100255,69.17046135999999,0.0,,1286.062,8.771,541.188,3.691,31.75,0.217,4.625,0.032,5.41188,3.691,0.47625,0.3255,0.115625,0.08,10.100255,0.84375,0.0057542973414957,160.453125,1.0942755444411074,0.01265625,0.0086314460122435,5.615859375,3.829964405543876,9.46711147655612,1336,,,0.1322297726208747,Information
342690,6835.0,22554.86578,RUS,Russia,Zabaykal'ye,1.515073943,0.0,0.65,0.49,6835.0,,,,,,,,,,,,,,,,,,,,,,,,,3.43217,30.30147886,0.0,,591.25,2.621,224.812,0.997,6.0,0.027,1.562,0.007,2.24812,0.997,0.09,0.0405,0.03905,0.0175,3.43217,1.546875,0.0068582762363546,53.015625,0.2350518310096079,0.023203125,0.0102874143545319,1.855546875,0.8226814085336276,2.71171882288816,0,,,0.0013020026379897,Information
342710,6836.0,4401.926159,RUS,Russia,Sakha,2.5630801,0.0,0.65,0.49,6836.0,,,,,,,,,,,,,,,,,,,,,,,,,23.381642874945754,51.261602,0.0,,363.875,8.266,228.562,5.192,8.812,0.2,18.0,0.409,2.28562,5.192,0.13218,0.3,0.45,1.0225,9.3823,0.0,0.0,204.1875,4.638594392841643,0.0,0.0,7.1465625,16.235080374945753,23.381642874945754,21931,,,0.2313171691331771,Information
342720,6837.0,9785.432077,RUS,Russia,Sakha,3.483141019,0.0,0.65,0.49,6837.0,,,,,,,,,,,,,,,,,,,,,,,,,4.34525,69.66282038,0.0,,302.0,3.086,167.0,1.707,14.0,0.143,10.75,0.11,1.67,1.707,0.21,0.2144999999999999,0.26875,0.275,4.34525,0.0,0.0,56.671875,0.5791453514977485,0.0,0.0,1.983515625,2.02700873024212,4.01052435524212,15,,,0.0259905213034683,Information
342730,6838.0,12670.97278,RUS,Russia,Sakha,2.123553622,0.0,0.65,0.49,6838.0,6838.0,1.0,7.0,100.0,2.0,-9999.0,3.0,4.0,10.0,0.2,-999.9,-1965.4,0.0,0.0,0.0,0.0,0.0,0.0,0.0,0.0,0.0,0.0,0.0,-1965.4,14.609560909925584,42.47107244,0.0,,65.875,0.52,32.438,0.256,9.75,0.077,3.188,0.025,0.32438,0.256,0.14625,0.1154999999999999,0.0797,0.0625,0.98433,0.0,0.0,233.296875,1.8411915099787384,0.0,0.0,8.165390625,6.444170284925584,14.609560909925584,986,,,0.0852480109359566,Information
342740,6839.0,26719.55247,RUS,Russia,Irkutsk,2.242138731,0.0,0.65,0.49,6839.0,6839.0,1.0,5.0,82.0,2.0,-9999.0,3.0,6.0,8.2,0.2,-999.9,-2822.228571428572,0.0,0.0,0.0,0.0,0.0,0.0,0.0,0.0,0.0,0.0,0.0,-2822.228571428572,9.767107612550433,44.84277462,0.0,,153.375,0.574,88.062,0.33,17.688,0.066,11.625,0.044,0.88062,0.33,0.2653199999999999,0.099,0.290625,0.1099999999999999,1.975565,0.0,0.0,203.0625,0.7599771750144094,0.0,0.0,7.1071875,2.659920112550433,9.767107612550433,811,,,0.041710958112529,Information
342750,6840.0,6437.601734,RUS,Russia,Sakha,2.849402249,0.0,0.65,0.49,6840.0,6840.0,1.0,8.0,100.0,3.0,-9999.0,3.0,3.0,10.0,0.3,-999.9,-1967.2,0.0,0.0,0.0,0.0,0.0,0.0,0.0,0.0,0.0,0.0,0.0,-1967.2,14.050336701670236,56.988044980000005,0.0,,47.312,0.735,18.25,0.283,15.75,0.245,3.75,0.058,0.1825,0.283,0.23625,0.3675,0.09375,0.145,1.308,0.0,0.0,157.21875,2.4421944147629246,0.0,0.0,5.50265625,8.547680451670237,14.050336701670236,526,,,0.1316059639087107,Information
342761,6841.0,3111.503348,RUS,Russia,Sakha,3.40686812,0.0,0.65,0.49,6841.0,6841.0,0.0,1.0,-9999.0,-9999.0,-9999.0,0.0,10.0,-999.9,-999.9,-999.9,-5979.4,0.0,0.0,0.0,0.0,0.0,0.0,0.0,0.0,0.0,0.0,0.0,-5979.4,17.504723049869973,68.1373624,0.0,,104.812,3.369,47.062,1.513,7.562,0.243,6.188,0.199,0.47062,1.513,0.11343,0.3645,0.1546999999999999,0.4975,3.11375,0.0,0.0,118.6875,3.814474442819993,0.0,0.0,4.1540625,13.350660549869977,17.504723049869973,361,,,0.2745986607007634,Information
342762,6842.0,6212.336507,RUS,Russia,Sakha,1.374573353,0.0,0.65,0.49,6842.0,,,,,,,,,,,,,,,,,,,,,,,,,4.5145,27.49146706,0.0,,309.688,4.985,157.125,2.529,5.375,0.087,3.125,0.05,1.57125,2.529,0.080625,0.1305,0.078125,0.125,4.5145,0.0,0.0,15.609375,0.251264157717162,0.0,0.0,0.546328125,0.879424552010067,1.425752677010067,3167,,,0.0027481440704174,Information
342763,6843.0,444.9741085,RUS,Russia,Sakha,3.343474375,0.0,0.65,0.49,6843.0,,,,,,,,,,,,,,,,,,,,,,,,,7.971724783834543,66.8694875,0.0,,17.375,3.905,9.875,2.219,0.562,0.126,0.062,0.014,0.09875,2.219,0.00843,0.189,0.00155,0.035,2.55173,0.0,0.0,9.703125,2.180604402524155,0.0,0.0,0.339609375,7.632115408834543,7.971724783834543,310,,,0.0771431104867874,Information
342764,6844.0,4303.751651,RUS,Russia,Sakha,0.630959071,0.0,0.65,0.49,6844.0,,,,,,,,,,,,,,,,,,,,,,,,,6.18808,12.61918142,0.0,,299.562,6.96,151.438,3.519,10.75,0.25,7.438,0.173,1.5143799999999998,3.519,0.16125,0.375,0.1859499999999999,0.4325,6.18808,0.0,0.0,9.703125,0.2254573634332519,0.0,0.0,0.339609375,0.7891007720163816,1.1287101470163816,3346,,,0.0040526584808242,Information
342765,6845.0,12038.58007,RUS,Russia,Sakha,3.393404029,0.0,0.65,0.49,6845.0,,,,,,,,,,,,,,,,,,,,,,,,,6.658606683423036,67.86808058,0.0,,120.812,1.004,93.875,0.78,2.25,0.019,1.75,0.015,0.93875,0.78,0.03375,0.0284999999999999,0.04375,0.0375,1.86225,0.0,0.0,103.921875,0.8632403024065818,0.0,0.0,3.637265625,3.021341058423036,6.658606683423036,30,,,0.0577507005848463,Information
342766,6846.0,2907.593652,RUS,Russia,Sakha,2.025838148,0.0,0.65,0.49,6846.0,,,,,,,,,,,,,,,,,,,,,,,,,7.538088772404165,40.51676296,0.0,,53.812,1.851,49.875,1.715,0.438,0.015,1.125,0.039,0.49875,1.715,0.00657,0.0225,0.028125,0.0975,2.3684450000000004,0.0,0.0,48.515625,1.6685833992583328,0.0,0.0,1.698046875,5.840041897404165,7.538088772404165,0,,,0.0194271855156462,Information
342768,6848.0,3832.064472,RUS,Russia,Sakha,4.005701762,0.0,0.65,0.49,6848.0,,,,,,,,,,,,,,,,,,,,,,,,,3.42425,80.11403524,0.0,,83.188,2.171,80.438,2.099,3.688,0.096,3.562,0.093,0.80438,2.099,0.05532,0.144,0.0890499999999999,0.2324999999999999,3.42425,0.0,0.0,15.609375,0.4073359181526319,0.0,0.0,0.546328125,1.4256757135342115,1.972003838534212,65,,,0.0392775687605267,Information
342769,6849.0,3229.351815,RUS,Russia,Sakha,4.000310238,0.0,0.65,0.49,6849.0,,,,,,,,,,,,,,,,,,,,,,,,,6.498244999999999,80.00620476,0.0,,120.375,3.728,112.812,3.493,7.625,0.236,13.75,0.426,1.12812,3.493,0.114375,0.354,0.34375,1.065,6.498244999999999,0.0,0.0,17.015625,0.526905273073043,0.0,0.0,0.595546875,1.8441684557556504,2.4397153307556505,0,,,0.1305298795317329,Information
342770,6850.0,14361.98657,RUS,Russia,Sakha,4.034104258,0.0,0.65,0.49,6850.0,6850.0,1.0,3.0,100.0,-9999.0,-9999.0,3.0,8.0,10.0,-999.9,-999.9,-2629.0666666666666,0.0,0.0,0.0,0.0,0.0,0.0,0.0,0.0,0.0,0.0,0.0,-2629.0666666666666,20.287803814718306,80.68208516,0.0,,83.938,0.584,50.188,0.349,7.375,0.051,12.75,0.089,0.50188,0.349,0.110625,0.0765,0.31875,0.2224999999999999,1.5792549999999996,0.0,0.0,341.71875,2.3793278756338005,0.0,0.0,11.96015625,8.327647564718301,20.287803814718306,23800,,,0.5195351770883355,Advisory
342780,6851.0,14236.11845,RUS,Russia,Sakha,3.610864745,0.0,0.65,0.49,6851.0,,,,,,,,,,,,,,,,,,,,,,,,,7.22286202969404,72.2172949,0.0,,57.125,0.401,55.438,0.389,3.062,0.022,4.125,0.029,0.55438,0.389,0.04593,0.033,0.103125,0.0725,1.197935,0.0,0.0,121.21875,0.8514873656268688,0.0,0.0,4.24265625,2.9802057796940407,7.22286202969404,2025,,,0.0889639623690595,Information
342790,6852.0,341.8779225,RUS,Russia,Sakha,4.01695804,0.0,0.65,0.49,6852.0,,,,,,,,,,,,,,,,,,,,,,,,,32.90418999867769,80.33916079999999,0.0,3.0,8.25,2.413,8.125,2.377,0.312,0.091,0.125,0.037,0.08125,2.377,0.00468,0.1365,0.003125,0.0925,2.695054999999999,0.0,0.0,31.078125,9.09041589247934,0.0,0.0,1.087734375,31.81645562367769,32.90418999867769,2771,30.0,1.0826416456153014,0.6967134293554764,Watch
342810,6853.0,336.7280854,RUS,Russia,Sakha,3.975211143,0.0,0.65,0.49,6853.0,,,,,,,,,,,,,,,,,,,,,,,,,28.55591857583469,79.50422286,0.0,3.0,10.875,3.23,10.812,3.211,0.625,0.186,0.25,0.074,0.10812,3.211,0.009375,0.279,0.00625,0.185,3.798745,0.0,0.0,26.578125,7.893052628809912,0.0,0.0,0.930234375,27.62568420083469,28.55591857583469,2460,302.0,12.276422764227641,0.6299214637086781,Watch
342820,6854.0,18257.00391,RUS,Russia,Irkutsk,2.585848584,0.0,0.65,0.49,6854.0,6854.0,1.0,6.0,84.0,-9999.0,-9999.0,3.0,5.0,8.4,-999.9,-999.9,-3298.2888888888883,0.0,0.0,0.0,0.0,0.0,0.0,0.0,0.0,0.0,0.0,0.0,-3298.2888888888883,7.549198369111929,51.71697168,0.0,,51.188,0.28,42.25,0.231,6.812,0.037,1.875,0.01,0.4225,0.231,0.1021799999999999,0.0554999999999999,0.046875,0.025,0.8830549999999999,0.0,0.0,139.359375,0.7633200697462652,0.0,0.0,4.877578125,2.6716202441119283,7.549198369111929,2382,,,0.0317525341850598,Information
342830,6855.0,17458.44573,RUS,Russia,Irkutsk,2.775835151,0.0,0.65,0.49,6855.0,6855.0,1.0,6.0,100.0,9.0,-9999.0,3.0,5.0,10.0,0.9,-999.9,-1962.2666666666664,0.0,0.0,0.0,0.0,0.0,0.0,0.0,0.0,0.0,0.0,0.0,-1962.2666666666664,23.556073760320693,55.51670302,0.0,,93.75,0.537,87.75,0.503,23.125,0.132,13.688,0.078,0.8775,0.503,0.346875,0.198,0.3422,0.195,2.462575,0.0,0.0,427.921875,2.451088038663056,0.0,0.0,14.977265625,8.578808135320696,23.556073760320693,169,,,0.2624761856596287,Information
342840,6856.0,11213.01885,RUS,Russia,Irkutsk,1.307886317,0.0,0.65,0.49,6856.0,6856.0,1.0,7.0,76.0,2.0,-9999.0,3.0,4.0,7.6,0.2,-999.9,-2631.8,0.0,0.0,0.0,0.0,0.0,0.0,0.0,0.0,0.0,0.0,0.0,-2631.8,1.6667234144498346,26.15772634,0.0,,,,,,,,,,,,,,,,,0.0,0.0,25.171875,0.2244879398428099,0.0,0.0,0.881015625,0.7857077894498347,1.6667234144498346,47,,,7.499931717112463e-05,Information
342850,6857.0,12732.50678,RUS,Russia,Irkutsk,2.73875347,0.0,0.65,0.49,6857.0,6857.0,1.0,6.0,100.0,15.0,-9999.0,3.0,5.0,10.0,1.5,-999.9,-1954.0666666666664,0.0,0.0,0.0,0.0,0.0,0.0,0.0,0.0,0.0,0.0,0.0,-1954.0666666666664,13.849057109102189,54.77506939999999,0.0,,7.75,0.061,5.25,0.041,0.062,0.0,0.375,0.003,0.0525,0.041,0.0009299999999999,0.0,0.009375,0.0075,0.1113049999999999,0.0,0.0,221.625,1.7406234597434818,0.0,0.0,7.756875,6.092182109102186,13.849057109102189,3850,,,0.1183191203710906,Information
342861,6858.0,5079.094138,RUS,Russia,Irkutsk,3.15483047,0.0,0.65,0.49,6858.0,6858.0,2.0,4.0,100.0,39.0,-9999.0,7.0,7.0,10.0,3.9,-999.9,-2620.9333333333334,0.0,0.0,0.0,0.0,0.0,0.0,0.0,0.0,0.0,0.0,0.0,-2620.9333333333334,11.076148649304828,63.0966094,0.0,,,,,,,,,,,,,,,,,0.0,0.0,106.59375,2.09867639980138,0.0,0.0,3.73078125,7.345367399304829,11.076148649304828,2772,,,0.1143896266652226,Information
342865,6862.0,7083.989932,RUS,Russia,Irkutsk,3.296009662,0.0,0.65,0.49,6862.0,6862.0,2.0,4.0,100.0,49.0,2.0,7.0,7.0,10.0,4.9,0.2,-949.5,0.0,0.0,0.0,0.0,0.0,0.0,0.0,0.0,0.0,0.0,0.0,-949.5,13.389089695815349,65.92019324,0.0,,,,,,,,,,,,,,,,,0.0,0.0,158.625,2.2392041988043854,0.0,0.0,5.551875,7.837214695815349,13.389089695815349,15848,,,0.1750836434393166,Information
342866,6863.0,7639.369843,RUS,Russia,Irkutsk,1.066881119,0.0,0.65,0.49,6863.0,6863.0,2.0,5.0,100.0,100.0,23.0,7.0,6.0,10.0,10.0,2.3,-437.95,0.0,0.0,0.0,0.0,0.0,0.0,0.0,0.0,0.0,0.0,0.0,-437.95,1.6478744201157425,21.33762238,0.0,,,,,,,,,,,,,,,,,0.0,0.0,20.390625,0.2669150128902121,0.0,0.0,0.713671875,0.9342025451157424,1.6478744201157425,1187,,,5.539033526035376e-05,Information
342867,6864.0,3702.89913,RUS,Russia,Irkutsk,3.405050546,0.0,0.65,0.49,6864.0,6864.0,1.0,6.0,100.0,-9999.0,-9999.0,3.0,5.0,10.0,-999.9,-999.9,-3963.6,0.0,0.0,0.0,0.0,0.0,0.0,0.0,0.0,0.0,0.0,0.0,-3963.6,1.7303133727641464,68.10101092,0.0,,,,,,,,,,,,,,,,,0.0,0.0,13.359375,0.3607814993611847,0.0,0.0,0.467578125,1.2627352477641465,1.7303133727641464,40,,,0.001782596849608,Information
342869,6866.0,6612.164907,RUS,Russia,Irkutsk,3.114759095,0.0,0.65,0.49,6866.0,6866.0,2.0,5.0,100.0,33.0,-9999.0,7.0,6.0,10.0,3.3,-999.9,-1957.0,0.0,0.0,0.0,0.0,0.0,0.0,0.0,0.0,0.0,0.0,0.0,-1957.0,0.6182770719162254,62.2951819,0.0,,,,,,,,,,,,,,,,,0.0,0.0,7.03125,0.1063380919760644,0.0,0.0,0.24609375,0.3721833219162254,0.6182770719162254,9638,,,1.9731063034266678e-05,Information
342870,6867.0,20161.04975,RUS,Russia,Irkutsk,3.572747594,0.0,0.65,0.49,6867.0,6867.0,1.0,1.0,100.0,-9999.0,-9999.0,3.0,10.0,10.0,-999.9,-999.9,-3954.266666666666,0.0,0.0,0.0,0.0,0.0,0.0,0.0,0.0,0.0,0.0,0.0,-3954.266666666666,12.171293776576793,71.45495188,0.0,,,,,,,,,,,,,,,,,0.0,0.0,232.453125,1.152981257593369,0.0,0.0,8.135859375,4.035434401576791,12.171293776576793,49560,,,0.1969951542712599,Information
342880,6868.0,12464.48854,RUS,Russia,Irkutsk,3.033971635,0.0,0.65,0.49,6868.0,6868.0,1.0,1.0,100.0,-9999.0,-9999.0,3.0,10.0,10.0,-999.9,-999.9,-3953.6,0.0,0.0,0.0,0.0,0.0,0.0,0.0,0.0,0.0,0.0,0.0,-3953.6,11.017276479751006,60.6794327,0.0,,,,,,,,,,,,,,,,,0.0,0.0,174.65625,1.4012307799288588,0.0,0.0,6.11296875,4.904307729751006,11.017276479751006,11705,,,0.1016362767144236,Information
342892,6870.0,3642.363598,RUS,Russia,Irkutsk,3.082067192,0.0,0.65,0.49,6870.0,6870.0,1.0,3.0,100.0,-9999.0,-9999.0,3.0,8.0,10.0,-999.9,-999.9,-3957.6,0.0,0.0,0.0,0.0,0.0,0.0,0.0,0.0,0.0,0.0,0.0,-3957.6,0.5346073199787057,61.64134384,0.0,,,,,,,,,,,,,,,,,0.0,0.0,4.078125,0.1119636985653445,0.0,0.0,0.142734375,0.3918729449787057,0.5346073199787057,278,,,9.634244179132022e-06,Information
342893,6871.0,6281.304993,RUS,Russia,Irkutsk,3.279607474,0.0,0.65,0.49,6871.0,6871.0,1.0,7.0,100.0,-9999.0,-9999.0,3.0,4.0,10.0,-999.9,-999.9,-3965.6,0.0,0.0,0.0,0.0,0.0,0.0,0.0,0.0,0.0,0.0,0.0,-3965.6,2.640828849553758,65.59214948,0.0,,,,,,,,,,,,,,,,,0.0,0.0,29.109375,0.4634287784439309,0.0,0.0,1.018828125,1.622000724553758,2.640828849553758,342,,,0.0051262924047674,Information
342896,6874.0,7279.473834,RUS,Russia,Irkutsk,4.022259349,0.0,0.65,0.49,6874.0,6874.0,1.0,1.0,100.0,-9999.0,-9999.0,3.0,10.0,10.0,-999.9,-999.9,-3953.6,0.0,0.0,0.0,0.0,0.0,0.0,0.0,0.0,0.0,0.0,0.0,-3953.6,0.6659413161165079,80.44518697999999,0.0,,0.0,0.0,0.0,0.0,6.562,0.09,0.0,0.0,0.0,0.0,0.09843,0.135,0.0,0.0,0.23343,0.0,0.0,8.015625,0.1101126974618594,0.0,0.0,0.280546875,0.3853944411165079,0.6659413161165079,861,,,0.0003627257327051,Information
342897,6875.0,8812.559344,RUS,Russia,Irkutsk,3.734713965,0.0,0.65,0.49,6875.0,6875.0,1.0,7.0,100.0,23.0,-9999.0,3.0,4.0,10.0,2.3,-999.9,-2969.1,0.0,0.0,0.0,0.0,0.0,0.0,0.0,0.0,0.0,0.0,0.0,-2969.1,0.5568680199422354,74.6942793,0.0,,,,,,,,,,,,,,,,,0.0,0.0,7.453125,0.0845738985549244,0.0,0.0,0.260859375,0.2960086449422354,0.5568680199422354,5401,,,6.76906906806915e-05,Information
342898,6876.0,4845.85231,RUS,Russia,Irkutsk,2.769848963,0.0,0.65,0.49,6876.0,6876.0,1.0,7.0,100.0,13.0,-9999.0,3.0,4.0,10.0,1.3,-999.9,-1965.6,0.0,0.0,0.0,0.0,0.0,0.0,0.0,0.0,0.0,0.0,0.0,-1965.6,-1965.6,55.39697926,0.0,,,,,,,,,,,,,,,,,,,,,,,,,,3572,,,,
342899,6877.0,9123.558036,RUS,Russia,Irkutsk,3.176476191,0.0,0.65,0.49,6877.0,6877.0,2.0,6.0,100.0,64.0,9.0,7.0,5.0,10.0,6.4,0.9,-951.8666666666664,0.0,0.0,0.0,0.0,0.0,0.0,0.0,0.0,0.0,0.0,0.0,-951.8666666666664,0.98007349482331,63.52952382,0.0,,,,,,,,,,,,,,,,,0.0,0.0,13.359375,0.1464272485209457,0.0,0.0,0.467578125,0.51249536982331,0.98007349482331,521,,,0.0001492312792526,Information
342910,6878.0,6460.930302,RUS,Russia,Irkutsk,4.000158972,0.0,0.65,0.49,6878.0,6878.0,1.0,6.0,100.0,-9999.0,-9999.0,3.0,5.0,10.0,-999.9,-999.9,-3963.6,0.0,0.0,0.0,0.0,0.0,0.0,0.0,0.0,0.0,0.0,0.0,-3963.6,15.988218858049205,80.00317944000001,0.0,,50.062,0.775,41.812,0.647,10.938,0.169,2.0,0.031,0.41812,0.647,0.16407,0.2535,0.05,0.0775,1.61019,0.0,0.0,179.296875,2.775093780871201,0.0,0.0,6.275390625,9.712828233049205,15.988218858049205,1424,,,0.411487140255703,Advisory
342920,6879.0,18798.69322,RUS,Russia,Irkutsk,2.573250551,0.0,0.65,0.49,6879.0,6879.0,1.0,7.0,37.0,-9999.0,-9999.0,3.0,4.0,3.7,-999.9,-999.9,-3978.2,0.0,0.0,0.0,0.0,0.0,0.0,0.0,0.0,0.0,0.0,0.0,-3978.2,2.367583740441658,51.465011020000006,0.0,,11.0,0.059,7.5,0.04,0.25,0.001,0.062,0.0,0.075,0.04,0.00375,0.0015,0.00155,0.0,0.1217999999999999,0.0,0.0,44.15625,0.2348899972690452,0.0,0.0,1.54546875,0.8221149904416581,2.367583740441658,827,,,0.0012621425667765,Information
342931,6880.0,4547.610018,RUS,Russia,Irkutsk,3.483604575,0.0,0.65,0.49,6880.0,6880.0,1.0,6.0,100.0,-9999.0,-9999.0,3.0,5.0,10.0,-999.9,-999.9,-3963.6,0.0,0.0,0.0,0.0,0.0,0.0,0.0,0.0,0.0,0.0,0.0,-3963.6,11.761416167866525,69.67209150000001,0.0,,26.625,0.585,15.625,0.344,7.125,0.157,0.938,0.021,0.15625,0.344,0.106875,0.2355,0.02345,0.0525,0.918575,0.0,0.0,105.046875,2.3099358693904355,0.0,0.0,3.676640625,8.084775542866524,11.761416167866525,1317,,,0.1717572286938484,Information
342933,6882.0,7381.019586,RUS,Russia,Irkutsk,4.002736206,0.0,0.65,0.49,6882.0,6882.0,0.0,11.0,5.0,3.0,-9999.0,0.0,1.0,0.5,0.3,-999.9,-2981.1,0.0,0.0,0.0,0.0,0.0,0.0,0.0,0.0,0.0,0.0,0.0,-2981.1,8.483997894798337,80.05472412,0.0,,16.312,0.221,14.5,0.196,1.438,0.019,0.5,0.007,0.145,0.196,0.02157,0.0284999999999999,0.0125,0.0175,0.4210699999999999,0.0,0.0,102.9375,1.3946243985138105,0.0,0.0,3.6028125,4.881185394798337,8.483997894798337,16309,,,0.196328024241786,Information
342934,6883.0,2356.156714,RUS,Russia,Irkutsk,1.455857922,0.0,0.65,0.49,6883.0,6883.0,1.0,6.0,33.0,-9999.0,-9999.0,3.0,5.0,3.3,-999.9,-999.9,-3977.0,0.0,0.0,0.0,0.0,0.0,0.0,0.0,0.0,0.0,0.0,0.0,-3977.0,-3977.0,29.11715844,0.0,,,,,,,,,,,,,,,,,,,,,,,,,,7,,,,
342935,6884.0,6392.742062,RUS,Russia,Irkutsk,3.397276535,0.0,0.65,0.49,6884.0,,,,,,,,,,,,,,,,,,,,,,,,,7.433790169969599,67.9455307,0.0,,9.562,0.15,8.5,0.133,0.125,0.002,0.0,0.0,0.085,0.133,0.001875,0.003,0.0,0.0,0.222875,0.0,0.0,82.828125,1.2956587985627428,0.0,0.0,2.898984375,4.5348057949696,7.433790169969599,16,,,0.0719527439887902,Information
342937,6886.0,6608.237992,RUS,Russia,Zabaykal'ye,3.099204492,0.0,0.65,0.49,6886.0,,,,,,,,,,,,,,,,,,,,,,,,,10.885569026105678,61.98408984,0.0,,8.25,0.125,6.625,0.1,3.5,0.053,0.188,0.003,0.06625,0.1,0.0525,0.0795,0.0046999999999999,0.0075,0.31045,0.0,0.0,123.75,1.8726625788873368,0.0,0.0,4.33125,6.554319026105679,10.885569026105678,41,,,0.1055462864728504,Information
342939,6888.0,516.8121012,RUS,Russia,Zabaykal'ye,2.436747216,0.0,0.65,0.49,6888.0,,,,,,,,,,,,,,,,,,,,,,,,,28.344477510564182,48.73494432,0.0,,2.188,0.423,2.188,0.423,1.438,0.278,0.312,0.06,0.02188,0.423,0.02157,0.417,0.0078,0.15,1.04125,0.0,0.0,39.796875,7.700453395875482,0.0,0.0,1.392890625,26.951586885564183,28.344477510564182,746,,,0.2767320942071437,Information
342940,6889.0,11943.54691,RUS,Russia,Buryat,2.692349212,0.0,0.65,0.49,6889.0,,,,,,,,,,,,,,,,,,,,,,,,,6.076777858280721,53.84698424,0.0,,7.0,0.059,7.0,0.059,3.438,0.029,0.75,0.006,0.07,0.059,0.05157,0.0435,0.01875,0.015,0.25782,0.0,0.0,94.5,0.7912222452230632,0.0,0.0,3.3075,2.769277858280721,6.076777858280721,10881,,,0.0213062801486316,Information
342950,6890.0,11273.15077,RUS,Russia,Buryat,2.249041925,0.0,0.65,0.49,6890.0,,,,,,,,,,,,,,,,,,,,,,,,,13.857532495091702,44.9808385,0.0,,25.188,0.223,24.875,0.221,9.375,0.083,1.438,0.013,0.24875,0.221,0.140625,0.1245,0.0359499999999999,0.0325,0.803325,0.0,0.0,209.8125,1.8611699985976289,0.0,0.0,7.3434375,6.5140949950917015,13.857532495091702,1278,,,0.0839701074628549,Information
342969,6899.0,4289.053998,RUS,Russia,Buryat,3.510533374,0.0,0.65,0.49,6899.0,6899.0,1.0,7.0,31.0,3.0,-9999.0,3.0,4.0,3.1,0.3,-999.9,-970.4,0.0,0.0,0.0,0.0,0.0,0.0,0.0,0.0,0.0,0.0,0.0,-970.4,14.44602798183984,70.21066748,0.0,,8.125,0.189,2.938,0.068,9.875,0.23,22.375,0.522,0.02938,0.068,0.148125,0.345,0.559375,1.3050000000000002,2.45488,0.0,0.0,123.890625,2.8885303162399545,0.0,0.0,4.336171875,10.10985610683984,14.44602798183984,0,,,0.2346154906045199,Information
342980,6901.0,17515.45284,RUS,Russia,Zabaykal'ye,3.330356019,0.0,0.65,0.49,6901.0,6901.0,1.0,8.0,88.0,19.0,5.0,3.0,3.0,8.8,1.9,0.5,33.8,0.0,0.0,0.0,0.0,0.0,0.0,0.0,0.0,0.0,0.0,0.0,33.8,33.8,66.60712038,0.0,,162.75,0.929,100.125,0.572,0.375,0.002,0.25,0.001,1.00125,0.572,0.005625,0.003,0.00625,0.0025,1.5906249999999995,0.0,0.0,70.453125,0.4022341051639055,0.0,0.0,2.465859375,1.4078193680736693,3.873678743073669,135,,,0.504834308223791,Advisory
342992,6903.0,10611.00198,RUS,Russia,Zabaykal'ye,2.468207105,0.0,0.65,0.49,6903.0,6903.0,1.0,8.0,35.0,17.0,2.0,3.0,3.0,3.5,1.7,0.2,28.6,0.0,0.0,0.0,0.0,0.0,0.0,0.0,0.0,0.0,0.0,0.0,28.6,28.6,49.3641421,0.0,,,,,,,,,,,,,,,,,0.0,0.0,3.375,0.0318066098320132,0.0,0.0,0.118125,0.1113231344120462,0.2294481344120462,0,,,0.2839139894335263,Information
342999,6910.0,18440.76508,RUS,Russia,Buryat,3.813860052,0.0,0.65,0.49,6910.0,6910.0,1.0,6.0,35.0,3.0,-9999.0,3.0,5.0,3.5,0.3,-999.9,-630.6666666666666,0.0,0.0,0.0,0.0,0.0,0.0,0.0,0.0,0.0,0.0,0.0,-630.6666666666666,0.9488617339631776,76.27720104,0.0,,,,,,,,,,,,,,,,,0.0,0.0,17.578125,0.0953221025609079,0.0,0.0,0.615234375,0.3336273589631776,0.9488617339631776,1930,,,0.0006433522513056,Information
351108,6919.0,38950.29425,RUS,Russia,Sakha,3.081292994,0.0,0.65,0.49,6919.0,6919.0,0.0,9.0,7.0,-9999.0,-9999.0,0.0,2.0,0.7,-999.9,-999.9,-3994.2,0.0,0.0,0.0,0.0,0.0,0.0,0.0,0.0,0.0,0.0,0.0,-3994.2,0.1237100946964127,61.62585988,0.0,,,,,,,,,,,,,,,,,0.0,0.0,2.8125,0.0072207413418322,0.0,0.0,0.0984375,0.0252725946964127,0.1237100946964127,944,,,4.812779690267482e-09,Information
351215,6924.0,10867.98384,RUS,Russia,Sakha,3.740177416,0.0,0.65,0.49,6924.0,6924.0,2.0,12.0,100.0,78.0,21.0,7.0,1.0,10.0,7.8,2.1,55.8,0.0,0.0,0.0,0.0,0.0,0.0,0.0,0.0,0.0,0.0,0.0,55.8,55.8,74.80354832,0.0,,,,,,,,,,,,,,,,,0.0,0.0,10.546875,0.0970453688507964,0.0,0.0,0.369140625,0.3396587909777874,0.7087994159777874,1138,,,0.7867138087921436,Watch
351217,6926.0,3844.850918,RUS,Russia,Sakha,1.132195004,0.0,0.65,0.49,6926.0,,,,,,,,,,,,,,,,,,,,,,,,,8.504549676568358,22.64390008,0.0,,0.375,0.01,0.375,0.01,0.812,0.021,0.688,0.018,0.00375,0.01,0.01218,0.0315,0.0171999999999999,0.045,0.11963,3.234375,0.0841222473569944,66.09375,1.7190198372951044,0.048515625,0.1261833710354916,2.31328125,6.016569430532866,8.504549676568358,0,,,0.013628475853822,Information
351219,6928.0,844.2923348,RUS,Russia,Sakha,0.738342938,0.0,0.65,0.49,6928.0,,,,,,,,,,,,,,,,,,,,,,,,,31.46437114660764,14.766858759999998,0.0,,0.312,0.037,0.0,0.0,1.062,0.126,1.0,0.118,0.0,0.0,0.01593,0.189,0.025,0.295,0.52493,0.5625,0.0666238430461713,69.75,8.26135653772525,0.0084375,0.0999357645692569,2.44125,28.914747882038377,31.46437114660764,0,,,0.1594952543055558,Information
351221,6929.0,795.7545018,RUS,Russia,Sakha,2.611235612,0.0,0.65,0.49,6929.0,6929.0,1.0,10.0,94.0,5.0,-9999.0,3.0,1.0,9.4,0.5,-999.9,-1972.0,0.0,0.0,0.0,0.0,0.0,0.0,0.0,0.0,0.0,0.0,0.0,-1972.0,7.879279074521952,52.22471224,0.0,,,,,,,,,,,,,,,,,0.0,0.0,16.59375,2.0852850927205577,0.0,0.0,0.58078125,7.298497824521952,7.879279074521952,0,,,0.035751302799646,Information
351241,6939.0,298.5271688,RUS,Russia,Sakha,3.4020012,0.0,0.65,0.49,6939.0,,,,,,,,,,,,,,,,,,,,,,,,,6.961545938696236,68.040024,0.0,,0.312,0.105,0.062,0.021,0.125,0.042,0.062,0.021,0.00062,0.021,0.001875,0.063,0.00155,0.0525,0.140545,0.0,0.0,5.765625,1.9313568753417816,0.0,0.0,0.201796875,6.759749063696235,6.961545938696236,0,,,0.063744014039079,Information
351242,6940.0,4954.090432,RUS,Russia,Sakha,3.214232366,0.0,0.65,0.49,6940.0,,,,,,,,,,,,,,,,,,,,,,,,,32.615024099846394,64.28464732,0.0,,34.812,0.703,9.5,0.192,46.25,0.934,28.562,0.577,0.095,0.192,0.69375,1.401,0.71405,1.4425,4.5383,6.328125,0.1277353549968227,306.0,6.176714054957474,0.094921875,0.191603032495234,10.71,21.61849919235116,32.615024099846394,0,,,0.4638227358434049,Advisory
351243,6941.0,4279.789397,RUS,Russia,Sakha,0.667225979,0.0,0.65,0.49,6941.0,6941.0,1.0,10.0,51.0,5.0,-9999.0,3.0,1.0,5.1,0.5,-999.9,-1980.6,0.0,0.0,0.0,0.0,0.0,0.0,0.0,0.0,0.0,0.0,0.0,-1980.6,18.467879371053428,13.34451958,0.0,,6.875,0.161,2.688,0.063,30.125,0.704,22.5,0.526,0.02688,0.063,0.451875,1.056,0.5625,1.315,3.475255,3.796875,0.0887163981246043,156.515625,3.6570870782475775,0.056953125,0.1330745971869064,5.478046875,12.79980477386652,18.467879371053428,8411,,,0.0610634799624007,Information
351244,6942.0,17750.68109,RUS,Russia,Sakha,3.5055274,0.0,0.65,0.49,6942.0,,,,,,,,,,,,,,,,,,,,,,,,,26.85105148382201,70.110548,0.0,,1.625,0.009,0.312,0.002,9.438,0.053,2.812,0.016,0.00312,0.002,0.14157,0.0795,0.0702999999999999,0.04,0.3364899999999999,0.84375,0.0047533387360651,490.359375,2.762482028776547,0.01265625,0.0071300081040976,17.162578125,9.668687100717914,26.85105148382201,1135,,,0.4573148956681196,Advisory
351245,6943.0,10260.21731,RUS,Russia,Sakha,3.253571273,0.0,0.65,0.49,6943.0,,,,,,,,,,,,,,,,,,,,,,,,,23.72388987185317,65.07142546,0.0,,10.562,0.103,3.25,0.032,0.562,0.005,0.625,0.006,0.0325,0.032,0.00843,0.0075,0.015625,0.015,0.111055,0.0,0.0,343.265625,3.345597999100906,0.0,0.0,12.014296875,11.709592996853171,23.72388987185317,232,,,0.349443736491662,Information
351250,6948.0,866.7436961,RUS,Russia,Sakha,3.63720627,0.0,0.65,0.49,6948.0,,,,,,,,,,,,,,,,,,,,,,,,,10.366892467290493,72.7441254,0.0,,7.75,0.894,1.188,0.137,3.875,0.447,0.812,0.094,0.01188,0.137,0.058125,0.6705,0.0203,0.235,1.1328049999999998,0.0,0.0,23.625,2.725719276368712,0.0,0.0,0.826875,9.540017467290491,10.366892467290493,48,,,0.1668590731040209,Information
351260,6949.0,19909.07366,RUS,Russia,Sakha,3.188435248,0.0,0.65,0.49,6949.0,,,,,,,,,,,,,,,,,,,,,,,,,13.096978322873827,63.76870496000001,0.0,,2.188,0.011,0.562,0.003,17.25,0.087,4.625,0.023,0.00562,0.003,0.25875,0.1305,0.115625,0.0574999999999999,0.570995,18.140625,0.0911173734616862,241.3125,1.212072967908943,0.272109375,0.1366760601925293,8.4459375,4.2422553876813005,13.096978322873827,274,,,0.1544479008229968,Information
351270,6950.0,25046.37188,RUS,Russia,Sakha,3.132021322,0.0,0.65,0.49,6950.0,,,,,,,,,,,,,,,,,,,,,,,,,21.26207489247217,62.64042644,0.0,,3.125,0.012,0.125,0.0,14.438,0.058,10.25,0.041,0.00125,0.0,0.21657,0.087,0.25625,0.1025,0.66357,10.265625,0.0409864752001729,429.75,1.7158173727634032,0.153984375,0.0614797128002593,15.04125,6.005360804671911,21.26207489247217,1483,,,0.2864913310883131,Information
351416,6975.0,8550.852244,RUS,Russia,Sakha,2.3184039,0.0,0.65,0.49,6975.0,6975.0,0.0,15.0,2.0,-9999.0,-9999.0,0.0,1.0,0.2,-999.9,-999.9,-3997.2,0.0,0.0,0.0,0.0,0.0,0.0,0.0,0.0,0.0,0.0,0.0,-3997.2,0.128134562424387,46.368078,0.0,,,,,,,,,,,,,,,,,0.0,0.0,1.6875,0.0197348749783963,0.0,0.0,0.0590625,0.069072062424387,0.128134562424387,0,,,7.859105116816359e-10,Information
351480,7009.0,24174.17317,RUS,Russia,Sakha,2.983502731,0.0,0.65,0.49,7009.0,7009.0,2.0,8.0,76.0,54.0,7.0,7.0,3.0,7.6,5.4,0.7,47.4,0.0,0.0,0.0,0.0,0.0,0.0,0.0,0.0,0.0,0.0,0.0,47.4,47.4,59.67005462,0.0,,,,,,,,,,,,,,,,,,,,,,,,,,1073,,,0.5641612097703871,Advisory
351491,7010.0,8597.553739,RUS,Russia,Sakha,3.018759736,0.0,0.65,0.49,7010.0,,,,,,,,,,,,,,,,,,,,,,,,,0.31093,60.37519472,0.0,,16.375,0.19,14.25,0.166,0.062,0.001,0.0,0.0,0.1425,0.166,0.0009299999999999,0.0015,0.0,0.0,0.31093,0.140625,0.0016356396745869,2.25,0.0261702347933913,0.002109375,0.0024534595118803,0.07875,0.0915958217768695,0.1749086562887499,5415,,,6.246855093933112e-07,Information
351492,7011.0,22848.38729,RUS,Russia,Sakha,3.031403823,0.0,0.65,0.49,7011.0,7011.0,2.0,8.0,90.0,68.0,23.0,7.0,3.0,9.0,6.8,2.3,56.2,0.0,0.0,0.0,0.0,0.0,0.0,0.0,0.0,0.0,0.0,0.0,56.2,56.2,60.62807646,0.0,,,,,,,,,,,,,,,,,,,,,,,,,,921,,,0.6390287147436953,Watch
351493,7012.0,2663.061875,RUS,Russia,Sakha,2.91672222,0.0,0.65,0.49,7012.0,7012.0,0.0,12.0,5.0,-9999.0,-9999.0,0.0,1.0,0.5,-999.9,-999.9,-3996.6,0.0,0.0,0.0,0.0,0.0,0.0,0.0,0.0,0.0,0.0,0.0,-3996.6,0.4446739134216512,58.3344444,0.0,,,,,,,,,,,,,,,,,0.0,0.0,2.671875,0.1003309395490432,0.0,0.0,0.093515625,0.3511582884216512,0.4446739134216512,537,,,2.8115266933934547e-06,Information
351603,7022.0,4471.689385,RUS,Russia,Sakha,0.323157918,0.0,0.65,0.49,7022.0,7022.0,1.0,11.0,43.0,-9999.0,-9999.0,3.0,1.0,4.3,-999.9,-999.9,-3983.0,0.0,0.0,0.0,0.0,0.0,0.0,0.0,0.0,0.0,0.0,0.0,-3983.0,-3983.0,6.46315836,0.0,,,,,,,,,,,,,,,,,,,,,,,,,,222,,,,
351605,7024.0,5283.053179,RUS,Russia,Sakha,1.313514094,0.0,0.65,0.49,7024.0,7024.0,1.0,15.0,80.0,2.0,-9999.0,3.0,1.0,8.0,0.2,-999.9,-1975.4,0.0,0.0,0.0,0.0,0.0,0.0,0.0,0.0,0.0,0.0,0.0,-1975.4,0.569528829756714,26.27028188,0.0,,,,,,,,,,,,,,,,,0.0,0.0,5.625,0.1064725227876326,0.0,0.0,0.196875,0.3726538297567141,0.569528829756714,1838,,,5.770721696670994e-07,Information
351822,7039.0,59388.5285,RUS,Russia,Chukot,3.132751862,0.0,0.65,0.49,7039.0,7039.0,0.0,12.0,19.0,-9999.0,-9999.0,0.0,1.0,1.9,-999.9,-999.9,-3993.8,0.0,0.0,0.0,0.0,0.0,0.0,0.0,0.0,0.0,0.0,0.0,-3993.8,23.57677598286053,62.65503724,0.0,,,,,,,,,,,,,,,,,35.71875,0.0601441909750566,561.234375,0.9450215203994142,0.53578125,0.0902162864625849,19.643203125,3.30757532139795,23.57677598286053,55,,,0.322781123487642,Information
351825,7042.0,7396.737651,RUS,Russia,Chukot,2.489179901,0.0,0.65,0.49,7042.0,7042.0,0.0,13.0,3.0,-9999.0,-9999.0,0.0,1.0,0.3,-999.9,-999.9,-3997.0,0.0,0.0,0.0,0.0,0.0,0.0,0.0,0.0,0.0,0.0,0.0,-3997.0,16.831490844952704,49.78359802,0.0,,,,,,,,,,,,,,,,,0.0,0.0,204.46875,2.764309884272201,0.0,0.0,7.15640625,9.675084594952704,16.831490844952704,176,,,0.1371771169286795,Information
351847,7054.0,16827.15435,RUS,Russia,Maga Buryatdan,2.658746263,0.0,0.65,0.49,7054.0,,,,,,,,,,,,,,,,,,,,,,,,,4.95023178185488,53.17492526,0.0,,0.0,0.0,0.0,0.0,0.188,0.001,3.312,0.02,0.0,0.0,0.00282,0.0015,0.0828,0.05,0.13712,0.28125,0.0016714055995062,88.59375,0.5264927638444632,0.00421875,0.0025071083992593,3.10078125,1.842724673455621,4.95023178185488,79,,,0.0123205106355232,Information
351851,7057.0,16227.06808,RUS,Russia,Sakha,2.225119225,0.0,0.65,0.49,7057.0,7057.0,1.0,14.0,76.0,29.0,-9999.0,3.0,1.0,7.6,2.9,-999.9,-1970.8,0.0,0.0,0.0,0.0,0.0,0.0,0.0,0.0,0.0,0.0,0.0,-1970.8,62.56808664164412,44.5023845,0.0,3.0,,,,,,,,,,,,,,,,0.0,0.0,1278.140625,7.876596183326891,0.0,0.0,35.0,27.56808664164412,62.56808664164412,268,32.0,11.940298507462686,0.5477248755559707,Watch
351853,7059.0,7995.538922,RUS,Russia,Sakha,3.20106663,0.0,0.65,0.49,7059.0,7059.0,2.0,12.0,90.0,60.0,2.0,7.0,1.0,9.0,6.0,0.2,46.4,0.0,0.0,0.0,0.0,0.0,0.0,0.0,0.0,0.0,0.0,0.0,46.4,46.4,64.02133260000001,0.0,,,,,,,,,,,,,,,,,0.0,0.0,165.796875,2.073617258655675,0.0,0.0,5.802890625,7.257660405294863,13.060551030294864,5155,,,0.6003963997811184,Watch
351897,7091.0,61985.69082,RUS,Russia,Maga Buryatdan,3.117917193,0.0,0.65,0.49,7091.0,7091.0,2.0,9.0,78.0,52.0,9.0,7.0,2.0,7.8,5.2,0.9,44.9,0.0,0.0,0.0,0.0,0.0,0.0,0.0,0.0,0.0,0.0,0.0,44.9,44.9,62.35834386,0.0,,,,,,,,,,,,,,,,,0.0,0.0,134.71875,0.2173384667037451,0.0,0.0,4.71515625,0.7606846334631079,5.475840883463108,12812,,,0.5699812706475526,Advisory
351899,7093.0,15580.95307,RUS,Russia,Maga Buryatdan,3.01338079,0.0,0.65,0.49,7093.0,7093.0,1.0,15.0,39.0,11.0,-9999.0,3.0,1.0,3.9,1.1,-999.9,-1981.8,0.0,0.0,0.0,0.0,0.0,0.0,0.0,0.0,0.0,0.0,0.0,-1981.8,-1981.8,60.2676158,0.0,,,,,,,,,,,,,,,,,,,,,,,,,,531,,,,
351960,7100.0,11906.62859,RUS,Russia,Chukot,2.607197548,0.0,0.65,0.49,7100.0,,,,,,,,,,,,,,,,,,,,,,,,,70.96248110816244,52.14395096,0.0,3.0,4.5,0.038,2.0,0.017,4.625,0.039,3.75,0.031,0.02,0.017,0.069375,0.0584999999999999,0.09375,0.0775,0.336125,34.875,0.2929040721082908,1603.40625,13.466500928140048,0.523125,0.4393561081624362,35.0,35.0,70.96248110816244,470,0.0,0.0,0.6531924165805848,Watch
351970,7101.0,15259.96247,RUS,Russia,Chukot,2.377485927,0.0,0.65,0.49,7101.0,,,,,,,,,,,,,,,,,,,,,,,,,69.97841018691147,47.54971854,0.0,3.0,10.438,0.068,6.625,0.043,2.188,0.014,3.625,0.024,0.06625,0.043,0.03282,0.021,0.090625,0.06,0.313695,30.375,0.1990502929695796,1492.171875,9.7783456421306,0.455625,0.2985754394543694,35.0,34.224209747457095,69.97841018691147,3237,488.0,15.075687364843994,0.6134495089840054,Watch
351980,7102.0,20865.9575,RUS,Russia,Chukot,2.585972897,0.0,0.65,0.49,7102.0,,,,,,,,,,,,,,,,,,,,,,,,,74.09070273950199,51.71945794,0.0,3.0,9.625,0.046,5.688,0.027,9.75,0.047,47.25,0.226,0.05688,0.027,0.14625,0.0705,1.18125,0.5650000000000001,2.04688,184.359375,0.8835414096679973,3165.890625,15.172515450690788,2.765390625,1.325312114501996,35.0,35.0,74.09070273950199,0,0.0,0.0,0.6657696023781812,Watch
353011,7112.0,28982.17748,RUS,Russia,Chukot,3.628804331,0.0,0.65,0.49,7112.0,,,,,,,,,,,,,,,,,,,,,,,,,63.28871804677216,72.57608662,0.0,3.0,1.375,0.005,0.688,0.002,0.562,0.002,3.438,0.012,0.00688,0.002,0.00843,0.003,0.08595,0.03,0.13626,46.265625,0.1596347446086887,2265.1875,7.815794729959749,0.693984375,0.239452116913033,35.0,27.35528155485912,63.28871804677216,1427,0.0,0.0,0.7985045891882385,Watch
353012,7113.0,111992.645,RUS,Russia,Chukot,2.995941494,2.29254299,0.65,0.49,7113.0,,,,,,,,,,,,,,,,,,,,,,,,,59.25558010693288,59.91882988,45.8508598,3.0,303.75,0.271,195.188,0.174,3.438,0.003,5.375,0.005,1.95188,0.174,0.05157,0.0045,0.134375,0.0125,2.328825,926.15625,0.8269795309305469,2919.09375,2.6065048744391577,13.89234375,1.2404692963958204,35.0,9.122767060537052,59.25558010693288,11122,1507.0,13.54972127315231,0.6520841237167996,Watch
354145,7130.0,4113.572406,RUS,Russia,Chukot,3.180358409,0.0,0.65,0.49,7130.0,7130.0,0.0,15.0,17.0,-9999.0,-9999.0,0.0,1.0,1.7,-999.9,-999.9,-3994.2,0.0,0.0,0.0,0.0,0.0,0.0,0.0,0.0,0.0,0.0,0.0,-3994.2,0.2870762805647114,63.60716818,0.0,,,,,,,,,,,,,,,,,0.0,0.0,2.390625,0.0581155444470604,0.0,0.0,0.083671875,0.2034044055647114,0.2870762805647114,548,,,6.414683538192978e-07,Information
354175,7149.0,7221.39711,RUS,Russia,Chukot,3.511149599,3.201004964,0.65,0.49,7149.0,,,,,,,,,,,,,,,,,,,,,,,,,4.671547890011867,70.22299198,64.02009928,,37.75,0.523,23.938,0.331,0.0,0.0,0.062,0.001,0.2393799999999999,0.331,0.0,0.0,0.00155,0.0025,0.57443,0.0,0.0,55.96875,0.7750404685748191,0.0,0.0,1.95890625,2.712641640011867,4.671547890011867,435,,,0.0319952471380767,Information
354194,7158.0,13905.97198,RUS,Russia,Kamchatka,2.831795512,1.965862407,0.65,0.49,7158.0,,,,,,,,,,,,,,,,,,,,,,,,,1.8602709997167093,56.63591024,39.31724814,,10.062,0.072,8.75,0.063,0.062,0.0,0.0,0.0,0.0875,0.063,0.0009299999999999,0.0,0.0,0.0,0.1514299999999999,0.28125,0.0020225123449427,30.796875,0.2214651017712272,0.00421875,0.003033768517414,1.077890625,0.7751278561992951,1.8602709997167093,106,,,0.0008194046966757,Information
354196,7160.0,10956.8874,RUS,Russia,Kamchatka,3.496898398,0.0,0.65,0.49,7160.0,,,,,,,,,,,,,,,,,,,,,,,,,0.5500414637912503,69.93796796,0.0,,9.0,0.082,5.562,0.051,0.0,0.0,0.0,0.0,0.05562,0.051,0.0,0.0,0.0,0.0,0.1066199999999999,0.140625,0.0012834393094926,8.15625,0.0744394799505747,0.002109375,0.0019251589642389,0.28546875,0.2605381798270114,0.5500414637912503,250,,,3.153440049622702e-05,Information
354241,7166.0,4264.033019,RUS,Russia,Kamchatka,1.696933593,2.625278164,0.65,0.49,7166.0,7166.0,0.0,15.0,2.0,-9999.0,-9999.0,0.0,1.0,0.2,-999.9,-999.9,-3997.2,0.0,0.0,0.0,0.0,0.0,0.0,0.0,0.0,0.0,0.0,0.0,-3997.2,41.49090397208135,33.93867186,52.50556328,,,,,,,,,,,,,,,,,0.0,0.0,354.375,8.310793992023243,0.0,0.0,12.403125,29.08777897208135,41.49090397208135,18,,,0.4462512404577796,Advisory
354245,7170.0,8463.298835,RUS,Russia,Kamchatka,2.332883941,0.0,0.65,0.49,7170.0,,,,,,,,,,,,,,,,,,,,,,,,,21.2278921356167,46.65767882,0.0,,34.375,0.406,20.625,0.244,5.562,0.066,0.375,0.004,0.20625,0.244,0.08343,0.099,0.009375,0.01,0.6520549999999999,0.0,0.0,278.015625,3.284955788747628,0.0,0.0,9.730546875,11.497345260616695,21.2278921356167,597,,,0.1784171478654533,Information
354246,7171.0,8476.184941,RUS,Russia,Kamchatka,2.07667752,0.0,0.65,0.49,7171.0,,,,,,,,,,,,,,,,,,,,,,,,,0.8153724792177919,41.5335504,0.0,,45.5,0.537,16.5,0.195,1.188,0.014,0.0,0.0,0.165,0.195,0.01782,0.021,0.0,0.0,0.39882,0.0,0.0,10.6875,0.1260885654907977,0.0,0.0,0.3740625,0.4413099792177919,0.8153724792177919,1927,,,9.661932795219566e-06,Information
354247,7172.0,153.6418667,RUS,Russia,Kamchatka,2.814796219,0.0,0.65,0.49,7172.0,,,,,,,,,,,,,,,,,,,,,,,,,20.81722421301756,56.29592438,0.0,,18.812,12.244,7.125,4.637,1.812,1.18,0.375,0.244,0.07125,4.637,0.02718,1.77,0.009375,0.61,7.124805000000001,0.0,0.0,9.0,5.857778346576445,0.0,0.0,0.315,20.50222421301756,20.81722421301756,0,,,0.2291464894330988,Information
354248,7173.0,2851.729334,RUS,Russia,Kamchatka,3.115314729,0.0,0.65,0.49,7173.0,,,,,,,,,,,,,,,,,,,,,,,,,3.194084044757447,62.30629458,0.0,,20.562,0.721,8.625,0.302,9.562,0.335,1.188,0.042,0.08625,0.302,0.14343,0.5025000000000001,0.0296999999999999,0.105,1.16888,0.0,0.0,20.25,0.7100954413592705,0.0,0.0,0.70875,2.4853340447574466,3.194084044757447,41,,,0.0067898587009323,Information
354249,7174.0,18843.03355,RUS,Russia,Kamchatka,3.009822698,0.0,0.65,0.49,7174.0,,,,,,,,,,,,,,,,,,,,,,,,,2.275242212233603,60.19645396,0.0,,17.312,0.092,7.438,0.039,0.0,0.0,0.0,0.0,0.07438,0.039,0.0,0.0,0.0,0.0,0.11338,0.0,0.0,42.46875,0.2253817034953152,0.0,0.0,1.48640625,0.7888359622336032,2.275242212233603,9322,,,0.00210575143383,Information
354250,7175.0,16978.03899,RUS,Russia,Kamchatka,1.259048772,4.001188798,0.65,0.49,7175.0,,,,,,,,,,,,,,,,,,,,,,,,,11.422896242423334,25.18097544,80.02377596000001,,15.25,0.09,13.438,0.079,0.438,0.003,0.5,0.003,0.13438,0.079,0.00657,0.0045,0.0125,0.0075,0.24445,3.796875,0.0223634484635035,203.765625,1.2001717342080227,0.056953125,0.0335451726952552,7.131796875,4.200601069728079,11.422896242423334,527,,,0.2881071410397042,Information
354270,7177.0,5060.816469,RUS,Russia,Kamchatka,0.165633676,1.044682699,0.65,0.49,7177.0,,,,,,,,,,,,,,,,,,,,,,,,,14.166061955375175,3.31267352,20.89365398,,8.062,0.159,6.5,0.128,3.312,0.065,0.625,0.012,0.065,0.128,0.04968,0.0975,0.015625,0.03,0.385805,15.46875,0.3056572016517783,129.375,2.5564056865421456,0.23203125,0.4584858024776674,4.528125,8.94741990289751,14.166061955375175,159880,,,0.0427213108417902,Information
354290,7179.0,8599.075588,RUS,Russia,Kamchatka,0.986921913,0.147295047,0.65,0.49,7179.0,,,,,,,,,,,,,,,,,,,,,,,,,17.58805316762764,19.73843826,2.9459009400000005,,100.25,1.166,86.25,1.003,13.688,0.159,3.125,0.036,0.8625,1.003,0.20532,0.2385,0.078125,0.09,2.477445,29.25,0.3401528420002679,219.796875,2.556052365607782,0.43875,0.5102292630004018,7.692890625,8.946183279627236,17.58805316762764,24251,,,0.0644982569194834,Information
354410,7180.0,11384.09244,RUS,Russia,Kamchatka,2.221224622,3.277644306,0.65,0.49,7180.0,,,,,,,,,,,,,,,,,,,,,,,,,12.703100150369078,44.42449244,65.55288612,,7.625,0.067,5.938,0.052,0.5,0.004,0.0,0.0,0.0593799999999999,0.052,0.0075,0.006,0.0,0.0,0.1248799999999999,0.0,0.0,193.21875,1.6972696858197367,0.0,0.0,6.76265625,5.940443900369078,12.703100150369078,5384,,,0.159241738552916,Information
354420,7181.0,10751.84149,RUS,Russia,Kamchatka,1.792725199,0.0,0.65,0.49,7181.0,,,,,,,,,,,,,,,,,,,,,,,,,4.12281737462664,35.85450398,0.0,,88.188,0.82,73.875,0.687,3.75,0.035,0.312,0.003,0.73875,0.687,0.05625,0.0525,0.0078,0.0075,1.5498,0.0,0.0,61.03125,0.5676353213218972,0.0,0.0,2.13609375,1.98672362462664,4.12281737462664,2323,,,0.0030290766441171,Information
354431,7182.0,26367.98866,RUS,Russia,Kamchatka,2.193116341,4.002289842,0.65,0.49,7182.0,,,,,,,,,,,,,,,,,,,,,,,,,19.401489986813537,43.86232682,80.04579684,,41.062,0.156,25.562,0.097,1.875,0.007,0.125,0.0,0.25562,0.097,0.028125,0.0105,0.003125,0.0,0.39437,2.953125,0.0111996596993986,400.640625,1.5194204992184113,0.044296875,0.0167994895490979,14.022421875,5.31797174726444,19.401489986813537,2333,,,0.4887952090950664,Advisory
354432,7183.0,4618.04845,RUS,Russia,Kamchatka,2.633540063,3.630186343,0.65,0.49,7183.0,,,,,,,,,,,,,,,,,,,,,,,,,5.390606002893995,52.67080126,72.60372686,,3.875,0.084,3.5,0.076,0.0,0.0,0.0,0.0,0.035,0.076,0.0,0.0,0.0,0.0,0.111,0.0,0.0,48.65625,1.0536106436839987,0.0,0.0,1.70296875,3.687637252893996,5.390606002893995,296,,,0.0520015118833262,Information
354504,7207.0,60235.82733,RUS,Russia,Kamchatka,2.897813248,3.053414017,0.65,0.49,7207.0,7207.0,0.0,15.0,25.0,11.0,-9999.0,0.0,1.0,2.5,1.1,-999.9,-1990.6,0.0,0.0,0.0,0.0,0.0,0.0,0.0,0.0,0.0,0.0,0.0,-1990.6,1.8618877595927668,57.95626496,61.06828034,,,,,,,,,,,,,,,,,0.140625,0.0002334574060702,45.5625,0.0756401995667604,0.002109375,0.0003501861091053,1.5946875,0.2647406984836614,1.8618877595927668,1378,,,0.0011820331078961,Information
356022,7221.0,26196.27395,RUS,Russia,Maga Buryatdan,2.667059866,1.245828775,0.65,0.49,7221.0,,,,,,,,,,,,,,,,,,,,,,,,,2.819384390509485,53.34119731999999,24.9165755,,40.938,0.156,34.688,0.132,21.5,0.082,1.5,0.006,0.34688,0.132,0.3225,0.123,0.0375,0.015,0.97688,0.84375,0.0032208779069999,57.9375,0.2211669496139959,0.01265625,0.0048313168604998,2.0278125,0.7740843236489857,2.819384390509485,748,,,0.0025053658233108,Information
356023,7222.0,4183.793405,RUS,Russia,Khabarovsk,3.850575391,1.155836191,0.65,0.49,7222.0,,,,,,,,,,,,,,,,,,,,,,,,,21.401011813049685,77.01150782,23.11672382,,71.625,1.712,47.375,1.132,6.625,0.158,0.625,0.015,0.47375,1.132,0.099375,0.237,0.015625,0.0375,1.99525,39.234375,0.937770372486269,163.546875,3.9090571440915087,0.588515625,1.4066555587294036,5.724140625,13.68170000432028,21.401011813049685,104,,,0.4714778081227254,Advisory
356024,7223.0,19416.95466,RUS,Russia,Khabarovsk,3.242176115,0.539710528,0.65,0.49,7223.0,,,,,,,,,,,,,,,,,,,,,,,,,8.092659370363032,64.8435223,10.79421056,,89.75,0.462,83.438,0.43,1.312,0.007,0.0,0.0,0.83438,0.43,0.01968,0.0105,0.0,0.0,1.29456,24.046875,0.1238447296188175,142.3125,0.7329290431242302,0.360703125,0.1857670944282262,4.9809375,2.565251650934806,8.092659370363032,495,,,0.070936537536152,Information
356025,7224.0,21676.47998,RUS,Russia,Khabarovsk,3.013408394,3.443096387,0.65,0.49,7224.0,,,,,,,,,,,,,,,,,,,,,,,,,6.908891948269424,60.26816787999999,68.86192774,,148.312,0.684,85.438,0.394,22.0,0.101,1.875,0.009,0.85438,0.394,0.33,0.1515,0.046875,0.0225,1.799255,30.375,0.1401288402219499,122.0625,0.5631103394104285,0.455625,0.2101932603329248,4.2721875,1.9708861879365,6.908891948269424,4209,,,0.0660821202207478,Information
356026,7225.0,20721.79671,RUS,Russia,Khabarovsk,3.145864437,0.0,0.65,0.49,7225.0,,,,,,,,,,,,,,,,,,,,,,,,,9.129703698819432,62.91728874,0.0,,48.562,0.234,24.062,0.116,9.562,0.046,1.938,0.009,0.24062,0.116,0.14343,0.069,0.04845,0.0225,0.64,64.6875,0.3121712894398123,148.21875,0.7152794327599178,0.9703125,0.4682569341597185,5.18765625,2.5034780146597124,9.129703698819432,678,,,0.0805147317322348,Information
356027,7226.0,14801.42307,RUS,Russia,Khabarovsk,3.597799145,3.225452019,0.65,0.49,7226.0,,,,,,,,,,,,,,,,,,,,,,,,,4.044636266259448,71.95598290000001,64.50904038,,8.312,0.056,5.438,0.037,0.938,0.006,0.0,0.0,0.05438,0.037,0.01407,0.009,0.0,0.0,0.11445,18.84375,0.1273103937831436,60.890625,0.4113835858813521,0.28265625,0.1909655906747154,2.131171875,1.4398425505847323,4.044636266259448,399,,,0.0264103627539446,Information
356029,7228.0,21782.07307,RUS,Russia,Khabarovsk,3.176635426,3.202175929,0.65,0.49,7228.0,,,,,,,,,,,,,,,,,,,,,,,,,20.494900802612573,63.53270852,64.04351858,,2.625,0.012,0.25,0.001,3.5,0.016,7.938,0.036,0.0025,0.001,0.0525,0.024,0.19845,0.09,0.3684499999999999,38.671875,0.1775399195418188,384.75,1.7663607995142407,0.580078125,0.2663098793127282,13.46625,6.182262798299843,20.494900802612573,633,,,0.2870126199422586,Information
411001,7254.0,29945.84097,RUS,Russia,Sakhalin,2.916329297,1.093215418,0.65,0.49,7254.0,,,,,,,,,,,,,,,,,,,,,,,,,30.3756028645128,58.32658594,21.86430836,,18.188,0.061,13.812,0.046,6.875,0.023,9.125,0.03,0.13812,0.046,0.103125,0.0345,0.228125,0.075,0.6248699999999999,141.609375,0.4728849497199028,589.921875,1.9699626256951264,2.124140625,0.7093274245798542,20.647265625,6.894869189932942,30.3756028645128,115068,,,0.375916388818629,Advisory
411003,7256.0,2845.385403,RUS,Russia,Sakhalin,0.245448347,1.369096536,0.65,0.49,7256.0,,,,,,,,,,,,,,,,,,,,,,,,,18.71209393757992,4.90896694,27.38193072,,40.5,1.423,38.375,1.349,7.188,0.253,21.062,0.74,0.38375,1.349,0.10782,0.3795,0.52655,1.85,4.59662,52.875,1.858271991698067,95.765625,3.365646878580807,0.793125,2.7874079875471005,3.351796875,11.779764075032825,18.71209393757992,4545,,,0.0875426274429617,Information
411004,7257.0,7528.204062,RUS,Russia,Sakhalin,1.116444032,0.0,0.65,0.49,7257.0,,,,,,,,,,,,,,,,,,,,,,,,,30.9839949680757,22.32888064,0.0,,91.125,1.21,90.438,1.201,10.438,0.139,40.062,0.532,0.90438,1.201,0.15657,0.2085,1.00155,1.33,4.802,190.546875,2.531106668127716,298.546875,3.965711775966893,2.858203125,3.796660002191574,10.449140625,13.879991215884123,30.9839949680757,18069,,,0.1790444610017081,Information
411005,7258.0,12492.6446,RUS,Russia,Sakhalin,0.734050777,2.711596567,0.65,0.49,7258.0,,,,,,,,,,,,,,,,,,,,,,,,,33.34148811537142,14.68101554,54.23193134,,57.688,0.462,53.125,0.425,4.438,0.036,3.5,0.028,0.53125,0.425,0.06657,0.0539999999999999,0.0875,0.07,1.23432,129.09375,1.03335806061138,473.765625,3.792356542701242,1.93640625,1.55003709091707,16.581796875,13.273247899454349,33.34148811537142,2204,,,0.3757036972892996,Advisory
421044,7292.0,38106.13466,RUS,Russia,Khabarovsk,2.11226282,0.0,0.65,0.49,7292.0,,,,,,,,,,,,,,,,,,,,,,,,,16.01662188485679,42.2452564,0.0,,78.688,0.206,41.812,0.11,6.125,0.016,4.438,0.012,0.41812,0.11,0.091875,0.024,0.11095,0.03,0.7849450000000001,61.59375,0.1616373598500636,336.09375,0.8819938128804843,0.92390625,0.2424560397750954,11.76328125,3.086978345081695,16.01662188485679,18,,,0.0998199045958842,Information
421060,7299.0,4299.782692,RUS,Russia,Khabarovsk,1.394956148,0.0,0.65,0.49,7299.0,,,,,,,,,,,,,,,,,,,,,,,,,2.6189879061963377,27.89912296,0.0,,2.688,0.063,2.688,0.063,2.562,0.06,0.25,0.006,0.02688,0.063,0.03843,0.09,0.00625,0.015,0.23956,0.0,0.0,22.5,0.5232822589132393,0.0,0.0,0.7875,1.8314879061963376,2.6189879061963377,0,,,0.0004577597104809,Information
421070,7300.0,4583.854964,RUS,Russia,Khabarovsk,1.097704939,0.0,0.65,0.49,7300.0,,,,,,,,,,,,,,,,,,,,,,,,,10.40895332505904,21.95409878,0.0,,1.312,0.029,1.312,0.029,0.5,0.011,0.625,0.014,0.01312,0.029,0.0075,0.0165,0.015625,0.035,0.116745,0.5625,0.0122713306684875,93.234375,2.033973058301803,0.0084375,0.0184069960027312,3.263203125,7.11890570405631,10.40895332505904,0,,,0.0219716739857034,Information
421080,7301.0,12076.281,RUS,Russia,Khabarovsk,1.010686355,0.0,0.65,0.49,7301.0,,,,,,,,,,,,,,,,,,,,,,,,,16.15056560063907,20.2137271,0.0,,147.188,1.219,99.938,0.828,63.562,0.526,15.0,0.124,0.99938,0.828,0.95343,0.789,0.375,0.31,4.25481,13.78125,0.1141183283108043,246.515625,2.04132070947796,0.20671875,0.1711774924662064,8.628046875,7.144622483172861,16.15056560063907,524,,,0.0550886872051596,Information
421090,7302.0,14705.86429,RUS,Russia,Khabarovsk,3.849425215,2.210480181,0.65,0.49,7302.0,,,,,,,,,,,,,,,,,,,,,,,,,25.11102498547429,76.9885043,44.20960362,,43.812,0.298,18.5,0.126,13.188,0.09,18.625,0.127,0.185,0.126,0.19782,0.135,0.465625,0.3175,1.426945,95.765625,0.651207049944303,386.015625,2.624909474445098,1.436484375,0.9768105749164544,13.510546875,9.187183160557844,25.11102498547429,22282,,,0.5347886744997895,Advisory
422110,7330.0,8421.97221,RUS,Russia,Khabarovsk,3.357952855,0.0,0.65,0.49,7330.0,7330.0,2.0,7.0,100.0,86.0,-9999.0,7.0,4.0,10.0,8.6,-999.9,-1942.95,0.0,0.0,0.0,0.0,0.0,0.0,0.0,0.0,0.0,0.0,0.0,-1942.95,48.070026529915765,67.1590571,0.0,3.0,48.5,0.576,29.5,0.35,9.125,0.108,18.625,0.221,0.295,0.35,0.136875,0.162,0.465625,0.5525,1.962,32.484375,0.3857098336448915,613.96875,7.290082829842408,0.487265625,0.5785647504673372,21.48890625,25.51528990444843,48.070026529915765,6930,892.0,12.871572871572873,0.6483920082791308,Watch
422121,7331.0,1851.533823,RUS,Russia,Khabarovsk,1.49068342,0.0,0.65,0.49,7331.0,,,,,,,,,,,,,,,,,,,,,,,,,43.17131057057685,29.8136684,0.0,,8.062,0.435,3.562,0.192,1.5,0.081,0.0,0.0,0.03562,0.192,0.0225,0.1215,0.0,0.0,0.37162,0.984375,0.0531653803845653,230.765625,12.463484173010244,0.014765625,0.0797480705768479,8.076796875,35.0,43.17131057057685,70,,,0.3134915883991482,Advisory
422122,7332.0,3162.278363,RUS,Russia,Khabarovsk,1.24841117,0.0,0.65,0.49,7332.0,,,,,,,,,,,,,,,,,,,,,,,,,44.09802365122356,24.9682234,0.0,,29.438,0.931,20.625,0.652,9.312,0.294,18.562,0.587,0.20625,0.652,0.13968,0.4409999999999999,0.46405,1.4674999999999998,3.37048,41.203125,1.302956927569485,285.046875,9.01397164567695,0.618046875,1.954435391354228,9.976640625,31.548900759869326,44.09802365122356,0,,,0.2975372979791085,Advisory
422123,7333.0,4089.521283,RUS,Russia,Khabarovsk,0.595210098,0.0,0.65,0.49,7333.0,,,,,,,,,,,,,,,,,,,,,,,,,23.3864121399329,11.90420196,0.0,,11.438,0.28,5.562,0.136,4.5,0.11,4.312,0.105,0.05562,0.136,0.0675,0.165,0.1078,0.2625,0.7944200000000001,18.421875,0.4504653167767163,186.046875,4.549355832790808,0.276328125,0.6756979751650745,6.511640625,15.922745414767828,23.3864121399329,1228,,,0.0923751962680565,Information
422125,7335.0,6069.959368,RUS,Russia,Khabarovsk,1.932711994,0.0,0.65,0.49,7335.0,,,,,,,,,,,,,,,,,,,,,,,,,23.525555418287887,38.65423988,0.0,,15.875,0.262,15.688,0.258,4.625,0.076,3.688,0.061,0.15688,0.258,0.069375,0.1139999999999999,0.0922,0.1525,0.842955,40.5,0.6672202817640308,236.53125,3.896751784469097,0.6075,1.0008304226460465,8.27859375,13.63863124564184,23.525555418287887,84,,,0.1689207780337834,Information
422126,7336.0,13944.8263,RUS,Russia,Khabarovsk,2.840899162,0.0,0.65,0.49,7336.0,7336.0,0.0,7.0,5.0,2.0,2.0,0.0,4.0,0.5,0.2,0.2,9.8,0.0,0.0,0.0,0.0,0.0,0.0,0.0,0.0,0.0,0.0,0.0,9.8,9.8,56.81798324,0.0,,103.625,0.743,52.375,0.376,18.312,0.131,14.375,0.103,0.52375,0.376,0.27468,0.1965,0.359375,0.2575,1.987805,23.203125,0.1663923557944437,148.921875,1.067936392644339,0.348046875,0.2495885336916655,5.212265625,3.7377773742551854,9.547678407946853,174,,,0.0690316601082701,Information
422131,7340.0,3412.117306,RUS,Russia,Khabarovsk,0.206378055,0.0,0.65,0.49,7340.0,7340.0,2.0,6.0,100.0,70.0,-9999.0,7.0,5.0,10.0,7.0,-999.9,-1941.8,0.0,0.0,0.0,0.0,0.0,0.0,0.0,0.0,0.0,0.0,0.0,-1941.8,38.61575287715803,4.1275611,0.0,,5.188,0.152,3.688,0.108,2.188,0.064,0.812,0.024,0.03688,0.108,0.03282,0.096,0.0203,0.06,0.354,46.265625,1.3559212903070414,260.859375,7.645088126199277,0.693984375,2.0338819354605624,9.130078125,26.75780844169747,38.61575287715803,1979,,,0.1815805267417155,Advisory
422132,7341.0,12939.11742,RUS,Russia,Khabarovsk,2.692897191,0.0,0.65,0.49,7341.0,,,,,,,,,,,,,,,,,,,,,,,,,26.71200547911468,53.85794382,0.0,,61.0,0.471,18.0,0.139,4.375,0.034,12.812,0.099,0.18,0.139,0.065625,0.051,0.3203,0.2475,1.003425,88.03125,0.680349726881869,392.765625,3.035490075369106,1.32046875,1.0205245903228035,13.746796875,10.624215263791871,26.71200547911468,471,,,0.292322761902566,Information
422134,7343.0,7466.149959,RUS,Russia,Khabarovsk,0.447533092,0.0,0.65,0.49,7343.0,7343.0,1.0,1.0,100.0,-9999.0,-9999.0,3.0,10.0,10.0,-999.9,-999.9,-3448.15,0.0,0.0,0.0,0.0,0.0,0.0,0.0,0.0,0.0,0.0,0.0,-3448.15,35.87144356872595,8.95066184,0.0,,,,,,,,,,,,,,,,,103.5,1.386256645871451,393.75,5.2738024571196505,1.5525,2.0793849688071764,13.78125,18.458308599918777,35.87144356872595,2258,,,0.1758078327537175,Advisory
422135,7344.0,2890.286652,RUS,Russia,Khabarovsk,0.911602964,0.0,0.65,0.49,7344.0,,,,,,,,,,,,,,,,,,,,,,,,,67.85799677782376,18.23205928,0.0,3.0,1.938,0.067,1.812,0.063,0.562,0.019,0.125,0.004,0.01812,0.063,0.00843,0.0284999999999999,0.003125,0.01,0.1311749999999999,168.328125,5.8239249352158335,617.0625,21.349525994759464,2.524921875,8.73588740282375,21.5971875,35.0,67.85799677782376,665,27.0,4.06015037593985,0.4260388835389739,Watch
422136,7345.0,3588.161041,RUS,Russia,Khabarovsk,1.577506933,0.0,0.65,0.49,7345.0,7345.0,1.0,1.0,100.0,-9999.0,-9999.0,3.0,10.0,10.0,-999.9,-999.9,-3953.6,0.0,0.0,0.0,0.0,0.0,0.0,0.0,0.0,0.0,0.0,0.0,-3953.6,3.123340342355781,31.55013866,0.0,,,,,,,,,,,,,,,,,5.765625,0.1606846775986138,21.09375,0.5878707717022458,0.086484375,0.2410270163979206,0.73828125,2.05754770095786,3.123340342355781,47,,,0.0010102632041336,Information
422151,7350.0,2608.334598,RUS,Russia,Khabarovsk,1.235161689,0.0,0.65,0.49,7350.0,7350.0,0.0,1.0,-9999.0,-9999.0,-9999.0,0.0,10.0,-999.9,-999.9,-999.9,-5979.4,0.0,0.0,0.0,0.0,0.0,0.0,0.0,0.0,0.0,0.0,0.0,-5979.4,31.26905746062124,24.70323378,0.0,,,,,,,,,,,,,,,,,34.875,1.33706005439871,169.875,6.51277639400662,0.523125,2.005590081598065,5.945625,22.79471737902317,31.26905746062124,265861,,,0.1897526506903891,Information
422159,7358.0,1675.9353,RUS,Russia,Khabarovsk,0.293062128,0.0,0.65,0.49,7358.0,,,,,,,,,,,,,,,,,,,,,,,,,49.93671978426861,5.861242559999999,0.0,,0.438,0.026,0.438,0.026,0.5,0.03,0.25,0.015,0.00438,0.026,0.0075,0.045,0.00625,0.0375,0.12663,41.90625,2.5004694395124005,301.640625,17.998345462262076,0.62859375,3.750704159268601,10.557421875,35.0,49.93671978426861,9835,,,0.2630360916634827,Advisory
422170,7360.0,9116.374194,RUS,Russia,Khabarovsk,0.176581479,0.0,0.65,0.49,7360.0,,,,,,,,,,,,,,,,,,,,,,,,,59.946237678507806,3.53162958,0.0,,4.0,0.044,3.438,0.038,11.812,0.13,0.0,0.0,0.03438,0.038,0.17718,0.195,0.0,0.0,0.44456,57.515625,0.6309046093885431,792.140625,8.689207004121426,0.862734375,0.9463569140828146,27.724921875,30.41222451442499,59.946237678507806,247338,,,0.3171201679800648,Advisory
422181,7361.0,1578.37018,RUS,Russia,Khabarovsk,0.665186697,0.0,0.65,0.49,7361.0,,,,,,,,,,,,,,,,,,,,,,,,,45.705078125,13.30373394,0.0,,2.5,0.158,2.188,0.139,1.0,0.063,0.0,0.0,0.02188,0.139,0.015,0.0945,0.0,0.0,0.27038,0.0,0.0,305.859375,19.37817750047413,0.0,0.0,10.705078125,35.0,45.705078125,10016,,,0.2610208347263363,Advisory
422182,7362.0,13756.77742,RUS,Russia,Khabarovsk,1.882209407,0.0,0.65,0.49,7362.0,,,,,,,,,,,,,,,,,,,,,,,,,24.79957051693564,37.64418814,0.0,,12.875,0.094,11.062,0.08,8.312,0.06,0.0,0.0,0.11062,0.08,0.12468,0.09,0.0,0.0,0.4053,4.5,0.0327111492892616,408.375,2.9685367980005,0.0675,0.0490667239338924,14.293125,10.389878793001747,24.79957051693564,999,,,0.178256321354827,Information
422183,7363.0,649.4802702,RUS,Russia,Khabarovsk,1.021440733,0.0,0.65,0.49,7363.0,,,,,,,,,,,,,,,,,,,,,,,,,50.22828125,20.42881466,0.0,,1.812,0.279,1.625,0.25,0.188,0.029,0.0,0.0,0.01625,0.25,0.00282,0.0435,0.0,0.0,0.3125699999999999,0.0,0.0,435.09375,66.99106500412675,0.0,0.0,15.22828125,35.0,50.22828125,163,,,0.3227316265626048,Advisory
422184,7364.0,2527.508279,RUS,Russia,Khabarovsk,0.32054588,0.0,0.65,0.49,7364.0,,,,,,,,,,,,,,,,,,,,,,,,,51.23234375,6.4109176,0.0,,17.75,0.702,13.0,0.514,1.062,0.042,0.0,0.0,0.13,0.514,0.01593,0.063,0.0,0.0,0.7229300000000001,0.0,0.0,463.78125,18.34934642044996,0.0,0.0,16.23234375,35.0,51.23234375,7955,,,0.273406478054,Advisory
422185,7365.0,1250.447431,RUS,Russia,Khabarovsk,4.006977769,0.0,0.65,0.49,7365.0,,,,,,,,,,,,,,,,,,,,,,,,,39.61671875,80.13955537999999,0.0,3.0,2.438,0.195,2.438,0.195,0.0,0.0,0.0,0.0,0.02438,0.195,0.0,0.0,0.0,0.0,0.21938,0.0,0.0,131.90625,10.548724140819346,0.0,0.0,4.61671875,35.0,39.61671875,13,0.0,0.0,0.7550667503789457,Watch
422190,7370.0,118.8527034,RUS,Russia,Khabarovsk,0.136607888,0.0,0.65,0.49,7370.0,7370.0,0.0,1.0,-9999.0,-9999.0,-9999.0,0.0,10.0,-999.9,-999.9,-999.9,-5979.4,0.0,0.0,0.0,0.0,0.0,0.0,0.0,0.0,0.0,0.0,0.0,-5979.4,36.1615625,2.73215776,0.0,,0.188,0.158,0.188,0.158,0.125,0.105,0.0,0.0,0.00188,0.158,0.001875,0.1575,0.0,0.0,0.3192549999999999,0.0,0.0,33.1875,27.92321844513013,0.0,0.0,1.1615625,35.0,36.1615625,97676,,,0.1612162076033199,Advisory
422220,7372.0,24620.35009,RUS,Russia,Khabarovsk,3.094040046,0.0,0.65,0.49,7372.0,7372.0,1.0,1.0,100.0,-9999.0,-9999.0,3.0,10.0,10.0,-999.9,-999.9,-3408.8181818181806,0.0,0.0,0.0,0.0,0.0,0.0,0.0,0.0,0.0,0.0,0.0,-3408.8181818181806,6.317869181173775,61.88080092,0.0,,,,,,,,,,,,,,,,,22.921875,0.0931013365512755,118.546875,0.4814995503848175,0.343828125,0.1396520048269132,4.149140625,1.6852484263468612,6.317869181173775,16143,,,0.0361411414797338,Information
422254,7378.0,22214.74958,RUS,Russia,Primor'ye,1.221022925,0.0,0.65,0.49,7378.0,7378.0,1.0,2.0,100.0,2.0,-9999.0,3.0,9.0,10.0,0.2,-999.9,-1955.4,0.0,0.0,0.0,0.0,0.0,0.0,0.0,0.0,0.0,0.0,0.0,-1955.4,6.36661769511632,24.4204585,0.0,,,,,,,,,,,,,,,,,0.0,0.0,125.4375,0.5646586271760914,0.0,0.0,4.3903125,1.97630519511632,6.36661769511632,48070,,,0.0066782921762483,Information
422300,7396.0,25991.3867,RUS,Russia,Yevrey,2.114300437,0.0,0.65,0.49,7396.0,,,,,,,,,,,,,,,,,,,,,,,,,70.14312615473999,42.28600874,0.0,3.0,74.562,0.287,40.75,0.157,7.062,0.027,0.0,0.0,0.4075,0.157,0.10593,0.0405,0.0,0.0,0.71093,6.890625,0.0265111864933262,7128.84375,27.427716083524125,0.103359375,0.0397667797399892,35.0,35.0,70.14312615473999,388197,63815.0,16.438818434969875,0.5773184736225481,Watch
422561,7475.0,8743.16973,RUS,Russia,Amur,0.873133897,0.0,0.65,0.49,7475.0,7475.0,0.0,11.0,2.0,-9999.0,-9999.0,0.0,1.0,0.2,-999.9,-999.9,-3997.2,0.0,0.0,0.0,0.0,0.0,0.0,0.0,0.0,0.0,0.0,0.0,-3997.2,35.32564967586992,17.46267794,0.0,,,,,,,,,,,,,,,,,0.0,0.0,470.8125,5.384917764534263,0.0,0.0,16.4784375,18.84721217586992,35.32564967586992,35496,,,0.198040470427757,Advisory
422566,7480.0,9996.142296,RUS,Russia,Khabarovsk,2.295170148,0.0,0.65,0.49,7480.0,7480.0,1.0,7.0,37.0,7.0,-9999.0,3.0,4.0,3.7,0.7,-999.9,-1977.0,0.0,0.0,0.0,0.0,0.0,0.0,0.0,0.0,0.0,0.0,0.0,-1977.0,2.232149381664713,45.90340296,0.0,,,,,,,,,,,,,,,,,0.5625,0.0056271707960414,31.640625,0.3165283572773287,0.0084375,0.0084407561940621,1.107421875,1.1078492504706503,2.232149381664713,24,,,0.0007167826396808,Information
422650,7499.0,27872.37548,RUS,Russia,Amur,1.181794401,0.0,0.65,0.49,7499.0,7499.0,1.0,12.0,33.0,2.0,-9999.0,3.0,1.0,3.3,0.2,-999.9,-1984.0,0.0,0.0,0.0,0.0,0.0,0.0,0.0,0.0,0.0,0.0,0.0,-1984.0,38.192706783636,23.635888020000003,0.0,,,,,,,,,,,,,,,,,268.03125,0.9616376265564444,688.21875,2.469178669657523,4.02046875,1.4424564398346664,24.08765625,8.64212534380133,38.192706783636,11671,,,0.2441961113078198,Advisory
422660,7500.0,16051.40562,RUS,Russia,Amur,1.208546914,0.0,0.65,0.49,7500.0,7500.0,1.0,9.0,33.0,-9999.0,-9999.0,3.0,2.0,3.3,-999.9,-999.9,-3983.0,0.0,0.0,0.0,0.0,0.0,0.0,0.0,0.0,0.0,0.0,0.0,-3983.0,5.01658661366306,24.17093828,0.0,,73.188,0.456,7.75,0.048,13.0,0.081,0.375,0.002,0.0775,0.048,0.195,0.1215,0.009375,0.005,0.456375,2.953125,0.0183979214681184,87.046875,0.5423006375602519,0.044296875,0.0275968822021775,3.046640625,1.8980522314608816,5.01658661366306,9889,,,0.0033064725200329,Information
422670,7501.0,2716.628929,RUS,Russia,Amur,4.029895432,0.0,0.65,0.49,7501.0,,,,,,,,,,,,,,,,,,,,,,,,,17.352003196640943,80.59790864,0.0,,4.625,0.17,2.688,0.099,0.438,0.016,1.0,0.037,0.02688,0.099,0.00657,0.024,0.025,0.0925,0.2739499999999999,4.640625,0.1708229250717569,103.921875,3.8253982311523735,0.069609375,0.2562343876076353,3.637265625,13.388893809033307,17.352003196640943,26782,,,0.4555413819685117,Advisory
422681,7502.0,2494.357747,RUS,Russia,Amur,4.006575776,0.0,0.65,0.49,7502.0,,,,,,,,,,,,,,,,,,,,,,,,,14.366184537574124,80.13151552,0.0,,3.0,0.12,1.812,0.073,0.312,0.013,0.5,0.02,0.01812,0.073,0.00468,0.0195,0.0125,0.05,0.1778,1.546875,0.0620149616515397,81.28125,3.2586043485990897,0.023203125,0.0930224424773095,2.84484375,11.405115220096814,14.366184537574124,271,,,0.3728714961540808,Advisory
422682,7503.0,14893.30578,RUS,Russia,Amur,2.828524949,0.0,0.65,0.49,7503.0,,,,,,,,,,,,,,,,,,,,,,,,,3.3294353159990893,56.57049898,0.0,,115.812,0.778,41.938,0.282,1.312,0.009,0.438,0.003,0.41938,0.282,0.01968,0.0134999999999999,0.01095,0.0075,0.75301,0.5625,0.003776864641014,56.671875,0.3805191125821624,0.0084375,0.005665296961521,1.983515625,1.3318168940375683,3.3294353159990893,2815,,,0.0051093990718945,Information
422683,7504.0,14027.00039,RUS,Russia,Amur,3.469170149,0.0,0.65,0.49,7504.0,,,,,,,,,,,,,,,,,,,,,,,,,13.363915909296177,69.38340298,0.0,,93.688,0.668,49.375,0.352,2.375,0.017,3.312,0.024,0.49375,0.352,0.035625,0.0255,0.0828,0.06,1.049675,4.640625,0.0330835165837732,220.921875,1.5749758955487192,0.069609375,0.0496252748756597,7.732265625,5.512415634420517,13.363915909296177,3564,,,0.2035567259677119,Information
422684,7505.0,7057.069506,RUS,Russia,Amur,2.079851683,0.0,0.65,0.49,7505.0,,,,,,,,,,,,,,,,,,,,,,,,,3.2357838874935165,41.59703366,0.0,,30.438,0.431,14.688,0.208,0.438,0.006,0.0,0.0,0.14688,0.208,0.00657,0.009,0.0,0.0,0.37045,0.0,0.0,38.25,0.5420096821410046,0.0,0.0,1.33875,1.897033887493516,3.2357838874935165,63,,,0.0019073266441238,Information
422686,7507.0,6433.370351,RUS,Russia,Amur,1.1903843,0.0,0.65,0.49,7507.0,,,,,,,,,,,,,,,,,,,,,,,,,3.1682482978201607,23.807686,0.0,,14.562,0.226,5.75,0.089,2.75,0.043,0.062,0.001,0.0575,0.089,0.04125,0.0645,0.00155,0.0025,0.2563,0.0,0.0,35.4375,0.5508387993771887,0.0,0.0,1.2403125,1.9279357978201608,3.1682482978201607,84,,,0.0007361675654289,Information
422687,7508.0,3943.295994,RUS,Russia,Amur,1.755543867,0.0,0.65,0.49,7508.0,,,,,,,,,,,,,,,,,,,,,,,,,15.663151858950698,35.11087734,0.0,,10.812,0.274,7.188,0.182,0.188,0.005,3.812,0.097,0.07188,0.182,0.00282,0.0075,0.0953,0.2425,0.602,0.0,0.0,126.5625,3.209561245414485,0.0,0.0,4.4296875,11.233464358950698,15.663151858950698,0,,,0.0776047467416623,Information
422690,7511.0,22458.7203,RUS,Russia,Amur,2.007595343,0.0,0.65,0.49,7511.0,,,,,,,,,,,,,,,,,,,,,,,,,5.128758285962347,40.15190686,0.0,,235.375,1.048,73.75,0.328,4.562,0.02,1.438,0.006,0.7375,0.328,0.06843,0.03,0.0359499999999999,0.015,1.21488,0.0,0.0,101.390625,0.4514532602749562,0.0,0.0,3.548671875,1.5800864109623467,5.128758285962347,36539,,,0.0070061875654072,Information
422750,7524.0,3489.219985,RUS,Russia,Amur,2.726435134,0.0,0.65,0.49,7524.0,,,,,,,,,,,,,,,,,,,,,,,,,10.916532949974432,54.52870268,0.0,,60.0,1.72,29.875,0.856,3.062,0.088,0.812,0.023,0.29875,0.856,0.04593,0.132,0.0203,0.0574999999999999,1.4104799999999995,4.5,0.1289686525892339,78.75,2.2569514203115943,0.0675,0.1934529788838508,2.75625,7.89932997109058,10.916532949974432,15921,,,0.0768183612371408,Information
422760,7525.0,9899.849784,RUS,Russia,Amur,2.606639766,0.0,0.65,0.49,7525.0,,,,,,,,,,,,,,,,,,,,,,,,,5.695425,52.13279532,0.0,,560.438,5.661,271.312,2.741,7.812,0.079,0.125,0.001,2.71312,2.741,0.11718,0.1185,0.003125,0.0025,5.695425,0.140625,0.0014204760988291,29.53125,0.2982999807541116,0.002109375,0.0021307141482436,1.03359375,1.0440499326393906,2.081883771787634,2760,,,0.0166367552200398,Information
422770,7526.0,9518.93605,RUS,Russia,Amur,2.235304602,0.0,0.65,0.49,7526.0,7526.0,1.0,9.0,37.0,2.0,-9999.0,3.0,2.0,3.7,0.2,-999.9,-1981.9,0.0,0.0,0.0,0.0,0.0,0.0,0.0,0.0,0.0,0.0,0.0,-1981.9,6.542816848635779,44.70609204,0.0,,444.0,4.664,194.625,2.045,4.125,0.043,1.25,0.013,1.94625,2.045,0.061875,0.0645,0.03125,0.0325,4.181374999999999,13.21875,0.1388679357742455,85.5,0.8982096271355459,0.19828125,0.2083019036613682,2.9925,3.1437336949744106,6.542816848635779,10064,,,0.0164093219777588,Information
422780,7527.0,11056.16227,RUS,Russia,Zabaykal'ye,3.089908623,0.0,0.65,0.49,7527.0,,,,,,,,,,,,,,,,,,,,,,,,,5.099875,61.79817246,0.0,,564.438,5.105,252.75,2.286,9.125,0.083,0.5,0.005,2.5275,2.286,0.136875,0.1245,0.0125,0.0125,5.099875,0.0,0.0,11.953125,0.1081127855338847,0.0,0.0,0.418359375,0.3783947493685964,0.7967541243685965,15305,,,0.0220222363214943,Information
422810,7538.0,8114.282029,RUS,Russia,Zabaykal'ye,0.616466101,0.0,0.65,0.49,7538.0,7538.0,0.0,14.0,-9999.0,-9999.0,-9999.0,0.0,1.0,-999.9,-999.9,-999.9,-5997.4,0.0,0.0,0.0,0.0,0.0,0.0,0.0,0.0,0.0,0.0,0.0,-5997.4,13.90398345952387,12.32932202,0.0,,127.812,1.575,93.25,1.149,7.75,0.096,4.188,0.052,0.9325,1.149,0.11625,0.144,0.1046999999999999,0.13,2.57645,5.0625,0.0623899931232466,175.78125,2.1663192056682856,0.0759375,0.0935849896848698,6.15234375,7.582117219839,13.90398345952387,2832,,,0.0327805940187299,Information
422913,7566.0,2392.299509,RUS,Russia,Zabaykal'ye,3.054626689,0.0,0.65,0.49,7566.0,,,,,,,,,,,,,,,,,,,,,,,,,4.334268897262937,61.09253378,0.0,,6.188,0.259,6.188,0.259,0.125,0.005,0.0,0.0,0.06188,0.259,0.001875,0.0075,0.0,0.0,0.330255,0.0,0.0,23.90625,0.9993000420751248,0.0,0.0,0.83671875,3.497550147262937,4.334268897262937,27,,,0.0140949592524476,Information
423010,7615.0,9143.380901,RUS,Russia,Khabarovsk,2.025506139,3.040161456,0.65,0.49,7615.0,,,,,,,,,,,,,,,,,,,,,,,,,41.67877230558233,40.51012278,60.80322912,,8.938,0.098,6.375,0.07,3.438,0.038,1.875,0.021,0.06375,0.07,0.05157,0.0569999999999999,0.046875,0.0525,0.3416949999999999,109.125,1.1934863174012358,522.0,5.709047951280137,1.636875,1.7902294761018536,18.27,19.98166782948048,41.67877230558233,6705,,,0.524478707759227,Advisory
423057,7624.0,543.5657178,RUS,Russia,Primor'ye,1.22597563,0.0,0.65,0.49,7624.0,,,,,,,,,,,,,,,,,,,,,,,,,29.86841009413284,24.5195126,0.0,,1.0,0.184,0.938,0.172,0.0,0.0,0.0,0.0,0.00938,0.172,0.0,0.0,0.0,0.0,0.1813799999999999,0.28125,0.0517416736879138,43.875,8.07170109531456,0.00421875,0.0776125105318707,1.535625,28.250953833600963,29.86841009413284,21277,,,0.1769443753187572,Information
423059,7626.0,5416.231082,RUS,Russia,Primor'ye,0.212367307,0.224464887,0.65,0.49,7626.0,,,,,,,,,,,,,,,,,,,,,,,,,19.09246226628544,4.24734614,4.48929774,,4.812,0.089,4.5,0.083,0.125,0.002,0.0,0.0,0.045,0.083,0.001875,0.003,0.0,0.0,0.132875,8.15625,0.1505890327976007,188.15625,3.473933204882583,0.12234375,0.225883549196401,6.58546875,12.15876621708904,19.09246226628544,929701,,,0.0537049651838464,Information
261701,16094.0,18524.97134,RUS,Russia,Nenets,2.719972833,3.861679276,0.65,0.49,16094.0,,,,,,,,,,,,,,,,,,,,,,,,,70.0,54.39945666,77.23358551999999,3.0,2.562,0.014,0.688,0.004,6.625,0.036,13.375,0.072,0.00688,0.004,0.099375,0.0539999999999999,0.334375,0.18,0.67863,0.0,0.0,1974.65625,10.65942944590503,0.0,0.0,35.0,35.0,70.0,882,33.0,3.741496598639456,0.869325595732925,Warning
261909,16095.0,3012.537525,RUS,Russia,Yamal-Nenets,3.09924605,0.0,0.65,0.49,16095.0,,,,,,,,,,,,,,,,,,,,,,,,,17.83701059556409,61.984921,0.0,,0.0,0.0,0.0,0.0,1.812,0.06,1.75,0.058,0.0,0.0,0.02718,0.09,0.04375,0.145,0.30593,0.0,0.0,117.984375,3.91644499158974,0.0,0.0,4.129453125,13.70755747056409,17.83701059556409,0,,,0.2246126048394193,Information
311090,16110.0,17445.98131,RUS,Russia,Yamal-Nenets,3.695533997,4.002837067,0.65,0.49,16110.0,,,,,,,,,,,,,,,,,,,,,,,,,70.02322925037006,73.91067994,80.05674134,3.0,46.938,0.269,31.0,0.178,24.438,0.14,31.625,0.181,0.31,0.178,0.3665699999999999,0.21,0.790625,0.4525,2.3076950000000003,0.984375,0.0056424169133829,2407.5,13.799739651016475,0.014765625,0.0084636253700743,35.0,35.0,70.02322925037006,1285,242.0,18.832684824902724,0.8954303869362796,Warning
354300,16125.0,4070.448358,RUS,Russia,Sakhalin,1.021628873,0.0,0.65,0.49,16125.0,,,,,,,,,,,,,,,,,,,,,,,,,19.96181608571869,20.43257746,0.0,,67.812,1.666,66.062,1.623,2.188,0.054,0.438,0.011,0.66062,1.623,0.03282,0.081,0.01095,0.0274999999999999,2.43589,20.109375,0.4940334143145679,156.375,3.841714382641954,0.301640625,0.7410501214718518,5.473125,13.44600033924684,19.96181608571869,2256,,,0.0833656311732904,Information
411009,16128.0,7209.289293,RUS,Russia,Sakhalin,0.214646205,0.605829068,0.65,0.49,16128.0,,,,,,,,,,,,,,,,,,,,,,,,,37.40379433218328,4.2929241000000005,12.11658136,,2.688,0.037,2.375,0.033,2.688,0.037,0.0,0.0,0.02375,0.033,0.04032,0.0554999999999999,0.0,0.0,0.1525699999999999,72.703125,1.0084645247129238,416.53125,5.777701977175398,1.090546875,1.5126967870693857,14.57859375,20.221956920113893,37.40379433218328,223759,,,0.1964862902115891,Advisory
423053,16141.0,11068.47514,RUS,Russia,Primor'ye,0.937869828,1.391788171,0.65,0.49,16141.0,,,,,,,,,,,,,,,,,,,,,,,,,10.223847431684357,18.75739656,27.83576342,,7.312,0.066,3.812,0.034,1.688,0.015,0.0,0.0,0.03812,0.034,0.02532,0.0225,0.0,0.0,0.1199399999999999,0.421875,0.0038115006336046,153.28125,1.384845230209699,0.006328125,0.0057172509504069,5.36484375,4.8469583057339465,10.223847431684357,83604,,,0.0253375073657997,Information
223404,3781.0,5378.003127,UKR,Ukraine,Luhans'k,2.569851917,0.0,0.61,0.54,3781.0,,,,,,,,,,,,,,,,,,,,,,,,,0.7740556121440558,51.39703834,0.0,,4.125,0.077,3.688,0.069,0.0,0.0,0.0,0.0,0.03688,0.069,0.0,0.0,0.0,0.0,0.10588,0.0,0.0,7.734375,0.1438149963268731,0.0,0.0,0.270703125,0.5033524871440559,0.7740556121440558,52276,,,1.7380738315656025e-05,Information
223406,3783.0,7406.497816,UKR,Ukraine,Luhans'k,2.993510523,0.0,0.61,0.54,3783.0,,,,,,,,,,,,,,,,,,,,,,,,,1.3764994495051135,59.87021046,0.0,,52.625,0.711,19.938,0.269,0.0,0.0,0.0,0.0,0.19938,0.269,0.0,0.0,0.0,0.0,0.46838,0.0,0.0,16.734375,0.225941807001461,0.0,0.0,0.585703125,0.7907963245051135,1.3764994495051135,146421,,,0.0003723436116774,Information
223407,3784.0,15562.59356,UKR,Ukraine,Donets'k,3.080290772,0.0,0.61,0.54,3784.0,,,,,,,,,,,,,,,,,,,,,,,,,2.263661844824343,61.60581544,0.0,,48.188,0.31,38.5,0.247,0.062,0.0,0.0,0.0,0.385,0.247,0.0009299999999999,0.0,0.0,0.0,0.63293,0.0,0.0,39.375,0.2530105270926693,0.0,0.0,1.378125,0.8855368448243426,2.263661844824343,1479592,,,0.0023207003426269,Information
224008,3831.0,19249.36095,UKR,Ukraine,Kherson,4.039818798,0.0,0.61,0.54,3831.0,,,,,,,,,,,,,,,,,,,,,,,,,31.76984921880604,80.79637595999999,0.0,3.0,17.312,0.09,17.0,0.088,5.688,0.03,2.75,0.014,0.17,0.088,0.08532,0.045,0.06875,0.035,0.49207,0.0,0.0,597.375,3.103349776801726,0.0,0.0,20.908125,10.861724218806042,31.76984921880604,935928,6789.0,0.7253763109982819,0.6926650326721442,Watch
224009,3832.0,22780.29272,UKR,Ukraine,Crimea,4.011672819,0.0,0.61,0.54,3832.0,,,,,,,,,,,,,,,,,,,,,,,,,40.48333916459591,80.23345638,0.0,3.0,22.5,0.099,22.438,0.098,5.188,0.023,2.5,0.011,0.22438,0.098,0.07782,0.0345,0.0625,0.0274999999999999,0.5246999999999999,0.0,0.0,803.8125,3.528543332741689,0.0,0.0,28.1334375,12.349901664595912,40.48333916459591,1678512,93486.0,5.569575910091796,0.7632820121444819,Watch
225112,3834.0,14519.21116,UKR,Ukraine,Dnipropetrovs'k,2.831771973,0.0,0.61,0.54,3834.0,,,,,,,,,,,,,,,,,,,,,,,,,4.1725136802074445,56.63543946,0.0,,0.0,0.0,0.0,0.0,8.375,0.058,1.5,0.01,0.0,0.0,0.125625,0.087,0.0375,0.025,0.275125,0.0,0.0,70.59375,0.4862092657735557,0.0,0.0,2.47078125,1.701732430207445,4.1725136802074445,1114819,,,0.0096128934691833,Information
225113,3835.0,8090.972358,UKR,Ukraine,Kherson,3.753114432,0.0,0.61,0.54,3835.0,3835.0,0.0,4.0,-9999.0,-9999.0,-9999.0,0.0,7.0,-999.9,-999.9,-999.9,-5985.4,0.0,0.0,0.0,0.0,0.0,0.0,0.0,0.0,0.0,0.0,0.0,-5985.4,3.6536745166807054,75.06228863999999,0.0,,0.812,0.01,0.812,0.01,2.625,0.032,0.312,0.004,0.00812,0.01,0.039375,0.048,0.0078,0.01,0.123295,0.0,0.0,46.6875,0.5770320047659163,0.0,0.0,1.6340625,2.019612016680707,3.6536745166807054,281656,,,0.02738806281656,Information
225114,3836.0,4224.178604,UKR,Ukraine,Dnipropetrovs'k,3.420368526,0.0,0.61,0.54,3836.0,,,,,,,,,,,,,,,,,,,,,,,,,3.314709704813782,68.40737052,0.0,,0.0,0.0,0.0,0.0,3.75,0.089,3.938,0.093,0.0,0.0,0.05625,0.1335,0.09845,0.2324999999999999,0.5206999999999999,0.0,0.0,28.125,0.6658099156610806,0.0,0.0,0.984375,2.330334704813782,3.314709704813782,132020,,,0.0120806750800282,Information
225117,3839.0,3126.962706,UKR,Ukraine,Zaporizhzhya,0.034918175,0.0,0.61,0.54,3839.0,3839.0,0.0,1.0,-9999.0,-9999.0,-9999.0,0.0,10.0,-999.9,-999.9,-999.9,-5979.4,0.0,0.0,0.0,0.0,0.0,0.0,0.0,0.0,0.0,0.0,0.0,-5979.4,6.281244707437519,0.6983635,0.0,,,,,,,,,,,,,,,,,0.0,0.0,42.75,1.3671413449821483,0.0,0.0,1.49625,4.784994707437519,6.281244707437519,863220,,,0.0028848185714693,Information
225160,3846.0,22833.1231,UKR,Ukraine,Sumy,3.458346707,0.0,0.61,0.54,3846.0,,,,,,,,,,,,,,,,,,,,,,,,,2.887603900471964,69.16693414,0.0,,1.562,0.007,1.0,0.004,5.312,0.023,0.0,0.0,0.01,0.004,0.07968,0.0345,0.0,0.0,0.12818,0.0,0.0,57.375,0.2512796858491324,0.0,0.0,2.008125,0.8794789004719634,2.887603900471964,921304,,,0.0089383864607301,Information
225180,3848.0,19261.35603,UKR,Ukraine,Chernihiv,2.726578703,0.0,0.61,0.54,3848.0,,,,,,,,,,,,,,,,,,,,,,,,,7.679069758676178,54.53157406,0.0,,12.188,0.063,9.312,0.048,13.0,0.067,0.0,0.0,0.09312,0.048,0.195,0.1005,0.0,0.0,0.43662,0.0,0.0,144.421875,0.7498011810503364,0.0,0.0,5.054765625,2.6243041336761777,7.679069758676178,504299,,,0.0376592668110366,Information
225190,3849.0,28463.55407,UKR,Ukraine,Kiev,2.325836151,0.0,0.61,0.54,3849.0,,,,,,,,,,,,,,,,,,,,,,,,,33.44152954896926,46.51672302,0.0,,112.125,0.394,91.812,0.323,1.625,0.006,1.062,0.004,0.91812,0.323,0.024375,0.009,0.02655,0.01,1.311045,0.0,0.0,707.0625,2.4840977282769297,0.0,0.0,24.7471875,8.694342048969254,33.44152954896926,4051347,,,0.3193309532728464,Information
225203,3852.0,4120.497885,UKR,Ukraine,Chernihiv,3.296323747,0.0,0.61,0.54,3852.0,,,,,,,,,,,,,,,,,,,,,,,,,1.9734074166702595,65.92647494,0.0,,0.0,0.0,0.0,0.0,3.5,0.085,0.0,0.0,0.0,0.0,0.0525,0.1275,0.0,0.0,0.18,0.0,0.0,16.453125,0.399299440477217,0.0,0.0,0.575859375,1.3975480416702597,1.9734074166702595,97581,,,0.0021945057275148,Information
225205,3854.0,8193.045944,UKR,Ukraine,Sumy,2.56866071,0.0,0.61,0.54,3854.0,,,,,,,,,,,,,,,,,,,,,,,,,10.8636806413691,51.3732142,0.0,,0.25,0.003,0.25,0.003,2.875,0.035,0.0,0.0,0.0025,0.003,0.043125,0.0525,0.0,0.0,0.1011249999999999,0.0,0.0,139.78125,1.706096254676886,0.0,0.0,4.89234375,5.971336891369101,10.8636806413691,217190,,,0.0669693340641176,Information
225300,3859.0,19953.57536,UKR,Ukraine,Zhytomyr,2.352842727,0.0,0.61,0.54,3859.0,,,,,,,,,,,,,,,,,,,,,,,,,21.175550473072445,47.05685454,0.0,,115.125,0.577,93.75,0.47,0.0,0.0,0.5,0.003,0.9375,0.47,0.0,0.0,0.0125,0.0075,1.4275,0.0,0.0,403.03125,2.0198447780206985,0.0,0.0,14.10609375,7.069456723072445,21.175550473072445,1874051,,,0.1797360721042433,Information
225466,3870.0,20389.2418,UKR,Ukraine,Volyn,3.226842439,0.0,0.61,0.54,3870.0,,,,,,,,,,,,,,,,,,,,,,,,,14.833052009324089,64.53684878,0.0,,37.188,0.182,25.0,0.123,0.062,0.0,0.125,0.001,0.25,0.123,0.0009299999999999,0.0,0.003125,0.0025,0.379555,0.0,0.0,284.34375,1.394577359806883,0.0,0.0,9.95203125,4.88102075932409,14.833052009324089,666021,,,0.1917034299304013,Information
225468,3872.0,3992.651847,UKR,Ukraine,L'viv,2.188128245,0.0,0.61,0.54,3872.0,,,,,,,,,,,,,,,,,,,,,,,,,6.968680146846618,43.7625649,0.0,,3.25,0.081,3.25,0.081,0.125,0.003,0.188,0.005,0.0325,0.081,0.001875,0.0045,0.0046999999999999,0.0125,0.137075,0.0,0.0,56.8125,1.4229264705276052,0.0,0.0,1.9884375,4.9802426468466185,6.968680146846618,183232,,,0.0183918465896959,Information
225470,3874.0,1400.981466,UKR,Ukraine,Rivne,4.000101962,0.0,0.61,0.54,3874.0,,,,,,,,,,,,,,,,,,,,,,,,,4.325777577038394,80.00203923999999,0.0,,6.5,0.464,1.25,0.089,0.0,0.0,0.0,0.0,0.0125,0.089,0.0,0.0,0.0,0.0,0.1014999999999999,0.0,0.0,15.1875,1.0840614505823984,0.0,0.0,0.5315625,3.794215077038394,4.325777577038394,62576,,,0.0628799517938049,Information
225480,3875.0,13705.90278,UKR,Ukraine,Zhytomyr,3.349330856,0.0,0.61,0.54,3875.0,,,,,,,,,,,,,,,,,,,,,,,,,5.822849074823534,66.98661712,0.0,,16.812,0.123,12.688,0.093,0.0,0.0,0.0,0.0,0.12688,0.093,0.0,0.0,0.0,0.0,0.21988,0.0,0.0,96.1875,0.7017961642352952,0.0,0.0,3.3665625,2.456286574823533,5.822849074823534,560119,,,0.0413594798704006,Information
226021,3899.0,234.262747,UKR,Ukraine,Mykolayiv,4.048746975,0.0,0.61,0.54,3899.0,,,,,,,,,,,,,,,,,,,,,,,,,25.372655218790527,80.9749395,0.0,3.0,0.375,0.16,0.375,0.16,0.0,0.0,0.0,0.0,0.00375,0.16,0.0,0.0,0.0,0.0,0.16375,0.0,0.0,16.59375,7.083392562511579,0.0,0.0,0.58078125,24.79187396879053,25.372655218790527,197453,21861.0,11.071495495130486,0.6132940763560591,Watch
226022,3900.0,9795.278523,UKR,Ukraine,Kirovohrad,3.215138883,0.0,0.61,0.54,3900.0,,,,,,,,,,,,,,,,,,,,,,,,,2.2280422674920404,64.30277766,0.0,,0.062,0.001,0.062,0.001,3.625,0.037,0.062,0.001,0.00062,0.001,0.054375,0.0554999999999999,0.00155,0.0025,0.115545,0.0,0.0,31.5,0.3215835049977258,0.0,0.0,1.1025,1.1255422674920403,2.2280422674920404,663473,,,0.0027690129686589,Information
226023,3901.0,9820.88881,UKR,Ukraine,Mykolayiv,3.882841743,0.0,0.61,0.54,3901.0,,,,,,,,,,,,,,,,,,,,,,,,,7.688539885181424,77.65683486,0.0,,3.438,0.035,3.438,0.035,0.188,0.002,0.875,0.009,0.03438,0.035,0.00282,0.003,0.021875,0.0225,0.1195749999999999,0.0,0.0,108.84375,1.1082881814804069,0.0,0.0,3.80953125,3.879008635181424,7.688539885181424,329404,,,0.1430334346309092,Information
226024,3902.0,16676.75144,UKR,Ukraine,Cherkasy,3.130956829,0.0,0.61,0.54,3902.0,,,,,,,,,,,,,,,,,,,,,,,,,6.290698133752177,62.61913658,0.0,,90.5,0.543,69.438,0.416,0.75,0.004,0.0,0.0,0.69438,0.416,0.01125,0.006,0.0,0.0,1.12763,0.0,0.0,112.359375,0.6737485739291935,0.0,0.0,3.932578125,2.358120008752177,6.290698133752177,623827,,,0.0373675353820421,Information
226027,3905.0,7843.845319,UKR,Ukraine,Vinnytsya,3.216200351,0.0,0.61,0.54,3905.0,,,,,,,,,,,,,,,,,,,,,,,,,4.355515967482569,64.32400702,0.0,,8.375,0.107,6.625,0.084,0.0,0.0,0.0,0.0,0.06625,0.084,0.0,0.0,0.0,0.0,0.15025,0.0,0.0,54.703125,0.6974018835664483,0.0,0.0,1.914609375,2.440906592482569,4.355515967482569,295918,,,0.0177313586905816,Information
226028,3906.0,2827.837545,UKR,Ukraine,Vinnytsya,2.545025211,0.0,0.61,0.54,3906.0,,,,,,,,,,,,,,,,,,,,,,,,,4.01885261979879,50.90050422,0.0,,32.312,1.143,16.062,0.568,0.0,0.0,0.0,0.0,0.16062,0.568,0.0,0.0,0.0,0.0,0.7286199999999999,0.0,0.0,25.3125,0.8951186056567972,0.0,0.0,0.8859375,3.13291511979879,4.01885261979879,118283,,,0.00615984687775,Information
226029,3907.0,14021.68224,UKR,Ukraine,Vinnytsya,3.340320507,0.0,0.61,0.54,3907.0,,,,,,,,,,,,,,,,,,,,,,,,,11.922938017046132,66.80641014,0.0,,26.875,0.192,21.25,0.152,0.062,0.0,0.188,0.001,0.2125,0.152,0.0009299999999999,0.0,0.0046999999999999,0.0025,0.3726299999999999,0.0,0.0,198.84375,1.4181162191560377,0.0,0.0,6.95953125,4.963406767046132,11.922938017046132,1260492,,,0.1529429860162717,Information
226050,3910.0,7229.452526,UKR,Ukraine,Odessa,0.628800072,0.0,0.61,0.54,3910.0,,,,,,,,,,,,,,,,,,,,,,,,,18.2283627196916,12.57600144,0.0,,9.875,0.137,9.875,0.137,0.0,0.0,0.375,0.005,0.09875,0.137,0.0,0.0,0.009375,0.0125,0.257625,0.0,0.0,218.53125,3.0227911341976,0.0,0.0,7.64859375,10.5797689696916,18.2283627196916,1397920,,,0.0584649514753188,Information
226067,3917.0,15759.02908,UKR,Ukraine,Ivano-Frankivs'k,2.732919754,0.0,0.61,0.54,3917.0,,,,,,,,,,,,,,,,,,,,,,,,,3.322619915911577,54.658395080000005,0.0,,8.812,0.056,6.562,0.042,0.0,0.0,0.0,0.0,0.06562,0.042,0.0,0.0,0.0,0.0,0.10762,0.0,0.0,58.078125,0.3685387259747364,0.0,0.0,2.032734375,1.2898855409115777,3.322619915911577,1312398,,,0.0044813787291404,Information
226070,3920.0,3055.064132,UKR,Ukraine,Odessa,0.578690869,0.0,0.61,0.54,3920.0,,,,,,,,,,,,,,,,,,,,,,,,,23.59837591071306,11.57381738,0.0,,3.188,0.104,3.062,0.1,0.062,0.002,0.188,0.006,0.0306199999999999,0.1,0.0009299999999999,0.003,0.0046999999999999,0.015,0.15425,0.0,0.0,157.78125,5.164580617346588,0.0,0.0,5.52234375,18.07603216071306,23.59837591071306,67499,,,0.0932523131177836,Information
226090,3922.0,1242.933954,UKR,Ukraine,Odessa,1.883655764,0.0,0.61,0.54,3922.0,,,,,,,,,,,,,,,,,,,,,,,,,39.51828125,37.67311528,0.0,,1.375,0.111,1.375,0.111,0.0,0.0,0.188,0.015,0.01375,0.111,0.0,0.0,0.0046999999999999,0.0375,0.16695,0.0,0.0,129.09375,10.386211560416925,0.0,0.0,4.51828125,35.0,39.51828125,23636,,,0.3243282174030874,Advisory
227105,3927.0,564.9447724,UKR,Ukraine,Odessa,3.423068184,0.0,0.61,0.54,3927.0,3927.0,0.0,10.0,-9999.0,-9999.0,-9999.0,0.0,1.0,-999.9,-999.9,-999.9,-5997.4,0.0,0.0,0.0,0.0,0.0,0.0,0.0,0.0,0.0,0.0,0.0,-5997.4,39.454296875,68.46136368,0.0,,,,,,,,,,,,,,,,,0.0,0.0,127.265625,22.527091358617223,0.0,0.0,4.454296875,35.0,39.454296875,23500,,,0.5885939650130966,Advisory
225450,3864.0,23172.17589,BLR,Belarus,Brest,3.055313497,0.0,0.67,0.46,3864.0,,,,,,,,,,,,,,,,,,,,,,,,,25.104613829317053,61.10626994,0.0,,117.0,0.505,67.25,0.29,5.625,0.024,4.125,0.018,0.6725,0.29,0.084375,0.036,0.103125,0.045,1.231,0.0,0.0,501.046875,2.1622780583763013,0.0,0.0,17.536640625,7.567973204317054,25.104613829317053,509435,,,0.3307723742804132,Information
225461,3865.0,1544.842179,BLR,Belarus,Brest,2.218183707,0.0,0.67,0.46,3865.0,,,,,,,,,,,,,,,,,,,,,,,,,5.149469584122807,44.36367414,0.0,,7.438,0.481,5.0,0.324,0.0,0.0,0.0,0.0,0.05,0.324,0.0,0.0,0.0,0.0,0.374,0.0,0.0,19.6875,1.2744020240350875,0.0,0.0,0.6890625,4.460407084122807,5.149469584122807,9214,,,0.0086576671541233,Information
225462,3866.0,1468.807725,BLR,Belarus,Brest,3.499423214,0.0,0.67,0.46,3866.0,,,,,,,,,,,,,,,,,,,,,,,,,4.035275612336537,69.98846428,0.0,,10.5,0.715,4.188,0.285,0.0,0.0,0.0,0.0,0.04188,0.285,0.0,0.0,0.0,0.0,0.3268799999999999,0.0,0.0,14.765625,1.0052796392390106,0.0,0.0,0.516796875,3.518478737336537,4.035275612336537,28284,,,0.0224010792391156,Information
225464,3868.0,2048.340665,BLR,Belarus,Brest,2.343829013,0.0,0.67,0.46,3868.0,,,,,,,,,,,,,,,,,,,,,,,,,4.487322982440761,46.87658026,0.0,,6.812,0.333,5.188,0.253,0.0,0.0,0.062,0.003,0.0518799999999999,0.253,0.0,0.0,0.00155,0.0075,0.31393,0.0,0.0,21.796875,1.0641235306973604,0.0,0.0,0.762890625,3.7244323574407616,4.487322982440761,19190,,,0.006729982501294,Information
225500,3877.0,4232.991984,BLR,Belarus,Homyel'',2.418937006,0.0,0.67,0.46,3877.0,,,,,,,,,,,,,,,,,,,,,,,,,12.94154395144599,48.37874012,0.0,,0.0,0.0,0.0,0.0,2.25,0.053,0.0,0.0,0.0,0.0,0.03375,0.0795,0.0,0.0,0.11325,0.0,0.0,109.96875,2.5978964861274254,0.0,0.0,3.84890625,9.09263770144599,12.94154395144599,74284,,,0.0832571821124323,Information
225604,3881.0,5549.194343,BLR,Belarus,Mahilyow,0.632820079,0.0,0.67,0.46,3881.0,,,,,,,,,,,,,,,,,,,,,,,,,1.2550179255161222,12.65640158,0.0,,0.625,0.011,0.625,0.011,4.5,0.081,0.0,0.0,0.00625,0.011,0.0675,0.1215,0.0,0.0,0.20625,0.0,0.0,12.796875,0.2306078001474635,0.0,0.0,0.447890625,0.8071273005161222,1.2550179255161222,47198,,,1.104233402889194e-05,Information
225607,3884.0,2890.994203,BLR,Belarus,Mahilyow,1.084222078,0.0,0.67,0.46,3884.0,,,,,,,,,,,,,,,,,,,,,,,,,2.3482998466387905,21.68444156,0.0,,0.0,0.0,0.0,0.0,1.875,0.065,0.0,0.0,0.0,0.0,0.028125,0.0975,0.0,0.0,0.125625,0.0,0.0,15.046875,0.5204740633253687,0.0,0.0,0.526640625,1.8216592216387903,2.3482998466387905,69896,,,0.0002265480085019,Information
242494,4248.0,2605.494373,BLR,Belarus,Brest,1.98568248,0.0,0.67,0.46,4248.0,,,,,,,,,,,,,,,,,,,,,,,,,9.21533840737305,39.7136496,0.0,,8.688,0.333,7.25,0.278,0.0,0.0,0.0,0.0,0.0725,0.278,0.0,0.0,0.0,0.0,0.3505,0.0,0.0,54.421875,2.0887350806780143,0.0,0.0,1.904765625,7.31057278237305,9.21533840737305,90164,,,0.03017441616358,Information
242498,4252.0,5918.459492,BLR,Belarus,Brest,2.877034134,0.0,0.67,0.46,4252.0,,,,,,,,,,,,,,,,,,,,,,,,,9.134231781446855,57.54068268,0.0,,17.188,0.29,10.062,0.17,0.0,0.0,0.0,0.0,0.1006199999999999,0.17,0.0,0.0,0.0,0.0,0.2706199999999999,0.0,0.0,97.03125,1.639468008984816,0.0,0.0,3.39609375,5.738138031446856,9.134231781446855,465770,,,0.0622057805500366,Information
242606,4260.0,25310.54444,BLR,Belarus,Hrodna,1.616444444,0.0,0.67,0.46,4260.0,4260.0,0.0,4.0,-9999.0,-9999.0,-9999.0,0.0,7.0,-999.9,-999.9,-999.9,-5985.4,0.0,0.0,0.0,0.0,0.0,0.0,0.0,0.0,0.0,0.0,0.0,-5985.4,55.83438737171949,32.32888888,0.0,,116.062,0.459,74.688,0.295,0.062,0.0,0.188,0.001,0.74688,0.295,0.0009299999999999,0.0,0.0046999999999999,0.0025,1.05001,0.0,0.0,1506.65625,5.952682106205568,0.0,0.0,35.0,20.834387371719487,55.83438737171949,1297896,,,0.4237655818405204,Advisory
242607,4261.0,20356.79607,BLR,Belarus,Hrodna,1.502183074,0.0,0.67,0.46,4261.0,,,,,,,,,,,,,,,,,,,,,,,,,22.848421801217487,30.04366148,0.0,,51.0,0.251,47.25,0.232,0.0,0.0,0.0,0.0,0.4725,0.232,0.0,0.0,0.0,0.0,0.7045,0.0,0.0,437.765625,2.150464264633568,0.0,0.0,15.321796875,7.526624926217488,22.848421801217487,1050508,,,0.1315723594239679,Information
242608,4262.0,6738.382152,BLR,Belarus,Brest,1.261244875,0.0,0.67,0.46,4262.0,,,,,,,,,,,,,,,,,,,,,,,,,9.316298448417871,25.2248975,0.0,,21.188,0.314,12.062,0.179,0.0,0.0,0.062,0.001,0.1206199999999999,0.179,0.0,0.0,0.00155,0.0025,0.30367,0.0,0.0,107.15625,1.5902370566908206,0.0,0.0,3.75046875,5.565829698417872,9.316298448417871,323801,,,0.0186383954696515,Information
242609,4263.0,18305.71846,BLR,Belarus,Hrodna,1.025543513,0.0,0.67,0.46,4263.0,,,,,,,,,,,,,,,,,,,,,,,,,24.79528267632934,20.51087026,0.0,,9.062,0.05,8.438,0.046,0.0,0.0,0.375,0.002,0.08438,0.046,0.0,0.0,0.009375,0.005,0.144755,0.0,0.0,458.15625,2.50280397895124,0.0,0.0,16.03546875,8.75981392632934,24.79528267632934,462325,,,0.1220162039936979,Information
242804,4275.0,6680.776464,BLR,Belarus,Vitsyebsk,2.417915303,0.0,0.67,0.46,4275.0,,,,,,,,,,,,,,,,,,,,,,,,,51.823113626272544,48.35830606,0.0,,159.5,2.387,115.688,1.732,0.75,0.011,0.188,0.003,1.15688,1.732,0.01125,0.0165,0.0046999999999999,0.0075,2.9288300000000005,0.0,0.0,593.015625,8.876447643220727,0.0,0.0,20.755546875,31.067566751272544,51.823113626272544,30374,,,0.5013990440011212,Advisory
242806,4277.0,8468.505612,BLR,Belarus,Vitsyebsk,1.702020604,0.0,0.67,0.46,4277.0,,,,,,,,,,,,,,,,,,,,,,,,,42.60265397592171,34.04041208,0.0,,52.125,0.616,30.438,0.359,0.0,0.0,0.0,0.0,0.30438,0.359,0.0,0.0,0.0,0.0,0.66338,0.0,0.0,558.140625,6.590780600263348,0.0,0.0,19.534921875,23.06773210092172,42.60265397592171,99971,,,0.3310100953540104,Advisory
242807,4278.0,26994.93451,BLR,Belarus,Vitsyebsk,2.640566387,0.0,0.67,0.46,4278.0,,,,,,,,,,,,,,,,,,,,,,,,,51.00091861352711,52.81132774,0.0,,44.25,0.164,30.875,0.114,0.562,0.002,0.0,0.0,0.30875,0.114,0.00843,0.003,0.0,0.0,0.43418,0.0,0.0,1234.125,4.5716910324363145,0.0,0.0,35.0,16.0009186135271,51.00091861352711,796042,,,0.5309625861722644,Advisory
227101,3923.0,968.6106208,ROU,Romania,Tulcea,4.03057585,0.0,0.72,0.39,3923.0,,,,,,,,,,,,,,,,,,,,,,,,,40.665078125,80.61151699999999,0.0,3.0,6.812,0.703,6.812,0.703,2.312,0.239,5.0,0.516,0.06812,0.703,0.03468,0.3585,0.125,1.29,2.5793,0.0,0.0,161.859375,16.71046873997229,0.0,0.0,5.665078125,35.0,40.665078125,27950,1683.0,6.021466905187835,0.7705594283299548,Watch
227108,3930.0,28490.29601,ROU,Romania,Boto?ani,3.392564593,0.0,0.72,0.39,3930.0,3930.0,0.0,7.0,-9999.0,-9999.0,-9999.0,0.0,4.0,-999.9,-999.9,-999.9,-5991.4,0.0,0.0,0.0,0.0,0.0,0.0,0.0,0.0,0.0,0.0,0.0,-5991.4,10.313276636674408,67.85129186,0.0,,,,,,,,,,,,,,,,,0.0,0.0,218.109375,0.7655567176212593,0.0,0.0,7.633828125,2.679448511674408,10.313276636674408,2832130,,,0.1277816408922879,Information
227201,3932.0,2007.256864,ROU,Romania,Braila,2.260996788,0.0,0.72,0.39,3932.0,,,,,,,,,,,,,,,,,,,,,,,,,7.301685286839006,45.21993576,0.0,,0.0,0.0,0.0,0.0,0.0,0.0,0.688,0.034,0.0,0.0,0.0,0.0,0.0171999999999999,0.085,0.1022,0.0,0.0,34.875,1.7374457962397158,0.0,0.0,1.220625,6.081060286839006,7.301685286839006,172737,,,0.0219407410041964,Information
227203,3934.0,4947.102973,ROU,Romania,Vrancea,2.546016941,0.0,0.72,0.39,3934.0,3934.0,0.0,8.0,3.0,2.0,-9999.0,0.0,3.0,0.3,0.2,-999.9,-1992.8,0.0,0.0,0.0,0.0,0.0,0.0,0.0,0.0,0.0,0.0,0.0,-1992.8,0.758414857192232,50.92033882,0.0,,,,,,,,,,,,,,,,,0.0,0.0,7.171875,0.1449712091977806,0.0,0.0,0.251015625,0.507399232192232,0.758414857192232,311024,,,1.5232023375773848e-05,Information
227209,3940.0,12420.77614,ROU,Romania,Suceava,1.702024896,0.0,0.72,0.39,3940.0,3940.0,0.0,7.0,2.0,-9999.0,-9999.0,0.0,4.0,0.2,-999.9,-999.9,-3991.2,0.0,0.0,0.0,0.0,0.0,0.0,0.0,0.0,0.0,0.0,0.0,-3991.2,1.2527130462550835,34.04049792,0.0,,,,,,,,,,,,,,,,,0.0,0.0,19.828125,0.1596367632157382,0.0,0.0,0.693984375,0.5587286712550836,1.2527130462550835,1037258,,,3.68939584282671e-05,Information
227320,3942.0,12650.59498,ROU,Romania,Prahova,2.426154112,0.0,0.72,0.39,3942.0,3942.0,0.0,9.0,-9999.0,-9999.0,-9999.0,0.0,2.0,-999.9,-999.9,-999.9,-3981.2,0.0,0.0,0.0,0.0,0.0,0.0,0.0,0.0,0.0,0.0,0.0,-3981.2,12.037878119515,48.52308224,0.0,,,,,,,,,,,,,,,,,0.0,0.0,192.09375,1.5184562484328568,0.0,0.0,6.72328125,5.314596869514999,12.037878119515,5751040,,,0.0731014213044575,Information
227330,3943.0,15334.24818,ROU,Romania,Constan?a,1.657088844,0.0,0.72,0.39,3943.0,3943.0,0.0,9.0,-9999.0,-9999.0,-9999.0,0.0,2.0,-999.9,-999.9,-999.9,-5995.4,0.0,0.0,0.0,0.0,0.0,0.0,0.0,0.0,0.0,0.0,0.0,-5995.4,21.589403238071817,33.14177688,0.0,,,,,,,,,,,,,,,,,0.0,0.0,373.359375,2.434807175163376,0.0,0.0,13.067578125,8.521825113071817,21.589403238071817,7004336,,,0.1291598166496391,Information
227360,3946.0,24184.44725,ROU,Arge,Vâlcea,3.005504047,0.0,0.72,0.39,3946.0,3946.0,0.0,8.0,2.0,2.0,2.0,0.0,3.0,0.2,0.2,0.2,7.200000000000001,0.0,0.0,0.0,0.0,0.0,0.0,0.0,0.0,0.0,0.0,0.0,7.200000000000001,12.09825009327708,60.11008094,0.0,,,,,,,,,,,,,,,,,0.0,0.0,244.546875,1.011174133793452,0.0,0.0,8.559140625,3.539109468277082,12.09825009327708,1755909,,,0.1164223865807816,Information
227377,3953.0,8839.390429,ROU,Romania,Dolj,1.078757238,0.0,0.72,0.39,3953.0,3953.0,0.0,7.0,-9999.0,-9999.0,-9999.0,0.0,4.0,-999.9,-999.9,-999.9,-5991.4,0.0,0.0,0.0,0.0,0.0,0.0,0.0,0.0,0.0,0.0,0.0,-5991.4,12.734848898125584,21.57514476,0.0,,,,,,,,,,,,,,,,,0.0,0.0,170.71875,1.9313407566073093,0.0,0.0,5.97515625,6.759692648125583,12.734848898125584,311832,,,0.0345474553879754,Information
227379,3955.0,13763.59967,ROU,Romania,Cara?-Severin,2.239263265,0.0,0.72,0.39,3955.0,3955.0,0.0,3.0,-9999.0,-9999.0,-9999.0,0.0,8.0,-999.9,-999.9,-999.9,-5983.4,0.0,0.0,0.0,0.0,0.0,0.0,0.0,0.0,0.0,0.0,0.0,-5983.4,16.953277665456085,44.7852653,0.0,,,,,,,,,,,,,,,,,0.0,0.0,280.546875,2.0383248687017383,0.0,0.0,9.819140625,7.134137040456084,16.953277665456085,454535,,,0.118847318068742,Information
227623,3979.0,5141.795499,ROU,Romania,Arad,3.023294679,0.0,0.72,0.39,3979.0,3979.0,0.0,1.0,-9999.0,-9999.0,-9999.0,0.0,10.0,-999.9,-999.9,-999.9,-5979.4,0.0,0.0,0.0,0.0,0.0,0.0,0.0,0.0,0.0,0.0,0.0,-5979.4,1.2175097351751492,60.46589358,0.0,,,,,,,,,,,,,,,,,0.0,0.0,11.8125,0.2297349243357569,0.0,0.0,0.4134375,0.8040722351751491,1.2175097351751492,392565,,,0.0002503737934724,Information
227625,3981.0,4207.813542,ROU,Romania,Alba,0.680301592,0.0,0.72,0.39,3981.0,3981.0,0.0,8.0,-9999.0,-9999.0,-9999.0,0.0,3.0,-999.9,-999.9,-999.9,-5993.4,0.0,0.0,0.0,0.0,0.0,0.0,0.0,0.0,0.0,0.0,0.0,-5993.4,1.0802261797804036,13.60603184,0.0,,,,,,,,,,,,,,,,,0.0,0.0,9.140625,0.2172298013658296,0.0,0.0,0.319921875,0.7603043047804036,1.0802261797804036,203640,,,5.886562472818525e-06,Information
227640,3987.0,27183.99717,ROU,Romania,Bihor,2.839738412,0.0,0.72,0.39,3987.0,,,,,,,,,,,,,,,,,,,,,,,,,7.17006255333495,56.79476824,0.0,,82.875,0.305,48.75,0.179,0.0,0.0,0.0,0.0,0.4875,0.179,0.0,0.0,0.0,0.0,0.6665,0.0,0.0,149.765625,0.5509330509528428,0.0,0.0,5.241796875,1.9282656783349497,7.17006255333495,1693737,,,0.036243504169849,Information
227695,3996.0,1023.135905,ROU,Romania,Satu Mare,4.033130812,0.0,0.72,0.39,3996.0,3996.0,0.0,1.0,-9999.0,-9999.0,-9999.0,0.0,10.0,-999.9,-999.9,-999.9,-5979.4,0.0,0.0,0.0,0.0,0.0,0.0,0.0,0.0,0.0,0.0,0.0,-5979.4,0.4772488885569345,80.66261623999999,0.0,,,,,,,,,,,,,,,,,0.0,0.0,1.265625,0.1237005753019813,0.0,0.0,0.044296875,0.4329520135569345,0.4772488885569345,164049,,,0.0001070556679077,Information
227381,3956.0,873.9122245,SRB,Serbia,Podunavski,3.2198452,0.0,0.65,0.49,3956.0,3956.0,0.0,10.0,3.0,-9999.0,-9999.0,0.0,1.0,0.3,-999.9,-999.9,-3997.0,0.0,0.0,0.0,0.0,0.0,0.0,0.0,0.0,0.0,0.0,0.0,-3997.0,0.796144576073203,64.396904,0.0,,,,,,,,,,,,,,,,,0.0,0.0,1.828125,0.209188628878058,0.0,0.0,0.063984375,0.732160201073203,0.796144576073203,64843,,,7.22292895330947e-05,Information
227401,3966.0,11391.69132,SRB,Serbia,Sremski,1.713425492,0.0,0.65,0.49,3966.0,3966.0,0.0,2.0,-9999.0,-9999.0,-9999.0,0.0,9.0,-999.9,-999.9,-999.9,-5980.066666666666,0.0,0.0,0.0,0.0,0.0,0.0,0.0,0.0,0.0,0.0,0.0,-5980.066666666666,7.088965431034401,34.26850984,0.0,,,,,,,,,,,,,,,,,0.0,0.0,107.859375,0.9468249445812577,0.0,0.0,3.775078125,3.3138873060344016,7.088965431034401,1760073,,,0.0129723436456563,Information
227610,3976.0,15480.44806,SRB,Serbia,Severno-Banatski,4.031575116,0.0,0.65,0.49,3976.0,3976.0,0.0,2.0,-9999.0,-9999.0,-9999.0,0.0,9.0,-999.9,-999.9,-999.9,-5981.4,0.0,0.0,0.0,0.0,0.0,0.0,0.0,0.0,0.0,0.0,0.0,-5981.4,4.714950074674901,80.63150232,0.0,,,,,,,,,,,,,,,,,0.0,0.0,81.84375,0.5286910927642574,0.0,0.0,2.86453125,1.850418824674901,4.714950074674901,1338892,,,0.0788411548047715,Information
227700,4001.0,5919.020149,SRB,Serbia,Južno-Backi,1.943041105,0.0,0.65,0.49,4001.0,4001.0,0.0,4.0,-9999.0,-9999.0,-9999.0,0.0,7.0,-999.9,-999.9,-999.9,-5985.4,0.0,0.0,0.0,0.0,0.0,0.0,0.0,0.0,0.0,0.0,0.0,-5985.4,9.610228514982062,38.8608221,0.0,,,,,,,,,,,,,,,,,0.0,0.0,102.09375,1.7248420757091605,0.0,0.0,3.57328125,6.036947264982062,9.610228514982062,707219,,,0.0321333702143739,Information
227621,3977.0,375.9595843,HUN,Hungary,Csongrád,4.07616168,0.0,0.78,0.31,3977.0,3977.0,0.0,1.0,-9999.0,-9999.0,-9999.0,0.0,10.0,-999.9,-999.9,-999.9,-5979.4,0.0,0.0,0.0,0.0,0.0,0.0,0.0,0.0,0.0,0.0,0.0,-5979.4,2.037553165656326,81.5232336,0.0,,,,,,,,,,,,,,,,,0.0,0.0,2.109375,0.5610642973303789,0.0,0.0,0.073828125,1.963725040656326,2.037553165656326,34893,,,0.0137353152296443,Information
227630,3986.0,5808.15872,HUN,Hungary,Csongrád,3.725473015,0.0,0.78,0.31,3986.0,,,,,,,,,,,,,,,,,,,,,,,,,5.586109527285462,74.5094603,0.0,,18.312,0.315,7.562,0.13,0.0,0.0,0.0,0.0,0.07562,0.13,0.0,0.0,0.0,0.0,0.20562,0.0,0.0,58.640625,1.0096250435101322,0.0,0.0,2.052421875,3.5336876522854626,5.586109527285462,418736,,,0.0645041343826742,Information
227650,3988.0,13076.1393,HUN,Hungary,Jusz-Nagykun-Szolnok,3.812166873,0.0,0.78,0.31,3988.0,3988.0,0.0,1.0,-9999.0,-9999.0,-9999.0,0.0,10.0,-999.9,-999.9,-999.9,-5979.4,0.0,0.0,0.0,0.0,0.0,0.0,0.0,0.0,0.0,0.0,0.0,-5979.4,8.08656113638664,76.24333745999999,0.0,,10.75,0.082,7.25,0.055,0.0,0.0,0.0,0.0,0.0725,0.055,0.0,0.0,0.0,0.0,0.1275,0.0,0.0,130.921875,1.0012272889676117,0.0,0.0,4.582265625,3.504295511386641,8.08656113638664,1002890,,,0.1405928795133891,Information
227691,3992.0,4020.739641,HUN,Hungary,Szabolcs-Szatmár-Bereg,4.011783056,0.0,0.78,0.31,3992.0,,,,,,,,,,,,,,,,,,,,,,,,,2.6946055828712225,80.23566111999999,0.0,,13.25,0.33,8.375,0.208,0.0,0.0,0.0,0.0,0.08375,0.208,0.0,0.0,0.0,0.0,0.29175,0.0,0.0,22.078125,0.5491060593917778,0.0,0.0,0.772734375,1.9218712078712223,2.6946055828712225,450400,,,0.0231511309994147,Information
227803,4004.0,5051.199171,HUN,Hungary,Somogy,1.688265759,0.0,0.78,0.31,4004.0,,,,,,,,,,,,,,,,,,,,,,,,,6.042329511028594,33.76531518,0.0,,38.125,0.755,6.188,0.122,0.0,0.0,0.0,0.0,0.06188,0.122,0.0,0.0,0.0,0.0,0.18388,0.0,0.0,57.9375,1.147004860293884,0.0,0.0,2.0278125,4.014517011028595,6.042329511028594,209963,,,0.0083234587226313,Information
227911,4011.0,3626.077718,HUN,Hungary,Baranya,3.748310892,0.0,0.78,0.31,4011.0,4011.0,0.0,4.0,-9999.0,-9999.0,-9999.0,0.0,7.0,-999.9,-999.9,-999.9,-5985.4,0.0,0.0,0.0,0.0,0.0,0.0,0.0,0.0,0.0,0.0,0.0,-5985.4,11.837072491575158,74.96621784,0.0,,,,,,,,,,,,,,,,,0.0,0.0,90.0,2.482020711878617,0.0,0.0,3.15,8.687072491575158,11.837072491575158,204511,,,0.2269316597541745,Information
227915,4015.0,5912.494653,HUN,Hungary,Pest,0.417361168,0.0,0.78,0.31,4015.0,4015.0,0.0,2.0,-9999.0,-9999.0,-9999.0,0.0,9.0,-999.9,-999.9,-999.9,-5981.4,0.0,0.0,0.0,0.0,0.0,0.0,0.0,0.0,0.0,0.0,0.0,-5981.4,19.353000395016306,8.347223360000001,0.0,,,,,,,,,,,,,,,,,0.0,0.0,205.453125,3.4748974342903733,0.0,0.0,7.190859375,12.162141020016309,19.353000395016306,2883422,,,0.0599540074822578,Information
227919,4019.0,1694.194696,HUN,Hungary,Komárom-Esztergom,1.031354979,0.0,0.78,0.31,4019.0,4019.0,0.0,2.0,-9999.0,-9999.0,-9999.0,0.0,9.0,-999.9,-999.9,-999.9,-5981.4,0.0,0.0,0.0,0.0,0.0,0.0,0.0,0.0,0.0,0.0,0.0,-5981.4,9.44457409273025,20.62709958,0.0,,,,,,,,,,,,,,,,,0.0,0.0,39.09375,2.307512240780071,0.0,0.0,1.36828125,8.076292842730249,9.44457409273025,227805,,,0.0166388573400969,Information
227940,4022.0,17779.72752,HUN,Hungary,Gyor-Moson-Sopron,2.843343293,0.0,0.78,0.31,4022.0,,,,,,,,,,,,,,,,,,,,,,,,,10.604683871286756,56.86686586,0.0,,34.062,0.192,7.062,0.04,0.0,0.0,0.0,0.0,0.07062,0.04,0.0,0.0,0.0,0.0,0.11062,0.0,0.0,193.921875,1.090690927510502,0.0,0.0,6.787265625,3.8174182462867567,10.604683871286756,1492833,,,0.0803090610283003,Information
227950,4023.0,717.7119346,HUN,Hungary,Gyor-Moson-Sopron,2.365243729,0.0,0.78,0.31,4023.0,4023.0,0.0,1.0,-9999.0,-9999.0,-9999.0,0.0,10.0,-999.9,-999.9,-999.9,-5979.4,0.0,0.0,0.0,0.0,0.0,0.0,0.0,0.0,0.0,0.0,0.0,-5979.4,28.517681709714548,47.30487458,0.0,,,,,,,,,,,,,,,,,0.0,0.0,54.5625,7.602284059918442,0.0,0.0,1.9096875,26.607994209714548,28.517681709714548,286339,,,0.2696081100694085,Information
227660,3989.0,12898.21833,SVK,Slovakia,Kooicki,1.949281929,0.0,0.79,0.29,3989.0,,,,,,,,,,,,,,,,,,,,,,,,,2.201927870401536,38.98563858,0.0,,15.125,0.117,8.438,0.065,0.0,0.0,0.0,0.0,0.08438,0.065,0.0,0.0,0.0,0.0,0.14938,0.0,0.0,35.4375,0.2747472486861531,0.0,0.0,1.2403125,0.9616153704015358,2.201927870401536,1470427,,,0.000447232369933,Information
227680,3991.0,14341.31273,SVK,Slovakia,Kooicki,4.022740869,0.0,0.79,0.29,3991.0,3991.0,0.0,1.0,-9999.0,-9999.0,-9999.0,0.0,10.0,-999.9,-999.9,-999.9,-5979.4,0.0,0.0,0.0,0.0,0.0,0.0,0.0,0.0,0.0,0.0,0.0,-5979.4,2.00491936876804,80.45481738,0.0,,,,,,,,,,,,,,,,,0.0,0.0,33.75,0.2353341053622969,0.0,0.0,1.18125,0.8236693687680392,2.00491936876804,1291913,,,0.0113893811559174,Information
227920,4020.0,19528.42757,SVK,Slovakia,Žilinský,2.078553805,0.0,0.79,0.29,4020.0,4020.0,0.0,2.0,-9999.0,-9999.0,-9999.0,0.0,9.0,-999.9,-999.9,-999.9,-5981.4,0.0,0.0,0.0,0.0,0.0,0.0,0.0,0.0,0.0,0.0,0.0,-5981.4,2.143364893641756,41.5710761,0.0,,,,,,,,,,,,,,,,,0.0,0.0,40.5,0.2073899696119304,0.0,0.0,1.4175,0.7258648936417564,2.143364893641756,2467229,,,0.0004741470652183,Information
227804,4005.0,14077.55654,AUT,Austria,Steiermark,2.278596437,0.0,0.83,0.24,4005.0,4005.0,0.0,1.0,-9999.0,-9999.0,-9999.0,0.0,10.0,-999.9,-999.9,-999.9,-5979.4,0.0,0.0,0.0,0.0,0.0,0.0,0.0,0.0,0.0,0.0,0.0,-5979.4,4.023866906290358,45.57192874,0.0,,86.0,0.611,22.25,0.158,0.0,0.0,0.0,0.0,0.2225,0.158,0.0,0.0,0.0,0.0,0.3805,0.0,0.0,67.21875,0.4774887589401024,0.0,0.0,2.35265625,1.6712106562903584,4.023866906290358,1189643,,,0.0045985864767752,Information
227807,4008.0,823.7103041,AUT,Austria,Kärnten,1.513649083,0.0,0.83,0.24,4008.0,,,,,,,,,,,,,,,,,,,,,,,,,3.7511137538251567,30.27298166,0.0,,2.062,0.25,1.688,0.205,0.0,0.0,0.0,0.0,0.01688,0.205,0.0,0.0,0.0,0.0,0.22188,0.0,0.0,8.15625,0.9901842868071876,0.0,0.0,0.28546875,3.4656450038251565,3.7511137538251567,41395,,,0.0017359725218623,Information
227970,4025.0,28104.73331,AUT,Austria,Niederösterreich,0.970408497,0.0,0.83,0.24,4025.0,4025.0,0.0,9.0,-9999.0,-9999.0,-9999.0,0.0,2.0,-999.9,-999.9,-999.9,-5982.6,0.0,0.0,0.0,0.0,0.0,0.0,0.0,0.0,0.0,0.0,0.0,-5982.6,8.014437474206408,19.40816994,0.0,,54.188,0.193,37.688,0.134,0.0,0.0,0.0,0.0,0.37688,0.134,0.0,0.0,0.0,0.0,0.51088,0.0,0.0,168.890625,0.6009330283446882,0.0,0.0,5.911171875,2.103265599206409,8.014437474206408,4546346,,,0.0104953229842274,Information
227980,4026.0,25978.45981,AUT,Austria,Tirol,1.216972086,0.0,0.83,0.24,4026.0,4026.0,0.0,10.0,-9999.0,-9999.0,-9999.0,0.0,1.0,-999.9,-999.9,-999.9,-5997.4,0.0,0.0,0.0,0.0,0.0,0.0,0.0,0.0,0.0,0.0,0.0,-5997.4,6.905087616916643,24.33944172,0.0,,66.25,0.255,49.812,0.192,0.0,0.0,0.0,0.0,0.4981199999999999,0.192,0.0,0.0,0.0,0.0,0.69012,0.0,0.0,142.453125,0.548350926261898,0.0,0.0,4.985859375,1.9192282419166429,6.905087616916643,2494162,,,0.008332907967721,Information
227960,4024.0,26618.39612,CZE,Czech Republic,Jihomoravský,0.993572141,0.0,0.8,0.28,4024.0,4024.0,0.0,1.0,-9999.0,-9999.0,-9999.0,0.0,10.0,-999.9,-999.9,-999.9,-5979.4,0.0,0.0,0.0,0.0,0.0,0.0,0.0,0.0,0.0,0.0,0.0,-5979.4,6.439149841523294,19.87144282,0.0,,,,,,,,,,,,,,,,,0.0,0.0,133.734375,0.5024133475780842,0.0,0.0,4.680703125,1.7584467165232949,6.439149841523294,3145795,,,0.0058471730136959,Information
232860,4158.0,13730.18339,CZE,Czech Republic,Královéhradecký,1.420957016,0.0,0.8,0.28,4158.0,,,,,,,,,,,,,,,,,,,,,,,,,1.539692205532223,28.41914032,0.0,,10.688,0.078,10.312,0.075,0.0,0.0,0.0,0.0,0.1031199999999999,0.075,0.0,0.0,0.0,0.0,0.17812,0.0,0.0,25.453125,0.1853808087234923,0.0,0.0,0.890859375,0.6488328305322231,1.539692205532223,1837741,,,6.170656980622309e-05,Information
232870,4159.0,1511.202584,CZE,Czech Republic,Stredoceský,0.261848121,0.0,0.8,0.28,4159.0,,,,,,,,,,,,,,,,,,,,,,,,,1.19488,5.236962419999999,0.0,,18.438,1.22,15.688,1.038,0.0,0.0,0.0,0.0,0.15688,1.038,0.0,0.0,0.0,0.0,1.19488,0.0,0.0,2.671875,0.1768045547854948,0.0,0.0,0.093515625,0.6188159417492318,0.7123315667492318,1575384,,,6.118173983673219e-06,Information
232880,4160.0,8890.309116,CZE,Czech Republic,Plzenský,1.028868789,0.0,0.8,0.28,4160.0,,,,,,,,,,,,,,,,,,,,,,,,,0.7843574866094878,20.57737578,0.0,,10.625,0.12,7.562,0.085,0.0,0.0,0.0,0.0,0.07562,0.085,0.0,0.0,0.0,0.0,0.16062,0.0,0.0,10.546875,0.1186333890312822,0.0,0.0,0.369140625,0.4152168616094877,0.7843574866094878,890847,,,1.940329530531154e-06,Information
232890,4161.0,17757.24124,CZE,Czech Republic,Jihoceský,1.204939961,0.0,0.8,0.28,4161.0,,,,,,,,,,,,,,,,,,,,,,,,,2.9389672584226894,24.09879922,0.0,,154.25,0.869,94.875,0.534,0.0,0.0,0.0,0.0,0.94875,0.534,0.0,0.0,0.0,0.0,1.48275,0.0,0.0,53.71875,0.3025174309779112,0.0,0.0,1.88015625,1.0588110084226892,2.9389672584226894,1199184,,,0.0005742428258613,Information
227991,4027.0,3299.909369,DEU,Germany,Bayern,0.768688096,0.0,0.81,0.26,4027.0,4027.0,0.0,1.0,-9999.0,-9999.0,-9999.0,0.0,10.0,-999.9,-999.9,-999.9,-5979.4,0.0,0.0,0.0,0.0,0.0,0.0,0.0,0.0,0.0,0.0,0.0,-5979.4,0.1915,15.37376192,0.0,,5.875,0.178,4.75,0.144,0.0,0.0,0.0,0.0,0.0475,0.144,0.0,0.0,0.0,0.0,0.1915,0.0,0.0,0.84375,0.0255688840398436,0.0,0.0,0.02953125,0.0894910941394526,0.1190223441394526,328693,,,5.606459209571468e-10,Information
227992,4028.0,9123.261558,DEU,Germany,Bayern,0.990203133,0.0,0.81,0.26,4028.0,4028.0,0.0,4.0,-9999.0,-9999.0,-9999.0,0.0,7.0,-999.9,-999.9,-999.9,-5985.4,0.0,0.0,0.0,0.0,0.0,0.0,0.0,0.0,0.0,0.0,0.0,-5985.4,8.89302851347168,19.80406266,0.0,,61.625,0.675,50.812,0.557,0.0,0.0,0.0,0.0,0.50812,0.557,0.0,0.0,0.0,0.0,1.06512,0.0,0.0,121.21875,1.3286777895633377,0.0,0.0,4.24265625,4.650372263471682,8.89302851347168,3240524,,,0.0139316673716401,Information
227993,4029.0,5652.765775,DEU,Germany,Bayern,0.967057766,0.0,0.81,0.26,4029.0,4029.0,0.0,1.0,-9999.0,-9999.0,-9999.0,0.0,10.0,-999.9,-999.9,-999.9,-5979.4,0.0,0.0,0.0,0.0,0.0,0.0,0.0,0.0,0.0,0.0,0.0,-5979.4,0.504269149992244,19.34115532,0.0,,7.875,0.139,7.312,0.129,0.0,0.0,0.0,0.0,0.07312,0.129,0.0,0.0,0.0,0.0,0.20212,0.0,0.0,5.203125,0.092045649997784,0.0,0.0,0.182109375,0.322159774992244,0.504269149992244,712015,,,1.938768441412686e-07,Information
227994,4030.0,5494.866547,DEU,Germany,Bayern,0.657328526,0.0,0.81,0.26,4030.0,,,,,,,,,,,,,,,,,,,,,,,,,3.3309837374598,13.14657052,0.0,,25.0,0.455,22.375,0.407,0.062,0.001,0.0,0.0,0.22375,0.407,0.0009299999999999,0.0015,0.0,0.0,0.6331799999999999,0.0,0.0,33.75,0.6142096392742284,0.0,0.0,1.18125,2.1497337374598,3.3309837374598,460624,,,0.0005551896692717,Information
227995,4031.0,730.2198867,DEU,Germany,Bayern,1.106994489,0.0,0.81,0.26,4031.0,4031.0,0.0,1.0,-9999.0,-9999.0,-9999.0,0.0,10.0,-999.9,-999.9,-999.9,-5979.4,0.0,0.0,0.0,0.0,0.0,0.0,0.0,0.0,0.0,0.0,0.0,-5979.4,-5979.4,22.13988978,0.0,,,,,,,,,,,,,,,,,,,,,,,,,,87284,,,,
227997,4033.0,3541.762392,DEU,Germany,Bayern,1.335087486,0.0,0.81,0.26,4033.0,4033.0,0.0,1.0,-9999.0,-9999.0,-9999.0,0.0,10.0,-999.9,-999.9,-999.9,-5979.4,0.0,0.0,0.0,0.0,0.0,0.0,0.0,0.0,0.0,0.0,0.0,-5979.4,0.2001799999999999,26.70174972,0.0,,8.438,0.238,5.125,0.145,0.062,0.002,0.0,0.0,0.05125,0.145,0.0009299999999999,0.003,0.0,0.0,0.2001799999999999,,,,,,,,,,588476,,,1.78393927112918e-09,Information
227998,4034.0,4688.595741,DEU,Germany,Bayern,0.476050932,0.0,0.81,0.26,4034.0,,,,,,,,,,,,,,,,,,,,,,,,,8.37274566454923,9.52101864,0.0,,6.938,0.148,6.0,0.128,0.0,0.0,0.0,0.0,0.06,0.128,0.0,0.0,0.0,0.0,0.188,0.0,0.0,76.359375,1.6286192970140656,0.0,0.0,2.672578125,5.70016753954923,8.37274566454923,851697,,,0.0086531316615635,Information
232610,4136.0,25392.4749,DEU,Germany,Nordrhein-Westfalen,0.266069691,1.813786034,0.81,0.26,4136.0,4136.0,0.0,1.0,-9999.0,-9999.0,-9999.0,0.0,10.0,-999.9,-999.9,-999.9,-5979.4,0.0,0.0,0.0,0.0,0.0,0.0,0.0,0.0,0.0,0.0,0.0,-5979.4,3.087087892775283,5.32139382,36.27572068,,,,,,,,,,,,,,,,,0.0,0.0,63.28125,0.2492126122215094,0.0,0.0,2.21484375,0.8722441427752828,3.087087892775283,16482073,,,0.0012335919389335,Information
232630,4138.0,11615.0077,DEU,Germany,Hessen,0.463473913,0.0,0.81,0.26,4138.0,4138.0,0.0,1.0,-9999.0,-9999.0,-9999.0,0.0,10.0,-999.9,-999.9,-999.9,-5979.4,0.0,0.0,0.0,0.0,0.0,0.0,0.0,0.0,0.0,0.0,0.0,-5979.4,1.3006331434710017,9.26947826,0.0,,,,,,,,,,,,,,,,,0.0,0.0,19.96875,0.1719219695631433,0.0,0.0,0.69890625,0.6017268934710015,1.3006331434710017,2546226,,,1.0927593121716093e-05,Information
232640,4139.0,27466.15624,DEU,Germany,Bayern,0.810068384,0.0,0.81,0.26,4139.0,4139.0,0.0,1.0,-9999.0,-9999.0,-9999.0,0.0,10.0,-999.9,-999.9,-999.9,-5979.400000000001,0.0,0.0,0.0,0.0,0.0,0.0,0.0,0.0,0.0,0.0,0.0,-5979.400000000001,1.6381801521177288,16.20136768,0.0,,21.25,0.077,18.562,0.068,0.0,0.0,0.0,0.0,0.18562,0.068,0.0,0.0,0.0,0.0,0.25362,0.0,0.0,34.3125,0.1249264720336368,0.0,0.0,1.2009375,0.4372426521177288,1.6381801521177288,6616169,,,4.1627676767714535e-05,Information
232650,4140.0,2786.212261,DEU,Germany,Hessen,0.765037585,0.0,0.81,0.26,4140.0,4140.0,0.0,1.0,-9999.0,-9999.0,-9999.0,0.0,10.0,-999.9,-999.9,-999.9,-5979.4,0.0,0.0,0.0,0.0,0.0,0.0,0.0,0.0,0.0,0.0,0.0,-5979.4,1.5585020621062642,15.3007517,0.0,,,,,,,,,,,,,,,,,0.0,0.0,9.703125,0.3482550534589326,0.0,0.0,0.339609375,1.2188926871062642,1.5585020621062642,1342110,,,3.229506779611889e-05,Information
232660,4141.0,13977.46791,DEU,Germany,Baden-Württemberg,0.629799921,0.0,0.81,0.26,4141.0,4141.0,0.0,1.0,-9999.0,-9999.0,-9999.0,0.0,10.0,-999.9,-999.9,-999.9,-5979.4,0.0,0.0,0.0,0.0,0.0,0.0,0.0,0.0,0.0,0.0,0.0,-5979.4,0.2786245205633609,12.59599842,0.0,,,,,,,,,,,,,,,,,0.0,0.0,4.640625,0.033200755875246,0.0,0.0,0.162421875,0.1162026455633609,0.2786245205633609,5349714,,,4.503762215181849e-09,Information
232670,4142.0,20595.54553,DEU,Germany,Baden-Württemberg,0.850862742,0.0,0.81,0.26,4142.0,4142.0,0.0,1.0,-9999.0,-9999.0,-9999.0,0.0,10.0,-999.9,-999.9,-999.9,-5979.4,0.0,0.0,0.0,0.0,0.0,0.0,0.0,0.0,0.0,0.0,0.0,-5979.4,6.660914485152637,17.01725484,0.0,,,,,,,,,,,,,,,,,0.0,0.0,128.109375,0.6220246743293251,0.0,0.0,4.483828125,2.1770863601526376,6.660914485152637,6002667,,,0.0058282534030552,Information
232706,4149.0,44876.58601,DEU,Germany,Niedersachsen,1.154271459,1.212210472,0.81,0.26,4149.0,4149.0,0.0,1.0,-9999.0,-9999.0,-9999.0,0.0,10.0,-999.9,-999.9,-999.9,-5979.400000000001,0.0,0.0,0.0,0.0,0.0,0.0,0.0,0.0,0.0,0.0,0.0,-5979.400000000001,12.314122902600644,23.08542918,24.24420944,,,,,,,,,,,,,,,,,0.0,0.0,287.71875,0.6411333293144695,0.0,0.0,10.07015625,2.243966652600643,12.314122902600644,8155582,,,0.0346263163685906,Information
232810,4153.0,17605.87297,DEU,Germany,Mecklenburg-Vorpommern,1.118430215,0.0,0.81,0.26,4153.0,4153.0,0.0,1.0,-9999.0,-9999.0,-9999.0,0.0,10.0,-999.9,-999.9,-999.9,-5979.4,0.0,0.0,0.0,0.0,0.0,0.0,0.0,0.0,0.0,0.0,0.0,-5979.4,17.317984779412967,22.3686043,0.0,,13.125,0.075,12.5,0.071,0.062,0.0,0.125,0.001,0.125,0.071,0.0009299999999999,0.0,0.003125,0.0025,0.2025549999999999,0.0,0.0,315.5625,1.7923706512608482,0.0,0.0,11.0446875,6.273297279412969,17.317984779412967,2757213,,,0.0667778854068843,Information
232820,4154.0,22944.06333,DEU,Germany,Brandenburg,1.223358533,0.0,0.81,0.26,4154.0,4154.0,0.0,1.0,-9999.0,-9999.0,-9999.0,0.0,10.0,-999.9,-999.9,-999.9,-5979.4,0.0,0.0,0.0,0.0,0.0,0.0,0.0,0.0,0.0,0.0,0.0,-5979.4,36.33870811201661,24.46717066,0.0,,500.188,2.18,299.562,1.306,14.5,0.063,3.812,0.017,2.99562,1.306,0.2175,0.0945,0.0953,0.0425,4.75142,0.0,0.0,723.09375,3.151550532004745,0.0,0.0,25.30828125,11.030426862016608,36.33870811201661,5255945,,,0.2321807703230869,Advisory
232830,4155.0,4215.384184,DEU,Germany,Sachsen-Anhalt,1.109266098,0.0,0.81,0.26,4155.0,4155.0,0.0,1.0,-9999.0,-9999.0,-9999.0,0.0,10.0,-999.9,-999.9,-999.9,-5981.4,0.0,0.0,0.0,0.0,0.0,0.0,0.0,0.0,0.0,0.0,0.0,-5981.4,5.4274992501392685,22.18532196,0.0,,9.75,0.231,8.562,0.203,0.062,0.001,0.062,0.001,0.0856199999999999,0.203,0.0009299999999999,0.0015,0.00155,0.0025,0.2951,0.0,0.0,45.984375,1.0908703214683624,0.0,0.0,1.609453125,3.818046125139269,5.4274992501392685,465956,,,0.003874078899643,Information
232840,4156.0,23633.07997,DEU,Germany,Sachsen-Anhalt,0.855398479,0.0,0.81,0.26,4156.0,4156.0,0.0,1.0,-9999.0,-9999.0,-9999.0,0.0,10.0,-999.9,-999.9,-999.9,-5979.4,0.0,0.0,0.0,0.0,0.0,0.0,0.0,0.0,0.0,0.0,0.0,-5979.4,6.794361176085332,17.10796958,0.0,,30.75,0.13,29.062,0.123,0.375,0.002,0.062,0.0,0.29062,0.123,0.005625,0.003,0.00155,0.0,0.423795,0.0,0.0,136.40625,0.5771835503100947,0.0,0.0,4.77421875,2.020142426085332,6.794361176085332,3657148,,,0.0061843670332548,Information
232850,4157.0,28405.66743,DEU,Germany,Sachsen,1.157139003,0.0,0.81,0.26,4157.0,4157.0,0.0,4.0,-9999.0,-9999.0,-9999.0,0.0,7.0,-999.9,-999.9,-999.9,-5982.733333333334,0.0,0.0,0.0,0.0,0.0,0.0,0.0,0.0,0.0,0.0,0.0,-5982.733333333334,12.730218813904637,23.14278006,0.0,,173.75,0.612,123.0,0.433,1.062,0.004,0.188,0.001,1.23,0.433,0.01593,0.006,0.0046999999999999,0.0025,1.69213,0.0,0.0,269.015625,0.9470491254013248,0.0,0.0,9.415546875,3.314671938904637,12.730218813904637,4190738,,,0.0360908165879016,Information
241008,4208.0,5315.12647,DEU,Germany,Mecklenburg-Vorpommern,0.726221159,0.0,0.81,0.26,4208.0,,,,,,,,,,,,,,,,,,,,,,,,,5.034610968193385,14.52442318,0.0,,6.5,0.122,6.188,0.116,0.062,0.001,0.0,0.0,0.06188,0.116,0.0009299999999999,0.0015,0.0,0.0,0.18031,0.0,0.0,49.921875,0.9392415266266814,0.0,0.0,1.747265625,3.287345343193385,5.034610968193385,227941,,,0.0023136562015465,Information
241009,4209.0,3712.290006,DEU,Germany,Brandenburg,1.295401478,0.0,0.81,0.26,4209.0,,,,,,,,,,,,,,,,,,,,,,,,,11.998932463091371,25.908029560000003,0.0,,28.562,0.769,22.312,0.601,0.0,0.0,0.0,0.0,0.22312,0.601,0.0,0.0,0.0,0.0,0.82412,0.0,0.0,92.8125,2.500141418026107,0.0,0.0,3.2484375,8.750494963091374,11.998932463091371,122587,,,0.0343422483675793,Information
242222,4213.0,4408.721332,DEU,Germany,Sachsen,1.123004646,0.0,0.81,0.26,4213.0,,,,,,,,,,,,,,,,,,,,,,,,,3.168875,22.46009292,0.0,,191.438,4.342,96.75,2.195,0.125,0.003,0.0,0.0,0.9675,2.195,0.001875,0.0045,0.0,0.0,3.168875,0.0,0.0,20.953125,0.4752653529787718,0.0,0.0,0.733359375,1.6634287354257014,2.3967881104257014,568074,,,0.0006933237182038,Information
241007,16082.0,4347.644201,DEU,Germany,Mecklenburg-Vorpommern,2.223428361,2.450649662,0.81,0.26,16082.0,,,,,,,,,,,,,,,,,,,,,,,,,19.60489193819487,44.46856722,49.01299324,,21.812,0.502,21.0,0.483,0.75,0.017,0.438,0.01,0.21,0.483,0.01125,0.0255,0.01095,0.025,0.7656999999999999,0.0,0.0,169.734375,3.904053946627106,0.0,0.0,5.940703125,13.66418881319487,19.60489193819487,372224,,,0.1695887394608655,Information
231401,4048.0,8195.490925,PRT,Portugal,Beja,0.820230681,2.369401354,0.76,0.33,4048.0,4048.0,0.0,1.0,-9999.0,-9999.0,-9999.0,0.0,10.0,-999.9,-999.9,-999.9,-5979.4,0.0,0.0,0.0,0.0,0.0,0.0,0.0,0.0,0.0,0.0,0.0,-5979.4,10.910292252775704,16.40461362,47.38802708,,10.375,0.127,7.5,0.092,9.375,0.114,6.5,0.079,0.075,0.092,0.140625,0.171,0.1625,0.1975,0.838625,26.71875,0.3260176875883199,128.953125,1.5734643132552069,0.40078125,0.4890265313824798,4.513359375,5.507125096393224,10.910292252775704,118562,,,0.0578319605403351,Information
231500,4057.0,22796.66728,PRT,Portugal,Setúbal,0.43494642,1.937819583,0.76,0.33,4057.0,,,,,,,,,,,,,,,,,,,,,,,,,34.62563862985655,8.6989284,38.75639166,,82.125,0.36,58.438,0.256,7.812,0.034,0.812,0.004,0.58438,0.256,0.11718,0.051,0.0203,0.01,1.03886,174.234375,0.7642975741245844,612.984375,2.688921005334192,2.613515625,1.1464463611868767,21.454453125,9.411223518669672,34.62563862985655,1656142,,,0.2842489601463281,Information
231601,4058.0,3971.645947,PRT,Portugal,Santarém,1.37522023,0.0,0.76,0.33,4058.0,4058.0,0.0,1.0,-9999.0,-9999.0,-9999.0,0.0,10.0,-999.9,-999.9,-999.9,-5979.4,0.0,0.0,0.0,0.0,0.0,0.0,0.0,0.0,0.0,0.0,0.0,-5979.4,7.571342888471343,27.5044046,0.0,,37.938,0.955,16.75,0.422,0.188,0.005,0.0,0.0,0.1675,0.422,0.00282,0.0075,0.0,0.0,0.59982,10.265625,0.2584728129587769,57.09375,1.4375337268666222,0.153984375,0.3877092194381653,1.99828125,5.031368044033178,7.571342888471343,363417,,,0.0119368612874193,Information
231700,4067.0,14887.35009,PRT,Portugal,Coimbra,0.634764169,1.125551239,0.76,0.33,4067.0,,,,,,,,,,,,,,,,,,,,,,,,,21.02007068050709,12.69528338,22.51102478,,37.0,0.249,29.875,0.201,4.0,0.027,1.875,0.013,0.29875,0.201,0.06,0.0405,0.046875,0.0325,0.6796249999999999,134.4375,0.9030317629105604,301.640625,2.026153903183213,2.0165625,1.3545476443658406,10.557421875,7.091538661141246,21.02007068050709,4116576,,,0.0960046742051932,Information
231801,4068.0,26401.13797,PRT,Portugal,Braganaa,1.105374541,0.0,0.76,0.33,4068.0,,,,,,,,,,,,,,,,,,,,,,,,,8.172452940851604,22.10749082,0.0,,10.688,0.04,8.688,0.033,2.5,0.009,0.688,0.003,0.08688,0.033,0.0375,0.0134999999999999,0.0171999999999999,0.0075,0.19558,49.640625,0.1880245656869789,148.078125,0.560877812091753,0.744609375,0.2820368485304683,5.182734375,1.963072342321136,8.172452940851604,1498471,,,0.0120804586905048,Information
231901,4077.0,6584.885191,PRT,Portugal,Braga,2.347037973,1.148305774,0.76,0.33,4077.0,,,,,,,,,,,,,,,,,,,,,,,,,3.814542876603468,46.94075946,22.96611548,,12.125,0.184,8.688,0.132,0.688,0.01,0.0,0.0,0.08688,0.132,0.01032,0.015,0.0,0.0,0.2442,11.390625,0.1729813758169739,38.390625,0.5830113036794305,0.170859375,0.2594720637254608,1.343671875,2.0405395628780068,3.814542876603468,1772117,,,0.0042368509091782,Information
232508,4135.0,32844.72104,BEL,Belgium,Wallonie,0.511722625,0.290381748,0.77,0.32,4135.0,4135.0,0.0,2.0,-9999.0,-9999.0,-9999.0,0.0,9.0,-999.9,-999.9,-999.9,-5981.066666666667,0.0,0.0,0.0,0.0,0.0,0.0,0.0,0.0,0.0,0.0,0.0,-5981.066666666667,1.4959540116281256,10.2344525,5.80763496,,,,,,,,,,,,,,,,,0.0,0.0,32.765625,0.0997591818937502,0.0,0.0,1.146796875,0.3491571366281257,1.4959540116281256,8480659,,,2.1159763457835947e-05,Information
232680,4143.0,17607.86859,CHE,Switzerland,Bern,0.627128712,0.0,0.83,0.24,4143.0,4143.0,0.0,1.0,-9999.0,-9999.0,-9999.0,0.0,10.0,-999.9,-999.9,-999.9,-5979.4,0.0,0.0,0.0,0.0,0.0,0.0,0.0,0.0,0.0,0.0,0.0,-5979.4,4.059218364757816,12.54257424,0.0,,,,,,,,,,,,,,,,,0.0,0.0,73.96875,0.4200891756450903,0.0,0.0,2.58890625,1.470312114757816,4.059218364757816,4191187,,,0.0010697146093697,Information
232690,4144.0,15883.28871,CHE,Switzerland,Appenzell Innerrhoden,1.246567672,0.0,0.83,0.24,4144.0,4144.0,0.0,2.0,-9999.0,-9999.0,-9999.0,0.0,9.0,-999.9,-999.9,-999.9,-5980.4,0.0,0.0,0.0,0.0,0.0,0.0,0.0,0.0,0.0,0.0,0.0,-5980.4,2.823269066704177,24.93135344,0.0,,8.625,0.054,8.25,0.052,2.75,0.017,0.0,0.0,0.0825,0.052,0.04125,0.0255,0.0,0.0,0.20125,0.0,0.0,49.5,0.311648304772622,0.0,0.0,1.7325,1.090769066704177,2.823269066704177,3169275,,,0.0005181025023524,Information
233014,4164.0,10999.90598,GBR,United Kingdom,England,0.595790284,0.001069178,0.8,0.28,4164.0,,,,,,,,,,,,,,,,,,,,,,,,,1.6121443458967244,11.91580568,0.02138356,,23.188,0.211,9.375,0.085,0.0,0.0,0.0,0.0,0.09375,0.085,0.0,0.0,0.0,0.0,0.17875,5.765625,0.0524152207439895,21.65625,0.1968766827944972,0.086484375,0.0786228311159842,0.75796875,0.6890683897807401,1.6121443458967244,2833106,,,3.157396502467641e-05,Information
233017,4167.0,19257.39353,GBR,United Kingdom,Wales,1.377608667,2.301165951,0.8,0.28,4167.0,,,,,,,,,,,,,,,,,,,,,,,,,13.324213715511815,27.552173340000003,46.02331902,,45.812,0.238,33.125,0.172,0.0,0.0,0.0,0.0,0.33125,0.172,0.0,0.0,0.0,0.0,0.50325,76.078125,0.395059304813099,217.96875,1.1318704666549049,1.141171875,0.5925889572196484,7.62890625,3.961546633292167,13.324213715511815,4082546,,,0.0809111157692782,Information
233018,4168.0,2385.992147,GBR,United Kingdom,England,0.238087906,0.0,0.8,0.28,4168.0,,,,,,,,,,,,,,,,,,,,,,,,,2.273957674054748,4.76175812,0.0,,53.0,2.221,31.125,1.304,0.0,0.0,0.0,0.0,0.31125,1.304,0.0,0.0,0.0,0.0,1.61525,1.96875,0.0825128449013369,11.671875,0.4891832947722119,0.02953125,0.1237692673520053,0.408515625,1.7121415317027415,2.273957674054748,3630296,,,9.390990337128029e-05,Information
233019,4169.0,9965.805224,GBR,United Kingdom,England,0.593354063,1.141806787,0.8,0.28,4169.0,,,,,,,,,,,,,,,,,,,,,,,,,11.672178054549269,11.86708126,22.83613574,,126.25,1.267,81.562,0.818,0.0,0.0,0.0,0.0,0.81562,0.818,0.0,0.0,0.0,0.0,1.63362,92.109375,0.9242542166255784,126.984375,1.2742008513174004,1.381640625,1.3863813249383676,4.444453125,4.459702979610901,11.672178054549269,2892953,,,0.0294644639955952,Information
233021,4170.0,10289.56625,GBR,United Kingdom,Scotland,1.230352329,1.213047253,0.8,0.28,4170.0,,,,,,,,,,,,,,,,,,,,,,,,,14.34295810157644,24.60704658,24.26094506,,21.5,0.209,8.375,0.081,0.0,0.0,0.0,0.0,0.08375,0.081,0.0,0.0,0.0,0.0,0.16475,37.6875,0.366269083368291,191.671875,1.8627789575782865,0.5653125,0.5494036250524366,6.708515625,6.519726351524003,14.34295810157644,599050,,,0.0485120990766138,Information
233022,4171.0,2978.060988,GBR,United Kingdom,Scotland,1.059326314,0.0,0.8,0.28,4171.0,,,,,,,,,,,,,,,,,,,,,,,,,1.1919508957166485,21.18652628,0.0,,17.125,0.575,4.375,0.147,0.0,0.0,0.0,0.0,0.04375,0.147,0.0,0.0,0.0,0.0,0.1907499999999999,3.796875,0.1274948704850874,6.1875,0.2077694185682906,0.056953125,0.1912423057276311,0.2165625,0.7271929649890171,1.1919508957166485,1683794,,,1.3856261701972189e-05,Information
233024,4172.0,2950.387309,GBR,United Kingdom,Scotland,0.0,0.11576669,0.8,0.28,4172.0,,,,,,,,,,,,,,,,,,,,,,,,,0.49975,0.0,2.3153338000000003,,13.75,0.466,11.375,0.386,0.0,0.0,0.0,0.0,0.11375,0.386,0.0,0.0,0.0,0.0,0.49975,0.0,0.0,2.671875,0.0905601441596645,0.0,0.0,0.093515625,0.3169605045588257,0.4104761295588257,27847,,,6.623633925868374e-08,Information
233025,4173.0,8983.750004,GBR,United Kingdom,Scotland,1.217883515,0.219157721,0.8,0.28,4173.0,,,,,,,,,,,,,,,,,,,,,,,,,9.33372110423931,24.3576703,4.38315442,,81.375,0.906,61.312,0.682,0.25,0.003,0.062,0.001,0.61312,0.682,0.00375,0.0045,0.00155,0.0025,1.3074199999999998,43.453125,0.4836858213817085,107.578125,1.1974746063333563,0.651796875,0.7255287320725627,3.765234375,4.191161122166747,9.33372110423931,781059,,,0.0182021665159566,Information
233027,4175.0,6529.940546,GBR,United Kingdom,Scotland,1.238291769,0.202393387,0.8,0.28,4175.0,,,,,,,,,,,,,,,,,,,,,,,,,14.650323205670526,24.76583538,4.04786774,,75.375,1.154,51.125,0.783,0.5,0.008,0.188,0.003,0.51125,0.783,0.0075,0.012,0.0046999999999999,0.0075,1.32595,75.09375,1.1499913280471534,133.171875,2.039404096742799,1.12640625,1.72498699207073,4.661015625,7.137914338599796,14.650323205670526,1642408,,,0.0509048263175806,Information
233028,4176.0,4998.600572,GBR,United Kingdom,Scotland,1.282374909,0.0,0.8,0.28,4176.0,,,,,,,,,,,,,,,,,,,,,,,,,0.9219689216083694,25.64749818,0.0,,18.5,0.37,10.125,0.203,0.0,0.0,0.0,0.0,0.10125,0.203,0.0,0.0,0.0,0.0,0.30425,5.0625,0.101278346351951,6.609375,0.1322245077372694,0.0759375,0.1519175195279265,0.231328125,0.4627857770804429,0.9219689216083694,126042,,,5.665941184680126e-06,Information
233029,4177.0,422.3832489,GBR,United Kingdom,England,0.618318534,1.63238149,0.8,0.28,4177.0,,,,,,,,,,,,,,,,,,,,,,,,,21.270777388654952,12.36637068,32.6476298,,9.562,2.264,9.312,2.205,0.0,0.0,0.0,0.0,0.09312,2.205,0.0,0.0,0.0,0.0,2.29812,1.6875,0.3995186846066222,23.90625,5.659848031927148,0.0253125,0.5992780269099334,0.83671875,19.80946811174502,21.270777388654952,14148,,,0.1245364973008771,Information
233031,4178.0,10896.78064,GBR,United Kingdom,England,1.3962896,2.471322445,0.8,0.28,4178.0,,,,,,,,,,,,,,,,,,,,,,,,,11.006861754482657,27.925792,49.4264489,,74.938,0.688,53.125,0.488,0.125,0.001,0.0,0.0,0.53125,0.488,0.001875,0.0015,0.0,0.0,1.022625,28.265625,0.2593942737415199,151.875,1.3937602768201072,0.423984375,0.3890914106122798,5.315625,4.878160968870375,11.006861754482657,3310891,,,0.0636407911193853,Information
233032,4179.0,9330.62105,GBR,United Kingdom,England,0.656650922,1.119266263,0.8,0.28,4179.0,,,,,,,,,,,,,,,,,,,,,,,,,1.7145267220214544,13.13301844,22.38532526,,34.812,0.373,11.812,0.127,0.062,0.001,0.0,0.0,0.1181199999999999,0.127,0.0009299999999999,0.0015,0.0,0.0,0.24755,10.546875,0.1130350803340851,19.125,0.2049702790058076,0.158203125,0.1695526205011276,0.669375,0.7173959765203266,1.7145267220214544,3115381,,,6.875087281444457e-05,Information
233034,4181.0,11740.88816,GBR,United Kingdom,England,0.660995317,0.859697234,0.8,0.28,4181.0,,,,,,,,,,,,,,,,,,,,,,,,,2.5258677073741422,13.21990634,17.19394468,,76.938,0.655,27.25,0.232,0.0,0.0,0.0,0.0,0.2725,0.232,0.0,0.0,0.0,0.0,0.5045000000000001,3.65625,0.0311411705069357,37.40625,0.3185981290324968,0.05484375,0.0467117557604035,1.30921875,1.1150934516137387,2.5258677073741422,8238765,,,0.0002415857088277,Information
233035,4182.0,9601.052902,GBR,United Kingdom,England,1.82235807,2.797087025,0.8,0.28,4182.0,,,,,,,,,,,,,,,,,,,,,,,,,4.398269520613999,36.4471614,55.9417405,,16.75,0.174,16.625,0.173,0.0,0.0,0.0,0.0,0.16625,0.173,0.0,0.0,0.0,0.0,0.33925,1.546875,0.0161115141819543,60.890625,0.6342077855260192,0.023203125,0.0241672712729314,2.131171875,2.219727249341067,4.398269520613999,2024806,,,0.0106028577875873,Information
233038,4185.0,13352.99937,GBR,United Kingdom,England,1.034999582,0.0,0.8,0.28,4185.0,4185.0,0.0,3.0,-9999.0,-9999.0,-9999.0,0.0,8.0,-999.9,-999.9,-999.9,-5983.4,0.0,0.0,0.0,0.0,0.0,0.0,0.0,0.0,0.0,0.0,0.0,-5983.4,2.2995242051332765,20.69999164,0.0,,36.125,0.271,27.938,0.209,0.125,0.001,0.0,0.0,0.2793799999999999,0.209,0.001875,0.0015,0.0,0.0,0.4917549999999999,1.6875,0.0126376101193575,36.84375,0.2759211542726401,0.0253125,0.0189564151790362,1.28953125,0.9657240399542404,2.2995242051332765,15271427,,,0.0001996575773609,Information
233050,4188.0,3615.543225,GBR,United Kingdom,Scotland,2.230398619,2.187902754,0.8,0.28,4188.0,,,,,,,,,,,,,,,,,,,,,,,,,41.28003627340871,44.60797237999999,43.75805508,,44.875,1.241,38.812,1.073,0.125,0.003,1.062,0.029,0.3881199999999999,1.073,0.001875,0.0045,0.02655,0.0725,1.566545,87.328125,2.415352813603183,275.765625,7.627225229429698,1.309921875,3.6230292204047743,9.651796875,26.69528830300394,41.28003627340871,23423,,,0.3843572971153047,Advisory
233070,4190.0,1252.080156,GBR,United Kingdom,Scotland,0.0,2.293202643,0.8,0.28,4190.0,,,,,,,,,,,,,,,,,,,,,,,,,38.43713782421568,0.0,45.86405286,,4.188,0.334,3.438,0.275,0.125,0.01,0.25,0.02,0.03438,0.275,0.001875,0.015,0.00625,0.05,0.382505,0.0,0.0,122.203125,9.760008128347335,0.0,0.0,4.277109375,34.16002844921567,38.43713782421568,22257,,,0.3659969910040578,Advisory
233011,16077.0,4691.080878,GBR,United Kingdom,England,0.418747663,2.635464977,0.8,0.28,16077.0,,,,,,,,,,,,,,,,,,,,,,,,,7.20928249996605,8.37495326,52.70929954,,10.938,0.233,10.25,0.218,0.0,0.0,0.0,0.0,0.1025,0.218,0.0,0.0,0.0,0.0,0.3205,19.265625,0.4106862683233652,57.515625,1.226063384994572,0.288984375,0.6160294024850478,2.013046875,4.291221847481002,7.20928249996605,2000965,,,0.0299897523858533,Information
233023,16079.0,34176.39289,GBR,United Kingdom,Scotland,0.901990374,1.543148725,0.8,0.28,16079.0,,,,,,,,,,,,,,,,,,,,,,,,,48.013209411197366,18.03980748,30.8629745,,215.688,0.631,186.5,0.546,0.375,0.001,2.75,0.008,1.865,0.546,0.005625,0.0015,0.06875,0.02,2.5068750000000004,219.796875,0.6431248484592067,967.078125,2.829667039573874,3.296953125,0.96468727268881,33.847734375,9.90383463850856,48.013209411197366,432049,,,0.3576996906760828,Advisory
237000,16080.0,1670.890214,GBR,United Kingdom,Scotland,0.0,2.610127745,0.8,0.28,16080.0,,,,,,,,,,,,,,,,,,,,,,,,,13.59914372536054,0.0,52.2025549,,8.562,0.512,7.688,0.46,0.062,0.004,0.0,0.0,0.07688,0.46,0.0009299999999999,0.006,0.0,0.0,0.54381,16.59375,0.9931083357475938,48.515625,2.9035794562111854,0.24890625,1.4896625036213909,1.698046875,10.162528096739148,13.59914372536054,23673,,,0.1043830898202861,Information
244700,4393.0,611.6553813,DNK,Denmark,Hovedstaden,0.58053423,0.0,0.87,0.18,4393.0,,,,,,,,,,,,,,,,,,,,,,,,,38.243515625,11.6106846,0.0,,2.062,0.337,2.062,0.337,0.062,0.01,0.0,0.0,0.02062,0.337,0.0009299999999999,0.015,0.0,0.0,0.37355,0.0,0.0,92.671875,15.150994796905865,0.0,0.0,3.243515625,35.0,38.243515625,39322,,,0.2010779578969811,Advisory
242100,4210.0,425.8912608,POL,Poland,Zachodniopomorskie,0.795274382,0.0,0.78,0.31,4210.0,,,,,,,,,,,,,,,,,,,,,,,,,2.41775,15.90548764,0.0,,13.688,3.214,9.875,2.319,0.0,0.0,0.0,0.0,0.09875,2.319,0.0,0.0,0.0,0.0,2.41775,0.0,0.0,1.265625,0.2971709252125767,0.0,0.0,0.044296875,1.0400982382440185,1.0843951132440184,61254,,,0.0001932722215584,Information
242210,4211.0,10668.13008,POL,Poland,Zachodniopomorskie,2.054620185,0.0,0.78,0.31,4211.0,4211.0,0.0,8.0,-9999.0,-9999.0,-9999.0,0.0,3.0,-999.9,-999.9,-999.9,-5993.4,0.0,0.0,0.0,0.0,0.0,0.0,0.0,0.0,0.0,0.0,0.0,-5993.4,13.902758774681814,41.092403700000006,0.0,,222.5,2.086,120.188,1.127,0.562,0.005,0.188,0.002,1.20188,1.127,0.00843,0.0075,0.0046999999999999,0.005,2.35451,0.0,0.0,205.03125,1.9219042927662329,0.0,0.0,7.17609375,6.726665024681815,13.902758774681814,1035202,,,0.0743859786804462,Information
242221,4212.0,1618.225392,POL,Poland,Lubuskie,1.525767622,0.0,0.78,0.31,4212.0,4212.0,0.0,7.0,-9999.0,-9999.0,-9999.0,0.0,4.0,-999.9,-999.9,-999.9,-5991.4,0.0,0.0,0.0,0.0,0.0,0.0,0.0,0.0,0.0,0.0,0.0,-5991.4,2.508936758468637,30.51535244,0.0,,73.312,4.53,33.5,2.07,0.0,0.0,0.0,0.0,0.335,2.07,0.0,0.0,0.0,0.0,2.405,0.0,0.0,9.984375,0.6169953238481821,0.0,0.0,0.349453125,2.1594836334686374,2.508936758468637,135278,,,0.0004480813209812,Information
242223,4214.0,622.743148,POL,Poland,Lubuskie,2.77131816,0.0,0.78,0.31,4214.0,,,,,,,,,,,,,,,,,,,,,,,,,3.944245,55.4263632,0.0,,58.75,9.434,22.562,3.623,0.375,0.06,0.0,0.0,0.22562,3.623,0.005625,0.09,0.0,0.0,3.944245,0.0,0.0,3.9375,0.6322831511523485,0.0,0.0,0.1378125,2.2129910290332195,2.3508035290332194,10383,,,0.0076566177890996,Information
242224,4215.0,5956.150813,POL,Poland,Dolnoslaskie,1.075278576,0.0,0.78,0.31,4215.0,,,,,,,,,,,,,,,,,,,,,,,,,2.478853585501846,21.505571520000004,0.0,,145.062,2.436,70.562,1.185,0.0,0.0,0.0,0.0,0.70562,1.185,0.0,0.0,0.0,0.0,1.89062,0.0,0.0,26.4375,0.4438688815719561,0.0,0.0,0.9253125,1.5535410855018463,2.478853585501846,605916,,,0.0002749102999185,Information
242225,4216.0,4179.721697,POL,Poland,Lubuskie,1.621665914,0.0,0.78,0.31,4216.0,,,,,,,,,,,,,,,,,,,,,,,,,2.3495,32.43331828,0.0,,143.188,3.426,69.25,1.657,0.0,0.0,0.0,0.0,0.6925,1.657,0.0,0.0,0.0,0.0,2.3495,0.0,0.0,10.828125,0.2590633010085216,0.0,0.0,0.378984375,0.9067215535298256,1.2857059285298256,499049,,,0.0003912492719122,Information
242230,4221.0,2184.798754,POL,Poland,Lubuskie,2.283902004,0.0,0.78,0.31,4221.0,4221.0,0.0,5.0,-9999.0,-9999.0,-9999.0,0.0,6.0,-999.9,-999.9,-999.9,-5987.4,0.0,0.0,0.0,0.0,0.0,0.0,0.0,0.0,0.0,0.0,0.0,-5987.4,4.556649136233825,45.67804008,0.0,,104.562,4.786,46.688,2.137,0.0,0.0,0.0,0.0,0.46688,2.137,0.0,0.0,0.0,0.0,2.60388,0.0,0.0,23.34375,1.0684622532096644,0.0,0.0,0.81703125,3.7396178862338254,4.556649136233825,229998,,,0.0065997454539977,Information
242240,4222.0,17196.68179,POL,Poland,Wielkopolskie,1.774995269,0.0,0.78,0.31,4222.0,,,,,,,,,,,,,,,,,,,,,,,,,13.08487439546313,35.49990538,0.0,,706.938,4.111,389.25,2.264,1.438,0.008,0.438,0.003,3.8925,2.264,0.02157,0.012,0.01095,0.0075,6.208519999999999,0.0,0.0,236.390625,1.3746292915608942,0.0,0.0,8.273671875,4.81120252046313,13.08487439546313,1087645,,,0.0553326691484615,Information
242250,4223.0,138.9915072,POL,Poland,Lubuskie,3.541415444,0.0,0.78,0.31,4223.0,,,,,,,,,,,,,,,,,,,,,,,,,8.61684570597613,70.82830888000001,0.0,,4.812,3.462,1.812,1.304,0.0,0.0,0.0,0.0,0.01812,1.304,0.0,0.0,0.0,0.0,1.32212,0.0,0.0,3.375,2.4282059159931806,0.0,0.0,0.118125,8.498720705976131,8.61684570597613,4948,,,0.1113310944082673,Information
242260,4224.0,5679.029902,POL,Poland,Wielkopolskie,1.989674174,0.0,0.78,0.31,4224.0,,,,,,,,,,,,,,,,,,,,,,,,,6.291534809861556,39.79348348,0.0,,139.188,2.451,72.25,1.272,0.0,0.0,0.0,0.0,0.7225,1.272,0.0,0.0,0.0,0.0,1.9945,0.0,0.0,65.109375,1.1464876242461588,0.0,0.0,2.278828125,4.012706684861556,6.291534809861556,457156,,,0.0119549002094335,Information
242270,4225.0,9308.412621,POL,Poland,Wielkopolskie,1.083118209,0.0,0.78,0.31,4225.0,4225.0,0.0,3.0,-9999.0,-9999.0,-9999.0,0.0,8.0,-999.9,-999.9,-999.9,-5983.4,0.0,0.0,0.0,0.0,0.0,0.0,0.0,0.0,0.0,0.0,0.0,-5983.4,7.963355928087976,21.66236418,0.0,,116.688,1.254,70.312,0.755,0.125,0.001,0.125,0.001,0.70312,0.755,0.001875,0.0015,0.003125,0.0025,1.4671200000000002,0.0,0.0,109.6875,1.178369550882279,0.0,0.0,3.8390625,4.124293428087976,7.963355928087976,1534353,,,0.0111219341810115,Information
242290,4227.0,16305.47811,POL,Poland,Lódzkie,0.423458854,0.0,0.78,0.31,4227.0,,,,,,,,,,,,,,,,,,,,,,,,,0.8655053159703622,8.46917708,0.0,,11.125,0.068,8.438,0.052,0.0,0.0,0.0,0.0,0.08438,0.052,0.0,0.0,0.0,0.0,0.13638,0.0,0.0,15.328125,0.0940059831343892,0.0,0.0,0.536484375,0.3290209409703621,0.8655053159703622,2601404,,,1.5724852148160382e-06,Information
242300,4228.0,19297.14569,POL,Poland,Zachodniopomorskie,1.748633728,2.26423981,0.78,0.31,4228.0,,,,,,,,,,,,,,,,,,,,,,,,,20.31758205877633,34.97267456,45.2847962,,640.562,3.319,314.5,1.63,1.812,0.009,0.688,0.004,3.145,1.63,0.02718,0.0134999999999999,0.0171999999999999,0.01,4.84288,0.0,0.0,382.359375,1.9814296953646664,0.0,0.0,13.382578125,6.935003933776333,20.31758205877633,2332509,,,0.1609270364255022,Information
242410,4229.0,25703.54852,POL,Poland,Kujawsko-Pomorskie,1.075737527,0.0,0.78,0.31,4229.0,,,,,,,,,,,,,,,,,,,,,,,,,9.003982714590569,21.51475054,0.0,,566.5,2.204,344.625,1.341,0.312,0.001,0.125,0.0,3.44625,1.341,0.00468,0.0015,0.003125,0.0,4.796555,0.0,0.0,185.203125,0.7205352398830197,0.0,0.0,6.482109375,2.521873339590569,9.003982714590569,2731009,,,0.0151845137231868,Information
242480,4244.0,28709.16809,POL,Poland,Podlaskie,0.708446765,0.0,0.78,0.31,4244.0,,,,,,,,,,,,,,,,,,,,,,,,,14.493605751610252,14.1689353,0.0,,10.5,0.037,9.562,0.033,0.0,0.0,0.0,0.0,0.09562,0.033,0.0,0.0,0.0,0.0,0.12862,0.0,0.0,307.125,1.0697802147457862,0.0,0.0,10.749375,3.744230751610252,14.493605751610252,1620173,,,0.0376466587770031,Information
242499,4253.0,16372.26235,POL,Poland,Lubelskie,2.003774723,0.0,0.78,0.31,4253.0,,,,,,,,,,,,,,,,,,,,,,,,,8.744697373959886,40.07549446,0.0,,55.0,0.336,48.625,0.297,0.0,0.0,0.125,0.001,0.48625,0.297,0.0,0.0,0.003125,0.0025,0.788875,0.0,0.0,155.109375,0.9473912139885388,0.0,0.0,5.428828125,3.3158692489598858,8.744697373959886,1444646,,,0.0271373293015341,Information
242500,4254.0,26060.2636,POL,Poland,Warmi?sko-Mazurskie,1.385727998,1.664122751,0.78,0.31,4254.0,,,,,,,,,,,,,,,,,,,,,,,,,24.78350510520492,27.71455996,33.28245502,,26.375,0.101,18.625,0.071,0.125,0.0,0.0,0.0,0.18625,0.071,0.001875,0.0,0.0,0.0,0.259125,0.0,0.0,511.734375,1.963657708629976,0.0,0.0,17.910703125,6.872801980204916,24.78350510520492,1860767,,,0.161016282886021,Information
242603,4257.0,4116.329056,LTU,Lithuania,Kauno,1.090631463,0.0,0.77,0.32,4257.0,4257.0,0.0,4.0,-9999.0,-9999.0,-9999.0,0.0,7.0,-999.9,-999.9,-999.9,-5985.4,0.0,0.0,0.0,0.0,0.0,0.0,0.0,0.0,0.0,0.0,0.0,-5985.4,5.350588241119554,21.81262926,0.0,,,,,,,,,,,,,,,,,0.0,0.0,44.578125,1.0829582474627295,0.0,0.0,1.560234375,3.7903538661195535,5.350588241119554,92339,,,0.0036602491305264,Information
242702,4265.0,3097.902095,LTU,Lithuania,Klaipedos,0.636651722,0.151013856,0.77,0.32,4265.0,,,,,,,,,,,,,,,,,,,,,,,,,21.18421664910749,12.73303444,3.0202771200000003,,2.688,0.087,2.688,0.087,0.0,0.0,0.125,0.004,0.02688,0.087,0.0,0.0,0.003125,0.01,0.127005,0.0,0.0,143.15625,4.621070828316427,0.0,0.0,5.01046875,16.173747899107493,21.18421664910749,79465,,,0.078429397001719,Information
242703,4266.0,1630.704754,LTU,Lithuania,Klaipedos,0.51143381,1.814730174,0.77,0.32,4266.0,,,,,,,,,,,,,,,,,,,,,,,,,27.59204055823783,10.2286762,36.29460348,,16.062,0.985,15.938,0.977,0.0,0.0,0.188,0.011,0.15938,0.977,0.0,0.0,0.0046999999999999,0.0274999999999999,1.16858,0.0,0.0,110.53125,6.778127659496523,0.0,0.0,3.86859375,23.72344680823783,27.59204055823783,226467,,,0.2013688220727321,Information
242704,4267.0,2720.856845,LVA,Latvia,Kurzeme,3.937549203,0.0,0.76,0.33,4267.0,,,,,,,,,,,,,,,,,,,,,,,,,14.359054451002285,78.75098406000001,0.0,,5.875,0.216,5.812,0.214,0.0,0.0,0.5,0.018,0.05812,0.214,0.0,0.0,0.0125,0.045,0.32962,0.0,0.0,87.75,3.225086986000652,0.0,0.0,3.07125,11.287804451002282,14.359054451002285,107254,,,0.3475550159281149,Information
242705,4268.0,2225.588734,LVA,Latvia,Kurzeme,2.583626673,0.0,0.76,0.33,4268.0,,,,,,,,,,,,,,,,,,,,,,,,,9.652141141114685,51.67253346,0.0,,10.938,0.491,6.625,0.298,0.0,0.0,0.0,0.0,0.06625,0.298,0.0,0.0,0.0,0.0,0.3642499999999999,0.0,0.0,50.203125,2.255723361747052,0.0,0.0,1.757109375,7.895031766114682,9.652141141114685,45903,,,0.053609448279562,Information
242707,4269.0,4591.264601,LVA,Latvia,Kurzeme,2.02970148,0.0,0.76,0.33,4269.0,,,,,,,,,,,,,,,,,,,,,,,,,30.97108218859222,40.5940296,0.0,,9.688,0.211,3.688,0.08,0.0,0.0,0.062,0.001,0.03688,0.08,0.0,0.0,0.00155,0.0025,0.12093,0.0,0.0,278.4375,6.064505625312063,0.0,0.0,9.7453125,21.22576968859222,30.97108218859222,126774,,,0.2574132593394214,Information
242802,4273.0,9156.410651,LVA,Latvia,Vidzeme,0.867138956,0.0,0.76,0.33,4273.0,,,,,,,,,,,,,,,,,,,,,,,,,23.364363382437908,17.34277912,0.0,,36.125,0.395,27.75,0.303,0.188,0.002,0.0,0.0,0.2775,0.303,0.00282,0.003,0.0,0.0,0.5863200000000001,0.0,0.0,319.078125,3.484751144982259,0.0,0.0,11.167734375,12.196629007437906,23.364363382437908,181620,,,0.1032065227002785,Information
242803,4274.0,11767.39102,LVA,Latvia,Latgale,1.169713964,0.0,0.76,0.33,4274.0,4274.0,0.0,4.0,-9999.0,-9999.0,-9999.0,0.0,7.0,-999.9,-999.9,-999.9,-5985.4,0.0,0.0,0.0,0.0,0.0,0.0,0.0,0.0,0.0,0.0,0.0,-5985.4,50.985279052448654,23.39427928,0.0,,51.062,0.434,38.188,0.325,0.438,0.004,0.062,0.001,0.38188,0.325,0.00657,0.006,0.00155,0.0025,0.7234999999999999,0.0,0.0,787.5,6.6922225864139016,0.0,0.0,27.5625,23.422779052448654,50.985279052448654,341044,,,0.3419544882672791,Advisory
242706,16083.0,11870.04592,LVA,Latvia,Kurzeme,1.210920421,0.0,0.76,0.33,16083.0,,,,,,,,,,,,,,,,,,,,,,,,,12.65940499642582,24.21840842,0.0,,9.125,0.077,7.688,0.065,0.0,0.0,0.062,0.001,0.07688,0.065,0.0,0.0,0.00155,0.0025,0.14593,0.0,0.0,196.3125,1.6538478561216627,0.0,0.0,6.8709375,5.788467496425819,12.65940499642582,286454,,,0.0367707849470516,Information
242900,4281.0,4208.627448,EST,Estonia,Saare,2.539507198,0.0,0.78,0.31,4281.0,,,,,,,,,,,,,,,,,,,,,,,,,52.8171875,50.79014396,0.0,,3.188,0.076,3.188,0.076,0.0,0.0,1.125,0.027,0.03188,0.076,0.0,0.0,0.028125,0.0675,0.203505,0.0,0.0,509.0625,12.095689301347107,0.0,0.0,17.8171875,35.0,52.8171875,47379,,,0.5281987434585648,Advisory
242950,4286.0,15269.899,EST,Estonia,Rapla,2.23582118,0.0,0.78,0.31,4286.0,,,,,,,,,,,,,,,,,,,,,,,,,41.45870226167668,44.7164236,0.0,,14.0,0.092,11.062,0.072,0.562,0.004,1.25,0.008,0.11062,0.072,0.00843,0.006,0.03125,0.02,0.2483,0.0,0.0,715.78125,4.687531003336195,0.0,0.0,25.05234375,16.406358511676682,41.45870226167668,853619,,,0.386758313385928,Advisory
243228,4308.0,22303.93944,FIN,Finland,Eastern Finland,3.983576891,0.0,0.86,0.19,4308.0,4308.0,0.0,9.0,-9999.0,-9999.0,-9999.0,0.0,2.0,-999.9,-999.9,-999.9,-5995.4,0.0,0.0,0.0,0.0,0.0,0.0,0.0,0.0,0.0,0.0,0.0,-5995.4,70.0,79.67153782,0.0,3.0,70.438,0.316,36.938,0.166,0.0,0.0,0.438,0.002,0.36938,0.166,0.0,0.0,0.01095,0.005,0.5513300000000001,0.0,0.0,3440.109375,15.423774726116646,0.0,0.0,35.0,35.0,70.0,266115,15059.0,5.658831708096123,0.8918586503817223,Warning
243229,4309.0,28471.86277,FIN,Finland,Eastern Finland,3.487123766,0.0,0.86,0.19,4309.0,4309.0,0.0,1.0,-9999.0,-9999.0,-9999.0,0.0,10.0,-999.9,-999.9,-999.9,-5979.4,0.0,0.0,0.0,0.0,0.0,0.0,0.0,0.0,0.0,0.0,0.0,-5979.4,55.51079247505095,69.74247532,0.0,3.0,77.438,0.272,49.688,0.175,0.25,0.001,0.0,0.0,0.49688,0.175,0.00375,0.0015,0.0,0.0,0.67713,0.0,0.0,1668.515625,5.860226421443128,0.0,0.0,35.0,20.51079247505095,55.51079247505095,162428,709.0,0.4365010958701701,0.7280189803792038,Watch
243400,4334.0,26857.79996,FIN,Finland,Western Finland,3.272935399,0.0,0.86,0.19,4334.0,4334.0,0.0,8.0,-9999.0,-9999.0,-9999.0,0.0,3.0,-999.9,-999.9,-999.9,-5995.4,0.0,0.0,0.0,0.0,0.0,0.0,0.0,0.0,0.0,0.0,0.0,-5995.4,70.0,65.45870798,0.0,3.0,150.0,0.558,100.438,0.374,0.375,0.001,3.188,0.012,1.00438,0.374,0.005625,0.0015,0.0797,0.03,1.495205,0.0,0.0,3905.578125,14.54169042422875,0.0,0.0,35.0,35.0,70.0,455447,5509.0,1.2095809172088081,0.7600115645500605,Watch
243510,4335.0,28383.95753,FIN,Finland,Western Finland,3.075117236,0.599662337,0.86,0.19,4335.0,,,,,,,,,,,,,,,,,,,,,,,,,70.0,61.50234472,11.99324674,3.0,260.812,0.919,231.5,0.816,2.188,0.008,28.25,0.1,2.315,0.816,0.03282,0.012,0.70625,0.25,4.13207,0.0,0.0,3499.171875,12.327991510674304,0.0,0.0,35.0,35.0,70.0,2497194,81346.0,3.257496213750313,0.7250459708819841,Watch
243520,4336.0,24622.32588,FIN,Finland,Western Finland,2.294225736,0.0,0.86,0.19,4336.0,4336.0,0.0,14.0,-9999.0,-9999.0,-9999.0,0.0,1.0,-999.9,-999.9,-999.9,-5997.4,0.0,0.0,0.0,0.0,0.0,0.0,0.0,0.0,0.0,0.0,0.0,-5997.4,51.90310460499372,45.88451472,0.0,,885.5,3.596,746.875,3.033,0.5,0.002,0.062,0.0,7.46875,3.033,0.0075,0.003,0.00155,0.0,10.5138,0.0,0.0,1189.125,4.8294584585696345,0.0,0.0,35.0,16.90310460499372,51.90310460499372,793655,,,0.4833522768956233,Advisory
243540,4337.0,4446.950597,FIN,Finland,Western Finland,3.121509384,0.0,0.86,0.19,4337.0,,,,,,,,,,,,,,,,,,,,,,,,,1.57355,62.43018768,0.0,,74.562,1.677,47.562,1.07,0.562,0.013,0.0,0.0,0.47562,1.07,0.00843,0.0195,0.0,0.0,1.57355,0.0,0.0,7.3125,0.1644385257025498,0.0,0.0,0.2559375,0.5755348399589243,0.8314723399589243,117028,,,0.0007547091750616,Information
243550,4338.0,866.8853783,FIN,Finland,Western Finland,2.939056163,0.494796139,0.86,0.19,4338.0,,,,,,,,,,,,,,,,,,,,,,,,,7.403809473999024,58.78112326,9.89592278,,39.5,4.557,29.812,3.439,0.0,0.0,0.0,0.0,0.29812,3.439,0.0,0.0,0.0,0.0,3.73712,0.0,0.0,16.875,1.9466241354282925,0.0,0.0,0.590625,6.813184473999024,7.403809473999024,5407,,,0.0429985704846438,Information
243560,4339.0,4998.449307,FIN,Finland,Western Finland,3.343256575,0.0,0.86,0.19,4339.0,,,,,,,,,,,,,,,,,,,,,,,,,5.287187036633688,66.86513149999999,0.0,,111.375,2.228,81.188,1.624,0.062,0.001,0.25,0.005,0.81188,1.624,0.0009299999999999,0.0015,0.00625,0.0125,2.45706,0.0,0.0,50.34375,1.007187367609625,0.0,0.0,1.76203125,3.525155786633688,5.287187036633688,61795,,,0.0332306400846348,Information
243570,4340.0,10762.7711,FIN,Finland,Western Finland,3.733869931,1.321002373,0.86,0.19,4340.0,,,,,,,,,,,,,,,,,,,,,,,,,20.566019546135955,74.67739862,26.42004746,,225.938,2.099,165.438,1.537,0.562,0.005,0.375,0.003,1.65438,1.537,0.00843,0.0075,0.009375,0.0075,3.2241849999999994,0.0,0.0,304.59375,2.8300680846102737,0.0,0.0,10.66078125,9.905238296135956,20.566019546135955,141350,,,0.4175921702455799,Advisory
243580,4341.0,4651.698628,FIN,Finland,Oulu,3.250559086,1.148001801,0.86,0.19,4341.0,,,,,,,,,,,,,,,,,,,,,,,,,18.85126774051009,65.01118172,22.96003602,,33.75,0.726,22.562,0.485,0.062,0.001,1.062,0.023,0.22562,0.485,0.0009299999999999,0.0015,0.02655,0.0574999999999999,0.7970999999999999,0.0,0.0,171.0,3.676076497288598,0.0,0.0,5.985,12.866267740510091,18.85126774051009,54444,,,0.2681399117372432,Information
243590,4342.0,11523.51129,FIN,Finland,Oulu,3.555513726,1.724494242,0.86,0.19,4342.0,,,,,,,,,,,,,,,,,,,,,,,,,21.46573459934545,71.11027452,34.48988484,,16.312,0.142,7.125,0.062,0.625,0.005,0.438,0.004,0.07125,0.062,0.009375,0.0075,0.01095,0.01,0.1710749999999999,0.0,0.0,328.359375,2.849473278384414,0.0,0.0,11.492578125,9.973156474345448,21.46573459934545,140127,,,0.3832225326065241,Advisory
243600,4343.0,25861.89725,FIN,Finland,Oulu,3.239362015,0.0,0.86,0.19,4343.0,4343.0,0.0,6.0,-9999.0,-9999.0,-9999.0,0.0,5.0,-999.9,-999.9,-999.9,-5984.4,0.0,0.0,0.0,0.0,0.0,0.0,0.0,0.0,0.0,0.0,0.0,-5984.4,51.09673812635317,64.78724030000001,0.0,3.0,173.875,0.672,97.688,0.378,0.25,0.001,0.0,0.0,0.97688,0.378,0.00375,0.0015,0.0,0.0,1.36013,0.0,0.0,1189.40625,4.599068036100907,0.0,0.0,35.0,16.096738126353173,51.09673812635317,166626,1793.0,1.0760625592644604,0.6451697746302354,Watch
243700,4344.0,21483.35083,FIN,Finland,Oulu,3.222736416,1.638373535,0.86,0.19,4344.0,4344.0,0.0,1.0,-9999.0,-9999.0,-9999.0,0.0,10.0,-999.9,-999.9,-999.9,-5979.4,0.0,0.0,0.0,0.0,0.0,0.0,0.0,0.0,0.0,0.0,0.0,-5979.4,50.63451099731012,64.45472832,32.7674707,3.0,,,,,,,,,,,,,,,,0.0,0.0,987.1875,4.595128142088605,0.0,0.0,34.5515625,16.082948497310117,50.63451099731012,147477,1099.0,0.7452009465882816,0.6382654451243921,Watch
243801,4345.0,4079.421298,FIN,Finland,Lapland,3.772188818,0.0,0.86,0.19,4345.0,4345.0,0.0,3.0,-9999.0,-9999.0,-9999.0,0.0,8.0,-999.9,-999.9,-999.9,-5983.4,0.0,0.0,0.0,0.0,0.0,0.0,0.0,0.0,0.0,0.0,0.0,-5983.4,25.42954711371646,75.44377636,0.0,,,,,,,,,,,,,,,,,0.0,0.0,210.515625,5.160428639633274,0.0,0.0,7.368046875,18.06150023871646,25.42954711371646,43915,,,0.513938774987041,Advisory
243802,4346.0,14486.41297,FIN,Finland,Lapland,3.780161187,0.0,0.86,0.19,4346.0,4346.0,0.0,2.0,-9999.0,-9999.0,-9999.0,0.0,9.0,-999.9,-999.9,-999.9,-3099.285714285714,0.0,0.0,0.0,0.0,0.0,0.0,0.0,0.0,0.0,0.0,0.0,-3099.285714285714,47.07979702581143,75.60322374,0.0,3.0,0.0,0.0,0.0,0.0,8.438,0.058,8.562,0.059,0.0,0.0,0.12657,0.087,0.2140499999999999,0.1475,0.57512,0.0,0.0,795.796875,5.493401828803266,0.0,0.0,27.852890625,19.22690640081144,47.07979702581143,27383,1401.0,5.116313040937808,0.7445358640141114,Watch
243803,4347.0,6520.377739,FIN,Finland,Lapland,4.016130466,0.0,0.86,0.19,4347.0,4347.0,0.0,5.0,-9999.0,-9999.0,-9999.0,0.0,6.0,-999.9,-999.9,-999.9,-5987.4,0.0,0.0,0.0,0.0,0.0,0.0,0.0,0.0,0.0,0.0,0.0,-5987.4,59.56015625,80.32260932,0.0,3.0,,,,,,,,,,,,,,,,0.0,0.0,701.71875,10.76193401735868,0.0,0.0,24.56015625,35.0,59.56015625,10475,468.0,4.4677804295942725,0.8659646664785378,Warning
243809,4353.0,6723.161192,FIN,Finland,Lapland,4.021407218,0.0,0.86,0.19,4353.0,,,,,,,,,,,,,,,,,,,,,,,,,53.1208581085978,80.42814436,0.0,3.0,0.0,0.0,0.0,0.0,0.0,0.0,5.625,0.084,0.0,0.0,0.0,0.0,0.140625,0.21,0.350625,0.0,0.0,610.171875,9.075669281027944,0.0,0.0,21.356015625,31.764842483597803,53.1208581085978,472,98.0,20.76271186440678,0.8409759589624619,Warning
244201,4356.0,1948.033836,FIN,Finland,Lapland,3.221248485,0.0,0.86,0.19,4356.0,4356.0,0.0,8.0,-9999.0,-9999.0,-9999.0,0.0,3.0,-999.9,-999.9,-999.9,-5993.4,0.0,0.0,0.0,0.0,0.0,0.0,0.0,0.0,0.0,0.0,0.0,-5993.4,41.17607042515665,64.42496969999999,0.0,,,,,,,,,,,,,,,,,0.0,0.0,191.8125,9.846466550044758,0.0,0.0,6.7134375,34.462632925156655,41.17607042515665,17514,,,0.5581234876636741,Advisory
252106,4446.0,16786.89447,FIN,Finland,Lapland,3.982722585,0.0,0.86,0.19,4446.0,4446.0,0.0,1.0,-9999.0,-9999.0,-9999.0,0.0,10.0,-999.9,-999.9,-999.9,-5983.4,0.0,0.0,0.0,0.0,0.0,0.0,0.0,0.0,0.0,0.0,0.0,-5983.4,34.88680040094954,79.6544517,0.0,3.0,0.062,0.0,0.0,0.0,2.062,0.012,2.438,0.015,0.0,0.0,0.03093,0.018,0.06095,0.0375,0.14738,0.0,0.0,624.65625,3.7210947574141535,0.0,0.0,21.86296875,13.023831650949536,34.88680040094954,6595,1308.0,19.833206974981046,0.7051415810707267,Watch
252200,4450.0,17871.5697,FIN,Finland,Lapland,3.08417133,0.0,0.86,0.19,4450.0,4450.0,0.0,1.0,-9999.0,-9999.0,-9999.0,0.0,10.0,-999.9,-999.9,-999.9,-5979.4,0.0,0.0,0.0,0.0,0.0,0.0,0.0,0.0,0.0,0.0,0.0,-5979.4,70.0,61.6834266,0.0,3.0,,,,,,,,,,,,,,,,0.0,0.0,2824.171875,15.802595535949488,0.0,0.0,35.0,35.0,70.0,20770,1937.0,9.325950890707752,0.7266168196686165,Watch
243530,16085.0,9019.214071,FIN,Finland,Western Finland,2.347616034,1.208398241,0.86,0.19,16085.0,,,,,,,,,,,,,,,,,,,,,,,,,16.066652767068597,46.95232068,24.16796482,,445.438,4.939,378.062,4.192,0.0,0.0,0.25,0.003,3.78062,4.192,0.0,0.0,0.00625,0.0075,7.986370000000001,0.0,0.0,217.6875,2.4135972191624555,0.0,0.0,7.6190625,8.447590267068595,16.066652767068597,151022,,,0.1161519223019402,Information
244204,4359.0,12730.69929,SWE,Sweden,Norrbotten,3.019697346,0.0,0.84,0.22,4359.0,4359.0,0.0,6.0,-9999.0,-9999.0,-9999.0,0.0,5.0,-999.9,-999.9,-999.9,-5989.4,0.0,0.0,0.0,0.0,0.0,0.0,0.0,0.0,0.0,0.0,0.0,-5989.4,43.59737523929914,60.393946920000005,0.0,,0.0,0.0,0.0,0.0,4.562,0.036,3.312,0.026,0.0,0.0,0.06843,0.0539999999999999,0.0828,0.065,0.2702299999999999,0.0,0.0,697.640625,5.47998667551404,0.0,0.0,24.417421875,19.179953364299138,43.59737523929914,7985,,,0.5382456645684582,Advisory
244205,4360.0,1259.047146,SWE,Sweden,Norrbotten,3.888413434,0.0,0.84,0.22,4360.0,,,,,,,,,,,,,,,,,,,,,,,,,19.1020489755862,77.76826867999999,0.0,,0.0,0.0,0.0,0.0,2.375,0.189,0.938,0.074,0.0,0.0,0.035625,0.2835,0.02345,0.185,0.5275749999999999,0.0,0.0,61.03125,4.847415778738913,0.0,0.0,2.13609375,16.965955225586196,19.1020489755862,2341,,,0.4397019185284795,Advisory
244206,4361.0,6105.174047,SWE,Sweden,Norrbotten,3.07399031,0.0,0.84,0.22,4361.0,,,,,,,,,,,,,,,,,,,,,,,,,24.20158786718656,61.4798062,0.0,,0.0,0.0,0.0,0.0,4.938,0.081,4.188,0.069,0.0,0.0,0.07407,0.1215,0.1046999999999999,0.1725,0.47277,0.0,0.0,262.125,4.293489390624731,0.0,0.0,9.174375,15.027212867186558,24.20158786718656,409,,,0.3210501019349311,Information
244207,4362.0,7699.928384,SWE,Sweden,Norrbotten,2.718246085,0.0,0.84,0.22,4362.0,,,,,,,,,,,,,,,,,,,,,,,,,42.993123643376656,54.3649217,0.0,,0.0,0.0,0.0,0.0,12.812,0.166,8.438,0.11,0.0,0.0,0.19218,0.249,0.21095,0.275,0.92713,0.0,0.0,534.375,6.93999961239333,0.0,0.0,18.703125,24.289998643376656,42.993123643376656,15360,,,0.4762225759885576,Advisory
244208,4363.0,2274.760005,SWE,Sweden,Norrbotten,2.857232602,0.0,0.84,0.22,4363.0,,,,,,,,,,,,,,,,,,,,,,,,,33.331260007605444,57.14465204,0.0,,0.0,0.0,0.0,0.0,0.125,0.005,7.438,0.327,0.0,0.0,0.001875,0.0075,0.1859499999999999,0.8175,1.012825,0.0,0.0,176.484375,7.758373395030127,0.0,0.0,6.176953125,27.154306882605443,33.331260007605444,137,,,0.4007776560054543,Advisory
244320,4366.0,17133.04,SWE,Sweden,Norrbotten,2.050201508,0.0,0.84,0.22,4366.0,4366.0,0.0,7.0,-9999.0,-9999.0,-9999.0,0.0,4.0,-999.9,-999.9,-999.9,-5991.4,0.0,0.0,0.0,0.0,0.0,0.0,0.0,0.0,0.0,0.0,0.0,-5991.4,53.73606802648317,41.00403016,0.0,,0.0,0.0,0.0,0.0,32.062,0.187,16.562,0.097,0.0,0.0,0.4809299999999999,0.2804999999999999,0.41405,0.2425,1.4179799999999998,0.0,0.0,969.46875,5.658474793280904,0.0,0.0,33.93140625,19.804661776483165,53.73606802648317,30021,,,0.462798972565466,Advisory
244330,4367.0,6636.693792,SWE,Sweden,Norrbotten,4.007373311,2.080658281,0.84,0.22,4367.0,,,,,,,,,,,,,,,,,,,,,,,,,60.34765625,80.14746622000001,41.61316562,3.0,0.0,0.0,0.0,0.0,10.062,0.152,18.812,0.283,0.0,0.0,0.15093,0.2279999999999999,0.4703,0.7074999999999999,1.55673,0.0,0.0,724.21875,10.91234238991204,0.0,0.0,25.34765625,35.0,60.34765625,70247,5169.0,7.3583213518015,0.8668858738668653,Warning
244340,4368.0,25011.1884,SWE,Sweden,Norrbotten,4.002426581,0.0,0.84,0.22,4368.0,4368.0,0.0,7.0,-9999.0,-9999.0,-9999.0,0.0,4.0,-999.9,-999.9,-999.9,-5991.4,0.0,0.0,0.0,0.0,0.0,0.0,0.0,0.0,0.0,0.0,0.0,-5991.4,58.2838296500627,80.04853162,0.0,3.0,0.0,0.0,0.0,0.0,23.375,0.093,9.875,0.039,0.0,0.0,0.350625,0.1395,0.246875,0.0975,0.8345000000000001,0.0,0.0,1663.875,6.652522757160773,0.0,0.0,35.0,23.283829650062703,58.2838296500627,27917,603.0,2.159974209263173,0.8581449126389344,Warning
244350,4369.0,21207.40883,SWE,Sweden,Norrbotten,3.247450225,2.222876902,0.84,0.22,4369.0,4369.0,0.0,6.0,-9999.0,-9999.0,-9999.0,0.0,5.0,-999.9,-999.9,-999.9,-5989.4,0.0,0.0,0.0,0.0,0.0,0.0,0.0,0.0,0.0,0.0,0.0,-5989.4,62.80352044361825,64.9490045,44.45753804,3.0,4.875,0.023,0.938,0.004,7.5,0.035,4.688,0.022,0.00938,0.004,0.1125,0.0525,0.1171999999999999,0.0549999999999999,0.3505799999999999,0.0,0.0,1684.6875,7.943862983890927,0.0,0.0,35.0,27.803520443618247,62.80352044361825,82841,2604.0,3.1433710360811675,0.7201230588347944,Watch
244360,4370.0,12559.32527,SWE,Sweden,Norrbotten,3.085562141,0.0,0.84,0.22,4370.0,4370.0,0.0,4.0,-9999.0,-9999.0,-9999.0,0.0,7.0,-999.9,-999.9,-999.9,-5985.4,0.0,0.0,0.0,0.0,0.0,0.0,0.0,0.0,0.0,0.0,0.0,-5985.4,69.49024603546175,61.71124282,0.0,3.0,21.625,0.172,8.375,0.067,3.0,0.024,0.125,0.001,0.08375,0.067,0.045,0.036,0.003125,0.0025,0.2373749999999999,0.0,0.0,1237.640625,9.854356010131928,0.0,0.0,35.0,34.49024603546175,69.49024603546175,54090,552.0,1.0205213533000554,0.724422437635099,Watch
244370,4371.0,5367.574404,SWE,Sweden,Västerbotten,3.053408003,0.528958841,0.84,0.22,4371.0,,,,,,,,,,,,,,,,,,,,,,,,,42.8945858634246,61.06816006,10.57917682,,6.188,0.115,4.25,0.079,1.375,0.026,0.25,0.005,0.0425,0.079,0.020625,0.039,0.00625,0.0125,0.199875,0.0,0.0,428.0625,7.974970960978456,0.0,0.0,14.9821875,27.9123983634246,42.8945858634246,44935,,,0.5386102748621638,Advisory
244380,4372.0,27608.81497,SWE,Sweden,Västerbotten,2.905295038,0.0,0.84,0.22,4372.0,4372.0,0.0,13.0,-9999.0,-9999.0,-9999.0,0.0,1.0,-999.9,-999.9,-999.9,-5997.4,0.0,0.0,0.0,0.0,0.0,0.0,0.0,0.0,0.0,0.0,0.0,-5997.4,63.9353067934286,58.10590076,0.0,3.0,,,,,,,,,,,,,,,,0.0,0.0,2282.484375,8.26723051240817,0.0,0.0,35.0,28.9353067934286,63.9353067934286,115722,794.0,0.6861270976996595,0.663752683037678,Watch
244390,4373.0,15591.30184,SWE,Sweden,Västerbotten,3.717186552,2.137747173,0.84,0.22,4373.0,,,,,,,,,,,,,,,,,,,,,,,,,45.91115680668812,74.34373104,42.75494346000001,3.0,22.125,0.142,15.812,0.101,1.25,0.008,0.062,0.0,0.1581199999999999,0.101,0.01875,0.012,0.00155,0.0,0.29142,0.0,0.0,799.171875,5.125754623339462,0.0,0.0,27.971015625,17.94014118168812,45.91115680668812,80847,1701.0,2.1039741734387176,0.7196897864465076,Watch
244401,4374.0,749.1384641,SWE,Sweden,Västerbotten,3.557610317,0.0,0.84,0.22,4374.0,4374.0,0.0,14.0,-9999.0,-9999.0,-9999.0,0.0,1.0,-999.9,-999.9,-999.9,-5997.4,0.0,0.0,0.0,0.0,0.0,0.0,0.0,0.0,0.0,0.0,0.0,-5997.4,14.689447985100127,71.15220633999999,0.0,,0.875,0.117,0.875,0.117,0.062,0.008,0.0,0.0,0.00875,0.117,0.0009299999999999,0.012,0.0,0.0,0.13868,0.0,0.0,29.25,3.904485138600037,0.0,0.0,1.02375,13.66569798510013,14.689447985100127,9402,,,0.2498683471402178,Information
244405,4378.0,4140.143431,SWE,Sweden,Västerbotten,3.717937771,0.0,0.84,0.22,4378.0,,,,,,,,,,,,,,,,,,,,,,,,,43.00010812818018,74.35875542,0.0,3.0,3.5,0.085,3.188,0.077,0.125,0.003,0.0,0.0,0.03188,0.077,0.001875,0.0045,0.0,0.0,0.115255,0.0,0.0,359.71875,8.688557679480052,0.0,0.0,12.59015625,30.40995187818018,43.00010812818018,3340,63.0,1.8862275449101795,0.6974220807474226,Watch
244406,4379.0,622.3465308,SWE,Sweden,Västerbotten,1.347716577,0.0,0.84,0.22,4379.0,,,,,,,,,,,,,,,,,,,,,,,,,37.672578125,26.95433154,0.0,,0.0,0.0,0.0,0.0,0.438,0.07,0.0,0.0,0.0,0.0,0.00657,0.105,0.0,0.0,0.11157,0.0,0.0,76.359375,12.269591171810267,0.0,0.0,2.672578125,35.0,37.672578125,191,,,0.2539367841035764,Advisory
244501,4383.0,1658.277481,SWE,Sweden,Västerbotten,3.396995985,0.0,0.84,0.22,4383.0,,,,,,,,,,,,,,,,,,,,,,,,,42.84546875,67.9399197,0.0,3.0,5.688,0.343,5.438,0.328,0.312,0.019,0.0,0.0,0.05438,0.328,0.00468,0.0284999999999999,0.0,0.0,0.41556,0.0,0.0,224.15625,13.51741506298025,0.0,0.0,7.84546875,35.0,42.84546875,36595,1687.0,4.6099193878945215,0.6140873831274266,Watch
244502,4384.0,26473.83876,SWE,Sweden,Jämtland,2.525184542,0.0,0.84,0.22,4384.0,4384.0,0.0,14.0,-9999.0,-9999.0,-9999.0,0.0,1.0,-999.9,-999.9,-999.9,-5997.4,0.0,0.0,0.0,0.0,0.0,0.0,0.0,0.0,0.0,0.0,0.0,-5997.4,61.26602459968284,50.50369084,0.0,3.0,,,,,,,,,,,,,,,,0.0,0.0,1986.75,7.50457845705224,0.0,0.0,35.0,26.26602459968284,61.26602459968284,108527,4772.0,4.3970624821473,0.5844641737678157,Watch
244504,4386.0,12898.52907,SWE,Sweden,Jämtland,3.721978269,1.056002679,0.84,0.22,4386.0,4386.0,0.0,15.0,-9999.0,-9999.0,-9999.0,0.0,1.0,-999.9,-999.9,-999.9,-5997.4,0.0,0.0,0.0,0.0,0.0,0.0,0.0,0.0,0.0,0.0,0.0,-5997.4,26.335479275823644,74.43956538,21.120053580000004,,,,,,,,,,,,,,,,,0.0,0.0,423.84375,3.2859851502353266,0.0,0.0,14.83453125,11.500948025823645,26.335479275823644,41210,,,0.5119151998719776,Advisory
244508,4390.0,20218.13853,SWE,Sweden,Jämtland,3.628427524,0.0,0.84,0.22,4390.0,4390.0,0.0,2.0,-9999.0,-9999.0,-9999.0,0.0,9.0,-999.9,-999.9,-999.9,-5981.4,0.0,0.0,0.0,0.0,0.0,0.0,0.0,0.0,0.0,0.0,0.0,-5981.4,16.021936094011355,72.56855048,0.0,,,,,,,,,,,,,,,,,0.0,0.0,306.28125,1.5148835268603869,0.0,0.0,10.71984375,5.302092344011354,16.021936094011355,68326,,,0.2953812632505864,Information
244600,4392.0,28499.10766,SWE,Sweden,Dalarna,3.089578784,0.0,0.84,0.22,4392.0,4392.0,0.0,5.0,-9999.0,-9999.0,-9999.0,0.0,6.0,-999.9,-999.9,-999.9,-5987.4,0.0,0.0,0.0,0.0,0.0,0.0,0.0,0.0,0.0,0.0,0.0,-5987.4,20.75787440907932,61.79157568,0.0,,8.688,0.03,8.312,0.029,0.0,0.0,0.0,0.0,0.08312,0.029,0.0,0.0,0.0,0.0,0.11212,0.0,0.0,439.03125,1.540508759736947,0.0,0.0,15.36609375,5.3917806590793145,20.75787440907932,257425,,,0.2708877287007812,Information
244710,4394.0,7391.594879,SWE,Sweden,Uppsala,3.25242591,1.352689835,0.84,0.22,4394.0,,,,,,,,,,,,,,,,,,,,,,,,,54.64894868908209,65.0485182,27.0537967,3.0,17.812,0.241,15.562,0.211,0.312,0.004,1.125,0.015,0.1556199999999999,0.211,0.00468,0.006,0.028125,0.0375,0.4429249999999999,0.0,0.0,663.609375,8.977891589737741,0.0,0.0,23.226328125,31.42262056408209,54.64894868908209,510454,10408.0,2.038969231311734,0.6725513189473773,Watch
244720,4395.0,22750.7313,SWE,Sweden,Västmanland,3.063494486,0.0,0.84,0.22,4395.0,4395.0,0.0,5.0,-9999.0,-9999.0,-9999.0,0.0,6.0,-999.9,-999.9,-999.9,-5987.4,0.0,0.0,0.0,0.0,0.0,0.0,0.0,0.0,0.0,0.0,0.0,-5987.4,43.99950804735954,61.26988972,0.0,,29.312,0.129,24.688,0.109,1.5,0.007,2.312,0.01,0.24688,0.109,0.0225,0.0105,0.0577999999999999,0.025,0.47168,0.0,0.0,873.28125,3.838475513531296,0.0,0.0,30.56484375,13.434664297359536,43.99950804735954,2308295,,,0.5507518461871791,Advisory
244730,4396.0,8862.291358,SWE,Sweden,Södermanland,1.766352656,0.0,0.84,0.22,4396.0,,,,,,,,,,,,,,,,,,,,,,,,,70.0,35.32705312,0.0,3.0,8.688,0.098,8.125,0.092,2.625,0.03,2.062,0.023,0.08125,0.092,0.039375,0.045,0.0515499999999999,0.0574999999999999,0.366675,0.0,0.0,1364.203125,15.393345467488844,0.0,0.0,35.0,35.0,70.0,826871,17461.0,2.1116957784225105,0.5315442416700917,Watch
244740,4397.0,15158.00737,SWE,Sweden,Ssterg,2.801902433,0.0,0.84,0.22,4397.0,4397.0,0.0,1.0,-9999.0,-9999.0,-9999.0,0.0,10.0,-999.9,-999.9,-999.9,-5979.4,0.0,0.0,0.0,0.0,0.0,0.0,0.0,0.0,0.0,0.0,0.0,-5979.4,55.10754231529364,56.03804866,0.0,,2.062,0.014,2.062,0.014,1.25,0.008,1.375,0.009,0.02062,0.014,0.01875,0.012,0.034375,0.0225,0.1222449999999999,0.0,0.0,948.65625,6.258449590083898,0.0,0.0,33.20296875,21.90457356529364,55.10754231529364,624423,,,0.5893845407502473,Advisory
244780,4400.0,6288.935117,SWE,Sweden,Jönköping,1.744898692,0.0,0.84,0.22,4400.0,,,,,,,,,,,,,,,,,,,,,,,,,29.53739514073574,34.89797384,0.0,,4.0,0.064,4.0,0.064,0.0,0.0,0.0,0.0,0.04,0.064,0.0,0.0,0.0,0.0,0.104,0.0,0.0,325.828125,5.180974504495926,0.0,0.0,11.403984375,18.13341076573574,29.53739514073574,118139,,,0.2146767079374381,Information
244801,4402.0,4200.795525,SWE,Sweden,Västra Götaland,2.819943794,0.0,0.84,0.22,4402.0,4402.0,0.0,1.0,-9999.0,-9999.0,-9999.0,0.0,10.0,-999.9,-999.9,-999.9,-5979.4,0.0,0.0,0.0,0.0,0.0,0.0,0.0,0.0,0.0,0.0,0.0,-5979.4,15.107672433369505,56.39887588,0.0,,,,,,,,,,,,,,,,,0.0,0.0,127.6875,3.0396028381055724,0.0,0.0,4.4690625,10.638609933369503,15.107672433369505,244033,,,0.14459955006224,Information
244808,4409.0,7212.388369,SWE,Sweden,Vwrmland,3.145765206,0.0,0.84,0.22,4409.0,,,,,,,,,,,,,,,,,,,,,,,,,25.16008353105409,62.91530412,0.0,,2.812,0.039,2.625,0.036,0.062,0.001,0.625,0.009,0.02625,0.036,0.0009299999999999,0.0015,0.015625,0.0225,0.102805,0.0,0.0,301.21875,4.176407794586884,0.0,0.0,10.54265625,14.617427281054091,25.16008353105409,97785,,,0.3490281374495343,Information
244750,16086.0,27216.12605,SWE,Sweden,Kalmar,3.14421071,0.980850915,0.84,0.22,16086.0,,,,,,,,,,,,,,,,,,,,,,,,,61.406851076884905,62.8842142,19.6170183,3.0,140.062,0.515,122.25,0.449,10.0,0.037,0.625,0.002,1.2225,0.449,0.15,0.0554999999999999,0.015625,0.005,1.897625,0.0,0.0,2053.40625,7.544814593395688,0.0,0.0,35.0,26.40685107688491,61.406851076884905,638479,21741.0,3.4051237393868865,0.6926862426122076,Watch
245000,16087.0,3310.593154,SWE,Sweden,Gotland,2.510042826,0.755846741,0.84,0.22,16087.0,,,,,,,,,,,,,,,,,,,,,,,,,47.09796875,50.20085652,15.11693482,,248.562,7.508,222.312,6.715,0.688,0.021,1.25,0.038,2.22312,6.715,0.01032,0.0315,0.03125,0.095,9.10619,0.0,0.0,345.65625,10.440915991555352,0.0,0.0,12.09796875,35.0,47.09796875,56738,,,0.4777633492603836,Advisory
244209,4364.0,1566.147331,NOR,Norway,Troms,0.004604146,0.0,0.84,0.22,4364.0,,,,,,,,,,,,,,,,,,,,,,,,,34.640135799138314,0.09208292,0.0,,0.0,0.0,0.0,0.0,0.0,0.0,1.25,0.08,0.0,0.0,0.0,0.0,0.03125,0.2,0.23125,0.0,0.0,134.015625,8.557025406896662,0.0,0.0,4.690546875,29.949588924138315,34.640135799138314,0,,,0.1447461730941078,Information
251021,4413.0,3614.130246,NOR,Norway,Akershus,2.384675274,0.0,0.84,0.22,4413.0,4413.0,0.0,2.0,-9999.0,-9999.0,-9999.0,0.0,9.0,-999.9,-999.9,-999.9,-5981.4,0.0,0.0,0.0,0.0,0.0,0.0,0.0,0.0,0.0,0.0,0.0,-5981.4,7.601521673619757,47.69350548,0.0,,2.375,0.066,1.438,0.04,0.25,0.007,0.688,0.019,0.0143799999999999,0.04,0.00375,0.0105,0.0171999999999999,0.0475,0.13333,0.0,0.0,57.65625,1.5953008353199305,0.0,0.0,2.01796875,5.583552923619757,7.601521673619757,398002,,,0.0268795808165041,Information
251022,4414.0,17741.55129,NOR,Norway,Oppland,3.025232967,0.0,0.84,0.22,4414.0,4414.0,0.0,9.0,-9999.0,-9999.0,-9999.0,0.0,2.0,-999.9,-999.9,-999.9,-5995.4,0.0,0.0,0.0,0.0,0.0,0.0,0.0,0.0,0.0,0.0,0.0,-5995.4,6.564758630040341,60.50465934,0.0,,,,,,,,,,,,,,,,,0.0,0.0,119.953125,0.6761140728686689,0.0,0.0,4.198359375,2.366399255040341,6.564758630040341,260979,,,0.036369333326452,Information
251023,4415.0,6308.298946,NOR,Norway,Hedmark,3.504835411,0.0,0.84,0.22,4415.0,4415.0,0.0,1.0,-9999.0,-9999.0,-9999.0,0.0,10.0,-999.9,-999.9,-999.9,-5979.4,0.0,0.0,0.0,0.0,0.0,0.0,0.0,0.0,0.0,0.0,0.0,-5979.4,4.657019570412734,70.09670822000001,0.0,,,,,,,,,,,,,,,,,0.0,0.0,51.46875,0.8158895201179239,0.0,0.0,1.80140625,2.8556133204127336,4.657019570412734,72418,,,0.0314715722322832,Information
251040,4423.0,17227.79616,NOR,Norway,Buskerud,3.227850096,0.0,0.84,0.22,4423.0,4423.0,0.0,14.0,-9999.0,-9999.0,-9999.0,0.0,1.0,-999.9,-999.9,-999.9,-5997.4,0.0,0.0,0.0,0.0,0.0,0.0,0.0,0.0,0.0,0.0,0.0,-5997.4,5.771879439345204,64.55700192,0.0,,20.25,0.118,17.938,0.104,0.812,0.005,0.062,0.0,0.1793799999999999,0.104,0.01218,0.0075,0.00155,0.0,0.30461,0.0,0.0,104.34375,0.6056709112414871,0.0,0.0,3.65203125,2.1198481893452046,5.771879439345204,233358,,,0.0347674901917487,Information
251073,4427.0,2456.665626,NOR,Norway,Aust-Agder,3.461103482,0.045446424,0.84,0.22,4427.0,,,,,,,,,,,,,,,,,,,,,,,,,25.65543910241825,69.22206964,0.90892848,,3.875,0.158,3.875,0.158,0.0,0.0,0.0,0.0,0.03875,0.158,0.0,0.0,0.0,0.0,0.19675,0.0,0.0,144.5625,5.884500457833784,0.0,0.0,5.0596875,20.595751602418247,25.65543910241825,86192,,,0.4277747702511186,Advisory
251076,4429.0,5088.319264,NOR,Norway,Sør-Trøndelag,3.228815132,2.911872401,0.84,0.22,4429.0,,,,,,,,,,,,,,,,,,,,,,,,,3.167063897132632,64.57630264,58.23744802,,3.812,0.075,3.5,0.069,0.0,0.0,0.0,0.0,0.035,0.069,0.0,0.0,0.0,0.0,0.104,0.0,0.0,30.515625,0.5997191491807519,0.0,0.0,1.068046875,2.099017022132632,3.167063897132632,23637,,,0.0078767665245757,Information
251077,4430.0,358.8741457,NOR,Norway,Sør-Trøndelag,1.857412709,2.212093418,0.84,0.22,4430.0,,,,,,,,,,,,,,,,,,,,,,,,,28.98218552740146,37.14825418,44.24186836,,1.75,0.488,1.75,0.488,0.0,0.0,0.188,0.052,0.0175,0.488,0.0,0.0,0.0046999999999999,0.13,0.6402,0.0,0.0,28.6875,7.993749436400417,0.0,0.0,1.0040625,27.97812302740146,28.98218552740146,11927,,,0.2564457753773352,Information
251093,4435.0,1536.996684,NOR,Norway,Nordland,3.471640094,2.000099418,0.84,0.22,4435.0,,,,,,,,,,,,,,,,,,,,,,,,,42.446796875,69.43280188,40.00198836,3.0,0.0,0.0,0.0,0.0,0.0,0.0,0.938,0.061,0.0,0.0,0.0,0.0,0.02345,0.1525,0.17595,0.0,0.0,212.765625,13.842946260854225,0.0,0.0,7.446796875,35.0,42.446796875,13248,4931.0,37.220712560386474,0.6286666412285078,Watch
251095,4437.0,540.1469223,NOR,Norway,Nordland,2.692184338,0.0,0.84,0.22,4437.0,,,,,,,,,,,,,,,,,,,,,,,,,37.416640625,53.84368676,0.0,,0.0,0.0,0.0,0.0,0.0,0.0,0.5,0.093,0.0,0.0,0.0,0.0,0.0125,0.2324999999999999,0.245,0.0,0.0,69.046875,12.782980361033932,0.0,0.0,2.416640625,35.0,37.416640625,12283,,,0.4168657554957131,Advisory
251096,4438.0,3681.642164,NOR,Norway,Nordland,4.00104221,0.0,0.84,0.22,4438.0,,,,,,,,,,,,,,,,,,,,,,,,,17.613818597774944,80.0208442,0.0,,0.0,0.0,0.0,0.0,0.438,0.012,2.0,0.054,0.0,0.0,0.00657,0.018,0.05,0.135,0.20957,0.0,0.0,135.421875,3.67830084936427,0.0,0.0,4.739765625,12.874052972774946,17.613818597774944,9742,,,0.4498636752284529,Advisory
251097,4439.0,5501.200935,NOR,Norway,Nordland,3.225996046,3.962007309,0.84,0.22,4439.0,,,,,,,,,,,,,,,,,,,,,,,,,70.0,64.51992092,79.24014618,3.0,0.0,0.0,0.0,0.0,3.75,0.068,38.938,0.708,0.0,0.0,0.05625,0.102,0.97345,1.77,2.9017,0.0,0.0,1178.015625,21.413790169462583,0.0,0.0,35.0,35.0,70.0,20270,1628.0,8.031573754316724,0.8879073632503488,Warning
251099,4441.0,20266.10846,NOR,Norway,Nordland,3.1886494,2.529238098,0.84,0.22,4441.0,,,,,,,,,,,,,,,,,,,,,,,,,70.0,63.772988,50.58476196,3.0,0.875,0.004,0.312,0.002,63.812,0.315,191.0,0.942,0.00312,0.002,0.95718,0.4725,4.775,2.355,8.5648,0.0,0.0,6354.703125,31.35630669923788,0.0,0.0,35.0,35.0,70.0,183629,28864.0,15.718650104286361,0.7449526407103251,Watch
252101,4442.0,54.9436971,NOR,Norway,Troms,3.668972802,0.0,0.84,0.22,4442.0,,,,,,,,,,,,,,,,,,,,,,,,,35.62015625,73.37945604,0.0,3.0,0.0,0.0,0.0,0.0,0.125,0.228,0.688,1.251,0.0,0.0,0.001875,0.342,0.0171999999999999,3.1274999999999995,3.4885749999999995,0.0,0.0,17.71875,32.24892196239187,0.0,0.0,0.62015625,35.0,35.62015625,69,18.0,26.08695652173913,0.6145616849538851,Watch
252102,4443.0,4641.861077,NOR,Norway,Troms,3.130114486,0.0,0.84,0.22,4443.0,,,,,,,,,,,,,,,,,,,,,,,,,56.198515625,62.60228972,0.0,3.0,9.375,0.202,1.5,0.032,28.25,0.609,62.688,1.35,0.015,0.032,0.42375,0.9135,1.5672,3.375,6.32645,0.0,0.0,605.671875,13.048039676721244,0.0,0.0,21.198515625,35.0,56.198515625,11250,494.0,4.391111111111111,0.6580991421303785,Watch
252103,4444.0,16281.11132,NOR,Norway,Troms,2.908782629,1.443935623,0.84,0.22,4444.0,,,,,,,,,,,,,,,,,,,,,,,,,70.0,58.175652580000005,28.87871246,3.0,0.0,0.0,0.0,0.0,59.875,0.368,254.5,1.563,0.0,0.0,0.898125,0.552,6.3625,3.9075,11.720125,0.0,0.0,3894.890625,23.922756548351988,0.0,0.0,35.0,35.0,70.0,97612,24366.0,24.962094824406837,0.6967292892129159,Watch
252104,4445.0,9040.272739,NOR,Norway,Finnmark,3.159168682,0.0,0.84,0.22,4445.0,,,,,,,,,,,,,,,,,,,,,,,,,30.27985344260893,63.18337364,0.0,,0.0,0.0,0.0,0.0,5.0,0.055,3.938,0.044,0.0,0.0,0.075,0.0825,0.09845,0.1099999999999999,0.36595,0.0,0.0,410.765625,4.543730447888266,0.0,0.0,14.376796875,15.903056567608932,30.27985344260893,13418,,,0.4225137012494144,Advisory
251075,16089.0,70071.05273,NOR,Norway,Sogn og Fjordane,3.650641425,1.851725867,0.84,0.22,16089.0,,,,,,,,,,,,,,,,,,,,,,,,,50.02810526227737,73.0128285,37.03451734,3.0,183.375,0.262,120.75,0.172,38.812,0.055,34.375,0.049,1.2075,0.172,0.5821799999999999,0.0825,0.859375,0.1225,3.026055,0.0,0.0,3008.671875,4.2937443606506775,0.0,0.0,35.0,15.028105262277371,50.02810526227737,1513118,41442.0,2.738847862493209,0.7314562850198623,Watch
251091,16090.0,6543.656385,NOR,Norway,Nordland,3.072552421,4.001562734,0.84,0.22,16090.0,,,,,,,,,,,,,,,,,,,,,,,,,70.0,61.451048420000006,80.03125468,3.0,0.0,0.0,0.0,0.0,0.062,0.001,4.312,0.066,0.0,0.0,0.0009299999999999,0.0015,0.1078,0.165,0.27523,0.0,0.0,1489.921875,22.76895037632552,0.0,0.0,35.0,35.0,70.0,33860,2879.0,8.502658003544004,0.8951383993348481,Warning
252105,16091.0,17665.05898,NOR,Norway,Finnmark,3.08118957,3.011952528,0.84,0.22,16091.0,,,,,,,,,,,,,,,,,,,,,,,,,70.0,61.6237914,60.23905056,3.0,0.625,0.004,0.562,0.003,31.625,0.179,134.0,0.759,0.00562,0.003,0.474375,0.2684999999999999,3.35,1.8975,5.998995,0.0,0.0,2158.171875,12.217178996797609,0.0,0.0,35.0,35.0,70.0,23238,3949.0,16.993717187365522,0.7260991694762883,Watch
271032,4612.0,2614.881991,ISL,Iceland,Norðurland vestra,3.426187693,0.0,0.85,0.21,4612.0,,,,,,,,,,,,,,,,,,,,,,,,,76.476171875,68.52375386,0.0,3.0,56.312,2.154,24.625,0.942,54.062,2.067,14.0,0.535,0.24625,0.942,0.8109299999999999,3.1005000000000003,0.35,1.3375,6.78718,518.203125,19.81745741745916,534.375,20.435912669293028,7.773046875,15.0,18.703125,35.0,76.476171875,867,48.0,5.536332179930796,0.8126613135886028,Warning
271033,4613.0,1654.466884,ISL,Iceland,Norðurland vestra,2.119818507,1.227643292,0.85,0.21,4613.0,,,,,,,,,,,,,,,,,,,,,,,,,26.231000140947884,42.39637014,24.55286584,,6.312,0.382,4.5,0.272,0.875,0.053,1.188,0.072,0.045,0.272,0.013125,0.0795,0.0296999999999999,0.18,0.619325,62.859375,3.7993734188080457,79.453125,4.802340003638805,0.942890625,5.699060128212069,2.780859375,16.808190012735817,26.231000140947884,3892,,,0.2157452463753646,Information
271034,4614.0,3283.820636,ISL,Iceland,Norðurland vestra,3.02166246,2.521086808,0.85,0.21,4614.0,,,,,,,,,,,,,,,,,,,,,,,,,99.577890625,60.4332492,50.42173616,3.0,62.25,1.896,44.625,1.359,31.188,0.95,9.688,0.295,0.44625,1.359,0.4678199999999999,1.4249999999999998,0.2422,0.7374999999999999,4.67777,971.859375,29.595385460878425,1010.953125,30.78588135989799,14.577890625,15.0,35.0,35.0,99.577890625,28,0.0,0.0,0.821983634352866,Warning
271035,4615.0,6568.400802,ISL,Iceland,Hálshreppur,4.000944609,0.0,0.85,0.21,4615.0,,,,,,,,,,,,,,,,,,,,,,,,,34.663063299946145,80.01889218000001,0.0,3.0,36.25,0.552,8.062,0.123,25.125,0.383,11.438,0.174,0.08062,0.123,0.376875,0.5745,0.28595,0.4349999999999999,1.875945,247.078125,3.7616176671106607,286.734375,4.365360514080044,3.706171875,5.642426500665991,10.035703125,15.278761799280154,34.663063299946145,24563,571.0,2.324634613035867,0.7091445822631047,Watch
271036,4616.0,3114.491042,ISL,Iceland,Hálshreppur,3.687614247,0.0,0.85,0.21,4616.0,,,,,,,,,,,,,,,,,,,,,,,,,100.0,73.75228494,0.0,3.0,61.812,1.985,47.938,1.539,26.062,0.837,18.0,0.578,0.47938,1.539,0.39093,1.2555,0.45,1.4449999999999998,5.559810000000001,1114.734375,35.79186325938789,1172.671875,37.652119051348,15.0,15.0,35.0,35.0,100.0,379,80.0,21.108179419525065,0.909485140189786,Warning
271038,4618.0,2957.897177,ISL,Iceland,Hálshreppur,2.110444786,0.0,0.85,0.21,4618.0,,,,,,,,,,,,,,,,,,,,,,,,,100.0,42.20889572,0.0,3.0,68.625,2.32,54.875,1.855,44.75,1.513,36.188,1.223,0.54875,1.855,0.67125,2.2695,0.9047,3.0575,9.3067,1973.53125,66.72075234841127,2138.90625,72.31171748748292,15.0,15.0,35.0,35.0,100.0,748,10.0,1.3368983957219251,0.7082691627934405,Warning
271039,4619.0,1225.645766,ISL,Iceland,Hálshreppur,2.584942821,0.0,0.85,0.21,4619.0,,,,,,,,,,,,,,,,,,,,,,,,,59.262265625,51.69885642,0.0,,21.188,1.729,15.125,1.234,33.188,2.708,27.438,2.239,0.15125,1.234,0.49782,4.062,0.68595,5.5975,12.22852,177.46875,14.47961187942404,188.578125,15.386021814823804,2.66203125,15.0,6.600234375,35.0,59.262265625,1479,,,0.5810254552241311,Advisory
271051,4621.0,6548.509875,ISL,Iceland,Hálshreppur,2.675074975,1.217991587,0.85,0.21,4621.0,,,,,,,,,,,,,,,,,,,,,,,,,55.6098413857311,53.5014995,24.35983174,,17.312,0.264,15.062,0.23,35.5,0.542,46.812,0.715,0.15062,0.23,0.5325,0.8130000000000001,1.1703,1.7875,4.68392,196.875,3.006409148801709,544.359375,8.312721296436724,2.953125,4.509613723202564,19.052578125,29.09452453752853,55.6098413857311,2002,,,0.5710076416606363,Advisory
271052,4622.0,3583.908001,ISL,Iceland,Austurland,3.271809334,0.0,0.85,0.21,4622.0,,,,,,,,,,,,,,,,,,,,,,,,,28.82485273293355,65.43618667999999,0.0,,0.0,0.0,0.0,0.0,0.938,0.026,3.188,0.089,0.0,0.0,0.01407,0.039,0.0797,0.2224999999999999,0.35527,26.296875,0.733748605964973,206.015625,5.748351378281741,0.394453125,1.1006229089474595,7.210546875,20.11922982398609,28.82485273293355,382,,,0.42796036390664,Advisory
271054,4624.0,3318.184923,ISL,Iceland,Austurland,3.798764949,0.0,0.85,0.21,4624.0,,,,,,,,,,,,,,,,,,,,,,,,,12.939465438142504,75.97529898,0.0,,0.0,0.0,0.0,0.0,0.438,0.013,1.5,0.045,0.0,0.0,0.00657,0.0195,0.0375,0.1124999999999999,0.17607,0.984375,0.0296660681317328,91.6875,2.7631823459842586,0.014765625,0.0444991021975992,3.2090625,9.671138210944903,12.939465438142504,3872,,,0.2680238855815112,Information
271060,4629.0,8296.327106,ISL,Iceland,Suðurland,2.111407032,1.614292826,0.85,0.21,4629.0,,,,,,,,,,,,,,,,,,,,,,,,,100.0,42.22814063999999,32.28585652,3.0,16.188,0.195,4.562,0.055,0.25,0.003,0.0,0.0,0.04562,0.055,0.00375,0.0045,0.0,0.0,0.10887,1321.453125,15.928170479310872,1609.453125,19.39958615895636,15.0,15.0,35.0,35.0,100.0,2994,45.0,1.503006012024048,0.7083834790052317,Warning
271070,4630.0,1293.114455,ISL,Iceland,Suðurland,2.236855466,0.0,0.85,0.21,4630.0,,,,,,,,,,,,,,,,,,,,,,,,,17.304150828988533,44.73710932,0.0,,11.125,0.86,1.562,0.121,0.188,0.014,0.0,0.0,0.01562,0.121,0.00282,0.021,0.0,0.0,0.1604399999999999,36.28125,2.80572611879279,41.0625,3.1754729716569563,0.54421875,4.208589178189185,1.4371875,11.114155400799348,17.304150828988533,10787,,,0.122789390127701,Information
271080,4631.0,5782.45767,ISL,Iceland,Suðurland,1.945885714,0.0,0.85,0.21,4631.0,,,,,,,,,,,,,,,,,,,,,,,,,15.421784808530507,38.91771428,0.0,,25.188,0.436,10.625,0.184,0.438,0.008,0.062,0.001,0.10625,0.184,0.00657,0.012,0.00155,0.0025,0.31287,112.21875,1.940675684969474,113.34375,1.9601310803075136,1.68328125,2.911013527454211,3.96703125,6.860458781076297,15.421784808530507,2837,,,0.0843426028289409,Information
271031,16099.0,18372.26871,ISL,Iceland,Vestfirðir,2.142360913,4.001890141,0.85,0.21,16099.0,,,,,,,,,,,,,,,,,,,,,,,,,25.45631451953767,42.847218260000005,80.03780282,,22.938,0.125,8.438,0.046,4.938,0.027,4.312,0.023,0.08438,0.046,0.07407,0.0405,0.1078,0.0574999999999999,0.41025,286.171875,1.5576294881214088,348.328125,1.8959450821015875,4.292578125,2.3364442321821133,12.191484375,6.6358077873555565,25.45631451953767,13409,,,0.5960451299365112,Advisory
271059,16100.0,4016.036961,ISL,Iceland,Suðurland,2.481987992,1.457338921,0.85,0.21,16100.0,,,,,,,,,,,,,,,,,,,,,,,,,93.81734375,49.63975984,29.14677842,3.0,11.938,0.297,9.875,0.246,0.125,0.003,0.0,0.0,0.09875,0.246,0.001875,0.0045,0.0,0.0,0.351125,820.828125,20.43875923026468,900.140625,22.41365390319072,12.312421875,15.0,31.504921875,35.0,93.81734375,4263,1161.0,27.234342012667135,0.7330776443590331,Warning
281012,4644.0,9141.771802,TKM,Turkmenistan,Ahal,4.003202633,0.0,0.51,0.68,4644.0,,,,,,,,,,,,,,,,,,,,,,,,,0.94588,80.06405266,0.0,,97.438,1.066,45.188,0.494,0.0,0.0,0.0,0.0,0.45188,0.494,0.0,0.0,0.0,0.0,0.94588,,,,,,,,,,2262,,,0.0011512209069976,Information
281019,4651.0,2867.887956,TKM,Turkmenistan,Ahal,0.016814483,0.0,0.51,0.68,4651.0,,,,,,,,,,,,,,,,,,,,,,,,,1.6342082180552513,0.33628966,0.0,,42.75,1.491,29.25,1.02,0.0,0.0,0.0,0.0,0.2925,1.02,0.0,0.0,0.0,0.0,1.3125,0.0,0.0,10.40625,0.3628541337300718,0.0,0.0,0.36421875,1.2699894680552513,1.6342082180552513,196820,,,1.9727924173754e-05,Information
281020,4652.0,11436.16616,TKM,Turkmenistan,Ahal,0.110493905,0.0,0.51,0.68,4652.0,,,,,,,,,,,,,,,,,,,,,,,,,1.9742902971495808,2.2098781,0.0,,192.625,1.684,93.0,0.813,0.0,0.0,0.0,0.0,0.93,0.813,0.0,0.0,0.0,0.0,1.743,0.0,0.0,30.09375,0.2631454420427374,0.0,0.0,1.05328125,0.9210090471495808,1.9742902971495808,2043059,,,4.757958346433466e-05,Information
281064,4660.0,34178.11215,TKM,Turkmenistan,Mary,0.526502538,0.0,0.51,0.68,4660.0,,,,,,,,,,,,,,,,,,,,,,,,,5.9229674180869765,10.53005076,0.0,,75.812,0.222,31.938,0.093,0.688,0.002,0.0,0.0,0.31938,0.093,0.01032,0.003,0.0,0.0,0.4256999999999999,0.0,0.0,130.921875,0.3830576551677075,0.0,0.0,4.582265625,1.3407017930869762,5.9229674180869765,229695,,,0.0033131358782683,Information
281065,4661.0,13653.8695,TKM,Turkmenistan,Mary,2.476787337,0.0,0.51,0.68,4661.0,,,,,,,,,,,,,,,,,,,,,,,,,6.838351131575166,49.53574674000001,0.0,,7.938,0.058,4.375,0.032,4.25,0.031,3.75,0.027,0.04375,0.032,0.06375,0.0465,0.09375,0.0675,0.34725,0.0,0.0,112.78125,0.8260021090214762,0.0,0.0,3.94734375,2.8910073815751667,6.838351131575166,1124527,,,0.0228194052526205,Information
281602,4690.0,1189.095583,TKM,Turkmenistan,Balkan,4.094591121,0.0,0.51,0.68,4690.0,,,,,,,,,,,,,,,,,,,,,,,,,30.566994113233893,81.89182242,0.0,3.0,12.688,1.067,10.938,0.92,0.0,0.0,0.0,0.0,0.10938,0.92,0.0,0.0,0.0,0.0,1.02938,0.0,0.0,92.8125,7.805301889495397,0.0,0.0,3.2484375,27.31855661323389,30.566994113233893,18613,407.0,2.1866437436200505,0.6997067100539244,Watch
281603,4691.0,991.3144775,TKM,Turkmenistan,Balkan,0.014562266,0.0,0.51,0.68,4691.0,,,,,,,,,,,,,,,,,,,,,,,,,15.880411571280709,0.29124532,0.0,,23.25,2.345,18.062,1.822,0.0,0.0,0.0,0.0,0.18062,1.822,0.0,0.0,0.0,0.0,2.0026200000000003,0.0,0.0,40.921875,4.128041698937345,0.0,0.0,1.432265625,14.448145946280707,15.880411571280709,146220,,,0.0330926147084217,Information
281700,4698.0,4436.246533,TKM,Turkmenistan,Balkan,0.015519475,0.0,0.51,0.68,4698.0,,,,,,,,,,,,,,,,,,,,,,,,,13.14959430429278,0.3103895,0.0,,49.312,1.112,45.062,1.016,0.062,0.001,0.0,0.0,0.4506199999999999,1.016,0.0009299999999999,0.0015,0.0,0.0,1.4690500000000002,0.0,0.0,115.453125,2.6024956940836512,0.0,0.0,4.040859375,9.10873492929278,13.14959430429278,226838,,,0.021399277903278,Information
281801,4700.0,2441.053892,TKM,Turkmenistan,Balkan,4.718211231,0.0,0.51,0.68,4700.0,,,,,,,,,,,,,,,,,,,,,,,,,1.4800023166102785,94.36422462,0.0,,5.188,0.213,3.0,0.123,0.0,0.0,0.0,0.0,0.03,0.123,0.0,0.0,0.0,0.0,0.153,0.0,0.0,8.296875,0.3398890547457938,0.0,0.0,0.290390625,1.189611691610278,1.4800023166102785,8,,,0.0905964533103011,Information
281802,4701.0,8160.190061,TKM,Turkmenistan,Balkan,4.374339237,0.0,0.51,0.68,4701.0,,,,,,,,,,,,,,,,,,,,,,,,,1.807318272047835,87.48678474,0.0,,15.0,0.184,8.0,0.098,0.0,0.0,0.0,0.0,0.08,0.098,0.0,0.0,0.0,0.0,0.178,0.0,0.0,23.203125,0.2843453991565243,0.0,0.0,0.812109375,0.995208897047835,1.807318272047835,536,,,0.0264987571886097,Information
281804,4703.0,4327.466509,TKM,Turkmenistan,Balkan,4.028912922,0.0,0.51,0.68,4703.0,,,,,,,,,,,,,,,,,,,,,,,,,0.1473799999999999,80.57825844,0.0,,4.438,0.103,4.438,0.103,0.0,0.0,0.0,0.0,0.0443799999999999,0.103,0.0,0.0,0.0,0.0,0.1473799999999999,,,,,,,,,,23,,,5.273873323194976e-07,Information
281806,4705.0,5146.698589,TKM,Turkmenistan,Balkan,3.368219361,0.0,0.51,0.68,4705.0,,,,,,,,,,,,,,,,,,,,,,,,,1.04292319046211,67.36438722,0.0,,7.812,0.152,5.438,0.106,0.0,0.0,0.0,0.0,0.05438,0.106,0.0,0.0,0.0,0.0,0.16038,0.0,0.0,10.125,0.1967280544177458,0.0,0.0,0.354375,0.6885481904621102,1.04292319046211,602,,,0.0002872493746796,Information
281808,4707.0,6142.294151,TKM,Turkmenistan,Balkan,4.154634001,0.0,0.51,0.68,4707.0,,,,,,,,,,,,,,,,,,,,,,,,,1.143,83.09268001999999,0.0,,44.312,0.721,43.5,0.708,0.0,0.0,0.0,0.0,0.435,0.708,0.0,0.0,0.0,0.0,1.143,0.0,0.0,10.546875,0.171709051047206,0.0,0.0,0.369140625,0.600981678665221,0.970122303665221,84,,,0.0035290522204818,Information
461308,9056.0,19214.75106,TKM,Turkmenistan,Chardzhou,0.467803197,0.0,0.51,0.68,9056.0,,,,,,,,,,,,,,,,,,,,,,,,,3.9736766894209152,9.35606394,0.0,,172.562,0.898,54.938,0.286,0.125,0.001,0.0,0.0,0.54938,0.286,0.001875,0.0015,0.0,0.0,0.8387549999999999,0.0,0.0,74.671875,0.3886174469774044,0.0,0.0,2.613515625,1.3601610644209154,3.9736766894209152,359149,,,0.0008822573079692,Information
461309,9057.0,741.9288148,TKM,Turkmenistan,Chardzhou,3.518892852,0.0,0.51,0.68,9057.0,,,,,,,,,,,,,,,,,,,,,,,,,11.045421910748674,70.37785704,0.0,,42.375,5.711,8.688,1.171,0.0,0.0,0.0,0.0,0.08688,1.171,0.0,0.0,0.0,0.0,1.25788,0.0,0.0,21.796875,2.937866081642478,0.0,0.0,0.762890625,10.282531285748671,11.045421910748674,127025,,,0.1619424069627542,Information
461602,9070.0,4608.07665,TKM,Turkmenistan,Chardzhou,1.051654921,0.0,0.51,0.68,9070.0,,,,,,,,,,,,,,,,,,,,,,,,,6.272345569642054,21.03309842,0.0,,37.625,0.817,16.875,0.366,1.562,0.034,0.0,0.0,0.16875,0.366,0.02343,0.051,0.0,0.0,0.60918,0.0,0.0,56.53125,1.226786234183444,0.0,0.0,1.97859375,4.293751819642054,6.272345569642054,109838,,,0.0056565092330368,Information
461710,9078.0,904.1727844,TKM,Turkmenistan,Chardzhou,1.717514016,0.0,0.51,0.68,9078.0,,,,,,,,,,,,,,,,,,,,,,,,,18.87552299677359,34.35028032,0.0,,33.312,3.684,17.5,1.935,3.688,0.408,0.0,0.0,0.175,1.935,0.05532,0.612,0.0,0.0,2.77732,0.0,0.0,44.71875,4.94581907050674,0.0,0.0,1.56515625,17.31036674677359,18.87552299677359,145458,,,0.1062964384333552,Information
461721,9080.0,6348.593623,TKM,Turkmenistan,Chardzhou,4.000564243,0.0,0.51,0.68,9080.0,,,,,,,,,,,,,,,,,,,,,,,,,26.6419593717886,80.01128486,0.0,3.0,21.125,0.333,11.25,0.177,0.0,0.0,0.0,0.0,0.1125,0.177,0.0,0.0,0.0,0.0,0.2895,0.0,0.0,295.59375,4.6560508919396,0.0,0.0,10.34578125,16.2961781217886,26.6419593717886,34085,465.0,1.3642364676543934,0.6130661617878742,Watch
461730,9089.0,18907.60737,TKM,Turkmenistan,Chardzhou,1.886455331,0.0,0.51,0.68,9089.0,9089.0,0.0,9.0,-9999.0,-9999.0,-9999.0,0.0,2.0,-999.9,-999.9,-999.9,-5995.4,0.0,0.0,0.0,0.0,0.0,0.0,0.0,0.0,0.0,0.0,0.0,-5995.4,15.92288708040111,37.72910662,0.0,,141.875,0.75,19.375,0.102,0.25,0.001,0.0,0.0,0.19375,0.102,0.00375,0.0015,0.0,0.0,0.301,0.0,0.0,297.5625,1.5737713086860314,0.0,0.0,10.4146875,5.50819958040111,15.92288708040111,1385703,,,0.0863252398755886,Information
461750,9091.0,9017.045878,TKM,Turkmenistan,Chardzhou,3.785547811,0.0,0.51,0.68,9091.0,,,,,,,,,,,,,,,,,,,,,,,,,12.53938650538396,75.71095622,0.0,,3.688,0.041,3.0,0.033,3.5,0.039,0.438,0.005,0.03,0.033,0.0525,0.0584999999999999,0.01095,0.0125,0.19745,0.0,0.0,169.875,1.883931858681131,0.0,0.0,5.945625,6.593761505383959,12.53938650538396,306131,,,0.254257816284509,Information
281601,16102.0,3200.559502,TKM,Turkmenistan,Balkan,0.021179194,0.0,0.51,0.68,16102.0,,,,,,,,,,,,,,,,,,,,,,,,,48.953515625,0.4235838799999999,0.0,,106.438,3.326,93.188,2.912,0.062,0.002,0.188,0.006,0.93188,2.912,0.0009299999999999,0.003,0.0046999999999999,0.015,3.86751,0.0,0.0,398.671875,12.456318175454957,0.0,0.0,13.953515625,35.0,48.953515625,71094,,,0.2388352744702387,Advisory
461040,9030.0,26706.83627,UZB,Uzbekistan,Navoi,0.256137322,0.0,0.54,0.64,9030.0,,,,,,,,,,,,,,,,,,,,,,,,,3.456813828780194,5.12274644,0.0,,81.688,0.306,21.75,0.081,4.188,0.016,2.312,0.009,0.2175,0.081,0.06282,0.024,0.0577999999999999,0.0225,0.46562,0.0,0.0,71.859375,0.2690673439371983,0.0,0.0,2.515078125,0.941735703780194,3.456813828780194,68909,,,0.0004627660393099,Information
461050,9031.0,13334.28348,UZB,Uzbekistan,Navoi,0.777198888,0.0,0.54,0.64,9031.0,,,,,,,,,,,,,,,,,,,,,,,,,4.745773037258364,15.54397776,0.0,,18.75,0.141,5.562,0.042,3.875,0.029,2.25,0.017,0.05562,0.042,0.058125,0.0435,0.05625,0.0425,0.297995,0.0,0.0,77.484375,0.5810914035023897,0.0,0.0,2.711953125,2.033819912258364,4.745773037258364,8782,,,0.0019948395707419,Information
461070,9033.0,13365.88546,UZB,Uzbekistan,Bukhoro,3.919556886,0.0,0.54,0.64,9033.0,,,,,,,,,,,,,,,,,,,,,,,,,17.268811963847444,78.39113772,0.0,,166.875,1.249,156.062,1.168,103.75,0.776,25.062,0.188,1.56062,1.168,1.55625,1.164,0.62655,0.47,6.545419999999999,0.0,0.0,282.234375,2.1116025253849835,0.0,0.0,9.878203125,7.390608838847442,17.268811963847444,593596,,,0.4113002879777574,Advisory
461102,9036.0,37710.1574,UZB,Uzbekistan,Karakalpakstan,4.114536541,0.0,0.54,0.64,9036.0,,,,,,,,,,,,,,,,,,,,,,,,,33.352135947579065,82.29073082,0.0,3.0,22.562,0.06,9.0,0.024,0.062,0.0,2.438,0.006,0.09,0.024,0.0009299999999999,0.0,0.06095,0.015,0.19088,0.0,0.0,753.1875,1.997306699308303,0.0,0.0,26.3615625,6.99057344757906,33.352135947579065,685759,157.0,0.022894340431551027,0.7366441596125297,Watch
461208,9046.0,1898.991103,UZB,Uzbekistan,Karakalpakstan,2.176893292,0.0,0.54,0.64,9046.0,,,,,,,,,,,,,,,,,,,,,,,,,8.234344848434763,43.53786584,0.0,,4.5,0.237,4.5,0.237,0.0,0.0,0.0,0.0,0.045,0.237,0.0,0.0,0.0,0.0,0.282,0.0,0.0,37.546875,1.9772012066956464,0.0,0.0,1.314140625,6.920204223434762,8.234344848434763,67860,,,0.0270986435173495,Information
461303,9051.0,15777.75179,UZB,Uzbekistan,Karakalpakstan,3.072578436,0.0,0.54,0.64,9051.0,,,,,,,,,,,,,,,,,,,,,,,,,28.53885186494528,61.45156872,0.0,,74.938,0.475,65.938,0.418,12.812,0.081,63.188,0.4,0.6593800000000001,0.418,0.19218,0.1215,1.5797,1.0,3.97076,0.0,0.0,499.078125,3.1631764256986514,0.0,0.0,17.467734375,11.07111748994528,28.53885186494528,971436,,,0.3818410721574659,Advisory
461601,9069.0,470.9057662,UZB,Uzbekistan,Bukhoro,4.001701349,0.0,0.54,0.64,9069.0,,,,,,,,,,,,,,,,,,,,,,,,,10.06858984858135,80.03402698000001,0.0,,0.625,0.133,0.625,0.133,0.0,0.0,0.0,0.0,0.00625,0.133,0.0,0.0,0.0,0.0,0.13925,0.0,0.0,12.9375,2.7473649567375285,0.0,0.0,0.4528125,9.61577734858135,10.06858984858135,32484,,,0.246795401957552,Information
461604,9072.0,32409.41481,UZB,Uzbekistan,Kashkadarya,2.133104026,0.0,0.54,0.64,9072.0,,,,,,,,,,,,,,,,,,,,,,,,,11.167880632816576,42.66208052,0.0,,41.812,0.129,15.688,0.048,5.938,0.018,3.688,0.011,0.15688,0.048,0.08907,0.0269999999999999,0.0922,0.0274999999999999,0.44065,0.0,0.0,243.84375,0.7523855379475933,0.0,0.0,8.53453125,2.6333493828165766,11.167880632816576,2957059,,,0.0509281324987,Information
461605,9073.0,5604.107455,UZB,Uzbekistan,Navoi,2.547232647,0.0,0.54,0.64,9073.0,,,,,,,,,,,,,,,,,,,,,,,,,4.015417232908421,50.94465294,0.0,,16.5,0.294,3.25,0.058,0.25,0.004,0.188,0.003,0.0325,0.058,0.00375,0.006,0.0046999999999999,0.0075,0.11245,0.0,0.0,41.203125,0.7352308165452631,0.0,0.0,1.442109375,2.573307857908421,4.015417232908421,1665118,,,0.0061606194631465,Information
461607,9075.0,9578.621087,UZB,Uzbekistan,Samarkand,3.117631267,0.0,0.54,0.64,9075.0,,,,,,,,,,,,,,,,,,,,,,,,,12.957629279111124,62.35262534,0.0,,0.188,0.002,0.188,0.002,2.938,0.031,0.312,0.003,0.00188,0.002,0.04407,0.0465,0.0078,0.0075,0.10975,0.0,0.0,181.125,1.890929794031749,0.0,0.0,6.339375,6.618254279111122,12.957629279111124,3001562,,,0.14308111269678,Information
461775,9097.0,3142.571812,UZB,Uzbekistan,Surkhandarya,4.037295578,0.0,0.54,0.64,9097.0,,,,,,,,,,,,,,,,,,,,,,,,,17.310982751364183,80.74591156,0.0,,0.0,0.0,0.0,0.0,1.0,0.032,0.625,0.02,0.0,0.0,0.015,0.048,0.015625,0.05,0.128625,0.0,0.0,118.265625,3.7633388218183375,0.0,0.0,4.139296875,13.17168587636418,17.310982751364183,78489,,,0.4576395245202998,Advisory
462161,9152.0,965.6727249,UZB,Uzbekistan,Jizzakh,1.948770155,0.0,0.54,0.64,9152.0,,,,,,,,,,,,,,,,,,,,,,,,,27.050871191430623,38.9754031,0.0,,10.625,1.1,4.938,0.511,0.312,0.032,0.0,0.0,0.04938,0.511,0.00468,0.048,0.0,0.0,0.61306,0.0,0.0,68.0625,7.048195340408749,0.0,0.0,2.3821875,24.668683691430623,27.050871191430623,13026,,,0.2079491609393194,Information
462162,9153.0,8945.032503,UZB,Uzbekistan,Sirdaryo,3.574784891,0.0,0.54,0.64,9153.0,,,,,,,,,,,,,,,,,,,,,,,,,31.97111535829587,71.49569782,0.0,,14.312,0.16,0.625,0.007,2.312,0.026,2.312,0.026,0.00625,0.007,0.03468,0.039,0.0577999999999999,0.065,0.20973,0.0,0.0,431.296875,4.821635638084534,0.0,0.0,15.095390625,16.87572473329587,31.97111535829587,1137190,,,0.5456893852545641,Advisory
462165,9156.0,754.1309437,UZB,Uzbekistan,Jizzakh,2.062755327,0.0,0.54,0.64,9156.0,,,,,,,,,,,,,,,,,,,,,,,,,41.0046875,41.25510654,0.0,,0.0,0.0,0.0,0.0,0.438,0.058,0.125,0.017,0.0,0.0,0.00657,0.087,0.003125,0.0425,0.139195,0.0,0.0,171.5625,22.74969637990138,0.0,0.0,6.0046875,35.0,41.0046875,105,,,0.3596038671678794,Advisory
462166,9157.0,11011.22248,UZB,Uzbekistan,Navoi,0.523637364,0.0,0.54,0.64,9157.0,,,,,,,,,,,,,,,,,,,,,,,,,21.168996702613384,10.47274728,0.0,,48.188,0.438,8.375,0.076,3.688,0.033,1.75,0.016,0.08375,0.076,0.05532,0.0495,0.04375,0.04,0.34832,0.0,0.0,316.96875,2.878597272175252,0.0,0.0,11.09390625,10.075090452613384,21.168996702613384,12872,,,0.0746504269593208,Information
462168,9159.0,3212.414976,UZB,Uzbekistan,Jizzakh,2.176907352,0.0,0.54,0.64,9159.0,,,,,,,,,,,,,,,,,,,,,,,,,15.141982548363512,43.538147040000005,0.0,,1.25,0.039,1.25,0.039,1.312,0.041,0.062,0.002,0.0125,0.039,0.01968,0.0615,0.00155,0.005,0.13923,0.0,0.0,105.1875,3.274405728103861,0.0,0.0,3.6815625,11.460420048363511,15.141982548363512,342937,,,0.0940712381991514,Information
462169,9160.0,4349.695428,UZB,Uzbekistan,Jizzakh,4.033724714,0.0,0.54,0.64,9160.0,,,,,,,,,,,,,,,,,,,,,,,,,12.389077023097412,80.67449428,0.0,,2.812,0.065,1.75,0.04,5.312,0.122,1.688,0.039,0.0175,0.04,0.07968,0.183,0.0421999999999999,0.0975,0.45988,0.0,0.0,107.296875,2.4667675423135464,0.0,0.0,3.755390625,8.633686398097412,12.389077023097412,504836,,,0.3283006058701935,Information
462173,9163.0,395.1229565,UZB,Uzbekistan,Tashkent,2.383684475,0.0,0.54,0.64,9163.0,,,,,,,,,,,,,,,,,,,,,,,,,38.06140625,47.6736895,0.0,,0.0,0.0,0.0,0.0,5.875,1.487,5.875,1.487,0.0,0.0,0.088125,2.2305,0.146875,3.7175,6.183,0.0,0.0,87.46875,22.13709645701288,0.0,0.0,3.06140625,35.0,38.06140625,89517,,,0.3751292595002155,Advisory
462174,9164.0,6475.507423,UZB,Uzbekistan,Tashkent,1.381695049,0.0,0.54,0.64,9164.0,9164.0,1.0,7.0,35.0,3.0,-9999.0,3.0,4.0,3.5,0.3,-999.9,-2975.3,0.0,0.0,0.0,0.0,0.0,0.0,0.0,0.0,0.0,0.0,0.0,-2975.3,12.610289122122564,27.63390098,0.0,,,,,,,,,,,,,,,,,0.0,0.0,141.609375,2.1868459991778755,0.0,0.0,4.956328125,7.653960997122564,12.610289122122564,1023299,,,0.0402991699778245,Information
462178,9168.0,12512.45002,UZB,Uzbekistan,Ferghana,3.792995121,0.0,0.54,0.64,9168.0,,,,,,,,,,,,,,,,,,,,,,,,,33.82784629429358,75.85990242,0.0,3.0,1.5,0.012,1.5,0.012,8.312,0.066,5.562,0.044,0.015,0.012,0.12468,0.099,0.13905,0.1099999999999999,0.49973,0.0,0.0,537.1875,4.293223941226736,0.0,0.0,18.8015625,15.026283794293576,33.82784629429358,3381257,9250.0,0.2735669013032727,0.6320960990648858,Watch
281800,4699.0,24984.54401,KAZ,Kazakhstan,Mangghystau,2.020001972,0.0,0.63,0.51,4699.0,,,,,,,,,,,,,,,,,,,,,,,,,25.451575874775187,40.40003944,0.0,,137.875,0.552,66.562,0.266,0.0,0.0,0.062,0.0,0.66562,0.266,0.0,0.0,0.00155,0.0,0.93317,0.0,0.0,519.328125,2.0785975713643388,0.0,0.0,18.176484375,7.275091499775185,25.451575874775187,2030,,,0.1974187715808008,Information
281900,4709.0,18572.08586,KAZ,Kazakhstan,Mangghystau,0.303489851,0.0,0.63,0.51,4709.0,,,,,,,,,,,,,,,,,,,,,,,,,14.682149861273604,6.069797019999999,0.0,,33.688,0.181,18.438,0.099,0.0,0.0,0.0,0.0,0.18438,0.099,0.0,0.0,0.0,0.0,0.2833799999999999,0.0,0.0,272.671875,1.4681812103638865,0.0,0.0,9.543515625,5.138634236273603,14.682149861273604,174330,,,0.0317325148137874,Information
281901,4710.0,2837.702818,KAZ,Kazakhstan,Mangghystau,0.24135518,0.0,0.63,0.51,4710.0,,,,,,,,,,,,,,,,,,,,,,,,,2.493842425264243,4.8271036,0.0,,8.375,0.295,4.25,0.15,0.0,0.0,0.0,0.0,0.0425,0.15,0.0,0.0,0.0,0.0,0.1925,0.0,0.0,15.75,0.5550264072183551,0.0,0.0,0.55125,1.9425924252642428,2.493842425264243,6649,,,0.0001353320955536,Information
282070,4725.0,29905.526,KAZ,Kazakhstan,Mangghystau,0.74427914,0.0,0.63,0.51,4725.0,,,,,,,,,,,,,,,,,,,,,,,,,2.27241827249572,14.885582799999998,0.0,,42.75,0.143,15.375,0.051,0.0,0.0,0.0,0.0,0.15375,0.051,0.0,0.0,0.0,0.0,0.20475,0.0,0.0,48.65625,0.1626998635702057,0.0,0.0,1.70296875,0.5694495224957199,2.27241827249572,54848,,,0.0001455174218039,Information
282404,4734.0,6488.30274,KAZ,Kazakhstan,Aqtöbe,2.325734063,0.0,0.63,0.51,4734.0,,,,,,,,,,,,,,,,,,,,,,,,,5.240701816470281,46.51468126,0.0,,28.438,0.438,28.438,0.438,20.75,0.32,19.312,0.298,0.2843799999999999,0.438,0.31125,0.48,0.4828,0.745,2.7414300000000003,0.0,0.0,58.921875,0.9081246261343658,0.0,0.0,2.062265625,3.178436191470281,5.240701816470281,15715,,,0.0100908715969877,Information
282406,4736.0,6434.640016,KAZ,Kazakhstan,Aqtöbe,0.958085201,0.0,0.63,0.51,4736.0,,,,,,,,,,,,,,,,,,,,,,,,,3.0673006485861123,19.16170402,0.0,,4.562,0.071,4.562,0.071,2.562,0.04,2.188,0.034,0.04562,0.071,0.03843,0.06,0.0547,0.085,0.35475,0.0,0.0,34.3125,0.5332466138817464,0.0,0.0,1.2009375,1.8663631485861123,3.0673006485861123,15590,,,0.000534603766875,Information
282604,4743.0,30385.5783,KAZ,Kazakhstan,West Kazakhstan,2.372271318,0.0,0.63,0.51,4743.0,,,,,,,,,,,,,,,,,,,,,,,,,12.59927811006962,47.44542636,0.0,,22.0,0.072,21.0,0.069,21.188,0.07,13.875,0.046,0.21,0.069,0.31782,0.105,0.346875,0.1149999999999999,1.163695,0.0,0.0,270.84375,0.8913562457341772,0.0,0.0,9.47953125,3.11974686006962,12.59927811006962,26913,,,0.0766153363474844,Information
282815,4754.0,4010.019117,KAZ,Kazakhstan,West Kazakhstan,3.500216429,0.0,0.63,0.51,4754.0,4754.0,0.0,1.0,-9999.0,-9999.0,-9999.0,0.0,10.0,-999.9,-999.9,-999.9,-5979.4,0.0,0.0,0.0,0.0,0.0,0.0,0.0,0.0,0.0,0.0,0.0,-5979.4,19.15614234275121,70.00432857999999,0.0,,,,,,,,,,,,,,,,,0.0,0.0,156.65625,3.906621026500344,0.0,0.0,5.48296875,13.673173592751205,19.15614234275121,75082,,,0.3269215656880155,Information
282860,4779.0,18574.07903,KAZ,Kazakhstan,Aqtöbe,2.082396669,0.0,0.63,0.51,4779.0,,,,,,,,,,,,,,,,,,,,,,,,,6.027102814647515,41.64793338,0.0,,6.688,0.036,5.125,0.028,2.312,0.012,2.125,0.011,0.05125,0.028,0.03468,0.018,0.053125,0.0274999999999999,0.212555,0.0,0.0,111.9375,0.6026543756135756,0.0,0.0,3.9178125,2.109290314647515,6.027102814647515,77470,,,0.0115968661031021,Information
282940,4803.0,5401.508086,KAZ,Kazakhstan,Atyrau,4.039817683,0.0,0.63,0.51,4803.0,,,,,,,,,,,,,,,,,,,,,,,,,44.52960774613469,80.79635366,0.0,3.0,0.0,0.0,0.0,0.0,0.0,0.0,10.875,0.201,0.0,0.0,0.0,0.0,0.271875,0.5025000000000001,0.774375,0.0,0.0,446.203125,8.260713820324197,0.0,0.0,15.617109375,28.91249837113469,44.52960774613469,39695,7537.0,18.98727799470966,0.7998411963877164,Watch
282950,4804.0,888.7156212,KAZ,Kazakhstan,Atyrau,0.033589092,0.0,0.63,0.51,4804.0,,,,,,,,,,,,,,,,,,,,,,,,,53.737578125,0.67178184,0.0,,0.0,0.0,0.0,0.0,0.0,0.0,51.25,5.767,0.0,0.0,0.0,0.0,1.28125,14.4175,15.69875,0.0,0.0,535.359375,60.23967197422528,0.0,0.0,18.737578125,35.0,53.737578125,2179,,,0.2695028806762345,Advisory
282960,4805.0,2567.718031,KAZ,Kazakhstan,Atyrau,0.22471775,0.0,0.63,0.51,4805.0,,,,,,,,,,,,,,,,,,,,,,,,,70.0,4.494355,0.0,3.0,0.0,0.0,0.0,0.0,1.062,0.041,31.25,1.217,0.0,0.0,0.01593,0.0615,0.78125,3.0425000000000004,3.901180000000001,0.0,0.0,1047.515625,40.79558628379999,0.0,0.0,35.0,35.0,70.0,18261,6895.0,37.758063632878816,0.3780181068720831,Watch
312013,5784.0,11532.3391,KAZ,Kazakhstan,Pavlodar,0.104513906,0.0,0.63,0.51,5784.0,,,,,,,,,,,,,,,,,,,,,,,,,70.0,2.09027812,0.0,3.0,609.125,5.282,593.938,5.15,88.188,0.765,36.062,0.313,5.93938,5.15,1.32282,1.1475,0.90155,0.7825,15.24375,0.0,0.0,3925.6875,34.040687373925024,0.0,0.0,35.0,35.0,70.0,33400,2667.0,7.985029940119761,0.3686048882157928,Watch
312016,5787.0,5483.225572,KAZ,Kazakhstan,Pavlodar,0.050089818,0.0,0.63,0.51,5787.0,,,,,,,,,,,,,,,,,,,,,,,,,56.07546875,1.00179636,0.0,,63.688,1.161,63.688,1.161,2.875,0.052,0.125,0.002,0.63688,1.161,0.043125,0.078,0.003125,0.005,1.92713,0.0,0.0,602.15625,10.981788767781818,0.0,0.0,21.07546875,35.0,56.07546875,3971,,,0.284880586896829,Advisory
312030,5790.0,19209.86203,KAZ,Kazakhstan,Pavlodar,0.392458098,0.0,0.63,0.51,5790.0,,,,,,,,,,,,,,,,,,,,,,,,,34.30681880221241,7.84916196,0.0,,45.938,0.239,29.312,0.153,1.688,0.009,6.0,0.031,0.29312,0.153,0.02532,0.0134999999999999,0.15,0.0775,0.71244,0.0,0.0,644.625,3.355698229203546,0.0,0.0,22.561875,11.744943802212411,34.30681880221241,153896,,,0.1615560872780483,Information
312043,5793.0,4919.402892,KAZ,Kazakhstan,Pavlodar,2.108679976,0.0,0.63,0.51,5793.0,,,,,,,,,,,,,,,,,,,,,,,,,13.50884469886072,42.17359952,0.0,,12.812,0.26,9.312,0.189,0.062,0.001,0.875,0.018,0.09312,0.189,0.0009299999999999,0.0015,0.021875,0.045,0.3514249999999999,0.0,0.0,127.265625,2.5870136639602057,0.0,0.0,4.454296875,9.05454782386072,13.50884469886072,5749,,,0.0729591818395696,Information
312600,5931.0,13604.19224,KAZ,Kazakhstan,Qostanay,2.282549791,0.0,0.63,0.51,5931.0,,,,,,,,,,,,,,,,,,,,,,,,,61.10684220439416,45.650995820000006,0.0,3.0,17.938,0.132,17.375,0.128,36.812,0.271,33.0,0.243,0.17375,0.128,0.55218,0.4065,0.825,0.6074999999999999,2.69293,0.0,0.0,1014.75,7.459097772684046,0.0,0.0,35.0,26.10684220439416,61.10684220439416,18449,1233.0,6.683289067158111,0.5466482468389144,Watch
312682,5973.0,1890.231676,KAZ,Kazakhstan,Qostanay,1.362250102,0.0,0.63,0.51,5973.0,,,,,,,,,,,,,,,,,,,,,,,,,39.87693063398429,27.24500204,0.0,,1.625,0.086,1.625,0.086,2.125,0.112,2.625,0.139,0.01625,0.086,0.031875,0.168,0.065625,0.3475,0.7152499999999999,0.0,0.0,181.125,9.58215875256694,0.0,0.0,6.339375,33.53755563398429,39.87693063398429,11646,,,0.2738202189560944,Advisory
312683,5974.0,5622.103417,KAZ,Kazakhstan,Qostanay,0.901199076,0.0,0.63,0.51,5974.0,,,,,,,,,,,,,,,,,,,,,,,,,51.68305180046073,18.02398152,0.0,,4.625,0.082,3.812,0.068,5.0,0.089,4.438,0.079,0.03812,0.068,0.075,0.1335,0.11095,0.1975,0.62307,0.0,0.0,531.421875,9.452367478703067,0.0,0.0,18.599765625,33.083286175460735,51.68305180046073,11288,,,0.3222928268484086,Advisory
312684,5975.0,2683.771572,KAZ,Kazakhstan,Qostanay,2.706915024,0.0,0.63,0.51,5975.0,,,,,,,,,,,,,,,,,,,,,,,,,38.26479101860088,54.138300480000005,0.0,,0.688,0.026,0.688,0.026,1.812,0.068,1.5,0.056,0.00688,0.026,0.02718,0.102,0.0375,0.14,0.33956,0.0,0.0,231.328125,8.619516183885963,0.0,0.0,8.096484375,30.16830664360087,38.26479101860088,7518,,,0.4281444807637524,Advisory
312685,5976.0,1264.695521,KAZ,Kazakhstan,Qostanay,1.535725337,0.0,0.63,0.51,5976.0,,,,,,,,,,,,,,,,,,,,,,,,,40.635546875,30.71450674,0.0,,0.938,0.074,0.938,0.074,0.625,0.049,1.625,0.128,0.00938,0.074,0.009375,0.0735,0.040625,0.32,0.52688,0.0,0.0,161.015625,12.73157233068886,0.0,0.0,5.635546875,35.0,40.635546875,2183,,,0.2968118081715633,Advisory
312686,5977.0,2694.211411,KAZ,Kazakhstan,Qostanay,2.463747058,0.0,0.63,0.51,5977.0,,,,,,,,,,,,,,,,,,,,,,,,,51.5375,49.27494116,0.0,,3.25,0.121,3.25,0.121,15.125,0.561,14.438,0.536,0.0325,0.121,0.226875,0.8415000000000001,0.36095,1.34,2.9228250000000005,0.0,0.0,472.5,17.53759924309069,0.0,0.0,16.5375,35.0,51.5375,6745,,,0.5063387874015075,Advisory
312687,5978.0,4912.168852,KAZ,Kazakhstan,Qostanay,1.556238606,0.0,0.63,0.51,5978.0,,,,,,,,,,,,,,,,,,,,,,,,,54.013203125,31.12477212,0.0,,44.062,0.897,40.938,0.833,66.562,1.355,58.25,1.186,0.40938,0.833,0.99843,2.0325,1.45625,2.965,8.69456,0.0,0.0,543.234375,11.058951583626454,0.0,0.0,19.013203125,35.0,54.013203125,11115,,,0.4039763379953012,Advisory
312688,5979.0,2319.883788,KAZ,Kazakhstan,Qostanay,0.511257266,0.0,0.63,0.51,5979.0,,,,,,,,,,,,,,,,,,,,,,,,,15.891853040491306,10.22514532,0.0,,0.0,0.0,0.0,0.0,0.625,0.027,0.625,0.027,0.0,0.0,0.009375,0.0405,0.015625,0.0675,0.133,0.0,0.0,85.5,3.685529440140373,0.0,0.0,2.9925,12.899353040491306,15.891853040491306,19583,,,0.0416814611625954,Information
312689,5980.0,8895.408163,KAZ,Kazakhstan,Qostanay,1.529178452,0.0,0.63,0.51,5980.0,,,,,,,,,,,,,,,,,,,,,,,,,30.204282178586155,30.58356904,0.0,,2.125,0.024,1.875,0.021,9.5,0.107,7.875,0.089,0.01875,0.021,0.1425,0.1605,0.196875,0.2224999999999999,0.7621249999999999,0.0,0.0,406.265625,4.567138658167473,0.0,0.0,14.219296875,15.984985303586155,30.204282178586155,10058,,,0.2026649945097702,Information
312695,5985.0,1328.554388,KAZ,Kazakhstan,Qostanay,2.623326293,0.0,0.63,0.51,5985.0,,,,,,,,,,,,,,,,,,,,,,,,,12.968334830509509,52.46652586,0.0,,0.062,0.005,0.062,0.005,0.312,0.024,0.312,0.024,0.00062,0.005,0.00468,0.036,0.0078,0.06,0.1141,0.0,0.0,43.453125,3.2707072730027167,0.0,0.0,1.520859375,11.447475455509508,12.968334830509509,2508,,,0.0969850786443957,Information
312696,5986.0,7139.570254,KAZ,Kazakhstan,Qostanay,2.280720868,0.0,0.63,0.51,5986.0,,,,,,,,,,,,,,,,,,,,,,,,,70.0,45.61441736,0.0,3.0,17.25,0.242,17.0,0.238,86.312,1.209,90.25,1.264,0.17,0.238,1.2946799999999998,1.8135,2.25625,3.16,8.93243,0.0,0.0,1503.703125,21.06153551966846,0.0,0.0,35.0,35.0,70.0,46482,3042.0,6.5444688266425715,0.5996325614996479,Watch
312697,5987.0,6767.423659,KAZ,Kazakhstan,Qostanay,0.527632206,0.0,0.63,0.51,5987.0,,,,,,,,,,,,,,,,,,,,,,,,,58.98921875,10.55264412,0.0,,6.625,0.098,6.25,0.092,23.562,0.348,22.125,0.327,0.0625,0.092,0.35343,0.522,0.553125,0.8175,2.400555,0.0,0.0,685.40625,10.128023373309896,0.0,0.0,23.98921875,35.0,58.98921875,393926,,,0.3385968721736281,Advisory
312698,5988.0,13858.25201,KAZ,Kazakhstan,Qostanay,1.373350698,0.0,0.63,0.51,5988.0,,,,,,,,,,,,,,,,,,,,,,,,,41.85041538551728,27.467013960000003,0.0,,15.188,0.11,14.5,0.105,38.25,0.276,39.375,0.284,0.145,0.105,0.57375,0.414,0.984375,0.71,2.932125,0.0,0.0,694.546875,5.011792788719224,0.0,0.0,24.309140625,17.541274760517283,41.85041538551728,78147,,,0.2911803612322834,Advisory
312699,5989.0,16389.9342,KAZ,Kazakhstan,Qostanay,1.11418028,0.0,0.63,0.51,5989.0,,,,,,,,,,,,,,,,,,,,,,,,,16.95127860187894,22.2836056,0.0,,8.25,0.05,7.938,0.048,17.375,0.106,17.312,0.106,0.0793799999999999,0.048,0.260625,0.159,0.4328,0.265,1.244805,0.0,0.0,300.796875,1.8352537076796969,0.0,0.0,10.527890625,6.423387976878939,16.95127860187894,95255,,,0.0639140147910767,Information
312700,5990.0,53634.4793,KAZ,Kazakhstan,North Kazakhstan,1.619112134,0.0,0.63,0.51,5990.0,,,,,,,,,,,,,,,,,,,,,,,,,70.0,32.382242680000004,0.0,3.0,218.562,0.408,194.75,0.363,153.562,0.286,130.375,0.243,1.9475,0.363,2.30343,0.4289999999999999,3.259375,0.6074999999999999,8.909805,0.0,0.0,7346.109375,13.696617308032168,0.0,0.0,35.0,35.0,70.0,161381,14184.0,8.789138746196889,0.5138104618368107,Watch
312801,6000.0,90810.29894,KAZ,Kazakhstan,Qaraghandy,1.197030622,0.0,0.63,0.51,6000.0,,,,,,,,,,,,,,,,,,,,,,,,,50.97910374106269,23.94061244,0.0,,3535.375,3.893,1463.062,1.611,88.812,0.098,137.688,0.152,10.0,1.611,1.33218,0.147,3.4422,0.38,16.91238,0.0,0.0,4145.90625,4.565458211732197,0.0,0.0,35.0,15.979103741062689,50.97910374106269,978509,,,0.3445419358087663,Advisory
312803,6002.0,2128.688607,KAZ,Kazakhstan,Aqmola,0.400340344,0.0,0.63,0.51,6002.0,,,,,,,,,,,,,,,,,,,,,,,,,49.0371875,8.006806880000001,0.0,,34.312,1.612,27.75,1.304,35.688,1.677,49.375,2.32,0.2775,1.304,0.53532,2.5155000000000003,1.234375,5.8,11.666695,0.0,0.0,401.0625,18.840825226010622,0.0,0.0,14.0371875,35.0,49.0371875,2078,,,0.2646301272405779,Advisory
312817,6011.0,12066.04321,KAZ,Kazakhstan,North Kazakhstan,2.193017004,0.0,0.63,0.51,6011.0,,,,,,,,,,,,,,,,,,,,,,,,,70.0,43.86034008,0.0,3.0,19.062,0.158,18.312,0.152,6.25,0.052,2.375,0.02,0.18312,0.152,0.09375,0.078,0.059375,0.05,0.6162449999999999,0.0,0.0,1452.9375,12.041540662161188,0.0,0.0,35.0,35.0,70.0,294885,19955.0,6.767044780168541,0.5873185794476832,Watch
312818,6012.0,4328.490245,KAZ,Kazakhstan,North Kazakhstan,2.256404071,0.0,0.63,0.51,6012.0,,,,,,,,,,,,,,,,,,,,,,,,,17.091101652185003,45.12808142,0.0,,3.375,0.078,1.688,0.039,2.875,0.066,2.688,0.062,0.01688,0.039,0.043125,0.099,0.0672,0.155,0.420205,0.0,0.0,147.515625,3.4080156506242867,0.0,0.0,5.163046875,11.928054777185004,17.091101652185003,24716,,,0.1217175373783915,Information
312820,6014.0,6620.074523,KAZ,Kazakhstan,North Kazakhstan,2.758190032,0.0,0.63,0.51,6014.0,,,,,,,,,,,,,,,,,,,,,,,,,13.295753033254837,55.16380064,0.0,,13.188,0.199,13.188,0.199,16.688,0.252,16.938,0.256,0.13188,0.199,0.25032,0.378,0.42345,0.64,2.02265,0.0,0.0,151.3125,2.2856615809299528,0.0,0.0,5.2959375,7.999815533254835,13.295753033254837,19285,,,0.1120741608468065,Information
312830,6015.0,18153.04143,KAZ,Kazakhstan,Aqmola,2.885758712,0.0,0.63,0.51,6015.0,6015.0,0.0,1.0,-9999.0,-9999.0,-9999.0,0.0,10.0,-999.9,-999.9,-999.9,-5979.4,0.0,0.0,0.0,0.0,0.0,0.0,0.0,0.0,0.0,0.0,0.0,-5979.4,15.945749615302072,57.71517424,0.0,,8.438,0.046,8.438,0.046,9.188,0.051,8.625,0.048,0.08438,0.046,0.13782,0.0765,0.215625,0.12,0.680325,0.0,0.0,293.765625,1.6182722115148782,0.0,0.0,10.281796875,5.663952740302074,15.945749615302072,36139,,,0.1647216090820057,Information
312840,6016.0,19431.46105,KAZ,Kazakhstan,Aqmola,2.679606196,0.0,0.63,0.51,6016.0,,,,,,,,,,,,,,,,,,,,,,,,,44.3263376559747,53.59212392,0.0,,7.625,0.039,7.625,0.039,18.75,0.096,18.375,0.095,0.07625,0.039,0.28125,0.144,0.459375,0.2375,1.237375,0.0,0.0,836.15625,4.3031054017070565,0.0,0.0,29.26546875,15.060868905974695,44.3263376559747,1743,,,0.4816988993214711,Advisory
312850,6017.0,6441.936115,KAZ,Kazakhstan,Aqmola,2.416475745,0.0,0.63,0.51,6017.0,,,,,,,,,,,,,,,,,,,,,,,,,59.092578125,48.3295149,0.0,,5.0,0.078,5.0,0.078,6.25,0.097,5.5,0.085,0.05,0.078,0.09375,0.1455,0.1375,0.2125,0.71725,0.0,0.0,688.359375,10.6855976635774,0.0,0.0,24.092578125,35.0,59.092578125,13809,,,0.5533851425039583,Advisory
312870,6019.0,2001.11739,KAZ,Kazakhstan,Aqmola,2.578473836,0.0,0.63,0.51,6019.0,,,,,,,,,,,,,,,,,,,,,,,,,42.417265625,51.56947672,0.0,,0.188,0.009,0.188,0.009,0.562,0.028,0.688,0.034,0.00188,0.009,0.00843,0.042,0.0171999999999999,0.085,0.16351,0.0,0.0,211.921875,10.590177072185575,0.0,0.0,7.417265625,35.0,42.417265625,2796,,,0.4472648419609691,Advisory
312880,6020.0,17175.76369,KAZ,Kazakhstan,Aqmola,2.169722174,0.0,0.63,0.51,6020.0,,,,,,,,,,,,,,,,,,,,,,,,,45.99278663019195,43.39444348,0.0,,581.875,3.388,204.875,1.193,29.188,0.17,42.0,0.245,2.04875,1.193,0.43782,0.255,1.05,0.6125,5.59707,0.0,0.0,830.53125,4.835483680054843,0.0,0.0,29.06859375,16.92419288019195,45.99278663019195,73080,,,0.4177618360009251,Advisory
312890,6021.0,19115.29855,KAZ,Kazakhstan,Aqmola,2.675799505,0.0,0.63,0.51,6021.0,,,,,,,,,,,,,,,,,,,,,,,,,56.89382657262108,53.5159901,0.0,,1499.188,7.843,590.938,3.091,63.375,0.332,86.0,0.45,5.90938,3.091,0.950625,0.498,2.15,1.125,13.724005,0.0,0.0,1195.734375,6.255379020748881,0.0,0.0,35.0,21.893826572621084,56.89382657262108,1251781,,,0.5800723060842994,Advisory
312901,6022.0,14745.58762,KAZ,Kazakhstan,Aqmola,3.401295698,0.0,0.63,0.51,6022.0,,,,,,,,,,,,,,,,,,,,,,,,,63.98600150103442,68.02591396,0.0,3.0,46.812,0.317,42.375,0.287,41.75,0.283,30.125,0.204,0.42375,0.287,0.62625,0.4245,0.753125,0.51,3.0246249999999995,0.0,0.0,1221.1875,8.281714714581263,0.0,0.0,35.0,28.98600150103442,63.98600150103442,244669,9100.0,3.719310578781946,0.7560769132720134,Watch
312902,6023.0,19263.50094,KAZ,Kazakhstan,North Kazakhstan,2.734126461,0.0,0.63,0.51,6023.0,,,,,,,,,,,,,,,,,,,,,,,,,53.19178669078372,54.68252921999999,0.0,,182.0,0.945,179.25,0.931,62.875,0.326,49.438,0.257,1.7925,0.931,0.943125,0.489,1.23595,0.6425000000000001,6.034075,0.0,0.0,1001.25,5.197653340223921,0.0,0.0,35.0,18.19178669078372,53.19178669078372,73617,,,0.5636427143628919,Advisory
312903,6024.0,22200.86489,KAZ,Kazakhstan,North Kazakhstan,1.277259973,0.0,0.63,0.51,6024.0,,,,,,,,,,,,,,,,,,,,,,,,,60.641526369150014,25.54519946,0.0,3.0,500.062,2.252,494.812,2.229,161.5,0.727,73.812,0.332,4.94812,2.229,2.4225,1.0905,1.8453,0.8300000000000001,13.36542,0.0,0.0,1626.46875,7.326150391185718,0.0,0.0,35.0,25.64152636915001,60.641526369150014,113043,2161.0,1.911661933954336,0.4187031201656248,Watch
312904,6025.0,41443.46988,KAZ,Kazakhstan,Aqmola,1.327724216,0.0,0.63,0.51,6025.0,,,,,,,,,,,,,,,,,,,,,,,,,52.43295224347917,26.55448432,0.0,,1427.688,3.445,845.25,2.04,114.688,0.277,163.188,0.394,8.4525,2.04,1.72032,0.4155,4.0797,0.985,17.69302,0.0,0.0,2064.234375,4.980843498136904,0.0,0.0,35.0,17.432952243479164,52.43295224347917,77352,,,0.3680552105136439,Advisory
312905,6026.0,31674.08539,KAZ,Kazakhstan,Aqmola,2.494694862,0.0,0.63,0.51,6026.0,,,,,,,,,,,,,,,,,,,,,,,,,51.88791857647586,49.89389724,0.0,,537.062,1.696,346.812,1.095,11.438,0.036,12.062,0.038,3.4681200000000003,1.095,0.17157,0.0539999999999999,0.30155,0.095,5.18524,0.0,0.0,1528.3125,4.825119593278818,0.0,0.0,35.0,16.88791857647586,51.88791857647586,25376,,,0.5139374707742529,Advisory
312906,6027.0,10031.69907,KAZ,Kazakhstan,Pavlodar,0.931246082,0.0,0.63,0.51,6027.0,,,,,,,,,,,,,,,,,,,,,,,,,62.02575388679208,18.62492164,0.0,3.0,83.562,0.833,79.312,0.791,7.375,0.074,8.25,0.082,0.7931199999999999,0.791,0.110625,0.1109999999999999,0.20625,0.205,2.216995,0.0,0.0,887.484375,8.846800217654879,0.0,0.0,31.061953125,30.96380076179208,62.02575388679208,4054,19.0,0.46867291563887514,0.3929957983627811,Watch
312907,6028.0,38114.08701,KAZ,Kazakhstan,Pavlodar,1.023101015,0.0,0.63,0.51,6028.0,,,,,,,,,,,,,,,,,,,,,,,,,45.73114548031399,20.4620203,0.0,,36.25,0.095,33.0,0.087,12.375,0.032,17.688,0.046,0.33,0.087,0.185625,0.048,0.4422,0.1149999999999999,1.207825,0.0,0.0,1168.59375,3.0660415658039977,0.0,0.0,35.0,10.731145480313993,45.73114548031399,156996,,,0.2899759248630285,Advisory
312908,6029.0,16094.73312,KAZ,Kazakhstan,Qaraghandy,1.400867965,0.0,0.63,0.51,6029.0,,,,,,,,,,,,,,,,,,,,,,,,,6.551531247823117,28.0173593,0.0,,6.562,0.041,4.625,0.029,0.562,0.003,0.625,0.004,0.04625,0.029,0.00843,0.0045,0.015625,0.01,0.113805,0.0,0.0,115.453125,0.717334820806605,0.0,0.0,4.040859375,2.5106718728231177,6.551531247823117,3040,,,0.0082711400574184,Information
312909,6030.0,12592.92594,KAZ,Kazakhstan,East-Kazakhstan,2.216334746,0.0,0.63,0.51,6030.0,,,,,,,,,,,,,,,,,,,,,,,,,4.300365513784482,44.32669492,0.0,,7.938,0.063,4.875,0.039,2.688,0.021,2.625,0.021,0.04875,0.039,0.04032,0.0315,0.065625,0.0525,0.2776949999999999,0.0,0.0,68.484375,0.5438321110812805,0.0,0.0,2.396953125,1.9034123887844816,4.300365513784482,3285,,,0.0052215615694843,Information
312938,6049.0,16746.6393,KAZ,Kazakhstan,North Kazakhstan,1.433095601,0.0,0.63,0.51,6049.0,,,,,,,,,,,,,,,,,,,,,,,,,66.52395551922267,28.66191202,0.0,3.0,106.5,0.636,105.375,0.629,17.562,0.105,8.5,0.051,1.05375,0.629,0.26343,0.1575,0.2125,0.1275,2.44368,0.0,0.0,1508.34375,9.006844434063618,0.0,0.0,35.0,31.523955519222664,66.52395551922267,115386,1131.0,0.9801882377411472,0.4721492573576961,Watch
312950,6060.0,28896.63753,KAZ,Kazakhstan,Pavlodar,0.829353004,0.0,0.63,0.51,6060.0,6060.0,0.0,1.0,-9999.0,-9999.0,-9999.0,0.0,10.0,-999.9,-999.9,-999.9,-5979.4,0.0,0.0,0.0,0.0,0.0,0.0,0.0,0.0,0.0,0.0,0.0,-5979.4,70.0,16.58706008,0.0,3.0,209.062,0.723,194.312,0.672,34.062,0.118,17.938,0.062,1.94312,0.672,0.51093,0.177,0.44845,0.155,3.9065,0.0,0.0,5256.28125,18.189940768581,0.0,0.0,35.0,35.0,70.0,871017,43647.0,5.0110388201378395,0.4304187304350098,Watch
312961,6062.0,1390.894706,KAZ,Kazakhstan,East-Kazakhstan,3.086958583,0.0,0.63,0.51,6062.0,,,,,,,,,,,,,,,,,,,,,,,,,11.568473597113238,61.73917166,0.0,,2.188,0.157,1.125,0.081,2.0,0.144,1.562,0.112,0.01125,0.081,0.03,0.2159999999999999,0.03905,0.28,0.6573,0.0,0.0,40.359375,2.9016844206037824,0.0,0.0,1.412578125,10.155895472113238,11.568473597113238,6,,,0.1158203781319757,Information
312964,6065.0,13594.85758,KAZ,Kazakhstan,East-Kazakhstan,3.053045672,0.0,0.63,0.51,6065.0,,,,,,,,,,,,,,,,,,,,,,,,,5.287664929329072,61.06091344,0.0,,2.25,0.017,2.188,0.016,1.25,0.009,1.625,0.012,0.02188,0.016,0.01875,0.0134999999999999,0.040625,0.03,0.140755,0.0,0.0,87.046875,0.6402926583797348,0.0,0.0,3.046640625,2.241024304329072,5.287664929329072,10509,,,0.0229331411123359,Information
312965,6066.0,3784.187153,KAZ,Kazakhstan,East-Kazakhstan,1.887143429,0.0,0.63,0.51,6066.0,,,,,,,,,,,,,,,,,,,,,,,,,3.1912375694382504,37.74286858,0.0,,1.0,0.026,1.0,0.026,1.188,0.031,0.875,0.023,0.01,0.026,0.01782,0.0465,0.021875,0.0574999999999999,0.179695,0.0,0.0,25.03125,0.661469662696643,0.0,0.0,0.87609375,2.3151438194382505,3.1912375694382504,14,,,0.0014848148498366,Information
312966,6067.0,3009.577151,KAZ,Kazakhstan,East-Kazakhstan,1.784447129,0.0,0.63,0.51,6067.0,,,,,,,,,,,,,,,,,,,,,,,,,2.021212079205966,35.68894258,0.0,,0.875,0.029,0.75,0.025,1.0,0.033,1.062,0.035,0.0075,0.025,0.015,0.0495,0.02655,0.0875,0.21105,0.0,0.0,13.359375,0.4438954154874188,0.0,0.0,0.467578125,1.5536339542059658,2.021212079205966,1376,,,0.0002700533807469,Information
312971,6071.0,7595.666026,KAZ,Kazakhstan,East-Kazakhstan,2.206145421,0.0,0.63,0.51,6071.0,,,,,,,,,,,,,,,,,,,,,,,,,20.2266539607366,44.12290842,0.0,,9.938,0.131,3.125,0.041,0.75,0.01,1.562,0.021,0.03125,0.041,0.01125,0.015,0.03905,0.0525,0.19005,0.0,0.0,249.46875,3.284356488781887,0.0,0.0,8.73140625,11.495247710736605,20.2266539607366,336414,,,0.1547782078879724,Information
312972,6072.0,14869.128,KAZ,Kazakhstan,East-Kazakhstan,1.61753967,0.0,0.63,0.51,6072.0,,,,,,,,,,,,,,,,,,,,,,,,,5.4248914427345705,32.3507934,0.0,,3.125,0.021,2.5,0.017,1.688,0.011,2.188,0.015,0.025,0.017,0.02532,0.0165,0.0547,0.0375,0.17602,0.0,0.0,92.671875,0.6232502336384487,0.0,0.0,3.243515625,2.1813758177345703,5.4248914427345705,23722,,,0.0058123347350989,Information
312975,6075.0,15708.55485,KAZ,Kazakhstan,East-Kazakhstan,2.241633787,0.0,0.63,0.51,6075.0,,,,,,,,,,,,,,,,,,,,,,,,,13.20234158263641,44.83267574,0.0,,7.875,0.05,7.375,0.047,1.875,0.012,1.688,0.011,0.07375,0.047,0.028125,0.018,0.0421999999999999,0.0274999999999999,0.2365749999999999,0.0,0.0,230.484375,1.4672538450389747,0.0,0.0,8.066953125,5.135388457636411,13.20234158263641,464969,,,0.0763618647701574,Information
312976,6076.0,15436.06274,KAZ,Kazakhstan,East-Kazakhstan,3.137133581,0.0,0.63,0.51,6076.0,,,,,,,,,,,,,,,,,,,,,,,,,6.082823227342557,62.74267162,0.0,,14.562,0.094,13.625,0.088,1.312,0.009,0.688,0.004,0.13625,0.088,0.01968,0.0134999999999999,0.0171999999999999,0.01,0.28463,0.0,0.0,105.46875,0.6832619935264447,0.0,0.0,3.69140625,2.391416977342556,6.082823227342557,50648,,,0.0349637716625433,Information
312977,6077.0,7792.032939,KAZ,Kazakhstan,East-Kazakhstan,2.93947416,0.0,0.63,0.51,6077.0,,,,,,,,,,,,,,,,,,,,,,,,,21.21814260478542,58.7894832,0.0,,19.875,0.255,19.438,0.249,1.5,0.019,1.188,0.015,0.19438,0.249,0.0225,0.0284999999999999,0.0296999999999999,0.0375,0.56158,0.0,0.0,265.5,3.4073264585101195,0.0,0.0,9.2925,11.925642604785418,21.21814260478542,18591,,,0.2533973570320793,Information
312978,6078.0,5787.236127,KAZ,Kazakhstan,East-Kazakhstan,3.473243248,0.0,0.63,0.51,6078.0,,,,,,,,,,,,,,,,,,,,,,,,,0.8324481097132043,69.46486496,0.0,,3.312,0.057,3.312,0.057,0.938,0.016,0.812,0.014,0.03312,0.057,0.01407,0.024,0.0203,0.035,0.18349,0.0,0.0,8.71875,0.1506548170609155,0.0,0.0,0.30515625,0.5272918597132042,0.8324481097132043,5000,,,0.0001577298595362,Information
312979,6079.0,10571.57545,KAZ,Kazakhstan,East-Kazakhstan,3.008915685,0.0,0.63,0.51,6079.0,,,,,,,,,,,,,,,,,,,,,,,,,21.549685531534013,60.1783137,0.0,,93.625,0.886,76.5,0.724,10.438,0.099,9.75,0.092,0.765,0.724,0.15657,0.1485,0.24375,0.2299999999999999,2.26782,0.0,0.0,316.40625,2.992990509009718,0.0,0.0,11.07421875,10.475466781534012,21.549685531534013,24168,,,0.2695910042307466,Information
312980,6080.0,24295.05799,KAZ,Kazakhstan,East-Kazakhstan,3.488960356,0.0,0.63,0.51,6080.0,,,,,,,,,,,,,,,,,,,,,,,,,13.040926703017178,69.77920712000001,0.0,,26.75,0.11,26.75,0.11,24.5,0.101,23.438,0.096,0.2675,0.11,0.3675,0.1515,0.58595,0.24,1.72245,0.0,0.0,263.953125,1.0864478080049078,0.0,0.0,9.238359375,3.802567328017177,13.040926703017178,20496,,,0.2003315448470461,Information
312991,6082.0,9838.043109,KAZ,Kazakhstan,East-Kazakhstan,3.596276159,0.0,0.63,0.51,6082.0,,,,,,,,,,,,,,,,,,,,,,,,,6.778621611787546,71.92552318,0.0,,9.562,0.097,9.562,0.097,2.625,0.027,3.125,0.032,0.09562,0.097,0.039375,0.0405,0.078125,0.08,0.43062,0.0,0.0,96.046875,0.9762802819392988,0.0,0.0,3.361640625,3.416980986787546,6.778621611787546,18586,,,0.0776457218761014,Information
312992,6083.0,9509.239566,KAZ,Kazakhstan,East-Kazakhstan,3.306248928,0.0,0.63,0.51,6083.0,,,,,,,,,,,,,,,,,,,,,,,,,10.814703164235263,66.12497856,0.0,,6.188,0.065,5.938,0.062,2.938,0.031,2.688,0.028,0.0593799999999999,0.062,0.04407,0.0465,0.0672,0.07,0.34915,0.0,0.0,150.609375,1.583821439781504,0.0,0.0,5.271328125,5.543375039235264,10.814703164235263,65800,,,0.1267745474992805,Information
312993,6084.0,14020.03296,KAZ,Kazakhstan,East-Kazakhstan,3.051386193,0.0,0.63,0.51,6084.0,6084.0,0.0,15.0,-9999.0,-9999.0,-9999.0,0.0,1.0,-999.9,-999.9,-999.9,-5997.4,0.0,0.0,0.0,0.0,0.0,0.0,0.0,0.0,0.0,0.0,0.0,-5997.4,22.565307353533427,61.02772386,0.0,,74.875,0.534,70.375,0.502,7.25,0.052,6.875,0.049,0.70375,0.502,0.10875,0.078,0.171875,0.1225,1.686875,0.0,0.0,376.3125,2.684105672438122,0.0,0.0,13.1709375,9.394369853533426,22.565307353533427,21612,,,0.2923828354709176,Information
461020,9028.0,22274.24798,KAZ,Kazakhstan,South Kazakhstan,1.127395705,0.0,0.63,0.51,9028.0,9028.0,1.0,9.0,33.0,2.0,-9999.0,3.0,2.0,3.3,0.2,-999.9,-1982.8,0.0,0.0,0.0,0.0,0.0,0.0,0.0,0.0,0.0,0.0,0.0,-1982.8,0.1354993656426109,22.5479141,0.0,,,,,,,,,,,,,,,,,0.0,0.0,2.671875,0.0119953544693174,0.0,0.0,0.093515625,0.0419837406426109,0.1354993656426109,409,,,1.087490918593529e-10,Information
461104,9037.0,27094.86298,KAZ,Kazakhstan,Qyzylorda,2.242314401,0.0,0.63,0.51,9037.0,,,,,,,,,,,,,,,,,,,,,,,,,41.81856858200256,44.84628802,0.0,,103.5,0.382,87.062,0.321,7.875,0.029,1.625,0.006,0.87062,0.321,0.118125,0.0435,0.040625,0.015,1.4088699999999998,0.0,0.0,872.71875,3.220974952000732,0.0,0.0,30.54515625,11.273412332002565,41.81856858200256,23435,,,0.3909731430806545,Advisory
461202,9040.0,6768.690255,KAZ,Kazakhstan,Qyzylorda,4.121335516,0.0,0.63,0.51,9040.0,,,,,,,,,,,,,,,,,,,,,,,,,7.974488392094179,82.42671032000001,0.0,,4.938,0.073,4.875,0.072,0.0,0.0,0.0,0.0,0.04875,0.072,0.0,0.0,0.0,0.0,0.12075,0.0,0.0,91.96875,1.3587377548840514,0.0,0.0,3.21890625,4.75558214209418,7.974488392094179,3838,,,0.2147251599781564,Information
461409,9066.0,4610.73028,KAZ,Kazakhstan,Qyzylorda,0.679062609,0.0,0.63,0.51,9066.0,,,,,,,,,,,,,,,,,,,,,,,,,23.30147340885389,13.58125218,0.0,,33.375,0.724,32.5,0.705,6.375,0.138,0.125,0.003,0.325,0.705,0.095625,0.207,0.003125,0.0075,1.3432500000000005,0.0,0.0,210.09375,4.556626331101112,0.0,0.0,7.35328125,15.948192158853892,23.30147340885389,11328,,,0.0949815894984177,Information
462110,9139.0,17601.79482,KAZ,Kazakhstan,Qyzylorda,4.001304817,0.0,0.63,0.51,9139.0,,,,,,,,,,,,,,,,,,,,,,,,,44.934834852869656,80.02609634000001,0.0,3.0,31.812,0.181,28.062,0.159,1.875,0.011,2.5,0.014,0.28062,0.159,0.028125,0.0165,0.0625,0.035,0.5817450000000001,0.0,0.0,818.71875,4.651336743677044,0.0,0.0,28.65515625,16.279678602869655,44.934834852869656,53086,989.0,1.8630147308141505,0.7912559193243948,Watch
462120,9140.0,14821.5905,KAZ,Kazakhstan,Qyzylorda,1.269976307,0.0,0.63,0.51,9140.0,,,,,,,,,,,,,,,,,,,,,,,,,8.407474289829295,25.399526140000003,0.0,,7.25,0.049,7.25,0.049,0.0,0.0,0.0,0.0,0.0725,0.049,0.0,0.0,0.0,0.0,0.1215,0.0,0.0,143.4375,0.9677605113797988,0.0,0.0,5.0203125,3.387161789829296,8.407474289829295,72898,,,0.0145169567943473,Information
462133,9143.0,976.4531653,KAZ,Kazakhstan,Qyzylorda,4.003206008,0.0,0.63,0.51,9143.0,,,,,,,,,,,,,,,,,,,,,,,,,7.801180087887777,80.06412016,0.0,,1.438,0.147,1.438,0.147,0.0,0.0,0.0,0.0,0.0143799999999999,0.147,0.0,0.0,0.0,0.0,0.16138,0.0,0.0,19.828125,2.0306273465393647,0.0,0.0,0.693984375,7.107195712887776,7.801180087887777,30455,,,0.1740589761901497,Information
462134,9144.0,5071.235235,KAZ,Kazakhstan,Qyzylorda,4.002630683,0.0,0.63,0.51,9144.0,,,,,,,,,,,,,,,,,,,,,,,,,52.940234375,80.05261365999999,0.0,3.0,35.812,0.706,28.875,0.569,5.938,0.117,0.625,0.012,0.28875,0.569,0.08907,0.1755,0.015625,0.03,1.167945,0.0,0.0,512.578125,10.107559623852914,0.0,0.0,17.940234375,35.0,52.940234375,12221,32.0,0.2618443662548073,0.8354839966379244,Warning
462135,9145.0,9838.751589,KAZ,Kazakhstan,Qyzylorda,3.691929058,0.0,0.63,0.51,9145.0,,,,,,,,,,,,,,,,,,,,,,,,,40.39236972174395,73.83858116,0.0,3.0,55.188,0.561,49.0,0.498,9.312,0.095,0.375,0.004,0.49,0.498,0.13968,0.1425,0.009375,0.01,1.289555,0.0,0.0,572.34375,5.817239563355415,0.0,0.0,20.03203125,20.36033847174395,40.39236972174395,383972,3138.0,0.817247090933714,0.6679847145849594,Watch
462137,9147.0,12457.27687,KAZ,Kazakhstan,Qyzylorda,3.126703575,0.0,0.63,0.51,9147.0,9147.0,0.0,15.0,-9999.0,-9999.0,-9999.0,0.0,1.0,-999.9,-999.9,-999.9,-5997.4,0.0,0.0,0.0,0.0,0.0,0.0,0.0,0.0,0.0,0.0,0.0,-5997.4,23.752696920643828,62.5340715,0.0,,,,,,,,,,,,,,,,,0.0,0.0,376.453125,3.021953584469665,0.0,0.0,13.175859375,10.576837545643828,23.752696920643828,98653,,,0.3242899630399132,Information
462140,9150.0,14411.4896,KAZ,Kazakhstan,South Kazakhstan,2.320968865,0.0,0.63,0.51,9150.0,9150.0,1.0,6.0,100.0,7.0,-9999.0,3.0,5.0,10.0,0.7,-999.9,-1968.9,0.0,0.0,0.0,0.0,0.0,0.0,0.0,0.0,0.0,0.0,0.0,-1968.9,0.9504315392552994,46.41937730000001,0.0,,,,,,,,,,,,,,,,,0.0,0.0,16.03125,0.111239368358657,0.0,0.0,0.56109375,0.3893377892552995,0.9504315392552994,1735703,,,2.764895945387725e-05,Information
462150,9151.0,9908.510154,KAZ,Kazakhstan,South Kazakhstan,4.026085622,0.0,0.63,0.51,9151.0,,,,,,,,,,,,,,,,,,,,,,,,,57.18922013627885,80.52171244,0.0,3.0,130.188,1.314,43.938,0.443,47.375,0.478,50.625,0.511,0.43938,0.443,0.710625,0.717,1.265625,1.2775,4.85313,0.0,0.0,813.234375,8.207433431793957,0.0,0.0,28.463203125,28.72601701127885,57.18922013627885,84290,5259.0,6.239174279273936,0.8592743937787082,Warning
462306,9194.0,2559.6443,KAZ,Kazakhstan,Aqtöbe,3.130752811,0.0,0.63,0.51,9194.0,,,,,,,,,,,,,,,,,,,,,,,,,6.303312071367055,62.61505622,0.0,,21.375,0.835,19.375,0.757,0.0,0.0,0.062,0.002,0.19375,0.757,0.0,0.0,0.00155,0.005,0.9573,0.0,0.0,36.703125,1.4339150561048726,0.0,0.0,1.284609375,5.018702696367054,6.303312071367055,36077,,,0.0375222042247704,Information
462307,9195.0,3509.609414,KAZ,Kazakhstan,Aqtöbe,0.269052755,0.0,0.63,0.51,9195.0,,,,,,,,,,,,,,,,,,,,,,,,,4.452279793586806,5.381055099999999,0.0,,4.125,0.118,2.062,0.059,0.0,0.0,0.812,0.023,0.02062,0.059,0.0,0.0,0.0203,0.0574999999999999,0.15742,0.0,0.0,33.046875,0.9416111910248016,0.0,0.0,1.156640625,3.295639168586806,4.452279793586806,37,,,0.0011199061340433,Information
462413,9199.0,9155.509756,KAZ,Kazakhstan,Aqtöbe,3.270695848,0.0,0.63,0.51,9199.0,,,,,,,,,,,,,,,,,,,,,,,,,70.0,65.41391696,0.0,3.0,641.75,7.009,502.625,5.49,225.125,2.459,167.812,1.833,5.02625,5.49,3.376875,3.6885,4.1953000000000005,4.5825,26.359425,0.0,0.0,1847.25,20.176375200677256,0.0,0.0,35.0,35.0,70.0,248,0.0,0.0,0.7596085307548708,Watch
462414,9200.0,29554.69298,KAZ,Kazakhstan,Aqtöbe,2.341148523,0.0,0.63,0.51,9200.0,,,,,,,,,,,,,,,,,,,,,,,,,5.987782666633789,46.82297046000001,0.0,,9.25,0.031,7.562,0.026,0.812,0.003,0.812,0.003,0.07562,0.026,0.01218,0.0045,0.0203,0.0075,0.1461,0.0,0.0,127.828125,0.4325137976096541,0.0,0.0,4.473984375,1.513798291633789,5.987782666633789,27437,,,0.0144846016720578,Information
462415,9201.0,3309.137637,KAZ,Kazakhstan,Aqtöbe,3.217880048,0.0,0.63,0.51,9201.0,,,,,,,,,,,,,,,,,,,,,,,,,34.38471931350234,64.35760096,0.0,,72.875,2.202,69.688,2.106,11.125,0.336,11.688,0.353,0.69688,2.106,0.166875,0.504,0.2922,0.8825,4.648455,0.0,0.0,244.265625,7.381549268143525,0.0,0.0,8.549296875,25.83542243850233,34.38471931350234,62,,,0.4856716175241614,Advisory
462416,9202.0,12761.24503,KAZ,Kazakhstan,Aqtöbe,2.850585976,0.0,0.63,0.51,9202.0,,,,,,,,,,,,,,,,,,,,,,,,,21.736228283223703,57.01171952,0.0,,154.75,1.213,146.188,1.146,57.438,0.45,63.875,0.501,1.4618799999999998,1.146,0.8615700000000001,0.675,1.596875,1.2525,6.993824999999999,0.0,0.0,348.1875,2.7284759380639145,0.0,0.0,12.1865625,9.5496657832237,21.736228283223703,446,,,0.2476361826935504,Information
462417,9203.0,8523.141328,KAZ,Kazakhstan,Qostanay,2.307764229,0.0,0.63,0.51,9203.0,,,,,,,,,,,,,,,,,,,,,,,,,51.172507849191895,46.15528458,0.0,,8.688,0.102,8.625,0.101,2.75,0.032,2.625,0.031,0.08625,0.101,0.04125,0.048,0.065625,0.0775,0.419625,0.0,0.0,672.75,7.893216528340541,0.0,0.0,23.54625,27.62625784919189,51.172507849191895,9735,,,0.4797018729057736,Advisory
462418,9204.0,23095.60537,KAZ,Kazakhstan,Qostanay,2.387122941,0.0,0.63,0.51,9204.0,,,,,,,,,,,,,,,,,,,,,,,,,36.91520438580055,47.74245882,0.0,,91.688,0.397,91.688,0.397,126.312,0.547,119.062,0.516,0.91688,0.397,1.89468,0.8205,2.97655,1.29,8.29561,0.0,0.0,736.03125,3.1868887530858703,0.0,0.0,25.76109375,11.154110635800546,36.91520438580055,5181,,,0.3640850625071236,Advisory
462419,9205.0,26088.01068,KAZ,Kazakhstan,Qostanay,1.089365441,0.0,0.63,0.51,9205.0,,,,,,,,,,,,,,,,,,,,,,,,,11.731075673279287,21.78730882,0.0,,2.375,0.009,2.375,0.009,4.25,0.016,3.25,0.012,0.02375,0.009,0.06375,0.024,0.08125,0.03,0.2317499999999999,0.0,0.0,242.296875,0.9287671566512256,0.0,0.0,8.480390625,3.2506850482792893,11.731075673279287,38737,,,0.0289013958560119,Information
462420,9206.0,21222.44157,KAZ,Kazakhstan,Aqtöbe,0.607246219,0.0,0.63,0.51,9206.0,,,,,,,,,,,,,,,,,,,,,,,,,20.296688782405223,12.14492438,0.0,,22.312,0.105,16.5,0.078,0.375,0.002,0.875,0.004,0.165,0.078,0.005625,0.003,0.021875,0.01,0.2835,0.0,0.0,394.171875,1.8573351878300648,0.0,0.0,13.796015625,6.5006731574052266,20.296688782405223,732,,,0.071428975396352,Information
462430,9207.0,4937.254625,KAZ,Kazakhstan,Aqtöbe,3.064901858,0.0,0.63,0.51,9207.0,,,,,,,,,,,,,,,,,,,,,,,,,26.35658297584061,61.29803715999999,0.0,,20.562,0.416,18.5,0.375,14.75,0.299,14.375,0.291,0.185,0.375,0.22125,0.4485,0.359375,0.7274999999999999,2.316625,0.0,0.0,248.90625,5.041389778811603,0.0,0.0,8.71171875,17.64486422584061,26.35658297584061,3386,,,0.3504253936850909,Advisory
462440,9208.0,17027.79414,KAZ,Kazakhstan,Aqtöbe,1.094065407,0.0,0.63,0.51,9208.0,,,,,,,,,,,,,,,,,,,,,,,,,32.14790162696066,21.88130814,0.0,,190.938,1.121,176.25,1.035,201.188,1.182,200.812,1.179,1.7625,1.035,3.01782,1.773,5.020300000000001,2.9475,15.55612,0.0,0.0,578.671875,3.3983960005601896,0.0,0.0,20.253515625,11.894386001960664,32.14790162696066,14697,,,0.1873020655417082,Information
462451,9209.0,16006.44385,KAZ,Kazakhstan,Qaraghandy,3.253003946,0.0,0.63,0.51,9209.0,,,,,,,,,,,,,,,,,,,,,,,,,14.858070146844184,65.06007892000001,0.0,,42.812,0.267,40.562,0.253,71.25,0.445,62.938,0.393,0.40562,0.253,1.06875,0.6675,1.57345,0.9825,4.95082,0.0,0.0,261.28125,1.632350399098338,0.0,0.0,9.14484375,5.713226396844183,14.858070146844184,360,,,0.1962515250303664,Information
462453,9211.0,2314.093326,KAZ,Kazakhstan,Qostanay,2.006643391,0.0,0.63,0.51,9211.0,,,,,,,,,,,,,,,,,,,,,,,,,29.38630674919685,40.13286782,0.0,,0.062,0.003,0.062,0.003,7.188,0.311,4.75,0.205,0.00062,0.003,0.10782,0.4665,0.11875,0.5125,1.20919,0.0,0.0,157.78125,6.818275142627672,0.0,0.0,5.52234375,23.86396299919685,29.38630674919685,0,,,0.2383566146448537,Information
462455,9213.0,10027.0747,KAZ,Kazakhstan,Qaraghandy,0.867498495,0.0,0.63,0.51,9213.0,,,,,,,,,,,,,,,,,,,,,,,,,11.35418147491132,17.349969899999998,0.0,,1.562,0.016,1.562,0.016,3.938,0.039,1.875,0.019,0.01562,0.016,0.05907,0.0584999999999999,0.046875,0.0475,0.2435649999999999,0.0,0.0,162.421875,1.6198330999746633,0.0,0.0,5.684765625,5.669415849911322,11.35418147491132,45,,,0.023570616965596,Information
462512,9217.0,19411.73745,KAZ,Kazakhstan,Qaraghandy,2.484962045,0.0,0.63,0.51,9217.0,,,,,,,,,,,,,,,,,,,,,,,,,8.822092279262456,49.6992409,0.0,,0.125,0.001,0.125,0.001,1.25,0.006,2.188,0.011,0.00125,0.001,0.01875,0.009,0.0547,0.0274999999999999,0.1122,0.0,0.0,166.359375,0.8570040440749875,0.0,0.0,5.822578125,2.9995141542624566,8.822092279262456,140325,,,0.0408627310365782,Information
462514,9219.0,5571.467648,KAZ,Kazakhstan,Qaraghandy,0.569034861,0.0,0.63,0.51,9219.0,,,,,,,,,,,,,,,,,,,,,,,,,2.572362211482845,11.38069722,0.0,,17.438,0.313,8.438,0.151,0.062,0.001,0.312,0.006,0.08438,0.151,0.0009299999999999,0.0015,0.0078,0.015,0.26061,0.0,0.0,26.296875,0.4719918818522415,0.0,0.0,0.920390625,1.6519715864828453,2.572362211482845,2123,,,0.0002004238453632,Information
462515,9220.0,2749.314819,KAZ,Kazakhstan,Qaraghandy,3.431108434,0.0,0.63,0.51,9220.0,,,,,,,,,,,,,,,,,,,,,,,,,3.446433471335764,68.62216868,0.0,,17.688,0.643,11.938,0.434,0.0,0.0,0.0,0.0,0.11938,0.434,0.0,0.0,0.0,0.0,0.55338,0.0,0.0,21.234375,0.7723515275245041,0.0,0.0,0.743203125,2.703230346335764,3.446433471335764,3247,,,0.0135956096454987,Information
462516,9221.0,5903.624202,KAZ,Kazakhstan,Qaraghandy,2.361335561,0.0,0.63,0.51,9221.0,,,,,,,,,,,,,,,,,,,,,,,,,2.01535505119241,47.226711220000006,0.0,,37.562,0.636,29.875,0.506,0.125,0.002,0.188,0.003,0.29875,0.506,0.001875,0.003,0.0046999999999999,0.0075,0.821825,0.0,0.0,21.375,0.3620657289121171,0.0,0.0,0.748125,1.2672300511924095,2.01535505119241,94,,,0.0005469151577631,Information
462518,9223.0,3941.566402,KAZ,Kazakhstan,Qaraghandy,1.882851525,0.0,0.63,0.51,9223.0,,,,,,,,,,,,,,,,,,,,,,,,,1.441495,37.6570305,0.0,,69.875,1.773,39.562,1.004,0.375,0.01,0.25,0.006,0.3956199999999999,1.004,0.005625,0.015,0.00625,0.015,1.441495,0.0,0.0,4.359375,0.1106000649315875,0.0,0.0,0.152578125,0.3871002272605562,0.5396783522605563,66,,,8.26203786015137e-05,Information
462519,9224.0,15079.77566,KAZ,Kazakhstan,Qaraghandy,2.966490753,0.0,0.63,0.51,9224.0,,,,,,,,,,,,,,,,,,,,,,,,,6.85557,59.32981506,0.0,,908.25,6.023,401.375,2.662,7.188,0.048,0.0,0.0,4.01375,2.662,0.10782,0.072,0.0,0.0,6.85557,0.0,0.0,34.875,0.2312700188064778,0.0,0.0,1.220625,0.8094450658226723,2.0300700658226725,30607,,,0.0375024966138567,Information
462614,9233.0,8626.093245,KAZ,Kazakhstan,Zhambyl,3.304717354,0.0,0.63,0.51,9233.0,,,,,,,,,,,,,,,,,,,,,,,,,3.082025318386594,66.09434708,0.0,,52.0,0.603,4.75,0.055,0.0,0.0,0.0,0.0,0.0475,0.055,0.0,0.0,0.0,0.0,0.1025,0.0,0.0,40.78125,0.4727661623961698,0.0,0.0,1.42734375,1.6546815683865943,3.082025318386594,6193,,,0.0082425495997294,Information
463001,9255.0,2437.078551,KAZ,Kazakhstan,Almaty,4.012244081,0.0,0.63,0.51,9255.0,,,,,,,,,,,,,,,,,,,,,,,,,16.627900580864036,80.24488162,0.0,,3.562,0.146,3.562,0.146,1.938,0.08,1.375,0.056,0.03562,0.146,0.02907,0.12,0.034375,0.14,0.505065,0.0,0.0,93.09375,3.819891237389725,0.0,0.0,3.25828125,13.369619330864037,16.627900580864036,6149,,,0.4315888247009889,Advisory
463002,9256.0,26297.15241,KAZ,Kazakhstan,East-Kazakhstan,2.264471134,0.0,0.63,0.51,9256.0,,,,,,,,,,,,,,,,,,,,,,,,,50.630049020415214,45.28942268,0.0,,17.625,0.067,16.75,0.064,5.312,0.02,3.938,0.015,0.1675,0.064,0.07968,0.03,0.09845,0.0375,0.47713,0.0,0.0,1174.359375,4.465728291547204,0.0,0.0,35.0,15.630049020415212,50.630049020415214,97666,,,0.469108199772122,Advisory
463271,9272.0,632.6653013,KAZ,Kazakhstan,Qaraghandy,4.045120183,0.0,0.63,0.51,9272.0,,,,,,,,,,,,,,,,,,,,,,,,,37.337890625,80.90240366,0.0,3.0,1.562,0.247,0.312,0.049,1.75,0.277,1.0,0.158,0.00312,0.049,0.02625,0.4155,0.025,0.395,0.91387,0.0,0.0,66.796875,10.558011457326437,0.0,0.0,2.337890625,35.0,37.337890625,176,131.0,74.43181818181817,0.748713292820335,Watch
463400,9284.0,19015.40717,KAZ,Kazakhstan,Qaraghandy,2.378467882,0.0,0.63,0.51,9284.0,,,,,,,,,,,,,,,,,,,,,,,,,3.251932454147659,47.56935763999999,0.0,,164.5,0.865,127.75,0.672,0.5,0.003,0.5,0.003,1.2775,0.672,0.0075,0.0045,0.0125,0.0075,1.9815,0.0,0.0,60.890625,0.3202173083279026,0.0,0.0,2.131171875,1.120760579147659,3.251932454147659,7608,,,0.0027159220012844,Information
463602,9287.0,12084.19642,KAZ,Kazakhstan,Qaraghandy,3.941459296,0.0,0.63,0.51,9287.0,,,,,,,,,,,,,,,,,,,,,,,,,5.405910821989657,78.82918592,0.0,,22.125,0.183,9.062,0.075,0.125,0.001,0.062,0.001,0.0906199999999999,0.075,0.001875,0.0015,0.00155,0.0025,0.1730449999999999,0.0,0.0,84.515625,0.699389699139902,0.0,0.0,2.958046875,2.4478639469896573,5.405910821989657,13699,,,0.0861060049850459,Information
463603,9288.0,644.4428727,KAZ,Kazakhstan,Zhambyl,4.017234916,0.0,0.63,0.51,9288.0,,,,,,,,,,,,,,,,,,,,,,,,,21.62473166076781,80.34469831999999,0.0,,0.75,0.116,0.75,0.116,0.0,0.0,0.0,0.0,0.0075,0.116,0.0,0.0,0.0,0.0,0.1235,0.0,0.0,37.40625,5.804432260219375,0.0,0.0,1.30921875,20.31551291076781,21.62473166076781,1137,,,0.5380373966417805,Advisory
463604,9289.0,7029.67574,KAZ,Kazakhstan,Zhambyl,2.166743869,0.0,0.63,0.51,9289.0,,,,,,,,,,,,,,,,,,,,,,,,,10.599940484023607,43.33487738,0.0,,3.938,0.056,3.938,0.056,0.312,0.004,0.375,0.005,0.03938,0.056,0.00468,0.006,0.009375,0.0125,0.127935,0.0,0.0,125.015625,1.778398174006745,0.0,0.0,4.375546875,6.224393609023608,10.599940484023607,488,,,0.0468386933018836,Information
463605,9290.0,2464.750042,KAZ,Kazakhstan,Zhambyl,4.10141477,0.0,0.63,0.51,9290.0,,,,,,,,,,,,,,,,,,,,,,,,,23.845519042996376,82.02829539999999,0.0,3.0,2.188,0.089,1.375,0.056,0.438,0.018,0.812,0.033,0.01375,0.056,0.00657,0.0269999999999999,0.0203,0.0825,0.20612,0.0,0.0,134.71875,5.465817940856107,0.0,0.0,4.71515625,19.130362792996376,23.845519042996376,1446,884.0,61.13416320885201,0.6113340659551983,Watch
463700,9295.0,12624.01445,KAZ,Kazakhstan,Almaty,3.218229611,0.0,0.63,0.51,9295.0,,,,,,,,,,,,,,,,,,,,,,,,,53.64746217219121,64.36459221999999,0.0,3.0,0.5,0.004,0.062,0.0,0.938,0.007,3.375,0.027,0.00062,0.0,0.01407,0.0105,0.084375,0.0675,0.177065,0.0,0.0,855.28125,6.775033834911774,0.0,0.0,29.93484375,23.71261842219121,53.64746217219121,14751,51.0,0.3457392719137686,0.6587648146193363,Watch
291469,5112.0,15877.75128,AFG,Afghanistan,Ghazni,3.911809627,0.0,0.3,0.97,5112.0,5112.0,1.0,1.0,100.0,-9999.0,-9999.0,3.0,10.0,10.0,-999.9,-999.9,-3953.6,0.0,0.0,0.0,0.0,0.0,0.0,0.0,0.0,0.0,0.0,0.0,-3953.6,2.6792583102441965,78.23619253999999,0.0,,,,,,,,,,,,,,,,,0.0,0.0,46.96875,0.2958148743554847,0.0,0.0,1.64390625,1.0353520602441963,2.6792583102441965,487203,,,0.0180984621199728,Information
291501,5124.0,28164.40745,AFG,Afghanistan,Nimroz,0.214020918,0.0,0.3,0.97,5124.0,,,,,,,,,,,,,,,,,,,,,,,,,11.779,4.2804183600000005,0.0,,243.312,0.864,185.938,0.66,191.688,0.681,158.312,0.562,1.85938,0.66,2.87532,1.0215,3.9578,1.4050000000000002,11.779,0.0,0.0,18.28125,0.064909052438272,0.0,0.0,0.63984375,0.227181683533952,0.867025433533952,612091,,,0.0180808472334604,Information
291705,5135.0,99.00599752,AFG,Afghanistan,Farah,0.645183548,0.0,0.3,0.97,5135.0,,,,,,,,,,,,,,,,,,,,,,,,,34.139457755406944,12.90367096,0.0,,0.188,0.189,0.188,0.189,0.0,0.0,0.0,0.0,0.00188,0.189,0.0,0.0,0.0,0.0,0.19088,0.0,0.0,9.5625,9.658505787259127,0.0,0.0,0.3346875,33.80477025540694,34.139457755406944,0,,,0.1744922356891118,Information
456603,8973.0,5468.14399,AFG,Afghanistan,Nangarhar,2.496230904,0.0,0.3,0.97,8973.0,8973.0,0.0,6.0,-9999.0,-9999.0,-9999.0,0.0,5.0,-999.9,-999.9,-999.9,-5989.4,0.0,0.0,0.0,0.0,0.0,0.0,0.0,0.0,0.0,0.0,0.0,-5989.4,8.882792609977116,49.92461808,0.0,,,,,,,,,,,,,,,,,0.0,0.0,89.71875,1.6407532457077476,0.0,0.0,3.14015625,5.742636359977117,8.882792609977116,1663705,,,0.0418675561908753,Information
456604,8974.0,37999.90621,AFG,Afghanistan,Kabul,4.08420071,0.0,0.3,0.97,8974.0,8974.0,1.0,5.0,100.0,-9999.0,-9999.0,3.0,6.0,10.0,-999.9,-999.9,-3707.875,0.0,0.0,0.0,0.0,0.0,0.0,0.0,0.0,0.0,0.0,0.0,-3707.875,17.24004175975566,81.68401420000001,0.0,,,,,,,,,,,,,,,,,0.0,0.0,389.953125,1.0261949670730457,0.0,0.0,13.648359375,3.59168238475566,17.24004175975566,8537464,,,0.4758629657853198,Advisory
461740,9090.0,24395.2382,AFG,Afghanistan,Balkh,4.078000156,0.0,0.3,0.97,9090.0,9090.0,1.0,4.0,100.0,-9999.0,-9999.0,3.0,7.0,10.0,-999.9,-999.9,-3959.6,0.0,0.0,0.0,0.0,0.0,0.0,0.0,0.0,0.0,0.0,0.0,-3959.6,1.7487365170315097,81.56000312,0.0,,,,,,,,,,,,,,,,,0.0,0.0,35.4375,0.1452640048661456,0.0,0.0,1.2403125,0.5084240170315096,1.7487365170315097,951018,,,0.0092456998250715,Information
461779,9101.0,729.4359928,AFG,Afghanistan,Kunduz,4.034760957,0.0,0.3,0.97,9101.0,,,,,,,,,,,,,,,,,,,,,,,,,11.873100177233244,80.69521913999999,0.0,,0.0,0.0,0.0,0.0,0.812,0.111,0.0,0.0,0.0,0.0,0.01218,0.1665,0.0,0.0,0.17868,0.0,0.0,23.0625,3.161689336352356,0.0,0.0,0.8071875,11.065912677233245,11.873100177233244,17157,,,0.3134561356346389,Information
461910,9122.0,4352.24413,AFG,Afghanistan,Kunduz,3.331732121,0.0,0.3,0.97,9122.0,,,,,,,,,,,,,,,,,,,,,,,,,24.459658935849443,66.63464242,0.0,,0.0,0.0,0.0,0.0,7.312,0.168,0.0,0.0,0.0,0.0,0.10968,0.252,0.0,0.0,0.36168,0.0,0.0,211.921875,4.86925523167127,0.0,0.0,7.417265625,17.042393310849445,24.459658935849443,609419,,,0.3780930496196291,Advisory
281080,4667.0,16878.67811,IRN,Iran,Razavi Khorasan,0.133017412,0.0,0.54,0.64,4667.0,,,,,,,,,,,,,,,,,,,,,,,,,2.1632620786320342,2.6603482400000003,0.0,,122.875,0.728,46.188,0.274,0.0,0.0,0.0,0.0,0.46188,0.274,0.0,0.0,0.0,0.0,0.7358800000000001,0.0,0.0,38.8125,0.2299498796091526,0.0,0.0,1.3584375,0.8048245786320342,2.1632620786320342,3721494,,,7.044826681096209e-05,Information
281100,4677.0,3154.70805,IRN,Iran,Golestan,1.805717992,0.0,0.54,0.64,4677.0,,,,,,,,,,,,,,,,,,,,,,,,,25.367115746205577,36.11435984,0.0,,70.312,2.229,44.812,1.42,0.0,0.0,0.25,0.008,0.4481199999999999,1.42,0.0,0.0,0.00625,0.02,1.89437,0.0,0.0,173.8125,5.5096223560587365,0.0,0.0,6.0834375,19.28367824620558,25.367115746205577,933837,,,0.177836647344419,Information
281200,4678.0,11614.98122,IRN,Iran,Golestan,2.048895779,0.0,0.54,0.64,4678.0,,,,,,,,,,,,,,,,,,,,,,,,,6.2741876252821385,40.97791558,0.0,,69.688,0.6,41.312,0.356,0.688,0.006,3.625,0.031,0.41312,0.356,0.01032,0.009,0.090625,0.0775,0.956565,0.0,0.0,96.328125,0.8293437857948966,0.0,0.0,3.371484375,2.9027032502821384,6.2741876252821385,1142271,,,0.0124978986710652,Information
281300,4679.0,1609.297895,IRN,Iran,Golestan,4.088941697,0.0,0.54,0.64,4679.0,,,,,,,,,,,,,,,,,,,,,,,,,4.722279985693448,81.77883394,0.0,,28.875,1.794,10.562,0.656,0.0,0.0,0.125,0.008,0.1056199999999999,0.656,0.0,0.0,0.003125,0.02,0.784745,0.0,0.0,18.703125,1.162191603055271,0.0,0.0,0.654609375,4.067670610693448,4.722279985693448,7506,,,0.0884611434209102,Information
281403,4682.0,5966.151884,IRN,Iran,Golestan,4.01729694,0.0,0.54,0.64,4682.0,,,,,,,,,,,,,,,,,,,,,,,,,4.109520250832716,80.3459388,0.0,,20.5,0.344,15.062,0.252,0.25,0.004,0.438,0.007,0.15062,0.252,0.00375,0.006,0.01095,0.0175,0.44082,0.0,0.0,43.875,0.7353986430950618,0.0,0.0,1.535625,2.573895250832716,4.109520250832716,72469,,,0.0587940691735194,Information
284001,4986.0,85.16894097,IRN,Iran,East Azarbaijan,0.271020283,0.0,0.54,0.64,4986.0,,,,,,,,,,,,,,,,,,,,,,,,,9.4347,5.420405659999999,0.0,,2.5,2.935,2.5,2.935,2.5,2.935,0.688,0.807,0.025,2.935,0.0375,4.4025,0.0171999999999999,2.0175,9.4347,0.0,0.0,0.140625,0.1651130076363507,0.0,0.0,0.004921875,0.5778955267272274,0.5828174017272274,41,,,0.0105819603904421,Information
284002,4987.0,2776.928387,IRN,Iran,West Azarbajjan,1.929907802,0.0,0.54,0.64,4987.0,,,,,,,,,,,,,,,,,,,,,,,,,0.60244,38.59815604,0.0,,6.062,0.218,6.062,0.218,4.688,0.169,0.0,0.0,0.06062,0.218,0.07032,0.2535,0.0,0.0,0.60244,,,,,,,,,,584358,,,1.880170380063672e-06,Information
284004,4988.0,19131.87314,IRN,Iran,East Azarbaijan,1.08864741,0.0,0.54,0.64,4988.0,,,,,,,,,,,,,,,,,,,,,,,,,3.057747786908599,21.7729482,0.0,,68.0,0.355,62.875,0.329,8.312,0.043,0.188,0.001,0.62875,0.329,0.12468,0.0645,0.0046999999999999,0.0025,1.15413,0.0,0.0,57.375,0.2998922248310283,0.0,0.0,2.008125,1.049622786908599,3.057747786908599,2761959,,,0.0005936015453948,Information
284006,4990.0,11189.57335,IRN,Iran,West Azarbajjan,2.430175891,0.0,0.54,0.64,4990.0,,,,,,,,,,,,,,,,,,,,,,,,,12.638599567493085,48.60351782000001,0.0,,51.375,0.459,51.375,0.459,34.375,0.307,5.688,0.051,0.51375,0.459,0.515625,0.4605,0.1422,0.1275,2.218575,0.0,0.0,190.6875,1.7041534478551674,0.0,0.0,6.6740625,5.964537067493086,12.638599567493085,1301501,,,0.0803361344989416,Information
284007,4991.0,14859.26279,IRN,Iran,West Azarbajjan,2.850063375,0.0,0.54,0.64,4991.0,,,,,,,,,,,,,,,,,,,,,,,,,8.061284591595083,57.0012675,0.0,,38.188,0.257,35.625,0.24,35.625,0.24,9.875,0.066,0.35625,0.24,0.534375,0.36,0.246875,0.165,1.9025,0.0,0.0,137.671875,0.9265054190271668,0.0,0.0,4.818515625,3.242768966595084,8.061284591595083,693561,,,0.0470556982863572,Information
284008,4992.0,4272.595671,IRN,Iran,East Azarbaijan,3.213951472,0.0,0.54,0.64,4992.0,,,,,,,,,,,,,,,,,,,,,,,,,5.324755000000001,64.27902944,0.0,,52.188,1.221,48.438,1.134,37.5,0.878,21.875,0.512,0.48438,1.134,0.5625,1.317,0.546875,1.28,5.324755000000001,0.0,0.0,31.359375,0.733965425630571,0.0,0.0,1.097578125,2.5688789897069984,3.6664571147069984,557724,,,0.0284960614412916,Information
284644,5036.0,9307.78362,IRN,Iran,West Azarbajjan,1.071161719,0.0,0.54,0.64,5036.0,,,,,,,,,,,,,,,,,,,,,,,,,0.66075,21.42323438,0.0,,54.562,0.586,30.75,0.33,0.75,0.008,0.0,0.0,0.3075,0.33,0.01125,0.012,0.0,0.0,0.66075,0.0,0.0,5.34375,0.0574116268502446,0.0,0.0,0.18703125,0.2009406939758561,0.3879719439758561,641781,,,8.83233010253916e-07,Information
284645,5037.0,18523.29966,IRN,Iran,West Azarbajjan,2.656708648,0.0,0.54,0.64,5037.0,,,,,,,,,,,,,,,,,,,,,,,,,17.878864488387112,53.13417296,0.0,,59.25,0.32,47.062,0.254,2.938,0.016,0.188,0.001,0.47062,0.254,0.04407,0.024,0.0046999999999999,0.0025,0.7998900000000001,0.0,0.0,331.734375,1.790903246682032,0.0,0.0,11.610703125,6.2681613633871125,17.878864488387112,1018490,,,0.1676058214201135,Information
284805,5052.0,1555.583954,IRN,Iran,East Azarbaijan,1.730934157,0.0,0.54,0.64,5052.0,,,,,,,,,,,,,,,,,,,,,,,,,0.4753049908535673,34.61868314,0.0,,0.812,0.052,0.812,0.052,0.438,0.028,0.0,0.0,0.00812,0.052,0.00657,0.042,0.0,0.0,0.10869,0.0,0.0,1.828125,0.1175201759581621,0.0,0.0,0.063984375,0.4113206158535673,0.4753049908535673,14760,,,4.238880174165297e-07,Information
284806,5053.0,4715.298031,IRN,Iran,Zanjan,0.032879879,0.0,0.54,0.64,5053.0,,,,,,,,,,,,,,,,,,,,,,,,,0.39425,0.65759758,0.0,,13.562,0.288,12.625,0.268,0.0,0.0,0.0,0.0,0.12625,0.268,0.0,0.0,0.0,0.0,0.39425,0.0,0.0,2.109375,0.0447347121240688,0.0,0.0,0.073828125,0.1565714924342408,0.2303996174342407,564372,,,1.6071657709684692e-08,Information
284900,5057.0,28028.06148,IRN,Iran,Mazandaran,4.024197232,0.0,0.54,0.64,5057.0,,,,,,,,,,,,,,,,,,,,,,,,,67.89437714842987,80.48394463999999,0.0,3.0,25.875,0.092,17.312,0.062,0.0,0.0,0.125,0.0,0.17312,0.062,0.0,0.0,0.003125,0.0,0.238245,0.0,0.0,2634.1875,9.39839347097996,0.0,0.0,35.0,32.89437714842986,67.89437714842987,3507953,337776.0,9.628863328556568,0.8937491276419887,Warning
291704,5134.0,5909.18355,IRN,Iran,South Khorasan,4.030288134,0.0,0.54,0.64,5134.0,,,,,,,,,,,,,,,,,,,,,,,,,18.723763803926666,80.60576268,0.0,,26.312,0.445,23.375,0.396,3.875,0.066,0.25,0.004,0.23375,0.396,0.058125,0.099,0.00625,0.01,0.803125,0.0,0.0,198.703125,3.3626155511219045,0.0,0.0,6.954609375,11.769154428926663,18.723763803926666,26125,,,0.4859671211066481,Advisory
291706,5136.0,2625.442991,IRN,Iran,Sistan and Baluchestan,0.333981401,0.0,0.54,0.64,5136.0,,,,,,,,,,,,,,,,,,,,,,,,,7.053275970371466,6.67962802,0.0,,3.938,0.15,3.312,0.126,0.438,0.017,0.0,0.0,0.03312,0.126,0.00657,0.0255,0.0,0.0,0.1911899999999999,0.0,0.0,41.90625,1.5961592058204188,0.0,0.0,1.46671875,5.586557220371466,7.053275970371466,234591,,,0.0049037108265084,Information
291800,5140.0,13340.53017,IRN,Iran,South Khorasan,2.987405815,0.0,0.54,0.64,5140.0,,,,,,,,,,,,,,,,,,,,,,,,,0.55612,59.74811629999999,0.0,,87.688,0.657,31.812,0.238,0.0,0.0,0.0,0.0,0.31812,0.238,0.0,0.0,0.0,0.0,0.55612,0.0,0.0,2.53125,0.0189741334757977,0.0,0.0,0.08859375,0.0664094671652919,0.1550032171652919,81135,,,9.264047587827494e-06,Information
291901,5141.0,27858.3821,IRN,Iran,Razavi Khorasan,1.13573149,0.0,0.54,0.64,5141.0,,,,,,,,,,,,,,,,,,,,,,,,,4.146946463280834,22.7146298,0.0,,132.812,0.477,34.062,0.122,0.188,0.001,0.0,0.0,0.34062,0.122,0.00282,0.0015,0.0,0.0,0.4669399999999999,0.0,0.0,87.1875,0.3129668466516669,0.0,0.0,3.0515625,1.0953839632808342,4.146946463280834,312252,,,0.0017215484533116,Information
292238,5171.0,9040.191571,IRN,Iran,Yazd,0.571695181,0.0,0.54,0.64,5171.0,,,,,,,,,,,,,,,,,,,,,,,,,0.40712,11.43390362,0.0,,68.062,0.753,19.312,0.214,0.0,0.0,0.0,0.0,0.19312,0.214,0.0,0.0,0.0,0.0,0.40712,,,,,,,,,,7893,,,3.67503360641651e-08,Information
292307,5183.0,5098.254627,IRN,Iran,Razavi Khorasan,0.256105531,0.0,0.54,0.64,5183.0,,,,,,,,,,,,,,,,,,,,,,,,,0.637,5.12211062,0.0,,49.562,0.972,21.5,0.422,0.0,0.0,0.0,0.0,0.215,0.422,0.0,0.0,0.0,0.0,0.637,,,,,,,,,,49212,,,2.813818641768575e-07,Information
292308,5184.0,1484.675271,IRN,Iran,Razavi Khorasan,0.020276482,0.0,0.54,0.64,5184.0,,,,,,,,,,,,,,,,,,,,,,,,,0.6236200000000001,0.4055296399999999,0.0,,11.062,0.745,8.062,0.543,0.0,0.0,0.0,0.0,0.08062,0.543,0.0,0.0,0.0,0.0,0.6236200000000001,0.0,0.0,1.125,0.0757741455165329,0.0,0.0,0.039375,0.2652095093078651,0.3045845093078651,130980,,,1.9546639685802947e-07,Information
292404,5189.0,17207.77762,IRN,Iran,Yazd,9.17e-06,0.0,0.54,0.64,5189.0,,,,,,,,,,,,,,,,,,,,,,,,,6.451391455625662,0.0001834,0.0,,51.125,0.297,32.938,0.191,0.0,0.0,0.0,0.0,0.32938,0.191,0.0,0.0,0.0,0.0,0.5203800000000001,0.0,0.0,116.578125,0.677473451607332,0.0,0.0,4.080234375,2.371157080625662,6.451391455625662,97120,,,0.0030638138789053,Information
292407,5192.0,2504.322023,IRN,Iran,Semnan,0.568574328,0.0,0.54,0.64,5192.0,,,,,,,,,,,,,,,,,,,,,,,,,0.8328800000000001,11.37148656,0.0,,17.5,0.699,16.688,0.666,0.0,0.0,0.0,0.0,0.16688,0.666,0.0,0.0,0.0,0.0,0.8328800000000001,,,,,,,,,,226,,,1.525774348488132e-06,Information
292409,5194.0,23780.05661,IRN,Iran,Razavi Khorasan,0.262297486,0.0,0.54,0.64,5194.0,,,,,,,,,,,,,,,,,,,,,,,,,1.097684978707783,5.2459497200000005,0.0,,103.562,0.436,22.625,0.095,0.0,0.0,0.0,0.0,0.22625,0.095,0.0,0.0,0.0,0.0,0.32125,0.0,0.0,22.078125,0.0928430296307951,0.0,0.0,0.772734375,0.3249506037077828,1.097684978707783,703545,,,4.134829018371834e-06,Information
292564,5203.0,6561.831588,IRN,Iran,Semnan,0.63899484,0.0,0.54,0.64,5203.0,,,,,,,,,,,,,,,,,,,,,,,,,0.10588,12.7798968,0.0,,10.375,0.158,4.188,0.064,0.0,0.0,0.0,0.0,0.04188,0.064,0.0,0.0,0.0,0.0,0.10588,,,,,,,,,,259842,,,9.475565703671131e-12,Information
292602,5212.0,8457.228327,IRN,Iran,Tehran,0.513044037,0.0,0.54,0.64,5212.0,,,,,,,,,,,,,,,,,,,,,,,,,5.897138846395554,10.26088074,0.0,,37.75,0.446,23.688,0.28,0.0,0.0,0.0,0.0,0.2368799999999999,0.28,0.0,0.0,0.0,0.0,0.51688,0.0,0.0,77.203125,0.9128655632558724,0.0,0.0,2.702109375,3.1950294713955536,5.897138846395554,13122950,,,0.0032400949339119,Information
292606,5216.0,23628.31629,IRN,Iran,Qazvin,0.531848053,0.0,0.54,0.64,5216.0,,,,,,,,,,,,,,,,,,,,,,,,,0.96288,10.63696106,0.0,,94.938,0.402,67.688,0.286,0.0,0.0,0.0,0.0,0.67688,0.286,0.0,0.0,0.0,0.0,0.96288,0.0,0.0,10.6875,0.0452317459573044,0.0,0.0,0.3740625,0.1583111108505654,0.5323736108505654,3955379,,,2.941744151799069e-06,Information
292608,5218.0,14023.5441,IRN,Iran,Markazi,4.013499653,0.0,0.54,0.64,5218.0,,,,,,,,,,,,,,,,,,,,,,,,,8.010017742114464,80.26999306,0.0,,43.812,0.312,12.875,0.092,0.0,0.0,0.0,0.0,0.12875,0.092,0.0,0.0,0.0,0.0,0.22075,0.0,0.0,133.59375,0.9526389977469896,0.0,0.0,4.67578125,3.334236492114464,8.010017742114464,1219005,,,0.183675165847937,Information
292609,5219.0,24085.78118,IRN,Iran,Markazi,1.045273381,0.0,0.54,0.64,5219.0,,,,,,,,,,,,,,,,,,,,,,,,,2.096571078541008,20.90546762,0.0,,15.75,0.065,4.5,0.019,2.562,0.011,0.125,0.001,0.045,0.019,0.03843,0.0165,0.003125,0.0025,0.124555,0.0,0.0,42.328125,0.1757390581545737,0.0,0.0,1.481484375,0.6150867035410079,2.096571078541008,1860342,,,0.0001415237540912,Information
293501,5254.0,92.61822756,IRN,Iran,Sistan and Baluchestan,4.233448287,0.0,0.54,0.64,5254.0,,,,,,,,,,,,,,,,,,,,,,,,,35.634921875,84.66896574,0.0,3.0,0.938,1.012,0.312,0.337,0.188,0.202,0.0,0.0,0.00312,0.337,0.00282,0.303,0.0,0.0,0.6459400000000001,0.0,0.0,18.140625,19.58645234163356,0.0,0.0,0.634921875,35.0,35.634921875,0,0.0,0.0,0.8005107387413053,Warning
293503,5256.0,10912.21465,IRN,Iran,Sistan and Baluchestan,4.008113538,0.0,0.54,0.64,5256.0,,,,,,,,,,,,,,,,,,,,,,,,,7.923133866673289,80.16227076,0.0,,19.438,0.178,15.625,0.143,10.0,0.092,9.125,0.084,0.15625,0.143,0.15,0.138,0.228125,0.21,1.025375,0.0,0.0,118.125,1.0825025333352252,0.0,0.0,4.134375,3.788758866673288,7.923133866673289,470951,,,0.1793620990594869,Information
293505,5258.0,12275.40376,IRN,Iran,Hormozgan,3.556395332,2.062177995,0.54,0.64,5258.0,,,,,,,,,,,,,,,,,,,,,,,,,8.207972452307136,71.12790664,41.2435599,,18.375,0.15,10.5,0.086,0.625,0.005,0.125,0.001,0.105,0.086,0.009375,0.0075,0.003125,0.0025,0.2135,0.0,0.0,129.234375,1.0527912363734673,0.0,0.0,4.523203125,3.684769327307136,8.207972452307136,11737,,,0.1042375521141445,Information
293507,5260.0,9671.501343,IRN,Iran,Hormozgan,4.001618613,2.266585359,0.54,0.64,5260.0,,,,,,,,,,,,,,,,,,,,,,,,,12.493633895378892,80.03237225999999,45.33170718,,17.125,0.177,15.438,0.16,0.312,0.003,0.0,0.0,0.15438,0.16,0.00468,0.0045,0.0,0.0,0.32356,0.0,0.0,175.5,1.8146096843939687,0.0,0.0,6.1425,6.351133895378891,12.493633895378892,95095,,,0.3195730160750413,Information
293700,5272.0,21364.9975,IRN,Iran,Hormozgan,4.011617621,2.33933913,0.54,0.64,5272.0,,,,,,,,,,,,,,,,,,,,,,,,,46.135357716509134,80.23235242,46.7867826,3.0,79.812,0.374,58.375,0.273,16.938,0.079,28.375,0.133,0.58375,0.273,0.2540699999999999,0.1185,0.709375,0.3325,2.271195,0.0,0.0,897.890625,4.202624526145467,0.0,0.0,31.426171875,14.709185841509134,46.135357716509134,1155687,32451.0,2.8079402121854793,0.8016509476439001,Warning
293800,5273.0,7372.893694,IRN,Iran,Fars,3.508849257,0.0,0.54,0.64,5273.0,,,,,,,,,,,,,,,,,,,,,,,,,5.207282161019435,70.17698514,0.0,,2.438,0.033,2.438,0.033,1.562,0.021,7.688,0.104,0.02438,0.033,0.02343,0.0315,0.1921999999999999,0.26,0.56451,0.0,0.0,63.140625,0.8563886531484102,0.0,0.0,2.209921875,2.997360286019436,5.207282161019435,162286,,,0.0404730865850443,Information
293905,5287.0,6906.628499,IRN,Iran,Bushehr,4.00305825,2.473894952,0.54,0.64,5287.0,,,,,,,,,,,,,,,,,,,,,,,,,6.903607869773181,80.06116499999999,49.47789904,,4.438,0.064,4.438,0.064,0.0,0.0,0.0,0.0,0.0443799999999999,0.064,0.0,0.0,0.0,0.0,0.10838,0.0,0.0,80.578125,1.166678141363766,0.0,0.0,2.820234375,4.083373494773181,6.903607869773181,210556,,,0.1444301366535996,Information
293906,5288.0,14523.07569,IRN,Iran,Kohgiluyeh and Buyer Ahmad,2.010996799,0.0,0.54,0.64,5288.0,,,,,,,,,,,,,,,,,,,,,,,,,10.189136674962754,40.21993598,0.0,,0.312,0.002,0.312,0.002,1.562,0.011,1.438,0.01,0.00312,0.002,0.02343,0.0165,0.0359499999999999,0.025,0.1059999999999999,0.0,0.0,172.40625,1.187119407132215,0.0,0.0,6.03421875,4.154917924962753,10.189136674962754,441671,,,0.0384177331713827,Information
293909,5291.0,3121.90462,IRN,Iran,Khuzestan,0.117579137,2.640406771,0.54,0.64,5291.0,,,,,,,,,,,,,,,,,,,,,,,,,70.0,2.35158274,52.80813542,3.0,4.312,0.138,2.812,0.09,0.062,0.002,4.062,0.13,0.02812,0.09,0.0009299999999999,0.003,0.10155,0.325,0.5486,0.0,0.0,1409.34375,45.143715825918754,0.0,0.0,35.0,35.0,70.0,180847,7424.0,4.105127538748224,0.6533105200456024,Watch
294401,5304.0,11783.75802,IRN,Iran,Khuzestan,4.014574499,0.0,0.54,0.64,5304.0,,,,,,,,,,,,,,,,,,,,,,,,,46.64905879435463,80.29148998,0.0,3.0,0.0,0.0,0.0,0.0,0.0,0.0,29.875,0.254,0.0,0.0,0.0,0.0,0.746875,0.635,1.381875,0.0,0.0,720.984375,6.118458762672751,0.0,0.0,25.234453125,21.41460566935463,46.64905879435463,334503,10539.0,3.150644388839562,0.8055467777297499,Warning
284630,5032.0,433.9212427,AZE,Azerbaijan,Aran,4.085751105,0.0,0.61,0.54,5032.0,5032.0,1.0,1.0,100.0,-9999.0,-9999.0,3.0,10.0,10.0,-999.9,-999.9,-3953.6,0.0,0.0,0.0,0.0,0.0,0.0,0.0,0.0,0.0,0.0,0.0,-3953.6,15.740512312854158,81.7150221,0.0,,,,,,,,,,,,,,,,,0.0,0.0,18.703125,4.310257982244045,0.0,0.0,0.654609375,15.085902937854158,15.740512312854158,86026,,,0.4404446155754971,Advisory
284650,5042.0,23795.80255,AZE,Azerbaijan,Aran,3.100004895,0.0,0.61,0.54,5042.0,,,,,,,,,,,,,,,,,,,,,,,,,36.25145979893148,62.0000979,0.0,,8.375,0.035,7.25,0.03,0.375,0.002,0.0,0.0,0.0725,0.03,0.005625,0.003,0.0,0.0,0.111125,0.0,0.0,729.28125,3.06474744255185,0.0,0.0,25.52484375,10.726616048931476,36.25145979893148,1845445,,,0.4812151965277559,Advisory
284643,5035.0,18100.37827,ARM,Armenia,Syunik,3.243956929,0.0,0.67,0.46,5035.0,,,,,,,,,,,,,,,,,,,,,,,,,5.088963360647201,64.87913858,0.0,,40.812,0.225,40.625,0.224,34.562,0.191,28.562,0.158,0.40625,0.224,0.51843,0.2865,0.71405,0.395,2.54423,0.0,0.0,93.65625,0.5174270316134859,0.0,0.0,3.27796875,1.8109946106472008,5.088963360647201,613178,,,0.0266969665121137,Information
284646,5038.0,7279.722524,ARM,Armenia,Gegharkunik,2.531392689,0.0,0.67,0.46,5038.0,,,,,,,,,,,,,,,,,,,,,,,,,9.276262303703014,50.62785378,0.0,,9.312,0.128,6.625,0.091,0.0,0.0,0.0,0.0,0.06625,0.091,0.0,0.0,0.0,0.0,0.15725,0.0,0.0,111.65625,1.5337981582008609,0.0,0.0,3.90796875,5.368293553703013,9.276262303703014,1624039,,,0.0472692872724227,Information
293300,5243.0,17808.90444,PAK,Pakistan,Baluchistan,4.035968753,3.132958926,0.39,0.85,5243.0,,,,,,,,,,,,,,,,,,,,,,,,,17.507775766814,80.71937505999999,62.659178520000005,,40.25,0.226,29.25,0.164,1.75,0.01,0.125,0.001,0.2925,0.164,0.02625,0.015,0.003125,0.0025,0.503375,0.0,0.0,320.34375,1.7987841476611426,0.0,0.0,11.21203125,6.295744516813999,17.507775766814,220185,,,0.4615793714170598,Advisory
455810,8874.0,6931.340603,PAK,Pakistan,Sind,2.384204077,2.799224852,0.39,0.85,8874.0,,,,,,,,,,,,,,,,,,,,,,,,,56.57917474390547,47.68408154,55.98449704,,108.938,1.572,108.0,1.558,8.688,0.125,0.188,0.003,1.08,1.558,0.13032,0.1875,0.0046999999999999,0.0075,2.96802,0.0,0.0,661.78125,9.547665998258704,0.0,0.0,23.16234375,33.416830993905464,56.57917474390547,1328906,,,0.5991312418708575,Advisory
455853,8889.0,15231.47066,PAK,Pakistan,Sind,4.071342311,0.0,0.39,0.85,8889.0,,,,,,,,,,,,,,,,,,,,,,,,,19.290613809713943,81.42684622000002,0.0,,0.875,0.006,0.562,0.004,3.188,0.021,0.438,0.003,0.00562,0.004,0.04782,0.0315,0.01095,0.0075,0.10739,0.0,0.0,332.71875,2.1844164456325563,0.0,0.0,11.64515625,7.645457559713947,19.290613809713943,1852146,,,0.5151168729524264,Advisory
456100,8908.0,17131.10154,PAK,Pakistan,Sind,3.293268435,2.403609887,0.39,0.85,8908.0,8908.0,0.0,1.0,-9999.0,-9999.0,-9999.0,0.0,10.0,-999.9,-999.9,-999.9,-5979.4,0.0,0.0,0.0,0.0,0.0,0.0,0.0,0.0,0.0,0.0,0.0,-5979.4,47.97784914597148,65.8653687,48.07219774,3.0,38.75,0.226,36.75,0.215,9.75,0.057,0.75,0.004,0.3675,0.215,0.14625,0.0855,0.01875,0.01,0.8430000000000001,0.0,0.0,865.546875,5.052488148848993,0.0,0.0,30.294140625,17.683708520971475,47.97784914597148,5915448,279228.0,4.720318731565217,0.6332324977050656,Watch
456303,8920.0,4131.908103,PAK,Pakistan,Sind,4.131602355,0.0,0.39,0.85,8920.0,8920.0,0.0,6.0,-9999.0,-9999.0,-9999.0,0.0,5.0,-999.9,-999.9,-999.9,-5989.4,0.0,0.0,0.0,0.0,0.0,0.0,0.0,0.0,0.0,0.0,0.0,-5989.4,33.650655203377106,82.6320471,0.0,3.0,0.0,0.0,0.0,0.0,6.938,0.168,0.0,0.0,0.0,0.0,0.10407,0.252,0.0,0.0,0.35607,0.0,0.0,281.109375,6.803379165250602,0.0,0.0,9.838828125,23.811827078377107,33.650655203377106,1932547,36977.0,1.913381666784818,0.7458239483542728,Watch
456305,8922.0,1250.463073,PAK,Pakistan,Sind,4.112096614,0.0,0.39,0.85,8922.0,8922.0,0.0,4.0,-9999.0,-9999.0,-9999.0,0.0,7.0,-999.9,-999.9,-999.9,-5985.4,0.0,0.0,0.0,0.0,0.0,0.0,0.0,0.0,0.0,0.0,0.0,-5985.4,34.540189003166,82.24193228000001,0.0,3.0,0.0,0.0,0.0,0.0,7.5,0.6,0.0,0.0,0.0,0.0,0.1125,0.8999999999999999,0.0,0.0,1.0125,0.0,0.0,109.6875,8.771750429476,0.0,0.0,3.8390625,30.701126503166,34.540189003166,217102,4318.0,1.9889268638704387,0.7470654449893978,Watch
456307,8924.0,3205.692789,PAK,Pakistan,Punjab,4.108634403,0.0,0.39,0.85,8924.0,,,,,,,,,,,,,,,,,,,,,,,,,17.23410739889176,82.17268806,0.0,,0.0,0.0,0.0,0.0,13.75,0.429,0.0,0.0,0.0,0.0,0.20625,0.6435,0.0,0.0,0.84975,0.0,0.0,119.53125,3.728718185397645,0.0,0.0,4.18359375,13.050513648891757,17.23410739889176,505887,,,0.4865018704581617,Advisory
456309,8926.0,840.8399527,PAK,Pakistan,Punjab,4.049457181,0.0,0.39,0.85,8926.0,8926.0,0.0,3.0,-9999.0,-9999.0,-9999.0,0.0,8.0,-999.9,-999.9,-999.9,-5983.4,0.0,0.0,0.0,0.0,0.0,0.0,0.0,0.0,0.0,0.0,0.0,-5983.4,21.829240018884104,80.98914362000001,0.0,,0.0,0.0,0.0,0.0,6.0,0.714,0.0,0.0,0.0,0.0,0.09,1.071,0.0,0.0,1.161,0.0,0.0,48.375,5.753175719681173,0.0,0.0,1.693125,20.136115018884105,21.829240018884104,232735,,,0.554974688472281,Advisory
456410,8928.0,1110.891394,PAK,Pakistan,Punjab,3.496397893,0.0,0.39,0.85,8928.0,8928.0,0.0,3.0,-9999.0,-9999.0,-9999.0,0.0,8.0,-999.9,-999.9,-999.9,-5983.4,0.0,0.0,0.0,0.0,0.0,0.0,0.0,0.0,0.0,0.0,0.0,-5983.4,4.8242961008699385,69.92795786,0.0,,0.0,0.0,0.0,0.0,1.438,0.129,0.0,0.0,0.0,0.0,0.02157,0.1935,0.0,0.0,0.21507,0.0,0.0,13.78125,1.2405578145342682,0.0,0.0,0.48234375,4.3419523508699385,4.8242961008699385,1041862,,,0.0336301234395366,Information
456426,8935.0,38420.87706,PAK,Pakistan,Punjab,3.373099498,0.0,0.39,0.85,8935.0,8935.0,0.0,1.0,-9999.0,-9999.0,-9999.0,0.0,10.0,-999.9,-999.9,-999.9,-5979.4,0.0,0.0,0.0,0.0,0.0,0.0,0.0,0.0,0.0,0.0,0.0,-5979.4,11.016380259711664,67.46198996000001,0.0,,6.25,0.016,6.25,0.016,2.812,0.007,2.938,0.008,0.0625,0.016,0.04218,0.0105,0.07345,0.02,0.22463,0.0,0.0,249.75,0.6500372170604755,0.0,0.0,8.74125,2.275130259711664,11.016380259711664,43110000,,,0.1393985154939988,Information
456427,8936.0,5057.514312,PAK,Pakistan,Punjab,2.180678893,0.0,0.39,0.85,8936.0,8936.0,0.0,1.0,-9999.0,-9999.0,-9999.0,0.0,10.0,-999.9,-999.9,-999.9,-5979.4,0.0,0.0,0.0,0.0,0.0,0.0,0.0,0.0,0.0,0.0,0.0,-5979.4,3.604805617321551,43.61357786,0.0,,,,,,,,,,,,,,,,,0.0,0.0,34.59375,0.6840069620918717,0.0,0.0,1.21078125,2.394024367321551,3.604805617321551,6461544,,,0.0029801221016125,Information
456428,8937.0,49913.92548,PAK,Pakistan,Azad Kashmir,3.752663139,0.0,0.39,0.85,8937.0,8937.0,0.0,1.0,-9999.0,-9999.0,-9999.0,0.0,10.0,-999.9,-999.9,-999.9,-5979.4,0.0,0.0,0.0,0.0,0.0,0.0,0.0,0.0,0.0,0.0,0.0,-5979.4,41.34381670496093,75.05326278,0.0,3.0,,,,,,,,,,,,,,,,0.0,0.0,984.09375,1.9715815585602656,0.0,0.0,34.44328125,6.90053545496093,41.34381670496093,21124902,492270.0,2.3302829996560455,0.6932837335266848,Watch
456450,8941.0,26811.0974,PAK,Pakistan,Punjab,3.649632131,0.0,0.39,0.85,8941.0,8941.0,0.0,1.0,-9999.0,-9999.0,-9999.0,0.0,10.0,-999.9,-999.9,-999.9,-5979.4,0.0,0.0,0.0,0.0,0.0,0.0,0.0,0.0,0.0,0.0,0.0,-5979.4,5.615594990018592,72.99264262,0.0,,,,,,,,,,,,,,,,,0.0,0.0,116.859375,0.4358619614338836,0.0,0.0,4.090078125,1.5255168650185926,5.615594990018592,16272149,,,0.0581422370749686,Information
456510,8954.0,7140.900221,PAK,Pakistan,Punjab,3.715727344,0.0,0.39,0.85,8954.0,8954.0,0.0,10.0,-9999.0,-9999.0,-9999.0,0.0,1.0,-999.9,-999.9,-999.9,-5997.4,0.0,0.0,0.0,0.0,0.0,0.0,0.0,0.0,0.0,0.0,0.0,-5997.4,28.460861500698297,74.31454688,0.0,,0.0,0.0,0.0,0.0,72.812,1.02,0.0,0.0,0.0,0.0,1.09218,1.53,0.0,0.0,2.62218,0.0,0.0,338.765625,4.744018464485228,0.0,0.0,11.856796875,16.604064625698296,28.460861500698297,2903210,,,0.5408617856754313,Advisory
456530,8956.0,10321.60368,PAK,Pakistan,Punjab,2.842733206,0.0,0.39,0.85,8956.0,8956.0,0.0,9.0,-9999.0,-9999.0,-9999.0,0.0,2.0,-999.9,-999.9,-999.9,-5995.4,0.0,0.0,0.0,0.0,0.0,0.0,0.0,0.0,0.0,0.0,0.0,-5995.4,16.803140972366563,56.85466412,0.0,,0.0,0.0,0.0,0.0,57.312,0.555,0.0,0.0,0.0,0.0,0.8596799999999999,0.8325,0.0,0.0,1.69218,0.0,0.0,243.84375,2.36245992067616,0.0,0.0,8.53453125,8.26860972236656,16.803140972366563,2094406,,,0.1728382803580208,Information
456541,8957.0,384.530754,PAK,Pakistan,N.W.F.P.,4.069638717,0.0,0.39,0.85,8957.0,,,,,,,,,,,,,,,,,,,,,,,,,4.519238838824619,81.39277434,0.0,,0.0,0.0,0.0,0.0,0.5,0.13,0.0,0.0,0.0,0.0,0.0075,0.195,0.0,0.0,0.2025,0.0,0.0,4.78125,1.2433985968070342,0.0,0.0,0.16734375,4.35189508882462,4.519238838824619,123644,,,0.0785039942362831,Information
456550,8966.0,12641.04392,PAK,Pakistan,N.W.F.P.,4.007191703,0.0,0.39,0.85,8966.0,8966.0,0.0,8.0,-9999.0,-9999.0,-9999.0,0.0,3.0,-999.9,-999.9,-999.9,-5993.4,0.0,0.0,0.0,0.0,0.0,0.0,0.0,0.0,0.0,0.0,0.0,-5993.4,25.203348348266545,80.14383406,0.0,,0.062,0.0,0.0,0.0,38.0,0.301,0.0,0.0,0.0,0.0,0.57,0.4515,0.0,0.0,1.0215,0.0,0.0,402.046875,3.180487920933299,0.0,0.0,14.071640625,11.131707723266546,25.203348348266545,3580982,,,0.5942387126430476,Advisory
456570,8968.0,2046.961129,PAK,Pakistan,Punjab,2.923708377,0.0,0.39,0.85,8968.0,8968.0,0.0,8.0,-9999.0,-9999.0,-9999.0,0.0,3.0,-999.9,-999.9,-999.9,-5993.4,0.0,0.0,0.0,0.0,0.0,0.0,0.0,0.0,0.0,0.0,0.0,-5993.4,22.159498541598825,58.47416754,0.0,,0.062,0.003,0.062,0.003,4.75,0.232,0.062,0.003,0.00062,0.003,0.07125,0.348,0.00155,0.0075,0.43192,0.0,0.0,107.578125,5.255504047599664,0.0,0.0,3.765234375,18.394264166598823,22.159498541598825,301648,,,0.2649857666500065,Information
456609,8979.0,4628.388287,PAK,Pakistan,N.W.F.P.,4.003196302,0.0,0.39,0.85,8979.0,,,,,,,,,,,,,,,,,,,,,,,,,2.3645084007195964,80.06392604,0.0,,14.375,0.311,3.375,0.073,0.5,0.011,0.0,0.0,0.03375,0.073,0.0075,0.0165,0.0,0.0,0.1307499999999999,0.0,0.0,21.375,0.4618238287770275,0.0,0.0,0.748125,1.6163834007195963,2.3645084007195964,62730,,,0.0165050380535578,Information
456701,8980.0,1957.935946,PAK,Pakistan,N.W.F.P.,4.060014573,0.0,0.39,0.85,8980.0,8980.0,0.0,8.0,-9999.0,-9999.0,-9999.0,0.0,3.0,-999.9,-999.9,-999.9,-5991.4,0.0,0.0,0.0,0.0,0.0,0.0,0.0,0.0,0.0,0.0,0.0,-5991.4,10.85164367505215,81.20029146,0.0,,,,,,,,,,,,,,,,,0.0,0.0,50.765625,2.592813371443471,0.0,0.0,1.776796875,9.07484680005215,10.85164367505215,2028611,,,0.2913226725227164,Information
457002,9009.0,1688.760648,PAK,Pakistan,Sind,3.276346568,2.86108963,0.39,0.85,9009.0,,,,,,,,,,,,,,,,,,,,,,,,,41.029296875,65.52693136,57.2217926,,4.75,0.281,4.688,0.278,0.438,0.026,0.0,0.0,0.04688,0.278,0.00657,0.039,0.0,0.0,0.37045,0.0,0.0,172.265625,10.200712883972884,0.0,0.0,6.029296875,35.0,41.029296875,257105,,,0.5691096949042472,Advisory
457003,9010.0,545.8337174,PAK,Pakistan,Sind,4.030433543,3.080351634,0.39,0.85,9010.0,,,,,,,,,,,,,,,,,,,,,,,,,38.637265625,80.60867086,61.60703268,3.0,3.0,0.55,2.812,0.515,0.812,0.149,0.0,0.0,0.02812,0.515,0.01218,0.2234999999999999,0.0,0.0,0.7787999999999999,0.0,0.0,103.921875,19.039108742208537,0.0,0.0,3.637265625,35.0,38.637265625,1053623,57787.0,5.4845993301209255,0.7547114485729571,Watch
457005,9012.0,930.8730491,PAK,Pakistan,Sind,2.499837068,0.018302935,0.39,0.85,9012.0,,,,,,,,,,,,,,,,,,,,,,,,,13.2351984001727,49.99674136,0.3660586999999999,,1.562,0.168,1.438,0.154,0.312,0.034,0.0,0.0,0.0143799999999999,0.154,0.00468,0.051,0.0,0.0,0.2240599999999999,0.0,0.0,32.203125,3.4594540071922,0.0,0.0,1.127109375,12.1080890251727,13.2351984001727,10611436,,,0.0918896205187213,Information
457007,9014.0,2292.417686,PAK,Pakistan,Baluchistan,0.798575947,0.0,0.39,0.85,9014.0,,,,,,,,,,,,,,,,,,,,,,,,,4.750580079630462,15.97151894,0.0,,9.188,0.401,4.312,0.188,0.875,0.038,0.0,0.0,0.04312,0.188,0.013125,0.0569999999999999,0.0,0.0,0.301245,0.0,0.0,25.3125,1.104183594180132,0.0,0.0,0.8859375,3.8646425796304618,4.750580079630462,64769,,,0.0020336845368698,Information
457008,9015.0,13347.78414,PAK,Pakistan,Baluchistan,3.668997933,0.0,0.39,0.85,9015.0,,,,,,,,,,,,,,,,,,,,,,,,,2.005963357697904,73.37995866,0.0,,12.688,0.095,12.688,0.095,0.375,0.003,0.0,0.0,0.12688,0.095,0.005625,0.0045,0.0,0.0,0.232005,0.0,0.0,32.765625,0.2454761379136868,0.0,0.0,1.146796875,0.8591664826979039,2.005963357697904,319645,,,0.0048613303414692,Information
457009,9016.0,1259.97943,PAK,Pakistan,Baluchistan,4.077509571,0.0,0.39,0.85,9016.0,,,,,,,,,,,,,,,,,,,,,,,,,41.738046875,81.55019142,0.0,3.0,21.0,1.667,19.188,1.523,2.688,0.213,0.0,0.0,0.19188,1.523,0.04032,0.3195,0.0,0.0,2.0747,0.0,0.0,192.515625,15.2792673007614,0.0,0.0,6.738046875,35.0,41.738046875,2061,0.0,0.0,0.7928526126988796,Watch
455900,16164.0,5877.746976,PAK,Pakistan,Sind,4.091902558,4.05179473,0.39,0.85,16164.0,,,,,,,,,,,,,,,,,,,,,,,,,70.0,81.83805116,81.0358946,3.0,601.125,10.227,597.5,10.165,25.438,0.433,0.5,0.009,5.975,10.0,0.3815699999999999,0.6495,0.0125,0.0225,17.041069999999998,0.0,0.0,3309.75,56.309841403352,0.0,0.0,35.0,35.0,70.0,236697,28890.0,12.205477889453606,0.9113582634153818,Warning
457001,16165.0,3138.265339,PAK,Pakistan,Sind,4.052562463,4.037130495,0.39,0.85,16165.0,,,,,,,,,,,,,,,,,,,,,,,,,70.0,81.05124926,80.7426099,3.0,36.75,1.171,34.125,1.087,4.062,0.129,0.188,0.006,0.34125,1.087,0.06093,0.1935,0.0046999999999999,0.015,1.7023799999999998,0.0,0.0,1195.171875,38.08383759168753,0.0,0.0,35.0,35.0,70.0,219060,15785.0,7.20578836848352,0.9043524135842556,Warning
294300,5303.0,20608.23925,IRQ,Iraq,Al-Basrah,3.351361239,2.568996557,0.43,0.79,5303.0,,,,,,,,,,,,,,,,,,,,,,,,,52.36297352938964,67.02722478,51.37993114,3.0,0.0,0.0,0.0,0.0,1.062,0.005,15.562,0.076,0.0,0.0,0.01593,0.0075,0.38905,0.19,0.60248,0.0,0.0,1022.34375,4.96084957982561,0.0,0.0,35.0,17.362973529389635,52.36297352938964,2621042,113814.0,4.342318818240989,0.6781448728288818,Watch
294610,5314.0,26429.70345,IRQ,Iraq,Maysan,4.063481035,0.0,0.43,0.79,5314.0,,,,,,,,,,,,,,,,,,,,,,,,,56.56300797215098,81.26962069999999,0.0,3.0,0.75,0.003,0.75,0.003,0.75,0.003,16.562,0.063,0.0075,0.003,0.01125,0.0045,0.41405,0.1575,0.5978,0.0,0.0,1628.296875,6.160859420614565,0.0,0.0,35.0,21.563007972150977,56.56300797215098,1365164,33732.0,2.470911919740046,0.8654653586215202,Warning
294620,5315.0,22709.02466,IRQ,Iraq,Diyala,0.898610872,0.0,0.43,0.79,5315.0,,,,,,,,,,,,,,,,,,,,,,,,,22.494159186991705,17.97221744,0.0,,43.938,0.193,43.5,0.192,40.438,0.178,29.188,0.129,0.435,0.192,0.60657,0.267,0.7297,0.3225,2.55277,0.0,0.0,446.203125,1.9648713748547733,0.0,0.0,15.617109375,6.877049811991706,22.494159186991705,548669,,,0.0978668559523563,Information
294641,5317.0,3258.014598,IRQ,Iraq,Diyala,3.535361793,0.0,0.43,0.79,5317.0,,,,,,,,,,,,,,,,,,,,,,,,,8.49223304094588,70.70723586,0.0,,7.375,0.226,7.375,0.226,8.375,0.257,3.562,0.109,0.07375,0.226,0.125625,0.3855,0.0890499999999999,0.2725,1.172425,0.0,0.0,59.625,1.8301022974131085,0.0,0.0,2.086875,6.405358040945879,8.49223304094588,1497622,,,0.1078230795422367,Information
294642,5318.0,3050.022819,IRQ,Iraq,Diyala,1.556230258,0.0,0.43,0.79,5318.0,,,,,,,,,,,,,,,,,,,,,,,,,26.702874573893364,31.12460516,0.0,,102.0,3.344,100.25,3.287,102.625,3.365,72.125,2.365,1.0025,3.287,1.539375,5.0475,1.803125,5.9125000000000005,18.592,0.0,0.0,178.3125,5.846267735398103,0.0,0.0,6.2409375,20.461937073893363,26.702874573893364,106594,,,0.1716849540496154,Information
294643,5319.0,948.1169503,IRQ,Iraq,Diyala,1.849045538,0.0,0.43,0.79,5319.0,,,,,,,,,,,,,,,,,,,,,,,,,55.38062,36.98091076,0.0,,115.062,12.136,115.062,12.136,119.5,12.604,97.5,10.284,1.15062,10.0,1.7925,15.0,2.4375,25.0,55.38062,0.0,0.0,182.25,19.22231217905763,0.0,0.0,6.37875,35.0,41.37875,52263,,,0.4485965444707941,Advisory
294646,5322.0,2708.471308,IRQ,Iraq,As-Sulaymaniyah,4.008698359,0.0,0.43,0.79,5322.0,,,,,,,,,,,,,,,,,,,,,,,,,14.456860372955056,80.17396718,0.0,,13.875,0.512,12.75,0.471,7.812,0.288,1.0,0.037,0.1275,0.471,0.11718,0.4319999999999999,0.025,0.0925,1.26518,0.0,0.0,88.03125,3.250219035130016,0.0,0.0,3.08109375,11.375766622955055,14.456860372955056,1124385,,,0.376066989474184,Advisory
294650,5326.0,27202.38577,IRQ,Iraq,Sala ad-Din,2.280830928,0.0,0.43,0.79,5326.0,5326.0,1.0,1.0,100.0,-9999.0,-9999.0,3.0,10.0,10.0,-999.9,-999.9,-3953.6,0.0,0.0,0.0,0.0,0.0,0.0,0.0,0.0,0.0,0.0,0.0,-3953.6,38.549749428616686,45.61661856,0.0,,79.5,0.292,79.5,0.292,75.25,0.277,28.375,0.104,0.795,0.292,1.12875,0.4155,0.709375,0.26,3.600625,0.0,0.0,805.359375,2.9606203724619093,0.0,0.0,28.187578125,10.362171303616682,38.549749428616686,9752854,,,0.3653821502749364,Advisory
294660,5327.0,20067.4867,IRQ,Iraq,As-Sulaymaniyah,1.551901767,0.0,0.43,0.79,5327.0,,,,,,,,,,,,,,,,,,,,,,,,,15.37590839121536,31.03803534,0.0,,65.75,0.328,65.75,0.328,47.812,0.238,29.938,0.149,0.6575,0.328,0.7171799999999999,0.357,0.74845,0.3725,3.1806300000000003,0.0,0.0,293.203125,1.4610854332043888,0.0,0.0,10.262109375,5.113799016215361,15.37590839121536,1657390,,,0.0667097009307937,Information
294670,5328.0,4674.189019,IRQ,Iraq,Ninawa,1.333473334,0.0,0.43,0.79,5328.0,5328.0,1.0,1.0,100.0,-9999.0,-9999.0,3.0,10.0,10.0,-999.9,-999.9,-3953.6,0.0,0.0,0.0,0.0,0.0,0.0,0.0,0.0,0.0,0.0,0.0,-3953.6,14.215634386768716,26.66946668,0.0,,1.938,0.041,1.938,0.041,1.312,0.028,0.0,0.0,0.0193799999999999,0.041,0.01968,0.042,0.0,0.0,0.12206,0.0,0.0,129.375,2.7678598247910613,0.0,0.0,4.528125,9.687509386768715,14.215634386768716,1434147,,,0.0504366334034823,Information
294680,5329.0,26387.28652,IRQ,Iraq,Arbil,2.725626872,0.0,0.43,0.79,5329.0,5329.0,1.0,1.0,100.0,-9999.0,-9999.0,3.0,10.0,10.0,-999.9,-999.9,-3953.6,0.0,0.0,0.0,0.0,0.0,0.0,0.0,0.0,0.0,0.0,0.0,-3953.6,5.253230755730635,54.51253744,0.0,,52.75,0.2,8.438,0.032,1.0,0.004,0.062,0.0,0.08438,0.032,0.015,0.006,0.00155,0.0,0.13893,0.0,0.0,108.84375,0.4124855730658957,0.0,0.0,3.80953125,1.443699505730635,5.253230755730635,3100133,,,0.0154408598863916,Information
294691,5330.0,9521.009643,IRQ,Iraq,Ninawa,3.138070508,0.0,0.43,0.79,5330.0,5330.0,1.0,1.0,100.0,-9999.0,-9999.0,3.0,10.0,10.0,-999.9,-999.9,-3953.6,0.0,0.0,0.0,0.0,0.0,0.0,0.0,0.0,0.0,0.0,0.0,-3953.6,7.729984452247109,62.76141016,0.0,,4.562,0.048,4.312,0.045,3.188,0.033,0.0,0.0,0.04312,0.045,0.04782,0.0495,0.0,0.0,0.18544,0.0,0.0,107.71875,1.131379486356317,0.0,0.0,3.77015625,3.959828202247109,7.729984452247109,3654234,,,0.0579475978189937,Information
294710,5347.0,8089.263721,IRQ,Iraq,Maysan,4.029451468,0.0,0.43,0.79,5347.0,,,,,,,,,,,,,,,,,,,,,,,,,70.0,80.58902936000001,0.0,3.0,0.0,0.0,0.0,0.0,0.125,0.002,86.25,1.066,0.0,0.0,0.001875,0.003,2.15625,2.665,4.826125,0.0,0.0,1315.828125,16.26635217198964,0.0,0.0,35.0,35.0,70.0,860432,21533.0,2.5025800992989566,0.9001938362782299,Warning
294720,5348.0,18060.61713,IRQ,Iraq,Al-Qadisiyah,4.043569459,0.0,0.43,0.79,5348.0,,,,,,,,,,,,,,,,,,,,,,,,,22.68121725521941,80.87138918000001,0.0,,19.25,0.107,16.875,0.093,16.375,0.091,4.0,0.022,0.16875,0.093,0.245625,0.1365,0.1,0.0549999999999999,0.798875,0.0,0.0,417.09375,2.309410287205546,0.0,0.0,14.59828125,8.082936005219413,22.68121725521941,2136095,,,0.5676333348624816,Advisory
294910,5366.0,3061.268185,IRQ,Iraq,Al-Anbar,4.036398308,0.0,0.43,0.79,5366.0,,,,,,,,,,,,,,,,,,,,,,,,,9.176899712995406,80.72796616,0.0,,0.0,0.0,0.0,0.0,3.062,0.1,0.0,0.0,0.0,0.0,0.04593,0.15,0.0,0.0,0.19593,0.0,0.0,61.453125,2.007440096570116,0.0,0.0,2.150859375,7.026040337995405,9.176899712995406,786364,,,0.2290540904187889,Information
294920,5367.0,5024.158839,IRQ,Iraq,Ninawa,1.102585367,0.0,0.43,0.79,5367.0,,,,,,,,,,,,,,,,,,,,,,,,,8.580763648886224,22.05170734,0.0,,3.375,0.067,3.375,0.067,1.562,0.031,0.438,0.009,0.03375,0.067,0.02343,0.0465,0.01095,0.0225,0.2041299999999999,0.0,0.0,81.984375,1.6318030068246354,0.0,0.0,2.869453125,5.711310523886224,8.580763648886224,63182,,,0.0136737085397262,Information
294922,5369.0,3262.641627,IRQ,Iraq,Sala ad-Din,2.207085693,0.0,0.43,0.79,5369.0,,,,,,,,,,,,,,,,,,,,,,,,,11.604307672645668,44.14171386,0.0,,0.562,0.017,0.562,0.017,3.938,0.121,0.062,0.002,0.00562,0.017,0.05907,0.1815,0.00155,0.005,0.26974,0.0,0.0,81.5625,2.499891477898762,0.0,0.0,2.8546875,8.749620172645667,11.604307672645668,26854,,,0.0580400665532571,Information
294923,5370.0,7121.249009,IRQ,Iraq,Sala ad-Din,0.588303649,0.0,0.43,0.79,5370.0,5370.0,1.0,1.0,100.0,-9999.0,-9999.0,3.0,10.0,10.0,-999.9,-999.9,-3953.6,0.0,0.0,0.0,0.0,0.0,0.0,0.0,0.0,0.0,0.0,0.0,-3953.6,10.709234554026402,11.76607298,0.0,,0.875,0.012,0.438,0.006,9.688,0.136,0.562,0.008,0.00438,0.006,0.14532,0.204,0.01405,0.02,0.39375,0.0,0.0,127.265625,1.7871250511504004,0.0,0.0,4.454296875,6.254937679026401,10.709234554026402,1145,,,0.017477248696842,Information
296830,5495.0,3269.017351,SAU,Saudi Arabia,Al Madinah,2.322691596,0.0,0.62,0.53,5495.0,,,,,,,,,,,,,,,,,,,,,,,,,42.41330447805526,46.45383192,0.0,,2.188,0.067,2.188,0.067,0.375,0.011,0.0,0.0,0.02188,0.067,0.005625,0.0165,0.0,0.0,0.111005,0.0,0.0,298.546875,9.132618243730075,0.0,0.0,10.449140625,31.96416385305526,42.41330447805526,36417,,,0.4078488121282367,Advisory
296840,5496.0,16649.74169,SAU,Saudi Arabia,Al Madinah,1.370016175,0.0,0.62,0.53,5496.0,,,,,,,,,,,,,,,,,,,,,,,,,58.72291871332156,27.4003235,0.0,,17.0,0.102,17.0,0.102,1.75,0.011,0.125,0.001,0.17,0.102,0.02625,0.0165,0.003125,0.0025,0.320375,0.0,0.0,1128.515625,6.77797677523473,0.0,0.0,35.0,23.722918713321555,58.72291871332156,61691,,,0.4160026606798689,Advisory
296870,5499.0,2957.183728,SAU,Saudi Arabia,Al Madinah,2.413374536,0.0,0.62,0.53,5499.0,,,,,,,,,,,,,,,,,,,,,,,,,45.13694040655561,48.26749072,0.0,,8.062,0.273,8.062,0.273,2.0,0.068,0.062,0.002,0.08062,0.273,0.03,0.102,0.00155,0.005,0.49217,0.0,0.0,294.328125,9.952987437587316,0.0,0.0,10.301484375,34.83545603155561,45.13694040655561,783626,,,0.4457583070398145,Advisory
297908,5664.0,3839.589033,SAU,Saudi Arabia,Al Madinah,1.719812906,0.0,0.62,0.53,5664.0,,,,,,,,,,,,,,,,,,,,,,,,,23.45311247619544,34.39625812,0.0,,4.0,0.104,4.0,0.104,2.188,0.057,0.0,0.0,0.04,0.104,0.03282,0.0855,0.0,0.0,0.26232,0.0,0.0,185.90625,4.841826778912981,0.0,0.0,6.50671875,16.946393726195435,23.45311247619544,10199,,,0.1518269001370366,Information
297909,5665.0,6154.705492,SAU,Saudi Arabia,Al Madinah,2.707370123,0.0,0.62,0.53,5665.0,,,,,,,,,,,,,,,,,,,,,,,,,10.076668028427864,54.14740246,0.0,,5.188,0.084,5.188,0.084,3.75,0.061,0.0,0.0,0.0518799999999999,0.084,0.05625,0.0915,0.0,0.0,0.28363,0.0,0.0,109.6875,1.782173008122247,0.0,0.0,3.8390625,6.237605528427865,10.076668028427864,51655,,,0.0648597176408824,Information
298419,5693.0,19487.31057,SAU,Saudi Arabia,Ha'il,1.905255292,0.0,0.62,0.53,5693.0,,,,,,,,,,,,,,,,,,,,,,,,,50.211429457214415,38.10510584,0.0,,9.062,0.047,9.062,0.047,0.812,0.004,0.0,0.0,0.0906199999999999,0.047,0.01218,0.006,0.0,0.0,0.1558,0.0,0.0,948.09375,4.865185202061261,0.0,0.0,33.18328125,17.028148207214414,50.211429457214415,94615,,,0.4171480031533308,Advisory
298508,5706.0,7455.341768,SAU,Saudi Arabia,Ha'il,3.117673187,0.0,0.62,0.53,5706.0,,,,,,,,,,,,,,,,,,,,,,,,,42.11906875406771,62.35346374,0.0,,25.75,0.345,25.75,0.345,0.562,0.008,0.0,0.0,0.2575,0.345,0.00843,0.012,0.0,0.0,0.6229300000000001,0.0,0.0,513.984375,6.894175894019345,0.0,0.0,17.989453125,24.129615629067708,42.11906875406771,64030,,,0.5446912234350816,Advisory
295300,5426.0,717.9733016,OMN,Oman,Ash Sharqiyah North,0.164204719,0.0,0.61,0.54,5426.0,,,,,,,,,,,,,,,,,,,,,,,,,40.842265625,3.28409438,0.0,,3.188,0.444,1.688,0.235,0.312,0.044,0.062,0.009,0.01688,0.235,0.00468,0.066,0.00155,0.0225,0.34661,0.0,0.0,166.921875,23.24903650804148,0.0,0.0,5.842265625,35.0,40.842265625,7976,,,0.1943271390759444,Advisory
295307,5433.0,47675.45845,OMN,Oman,Al Batinah North,3.998183767,2.12867849,0.61,0.54,5433.0,,,,,,,,,,,,,,,,,,,,,,,,,45.28963951786373,79.96367534,42.5735698,3.0,16.562,0.035,11.312,0.024,0.5,0.001,0.375,0.001,0.11312,0.024,0.0075,0.0015,0.009375,0.0025,0.157995,0.0,0.0,1401.609375,2.939897005103923,0.0,0.0,35.0,10.28963951786373,45.28963951786373,10603512,1156477.0,10.90654681203737,0.7926159118707996,Watch
295308,5434.0,6918.695459,OMN,Oman,Ash Sharqiyah North,2.452870279,0.0,0.61,0.54,5434.0,5434.0,0.0,1.0,-9999.0,-9999.0,-9999.0,0.0,10.0,-999.9,-999.9,-999.9,-5979.4,0.0,0.0,0.0,0.0,0.0,0.0,0.0,0.0,0.0,0.0,0.0,-5979.4,2.623793983304168,49.05740558,0.0,,,,,,,,,,,,,,,,,0.0,0.0,30.65625,0.4430929238011908,0.0,0.0,1.07296875,1.550825233304168,2.623793983304168,195958,,,0.0015081196942434,Information
297201,5524.0,48649.11131,OMN,Oman,Al Dhahira,0.189910188,0.0,0.61,0.54,5524.0,,,,,,,,,,,,,,,,,,,,,,,,,3.4592795468430806,3.79820376,0.0,,12.125,0.025,12.125,0.025,3.188,0.007,0.312,0.001,0.12125,0.025,0.04782,0.0105,0.0078,0.0025,0.21487,0.0,0.0,81.984375,0.1685218348123087,0.0,0.0,2.869453125,0.5898264218430804,3.4592795468430806,210239,,,0.0004414783316643,Information
299062,5757.0,15970.98724,JOR,Jordan,Aqaba,1.598247833,0.0,0.5,0.69,5757.0,5757.0,0.0,1.0,-9999.0,-9999.0,-9999.0,0.0,10.0,-999.9,-999.9,-999.9,-5979.4,0.0,0.0,0.0,0.0,0.0,0.0,0.0,0.0,0.0,0.0,0.0,-5979.4,3.1374249290067464,31.96495666,0.0,,,,,,,,,,,,,,,,,0.0,0.0,55.125,0.3451571225733562,0.0,0.0,1.929375,1.2080499290067466,3.1374249290067464,314910,,,0.0010468081746315,Information
299066,5761.0,4112.650468,JOR,Jordan,Mafraq,0.422439902,0.0,0.5,0.69,5761.0,5761.0,0.0,4.0,-9999.0,-9999.0,-9999.0,0.0,7.0,-999.9,-999.9,-999.9,-5985.4,0.0,0.0,0.0,0.0,0.0,0.0,0.0,0.0,0.0,0.0,0.0,-5985.4,0.3377904447024891,8.44879804,0.0,,,,,,,,,,,,,,,,,0.0,0.0,2.8125,0.0683865556292826,0.0,0.0,0.0984375,0.2393529447024891,0.3377904447024891,3766558,,,1.0580699682548134e-08,Information
299067,5762.0,2287.225261,JOR,Jordan,Irbid,0.659020249,0.0,0.5,0.69,5762.0,5762.0,0.0,5.0,-9999.0,-9999.0,-9999.0,0.0,6.0,-999.9,-999.9,-999.9,-5987.4,0.0,0.0,0.0,0.0,0.0,0.0,0.0,0.0,0.0,0.0,0.0,-5987.4,1.9566231193479224,13.18040498,0.0,,,,,,,,,,,,,,,,,0.0,0.0,10.40625,0.4549726769565492,0.0,0.0,0.36421875,1.5924043693479222,1.9566231193479224,1082653,,,7.45354130717889e-05,Information
312990,6081.0,48208.63925,CHN,China,Xinjiang Uygur,3.176440099,0.0,0.59,0.57,6081.0,,,,,,,,,,,,,,,,,,,,,,,,,28.775172686573413,63.52880198,0.0,,19.938,0.041,19.375,0.04,26.562,0.055,1.25,0.003,0.19375,0.04,0.39843,0.0825,0.03125,0.0075,0.75343,0.0,0.0,680.90625,1.412415410449547,0.0,0.0,23.83171875,4.943453936573414,28.775172686573413,116234,,,0.4063245558023989,Advisory
312995,6086.0,6128.703983,CHN,China,Xinjiang Uygur,0.915515628,0.0,0.59,0.57,6086.0,,,,,,,,,,,,,,,,,,,,,,,,,10.051320628871991,18.31031256,0.0,,6.375,0.104,5.938,0.097,0.125,0.002,0.0,0.0,0.0593799999999999,0.097,0.001875,0.003,0.0,0.0,0.1612549999999999,0.0,0.0,109.125,1.7805558939634265,0.0,0.0,3.819375,6.231945628871992,10.051320628871991,85794,,,0.0180755540449463,Information
312996,6087.0,9771.603191,CHN,China,Xinjiang Uygur,4.003739685,0.0,0.59,0.57,6087.0,,,,,,,,,,,,,,,,,,,,,,,,,5.457417778746731,80.0747937,0.0,,0.625,0.006,0.625,0.006,2.625,0.027,1.25,0.013,0.00625,0.006,0.039375,0.0405,0.03125,0.0325,0.155875,0.0,0.0,77.0625,0.7886372224990659,0.0,0.0,2.6971875,2.7602302787467305,5.457417778746731,33264,,,0.0976584183970174,Information
312997,6088.0,12242.44739,CHN,China,Xinjiang Uygur,4.00042994,0.0,0.59,0.57,6088.0,,,,,,,,,,,,,,,,,,,,,,,,,27.69402696749472,80.0085988,0.0,3.0,3.0,0.025,3.0,0.025,4.062,0.033,2.938,0.024,0.03,0.025,0.06093,0.0495,0.07345,0.06,0.29888,0.0,0.0,435.515625,3.55742288356992,0.0,0.0,15.243046875,12.45098009249472,27.69402696749472,300991,21569.0,7.165994996528136,0.6277554836324073,Watch
422240,7374.0,23267.17599,CHN,China,Heilongjiang,1.18674357,0.0,0.59,0.57,7374.0,,,,,,,,,,,,,,,,,,,,,,,,,70.0,23.7348714,0.0,3.0,26.312,0.113,12.375,0.053,0.0,0.0,0.0,0.0,0.12375,0.053,0.0,0.0,0.0,0.0,0.17675,0.0,0.0,6193.96875,26.62105944268373,0.0,0.0,35.0,35.0,70.0,1050765,130477.0,12.417334037582142,0.4658442782377079,Watch
422251,7375.0,302.7609497,CHN,China,Heilongjiang,1.199503314,0.0,0.59,0.57,7375.0,,,,,,,,,,,,,,,,,,,,,,,,,40.1778125,23.99006628,0.0,,0.562,0.186,0.562,0.186,0.0,0.0,0.0,0.0,0.00562,0.186,0.0,0.0,0.0,0.0,0.19162,0.0,0.0,147.9375,48.862807495014366,0.0,0.0,5.1778125,35.0,40.1778125,232,,,0.2618836116122599,Advisory
422256,7380.0,1647.126127,CHN,China,Heilongjiang,0.384979189,0.0,0.59,0.57,7380.0,,,,,,,,,,,,,,,,,,,,,,,,,54.3134375,7.69958378,0.0,,2.125,0.129,1.688,0.102,0.0,0.0,0.0,0.0,0.01688,0.102,0.0,0.0,0.0,0.0,0.1188799999999999,0.0,0.0,551.8125,33.50153282344259,0.0,0.0,19.3134375,35.0,54.3134375,6556,,,0.297959950051447,Advisory
422258,7382.0,3071.180383,CHN,China,Heilongjiang,0.255388881,0.0,0.59,0.57,7382.0,,,,,,,,,,,,,,,,,,,,,,,,,70.0,5.10777762,0.0,3.0,33.75,1.099,9.312,0.303,6.5,0.212,0.562,0.018,0.09312,0.303,0.0975,0.318,0.01405,0.045,0.87067,0.0,0.0,1639.546875,53.3849097290251,0.0,0.0,35.0,35.0,70.0,88437,15107.0,17.082216719246468,0.3804700488785344,Watch
422290,7395.0,17532.40219,CHN,China,Heilongjiang,2.743233185,0.0,0.59,0.57,7395.0,,,,,,,,,,,,,,,,,,,,,,,,,70.0,54.8646637,0.0,3.0,2.688,0.015,0.312,0.002,4.625,0.026,0.312,0.002,0.00312,0.002,0.069375,0.039,0.0078,0.005,0.126295,0.0,0.0,2557.265625,14.58593977793264,0.0,0.0,35.0,35.0,70.0,1911281,170094.0,8.899476319808548,0.6696075643079419,Watch
422421,7406.0,1846.46604,CHN,China,Heilongjiang,2.224827913,0.0,0.59,0.57,7406.0,,,,,,,,,,,,,,,,,,,,,,,,,21.63060369767913,44.49655826,0.0,,0.0,0.0,0.0,0.0,1.375,0.074,0.0,0.0,0.0,0.0,0.020625,0.1109999999999999,0.0,0.0,0.131625,0.0,0.0,96.328125,5.216891235051181,0.0,0.0,3.371484375,18.259119322679133,21.63060369767913,106132,,,0.1730103513387309,Information
422474,7446.0,36259.6154,CHN,China,Jilin,1.449307584,0.0,0.59,0.57,7446.0,,,,,,,,,,,,,,,,,,,,,,,,,60.32634247289115,28.98615168,0.0,3.0,17.875,0.049,14.875,0.041,0.25,0.001,0.0,0.0,0.14875,0.041,0.00375,0.0015,0.0,0.0,0.195,0.0,0.0,2623.78125,7.236097849397471,0.0,0.0,35.0,25.32634247289115,60.32634247289115,2079171,92788.0,4.4627401978961805,0.4352174723173838,Watch
422495,7465.0,17486.5221,CHN,China,Heilongjiang,1.28453425,0.0,0.59,0.57,7465.0,7465.0,0.0,13.0,-9999.0,-9999.0,-9999.0,0.0,1.0,-999.9,-999.9,-999.9,-5997.4,0.0,0.0,0.0,0.0,0.0,0.0,0.0,0.0,0.0,0.0,0.0,-5997.4,70.0,25.690685,0.0,3.0,,,,,,,,,,,,,,,,0.0,0.0,2874.65625,16.439268101356166,0.0,0.0,35.0,35.0,70.0,1696118,81763.0,4.820596208518511,0.4761809297294982,Watch
422498,7468.0,19743.55051,CHN,China,Nei Mongol,3.729829304,0.0,0.59,0.57,7468.0,,,,,,,,,,,,,,,,,,,,,,,,,0.4976199999999999,74.59658608,0.0,,65.812,0.333,33.062,0.167,0.0,0.0,0.0,0.0,0.3306199999999999,0.167,0.0,0.0,0.0,0.0,0.4976199999999999,0.0,0.0,3.9375,0.0199432214442283,0.0,0.0,0.1378125,0.069801275054799,0.207613775054799,378801,,,4.1980676849439365e-05,Information
422729,7521.0,5323.914379,CHN,China,Heilongjiang,4.007815305,0.0,0.59,0.57,7521.0,,,,,,,,,,,,,,,,,,,,,,,,,0.5255000000000001,80.15630610000001,0.0,,35.5,0.667,18.25,0.343,0.0,0.0,0.0,0.0,0.1825,0.343,0.0,0.0,0.0,0.0,0.5255000000000001,,,,,,,,,,37999,,,0.0001410032970984,Information
422730,7522.0,24439.22688,CHN,China,Heilongjiang,2.920713654,0.0,0.59,0.57,7522.0,7522.0,1.0,10.0,33.0,2.0,-9999.0,3.0,1.0,3.3,0.2,-999.9,-1981.75,0.0,0.0,0.0,0.0,0.0,0.0,0.0,0.0,0.0,0.0,0.0,-1981.75,24.94113385773184,58.41427308,0.0,,10.625,0.043,7.25,0.03,2.438,0.01,1.0,0.004,0.0725,0.03,0.03657,0.015,0.025,0.01,0.18907,85.640625,0.3504228076321855,468.984375,1.9189820417953016,1.284609375,0.5256342114482782,16.414453125,6.716437146283556,24.94113385773184,46013,,,0.3045919954895241,Information
422740,7523.0,16141.90054,CHN,China,Heilongjiang,4.00200704,0.0,0.59,0.57,7523.0,7523.0,1.0,1.0,100.0,3.0,-9999.0,3.0,10.0,10.0,0.3,-999.9,-1953.2,0.0,0.0,0.0,0.0,0.0,0.0,0.0,0.0,0.0,0.0,0.0,-1953.2,1.4268098597318486,80.04014079999999,0.0,,57.625,0.357,30.375,0.188,0.875,0.005,0.062,0.0,0.30375,0.188,0.013125,0.0075,0.00155,0.0,0.5139250000000001,4.921875,0.0304912980297122,23.0625,0.1428735107677944,0.073828125,0.0457369470445683,0.8071875,0.5000572876872804,1.4268098597318486,79578,,,0.0041663612186811,Information
422790,7528.0,1286.163684,CHN,China,Heilongjiang,1.987307982,0.0,0.59,0.57,7528.0,,,,,,,,,,,,,,,,,,,,,,,,,12.450987682367655,39.74615964,0.0,,19.875,1.545,17.812,1.385,4.25,0.33,2.25,0.175,0.17812,1.385,0.06375,0.495,0.05625,0.4375,2.61562,2.390625,0.1858725315661547,39.515625,3.072363610005264,0.035859375,0.278808797349232,1.383046875,10.753272635018424,12.450987682367655,28,,,0.0574246474877272,Information
422911,7564.0,5172.832781,CHN,China,Nei Mongol,2.484418398,0.0,0.59,0.57,7564.0,,,,,,,,,,,,,,,,,,,,,,,,,3.869043440653858,49.68836796,0.0,,21.688,0.419,21.688,0.419,1.688,0.033,1.062,0.021,0.21688,0.419,0.02532,0.0495,0.02655,0.0525,0.78975,0.0,0.0,37.6875,0.7285659830439595,0.0,0.0,1.3190625,2.549980940653858,3.869043440653858,4,,,0.0051553865006746,Information
422915,7568.0,4048.164688,CHN,China,Nei Mongol,1.597720107,0.0,0.59,0.57,7568.0,,,,,,,,,,,,,,,,,,,,,,,,,2.015459171228076,31.95440214,0.0,,7.188,0.178,7.188,0.178,0.812,0.02,0.0,0.0,0.07188,0.178,0.01218,0.03,0.0,0.0,0.29206,0.0,0.0,16.59375,0.4099079774937359,0.0,0.0,0.58078125,1.4346779212280758,2.015459171228076,4,,,0.0002163182934213,Information
422920,7573.0,15806.78755,CHN,China,Nei Mongol,3.67323991,0.0,0.59,0.57,7573.0,,,,,,,,,,,,,,,,,,,,,,,,,2.01088,73.4647982,0.0,,168.25,1.064,123.188,0.779,0.0,0.0,0.0,0.0,1.23188,0.779,0.0,0.0,0.0,0.0,2.01088,0.0,0.0,6.046875,0.038254926769089,0.0,0.0,0.211640625,0.1338922436918115,0.3455328686918115,42826,,,0.0049414495425494,Information
422932,7575.0,2670.338373,CHN,China,Nei Mongol,4.044276688,0.0,0.59,0.57,7575.0,,,,,,,,,,,,,,,,,,,,,,,,,0.22812,80.88553376,0.0,,4.812,0.18,4.812,0.18,0.0,0.0,0.0,0.0,0.04812,0.18,0.0,0.0,0.0,0.0,0.22812,,,,,,,,,,19255,,,4.748300178449206e-06,Information
422940,7583.0,15823.29695,CHN,China,Nei Mongol,3.515298603,0.0,0.59,0.57,7583.0,,,,,,,,,,,,,,,,,,,,,,,,,0.5585,70.30597206,0.0,,60.0,0.379,34.25,0.216,0.0,0.0,0.0,0.0,0.3425,0.216,0.0,0.0,0.0,0.0,0.5585,,,,,,,,,,113701,,,3.542002184035346e-05,Information
422961,7585.0,6203.100026,CHN,China,Nei Mongol,2.149706233,0.0,0.59,0.57,7585.0,7585.0,1.0,9.0,37.0,-9999.0,-9999.0,3.0,2.0,3.7,-999.9,-999.9,-3981.0,0.0,0.0,0.0,0.0,0.0,0.0,0.0,0.0,0.0,0.0,0.0,-3981.0,0.6813900353182188,42.99412466,0.0,,,,,,,,,,,,,,,,,0.0,0.0,7.453125,0.1201516172337768,0.0,0.0,0.260859375,0.4205306603182188,0.6813900353182188,8937,,,4.782626554705883e-06,Information
422962,7586.0,4947.517431,CHN,China,Nei Mongol,0.337773604,0.0,0.59,0.57,7586.0,7586.0,1.0,6.0,56.0,3.0,-9999.0,3.0,5.0,5.6,0.3,-999.9,-1971.9,0.0,0.0,0.0,0.0,0.0,0.0,0.0,0.0,0.0,0.0,0.0,-1971.9,3.0186193615522345,6.7554720800000005,0.0,,,,,,,,,,,,,,,,,0.0,0.0,28.546875,0.57699392472921,0.0,0.0,0.999140625,2.019478736552234,3.0186193615522345,34900,,,0.000301317368251,Information
422964,7588.0,20484.17682,CHN,China,Nei Mongol,2.119256372,0.0,0.59,0.57,7588.0,7588.0,1.0,6.0,64.0,7.0,-9999.0,3.0,5.0,6.4,0.7,-999.9,-1971.1,0.0,0.0,0.0,0.0,0.0,0.0,0.0,0.0,0.0,0.0,0.0,-1971.1,0.7764122895949452,42.385127440000005,0.0,,,,,,,,,,,,,,,,,0.0,0.0,14.90625,0.0727695827414129,0.0,0.0,0.52171875,0.2546935395949452,0.7764122895949452,531727,,,8.279703607846506e-06,Information
422965,7589.0,446.4810175,CHN,China,Nei Mongol,3.739950578,0.0,0.59,0.57,7589.0,7589.0,1.0,14.0,35.0,2.0,-9999.0,3.0,1.0,3.5,0.2,-999.9,-1984.4,0.0,0.0,0.0,0.0,0.0,0.0,0.0,0.0,0.0,0.0,0.0,-1984.4,0.8061124711291995,74.79901156,0.0,,,,,,,,,,,,,,,,,0.0,0.0,0.984375,0.220474098894057,0.0,0.0,0.034453125,0.7716593461291995,0.8061124711291995,141777,,,0.0002882722744076,Information
422966,7590.0,10759.95128,CHN,China,Nei Mongol,2.433355813,0.0,0.59,0.57,7590.0,7590.0,1.0,13.0,100.0,7.0,2.0,3.0,1.0,10.0,0.7,0.2,-368.56000000000006,0.0,0.0,0.0,0.0,0.0,0.0,0.0,0.0,0.0,0.0,0.0,-368.56000000000006,1.2819774124252472,48.66711626,0.0,,,,,,,,,,,,,,,,,0.0,0.0,18.984375,0.1764355106929278,0.0,0.0,0.664453125,0.6175242874252472,1.2819774124252472,26536,,,0.0001121588466954,Information
422980,7595.0,10638.36008,CHN,China,Nei Mongol,1.42803784,0.0,0.59,0.57,7595.0,,,,,,,,,,,,,,,,,,,,,,,,,0.44375,28.5607568,0.0,,47.312,0.445,22.875,0.215,0.0,0.0,0.0,0.0,0.22875,0.215,0.0,0.0,0.0,0.0,0.44375,0.0,0.0,2.8125,0.0264373454068454,0.0,0.0,0.0984375,0.0925307089239589,0.1909682089239588,8447,,,1.873895430086281e-07,Information
424500,7667.0,25728.25267,CHN,China,Liaoning,2.101809448,3.139211742,0.59,0.57,7667.0,,,,,,,,,,,,,,,,,,,,,,,,,60.70146969432659,42.03618896,62.78423484,3.0,9.625,0.037,7.438,0.029,1.125,0.004,4.5,0.017,0.07438,0.029,0.016875,0.006,0.1125,0.0425,0.281255,0.0,0.0,1889.296875,7.343277055521883,0.0,0.0,35.0,25.70146969432659,60.70146969432659,10621957,518629.0,4.882612497866448,0.6876624905866965,Watch
424901,7695.0,416.492473,CHN,China,Liaoning,4.026617313,3.050236313,0.59,0.57,7695.0,,,,,,,,,,,,,,,,,,,,,,,,,48.943671875,80.53234626,61.00472626,3.0,0.0,0.0,0.0,0.0,0.188,0.045,0.062,0.015,0.0,0.0,0.00282,0.0675,0.00155,0.0375,0.10937,0.0,0.0,398.390625,95.6537394568639,0.0,0.0,13.943671875,35.0,48.943671875,41121,28445.0,69.17390141290338,0.8217137456522019,Warning
431000,7704.0,18606.86195,CHN,China,Hebei,0.565458123,0.0,0.59,0.57,7704.0,,,,,,,,,,,,,,,,,,,,,,,,,23.08712594876188,11.30916246,0.0,,50.812,0.273,47.125,0.253,0.0,0.0,0.0,0.0,0.47125,0.253,0.0,0.0,0.0,0.0,0.7242500000000001,0.0,0.0,429.046875,2.305852949646251,0.0,0.0,15.016640625,8.07048532376188,23.08712594876188,1155807,,,0.0891703772077131,Information
431600,7718.0,4645.310953,CHN,China,Nei Mongol,1.915772719,0.0,0.59,0.57,7718.0,,,,,,,,,,,,,,,,,,,,,,,,,8.736204291478753,38.31545438,0.0,,6.125,0.132,6.125,0.132,0.0,0.0,0.0,0.0,0.06125,0.132,0.0,0.0,0.0,0.0,0.19325,0.0,0.0,79.171875,1.7043396189939295,0.0,0.0,2.771015625,5.9651886664787535,8.736204291478753,602558,,,0.0253176538342202,Information
431627,7726.0,3558.514097,CHN,China,Hebei,0.572442308,0.0,0.59,0.57,7726.0,,,,,,,,,,,,,,,,,,,,,,,,,2.587933262335336,11.44884616,0.0,,16.688,0.469,15.25,0.429,0.0,0.0,0.0,0.0,0.1525,0.429,0.0,0.0,0.0,0.0,0.5815,0.0,0.0,19.40625,0.5453470035243818,0.0,0.0,0.67921875,1.9087145123353364,2.587933262335336,420522,,,0.0002056532958373,Information
431629,7728.0,10721.90729,CHN,China,Shanxi,0.773343084,0.0,0.59,0.57,7728.0,,,,,,,,,,,,,,,,,,,,,,,,,2.7205348379616487,15.46686168,0.0,,63.562,0.593,52.438,0.489,0.0,0.0,0.0,0.0,0.5243800000000001,0.489,0.0,0.0,0.0,0.0,1.0133800000000002,0.0,0.0,40.21875,0.3751081679890425,0.0,0.0,1.40765625,1.3128785879616487,2.7205348379616487,2949867,,,0.0002948423160108,Information
431649,7738.0,5171.643827,CHN,China,Hebei,1.816373613,0.0,0.59,0.57,7738.0,,,,,,,,,,,,,,,,,,,,,,,,,1.3716970872459429,36.32747226,0.0,,9.438,0.182,7.75,0.15,0.0,0.0,0.0,0.0,0.0775,0.15,0.0,0.0,0.0,0.0,0.2274999999999999,0.0,0.0,13.359375,0.2583197034988408,0.0,0.0,0.467578125,0.9041189622459428,1.3716970872459429,1092801,,,6.209490745573029e-05,Information
431900,7754.0,3792.339562,CHN,China,Shandong,4.077040918,4.002716076,0.59,0.57,7754.0,,,,,,,,,,,,,,,,,,,,,,,,,48.343203125,81.54081836,80.05432151999999,3.0,5.062,0.133,1.188,0.031,7.375,0.194,1.375,0.036,0.01188,0.031,0.110625,0.291,0.034375,0.09,0.56888,0.0,0.0,381.234375,10.05274893688464,0.0,0.0,13.343203125,35.0,48.343203125,850803,36521.0,4.2925330540677455,0.8321669491073187,Warning
432101,7764.0,6585.752678,CHN,China,Shandong,4.009325483,0.324468259,0.59,0.57,7764.0,,,,,,,,,,,,,,,,,,,,,,,,,55.10992323007916,80.18650965999998,6.48936518,3.0,24.438,0.371,12.562,0.191,28.188,0.428,5.625,0.085,0.1256199999999999,0.191,0.42282,0.642,0.140625,0.2125,1.734565,0.0,0.0,625.21875,9.493504851451188,0.0,0.0,21.88265625,33.22726698007916,55.10992323007916,5814934,84685.0,1.456336391780199,0.8468382185414205,Warning
432105,7768.0,7990.41956,CHN,China,Henan,4.004521049,0.0,0.59,0.57,7768.0,7768.0,0.0,9.0,-9999.0,-9999.0,-9999.0,0.0,2.0,-999.9,-999.9,-999.9,-5327.999999999999,0.0,0.0,0.0,0.0,0.0,0.0,0.0,0.0,0.0,0.0,0.0,-5327.999999999999,21.476131795486094,80.09042098,0.0,,,,,,,,,,,,,,,,,0.0,0.0,272.53125,3.4107251558531693,0.0,0.0,9.53859375,11.937538045486091,21.476131795486094,5671432,,,0.5301874996655549,Advisory
432108,7771.0,18953.17168,CHN,China,Henan,1.374384182,0.0,0.59,0.57,7771.0,7771.0,0.0,1.0,5.0,2.0,2.0,0.0,10.0,0.5,0.2,0.2,21.8,0.0,0.0,0.0,0.0,0.0,0.0,0.0,0.0,0.0,0.0,0.0,21.8,21.8,27.48768364,0.0,,,,,,,,,,,,,,,,,0.0,0.0,19.6875,0.1038744349918602,0.0,0.0,0.6890625,0.3635605224715107,1.0526230224715107,8167004,,,0.1147115108826591,Information
432500,7800.0,28547.39998,CHN,China,Shaanxi,2.149946071,0.0,0.59,0.57,7800.0,7800.0,0.0,8.0,-9999.0,-9999.0,-9999.0,0.0,3.0,-999.9,-999.9,-999.9,-5993.4,0.0,0.0,0.0,0.0,0.0,0.0,0.0,0.0,0.0,0.0,0.0,-5993.4,0.2259633616253832,42.99892142,0.0,,,,,,,,,,,,,,,,,0.0,0.0,4.78125,0.0167484604643952,0.0,0.0,0.16734375,0.0586196116253832,0.2259633616253832,2512023,,,1.5970279994587946e-08,Information
432600,7801.0,8267.41239,CHN,China,Nei Mongol,0.956694276,0.0,0.59,0.57,7801.0,,,,,,,,,,,,,,,,,,,,,,,,,1.1418979956943416,19.13388552,0.0,,66.938,0.81,24.0,0.29,0.0,0.0,0.0,0.0,0.24,0.29,0.0,0.0,0.0,0.0,0.53,0.0,0.0,14.765625,0.1786003201983833,0.0,0.0,0.516796875,0.6251011206943415,1.1418979956943416,406709,,,1.02166316950132e-05,Information
432604,7805.0,12796.99625,CHN,China,Nei Mongol,1.838000433,0.0,0.59,0.57,7805.0,,,,,,,,,,,,,,,,,,,,,,,,,4.734715898148249,36.76000866,0.0,,128.125,1.001,68.938,0.539,0.0,0.0,0.0,0.0,0.68938,0.539,0.0,0.0,0.0,0.0,1.22838,0.0,0.0,75.9375,0.5934009708994998,0.0,0.0,2.6578125,2.076903398148249,4.734715898148249,692182,,,0.0047707784701424,Information
432607,7808.0,3523.019085,CHN,China,Shaanxi,0.747450461,0.0,0.59,0.57,7808.0,,,,,,,,,,,,,,,,,,,,,,,,,0.3400648543745936,14.94900922,0.0,,4.062,0.115,2.938,0.083,0.0,0.0,0.0,0.0,0.02938,0.083,0.0,0.0,0.0,0.0,0.11238,0.0,0.0,2.53125,0.0718488869641696,0.0,0.0,0.08859375,0.2514711043745936,0.3400648543745936,160294,,,1.6770540612544463e-08,Information
432608,7809.0,4682.888245,CHN,China,Nei Mongol,1.653566385,0.0,0.59,0.57,7809.0,,,,,,,,,,,,,,,,,,,,,,,,,0.6018564046676559,33.0713277,0.0,,16.562,0.354,8.938,0.191,0.0,0.0,0.0,0.0,0.08938,0.191,0.0,0.0,0.0,0.0,0.28038,0.0,0.0,5.484375,0.1171152227621874,0.0,0.0,0.191953125,0.4099032796676559,0.6018564046676559,18613,,,1.2303223028626784e-06,Information
432609,7810.0,9424.203756,CHN,China,Nei Mongol,0.267240316,0.0,0.59,0.57,7810.0,,,,,,,,,,,,,,,,,,,,,,,,,0.1185,5.34480632,0.0,,10.25,0.109,5.75,0.061,0.0,0.0,0.0,0.0,0.0575,0.061,0.0,0.0,0.0,0.0,0.1185,,,,,,,,,,88220,,,1.169834314866414e-11,Information
432700,7811.0,15277.5454,CHN,China,Nei Mongol,0.941744386,0.0,0.59,0.57,7811.0,,,,,,,,,,,,,,,,,,,,,,,,,0.5781895586262771,18.83488772,0.0,,41.938,0.275,19.0,0.124,0.188,0.001,0.0,0.0,0.19,0.124,0.00282,0.0015,0.0,0.0,0.31832,0.0,0.0,9.984375,0.0653532667503649,0.0,0.0,0.349453125,0.2287364336262771,0.5781895586262771,105962,,,3.820132417423576e-07,Information
432720,7822.0,17659.85855,CHN,China,Nei Mongol,2.361986209,0.0,0.59,0.57,7822.0,,,,,,,,,,,,,,,,,,,,,,,,,4.972250825710768,47.23972418,0.0,,17.25,0.098,9.75,0.055,0.0,0.0,0.0,0.0,0.0975,0.055,0.0,0.0,0.0,0.0,0.1525,0.0,0.0,90.703125,0.5136118430602195,0.0,0.0,3.174609375,1.797641450710768,4.972250825710768,3791540,,,0.0090911177929781,Information
432730,7823.0,21030.11883,CHN,China,Nei Mongol,2.779839887,0.0,0.59,0.57,7823.0,,,,,,,,,,,,,,,,,,,,,,,,,4.713212151338506,55.59679774,0.0,,20.75,0.099,10.625,0.051,0.125,0.001,0.0,0.0,0.10625,0.051,0.001875,0.0015,0.0,0.0,0.160625,0.0,0.0,91.265625,0.4339757932395731,0.0,0.0,3.194296875,1.518915276338506,4.713212151338506,3393855,,,0.0124502797472513,Information
432740,7824.0,26629.35037,CHN,China,Nei Mongol,3.131289446,0.0,0.59,0.57,7824.0,,,,,,,,,,,,,,,,,,,,,,,,,70.0,62.62578892,0.0,3.0,179.688,0.675,107.875,0.405,3.062,0.012,0.562,0.002,1.07875,0.405,0.04593,0.018,0.01405,0.005,1.56673,0.0,0.0,3683.53125,13.832598990756525,0.0,0.0,35.0,35.0,70.0,1471938,230629.0,15.668390924074247,0.7348389234089795,Watch
432750,7825.0,1205.133484,CHN,China,Ningxia Hui,1.244016497,0.0,0.59,0.57,7825.0,,,,,,,,,,,,,,,,,,,,,,,,,0.5871200000000001,24.880329940000003,0.0,,24.938,2.069,6.312,0.524,0.0,0.0,0.0,0.0,0.06312,0.524,0.0,0.0,0.0,0.0,0.5871200000000001,0.0,0.0,1.265625,0.1050194867717213,0.0,0.0,0.044296875,0.3675682037010245,0.4118650787010245,54034,,,6.1232093545494e-07,Information
432752,7827.0,7558.160045,CHN,China,Ningxia Hui,1.194951306,0.0,0.59,0.57,7827.0,,,,,,,,,,,,,,,,,,,,,,,,,26.17214344477724,23.89902612,0.0,,23.312,0.308,21.625,0.286,2.5,0.033,0.0,0.0,0.21625,0.286,0.0375,0.0495,0.0,0.0,0.5892499999999999,0.0,0.0,321.890625,4.258849019936354,0.0,0.0,11.266171875,14.905971569777238,26.17214344477724,2184644,,,0.1429034231175485,Information
432754,7829.0,10798.4517,CHN,China,Nei Mongol,0.29675866,0.0,0.59,0.57,7829.0,,,,,,,,,,,,,,,,,,,,,,,,,0.7204663274882311,5.9351732,0.0,,44.25,0.41,16.0,0.148,0.812,0.008,0.0,0.0,0.16,0.148,0.01218,0.012,0.0,0.0,0.33218,0.0,0.0,10.6875,0.0989725221394946,0.0,0.0,0.3740625,0.3464038274882311,0.7204663274882311,46563,,,5.528162510654217e-07,Information
432755,7830.0,5727.200891,CHN,China,Nei Mongol,3.043106497,0.0,0.59,0.57,7830.0,7830.0,0.0,11.0,-9999.0,-9999.0,-9999.0,0.0,1.0,-999.9,-999.9,-999.9,-5997.4,0.0,0.0,0.0,0.0,0.0,0.0,0.0,0.0,0.0,0.0,0.0,-5997.4,24.0985515672966,60.86212994,0.0,,17.25,0.301,12.312,0.215,1.062,0.019,0.062,0.001,0.12312,0.215,0.01593,0.0284999999999999,0.00155,0.0025,0.3865999999999999,0.0,0.0,250.734375,4.3779566977990285,0.0,0.0,8.775703125,15.3228484422966,24.0985515672966,941159,,,0.3138598777362072,Information
432759,7834.0,3816.100134,CHN,China,Ningxia Hui,1.300870342,0.0,0.59,0.57,7834.0,7834.0,0.0,10.0,-9999.0,-9999.0,-9999.0,0.0,1.0,-999.9,-999.9,-999.9,-5997.4,0.0,0.0,0.0,0.0,0.0,0.0,0.0,0.0,0.0,0.0,0.0,-5997.4,4.846912660981829,26.01740684,0.0,,,,,,,,,,,,,,,,,0.0,0.0,38.25,1.002332188851951,0.0,0.0,1.33875,3.5081626609818284,4.846912660981829,898340,,,0.0032103264855686,Information
432800,7839.0,29670.92361,CHN,China,Qinghai,4.00739653,0.0,0.59,0.57,7839.0,,,,,,,,,,,,,,,,,,,,,,,,,11.351700531814076,80.14793060000001,0.0,,55.75,0.188,28.188,0.095,0.062,0.0,0.0,0.0,0.2818799999999999,0.095,0.0009299999999999,0.0,0.0,0.0,0.37781,0.0,0.0,242.578125,0.817561759089736,0.0,0.0,8.490234375,2.861466156814076,11.351700531814076,87573,,,0.2881010977082823,Information
432804,7843.0,15599.64739,CHN,China,Qinghai,3.634898911,0.0,0.59,0.57,7843.0,7843.0,0.0,7.0,-9999.0,-9999.0,-9999.0,0.0,4.0,-999.9,-999.9,-999.9,-5991.4,0.0,0.0,0.0,0.0,0.0,0.0,0.0,0.0,0.0,0.0,0.0,-5991.4,0.6219285682778882,72.69797822,0.0,,26.75,0.171,10.75,0.069,0.0,0.0,0.0,0.0,0.1075,0.069,0.0,0.0,0.0,0.0,0.1765,0.0,0.0,10.828125,0.0694126266508252,0.0,0.0,0.378984375,0.2429441932778882,0.6219285682778882,3545263,,,7.782082262522031e-05,Information
432805,7844.0,13043.36283,CHN,China,Qinghai,3.016616942,0.0,0.59,0.57,7844.0,,,,,,,,,,,,,,,,,,,,,,,,,3.321622131419047,60.332338840000006,0.0,,40.375,0.31,15.812,0.121,0.0,0.0,0.0,0.0,0.1581199999999999,0.121,0.0,0.0,0.0,0.0,0.27912,0.0,0.0,53.71875,0.4118473946911563,0.0,0.0,1.88015625,1.441465881419047,3.321622131419047,319986,,,0.0065675898268867,Information
432954,7858.0,1913.86226,CHN,China,Qinghai,0.730497899,0.0,0.59,0.57,7858.0,,,,,,,,,,,,,,,,,,,,,,,,,0.7046935753786638,14.60995798,0.0,,12.062,0.63,3.688,0.193,0.0,0.0,0.0,0.0,0.03688,0.193,0.0,0.0,0.0,0.0,0.22988,0.0,0.0,3.234375,0.1689972715367611,0.0,0.0,0.113203125,0.5914904503786639,0.7046935753786638,85402,,,8.044075050509943e-07,Information
432980,7866.0,7687.586557,CHN,China,Sichuan,1.489048017,0.0,0.59,0.57,7866.0,,,,,,,,,,,,,,,,,,,,,,,,,27.653798811565142,29.78096034,0.0,,33.75,0.439,17.938,0.233,0.0,0.0,0.0,0.0,0.1793799999999999,0.233,0.0,0.0,0.0,0.0,0.4123799999999999,0.0,0.0,343.40625,4.467022874732899,0.0,0.0,12.01921875,15.634580061565146,27.653798811565142,73838,,,0.1757053747142724,Information
432992,7868.0,5504.298111,CHN,China,Sichuan,2.399549909,0.0,0.59,0.57,7868.0,7868.0,1.0,14.0,35.0,3.0,-9999.0,3.0,1.0,3.5,0.3,-999.9,-1984.2,0.0,0.0,0.0,0.0,0.0,0.0,0.0,0.0,0.0,0.0,0.0,-1984.2,3.465937696434959,47.990998180000005,0.0,,8.0,0.145,5.75,0.104,0.0,0.0,0.0,0.0,0.0575,0.104,0.0,0.0,0.0,0.0,0.1615,0.0,0.0,35.15625,0.638705413267131,0.0,0.0,1.23046875,2.235468946434959,3.465937696434959,42745,,,0.003380081892913,Information
432995,7871.0,8005.332592,CHN,China,Qinghai,3.283967193,0.0,0.59,0.57,7871.0,7871.0,0.0,15.0,-9999.0,-9999.0,-9999.0,0.0,1.0,-999.9,-999.9,-999.9,-5997.4,0.0,0.0,0.0,0.0,0.0,0.0,0.0,0.0,0.0,0.0,0.0,-5997.4,4.881923135809991,65.67934386,0.0,,,,,,,,,,,,,,,,,0.0,0.0,62.015625,0.7746789316599976,0.0,0.0,2.170546875,2.7113762608099914,4.881923135809991,4932,,,0.0255756564896906,Information
432996,7872.0,5659.935185,CHN,China,Qinghai,0.735293769,0.0,0.59,0.57,7872.0,,,,,,,,,,,,,,,,,,,,,,,,,0.8034541416234442,14.70587538,0.0,,15.625,0.276,14.375,0.254,0.125,0.002,0.0,0.0,0.14375,0.254,0.001875,0.003,0.0,0.0,0.402625,0.0,0.0,8.296875,0.1465895761781269,0.0,0.0,0.290390625,0.5130635166234442,0.8034541416234442,239,,,1.5435299392072188e-06,Information
432997,7873.0,3013.372845,CHN,China,Qinghai,3.03300386,0.0,0.59,0.57,7873.0,,,,,,,,,,,,,,,,,,,,,,,,,4.421105894859161,60.6600772,0.0,,8.25,0.274,7.438,0.247,1.938,0.064,0.0,0.0,0.07438,0.247,0.02907,0.096,0.0,0.0,0.44645,0.0,0.0,29.25,0.970673112816903,0.0,0.0,1.02375,3.3973558948591607,4.421105894859161,13,,,0.014413291267635,Information
433010,7876.0,2738.083556,CHN,China,Shandong,1.138887015,2.007517466,0.59,0.57,7876.0,,,,,,,,,,,,,,,,,,,,,,,,,51.2028125,22.7777403,40.15034932,,3.25,0.119,2.875,0.105,10.938,0.399,0.938,0.034,0.02875,0.105,0.16407,0.5985,0.02345,0.085,1.00477,0.0,0.0,462.9375,16.907354744183426,0.0,0.0,16.2028125,35.0,51.2028125,1121955,,,0.4380002993471388,Advisory
433051,7880.0,140.1259646,CHN,China,Shandong,3.731771322,2.62510816,0.59,0.57,7880.0,,,,,,,,,,,,,,,,,,,,,,,,,26.000288966358376,74.63542644,52.5021632,,3.75,2.676,3.75,2.676,0.188,0.134,0.0,0.0,0.0375,2.676,0.00282,0.201,0.0,0.0,2.91732,0.0,0.0,10.265625,7.325997740388108,0.0,0.0,0.359296875,25.640992091358378,26.000288966358376,16903,,,0.5098744858556864,Advisory
433053,7882.0,15728.80564,CHN,China,Shandong,0.752180757,2.155693913,0.59,0.57,7882.0,,,,,,,,,,,,,,,,,,,,,,,,,42.65465307719164,15.04361514,43.11387826,,11.5,0.073,8.875,0.056,2.312,0.015,2.062,0.013,0.08875,0.056,0.03468,0.0225,0.0515499999999999,0.0325,0.28598,0.0,0.0,745.03125,4.736731236340468,0.0,0.0,26.07609375,16.578559327191638,42.65465307719164,9006130,,,0.3867058876741966,Advisory
433058,7887.0,3959.904621,CHN,China,Jiangsu,3.012010666,2.877729648,0.59,0.57,7887.0,,,,,,,,,,,,,,,,,,,,,,,,,21.61953494224728,60.24021332,57.55459296,,0.0,0.0,0.0,0.0,2.688,0.068,0.0,0.0,0.0,0.0,0.04032,0.102,0.0,0.0,0.14232,0.0,0.0,175.21875,4.424822483499223,0.0,0.0,6.13265625,15.48687869224728,21.61953494224728,2130109,,,0.2711764837086307,Information
433059,7888.0,2016.381632,CHN,China,Jiangsu,3.791585949,4.004243578,0.59,0.57,7888.0,,,,,,,,,,,,,,,,,,,,,,,,,18.068091123851627,75.83171898,80.08487156,,0.375,0.019,0.375,0.019,4.75,0.236,0.0,0.0,0.00375,0.019,0.07125,0.354,0.0,0.0,0.4479999999999999,0.0,0.0,86.625,4.296061749671893,0.0,0.0,3.031875,15.036216123851627,18.068091123851627,1125036,,,0.461231290814358,Advisory
433061,7889.0,883.8488252,CHN,China,Jiangsu,4.014605865,4.019671172,0.59,0.57,7889.0,,,,,,,,,,,,,,,,,,,,,,,,,18.36444129180741,80.2921173,80.39342343999999,,0.0,0.0,0.0,0.0,1.312,0.148,0.0,0.0,0.0,0.0,0.01968,0.2219999999999999,0.0,0.0,0.2416799999999999,0.0,0.0,42.609375,4.820889476230688,0.0,0.0,1.491328125,16.873113166807407,18.36444129180741,411115,,,0.4739083383172517,Advisory
433062,7890.0,2672.827026,CHN,China,Jiangsu,2.767251756,1.503519592,0.59,0.57,7890.0,,,,,,,,,,,,,,,,,,,,,,,,,9.427891983096025,55.34503512,30.07039184,,0.0,0.0,0.0,0.0,1.688,0.063,0.0,0.0,0.0,0.0,0.02532,0.0945,0.0,0.0,0.11982,0.0,0.0,56.8125,2.125558423741721,0.0,0.0,1.9884375,7.439454483096024,9.427891983096025,1991996,,,0.0599381555945737,Information
433066,7894.0,12525.94872,CHN,China,Shandong,2.068005587,0.0,0.59,0.57,7894.0,,,,,,,,,,,,,,,,,,,,,,,,,14.099990409936602,41.36011174,0.0,,0.375,0.003,0.375,0.003,3.562,0.028,0.0,0.0,0.00375,0.003,0.05343,0.042,0.0,0.0,0.1021799999999999,0.0,0.0,224.015625,1.7884124385533144,0.0,0.0,7.840546875,6.259443534936601,14.099990409936602,7145074,,,0.0770437691755989,Information
433067,7895.0,13592.93171,CHN,China,Shandong,1.987200543,0.0,0.59,0.57,7895.0,7895.0,0.0,11.0,3.0,2.0,-9999.0,0.0,1.0,0.3,0.2,-999.9,-1996.8,0.0,0.0,0.0,0.0,0.0,0.0,0.0,0.0,0.0,0.0,0.0,-1996.8,41.84254927080329,39.74401086,0.0,,0.0,0.0,0.0,0.0,8.438,0.062,0.438,0.003,0.0,0.0,0.12657,0.093,0.01095,0.0075,0.2380199999999999,0.0,0.0,688.78125,5.067201577372368,0.0,0.0,24.10734375,17.73520552080329,41.84254927080329,9709875,,,0.3576720745036201,Advisory
433070,7898.0,3313.151553,CHN,China,Jiangsu,3.700350054,4.014803789,0.59,0.57,7898.0,,,,,,,,,,,,,,,,,,,,,,,,,17.12726611011973,74.00700108,80.29607578,,0.0,0.0,0.0,0.0,3.0,0.091,0.0,0.0,0.0,0.0,0.045,0.1365,0.0,0.0,0.1815,0.0,0.0,121.78125,3.675692102891352,0.0,0.0,4.26234375,12.864922360119731,17.12726611011973,1195899,,,0.4442722740245142,Advisory
433080,7899.0,12161.63055,CHN,China,Jiangsu,4.004834897,4.00044793,0.59,0.57,7899.0,,,,,,,,,,,,,,,,,,,,,,,,,70.0,80.09669794000001,80.0089586,3.0,6.75,0.056,5.125,0.042,76.938,0.633,1.5,0.012,0.05125,0.042,1.1540700000000002,0.9495,0.0375,0.03,2.26432,0.0,0.0,1753.453125,14.417911456973863,0.0,0.0,35.0,35.0,70.0,6829259,291223.0,4.264342588266165,0.895733508552097,Warning
433090,7900.0,17571.2833,CHN,China,Jiangsu,3.020279516,4.010231324,0.59,0.57,7900.0,,,,,,,,,,,,,,,,,,,,,,,,,32.451899903005454,60.40559032,80.20462648,3.0,6.938,0.039,6.5,0.037,4.438,0.025,1.25,0.007,0.065,0.037,0.06657,0.0375,0.03125,0.0175,0.25482,0.0,0.0,590.90625,3.3629089008587014,0.0,0.0,20.68171875,11.770181153005456,32.451899903005454,10214306,134247.0,1.3143036834807964,0.6894566294303487,Watch
434100,7901.0,4434.682919,CHN,China,Jiangsu,2.720210911,2.104795596,0.59,0.57,7901.0,,,,,,,,,,,,,,,,,,,,,,,,,16.773432168497727,54.40421822,42.095911920000006,,0.812,0.018,0.5,0.011,1.75,0.039,0.0,0.0,0.005,0.011,0.02625,0.0584999999999999,0.0,0.0,0.1007499999999999,0.0,0.0,147.234375,3.320065440999351,0.0,0.0,5.153203125,11.620229043497728,16.773432168497727,5360128,,,0.1586506586336376,Information
434210,7902.0,17607.67908,CHN,China,Jiangsu,4.006733249,1.047837284,0.59,0.57,7902.0,,,,,,,,,,,,,,,,,,,,,,,,,62.51414050634339,80.13466498,20.95674568,3.0,4.75,0.027,3.562,0.02,55.375,0.314,4.438,0.025,0.03562,0.02,0.830625,0.471,0.11095,0.0625,1.5306949999999997,0.0,0.0,1384.171875,7.861183001812397,0.0,0.0,35.0,27.514140506343388,62.51414050634339,9824519,236337.0,2.405583418384147,0.8741885758653811,Warning
434220,7903.0,9875.830734,CHN,China,Anhui,2.547217402,0.0,0.59,0.57,7903.0,,,,,,,,,,,,,,,,,,,,,,,,,29.25133412152447,50.94434804,0.0,,1.625,0.016,1.625,0.016,30.75,0.311,2.188,0.022,0.01625,0.016,0.46125,0.4665,0.0547,0.0549999999999999,1.0697,0.0,0.0,415.265625,4.2048677847212765,0.0,0.0,14.534296875,14.717037246524468,29.25133412152447,5121363,,,0.3025675301604181,Information
434230,7904.0,6121.721305,CHN,China,Anhui,1.849513264,0.0,0.59,0.57,7904.0,,,,,,,,,,,,,,,,,,,,,,,,,59.73734375,36.99026528,0.0,,2.75,0.045,2.75,0.045,33.938,0.554,2.562,0.042,0.0275,0.045,0.50907,0.8310000000000001,0.06405,0.105,1.58162,0.0,0.0,706.78125,11.545465968685065,0.0,0.0,24.73734375,35.0,59.73734375,1550118,,,0.4787337376828217,Advisory
434250,7906.0,3131.490257,CHN,China,Anhui,2.287918052,0.0,0.59,0.57,7906.0,,,,,,,,,,,,,,,,,,,,,,,,,16.07796165185254,45.75836104,0.0,,0.062,0.002,0.062,0.002,2.625,0.084,0.0,0.0,0.00062,0.002,0.039375,0.126,0.0,0.0,0.167995,0.0,0.0,109.546875,3.4982345791007257,0.0,0.0,3.834140625,12.24382102685254,16.07796165185254,1815967,,,0.1119925815303439,Information
434270,7908.0,16666.40692,CHN,China,Anhui,2.221501122,0.0,0.59,0.57,7908.0,,,,,,,,,,,,,,,,,,,,,,,,,46.53364695892783,44.43002244,0.0,,0.0,0.0,0.0,0.0,21.625,0.13,0.0,0.0,0.0,0.0,0.324375,0.195,0.0,0.0,0.519375,0.0,0.0,830.953125,4.985796452550809,0.0,0.0,29.083359375,17.45028758392783,46.53364695892783,8379298,,,0.4295706183922974,Advisory
434282,7910.0,6735.604863,CHN,China,Anhui,2.001922234,0.0,0.59,0.57,7910.0,7910.0,0.0,9.0,2.0,-9999.0,-9999.0,0.0,2.0,0.2,-999.9,-999.9,-3995.2,0.0,0.0,0.0,0.0,0.0,0.0,0.0,0.0,0.0,0.0,0.0,-3995.2,22.31815349545517,40.03844468,0.0,,,,,,,,,,,,,,,,,0.0,0.0,256.640625,3.8102090344157657,0.0,0.0,8.982421875,13.33573162045518,22.31815349545517,1759762,,,0.1615020876875863,Information
434283,7911.0,7141.146954,CHN,China,Anhui,1.60015272,0.0,0.59,0.57,7911.0,,,,,,,,,,,,,,,,,,,,,,,,,70.0,32.0030544,0.0,3.0,0.0,0.0,0.0,0.0,10.625,0.149,0.0,0.0,0.0,0.0,0.159375,0.2234999999999999,0.0,0.0,0.3828749999999999,0.0,0.0,1588.078125,22.238418214681698,0.0,0.0,35.0,35.0,70.0,2920972,300489.0,10.287294777217996,0.5115806471355838,Watch
434301,7927.0,2106.919372,CHN,China,Jiangsu,3.636568205,1.940598092,0.59,0.57,7927.0,,,,,,,,,,,,,,,,,,,,,,,,,20.90069617522833,72.73136410000001,38.81196184,,0.875,0.042,0.75,0.036,1.125,0.053,0.0,0.0,0.0075,0.036,0.016875,0.0795,0.0,0.0,0.139875,0.0,0.0,103.921875,4.932408728636665,0.0,0.0,3.637265625,17.26343055022833,20.90069617522833,2812817,,,0.3951370464574698,Advisory
434302,7928.0,8157.056368,CHN,China,Anhui,1.868334489,0.0,0.59,0.57,7928.0,,,,,,,,,,,,,,,,,,,,,,,,,45.31302839788575,37.36668978,0.0,,0.188,0.002,0.188,0.002,47.0,0.576,2.25,0.028,0.00188,0.002,0.705,0.8639999999999999,0.05625,0.07,1.6991299999999998,0.0,0.0,581.625,7.130329542253071,0.0,0.0,20.356875,24.956153397885743,45.31302839788575,3479635,,,0.3730815803060858,Advisory
434303,7929.0,4977.485509,CHN,China,Jiangsu,2.434281151,0.0,0.59,0.57,7929.0,7929.0,0.0,13.0,7.0,2.0,-9999.0,0.0,1.0,0.7,0.2,-999.9,-1996.0,0.0,0.0,0.0,0.0,0.0,0.0,0.0,0.0,0.0,0.0,0.0,-1996.0,23.00016434721933,48.68562302,0.0,,7.688,0.154,7.688,0.154,2.812,0.057,0.062,0.001,0.07688,0.154,0.04218,0.0855,0.00155,0.0025,0.36261,0.0,0.0,218.390625,4.387569277776952,0.0,0.0,7.643671875,15.356492472219331,23.00016434721933,9429500,,,0.2111406820074153,Information
434304,7930.0,18871.09794,CHN,China,Anhui,3.251226564,0.0,0.59,0.57,7930.0,,,,,,,,,,,,,,,,,,,,,,,,,69.05728906214011,65.02453128,0.0,3.0,15.312,0.081,11.75,0.062,111.062,0.589,7.938,0.042,0.1175,0.062,1.66593,0.8835,0.19845,0.105,3.03238,0.0,0.0,1836.28125,9.73065401775432,0.0,0.0,35.0,34.05728906214012,69.05728906214011,5466042,395772.0,7.240559073640488,0.7518394187092154,Watch
434305,7931.0,987.2263418,CHN,China,Anhui,3.239188477,0.0,0.59,0.57,7931.0,,,,,,,,,,,,,,,,,,,,,,,,,31.497041364566847,64.78376954,0.0,,0.0,0.0,0.0,0.0,1.438,0.146,0.0,0.0,0.0,0.0,0.02157,0.2189999999999999,0.0,0.0,0.2405699999999999,0.0,0.0,80.859375,8.190560925590528,0.0,0.0,2.830078125,28.666963239566847,31.497041364566847,444029,,,0.4555649525765763,Advisory
434306,7932.0,12504.66118,CHN,China,Anhui,2.071956894,0.0,0.59,0.57,7932.0,,,,,,,,,,,,,,,,,,,,,,,,,65.0830946867886,41.43913788,0.0,3.0,0.0,0.0,0.0,0.0,61.438,0.491,0.0,0.0,0.0,0.0,0.92157,0.7364999999999999,0.0,0.0,1.65807,0.0,0.0,1074.796875,8.595169910511027,0.0,0.0,35.0,30.083094686788595,65.0830946867886,9053110,322976.0,3.5675695976299853,0.5420494400723358,Watch
434307,7933.0,15015.09376,CHN,China,Anhui,2.385014137,0.0,0.59,0.57,7933.0,,,,,,,,,,,,,,,,,,,,,,,,,70.0,47.700282740000006,0.0,3.0,44.188,0.294,35.375,0.236,83.375,0.555,5.812,0.039,0.35375,0.236,1.250625,0.8325,0.1453,0.0975,2.9156750000000007,0.0,0.0,1820.25,12.122801425973536,0.0,0.0,35.0,35.0,70.0,5753639,467580.0,8.126682956647088,0.6146671634056262,Watch
434308,7934.0,5651.256003,CHN,China,Anhui,2.281998449,0.0,0.59,0.57,7934.0,,,,,,,,,,,,,,,,,,,,,,,,,7.4153848144604115,45.63996898,0.0,,22.812,0.404,18.75,0.332,8.438,0.149,2.25,0.04,0.1875,0.332,0.12657,0.2234999999999999,0.05625,0.1,1.02582,0.0,0.0,76.5,1.3536813755601176,0.0,0.0,2.6775,4.737884814460411,7.4153848144604115,1692860,,,0.023181563456433,Information
434309,7935.0,9031.972118,CHN,China,Anhui,3.359230808,0.0,0.59,0.57,7935.0,,,,,,,,,,,,,,,,,,,,,,,,,70.0,67.18461616,0.0,3.0,46.688,0.517,34.125,0.378,26.438,0.293,2.812,0.031,0.34125,0.378,0.39657,0.4395,0.0702999999999999,0.0775,1.7031199999999995,0.0,0.0,1290.09375,14.283632999348242,0.0,0.0,35.0,35.0,70.0,2841531,259179.0,9.12110408086345,0.775654106310631,Watch
434410,7936.0,1073.107589,CHN,China,Jiangxi,3.148464912,0.0,0.59,0.57,7936.0,7936.0,0.0,9.0,-9999.0,-9999.0,-9999.0,0.0,2.0,-999.9,-999.9,-999.9,-5995.4,0.0,0.0,0.0,0.0,0.0,0.0,0.0,0.0,0.0,0.0,0.0,-5995.4,28.49178736149513,62.96929824,0.0,,4.625,0.431,3.812,0.355,0.375,0.035,0.125,0.012,0.03812,0.355,0.005625,0.0525,0.003125,0.03,0.4843699999999999,0.0,0.0,78.890625,7.351604424712896,0.0,0.0,2.761171875,25.730615486495136,28.49178736149513,285794,,,0.3966100453834774,Advisory
434421,7937.0,1845.703545,CHN,China,Jiangxi,3.474416895,0.0,0.59,0.57,7937.0,7937.0,0.0,9.0,-9999.0,-9999.0,-9999.0,0.0,2.0,-999.9,-999.9,-999.9,-5995.4,0.0,0.0,0.0,0.0,0.0,0.0,0.0,0.0,0.0,0.0,0.0,-5995.4,41.56578125,69.4883379,0.0,3.0,2.0,0.108,1.75,0.095,1.75,0.095,0.0,0.0,0.0175,0.095,0.02625,0.1425,0.0,0.0,0.28125,0.0,0.0,187.59375,10.163807210262853,0.0,0.0,6.56578125,35.0,41.56578125,515704,15940.0,3.0909203729271058,0.6214032423421766,Watch
434422,7938.0,21497.65181,CHN,China,Jiangxi,2.399474263,0.0,0.59,0.57,7938.0,,,,,,,,,,,,,,,,,,,,,,,,,26.588318390301502,47.98948526,0.0,,2.938,0.014,2.812,0.013,4.875,0.023,0.312,0.001,0.02812,0.013,0.073125,0.0345,0.0078,0.0025,0.159045,0.0,0.0,518.484375,2.4118186472290004,0.0,0.0,18.146953125,8.441365265301501,26.588318390301502,5221403,,,0.251118564408417,Information
434425,7941.0,1560.555963,CHN,China,Jiangxi,2.745131546,0.0,0.59,0.57,7941.0,7941.0,0.0,7.0,-9999.0,-9999.0,-9999.0,0.0,4.0,-999.9,-999.9,-999.9,-5991.4,0.0,0.0,0.0,0.0,0.0,0.0,0.0,0.0,0.0,0.0,0.0,-5991.4,24.4654085702829,54.90263092,0.0,,,,,,,,,,,,,,,,,0.0,0.0,94.359375,6.046522984366543,0.0,0.0,3.302578125,21.1628304452829,24.4654085702829,592757,,,0.2704132355755528,Information
434427,7943.0,7589.148304,CHN,China,Jiangxi,2.230239895,0.0,0.59,0.57,7943.0,7943.0,0.0,10.0,-9999.0,-9999.0,-9999.0,0.0,1.0,-999.9,-999.9,-999.9,-5997.4,0.0,0.0,0.0,0.0,0.0,0.0,0.0,0.0,0.0,0.0,0.0,-5997.4,15.844721006414895,44.6047979,0.0,,12.688,0.167,5.438,0.072,3.375,0.044,0.0,0.0,0.05438,0.072,0.050625,0.066,0.0,0.0,0.243005,0.0,0.0,195.328125,2.573781894689971,0.0,0.0,6.836484375,9.008236631414896,15.844721006414895,2541906,,,0.1053475103950367,Information
434428,7944.0,2756.138539,CHN,China,Jiangxi,2.622620758,0.0,0.59,0.57,7944.0,,,,,,,,,,,,,,,,,,,,,,,,,3.7586571025736855,52.45241516,0.0,,3.188,0.116,2.688,0.098,0.875,0.032,0.125,0.005,0.02688,0.098,0.013125,0.048,0.003125,0.0125,0.20163,0.0,0.0,23.203125,0.8418707793067673,0.0,0.0,0.812109375,2.946547727573685,3.7586571025736855,1172200,,,0.0055796696149106,Information
434429,7945.0,2261.781892,CHN,China,Jiangxi,0.241503807,0.0,0.59,0.57,7945.0,,,,,,,,,,,,,,,,,,,,,,,,,4.029121751990583,4.83007614,0.0,,0.75,0.033,0.75,0.033,0.75,0.033,0.125,0.006,0.0075,0.033,0.01125,0.0495,0.003125,0.015,0.119375,0.0,0.0,21.234375,0.9388338934258807,0.0,0.0,0.743203125,3.2859186269905827,4.029121751990583,947696,,,0.0007831370244511,Information
434430,7946.0,2035.28087,CHN,China,Jiangxi,2.199605832,0.0,0.59,0.57,7946.0,,,,,,,,,,,,,,,,,,,,,,,,,12.689629685606691,43.99211664,0.0,,0.688,0.034,0.688,0.034,0.875,0.043,0.0,0.0,0.00688,0.034,0.013125,0.0645,0.0,0.0,0.118505,0.0,0.0,61.3125,3.012483481601912,0.0,0.0,2.1459375,10.543692185606693,12.689629685606691,535586,,,0.0688106812154555,Information
434440,7947.0,14826.79597,CHN,China,Jiangxi,3.085035463,0.0,0.59,0.57,7947.0,7947.0,0.0,9.0,2.0,-9999.0,-9999.0,0.0,2.0,0.2,-999.9,-999.9,-3995.2,0.0,0.0,0.0,0.0,0.0,0.0,0.0,0.0,0.0,0.0,0.0,-3995.2,15.378556871223015,61.70070926,0.0,,4.25,0.029,4.25,0.029,2.812,0.019,0.0,0.0,0.0425,0.029,0.04218,0.0284999999999999,0.0,0.0,0.14218,0.0,0.0,262.40625,1.7698108917780049,0.0,0.0,9.18421875,6.1943381212230175,15.378556871223015,2443167,,,0.1807640321767695,Information
434450,7948.0,1729.626124,CHN,China,Jiangxi,1.351035571,0.0,0.59,0.57,7948.0,7948.0,0.0,8.0,2.0,-9999.0,-9999.0,0.0,3.0,0.2,-999.9,-999.9,-3993.2,0.0,0.0,0.0,0.0,0.0,0.0,0.0,0.0,0.0,0.0,0.0,-3993.2,20.327305099343107,27.02071142,0.0,,,,,,,,,,,,,,,,,0.0,0.0,85.640625,4.951395206955174,0.0,0.0,2.997421875,17.329883224343106,20.327305099343107,3846152,,,0.1005875859688286,Information
434470,7950.0,16981.05911,CHN,China,Jiangxi,1.567403631,0.0,0.59,0.57,7950.0,,,,,,,,,,,,,,,,,,,,,,,,,3.2845364808730952,31.34807262,0.0,,27.312,0.161,18.0,0.106,0.125,0.001,0.0,0.0,0.18,0.106,0.001875,0.0015,0.0,0.0,0.289375,0.0,0.0,59.0625,0.3478139945351701,0.0,0.0,2.0671875,1.2173489808730953,3.2845364808730952,6039012,,,0.0011835834860432,Information
434493,7954.0,9187.669537,CHN,China,Jiangxi,2.7367646,0.0,0.59,0.57,7954.0,7954.0,0.0,7.0,-9999.0,-9999.0,-9999.0,0.0,4.0,-999.9,-999.9,-999.9,-5991.4,0.0,0.0,0.0,0.0,0.0,0.0,0.0,0.0,0.0,0.0,0.0,-5991.4,4.234914629364146,54.735292,0.0,,,,,,,,,,,,,,,,,0.0,0.0,57.9375,0.6306006083897563,0.0,0.0,2.0278125,2.207102129364147,4.234914629364146,1611777,,,0.0089141612985285,Information
434501,7961.0,2328.106752,CHN,China,Jiangxi,3.457843694,0.0,0.59,0.57,7961.0,,,,,,,,,,,,,,,,,,,,,,,,,39.53754112363089,69.15687388,0.0,,15.062,0.647,11.0,0.472,0.438,0.019,0.188,0.008,0.11,0.472,0.00657,0.0284999999999999,0.0046999999999999,0.02,0.64177,0.0,0.0,213.328125,9.163159071037397,0.0,0.0,7.466484375,32.07105674863089,39.53754112363089,1789650,,,0.5980630546811577,Advisory
434508,7968.0,4541.04922,CHN,China,Hubei,2.537178601,0.0,0.59,0.57,7968.0,7968.0,0.0,2.0,9.0,2.0,-9999.0,0.0,9.0,0.9,0.2,-999.9,-1979.6,0.0,0.0,0.0,0.0,0.0,0.0,0.0,0.0,0.0,0.0,0.0,-1979.6,8.463390912194296,50.74357202,0.0,,,,,,,,,,,,,,,,,0.0,0.0,75.515625,1.6629554391983703,0.0,0.0,2.643046875,5.820344037194296,8.463390912194296,1364757,,,0.0390946687319167,Information
434610,7970.0,509.353688,CHN,China,Hubei,3.178988188,0.0,0.59,0.57,7970.0,7970.0,0.0,11.0,2.0,-9999.0,-9999.0,0.0,1.0,0.2,-999.9,-999.9,-3997.2,0.0,0.0,0.0,0.0,0.0,0.0,0.0,0.0,0.0,0.0,0.0,-3997.2,2.8434471750691728,63.57976376,0.0,,,,,,,,,,,,,,,,,0.0,0.0,3.9375,0.7730384785911922,0.0,0.0,0.1378125,2.705634675069173,2.8434471750691728,2136641,,,0.0053844861388484,Information
434640,7973.0,24105.24285,CHN,China,Henan,1.033001782,0.0,0.59,0.57,7973.0,7973.0,1.0,1.0,100.0,-9999.0,-9999.0,3.0,10.0,10.0,-999.9,-999.9,-1147.72,0.0,0.0,0.0,0.0,0.0,0.0,0.0,0.0,0.0,0.0,0.0,-1147.72,2.715844011491989,20.66003564,0.0,,,,,,,,,,,,,,,,,0.0,0.0,54.84375,0.227517931854854,0.0,0.0,1.91953125,0.796312761491989,2.715844011491989,11036124,,,0.0003695626367531,Information
434660,7975.0,16185.15035,CHN,China,Shaanxi,2.405394131,0.0,0.59,0.57,7975.0,7975.0,1.0,1.0,100.0,2.0,-9999.0,3.0,10.0,10.0,0.2,-999.9,-2953.5,0.0,0.0,0.0,0.0,0.0,0.0,0.0,0.0,0.0,0.0,0.0,-2953.5,7.023239825408495,48.10788262,0.0,,,,,,,,,,,,,,,,,0.0,0.0,124.03125,0.7663274501167128,0.0,0.0,4.34109375,2.682146075408495,7.023239825408495,2379238,,,0.0227532488890413,Information
434700,7987.0,22284.47383,CHN,China,Hubei,3.354950543,0.0,0.59,0.57,7987.0,7987.0,0.0,9.0,5.0,-9999.0,-9999.0,0.0,2.0,0.5,-999.9,-999.9,-3994.6,0.0,0.0,0.0,0.0,0.0,0.0,0.0,0.0,0.0,0.0,0.0,-3994.6,53.70290401365989,67.09901086,0.0,3.0,,,,,,,,,,,,,,,,0.0,0.0,1190.8125,5.343686861045684,0.0,0.0,35.0,18.702904013659893,53.70290401365989,9245698,198123.0,2.1428668771140913,0.6879204392389477,Watch
434810,7988.0,7009.156956,CHN,China,Hunan,2.77415213,0.0,0.59,0.57,7988.0,7988.0,1.0,10.0,33.0,3.0,-9999.0,3.0,1.0,3.3,0.3,-999.9,-1984.6,0.0,0.0,0.0,0.0,0.0,0.0,0.0,0.0,0.0,0.0,0.0,-1984.6,17.748693622947833,55.483042600000005,0.0,,,,,,,,,,,,,,,,,0.0,0.0,208.96875,2.981367820842238,0.0,0.0,7.31390625,10.434787372947833,17.748693622947833,2878756,,,0.1789018217834238,Information
434821,7989.0,19265.94276,CHN,China,Hunan,1.65232174,0.0,0.59,0.57,7989.0,,,,,,,,,,,,,,,,,,,,,,,,,7.192467448324658,33.0464348,0.0,,13.625,0.071,10.688,0.055,0.0,0.0,0.0,0.0,0.10688,0.055,0.0,0.0,0.0,0.0,0.16188,0.0,0.0,135.28125,0.7021781995213311,0.0,0.0,4.73484375,2.457623698324659,7.192467448324658,11380040,,,0.0128417226996831,Information
434822,7990.0,7209.467613,CHN,China,Hunan,1.360862465,0.0,0.59,0.57,7990.0,,,,,,,,,,,,,,,,,,,,,,,,,2.631739132705237,27.2172493,0.0,,14.125,0.196,7.5,0.104,0.0,0.0,0.0,0.0,0.075,0.104,0.0,0.0,0.0,0.0,0.179,0.0,0.0,31.5,0.4369254664872106,0.0,0.0,1.1025,1.529239132705237,2.631739132705237,3629888,,,0.0004503547967442,Information
434823,7991.0,10690.72747,CHN,China,Hunan,1.409582259,0.0,0.59,0.57,7991.0,,,,,,,,,,,,,,,,,,,,,,,,,1.8289435879238785,28.19164518,0.0,,50.625,0.474,19.75,0.185,0.25,0.002,0.0,0.0,0.1975,0.185,0.00375,0.003,0.0,0.0,0.38925,0.0,0.0,27.0,0.2525553108353938,0.0,0.0,0.945,0.8839435879238783,1.8289435879238785,5646254,,,0.0001211508474044,Information
434824,7992.0,10356.44778,CHN,China,Hunan,2.125346169,0.0,0.59,0.57,7992.0,,,,,,,,,,,,,,,,,,,,,,,,,1.5962676043659323,42.50692338,0.0,,24.25,0.234,17.312,0.167,0.062,0.001,0.0,0.0,0.17312,0.167,0.0009299999999999,0.0015,0.0,0.0,0.34255,0.0,0.0,23.203125,0.2240452083902664,0.0,0.0,0.812109375,0.7841582293659324,1.5962676043659323,2282145,,,0.0001691883898907,Information
434825,7993.0,1298.78483,CHN,China,Hunan,1.234223538,0.0,0.59,0.57,7993.0,,,,,,,,,,,,,,,,,,,,,,,,,2.226529504039337,24.68447076,0.0,,5.938,0.457,2.812,0.217,0.0,0.0,0.0,0.0,0.02812,0.217,0.0,0.0,0.0,0.0,0.24512,0.0,0.0,7.3125,0.5630262868683821,0.0,0.0,0.2559375,1.9705920040393368,2.226529504039337,706109,,,0.0002147650106148,Information
434826,7994.0,11805.18016,CHN,China,Hunan,2.423273782,0.0,0.59,0.57,7994.0,,,,,,,,,,,,,,,,,,,,,,,,,2.018229799277824,48.46547564,0.0,,15.5,0.131,9.0,0.076,0.0,0.0,0.0,0.0,0.09,0.076,0.0,0.0,0.0,0.0,0.1659999999999999,0.0,0.0,31.21875,0.2644495855079495,0.0,0.0,1.09265625,0.9255735492778232,2.018229799277824,4066032,,,0.0005975831723939,Information
434827,7995.0,20344.59202,CHN,China,Hunan,1.454833234,0.0,0.59,0.57,7995.0,,,,,,,,,,,,,,,,,,,,,,,,,2.3344792465825863,29.096664680000004,0.0,,74.188,0.365,43.062,0.212,0.438,0.002,0.0,0.0,0.43062,0.212,0.00657,0.003,0.0,0.0,0.6521899999999999,0.0,0.0,44.71875,0.2198065704521675,0.0,0.0,1.56515625,0.7693229965825863,2.3344792465825863,7796252,,,0.0003206371022339,Information
434828,7996.0,9247.355234,CHN,China,Guangxi,1.137228123,0.0,0.59,0.57,7996.0,,,,,,,,,,,,,,,,,,,,,,,,,0.6556379359723004,22.74456246,0.0,,21.625,0.234,16.0,0.173,0.875,0.009,0.0,0.0,0.16,0.173,0.013125,0.0134999999999999,0.0,0.0,0.359625,0.0,0.0,9.0,0.0973251245635144,0.0,0.0,0.315,0.3406379359723004,0.6556379359723004,1584634,,,9.245016688879882e-07,Information
434829,7997.0,12160.42646,CHN,China,Hunan,1.543140286,0.0,0.59,0.57,7997.0,,,,,,,,,,,,,,,,,,,,,,,,,2.1167613197221824,30.86280572,0.0,,14.188,0.117,11.938,0.098,1.0,0.008,0.0,0.0,0.11938,0.098,0.015,0.012,0.0,0.0,0.24438,0.0,0.0,33.1875,0.2729139484920521,0.0,0.0,1.1615625,0.9551988197221823,2.1167613197221824,2246066,,,0.0002449621429584,Information
434840,7999.0,29586.69165,CHN,China,Hunan,1.878270793,0.0,0.59,0.57,7999.0,,,,,,,,,,,,,,,,,,,,,,,,,3.141244647395599,37.56541586,0.0,,87.0,0.294,49.75,0.168,0.062,0.0,0.0,0.0,0.4975,0.168,0.0009299999999999,0.0,0.0,0.0,0.66643,0.0,0.0,67.078125,0.2267172206844569,0.0,0.0,2.347734375,0.7935102723955991,3.141244647395599,10855177,,,0.0013971710994062,Information
434860,8001.0,26966.70845,CHN,China,Hunan,3.270719206,0.0,0.59,0.57,8001.0,8001.0,1.0,1.0,33.0,5.0,-9999.0,3.0,10.0,3.3,0.5,-999.9,-1966.2,0.0,0.0,0.0,0.0,0.0,0.0,0.0,0.0,0.0,0.0,0.0,-1966.2,9.580799831677666,65.41438412,0.0,,,,,,,,,,,,,,,,,0.0,0.0,199.6875,0.7404963804793332,0.0,0.0,6.9890625,2.591737331677666,9.580799831677666,5989376,,,0.0996275341432625,Information
434870,8002.0,14101.77015,CHN,China,Hunan,2.353494669,0.0,0.59,0.57,8002.0,8002.0,1.0,4.0,58.0,9.0,2.0,3.0,7.0,5.8,0.9,0.2,35.4,0.0,0.0,0.0,0.0,0.0,0.0,0.0,0.0,0.0,0.0,0.0,35.4,35.4,47.06989338,0.0,,,,,,,,,,,,,,,,,0.0,0.0,20.390625,0.1445962087730952,0.0,0.0,0.713671875,0.5060867307058332,1.2197586057058332,3474970,,,0.3437461680212087,Advisory
434880,8003.0,19436.96876,CHN,China,Hunan,2.037234396,0.0,0.59,0.57,8003.0,8003.0,1.0,1.0,41.0,2.0,-9999.0,3.0,10.0,4.1,0.2,-999.9,-1965.2,0.0,0.0,0.0,0.0,0.0,0.0,0.0,0.0,0.0,0.0,0.0,-1965.2,0.573965588184501,40.74468792,0.0,,,,,,,,,,,,,,,,,0.0,0.0,10.828125,0.0557089180527146,0.0,0.0,0.378984375,0.1949812131845011,0.573965588184501,3198099,,,1.7671593491086218e-06,Information
434891,8004.0,5903.350578,CHN,China,Hunan,1.687250649,0.0,0.59,0.57,8004.0,8004.0,1.0,3.0,64.0,9.0,-9999.0,3.0,8.0,6.4,0.9,-999.9,-1963.2,0.0,0.0,0.0,0.0,0.0,0.0,0.0,0.0,0.0,0.0,0.0,-1963.2,0.6231871581955922,33.74501298,0.0,,,,,,,,,,,,,,,,,0.0,0.0,6.609375,0.1119597237701692,0.0,0.0,0.231328125,0.3918590331955922,0.6231871581955922,1159928,,,1.5324709807418434e-06,Information
434893,8006.0,6923.789451,CHN,China,Hunan,2.179432945,0.0,0.59,0.57,8006.0,8006.0,1.0,3.0,64.0,11.0,2.0,3.0,8.0,6.4,1.1,0.2,37.4,0.0,0.0,0.0,0.0,0.0,0.0,0.0,0.0,0.0,0.0,0.0,37.4,37.4,43.5886589,0.0,,8.625,0.125,8.625,0.125,0.0,0.0,0.0,0.0,0.08625,0.125,0.0,0.0,0.0,0.0,0.21125,0.0,0.0,11.953125,0.172638481923601,0.0,0.0,0.418359375,0.6042346867326035,1.0225940617326037,1285512,,,0.34053644435964,Advisory
434895,8008.0,235.9799608,CHN,China,Hunan,3.877939796,0.0,0.59,0.57,8008.0,,,,,,,,,,,,,,,,,,,,,,,,,0.27125,77.55879592000001,0.0,,0.625,0.265,0.625,0.265,0.0,0.0,0.0,0.0,0.00625,0.265,0.0,0.0,0.0,0.0,0.27125,,,,,,,,,,31217,,,5.036204695100462e-06,Information
434896,8009.0,10410.11962,CHN,China,Guizhou,2.78046132,0.0,0.59,0.57,8009.0,8009.0,1.0,2.0,41.0,9.0,2.0,3.0,9.0,4.1,0.9,0.2,33.2,0.0,0.0,0.0,0.0,0.0,0.0,0.0,0.0,0.0,0.0,0.0,33.2,33.2,55.6092264,0.0,,,,,,,,,,,,,,,,,,,,,,,,,,2055486,,,0.3857238475904571,Advisory
434899,8012.0,17774.0525,CHN,China,Guizhou,1.965087844,0.0,0.59,0.57,8012.0,8012.0,2.0,2.0,62.0,35.0,13.0,7.0,9.0,6.2,3.5,1.3,47.5,0.0,0.0,0.0,0.0,0.0,0.0,0.0,0.0,0.0,0.0,0.0,47.5,47.5,39.30175688,0.0,,,,,,,,,,,,,,,,,0.0,0.0,2.53125,0.0142412654598694,0.0,0.0,0.08859375,0.0498444291095429,0.1384381791095429,2650363,,,0.4031565784970772,Advisory
434911,8013.0,3934.069357,CHN,China,Hubei,3.58069405,0.0,0.59,0.57,8013.0,8013.0,0.0,4.0,-9999.0,-9999.0,-9999.0,0.0,7.0,-999.9,-999.9,-999.9,-5985.4,0.0,0.0,0.0,0.0,0.0,0.0,0.0,0.0,0.0,0.0,0.0,-5985.4,6.2235008274762045,71.61388099999999,0.0,,,,,,,,,,,,,,,,,0.0,0.0,50.203125,1.27611184356463,0.0,0.0,1.757109375,4.466391452476205,6.2235008274762045,2265246,,,0.064561710396392,Information
434922,8023.0,7871.088101,CHN,China,Guizhou,3.034700152,0.0,0.59,0.57,8023.0,8023.0,2.0,1.0,100.0,100.0,15.0,7.0,10.0,10.0,10.0,1.5,84.4,0.0,0.0,0.0,0.0,0.0,0.0,0.0,0.0,0.0,0.0,0.0,84.4,84.4,60.69400304,0.0,,,,,,,,,,,,,,,,,0.0,0.0,2.53125,0.0321588320141562,0.0,0.0,0.08859375,0.1125559120495467,0.2011496620495467,780339,,,0.7776230768947918,Warning
434923,8024.0,12014.15637,CHN,China,Chongqing,1.666759693,0.0,0.59,0.57,8024.0,8024.0,3.0,1.0,100.0,100.0,100.0,10.0,10.0,10.0,10.0,10.0,89.56,0.0,0.0,0.0,0.0,0.0,0.0,0.0,0.0,0.0,0.0,0.0,89.56,89.56,33.33519386,0.0,,,,,,,,,,,,,,,,,0.0,0.0,5.90625,0.0491607551677403,0.0,0.0,0.20671875,0.172062643087091,0.378781393087091,1053136,,,0.616091526485611,Warning
434925,8026.0,17275.23264,CHN,China,Guizhou,1.814883614,0.0,0.59,0.57,8026.0,8026.0,2.0,2.0,100.0,92.0,2.0,7.0,9.0,10.0,9.2,0.2,71.60000000000001,0.0,0.0,0.0,0.0,0.0,0.0,0.0,0.0,0.0,0.0,0.0,71.60000000000001,71.60000000000001,36.29767228,0.0,,,,,,,,,,,,,,,,,0.0,0.0,8.15625,0.0472135465133797,0.0,0.0,0.28546875,0.1652474127968289,0.4507161627968289,2637643,,,0.5465200372087602,Watch
434926,8027.0,6569.921034,CHN,China,Guizhou,0.309005766,0.0,0.59,0.57,8027.0,,,,,,,,,,,,,,,,,,,,,,,,,0.4220557155400009,6.1801153200000005,0.0,,20.438,0.311,11.688,0.178,0.0,0.0,0.0,0.0,0.11688,0.178,0.0,0.0,0.0,0.0,0.29488,0.0,0.0,4.78125,0.0727748472971431,0.0,0.0,0.16734375,0.2547119655400008,0.4220557155400009,3539632,,,3.258642267867882e-08,Information
434927,8028.0,16499.52626,CHN,China,Guizhou,0.567114111,0.0,0.59,0.57,8028.0,8028.0,3.0,1.0,100.0,100.0,100.0,10.0,10.0,10.0,10.0,10.0,-412.65,0.0,0.0,0.0,0.0,0.0,0.0,0.0,0.0,0.0,0.0,0.0,-412.65,2.3240450665146164,11.34228222,0.0,,36.438,0.221,29.312,0.178,0.0,0.0,0.0,0.0,0.29312,0.178,0.0,0.0,0.0,0.0,0.47112,0.0,0.0,41.34375,0.2505753761470333,0.0,0.0,1.44703125,0.8770138165146165,2.3240450665146164,5813027,,,0.0001355408284228,Information
434928,8029.0,10650.47636,CHN,China,Guizhou,1.890580085,0.0,0.59,0.57,8029.0,8029.0,2.0,1.0,100.0,100.0,-9999.0,7.0,10.0,10.0,10.0,-999.9,-1925.8,0.0,0.0,0.0,0.0,0.0,0.0,0.0,0.0,0.0,0.0,0.0,-1925.8,3.187411154397773,37.8116017,0.0,,,,,,,,,,,,,,,,,0.0,0.0,46.96875,0.4410014012565065,0.0,0.0,1.64390625,1.5435049043977729,3.187411154397773,3697432,,,0.0014843550109809,Information
434929,8030.0,7115.510022,CHN,China,Guizhou,1.517091781,0.0,0.59,0.57,8030.0,8030.0,1.0,1.0,100.0,-9999.0,-9999.0,3.0,10.0,10.0,-999.9,-999.9,-2939.7,0.0,0.0,0.0,0.0,0.0,0.0,0.0,0.0,0.0,0.0,0.0,-2939.7,1.0891864192056568,30.34183562,0.0,,,,,,,,,,,,,,,,,0.0,0.0,12.9375,0.1818211197730448,0.0,0.0,0.4528125,0.6363739192056568,1.0891864192056568,2764735,,,1.604043976702032e-05,Information
434942,8033.0,36083.31983,CHN,China,Sichuan,2.153992281,0.0,0.59,0.57,8033.0,,,,,,,,,,,,,,,,,,,,,,,,,9.38485696148415,43.07984562,0.0,,173.625,0.481,98.75,0.274,0.0,0.0,0.0,0.0,0.9875,0.274,0.0,0.0,0.0,0.0,1.2615,0.0,0.0,209.953125,0.5818564532811856,0.0,0.0,7.348359375,2.03649758648415,9.38485696148415,10831365,,,0.0357292961236773,Information
434945,8036.0,21408.74468,CHN,China,Sichuan,1.898808048,0.0,0.59,0.57,8036.0,,,,,,,,,,,,,,,,,,,,,,,,,6.224396101260634,37.97616096,0.0,,11.562,0.054,7.625,0.036,0.0,0.0,0.0,0.0,0.07625,0.036,0.0,0.0,0.0,0.0,0.1122499999999999,0.0,0.0,121.21875,0.5662113860744669,0.0,0.0,4.24265625,1.981739851260634,6.224396101260634,6376835,,,0.0107512662807578,Information
434948,8039.0,8350.260892,CHN,China,Sichuan,3.221807015,0.0,0.59,0.57,8039.0,8039.0,1.0,10.0,31.0,3.0,-9999.0,3.0,1.0,3.1,0.3,-999.9,-1182.44,0.0,0.0,0.0,0.0,0.0,0.0,0.0,0.0,0.0,0.0,0.0,-1182.44,0.1406099748818145,64.4361403,0.0,,,,,,,,,,,,,,,,,0.0,0.0,1.828125,0.0218930285376613,0.0,0.0,0.063984375,0.0766255998818145,0.1406099748818145,189136,,,1.5731420258523795e-08,Information
434952,8042.0,7116.590358,CHN,China,Chongqing,1.704081195,0.0,0.59,0.57,8042.0,8042.0,2.0,1.0,100.0,100.0,3.0,7.0,10.0,10.0,10.0,0.3,67.85,0.0,0.0,0.0,0.0,0.0,0.0,0.0,0.0,0.0,0.0,0.0,67.85,67.85,34.081623900000004,0.0,,,,,,,,,,,,,,,,,0.0,0.0,1.828125,0.0256882145523057,0.0,0.0,0.063984375,0.0899087509330699,0.1538931259330699,1292774,,,0.5115207032134239,Watch
434954,8044.0,18915.01362,CHN,China,Sichuan,1.431808921,0.0,0.59,0.57,8044.0,8044.0,2.0,1.0,100.0,100.0,2.0,7.0,10.0,10.0,10.0,0.2,-926.2,0.0,0.0,0.0,0.0,0.0,0.0,0.0,0.0,0.0,0.0,0.0,-926.2,0.1354315433827681,28.63617842,0.0,,,,,,,,,,,,,,,,,0.0,0.0,2.53125,0.0133822266807909,0.0,0.0,0.08859375,0.0468377933827681,0.1354315433827681,4018425,,,1.839405649092637e-10,Information
434956,8046.0,27852.54701,CHN,China,Sichuan,1.295164717,0.0,0.59,0.57,8046.0,,,,,,,,,,,,,,,,,,,,,,,,,3.511721566851865,25.90329434,0.0,,258.25,0.927,174.438,0.626,0.0,0.0,0.0,0.0,1.7443799999999998,0.626,0.0,0.0,0.0,0.0,2.37038,0.0,0.0,73.828125,0.2650677691005331,0.0,0.0,2.583984375,0.9277371918518658,3.511721566851865,17739832,,,0.001147011364324,Information
434961,8050.0,11192.78389,CHN,China,Sichuan,2.386279728,0.0,0.59,0.57,8050.0,,,,,,,,,,,,,,,,,,,,,,,,,3.2058183711267114,47.72559456,0.0,,20.688,0.185,16.875,0.151,0.062,0.001,0.0,0.0,0.16875,0.151,0.0009299999999999,0.0015,0.0,0.0,0.3221799999999999,0.0,0.0,48.375,0.4321981060362032,0.0,0.0,1.693125,1.5126933711267112,3.2058183711267114,2434618,,,0.0026228979489321,Information
434962,8051.0,34022.22173,CHN,China,Sichuan,1.313318821,0.0,0.59,0.57,8051.0,8051.0,1.0,10.0,43.0,3.0,-9999.0,3.0,1.0,4.3,0.3,-999.9,-885.2727272727273,0.0,0.0,0.0,0.0,0.0,0.0,0.0,0.0,0.0,0.0,0.0,-885.2727272727273,4.954723950740503,26.26637642,0.0,,189.562,0.557,140.375,0.413,0.0,0.0,0.0,0.0,1.40375,0.413,0.0,0.0,0.0,0.0,1.81675,0.0,0.0,109.40625,0.3215729144972865,0.0,0.0,3.82921875,1.1255052007405026,4.954723950740503,15186912,,,0.0034657499287703,Information
434964,8053.0,12961.78609,CHN,China,Sichuan,3.162916694,0.0,0.59,0.57,8053.0,,,,,,,,,,,,,,,,,,,,,,,,,1.24683054761307,63.25833388,0.0,,9.625,0.074,9.625,0.074,0.0,0.0,0.0,0.0,0.09625,0.074,0.0,0.0,0.0,0.0,0.17025,0.0,0.0,20.109375,0.15514354931802,0.0,0.0,0.703828125,0.54300242261307,1.24683054761307,1571776,,,0.0003580930722369,Information
434965,8054.0,24616.58093,CHN,China,Sichuan,3.045320286,0.0,0.59,0.57,8054.0,8054.0,1.0,15.0,31.0,3.0,-9999.0,3.0,1.0,3.1,0.3,-999.9,-778.72,0.0,0.0,0.0,0.0,0.0,0.0,0.0,0.0,0.0,0.0,0.0,-778.72,5.696221296724865,60.90640572,0.0,,,,,,,,,,,,,,,,,0.0,0.0,115.734375,0.4701480490642469,0.0,0.0,4.050703125,1.645518171724864,5.696221296724865,2113466,,,0.0270424739633328,Information
434967,8056.0,8200.608699,CHN,China,Sichuan,3.124295303,0.0,0.59,0.57,8056.0,8056.0,1.0,15.0,56.0,11.0,2.0,3.0,1.0,5.6,1.1,0.2,22.8,0.0,0.0,0.0,0.0,0.0,0.0,0.0,0.0,0.0,0.0,0.0,22.8,22.8,62.48590606,0.0,,,,,,,,,,,,,,,,,0.0,0.0,16.3125,0.1989181608176198,0.0,0.0,0.5709375,0.6962135628616692,1.2671510628616691,96138,,,0.3092574695224972,Information
434968,8057.0,23252.69976,CHN,China,Sichuan,3.312577274,0.0,0.59,0.57,8057.0,8057.0,1.0,14.0,76.0,21.0,-9999.0,3.0,1.0,7.6,2.1,-999.9,-1301.3333333333333,0.0,0.0,0.0,0.0,0.0,0.0,0.0,0.0,0.0,0.0,0.0,-1301.3333333333333,0.6827407756129436,66.25154548,0.0,,,,,,,,,,,,,,,,,0.0,0.0,13.640625,0.0586625430322696,0.0,0.0,0.477421875,0.2053189006129436,0.6827407756129436,167040,,,4.798231376402799e-05,Information
434972,8060.0,15078.12877,CHN,China,Yunnan,1.637085452,0.0,0.59,0.57,8060.0,,,,,,,,,,,,,,,,,,,,,,,,,1.5471772260041958,32.74170904,0.0,,9.812,0.065,7.5,0.05,0.0,0.0,0.0,0.0,0.075,0.05,0.0,0.0,0.0,0.0,0.125,0.0,0.0,26.578125,0.1762693860011988,0.0,0.0,0.930234375,0.6169428510041958,1.5471772260041958,3216167,,,8.09370235921649e-05,Information
434974,8062.0,13433.06763,CHN,China,Yunnan,1.735678393,0.0,0.59,0.57,8062.0,,,,,,,,,,,,,,,,,,,,,,,,,2.2237414364372263,34.71356786,0.0,,15.188,0.113,13.25,0.099,0.0,0.0,0.0,0.0,0.1325,0.099,0.0,0.0,0.0,0.0,0.2315,0.0,0.0,36.421875,0.2711359461249218,0.0,0.0,1.274765625,0.9489758114372264,2.2237414364372263,2247241,,,0.0003629660438773,Information
434975,8063.0,16444.70759,CHN,China,Yunnan,1.958229901,0.0,0.59,0.57,8063.0,,,,,,,,,,,,,,,,,,,,,,,,,12.93287993362598,39.16459802,0.0,,52.938,0.322,44.688,0.272,7.25,0.044,14.75,0.09,0.44688,0.272,0.10875,0.066,0.36875,0.2249999999999999,1.48738,0.0,0.0,229.78125,1.3972960524645657,0.0,0.0,8.04234375,4.89053618362598,12.93287993362598,2448528,,,0.0607631323353896,Information
434976,8064.0,11712.15426,CHN,China,Yunnan,1.016030403,0.0,0.59,0.57,8064.0,,,,,,,,,,,,,,,,,,,,,,,,,6.186234886912837,20.32060806,0.0,,12.75,0.109,11.375,0.097,0.062,0.001,0.312,0.003,0.11375,0.097,0.0009299999999999,0.0015,0.0078,0.0075,0.22848,0.0,0.0,95.34375,0.8140581819750964,0.0,0.0,3.33703125,2.8492036369128373,6.186234886912837,5522106,,,0.0052989605244499,Information
434977,8065.0,8368.571449,CHN,China,Sichuan,2.076606646,0.0,0.59,0.57,8065.0,,,,,,,,,,,,,,,,,,,,,,,,,8.026818576094389,41.53213292,0.0,,11.375,0.136,11.0,0.131,0.562,0.007,1.625,0.019,0.11,0.131,0.00843,0.0105,0.040625,0.0475,0.348055,0.0,0.0,104.484375,1.2485329860269685,0.0,0.0,3.656953125,4.369865451094389,8.026818576094389,611651,,,0.0235339299484728,Information
434979,8067.0,1198.074377,CHN,China,Sichuan,3.450175758,0.0,0.59,0.57,8067.0,,,,,,,,,,,,,,,,,,,,,,,,,6.670496331519189,69.00351515999999,0.0,,7.812,0.652,7.312,0.61,0.0,0.0,0.0,0.0,0.07312,0.61,0.0,0.0,0.0,0.0,0.68312,0.0,0.0,20.390625,1.7019498447197683,0.0,0.0,0.713671875,5.956824456519189,6.670496331519189,247887,,,0.0622471767594309,Information
434982,8069.0,11088.18452,CHN,China,Sichuan,3.022107525,0.0,0.59,0.57,8069.0,,,,,,,,,,,,,,,,,,,,,,,,,2.536755550050428,60.4421505,0.0,,10.0,0.09,7.312,0.066,0.0,0.0,0.0,0.0,0.07312,0.066,0.0,0.0,0.0,0.0,0.13912,0.0,0.0,38.109375,0.3436935500144079,0.0,0.0,1.333828125,1.2029274250504276,2.536755550050428,1721111,,,0.003008273468597,Information
434983,8070.0,14876.70625,CHN,China,Sichuan,2.488166866,0.0,0.59,0.57,8070.0,8070.0,0.0,15.0,-9999.0,-9999.0,-9999.0,0.0,1.0,-999.9,-999.9,-999.9,-5997.4,0.0,0.0,0.0,0.0,0.0,0.0,0.0,0.0,0.0,0.0,0.0,-5997.4,4.880579185500138,49.76333732,0.0,,,,,,,,,,,,,,,,,0.0,0.0,83.390625,0.5605449458571823,0.0,0.0,2.918671875,1.961907310500138,4.880579185500138,604089,,,0.0098640002876358,Information
434991,8078.0,25011.67847,CHN,China,Yunnan,2.826829775,0.0,0.59,0.57,8078.0,,,,,,,,,,,,,,,,,,,,,,,,,9.494014523791757,56.5365955,0.0,,11.562,0.046,6.938,0.028,0.375,0.001,0.125,0.0,0.06938,0.028,0.005625,0.0015,0.003125,0.0,0.10763,0.0,0.0,193.78125,0.7747630782262163,0.0,0.0,6.78234375,2.7116707737917567,9.494014523791757,3011459,,,0.0640975831159074,Information
434995,8082.0,86383.62364,CHN,China,Xizang,2.712028707,0.0,0.59,0.57,8082.0,8082.0,0.0,15.0,-9999.0,-9999.0,-9999.0,0.0,1.0,-999.9,-999.9,-999.9,-5997.4,0.0,0.0,0.0,0.0,0.0,0.0,0.0,0.0,0.0,0.0,0.0,-5997.4,4.014392095251447,54.24057414,0.0,,18.0,0.021,10.688,0.012,0.0,0.0,0.0,0.0,0.10688,0.012,0.0,0.0,0.0,0.0,0.11888,0.0,0.0,102.796875,0.119000420071842,0.0,0.0,3.597890625,0.416501470251447,4.014392095251447,651069,,,0.007476572510642,Information
434997,8084.0,34690.106,CHN,China,Qinghai,1.000253435,0.0,0.59,0.57,8084.0,8084.0,0.0,15.0,-9999.0,-9999.0,-9999.0,0.0,1.0,-999.9,-999.9,-999.9,-5997.4,0.0,0.0,0.0,0.0,0.0,0.0,0.0,0.0,0.0,0.0,0.0,-5997.4,4.22923844675433,20.0050687,0.0,,,,,,,,,,,,,,,,,0.0,0.0,93.796875,0.2703850919298086,0.0,0.0,3.282890625,0.94634782175433,4.22923844675433,10948,,,0.0016413719799968,Information
435010,8087.0,4440.049652,CHN,China,Jiangsu,2.783583049,2.330857611,0.59,0.57,8087.0,,,,,,,,,,,,,,,,,,,,,,,,,11.76518549174314,55.671660980000006,46.61715222,,7.625,0.172,7.625,0.172,1.75,0.039,0.0,0.0,0.07625,0.172,0.02625,0.0584999999999999,0.0,0.0,0.3329999999999999,0.0,0.0,103.359375,2.3278878190694687,0.0,0.0,3.617578125,8.147607366743141,11.76518549174314,12812230,,,0.092340478545436,Information
435020,8088.0,26310.50639,CHN,China,Jiangsu,3.551840939,0.530115431,0.59,0.57,8088.0,,,,,,,,,,,,,,,,,,,,,,,,,57.73634261032193,71.03681878,10.60230862,3.0,57.125,0.217,43.75,0.166,32.812,0.125,0.188,0.001,0.4375,0.166,0.4921799999999999,0.1875,0.0046999999999999,0.0025,1.29038,0.0,0.0,1709.15625,6.496097888663408,0.0,0.0,35.0,22.73634261032193,57.73634261032193,46582544,946498.0,2.031872711803804,0.7548593301763247,Watch
435030,8089.0,4653.225086,CHN,China,Zhejiang,4.013004591,2.741384111,0.59,0.57,8089.0,,,,,,,,,,,,,,,,,,,,,,,,,12.647360521115417,80.26009181999999,54.82768222,,3.0,0.064,2.688,0.058,0.438,0.009,0.0,0.0,0.02688,0.058,0.00657,0.0134999999999999,0.0,0.0,0.10495,0.0,0.0,114.75,2.466031577461548,0.0,0.0,4.01625,8.631110521115417,12.647360521115417,9615994,,,0.3280898377019636,Information
435041,8090.0,1685.067473,CHN,China,Zhejiang,1.240425797,1.807865779,0.59,0.57,8090.0,,,,,,,,,,,,,,,,,,,,,,,,,19.113161777460533,24.808515940000003,36.15731558,,2.25,0.134,2.25,0.134,5.938,0.352,0.062,0.004,0.0225,0.134,0.08907,0.528,0.00155,0.01,0.7851200000000002,0.0,0.0,78.75,4.673403364988723,0.0,0.0,2.75625,16.35691177746053,19.113161777460533,4131376,,,0.1139001074367721,Information
435042,8091.0,3551.171765,CHN,China,Zhejiang,3.105946251,0.0,0.59,0.57,8091.0,,,,,,,,,,,,,,,,,,,,,,,,,3.4746213135576367,62.118925020000006,0.0,,0.25,0.007,0.25,0.007,2.5,0.07,0.0,0.0,0.0025,0.007,0.0375,0.105,0.0,0.0,0.152,0.0,0.0,26.015625,0.7325926967307533,0.0,0.0,0.910546875,2.5640744385576366,3.4746213135576367,2382843,,,0.0084479295474624,Information
435043,8092.0,2784.68451,CHN,China,Zhejiang,3.447192576,0.0,0.59,0.57,8092.0,8092.0,0.0,10.0,-9999.0,-9999.0,-9999.0,0.0,1.0,-999.9,-999.9,-999.9,-5997.4,0.0,0.0,0.0,0.0,0.0,0.0,0.0,0.0,0.0,0.0,0.0,-5997.4,6.891986776246737,68.94385152,0.0,,2.188,0.079,1.062,0.038,2.312,0.083,0.0,0.0,0.01062,0.038,0.03468,0.1245,0.0,0.0,0.2077999999999999,0.0,0.0,42.890625,1.5402328289276392,0.0,0.0,1.501171875,5.3908149012467375,6.891986776246737,1261892,,,0.0661058289091189,Information
435045,8094.0,984.8956088,CHN,China,Zhejiang,2.698627249,0.0,0.59,0.57,8094.0,,,,,,,,,,,,,,,,,,,,,,,,,5.818917207759441,53.97254498,0.0,,0.562,0.057,0.5,0.051,0.312,0.032,0.0,0.0,0.005,0.051,0.00468,0.048,0.0,0.0,0.10868,0.0,0.0,14.90625,1.5134852736455546,0.0,0.0,0.52171875,5.297198457759441,5.818917207759441,220981,,,0.0193141883699084,Information
435046,8095.0,19540.13573,CHN,China,Zhejiang,2.812779332,0.0,0.59,0.57,8095.0,8095.0,0.0,6.0,-9999.0,-9999.0,-9999.0,0.0,5.0,-999.9,-999.9,-999.9,-5989.4,0.0,0.0,0.0,0.0,0.0,0.0,0.0,0.0,0.0,0.0,0.0,-5989.4,12.745968860958314,56.25558664,0.0,,12.5,0.064,8.938,0.046,13.875,0.071,1.188,0.006,0.08938,0.046,0.208125,0.1064999999999999,0.0296999999999999,0.015,0.494705,0.0,0.0,240.890625,1.2327991388452326,0.0,0.0,8.431171875,4.314796985958314,12.745968860958314,7655354,,,0.1087601162656868,Information
435047,8096.0,1916.616904,CHN,China,Zhejiang,3.040356806,0.0,0.59,0.57,8096.0,,,,,,,,,,,,,,,,,,,,,,,,,13.679044630350663,60.80713612,0.0,,3.625,0.189,2.875,0.15,1.562,0.082,0.0,0.0,0.02875,0.15,0.02343,0.123,0.0,0.0,0.32518,0.0,0.0,62.859375,3.279704715814475,0.0,0.0,2.200078125,11.478966505350662,13.679044630350663,587827,,,0.1462553896530224,Information
435048,8097.0,1894.855234,CHN,China,Zhejiang,4.027283481,0.0,0.59,0.57,8097.0,,,,,,,,,,,,,,,,,,,,,,,,,19.094231342450232,80.54566962000001,0.0,,2.438,0.129,2.0,0.106,1.188,0.063,0.0,0.0,0.02,0.106,0.01782,0.0945,0.0,0.0,0.23832,0.0,0.0,86.90625,4.586432169271495,0.0,0.0,3.04171875,16.05251259245023,19.094231342450232,110753,,,0.4925468268570256,Advisory
435049,8098.0,7917.675789,CHN,China,Anhui,3.764370026,0.0,0.59,0.57,8098.0,,,,,,,,,,,,,,,,,,,,,,,,,9.556565202380153,75.28740052,0.0,,5.25,0.066,4.5,0.057,2.062,0.026,0.062,0.001,0.045,0.057,0.03093,0.039,0.00155,0.0025,0.17598,0.0,0.0,120.65625,1.5238847006800438,0.0,0.0,4.22296875,5.333596452380153,9.556565202380153,1322906,,,0.171034572824024,Information
435050,8099.0,29403.35096,CHN,China,Zhejiang,3.277542138,4.001210681,0.59,0.57,8099.0,,,,,,,,,,,,,,,,,,,,,,,,,36.27025664956706,65.55084276,80.02421362,3.0,28.75,0.098,28.188,0.096,25.0,0.085,0.188,0.001,0.2818799999999999,0.096,0.375,0.1275,0.0046999999999999,0.0025,0.8875799999999999,0.0,0.0,773.296875,2.629961721304875,0.0,0.0,27.065390625,9.204866024567064,36.27025664956706,24188936,342856.0,1.4174083556217605,0.7245717496400195,Watch
435060,8100.0,17244.61564,CHN,China,Zhejiang,3.308293404,0.0,0.59,0.57,8100.0,,,,,,,,,,,,,,,,,,,,,,,,,4.867792748451817,66.16586808,0.0,,3.625,0.021,3.5,0.02,2.625,0.015,0.062,0.0,0.035,0.02,0.039375,0.0225,0.00155,0.0,0.118425,0.0,0.0,88.03125,0.5104854281290905,0.0,0.0,3.08109375,1.786698998451817,4.867792748451817,3318385,,,0.0262610505707134,Information
435070,8101.0,22561.41766,CHN,China,Fujian,2.660691337,3.725404679,0.59,0.57,8101.0,,,,,,,,,,,,,,,,,,,,,,,,,14.931389036994752,53.21382674,74.50809358,,1.188,0.005,1.188,0.005,3.875,0.017,0.0,0.0,0.01188,0.005,0.058125,0.0255,0.0,0.0,0.100505,0.0,0.0,295.59375,1.3101736534270725,0.0,0.0,10.34578125,4.585607786994753,14.931389036994752,11020775,,,0.2963611076017906,Information
435083,8104.0,6041.909574,CHN,China,Fujian,2.633497668,0.0,0.59,0.57,8104.0,8104.0,0.0,1.0,2.0,-9999.0,-9999.0,0.0,10.0,0.2,-999.9,-999.9,-3979.2,0.0,0.0,0.0,0.0,0.0,0.0,0.0,0.0,0.0,0.0,0.0,-3979.2,1.6988528963342744,52.66995336,0.0,,,,,,,,,,,,,,,,,0.0,0.0,18.28125,0.3025740418097927,0.0,0.0,0.63984375,1.0590091463342743,1.6988528963342744,1395356,,,0.0004386294199306,Information
435085,8106.0,1250.55414,CHN,China,Fujian,1.212940447,0.0,0.59,0.57,8106.0,8106.0,0.0,7.0,2.0,-9999.0,-9999.0,0.0,4.0,0.2,-999.9,-999.9,-3991.2,0.0,0.0,0.0,0.0,0.0,0.0,0.0,0.0,0.0,0.0,0.0,-3991.2,4.959295861889242,24.25880894,0.0,,,,,,,,,,,,,,,,,0.0,0.0,15.75,1.2594416748254975,0.0,0.0,0.55125,4.408045861889241,4.959295861889242,118509,,,0.0032047830169124,Information
435086,8107.0,16520.06225,CHN,China,Fujian,2.73923659,0.0,0.59,0.57,8107.0,8107.0,0.0,13.0,2.0,-9999.0,-9999.0,0.0,1.0,0.2,-999.9,-999.9,-3997.2,0.0,0.0,0.0,0.0,0.0,0.0,0.0,0.0,0.0,0.0,0.0,-3997.2,2.42567054719996,54.7847318,0.0,,,,,,,,,,,,,,,,,0.0,0.0,43.171875,0.261329977771417,0.0,0.0,1.511015625,0.9146549221999594,2.42567054719996,1701697,,,0.0017204731819166,Information
436102,8113.0,1781.099611,CHN,China,Fujian,2.449069847,3.394681492,0.59,0.57,8113.0,,,,,,,,,,,,,,,,,,,,,,,,,0.3581136574567524,48.98139694,67.89362984,,2.312,0.13,2.312,0.13,0.125,0.007,0.0,0.0,0.0231199999999999,0.13,0.001875,0.0105,0.0,0.0,0.165495,0.0,0.0,1.546875,0.0868494378447864,0.0,0.0,0.054140625,0.3039730324567524,0.3581136574567524,1592582,,,3.462848852936935e-06,Information
436103,8114.0,2336.092126,CHN,China,Fujian,1.408299077,3.087656758,0.59,0.57,8114.0,,,,,,,,,,,,,,,,,,,,,,,,,13.827060100453116,28.16598154,61.75313516,,5.625,0.241,5.188,0.222,0.062,0.003,0.062,0.003,0.0518799999999999,0.222,0.0009299999999999,0.0045,0.00155,0.0075,0.28836,0.0,0.0,74.8125,3.202463600129462,0.0,0.0,2.6184375,11.208622600453117,13.827060100453116,2892820,,,0.1544734970709919,Information
436642,8153.0,34288.65084,CHN,China,Guangxi,3.058892803,0.0,0.59,0.57,8153.0,,,,,,,,,,,,,,,,,,,,,,,,,2.7399958395427784,61.17785606,0.0,,65.625,0.191,48.625,0.142,0.0,0.0,0.0,0.0,0.48625,0.142,0.0,0.0,0.0,0.0,0.62825,0.0,0.0,60.609375,0.1767622041550796,0.0,0.0,2.121328125,0.6186677145427786,2.7399958395427784,3702690,,,0.0040122833699011,Information
436664,8165.0,16738.76254,CHN,China,Guangxi,2.474995067,0.0,0.59,0.57,8165.0,8165.0,1.0,3.0,39.0,11.0,-9999.0,3.0,8.0,3.9,1.1,-999.9,-538.2,0.0,0.0,0.0,0.0,0.0,0.0,0.0,0.0,0.0,0.0,0.0,-538.2,0.2201438549294925,49.49990134,0.0,,,,,,,,,,,,,,,,,0.0,0.0,3.9375,0.0235232442655693,0.0,0.0,0.1378125,0.0823313549294925,0.2201438549294925,1570688,,,2.732925522139393e-08,Information
436667,8168.0,7272.607269,CHN,China,Guizhou,2.116485369,0.0,0.59,0.57,8168.0,8168.0,1.0,3.0,54.0,23.0,3.0,3.0,8.0,5.4,2.3,0.3,37.66666666666666,0.0,0.0,0.0,0.0,0.0,0.0,0.0,0.0,0.0,0.0,0.0,37.66666666666666,37.66666666666666,42.32970738,0.0,,,,,,,,,,,,,,,,,,,,,,,,,,364403,,,0.3350660731363609,Advisory
436669,8170.0,4227.660428,CHN,China,Guizhou,2.241075823,0.0,0.59,0.57,8170.0,8170.0,1.0,3.0,64.0,25.0,11.0,3.0,8.0,6.4,2.5,1.1,41.6,0.0,0.0,0.0,0.0,0.0,0.0,0.0,0.0,0.0,0.0,0.0,41.6,41.6,44.82151646,0.0,,,,,,,,,,,,,,,,,,,,,,,,,,485560,,,0.3887904544365678,Advisory
436675,8176.0,17578.39687,CHN,China,Guangxi,2.679225151,0.0,0.59,0.57,8176.0,8176.0,0.0,4.0,-9999.0,-9999.0,-9999.0,0.0,7.0,-999.9,-999.9,-999.9,-5985.4,0.0,0.0,0.0,0.0,0.0,0.0,0.0,0.0,0.0,0.0,0.0,-5985.4,4.424609560755065,53.58450302,0.0,,,,,,,,,,,,,,,,,0.0,0.0,80.578125,0.4583929102157328,0.0,0.0,2.820234375,1.6043751857550648,4.424609560755065,1800197,,,0.0093753293158806,Information
436676,8177.0,5813.257666,CHN,China,Guizhou,1.519902815,0.0,0.59,0.57,8177.0,8177.0,1.0,3.0,45.0,21.0,3.0,3.0,8.0,4.5,2.1,0.3,37.333333333333336,0.0,0.0,0.0,0.0,0.0,0.0,0.0,0.0,0.0,0.0,0.0,37.333333333333336,37.333333333333336,30.3980563,0.0,,,,,,,,,,,,,,,,,0.0,0.0,2.53125,0.0435427112560061,0.0,0.0,0.08859375,0.1523994893960213,0.2409932393960213,332827,,,0.2666731767055312,Advisory
436680,8181.0,26827.99469,CHN,China,Guizhou,0.71774545,0.0,0.59,0.57,8181.0,,,,,,,,,,,,,,,,,,,,,,,,,3.837680148938033,14.354909,0.0,,55.25,0.206,19.25,0.072,0.0,0.0,0.375,0.001,0.1925,0.072,0.0,0.0,0.009375,0.0025,0.276375,0.0,0.0,79.875,0.2977300425537239,0.0,0.0,2.795625,1.0420551489380336,3.837680148938033,5509356,,,0.0009502897006548,Information
436692,8184.0,7580.144183,CHN,China,Yunnan,2.762204323,0.0,0.59,0.57,8184.0,,,,,,,,,,,,,,,,,,,,,,,,,2.100358211007251,55.244086460000005,0.0,,28.062,0.37,20.812,0.275,0.062,0.001,0.0,0.0,0.20812,0.275,0.0009299999999999,0.0015,0.0,0.0,0.48555,0.0,0.0,25.875,0.3413523460020718,0.0,0.0,0.905625,1.1947332110072513,2.100358211007251,1542672,,,0.0011099570803146,Information
436695,8187.0,9689.417526,CHN,China,Yunnan,2.186412715,0.0,0.59,0.57,8187.0,,,,,,,,,,,,,,,,,,,,,,,,,1.940293853105564,43.7282543,0.0,,38.25,0.395,22.375,0.231,0.0,0.0,0.125,0.001,0.22375,0.231,0.0,0.0,0.003125,0.0025,0.460375,0.0,0.0,27.28125,0.2815571723158755,0.0,0.0,0.95484375,0.9854501031055642,1.940293853105564,1250259,,,0.0003794672038457,Information
436696,8188.0,4890.369671,CHN,China,Yunnan,3.674826568,0.0,0.59,0.57,8188.0,,,,,,,,,,,,,,,,,,,,,,,,,4.7206839344807126,73.49653135999999,0.0,,5.312,0.109,4.812,0.098,0.062,0.001,0.062,0.001,0.04812,0.098,0.0009299999999999,0.0015,0.00155,0.0025,0.1525999999999999,0.0,0.0,44.296875,0.9057980884230608,0.0,0.0,1.550390625,3.1702933094807126,4.7206839344807126,1708141,,,0.0422347363372419,Information
436698,8190.0,4103.465966,CHN,China,Yunnan,1.931534264,0.0,0.59,0.57,8190.0,,,,,,,,,,,,,,,,,,,,,,,,,1.8777102528859613,38.63068528,0.0,,5.688,0.139,5.625,0.137,0.188,0.005,0.0,0.0,0.05625,0.137,0.00282,0.0075,0.0,0.0,0.20357,0.0,0.0,15.609375,0.3803948936817033,0.0,0.0,0.546328125,1.3313821278859617,1.8777102528859613,1263144,,,0.0002443664255563,Information
436699,8191.0,10415.72244,CHN,China,Yunnan,3.340195909,0.0,0.59,0.57,8191.0,,,,,,,,,,,,,,,,,,,,,,,,,7.071473349282575,66.80391818000001,0.0,,79.312,0.761,48.875,0.469,0.25,0.002,0.5,0.005,0.48875,0.469,0.00375,0.003,0.0125,0.0125,0.9895,0.0,0.0,103.078125,0.9896397069378784,0.0,0.0,3.607734375,3.4637389742825744,7.071473349282575,2930576,,,0.0610084625099572,Information
436842,8211.0,3821.824625,CHN,China,Yunnan,0.827874888,0.0,0.59,0.57,8211.0,8211.0,0.0,15.0,-9999.0,-9999.0,-9999.0,0.0,1.0,-999.9,-999.9,-999.9,-5997.4,0.0,0.0,0.0,0.0,0.0,0.0,0.0,0.0,0.0,0.0,0.0,-5997.4,0.1958023450253528,16.55749776,0.0,,,,,,,,,,,,,,,,,0.0,0.0,1.546875,0.0404747771501008,0.0,0.0,0.054140625,0.1416617200253528,0.1958023450253528,168990,,,7.029289631952996e-10,Information
436845,8214.0,5036.154058,CHN,China,Yunnan,3.302119637,0.0,0.59,0.57,8214.0,8214.0,0.0,14.0,-9999.0,-9999.0,-9999.0,0.0,1.0,-999.9,-999.9,-999.9,-5997.4,0.0,0.0,0.0,0.0,0.0,0.0,0.0,0.0,0.0,0.0,0.0,-5997.4,0.5731033495025454,66.04239274,0.0,,,,,,,,,,,,,,,,,0.0,0.0,5.484375,0.1089000641435844,0.0,0.0,0.191953125,0.3811502245025454,0.5731033495025454,562775,,,2.234391950580552e-05,Information
436849,8218.0,4879.385259,CHN,China,Yunnan,3.256177434,0.0,0.59,0.57,8218.0,8218.0,0.0,15.0,-9999.0,-9999.0,-9999.0,0.0,1.0,-999.9,-999.9,-999.9,-5997.4,0.0,0.0,0.0,0.0,0.0,0.0,0.0,0.0,0.0,0.0,0.0,-5997.4,1.290770139566165,65.12354868,0.0,,,,,,,,,,,,,,,,,0.0,0.0,12.09375,0.2478539684474757,0.0,0.0,0.42328125,0.867488889566165,1.290770139566165,552873,,,0.0004893612179067,Information
436890,8223.0,8996.541936,CHN,China,Yunnan,3.470369029,0.0,0.59,0.57,8223.0,8223.0,0.0,14.0,-9999.0,-9999.0,-9999.0,0.0,1.0,-999.9,-999.9,-999.9,-5997.4,0.0,0.0,0.0,0.0,0.0,0.0,0.0,0.0,0.0,0.0,0.0,-5997.4,1.278305428642282,69.40738058,0.0,,,,,,,,,,,,,,,,,0.0,0.0,17.296875,0.1922613724692235,0.0,0.0,0.605390625,0.6729148036422823,1.278305428642282,590511,,,0.0007486057525448,Information
439001,8229.0,34604.85792,CHN,China,Hainan,4.002072028,3.152460182,0.59,0.57,8229.0,,,,,,,,,,,,,,,,,,,,,,,,,25.325976660249047,80.04144056,63.04920364,,642.562,1.857,410.562,1.186,3.188,0.009,0.0,0.0,4.10562,1.186,0.04782,0.0134999999999999,0.0,0.0,5.352939999999999,0.0,0.0,561.375,1.622243331499727,0.0,0.0,19.648125,5.677851660249045,25.325976660249047,10040810,,,0.5941263545422212,Advisory
442934,8317.0,7662.861187,CHN,China,Yunnan,2.830380271,0.0,0.59,0.57,8317.0,8317.0,0.0,15.0,-9999.0,-9999.0,-9999.0,0.0,1.0,-999.9,-999.9,-999.9,-5997.4,0.0,0.0,0.0,0.0,0.0,0.0,0.0,0.0,0.0,0.0,0.0,-5997.4,0.6126246072395272,56.60760542,0.0,,,,,,,,,,,,,,,,,0.0,0.0,7.59375,0.0990981020684363,0.0,0.0,0.26578125,0.3468433572395271,0.6126246072395272,156093,,,1.0208223782020088e-05,Information
442936,8319.0,8834.797066,CHN,China,Yunnan,2.511314011,0.0,0.59,0.57,8319.0,8319.0,0.0,15.0,-9999.0,-9999.0,-9999.0,0.0,1.0,-999.9,-999.9,-999.9,-5997.4,0.0,0.0,0.0,0.0,0.0,0.0,0.0,0.0,0.0,0.0,0.0,-5997.4,3.903353523043613,50.22628022,0.0,,,,,,,,,,,,,,,,,0.0,0.0,52.3125,0.5921188637267466,0.0,0.0,1.8309375,2.0724160230436133,3.903353523043613,704941,,,0.0054537078305588,Information
442938,8321.0,5821.163421,CHN,China,Yunnan,2.819443399,0.0,0.59,0.57,8321.0,8321.0,0.0,15.0,-9999.0,-9999.0,-9999.0,0.0,1.0,-999.9,-999.9,-999.9,-5997.4,0.0,0.0,0.0,0.0,0.0,0.0,0.0,0.0,0.0,0.0,0.0,-5997.4,0.6019656619260252,56.38886798,0.0,,,,,,,,,,,,,,,,,0.0,0.0,6.328125,0.1087089391217215,0.0,0.0,0.221484375,0.3804812869260252,0.6019656619260252,500359,,,9.225010168075551e-06,Information
442939,8322.0,11476.2411,CHN,China,Yunnan,1.064469858,0.0,0.59,0.57,8322.0,8322.0,0.0,15.0,-9999.0,-9999.0,-9999.0,0.0,1.0,-999.9,-999.9,-999.9,-5997.4,0.0,0.0,0.0,0.0,0.0,0.0,0.0,0.0,0.0,0.0,0.0,-5997.4,3.573723209146189,21.28939716,0.0,,,,,,,,,,,,,,,,,0.0,0.0,54.5625,0.4754387740417682,0.0,0.0,1.9096875,1.6640357091461888,3.573723209146189,1326789,,,0.0009934954336691,Information
442940,8323.0,12088.07658,CHN,China,Yunnan,3.14738543,0.0,0.59,0.57,8323.0,8323.0,0.0,15.0,-9999.0,-9999.0,-9999.0,0.0,1.0,-999.9,-999.9,-999.9,-5997.4,0.0,0.0,0.0,0.0,0.0,0.0,0.0,0.0,0.0,0.0,0.0,-5997.4,6.070647969267529,62.9477086,0.0,,66.312,0.549,38.938,0.322,0.125,0.001,0.188,0.002,0.38938,0.322,0.001875,0.0015,0.0046999999999999,0.005,0.724455,0.0,0.0,94.921875,0.785252098362151,0.0,0.0,3.322265625,2.7483823442675286,6.070647969267529,1352681,,,0.03523600140817,Information
442954,8327.0,2718.943486,CHN,China,Yunnan,2.703826294,0.0,0.59,0.57,8327.0,8327.0,0.0,15.0,-9999.0,-9999.0,-9999.0,0.0,1.0,-999.9,-999.9,-999.9,-5997.4,0.0,0.0,0.0,0.0,0.0,0.0,0.0,0.0,0.0,0.0,0.0,-5997.4,0.1381442099515583,54.076525880000005,0.0,,,,,,,,,,,,,,,,,0.0,0.0,0.84375,0.0310322742718738,0.0,0.0,0.02953125,0.1086129599515583,0.1381442099515583,284905,,,3.1908792626028794e-09,Information
445476,8404.0,8863.086843,CHN,China,Yunnan,4.007202753,0.0,0.59,0.57,8404.0,8404.0,0.0,15.0,-9999.0,-9999.0,-9999.0,0.0,1.0,-999.9,-999.9,-999.9,-5997.4,0.0,0.0,0.0,0.0,0.0,0.0,0.0,0.0,0.0,0.0,0.0,-5997.4,0.2933029092025207,80.14405506,0.0,,,,,,,,,,,,,,,,,0.0,0.0,3.9375,0.0444258312007202,0.0,0.0,0.1378125,0.1554904092025207,0.2933029092025207,929930,,,1.248598574422572e-05,Information
445479,8407.0,49306.64656,CHN,China,Xizang,2.89144593,0.0,0.59,0.57,8407.0,8407.0,0.0,15.0,-9999.0,-9999.0,-9999.0,0.0,1.0,-999.9,-999.9,-999.9,-5997.4,0.0,0.0,0.0,0.0,0.0,0.0,0.0,0.0,0.0,0.0,0.0,-5997.4,5.18008080512994,57.8289186,0.0,,,,,,,,,,,,,,,,,0.0,0.0,123.046875,0.2495543371799829,0.0,0.0,4.306640625,0.8734401801299402,5.18008080512994,346658,,,0.0180005920281348,Information
445490,8409.0,29308.45851,CHN,China,Xizang,2.464792041,0.0,0.59,0.57,8409.0,,,,,,,,,,,,,,,,,,,,,,,,,2.5876747189682847,49.29584082,0.0,,22.25,0.076,21.312,0.073,0.0,0.0,0.0,0.0,0.21312,0.073,0.0,0.0,0.0,0.0,0.28612,0.0,0.0,55.125,0.1880856339909385,0.0,0.0,1.929375,0.6582997189682848,2.5876747189682847,209650,,,0.0014637575961794,Information
452400,8481.0,2386.400709,CHN,China,Xizang,0.140189301,0.0,0.59,0.57,8481.0,,,,,,,,,,,,,,,,,,,,,,,,,13.92287225216689,2.8037860199999995,0.0,,9.062,0.38,5.75,0.241,0.938,0.039,0.125,0.005,0.0575,0.241,0.01407,0.0584999999999999,0.003125,0.0125,0.386695,0.0,0.0,76.640625,3.2115572506191112,0.0,0.0,2.682421875,11.240450377166889,13.92287225216689,56,,,0.0259960723447576,Information
452420,8491.0,1069.361593,CHN,China,Xizang,2.762993059,0.0,0.59,0.57,8491.0,,,,,,,,,,,,,,,,,,,,,,,,,1.1718078641471268,55.25986118,0.0,,9.0,0.842,3.812,0.357,1.688,0.158,0.0,0.0,0.03812,0.357,0.02532,0.237,0.0,0.0,0.65744,0.0,0.0,3.234375,0.3024584968991791,0.0,0.0,0.113203125,1.0586047391471267,1.1718078641471268,2298,,,0.0001350942083868,Information
452427,8498.0,11564.73766,CHN,China,Xizang,4.000118441,0.0,0.59,0.57,8498.0,8498.0,0.0,1.0,-9999.0,-9999.0,-9999.0,0.0,10.0,-999.9,-999.9,-999.9,-5979.4,0.0,0.0,0.0,0.0,0.0,0.0,0.0,0.0,0.0,0.0,0.0,-5979.4,9.471497975641208,80.00236881999999,0.0,,,,,,,,,,,,,,,,,0.0,0.0,145.125,1.254892278754631,0.0,0.0,5.079375,4.392122975641208,9.471497975641208,154521,,,0.2274331746948805,Information
452428,8499.0,8687.574228,CHN,China,Xizang,2.472845794,0.0,0.59,0.57,8499.0,,,,,,,,,,,,,,,,,,,,,,,,,18.81362182752024,49.45691588,0.0,,44.0,0.506,26.25,0.302,0.312,0.004,0.062,0.001,0.2625,0.302,0.00468,0.006,0.00155,0.0025,0.57923,0.0,0.0,249.890625,2.876414272148638,0.0,0.0,8.746171875,10.067449952520231,18.81362182752024,33022,,,0.1615163492451595,Information
452429,8500.0,9882.241101,CHN,China,Xizang,3.372280115,0.0,0.59,0.57,8500.0,,,,,,,,,,,,,,,,,,,,,,,,,11.447174533528417,67.4456023,0.0,,54.125,0.548,12.688,0.128,0.875,0.009,0.062,0.001,0.12688,0.128,0.013125,0.0134999999999999,0.00155,0.0025,0.285555,0.0,0.0,162.5625,1.644996295293833,0.0,0.0,5.6896875,5.757487033528416,11.447174533528417,45005,,,0.1479723112913695,Information
452609,8598.0,3427.812644,CHN,China,Xizang,4.020886412,0.0,0.59,0.57,8598.0,,,,,,,,,,,,,,,,,,,,,,,,,4.203153685583199,80.41772824,0.0,,11.875,0.346,3.562,0.104,0.0,0.0,0.0,0.0,0.03562,0.104,0.0,0.0,0.0,0.0,0.13962,0.0,0.0,30.65625,0.8943385530237711,0.0,0.0,1.07296875,3.1301849355831988,4.203153685583199,23642,,,0.0619278429002054,Information
452950,8613.0,27697.22898,CHN,China,Xizang,3.370014778,0.0,0.59,0.57,8613.0,,,,,,,,,,,,,,,,,,,,,,,,,9.807193916789789,67.40029555999999,0.0,,15.938,0.058,15.25,0.055,0.125,0.0,0.0,0.0,0.1525,0.055,0.001875,0.0,0.0,0.0,0.2093749999999999,0.0,0.0,205.875,0.7433054047970824,0.0,0.0,7.205625,2.6015689167897884,9.807193916789789,268103,,,0.1148393291990627,Information
452961,8614.0,862.8599998,CHN,China,Xizang,4.014467751,0.0,0.59,0.57,8614.0,,,,,,,,,,,,,,,,,,,,,,,,,6.196328381868513,80.28935501999999,0.0,,4.938,0.572,0.438,0.051,0.75,0.087,0.0,0.0,0.00438,0.051,0.01125,0.1305,0.0,0.0,0.19713,0.0,0.0,14.0625,1.629754537676718,0.0,0.0,0.4921875,5.704140881868513,6.196328381868513,20877,,,0.1235949359395172,Information
452963,8616.0,10838.42331,CHN,China,Xizang,3.54176028,0.0,0.59,0.57,8616.0,,,,,,,,,,,,,,,,,,,,,,,,,3.7378891883921743,70.8352056,0.0,,13.875,0.128,6.562,0.061,0.688,0.006,0.0,0.0,0.06562,0.061,0.01032,0.009,0.0,0.0,0.14594,0.0,0.0,55.546875,0.5124995895406212,0.0,0.0,1.944140625,1.7937485633921744,3.7378891883921743,523669,,,0.0199665022031402,Information
452971,8623.0,5165.451487,CHN,China,Xizang,2.725910396,0.0,0.59,0.57,8623.0,,,,,,,,,,,,,,,,,,,,,,,,,2.7166612374067034,54.51820792,0.0,,10.625,0.206,2.0,0.039,4.562,0.088,0.0,0.0,0.02,0.039,0.06843,0.132,0.0,0.0,0.25943,0.0,0.0,26.4375,0.5118139249733438,0.0,0.0,0.9253125,1.7913487374067032,2.7166612374067034,81818,,,0.0024168796488023,Information
452972,8624.0,11462.93663,CHN,China,Xizang,2.234961463,0.0,0.59,0.57,8624.0,,,,,,,,,,,,,,,,,,,,,,,,,11.593230554772736,44.69922926,0.0,,84.0,0.733,74.562,0.65,7.062,0.062,0.375,0.003,0.74562,0.65,0.10593,0.093,0.009375,0.0075,1.611425,0.0,0.0,176.90625,1.5432890870779246,0.0,0.0,6.19171875,5.401511804772736,11.593230554772736,29181,,,0.0591009559083196,Information
452975,8627.0,415.9335655,CHN,China,Xizang,3.341229927,0.0,0.59,0.57,8627.0,,,,,,,,,,,,,,,,,,,,,,,,,1.4790609058416655,66.82459854,0.0,,0.75,0.18,0.75,0.18,0.0,0.0,0.0,0.0,0.0075,0.18,0.0,0.0,0.0,0.0,0.1875,0.0,0.0,1.6875,0.4057138302404759,0.0,0.0,0.0590625,1.4199984058416657,1.4790609058416655,3181,,,0.0009341665607582,Information
452976,8628.0,14263.87897,CHN,China,Xizang,2.677336485,0.0,0.59,0.57,8628.0,,,,,,,,,,,,,,,,,,,,,,,,,13.52152552468509,53.5467297,0.0,,78.25,0.549,56.875,0.399,2.0,0.014,0.062,0.0,0.56875,0.399,0.03,0.021,0.00155,0.0,1.0203,0.0,0.0,227.109375,1.592199257052883,0.0,0.0,7.948828125,5.57269739968509,13.52152552468509,257313,,,0.1085709054033376,Information
452978,8630.0,5479.907792,CHN,China,Xizang,3.587322496,0.0,0.59,0.57,8630.0,,,,,,,,,,,,,,,,,,,,,,,,,11.26187537921149,71.74644992,0.0,,40.5,0.739,20.062,0.366,6.875,0.125,0.875,0.016,0.20062,0.366,0.103125,0.1875,0.021875,0.04,0.91912,0.0,0.0,113.90625,2.078616179774712,0.0,0.0,3.98671875,7.275156629211491,11.26187537921149,44632,,,0.1788396987622476,Information
452979,8631.0,2989.892149,CHN,China,Xizang,2.78260501,0.0,0.59,0.57,8631.0,,,,,,,,,,,,,,,,,,,,,,,,,1.261631761993152,55.65210020000001,0.0,,8.375,0.28,2.375,0.079,0.312,0.01,0.0,0.0,0.02375,0.079,0.00468,0.015,0.0,0.0,0.12243,0.0,0.0,8.296875,0.2774974677123292,0.0,0.0,0.290390625,0.9712411369931522,1.261631761993152,14700,,,0.0001856680298244,Information
452980,8632.0,20302.01248,CHN,China,Xizang,3.403831581,0.0,0.59,0.57,8632.0,,,,,,,,,,,,,,,,,,,,,,,,,5.722692623786337,68.07663162,0.0,,119.25,0.587,46.0,0.227,2.438,0.012,0.0,0.0,0.46,0.227,0.03657,0.018,0.0,0.0,0.7415700000000001,0.0,0.0,109.546875,0.5395862853675248,0.0,0.0,3.834140625,1.8885519987863368,5.722692623786337,59924,,,0.0428163949239988,Information
452991,8634.0,12314.04963,CHN,China,Xizang,3.517073764,0.0,0.59,0.57,8634.0,,,,,,,,,,,,,,,,,,,,,,,,,17.088485709259853,70.34147528,0.0,,52.188,0.424,26.812,0.218,3.688,0.03,0.125,0.001,0.26812,0.218,0.05532,0.045,0.003125,0.0025,0.5920650000000001,0.0,0.0,269.4375,2.188049488359958,0.0,0.0,9.4303125,7.658173209259854,17.088485709259853,78139,,,0.2906986975994235,Information
452992,8635.0,5784.620577,CHN,China,Xizang,3.186528878,0.0,0.59,0.57,8635.0,,,,,,,,,,,,,,,,,,,,,,,,,7.144987625615407,63.73057756,0.0,,8.0,0.138,4.562,0.079,0.5,0.009,0.0,0.0,0.04562,0.079,0.0075,0.0134999999999999,0.0,0.0,0.14562,0.0,0.0,74.8125,1.293300035890116,0.0,0.0,2.6184375,4.526550125615406,7.144987625615407,10577,,,0.0521277519120598,Information
452993,8636.0,8851.9218,CHN,China,Xizang,3.371320774,0.0,0.59,0.57,8636.0,,,,,,,,,,,,,,,,,,,,,,,,,23.46944039218632,67.42641548,0.0,,99.312,1.122,35.125,0.397,1.125,0.013,0.125,0.001,0.35125,0.397,0.016875,0.0195,0.003125,0.0025,0.79025,0.0,0.0,314.859375,3.556960647767521,0.0,0.0,11.020078125,12.449362267186324,23.46944039218632,524,,,0.3715304973157064,Advisory
452994,8637.0,3877.936609,CHN,China,Xizang,4.061161518,0.0,0.59,0.57,8637.0,,,,,,,,,,,,,,,,,,,,,,,,,2.0784365977112635,81.22323035999999,0.0,,38.938,1.004,9.875,0.255,0.0,0.0,0.0,0.0,0.09875,0.255,0.0,0.0,0.0,0.0,0.35375,0.0,0.0,16.59375,0.4279015279175038,0.0,0.0,0.58078125,1.4976553477112633,2.0784365977112635,7922,,,0.0138678535932331,Information
452995,8638.0,2232.022181,CHN,China,Xizang,1.674014212,0.0,0.59,0.57,8638.0,,,,,,,,,,,,,,,,,,,,,,,,,16.426597896444406,33.48028424,0.0,,37.375,1.674,18.312,0.82,0.812,0.036,0.062,0.003,0.18312,0.82,0.01218,0.0539999999999999,0.00155,0.0075,1.07835,0.0,0.0,85.640625,3.836907434698402,0.0,0.0,2.997421875,13.429176021444407,16.426597896444406,497,,,0.080967002661842,Information
452996,8639.0,3029.863235,CHN,China,Xizang,4.037621234,0.0,0.59,0.57,8639.0,,,,,,,,,,,,,,,,,,,,,,,,,20.08693268397125,80.75242468,0.0,,4.5,0.149,4.188,0.138,0.0,0.0,0.0,0.0,0.04188,0.138,0.0,0.0,0.0,0.0,0.17988,0.0,0.0,133.453125,4.404592373991786,0.0,0.0,4.670859375,15.416073308971251,20.08693268397125,0,,,0.5170234396038457,Advisory
452997,8640.0,221.264754,CHN,China,Xizang,2.303771173,0.0,0.59,0.57,8640.0,,,,,,,,,,,,,,,,,,,,,,,,,5.9114813818389695,46.07542346,0.0,,0.438,0.198,0.438,0.198,0.0,0.0,0.0,0.0,0.00438,0.198,0.0,0.0,0.0,0.0,0.20238,0.0,0.0,3.65625,1.6524321805254198,0.0,0.0,0.12796875,5.78351263183897,5.9114813818389695,1169,,,0.0135286598128941,Information
452998,8641.0,3704.757547,CHN,China,Xizang,2.714460127,0.0,0.59,0.57,8641.0,,,,,,,,,,,,,,,,,,,,,,,,,3.2044596912788395,54.289202540000005,0.0,,12.125,0.327,5.688,0.154,0.0,0.0,0.0,0.0,0.05688,0.154,0.0,0.0,0.0,0.0,0.21088,0.0,0.0,24.75,0.6680599117939542,0.0,0.0,0.86625,2.3382096912788395,3.2044596912788395,8128,,,0.0039327321576141,Information
452999,8642.0,11318.91137,CHN,China,Xizang,3.580208757,0.0,0.59,0.57,8642.0,,,,,,,,,,,,,,,,,,,,,,,,,20.162770451667427,71.60417514,0.0,,44.438,0.393,25.25,0.223,0.25,0.002,0.0,0.0,0.2525,0.223,0.00375,0.003,0.0,0.0,0.48225,0.0,0.0,305.859375,2.7021978076192643,0.0,0.0,10.705078125,9.457692326667424,20.162770451667427,1808,,,0.3660233394708962,Advisory
456496,8950.0,2619.117503,CHN,China,Xizang,0.869896497,0.0,0.59,0.57,8950.0,,,,,,,,,,,,,,,,,,,,,,,,,4.221089722381504,17.39792994,0.0,,18.688,0.714,5.25,0.2,0.0,0.0,0.0,0.0,0.0525,0.2,0.0,0.0,0.0,0.0,0.2525,0.0,0.0,25.03125,0.955713134966144,0.0,0.0,0.87609375,3.344995972381504,4.221089722381504,26,,,0.0014700059899955,Information
456497,8951.0,5944.938777,CHN,China,Xizang,0.660607265,0.0,0.59,0.57,8951.0,,,,,,,,,,,,,,,,,,,,,,,,,27.035599338446247,13.2121453,0.0,,4.688,0.079,4.25,0.071,0.062,0.001,0.062,0.001,0.0425,0.071,0.0009299999999999,0.0015,0.00155,0.0025,0.1199799999999999,0.0,0.0,288.0,4.844456953841785,0.0,0.0,10.08,16.95559933844625,27.035599338446247,7969,,,0.1217441216872961,Information
456800,8989.0,3420.501612,CHN,China,Xizang,3.955601453,0.0,0.59,0.57,8989.0,,,,,,,,,,,,,,,,,,,,,,,,,4.538134792503115,79.11202906,0.0,,16.188,0.473,13.75,0.402,0.938,0.027,0.375,0.011,0.1375,0.402,0.01407,0.0405,0.009375,0.0274999999999999,0.6309450000000001,0.0,0.0,33.046875,0.9661411907151756,0.0,0.0,1.156640625,3.3814941675031145,4.538134792503115,656,,,0.063423118909696,Information
456807,8996.0,11747.72127,CHN,China,Xizang,2.925816643,0.0,0.59,0.57,8996.0,,,,,,,,,,,,,,,,,,,,,,,,,19.38019730295062,58.516332860000006,0.0,,17.312,0.147,13.188,0.112,0.375,0.003,0.25,0.002,0.13188,0.112,0.005625,0.0045,0.00625,0.005,0.2652549999999999,0.0,0.0,299.109375,2.5461054794144635,0.0,0.0,10.468828125,8.911369177950622,19.38019730295062,1611,,,0.2233141990010141,Information
456808,8997.0,10441.05624,CHN,China,Xizang,3.568202783,0.0,0.59,0.57,8997.0,,,,,,,,,,,,,,,,,,,,,,,,,10.927039986812211,71.36405565999999,0.0,,135.062,1.294,52.438,0.502,16.0,0.153,12.75,0.122,0.5243800000000001,0.502,0.24,0.2294999999999999,0.31875,0.305,2.1196300000000003,0.0,0.0,159.46875,1.527323924803489,0.0,0.0,5.58140625,5.345633736812212,10.927039986812211,8536,,,0.167667826441143,Information
456809,8998.0,9691.014159,CHN,China,Xizang,3.087017529,0.0,0.59,0.57,8998.0,,,,,,,,,,,,,,,,,,,,,,,,,22.97155694269825,61.740350580000005,0.0,,18.125,0.187,18.062,0.186,2.625,0.027,4.688,0.048,0.18062,0.186,0.039375,0.0405,0.1171999999999999,0.12,0.6836949999999999,0.0,0.0,323.015625,3.333145733628071,0.0,0.0,11.305546875,11.666010067698249,22.97155694269825,2395,,,0.3049770403360296,Information
456906,9005.0,6350.812043,CHN,China,Xizang,3.016604745,0.0,0.59,0.57,9005.0,,,,,,,,,,,,,,,,,,,,,,,,,10.124822673477484,60.3320949,0.0,,6.375,0.1,4.0,0.063,0.188,0.003,0.062,0.001,0.04,0.063,0.00282,0.0045,0.00155,0.0025,0.11437,0.0,0.0,112.359375,1.7692127281364245,0.0,0.0,3.932578125,6.192244548477486,10.124822673477484,2583,,,0.086039759415029,Information
456907,9006.0,6558.063771,CHN,China,Xizang,4.029304144,0.0,0.59,0.57,9006.0,,,,,,,,,,,,,,,,,,,,,,,,,4.436420580972918,80.58608288,0.0,,7.312,0.112,6.75,0.103,0.062,0.001,0.25,0.004,0.0675,0.103,0.0009299999999999,0.0015,0.00625,0.01,0.18918,0.0,0.0,50.203125,0.7655174874208337,0.0,0.0,1.757109375,2.679311205972918,4.436420580972918,17843,,,0.0699528463011027,Information
456908,9007.0,3438.499087,CHN,China,Xizang,0.715275439,0.0,0.59,0.57,9007.0,,,,,,,,,,,,,,,,,,,,,,,,,2.115948619596145,14.30550878,0.0,,31.0,0.902,8.438,0.245,0.062,0.002,0.0,0.0,0.08438,0.245,0.0009299999999999,0.003,0.0,0.0,0.33331,0.0,0.0,15.46875,0.4498692484560416,0.0,0.0,0.54140625,1.5745423695961456,2.115948619596145,0,,,0.0001072550546789,Information
456909,9008.0,8814.406852,CHN,China,Xizang,4.004260471,0.0,0.59,0.57,9008.0,,,,,,,,,,,,,,,,,,,,,,,,,13.237274152934464,80.08520942000001,0.0,,51.312,0.582,16.812,0.191,0.312,0.004,0.062,0.001,0.16812,0.191,0.00468,0.006,0.00155,0.0025,0.37385,0.0,0.0,177.1875,2.0102033294098467,0.0,0.0,6.2015625,7.035711652934463,13.237274152934464,15192,,,0.3414804553786601,Information
463009,9263.0,7287.971269,CHN,China,Xinjiang Uygur,1.56990771,0.0,0.59,0.57,9263.0,,,,,,,,,,,,,,,,,,,,,,,,,3.3274598208802817,31.3981542,0.0,,4.75,0.065,4.75,0.065,0.375,0.005,0.125,0.002,0.0475,0.065,0.005625,0.0075,0.003125,0.005,0.13375,0.0,0.0,40.078125,0.5499215559657947,0.0,0.0,1.402734375,1.9247254458802816,3.3274598208802817,266053,,,0.0012386098157518,Information
471102,9308.0,19315.85139,CHN,China,Xinjiang Uygur,2.591901573,0.0,0.59,0.57,9308.0,,,,,,,,,,,,,,,,,,,,,,,,,6.67068901864609,51.83803146,0.0,,5.875,0.03,5.875,0.03,1.812,0.009,1.375,0.007,0.05875,0.03,0.02718,0.0134999999999999,0.034375,0.0175,0.181305,0.0,0.0,125.578125,0.650129898184597,0.0,0.0,4.395234375,2.2754546436460896,6.67068901864609,409219,,,0.0240294907688157,Information
471104,9310.0,2674.594373,CHN,China,Xinjiang Uygur,1.723935085,0.0,0.59,0.57,9310.0,,,,,,,,,,,,,,,,,,,,,,,,,17.53979702330644,34.4787017,0.0,,1.562,0.058,1.562,0.058,0.75,0.028,0.5,0.019,0.01562,0.058,0.01125,0.042,0.0125,0.0475,0.18687,0.0,0.0,105.75,3.953870578087554,0.0,0.0,3.70125,13.83854702330644,17.53979702330644,48588,,,0.0937680874417824,Information
471105,9311.0,5154.265878,CHN,China,Xinjiang Uygur,3.812537873,0.0,0.59,0.57,9311.0,,,,,,,,,,,,,,,,,,,,,,,,,3.21256289791507,76.25075746,0.0,,2.375,0.046,2.375,0.046,0.875,0.017,1.062,0.021,0.02375,0.046,0.013125,0.0255,0.02655,0.0525,0.187425,0.0,0.0,31.21875,0.60568761369002,0.0,0.0,1.09265625,2.11990664791507,3.21256289791507,2043,,,0.0227241419990524,Information
471107,9313.0,2840.757905,CHN,China,Xinjiang Uygur,1.07708896,0.0,0.59,0.57,9313.0,,,,,,,,,,,,,,,,,,,,,,,,,1.312620025392201,21.5417792,0.0,,1.625,0.057,1.625,0.057,1.062,0.037,1.062,0.037,0.01625,0.057,0.01593,0.0554999999999999,0.02655,0.0925,0.26373,0.0,0.0,8.296875,0.2920655429692002,0.0,0.0,0.290390625,1.0222294003922006,1.312620025392201,1043,,,2.151839624402e-05,Information
471108,9314.0,7982.473787,CHN,China,Xinjiang Uygur,0.497900263,0.0,0.59,0.57,9314.0,,,,,,,,,,,,,,,,,,,,,,,,,4.634669783205871,9.95800526,0.0,,2.0,0.025,2.0,0.025,1.25,0.016,0.5,0.006,0.02,0.025,0.01875,0.024,0.0125,0.015,0.1152499999999999,0.0,0.0,58.78125,0.736378866630249,0.0,0.0,2.05734375,2.577326033205872,4.634669783205871,178253,,,0.0015050176602639,Information
471109,9315.0,6195.837424,CHN,China,Xinjiang Uygur,1.595512325,0.0,0.59,0.57,9315.0,,,,,,,,,,,,,,,,,,,,,,,,,11.630607649139511,31.9102465,0.0,,3.438,0.055,3.312,0.053,2.312,0.037,0.75,0.012,0.03312,0.053,0.03468,0.0554999999999999,0.01875,0.03,0.22505,0.0,0.0,127.125,2.051780756897004,0.0,0.0,4.449375,7.181232649139514,11.630607649139511,513622,,,0.0385984977582994,Information
471202,9318.0,12632.26505,CHN,China,Xinjiang Uygur,2.060807166,0.0,0.59,0.57,9318.0,,,,,,,,,,,,,,,,,,,,,,,,,5.061616803907592,41.21614332,0.0,,36.438,0.288,29.438,0.233,1.375,0.011,0.125,0.001,0.29438,0.233,0.020625,0.0165,0.003125,0.0025,0.5701299999999999,0.0,0.0,80.71875,0.6389887296878833,0.0,0.0,2.82515625,2.236460553907592,5.061616803907592,64140,,,0.0070996547260879,Information
471204,9320.0,14947.79604,CHN,China,Xinjiang Uygur,1.312622873,0.0,0.59,0.57,9320.0,,,,,,,,,,,,,,,,,,,,,,,,,19.86286531712051,26.25245746,0.0,,12.562,0.084,11.688,0.078,3.312,0.022,2.188,0.015,0.11688,0.078,0.04968,0.033,0.0547,0.0375,0.36976,0.0,0.0,340.03125,2.2747918763201453,0.0,0.0,11.90109375,7.9617715671205085,19.86286531712051,440204,,,0.0947945297914549,Information
471205,9321.0,4001.792175,CHN,China,Xinjiang Uygur,1.045504427,0.0,0.59,0.57,9321.0,,,,,,,,,,,,,,,,,,,,,,,,,8.920504899374176,20.91008854,0.0,,5.188,0.13,5.188,0.13,2.688,0.067,2.375,0.059,0.0518799999999999,0.13,0.04032,0.1005,0.059375,0.1475,0.529575,0.0,0.0,72.84375,1.8202781855354788,0.0,0.0,2.54953125,6.370973649374176,8.920504899374176,51803,,,0.0145461787037518,Information
471206,9322.0,20877.91036,CHN,China,Xinjiang Uygur,1.559994864,0.0,0.59,0.57,9322.0,,,,,,,,,,,,,,,,,,,,,,,,,12.45493492821095,31.19989728,0.0,,24.5,0.117,22.625,0.108,17.75,0.085,15.0,0.072,0.22625,0.108,0.26625,0.1275,0.375,0.18,1.283,0.0,0.0,240.609375,1.1524590866316995,0.0,0.0,8.421328125,4.033606803210948,12.45493492821095,1081521,,,0.0437172959675799,Information
471209,9325.0,8041.000431,CHN,China,Xinjiang Uygur,3.762502834,0.0,0.59,0.57,9325.0,,,,,,,,,,,,,,,,,,,,,,,,,6.338594999713433,75.25005668,0.0,,4.438,0.055,4.438,0.055,1.25,0.016,0.188,0.002,0.0443799999999999,0.055,0.01875,0.024,0.0046999999999999,0.005,0.15183,0.0,0.0,80.71875,1.0038396427752667,0.0,0.0,2.82515625,3.5134387497134334,6.338594999713433,3831335,,,0.0865727415205444,Information
471301,9326.0,20494.55084,CHN,China,Xinjiang Uygur,0.890808563,0.0,0.59,0.57,9326.0,,,,,,,,,,,,,,,,,,,,,,,,,12.383916743985784,17.81617126,0.0,,24.312,0.119,23.5,0.115,14.875,0.073,4.062,0.02,0.235,0.115,0.223125,0.1094999999999999,0.10155,0.05,0.8341750000000001,0.0,0.0,237.796875,1.1602931768530813,0.0,0.0,8.322890625,4.061026118985785,12.383916743985784,1112011,,,0.0292082064990335,Information
471306,9331.0,17532.04956,CHN,China,Xinjiang Uygur,0.579011791,0.0,0.59,0.57,9331.0,,,,,,,,,,,,,,,,,,,,,,,,,0.4792124828670988,11.58023582,0.0,,0.312,0.002,0.312,0.002,9.5,0.054,0.0,0.0,0.00312,0.002,0.1425,0.081,0.0,0.0,0.22862,0.0,0.0,8.71875,0.0497303522477425,0.0,0.0,0.30515625,0.1740562328670987,0.4792124828670988,3701,,,9.057600587009925e-08,Information
471403,9335.0,14291.0177,CHN,China,Xinjiang Uygur,0.259341769,0.0,0.59,0.57,9335.0,,,,,,,,,,,,,,,,,,,,,,,,,0.5856136258738653,5.18683538,0.0,,0.0,0.0,0.0,0.0,7.438,0.052,0.0,0.0,0.0,0.0,0.11157,0.078,0.0,0.0,0.18957,0.0,0.0,9.84375,0.0688806788211044,0.0,0.0,0.34453125,0.2410823758738653,0.5856136258738653,830,,,1.818827388534052e-07,Information
473205,9371.0,28712.569,CHN,China,Nei Mongol,0.371756501,0.0,0.59,0.57,9371.0,,,,,,,,,,,,,,,,,,,,,,,,,0.1175,7.435130020000001,0.0,,9.875,0.034,8.75,0.03,0.0,0.0,0.0,0.0,0.0875,0.03,0.0,0.0,0.0,0.0,0.1175,,,,,,,,,,1041,,,1.2857743706706912e-11,Information
475208,9427.0,4024.2463,CHN,China,Nei Mongol,1.837785127,0.0,0.59,0.57,9427.0,9427.0,1.0,5.0,49.0,-9999.0,-9999.0,3.0,6.0,4.9,-999.9,-999.9,-3971.8,0.0,0.0,0.0,0.0,0.0,0.0,0.0,0.0,0.0,0.0,0.0,-3971.8,-3971.8,36.75570254,0.0,,,,,,,,,,,,,,,,,,,,,,,,,,946,,,,
475505,9451.0,10824.27775,CHN,China,Nei Mongol,0.518360985,0.0,0.59,0.57,9451.0,9451.0,1.0,5.0,62.0,-9999.0,-9999.0,3.0,6.0,6.2,-999.9,-999.9,-3969.2,0.0,0.0,0.0,0.0,0.0,0.0,0.0,0.0,0.0,0.0,0.0,-3969.2,-3969.2,10.3672197,0.0,,,,,,,,,,,,,,,,,,,,,,,,,,31357,,,,
482012,9479.0,10289.9177,CHN,China,Gansu,2.011787011,0.0,0.59,0.57,9479.0,,,,,,,,,,,,,,,,,,,,,,,,,0.9705076521249624,40.23574022,0.0,,5.25,0.051,5.25,0.051,0.0,0.0,0.0,0.0,0.0525,0.051,0.0,0.0,0.0,0.0,0.1035,0.0,0.0,14.0625,0.1366629006071321,0.0,0.0,0.4921875,0.4783201521249623,0.9705076521249624,1260,,,1.8915372537594487e-05,Information
482016,9483.0,33987.16295,CHN,China,Gansu,1.46363932,0.0,0.59,0.57,9483.0,,,,,,,,,,,,,,,,,,,,,,,,,4.987735103486386,29.2727864,0.0,,44.375,0.131,36.438,0.107,0.0,0.0,0.0,0.0,0.36438,0.107,0.0,0.0,0.0,0.0,0.47138,0.0,0.0,110.109375,0.3239734224246819,0.0,0.0,3.853828125,1.1339069784863869,4.987735103486386,296039,,,0.0040026226676981,Information
482020,9486.0,4748.336374,CHN,China,Qinghai,0.180880426,0.0,0.59,0.57,9486.0,,,,,,,,,,,,,,,,,,,,,,,,,0.5044824667520379,3.61760852,0.0,,13.875,0.292,8.938,0.188,0.062,0.001,0.0,0.0,0.08938,0.188,0.0009299999999999,0.0015,0.0,0.0,0.27981,0.0,0.0,4.640625,0.0977315976434394,0.0,0.0,0.162421875,0.3420605917520379,0.5044824667520379,425,,,7.500560630744792e-08,Information
482102,9491.0,46175.953,CHN,China,Xinjiang Uygur,2.241535583,0.0,0.59,0.57,9491.0,,,,,,,,,,,,,,,,,,,,,,,,,14.96942676397128,44.830711660000006,0.0,,50.0,0.108,49.75,0.108,26.25,0.057,13.875,0.03,0.4975,0.108,0.39375,0.0855,0.346875,0.075,1.506625,0.0,0.0,351.5625,0.761354075420366,0.0,0.0,12.3046875,2.664739263971281,14.96942676397128,202,,,0.0960492101440266,Information
482320,9504.0,22789.27625,CHN,China,Xinjiang Uygur,1.279288818,0.0,0.59,0.57,9504.0,,,,,,,,,,,,,,,,,,,,,,,,,13.270933230381814,25.58577636,0.0,,11.438,0.05,11.438,0.05,0.625,0.003,0.0,0.0,0.11438,0.05,0.009375,0.0045,0.0,0.0,0.178255,0.0,0.0,263.53125,1.156382708680519,0.0,0.0,9.22359375,4.047339480381816,13.270933230381814,36547,,,0.042347519672178,Information
482370,9517.0,27898.33423,CHN,China,Xinjiang Uygur,4.063081033,0.0,0.59,0.57,9517.0,,,,,,,,,,,,,,,,,,,,,,,,,9.45413583568008,81.26162065999999,0.0,,14.0,0.05,13.5,0.048,0.062,0.0,0.0,0.0,0.135,0.048,0.0009299999999999,0.0,0.0,0.0,0.1839299999999999,0.0,0.0,198.84375,0.7127441673371655,0.0,0.0,6.95953125,2.49460458568008,9.45413583568008,5009,,,0.2469492259562354,Information
482389,9526.0,5407.783724,CHN,China,Xinjiang Uygur,1.822251574,0.0,0.59,0.57,9526.0,,,,,,,,,,,,,,,,,,,,,,,,,1.4584272774422775,36.44503148,0.0,,5.625,0.104,3.562,0.066,0.0,0.0,0.0,0.0,0.03562,0.066,0.0,0.0,0.0,0.0,0.10162,0.0,0.0,14.625,0.2704435078406508,0.0,0.0,0.511875,0.9465522774422778,1.4584272774422775,27523,,,8.014949397138949e-05,Information
482503,9558.0,4711.255985,CHN,China,Xinjiang Uygur,2.311207905,0.0,0.59,0.57,9558.0,,,,,,,,,,,,,,,,,,,,,,,,,4.164980007393003,46.2241581,0.0,,10.75,0.228,5.688,0.121,0.0,0.0,0.0,0.0,0.05688,0.121,0.0,0.0,0.0,0.0,0.1778799999999999,0.0,0.0,38.109375,0.8089005378265721,0.0,0.0,1.333828125,2.8311518823930024,4.164980007393003,327159,,,0.0052620965777688,Information
482504,9559.0,14620.71075,CHN,China,Xinjiang Uygur,0.269544404,0.0,0.59,0.57,9559.0,,,,,,,,,,,,,,,,,,,,,,,,,2.038908740172096,5.39088808,0.0,,3.438,0.024,0.5,0.003,0.0,0.0,2.688,0.018,0.005,0.003,0.0,0.0,0.0672,0.045,0.1202,0.0,0.0,34.59375,0.2366078543348845,0.0,0.0,1.21078125,0.8281274901720957,2.038908740172096,123265,,,6.218734716592488e-05,Information
482505,9560.0,3371.153887,CHN,China,Xinjiang Uygur,2.0958602,0.0,0.59,0.57,9560.0,,,,,,,,,,,,,,,,,,,,,,,,,2.8697114064700577,41.917204000000005,0.0,,5.875,0.174,2.25,0.067,0.0,0.0,2.875,0.085,0.0225,0.067,0.0,0.0,0.071875,0.2125,0.373875,0.0,0.0,20.671875,0.6131987947057308,0.0,0.0,0.723515625,2.1461957814700576,2.8697114064700577,56283,,,0.0013163459776033,Information
482509,9564.0,20.46632356,CHN,China,Xinjiang Uygur,4.022513367,0.0,0.59,0.57,9564.0,,,,,,,,,,,,,,,,,,,,,,,,,31.327232421045007,80.45026734000001,0.0,3.0,0.375,1.832,0.375,1.832,0.0,0.0,0.0,0.0,0.00375,1.832,0.0,0.0,0.0,0.0,1.83575,0.0,0.0,1.828125,8.932356584584287,0.0,0.0,0.063984375,31.263248046045007,31.327232421045007,0,0.0,0.0,0.6813674760345182,Watch
482600,9565.0,26076.78135,CHN,China,Xinjiang Uygur,0.163242652,0.0,0.59,0.57,9565.0,,,,,,,,,,,,,,,,,,,,,,,,,24.125456007328985,3.26485304,0.0,,188.375,0.722,98.062,0.376,4.562,0.017,2.0,0.008,0.98062,0.376,0.06843,0.0255,0.05,0.02,1.52055,0.0,0.0,498.234375,1.910643680665424,0.0,0.0,17.438203125,6.687252882328984,24.125456007328985,1445,,,0.0824605899211088,Information
482690,9574.0,24629.41381,CHN,China,Xinjiang Uygur,3.092360352,0.0,0.59,0.57,9574.0,,,,,,,,,,,,,,,,,,,,,,,,,3.238675958348166,61.84720704,0.0,,43.375,0.176,20.125,0.082,0.188,0.001,0.125,0.001,0.20125,0.082,0.00282,0.0015,0.003125,0.0025,0.293195,0.0,0.0,65.8125,0.267210988099476,0.0,0.0,2.3034375,0.935238458348166,3.238675958348166,379353,,,0.0068232866305004,Information
482700,9575.0,10232.96671,CHN,China,Xinjiang Uygur,2.858129441,0.0,0.59,0.57,9575.0,,,,,,,,,,,,,,,,,,,,,,,,,2.5594363522257497,57.16258882,0.0,,6.938,0.068,5.312,0.052,0.0,0.0,0.0,0.0,0.05312,0.052,0.0,0.0,0.0,0.0,0.1051199999999999,0.0,0.0,36.984375,0.3614237792073571,0.0,0.0,1.294453125,1.2649832272257495,2.5594363522257497,6539,,,0.00241901577593,Information
482704,9579.0,9238.412896,CHN,China,Xinjiang Uygur,4.022097467,0.0,0.59,0.57,9579.0,,,,,,,,,,,,,,,,,,,,,,,,,0.104,80.44194934000001,0.0,,5.0,0.054,5.0,0.054,0.0,0.0,0.0,0.0,0.05,0.054,0.0,0.0,0.0,0.0,0.104,,,,,,,,,,1560,,,8.17138005918456e-08,Information
482705,9580.0,9996.265274,CHN,China,Xinjiang Uygur,1.299242128,0.0,0.59,0.57,9580.0,,,,,,,,,,,,,,,,,,,,,,,,,3.839779660195205,25.98484256,0.0,,28.188,0.282,22.125,0.221,0.0,0.0,0.0,0.0,0.22125,0.221,0.0,0.0,0.0,0.0,0.44225,0.0,0.0,54.84375,0.5486424029129158,0.0,0.0,1.91953125,1.920248410195205,3.839779660195205,184062,,,0.001543922191138,Information
482802,9586.0,9524.385566,CHN,China,Xinjiang Uygur,3.22077248,0.0,0.59,0.57,9586.0,,,,,,,,,,,,,,,,,,,,,,,,,1.0694903058738294,64.4154496,0.0,,47.312,0.497,14.438,0.152,0.0,0.0,0.0,0.0,0.14438,0.152,0.0,0.0,0.0,0.0,0.29638,0.0,0.0,14.90625,0.1565061588210941,0.0,0.0,0.52171875,0.5477715558738293,1.0694903058738294,290889,,,0.0002285358165792,Information
482805,9589.0,6850.765328,CHN,China,Xinjiang Uygur,1.598874648,0.0,0.59,0.57,9589.0,9589.0,1.0,4.0,100.0,-9999.0,-9999.0,3.0,7.0,10.0,-999.9,-999.9,-3959.6,0.0,0.0,0.0,0.0,0.0,0.0,0.0,0.0,0.0,0.0,0.0,-3959.6,3.401867851654365,31.97749296,0.0,,,,,,,,,,,,,,,,,0.0,0.0,39.515625,0.5768059933298186,0.0,0.0,1.383046875,2.018820976654365,3.401867851654365,380458,,,0.0013699136761512,Information
482970,9600.0,7730.9841,CHN,China,Xinjiang Uygur,3.594175888,0.0,0.59,0.57,9600.0,,,,,,,,,,,,,,,,,,,,,,,,,5.39580860889005,71.88351776,0.0,,13.938,0.18,13.438,0.174,0.0,0.0,0.0,0.0,0.13438,0.174,0.0,0.0,0.0,0.0,0.30838,0.0,0.0,67.21875,0.8694721025400143,0.0,0.0,2.35265625,3.04315235889005,5.39580860889005,1117696,,,0.049396502876368,Information
483014,9606.0,24200.70945,CHN,China,Xinjiang Uygur,0.584501718,0.0,0.59,0.57,9606.0,,,,,,,,,,,,,,,,,,,,,,,,,33.630558186249694,11.69003436,0.0,,117.5,0.486,103.5,0.428,27.375,0.113,2.312,0.01,1.035,0.428,0.410625,0.1695,0.0577999999999999,0.025,2.125925,0.0,0.0,679.921875,2.8095121603570554,0.0,0.0,23.797265625,9.833292561249694,33.630558186249694,764,,,0.1671677849928483,Information
483021,9612.0,34225.03274,CHN,China,Qinghai,1.595725331,0.0,0.59,0.57,9612.0,,,,,,,,,,,,,,,,,,,,,,,,,17.146471363732488,31.91450662,0.0,,20.125,0.059,17.562,0.051,14.625,0.043,13.625,0.04,0.17562,0.051,0.219375,0.0645,0.340625,0.1,0.95112,0.0,0.0,379.125,1.107741818209282,0.0,0.0,13.269375,3.877096363732487,17.146471363732488,7062,,,0.0839517289898261,Information
483022,9613.0,7055.608777,CHN,China,Qinghai,0.700063238,0.0,0.59,0.57,9613.0,,,,,,,,,,,,,,,,,,,,,,,,,19.143412504975533,14.001264760000002,0.0,,15.625,0.221,14.062,0.199,12.062,0.171,11.5,0.163,0.14062,0.199,0.18093,0.2565,0.2875,0.4075,1.47205,0.0,0.0,226.265625,3.20689017999301,0.0,0.0,7.919296875,11.224115629975534,19.143412504975533,1612,,,0.0665002829245302,Information
483033,9619.0,14010.69314,CHN,China,Qinghai,3.113106071,0.0,0.59,0.57,9619.0,,,,,,,,,,,,,,,,,,,,,,,,,8.072119705456153,62.26212142,0.0,,14.375,0.103,14.375,0.103,0.625,0.004,0.0,0.0,0.14375,0.103,0.009375,0.006,0.0,0.0,0.262125,0.0,0.0,134.578125,0.960538665844615,0.0,0.0,4.710234375,3.3618853304561527,8.072119705456153,1967,,,0.0615066439186671,Information
483034,9620.0,1735.149488,CHN,China,Qinghai,2.364082428,0.0,0.59,0.57,9620.0,,,,,,,,,,,,,,,,,,,,,,,,,10.951615996552142,47.28164856,0.0,,0.0,0.0,0.0,0.0,1.75,0.101,0.0,0.0,0.0,0.0,0.02625,0.1515,0.0,0.0,0.17775,0.0,0.0,46.265625,2.6663768918720407,0.0,0.0,1.619296875,9.332319121552144,10.951615996552142,15217,,,0.0580359934199115,Information
483035,9621.0,20126.21199,CHN,China,Qinghai,1.635429818,0.0,0.59,0.57,9621.0,,,,,,,,,,,,,,,,,,,,,,,,,4.464632218402265,32.70859636,0.0,,27.375,0.136,22.938,0.114,20.062,0.1,0.0,0.0,0.22938,0.114,0.30093,0.15,0.0,0.0,0.7943100000000001,0.0,0.0,85.21875,0.42342170525779,0.0,0.0,2.98265625,1.4819759684022649,4.464632218402265,364,,,0.0033354084603859,Information
483040,9622.0,26650.03893,CHN,China,Qinghai,4.019567878,0.0,0.59,0.57,9622.0,,,,,,,,,,,,,,,,,,,,,,,,,8.237544060482202,80.39135756,0.0,,22.938,0.086,21.688,0.081,1.5,0.006,0.0,0.0,0.21688,0.081,0.0225,0.009,0.0,0.0,0.32938,0.0,0.0,171.140625,0.6421777672806291,0.0,0.0,5.989921875,2.247622185482202,8.237544060482202,164034,,,0.1928975486472379,Information
483052,9624.0,44951.35228,CHN,China,Qinghai,2.098284234,0.0,0.59,0.57,9624.0,,,,,,,,,,,,,,,,,,,,,,,,,36.227205119265584,41.96568468,0.0,,123.75,0.275,112.812,0.251,22.25,0.049,6.812,0.015,1.12812,0.251,0.33375,0.0735,0.1703,0.0375,1.99417,0.0,0.0,846.703125,1.8835987840758808,0.0,0.0,29.634609375,6.592595744265583,36.227205119265584,36776,,,0.3187403480562609,Advisory
483053,9625.0,12673.68827,CHN,China,Qinghai,4.127689668,0.0,0.59,0.57,9625.0,,,,,,,,,,,,,,,,,,,,,,,,,35.48581439216098,82.55379336000001,0.0,3.0,12.625,0.1,12.5,0.099,5.188,0.041,0.5,0.004,0.125,0.099,0.07782,0.0615,0.0125,0.01,0.38582,0.0,0.0,566.71875,4.471616612045994,0.0,0.0,19.83515625,15.65065814216098,35.48581439216098,297582,24353.0,8.183626697851349,0.761151274826253,Watch
483059,9631.0,14694.40564,CHN,China,Qinghai,4.009286826,0.0,0.59,0.57,9631.0,,,,,,,,,,,,,,,,,,,,,,,,,3.019047858391001,80.18573652,0.0,,9.25,0.063,7.75,0.053,2.312,0.016,0.312,0.002,0.0775,0.053,0.03468,0.024,0.0078,0.005,0.20198,0.0,0.0,51.328125,0.3493038523974289,0.0,0.0,1.796484375,1.222563483391001,3.019047858391001,49940,,,0.0299546482155685,Information
491101,9632.0,19284.42936,CHN,China,Xizang,2.275383935,0.0,0.59,0.57,9632.0,,,,,,,,,,,,,,,,,,,,,,,,,11.637217885486804,45.5076787,0.0,,140.875,0.731,74.812,0.388,0.688,0.004,0.0,0.0,0.74812,0.388,0.01032,0.006,0.0,0.0,1.15244,0.0,0.0,218.953125,1.1353881458533732,0.0,0.0,7.663359375,3.973858510486808,11.637217885486804,2013,,,0.061312168290878,Information
491102,9633.0,7501.597754,CHN,China,Xizang,3.270513459,0.0,0.59,0.57,9633.0,,,,,,,,,,,,,,,,,,,,,,,,,3.927178223939272,65.41026918,0.0,,85.562,1.141,38.75,0.517,2.5,0.033,0.0,0.0,0.3875,0.517,0.0375,0.0495,0.0,0.0,0.9915,0.0,0.0,48.09375,0.6411134211255064,0.0,0.0,1.68328125,2.243896973939272,3.927178223939272,660,,,0.0147912565106015,Information
491103,9634.0,7406.850116,CHN,China,Xizang,0.690208471,0.0,0.59,0.57,9634.0,,,,,,,,,,,,,,,,,,,,,,,,,3.759244510076071,13.80416942,0.0,,18.562,0.251,13.75,0.186,0.438,0.006,0.188,0.003,0.1375,0.186,0.00657,0.009,0.0046999999999999,0.0075,0.35127,0.0,0.0,45.703125,0.6170386100217345,0.0,0.0,1.599609375,2.159635135076071,3.759244510076071,1190,,,0.0008669061836635,Information
491104,9635.0,6913.273513,CHN,China,Xizang,3.28074244,0.0,0.59,0.57,9635.0,,,,,,,,,,,,,,,,,,,,,,,,,6.032707077961118,65.6148488,0.0,,26.812,0.388,26.5,0.383,1.688,0.024,1.562,0.023,0.265,0.383,0.02532,0.036,0.03905,0.0574999999999999,0.8058700000000001,0.0,0.0,70.453125,1.0190993437031766,0.0,0.0,2.465859375,3.566847702961118,6.032707077961118,0,,,0.0408918607089989,Information
491105,9636.0,6144.765914,CHN,China,Xizang,1.754857031,0.0,0.59,0.57,9636.0,,,,,,,,,,,,,,,,,,,,,,,,,4.53904100096967,35.09714062,0.0,,28.375,0.462,19.875,0.323,0.062,0.001,0.25,0.004,0.19875,0.323,0.0009299999999999,0.0015,0.00625,0.01,0.54043,0.0,0.0,49.359375,0.8032751074199058,0.0,0.0,1.727578125,2.8114628759696703,4.53904100096967,1172,,,0.0039049923042058,Information
491106,9637.0,6004.586942,CHN,China,Xizang,0.934887401,0.0,0.59,0.57,9637.0,,,,,,,,,,,,,,,,,,,,,,,,,2.479440646773144,18.69774802,0.0,,22.562,0.376,13.5,0.225,0.0,0.0,0.0,0.0,0.135,0.225,0.0,0.0,0.0,0.0,0.36,0.0,0.0,26.578125,0.4426303633637554,0.0,0.0,0.930234375,1.549206271773144,2.479440646773144,0,,,0.0002413831269318,Information
491107,9638.0,8770.860726,CHN,China,Xizang,1.7826622,0.0,0.59,0.57,9638.0,,,,,,,,,,,,,,,,,,,,,,,,,4.561003953581952,35.653244,0.0,,30.625,0.349,15.25,0.174,0.188,0.002,0.688,0.008,0.1525,0.174,0.00282,0.003,0.0171999999999999,0.02,0.36952,0.0,0.0,60.890625,0.6942377367377004,0.0,0.0,2.131171875,2.4298320785819514,4.561003953581952,25,,,0.0040635454798352,Information
491108,9639.0,11049.31006,CHN,China,Xizang,0.525645026,0.0,0.59,0.57,9639.0,,,,,,,,,,,,,,,,,,,,,,,,,8.588726201348262,10.51290052,0.0,,23.688,0.214,21.438,0.194,4.625,0.042,1.812,0.016,0.21438,0.194,0.069375,0.063,0.0453,0.04,0.626055,0.0,0.0,128.8125,1.165796771813789,0.0,0.0,4.5084375,4.080288701348262,8.588726201348262,161,,,0.0095481935161862,Information
491201,9640.0,9243.670213,CHN,China,Xizang,2.165076086,0.0,0.59,0.57,9640.0,,,,,,,,,,,,,,,,,,,,,,,,,1.3730262523348384,43.30152172,0.0,,35.75,0.387,17.375,0.188,1.812,0.02,0.25,0.003,0.17375,0.188,0.02718,0.03,0.00625,0.0075,0.43268,0.0,0.0,18.84375,0.203855714952811,0.0,0.0,0.65953125,0.7134950023348384,1.3730262523348384,1144,,,9.93238164664714e-05,Information
491202,9641.0,12605.30034,CHN,China,Xizang,2.284390448,0.0,0.59,0.57,9641.0,,,,,,,,,,,,,,,,,,,,,,,,,2.091876347563739,45.68780896,0.0,,38.125,0.302,32.938,0.261,1.188,0.009,0.125,0.001,0.32938,0.261,0.01782,0.0134999999999999,0.003125,0.0025,0.6273249999999999,0.0,0.0,33.328125,0.2643977064467826,0.0,0.0,1.166484375,0.9253919725637392,2.091876347563739,803,,,0.0005636027223535,Information
491203,9642.0,8235.625405,CHN,China,Xizang,1.722007142,0.0,0.59,0.57,9642.0,,,,,,,,,,,,,,,,,,,,,,,,,3.69448881223584,34.44014284,0.0,,22.375,0.272,15.188,0.184,2.938,0.036,0.125,0.002,0.15188,0.184,0.04407,0.0539999999999999,0.003125,0.005,0.442075,0.0,0.0,47.671875,0.578849482067383,0.0,0.0,1.668515625,2.02597318723584,3.69448881223584,4,,,0.0020129743453786,Information
491204,9643.0,8300.391221,CHN,China,Xizang,0.29256594,0.0,0.59,0.57,9643.0,,,,,,,,,,,,,,,,,,,,,,,,,2.647781953420009,5.8513188000000005,0.0,,26.312,0.317,16.312,0.197,0.188,0.002,0.125,0.002,0.16312,0.197,0.00282,0.003,0.003125,0.005,0.374065,0.0,0.0,34.3125,0.4133841295485739,0.0,0.0,1.2009375,1.446844453420009,2.647781953420009,4370,,,0.0001777066255079,Information
491205,9644.0,7266.788258,CHN,China,Xizang,2.23063416,0.0,0.59,0.57,9644.0,,,,,,,,,,,,,,,,,,,,,,,,,2.1401820984848725,44.612683200000006,0.0,,15.438,0.212,8.875,0.122,0.5,0.007,0.25,0.003,0.08875,0.122,0.0075,0.0105,0.00625,0.0075,0.2425,0.0,0.0,25.734375,0.3541368495671064,0.0,0.0,0.900703125,1.2394789734848723,2.1401820984848725,854,,,0.0005700444555909,Information
491206,9645.0,5573.81406,CHN,China,Xizang,0.343392985,0.0,0.59,0.57,9645.0,,,,,,,,,,,,,,,,,,,,,,,,,4.428217664070844,6.8678597,0.0,,14.0,0.251,5.625,0.101,0.312,0.006,0.062,0.001,0.05625,0.101,0.00468,0.009,0.00155,0.0025,0.17498,0.0,0.0,45.28125,0.8123925468773839,0.0,0.0,1.58484375,2.843373914070844,4.428217664070844,20,,,0.0011594536485938,Information
491207,9646.0,5495.430432,CHN,China,Xizang,1.273424959,0.0,0.59,0.57,9646.0,,,,,,,,,,,,,,,,,,,,,,,,,3.2891286143388427,25.46849918,0.0,,12.812,0.233,12.312,0.224,0.0,0.0,0.0,0.0,0.12312,0.224,0.0,0.0,0.0,0.0,0.34712,0.0,0.0,33.328125,0.6064697826682408,0.0,0.0,1.166484375,2.1226442393388427,3.2891286143388427,72,,,0.0009024175015121,Information
491208,9647.0,7966.569222,CHN,China,Xizang,3.064756632,0.0,0.59,0.57,9647.0,,,,,,,,,,,,,,,,,,,,,,,,,9.068729691592395,61.29513264,0.0,,35.562,0.446,25.375,0.319,1.125,0.014,0.312,0.004,0.25375,0.319,0.016875,0.021,0.0078,0.01,0.628425,0.0,0.0,114.890625,1.442159376169256,0.0,0.0,4.021171875,5.047557816592396,9.068729691592395,3655,,,0.0733713914757149,Information
491209,9648.0,5678.471302,CHN,China,Xizang,0.432653829,0.0,0.59,0.57,9648.0,,,,,,,,,,,,,,,,,,,,,,,,,6.359876949268795,8.65307658,0.0,,35.562,0.626,25.25,0.445,2.375,0.042,0.25,0.004,0.2525,0.445,0.035625,0.063,0.00625,0.01,0.812375,0.0,0.0,65.8125,1.1589826997910846,0.0,0.0,2.3034375,4.056439449268796,6.359876949268795,7589,,,0.0038533605046226,Information
491301,9649.0,2635.016723,CHN,China,Xizang,4.01844278,0.0,0.59,0.57,9649.0,,,,,,,,,,,,,,,,,,,,,,,,,0.8260209636468538,80.3688556,0.0,,3.812,0.145,2.75,0.104,0.0,0.0,0.0,0.0,0.0275,0.104,0.0,0.0,0.0,0.0,0.1315,0.0,0.0,4.921875,0.1867872396133868,0.0,0.0,0.172265625,0.6537553386468539,0.8260209636468538,191,,,0.0007667914999272,Information
491302,9650.0,6652.857316,CHN,China,Xizang,1.012841212,0.0,0.59,0.57,9650.0,,,,,,,,,,,,,,,,,,,,,,,,,1.3059212741215132,20.25682424,0.0,,40.312,0.606,20.062,0.302,0.0,0.0,0.0,0.0,0.20062,0.302,0.0,0.0,0.0,0.0,0.5026200000000001,0.0,0.0,14.90625,0.224057864034718,0.0,0.0,0.52171875,0.784202524121513,1.3059212741215132,20030,,,1.9620608127583896e-05,Information
491303,9651.0,8387.555029,CHN,China,Xizang,2.4429697,0.0,0.59,0.57,9651.0,,,,,,,,,,,,,,,,,,,,,,,,,1.920609996972586,48.859394,0.0,,61.938,0.738,45.062,0.537,0.25,0.003,0.062,0.001,0.4506199999999999,0.537,0.00375,0.0045,0.00155,0.0025,0.99992,0.0,0.0,25.03125,0.2984332134207389,0.0,0.0,0.87609375,1.0445162469725862,1.920609996972586,2184,,,0.000515485051744,Information
491304,9652.0,17376.24381,CHN,China,Xizang,4.002855342,0.0,0.59,0.57,9652.0,,,,,,,,,,,,,,,,,,,,,,,,,7.777669261160989,80.05710684,0.0,,129.812,0.747,80.188,0.461,1.375,0.008,0.188,0.001,0.80188,0.461,0.020625,0.012,0.0046999999999999,0.0025,1.3027049999999998,0.0,0.0,141.046875,0.8117224674745684,0.0,0.0,4.936640625,2.8410286361609893,7.777669261160989,3838,,,0.1731946030143793,Information
491305,9653.0,6235.932178,CHN,China,Xizang,0.051765615,0.0,0.59,0.57,9653.0,,,,,,,,,,,,,,,,,,,,,,,,,4.549197357316553,1.0353123,0.0,,33.688,0.54,18.438,0.296,0.875,0.014,0.125,0.002,0.18438,0.296,0.013125,0.021,0.003125,0.005,0.52263,0.0,0.0,49.921875,0.8005519235190152,0.0,0.0,1.747265625,2.801931732316553,4.549197357316553,170,,,0.0010356554903752,Information
491402,9655.0,16805.61595,CHN,China,Xizang,3.340758855,0.0,0.59,0.57,9655.0,,,,,,,,,,,,,,,,,,,,,,,,,8.957515754913038,66.8151771,0.0,,171.812,1.022,73.5,0.437,1.5,0.009,0.0,0.0,0.735,0.437,0.0225,0.0134999999999999,0.0,0.0,1.208,0.0,0.0,160.453125,0.9547589656894392,0.0,0.0,5.615859375,3.341656379913037,8.957515754913038,5201,,,0.0951656448647267,Information
491403,9656.0,7271.203771,CHN,China,Xizang,3.00317926,0.0,0.59,0.57,9656.0,,,,,,,,,,,,,,,,,,,,,,,,,3.343589135738805,60.0635852,0.0,,35.875,0.493,21.875,0.301,0.438,0.006,0.312,0.004,0.21875,0.301,0.00657,0.009,0.0078,0.01,0.55312,0.0,0.0,40.21875,0.5531236816396585,0.0,0.0,1.40765625,1.9359328857388047,3.343589135738805,896,,,0.0065646300363042,Information
491404,9657.0,3519.407698,CHN,China,Xizang,4.020904212,0.0,0.59,0.57,9657.0,,,,,,,,,,,,,,,,,,,,,,,,,3.875899667704856,80.41808423999998,0.0,,71.875,2.042,45.562,1.295,10.125,0.288,2.188,0.062,0.4556199999999999,1.295,0.151875,0.4319999999999999,0.0547,0.155,2.544195,0.0,0.0,28.828125,0.8191186550585301,0.0,0.0,1.008984375,2.866915292704856,3.875899667704856,1459,,,0.0526345432300477,Information
491406,9659.0,22033.7538,CHN,China,Xizang,3.018486793,0.0,0.59,0.57,9659.0,,,,,,,,,,,,,,,,,,,,,,,,,12.221873580472836,60.369735860000006,0.0,,489.125,2.22,236.375,1.073,25.75,0.117,0.938,0.004,2.36375,1.073,0.38625,0.1755,0.02345,0.01,4.03195,0.0,0.0,240.1875,1.0900888801350956,0.0,0.0,8.4065625,3.815311080472835,12.221873580472836,20578,,,0.1197243641397247,Information
491407,9660.0,11897.57831,CHN,China,Xizang,1.954691075,0.0,0.59,0.57,9660.0,,,,,,,,,,,,,,,,,,,,,,,,,8.080401681900607,39.0938215,0.0,,63.438,0.533,25.0,0.21,0.562,0.005,0.0,0.0,0.25,0.21,0.00843,0.0075,0.0,0.0,0.4759299999999999,0.0,0.0,125.4375,1.0543111948287447,0.0,0.0,4.3903125,3.690089181900608,8.080401681900607,2525,,,0.02169724177978,Information
491501,9661.0,8935.112625,CHN,China,Xizang,3.449213341,0.0,0.59,0.57,9661.0,,,,,,,,,,,,,,,,,,,,,,,,,4.954411225406159,68.98426682,0.0,,118.938,1.331,63.438,0.71,1.062,0.012,0.062,0.001,0.63438,0.71,0.01593,0.018,0.00155,0.0025,1.38236,0.0,0.0,66.796875,0.7475773144017597,0.0,0.0,2.337890625,2.616520600406159,4.954411225406159,2933,,,0.0333109492634516,Information
491502,9662.0,15929.41236,CHN,China,Xizang,2.513678573,0.0,0.59,0.57,9662.0,,,,,,,,,,,,,,,,,,,,,,,,,3.332858149856905,50.27357146,0.0,,57.125,0.359,42.438,0.266,5.25,0.033,0.312,0.002,0.42438,0.266,0.07875,0.0495,0.0078,0.005,0.83143,0.0,0.0,58.5,0.3672451856734015,0.0,0.0,2.0475,1.285358149856905,3.332858149856905,33940,,,0.0034388743026918,Information
491503,9663.0,29143.01731,CHN,China,Xizang,1.947398596,0.0,0.59,0.57,9663.0,,,,,,,,,,,,,,,,,,,,,,,,,12.924005291104807,38.94797192,0.0,,43.312,0.149,29.812,0.102,0.625,0.002,0.0,0.0,0.29812,0.102,0.009375,0.003,0.0,0.0,0.412495,0.0,0.0,274.921875,0.9433541903156591,0.0,0.0,9.622265625,3.301739666104807,12.924005291104807,16158,,,0.0602545864122754,Information
491506,9666.0,5054.296406,CHN,China,Xizang,3.054631508,0.0,0.59,0.57,9666.0,,,,,,,,,,,,,,,,,,,,,,,,,3.5037106735615664,61.09263016,0.0,,75.688,1.497,62.938,1.245,1.688,0.033,0.0,0.0,0.62938,1.245,0.02532,0.0495,0.0,0.0,1.9492000000000005,0.0,0.0,33.609375,0.6649664424461619,0.0,0.0,1.176328125,2.3273825485615665,3.5037106735615664,3681,,,0.0080341368713605,Information
491603,9669.0,4813.356848,CHN,China,Xizang,1.811072188,0.0,0.59,0.57,9669.0,,,,,,,,,,,,,,,,,,,,,,,,,0.7725136832379491,36.22144376,0.0,,24.25,0.504,16.625,0.345,0.0,0.0,0.0,0.0,0.16625,0.345,0.0,0.0,0.0,0.0,0.51125,0.0,0.0,7.171875,0.1489994452108426,0.0,0.0,0.251015625,0.5214980582379491,0.7725136832379491,14252,,,5.085105206253123e-06,Information
491604,9670.0,5473.473638,CHN,China,Xizang,2.394475845,0.0,0.59,0.57,9670.0,,,,,,,,,,,,,,,,,,,,,,,,,4.174232385309477,47.8895169,0.0,,60.188,1.1,50.062,0.915,2.062,0.038,0.0,0.0,0.50062,0.915,0.03093,0.0569999999999999,0.0,0.0,1.50355,0.0,0.0,42.1875,0.7707628243741362,0.0,0.0,1.4765625,2.6976698853094767,4.174232385309477,1296,,,0.0057942108146011,Information
491606,9672.0,3105.543063,CHN,China,Xizang,4.031482087,0.0,0.59,0.57,9672.0,,,,,,,,,,,,,,,,,,,,,,,,,5.421114163100507,80.62964174,0.0,,3.875,0.125,3.375,0.109,0.0,0.0,0.0,0.0,0.03375,0.109,0.0,0.0,0.0,0.0,0.14275,0.0,0.0,36.703125,1.1818585108858588,0.0,0.0,1.284609375,4.136504788100506,5.421114163100507,17075,,,0.1014305120365386,Information
491701,9674.0,4886.034297,CHN,China,Xizang,2.777710838,0.0,0.59,0.57,9674.0,,,,,,,,,,,,,,,,,,,,,,,,,6.0280818008990105,55.55421676,0.0,,10.062,0.206,6.938,0.142,0.0,0.0,0.0,0.0,0.06938,0.142,0.0,0.0,0.0,0.0,0.2113799999999999,0.0,0.0,56.53125,1.156996585971146,0.0,0.0,1.97859375,4.0494880508990105,6.0280818008990105,0,,,0.0228669372944695,Information
491703,9676.0,8074.922424,CHN,China,Xizang,0.664800498,0.0,0.59,0.57,9676.0,,,,,,,,,,,,,,,,,,,,,,,,,4.935676388100784,13.29600996,0.0,,6.188,0.077,5.812,0.072,0.0,0.0,0.0,0.0,0.05812,0.072,0.0,0.0,0.0,0.0,0.13012,0.0,0.0,63.0,0.780193253743081,0.0,0.0,2.205,2.7306763881007834,4.935676388100784,9276,,,0.0020784043850383,Information
491705,9678.0,4914.112746,CHN,China,Xizang,1.353245031,0.0,0.59,0.57,9678.0,,,,,,,,,,,,,,,,,,,,,,,,,8.335220329154463,27.06490062,0.0,,46.312,0.942,39.938,0.813,0.938,0.019,0.875,0.018,0.39938,0.813,0.01407,0.0284999999999999,0.021875,0.045,1.321825,0.0,0.0,78.46875,1.596804022615561,0.0,0.0,2.74640625,5.588814079154464,8.335220329154463,105,,,0.0150383036591796,Information
491706,9679.0,5418.05324,CHN,China,Xizang,2.113221555,0.0,0.59,0.57,9679.0,,,,,,,,,,,,,,,,,,,,,,,,,5.546410871856688,42.2644311,0.0,,5.5,0.102,3.312,0.061,0.25,0.005,0.0,0.0,0.03312,0.061,0.00375,0.0075,0.0,0.0,0.1053699999999999,0.0,0.0,55.6875,1.0278138205304823,0.0,0.0,1.9490625,3.597348371856688,5.546410871856688,4783,,,0.0095718103733713,Information
492010,9683.0,21684.58717,CHN,China,Xizang,1.629102161,0.0,0.59,0.57,9683.0,,,,,,,,,,,,,,,,,,,,,,,,,7.472105958371401,32.58204322,0.0,,156.188,0.72,102.312,0.472,20.0,0.092,3.0,0.014,1.02312,0.472,0.3,0.138,0.075,0.035,2.0431200000000005,0.0,0.0,146.109375,0.6737936666775429,0.0,0.0,5.113828125,2.3582778333714,7.472105958371401,124,,,0.0139128679897874,Information
492020,9684.0,10418.00982,CHN,China,Xizang,0.161071755,0.0,0.59,0.57,9684.0,,,,,,,,,,,,,,,,,,,,,,,,,12.472621710803717,3.2214351000000003,0.0,,105.5,1.013,66.375,0.637,2.625,0.025,0.875,0.008,0.66375,0.637,0.039375,0.0375,0.021875,0.02,1.4195,0.0,0.0,181.828125,1.7453249530867754,0.0,0.0,6.363984375,6.108637335803714,12.472621710803717,60,,,0.0202364580250299,Information
492031,9685.0,11555.94811,CHN,China,Xizang,0.332502897,0.0,0.59,0.57,9685.0,,,,,,,,,,,,,,,,,,,,,,,,,6.748068232074896,6.65005794,0.0,,150.812,1.305,70.938,0.614,6.312,0.055,2.0,0.017,0.70938,0.614,0.09468,0.0825,0.05,0.0425,1.59306,0.0,0.0,103.359375,0.8944257448785418,0.0,0.0,3.617578125,3.130490107074896,6.748068232074896,100,,,0.0043058141082213,Information
492034,9688.0,9519.350991,CHN,China,Xizang,1.042949819,0.0,0.59,0.57,9688.0,,,,,,,,,,,,,,,,,,,,,,,,,4.168105133909613,20.85899638,0.0,,45.562,0.479,38.562,0.405,0.688,0.007,0.0,0.0,0.3856199999999999,0.405,0.01032,0.0105,0.0,0.0,0.8114399999999999,0.0,0.0,58.078125,0.6101059311170323,0.0,0.0,2.032734375,2.135370758909613,4.168105133909613,6,,,0.0016212064647653,Information
492036,9690.0,1714.491032,CHN,China,Xizang,1.285505998,0.0,0.59,0.57,9690.0,,,,,,,,,,,,,,,,,,,,,,,,,2.25316807446732,25.71011996,0.0,,9.0,0.525,8.875,0.518,0.0,0.0,0.0,0.0,0.08875,0.518,0.0,0.0,0.0,0.0,0.60675,0.0,0.0,9.421875,0.5495435569906628,0.0,0.0,0.329765625,1.92340244946732,2.25316807446732,0,,,0.0002364653764476,Information
492037,9691.0,6498.471619,CHN,China,Xinjiang Uygur,1.479187112,0.0,0.59,0.57,9691.0,,,,,,,,,,,,,,,,,,,,,,,,,2.4491711703157195,29.58374224,0.0,,10.125,0.156,8.75,0.135,0.0,0.0,0.625,0.01,0.0875,0.135,0.0,0.0,0.015625,0.025,0.263125,0.0,0.0,27.5625,0.424138191518777,0.0,0.0,0.9646875,1.4844836703157196,2.4491711703157195,3,,,0.0003915862835908,Information
492042,9695.0,5412.030134,CHN,China,Xizang,1.368978979,0.0,0.59,0.57,9695.0,,,,,,,,,,,,,,,,,,,,,,,,,7.708908887771636,27.37957958,0.0,,50.25,0.928,38.562,0.713,5.812,0.107,0.0,0.0,0.3856199999999999,0.713,0.08718,0.1605,0.0,0.0,1.3463,0.0,0.0,77.34375,1.4291078965061816,0.0,0.0,2.70703125,5.001877637771636,7.708908887771636,20,,,0.0124526156454037,Information
492043,9696.0,4885.945513,CHN,China,Xizang,1.015630686,0.0,0.59,0.57,9696.0,,,,,,,,,,,,,,,,,,,,,,,,,12.26624653025702,20.31261372,0.0,,27.562,0.564,21.625,0.443,1.625,0.033,0.0,0.0,0.21625,0.443,0.024375,0.0495,0.0,0.0,0.733125,0.0,0.0,115.03125,2.35432936578772,0.0,0.0,4.02609375,8.24015278025702,12.26624653025702,30,,,0.030654525785711,Information
492045,9698.0,4319.829819,CHN,China,Xizang,2.393387049,0.0,0.59,0.57,9698.0,,,,,,,,,,,,,,,,,,,,,,,,,5.759390211360206,47.86774098000001,0.0,,7.188,0.166,5.0,0.116,0.0,0.0,0.0,0.0,0.05,0.116,0.0,0.0,0.0,0.0,0.166,0.0,0.0,49.640625,1.1491338103886302,0.0,0.0,1.737421875,4.021968336360206,5.759390211360206,31,,,0.0137990543800695,Information
492047,9700.0,5260.304945,CHN,China,Xizang,0.314865219,0.0,0.59,0.57,9700.0,,,,,,,,,,,,,,,,,,,,,,,,,1.1422807489615536,6.29730438,0.0,,5.875,0.112,3.812,0.072,0.0,0.0,0.0,0.0,0.03812,0.072,0.0,0.0,0.0,0.0,0.11012,0.0,0.0,11.25,0.2138659282747296,0.0,0.0,0.39375,0.7485307489615536,1.1422807489615536,121,,,5.238190515925546e-06,Information
492050,9701.0,28493.31935,CHN,China,Xizang,0.137685917,0.0,0.59,0.57,9701.0,,,,,,,,,,,,,,,,,,,,,,,,,29.974835213896107,2.75371834,0.0,,124.562,0.437,115.125,0.404,13.5,0.047,0.0,0.0,1.15125,0.404,0.2025,0.0705,0.0,0.0,1.82825,0.0,0.0,633.9375,2.2248636325417444,0.0,0.0,22.1878125,7.787022713896105,29.974835213896107,432,,,0.1196199976818633,Information
492060,9702.0,24275.56555,CHN,China,Xizang,3.043681495,0.0,0.59,0.57,9702.0,,,,,,,,,,,,,,,,,,,,,,,,,24.07959020501954,60.8736299,0.0,,110.562,0.455,72.375,0.298,2.812,0.012,0.25,0.001,0.72375,0.298,0.04218,0.018,0.00625,0.0025,1.09068,0.0,0.0,487.265625,2.0072266657198687,0.0,0.0,17.054296875,7.02529333001954,24.07959020501954,229,,,0.3136849459609651,Information
492070,9703.0,27299.03727,CHN,China,Qinghai,2.013461559,0.0,0.59,0.57,9703.0,,,,,,,,,,,,,,,,,,,,,,,,,28.31823047750532,40.26923118,0.0,,26.938,0.099,24.938,0.091,1.125,0.004,0.0,0.0,0.24938,0.091,0.016875,0.006,0.0,0.0,0.363255,0.0,0.0,592.171875,2.169204243572949,0.0,0.0,20.726015625,7.592214852505322,28.31823047750532,1222,,,0.2277305757281451,Information
436300,16144.0,18117.34422,CHN,China,Guangdong,1.261131112,4.00210769,0.59,0.57,16144.0,16144.0,0.0,6.0,2.0,2.0,-9999.0,0.0,5.0,0.2,0.2,-999.9,-1989.0,0.0,0.0,0.0,0.0,0.0,0.0,0.0,0.0,0.0,0.0,0.0,-1989.0,16.66729368483915,25.22262224,80.0421538,,,,,,,,,,,,,,,,,0.0,0.0,306.84375,1.6936464099540425,0.0,0.0,10.73953125,5.927762434839149,16.66729368483915,39224036,,,0.4285079760136459,Advisory
436705,16146.0,16727.87168,CHN,China,Guangdong,2.273564701,4.002875704,0.59,0.57,16146.0,,,,,,,,,,,,,,,,,,,,,,,,,21.62653601848648,45.47129402,80.05751408,,224.688,1.343,145.375,0.869,0.0,0.0,0.0,0.0,1.45375,0.869,0.0,0.0,0.0,0.0,2.32275,0.0,0.0,386.71875,2.311822790996135,0.0,0.0,13.53515625,8.091379768486473,21.62653601848648,9720028,,,0.5323063226652891,Advisory
322861,6419.0,6807.179412,MNG,Mongolia,Bulgan,1.569863962,0.0,0.62,0.53,6419.0,,,,,,,,,,,,,,,,,,,,,,,,,1.0207925805005664,31.39727924,0.0,,14.25,0.209,6.125,0.09,0.0,0.0,0.625,0.009,0.06125,0.09,0.0,0.0,0.015625,0.0225,0.189375,0.0,0.0,11.8125,0.1735300230001618,0.0,0.0,0.4134375,0.6073550805005663,1.0207925805005664,119820,,,1.289613779786322e-05,Information
322868,6426.0,2458.091715,MNG,Mongolia,Arhangay,4.129131688,0.0,0.62,0.53,6426.0,,,,,,,,,,,,,,,,,,,,,,,,,0.2245052648577784,82.58263376000001,0.0,,2.562,0.104,2.188,0.089,0.0,0.0,0.0,0.0,0.02188,0.089,0.0,0.0,0.0,0.0,0.1108799999999999,0.0,0.0,1.265625,0.0514881113879367,0.0,0.0,0.044296875,0.1802083898577784,0.2245052648577784,3364,,,6.765899344095593e-06,Information
322890,6430.0,2531.050699,MNG,Mongolia,Dundgovi,1.145352199,0.0,0.62,0.53,6430.0,,,,,,,,,,,,,,,,,,,,,,,,,0.7555,22.90704398,0.0,,63.688,2.516,15.25,0.603,0.0,0.0,0.0,0.0,0.1525,0.603,0.0,0.0,0.0,0.0,0.7555,,,,,,,,,,36,,,1.8694943344935304e-06,Information
322896,6436.0,3504.876824,MNG,Mongolia,Töv,2.724310065,0.0,0.62,0.53,6436.0,,,,,,,,,,,,,,,,,,,,,,,,,0.65238,54.486201300000005,0.0,,51.375,1.466,16.938,0.483,0.0,0.0,0.0,0.0,0.1693799999999999,0.483,0.0,0.0,0.0,0.0,0.65238,,,,,,,,,,0,,,1.0922673078901513e-05,Information
322897,6437.0,3744.016175,MNG,Mongolia,Töv,3.992074104,0.0,0.62,0.53,6437.0,,,,,,,,,,,,,,,,,,,,,,,,,0.918,79.84148207999999,0.0,,58.812,1.571,25.0,0.668,0.0,0.0,0.0,0.0,0.25,0.668,0.0,0.0,0.0,0.0,0.918,,,,,,,,,,15717,,,0.0010035327178557,Information
322898,6438.0,1547.186235,MNG,Mongolia,Töv,1.822273077,0.0,0.62,0.53,6438.0,,,,,,,,,,,,,,,,,,,,,,,,,0.21475,36.44546154,0.0,,14.0,0.905,2.875,0.186,0.0,0.0,0.0,0.0,0.02875,0.186,0.0,0.0,0.0,0.0,0.21475,,,,,,,,,,15113,,,6.3453086068988185e-09,Information
322899,6439.0,7500.935421,MNG,Mongolia,Töv,3.942771878,0.0,0.62,0.53,6439.0,,,,,,,,,,,,,,,,,,,,,,,,,0.63,78.85543756,0.0,,37.625,0.502,27.0,0.36,0.0,0.0,0.0,0.0,0.27,0.36,0.0,0.0,0.0,0.0,0.63,0.0,0.0,2.8125,0.037495323477719,0.0,0.0,0.0984375,0.1312336321720165,0.2296711321720165,1690505,,,0.0002211902705739,Information
322980,6456.0,20046.99619,MNG,Mongolia,Arhangay,4.04543847,0.0,0.62,0.53,6456.0,,,,,,,,,,,,,,,,,,,,,,,,,0.5090159891955659,80.9087694,0.0,,13.375,0.067,11.312,0.056,0.0,0.0,0.0,0.0,0.11312,0.056,0.0,0.0,0.0,0.0,0.16912,0.0,0.0,9.703125,0.0484018897701617,0.0,0.0,0.339609375,0.1694066141955659,0.5090159891955659,16320,,,0.0001447577384887,Information
361019,7238.0,30878.74953,MNG,Mongolia,Dzavhan,3.415451113,0.0,0.62,0.53,7238.0,7238.0,1.0,13.0,37.0,2.0,-9999.0,3.0,1.0,3.7,0.2,-999.9,-1984.0,0.0,0.0,0.0,0.0,0.0,0.0,0.0,0.0,0.0,0.0,0.0,-1984.0,1.296646385669788,68.30902226,0.0,,,,,,,,,,,,,,,,,0.0,0.0,27.984375,0.0906266459056537,0.0,0.0,0.979453125,0.3171932606697879,1.296646385669788,23837,,,0.000696130178006,Information
361024,7243.0,49137.33858,MNG,Mongolia,Dzavhan,3.943158881,0.0,0.62,0.53,7243.0,,,,,,,,,,,,,,,,,,,,,,,,,4.679590132946229,78.86317762,0.0,,93.312,0.19,47.375,0.096,0.062,0.0,0.0,0.0,0.47375,0.096,0.0009299999999999,0.0,0.0,0.0,0.57068,0.0,0.0,111.09375,0.2260882522703512,0.0,0.0,3.88828125,0.7913088829462293,4.679590132946229,40998,,,0.0658020766169694,Information
361025,7244.0,13364.78571,MNG,Mongolia,Hovd,0.936481044,0.0,0.62,0.53,7244.0,,,,,,,,,,,,,,,,,,,,,,,,,14.077115753707083,18.72962088,0.0,,3.062,0.023,2.438,0.018,3.312,0.025,0.0,0.0,0.02438,0.018,0.04968,0.0375,0.0,0.0,0.12956,0.0,0.0,230.0625,1.7214080724877376,0.0,0.0,8.0521875,6.024928253707082,14.077115753707083,3718,,,0.0397811710469123,Information
422020,7305.0,12090.64977,MNG,Mongolia,Dornod,2.729583985,0.0,0.62,0.53,7305.0,7305.0,1.0,1.0,100.0,2.0,-9999.0,3.0,10.0,10.0,0.2,-999.9,-2453.15,0.0,0.0,0.0,0.0,0.0,0.0,0.0,0.0,0.0,0.0,0.0,-2453.15,-2453.15,54.5916797,0.0,,,,,,,,,,,,,,,,,,,,,,,,,,33,,,,
422040,7307.0,11206.43035,MNG,Mongolia,Sühbaatar,1.014667657,0.0,0.62,0.53,7307.0,7307.0,1.0,5.0,100.0,-9999.0,-9999.0,3.0,6.0,10.0,-999.9,-999.9,-2961.0,0.0,0.0,0.0,0.0,0.0,0.0,0.0,0.0,0.0,0.0,0.0,-2961.0,0.2049054618311708,20.29335314,0.0,,,,,,,,,,,,,,,,,0.0,0.0,3.09375,0.0276069176660488,0.0,0.0,0.10828125,0.0966242118311708,0.2049054618311708,18869,,,1.234007250858335e-09,Information
422050,7317.0,10391.04422,MNG,Mongolia,Sühbaatar,2.376864703,0.0,0.62,0.53,7317.0,,,,,,,,,,,,,,,,,,,,,,,,,0.16925,47.53729406,0.0,,16.438,0.158,8.625,0.083,0.0,0.0,0.0,0.0,0.08625,0.083,0.0,0.0,0.0,0.0,0.16925,,,,,,,,,,1626,,,4.833196654312471e-09,Information
422991,7606.0,42834.38118,MNG,Mongolia,Dornod,3.121779944,0.0,0.62,0.53,7606.0,7606.0,1.0,1.0,100.0,5.0,-9999.0,3.0,10.0,10.0,0.5,-999.9,-2620.4666666666662,0.0,0.0,0.0,0.0,0.0,0.0,0.0,0.0,0.0,0.0,0.0,-2620.4666666666662,4.401419005320848,62.43559888,0.0,,33.25,0.078,26.938,0.063,0.0,0.0,0.0,0.0,0.26938,0.063,0.0,0.0,0.0,0.0,0.33238,0.0,0.0,101.953125,0.2380170372345278,0.0,0.0,3.568359375,0.8330596303208473,4.401419005320848,73617,,,0.0160112426379295,Information
422992,7607.0,2549.319735,MNG,Mongolia,Hentiy,2.004495279,0.0,0.62,0.53,7607.0,7607.0,1.0,2.0,100.0,2.0,-9999.0,3.0,9.0,10.0,0.2,-999.9,-1954.4,0.0,0.0,0.0,0.0,0.0,0.0,0.0,0.0,0.0,0.0,0.0,-1954.4,-1954.4,40.08990558,0.0,,,,,,,,,,,,,,,,,,,,,,,,,,857,,,,
422995,7610.0,4869.505883,MNG,Mongolia,Hentiy,3.98739946,0.0,0.62,0.53,7610.0,7610.0,1.0,1.0,100.0,-9999.0,-9999.0,3.0,10.0,10.0,-999.9,-999.9,-3953.6,0.0,0.0,0.0,0.0,0.0,0.0,0.0,0.0,0.0,0.0,0.0,-3953.6,0.2104118804460998,79.74798919999999,0.0,,,,,,,,,,,,,,,,,0.0,0.0,1.96875,0.0404301801274571,0.0,0.0,0.06890625,0.1415056304460998,0.2104118804460998,101,,,2.474449390735792e-06,Information
422997,7612.0,11383.57805,MNG,Mongolia,Hentiy,3.137477891,0.0,0.62,0.53,7612.0,,,,,,,,,,,,,,,,,,,,,,,,,1.1268699999999998,62.74955782,0.0,,86.125,0.757,58.75,0.516,0.688,0.006,0.062,0.001,0.5875,0.516,0.01032,0.009,0.00155,0.0025,1.1268699999999998,0.0,0.0,6.609375,0.058060611280752,0.0,0.0,0.231328125,0.203212139482632,0.434540264482632,5229,,,0.00023418735717,Information
422998,7613.0,2797.815254,MNG,Mongolia,Töv,1.827381976,0.0,0.62,0.53,7613.0,,,,,,,,,,,,,,,,,,,,,,,,,0.5178157056840925,36.54763952,0.0,,11.812,0.422,6.75,0.241,0.0,0.0,0.0,0.0,0.0675,0.241,0.0,0.0,0.0,0.0,0.3085,0.0,0.0,3.234375,0.1156035944811693,0.0,0.0,0.113203125,0.4046125806840925,0.5178157056840925,2029,,,7.606193551235213e-07,Information
422999,7614.0,9783.616146,MNG,Mongolia,Töv,2.250730618,0.0,0.62,0.53,7614.0,,,,,,,,,,,,,,,,,,,,,,,,,0.5660000000000001,45.01461236,0.0,,40.875,0.418,28.0,0.286,0.0,0.0,0.0,0.0,0.28,0.286,0.0,0.0,0.0,0.0,0.5660000000000001,0.0,0.0,3.375,0.0344964474250735,0.0,0.0,0.118125,0.1207375659877572,0.2388625659877572,38510,,,2.367165214311034e-06,Information
471602,9346.0,3153.851532,MNG,Mongolia,Hovd,0.465047968,0.0,0.62,0.53,9346.0,,,,,,,,,,,,,,,,,,,,,,,,,0.1026389675557883,9.30095936,0.0,,0.0,0.0,0.0,0.0,1.625,0.052,0.0,0.0,0.0,0.0,0.024375,0.078,0.0,0.0,0.102375,0.0,0.0,0.703125,0.0222941693016538,0.0,0.0,0.024609375,0.0780295925557883,0.1026389675557883,615,,,5.841251161988432e-12,Information
472012,9348.0,4006.167732,MNG,Mongolia,Govi-Altay,3.721328441,0.0,0.62,0.53,9348.0,,,,,,,,,,,,,,,,,,,,,,,,,1.20175,74.42656882,0.0,,55.0,1.373,34.375,0.858,0.0,0.0,0.0,0.0,0.34375,0.858,0.0,0.0,0.0,0.0,1.20175,0.0,0.0,4.078125,0.1017961621337517,0.0,0.0,0.142734375,0.3562865674681309,0.4990209424681309,54,,,0.0011149341536936,Information
472013,9349.0,34682.18792,MNG,Mongolia,Bayanhongor,3.261257498,0.0,0.62,0.53,9349.0,,,,,,,,,,,,,,,,,,,,,,,,,0.6404421359553147,65.22514996,0.0,,59.125,0.17,24.0,0.069,1.25,0.004,0.0,0.0,0.24,0.069,0.01875,0.006,0.0,0.0,0.33375,0.0,0.0,14.203125,0.0409522174158042,0.0,0.0,0.497109375,0.1433327609553147,0.6404421359553147,15066,,,3.2416701685242824e-05,Information
473100,9366.0,23695.10197,MNG,Mongolia,Ömnögovi,1.486789979,0.0,0.62,0.53,9366.0,,,,,,,,,,,,,,,,,,,,,,,,,0.4387999999999999,29.73579958,0.0,,176.312,0.744,28.812,0.122,1.312,0.006,0.0,0.0,0.28812,0.122,0.01968,0.009,0.0,0.0,0.4387999999999999,0.0,0.0,7.734375,0.0326412395616315,0.0,0.0,0.270703125,0.1142443384657102,0.3849474634657102,6158,,,1.927580262153222e-07,Information
473506,9391.0,8199.787907,MNG,Mongolia,Ömnögovi,1.003780867,0.0,0.62,0.53,9391.0,,,,,,,,,,,,,,,,,,,,,,,,,0.2349399999999999,20.07561734,0.0,,63.312,0.772,10.312,0.126,0.188,0.002,0.0,0.0,0.1031199999999999,0.126,0.00282,0.003,0.0,0.0,0.2349399999999999,0.0,0.0,1.828125,0.0222947839728841,0.0,0.0,0.063984375,0.0780317439050943,0.1420161189050943,660,,,2.7795834547089807e-09,Information
473602,9393.0,41013.10719,MNG,Mongolia,Ömnögovi,1.702634146,0.0,0.62,0.53,9393.0,,,,,,,,,,,,,,,,,,,,,,,,,0.6672924048756246,34.05268292,0.0,,247.0,0.602,44.75,0.109,4.188,0.01,0.0,0.0,0.4475,0.109,0.06282,0.015,0.0,0.0,0.63432,0.0,0.0,15.328125,0.037373722821607,0.0,0.0,0.536484375,0.1308080298756245,0.6672924048756246,14631,,,2.1805864477701384e-06,Information
474011,9396.0,37386.65166,MNG,Mongolia,Ömnögovi,1.874520844,0.0,0.62,0.53,9396.0,,,,,,,,,,,,,,,,,,,,,,,,,0.5926436508532413,37.49041688,0.0,,90.25,0.241,17.25,0.046,1.0,0.003,0.0,0.0,0.1725,0.046,0.015,0.0045,0.0,0.0,0.238,0.0,0.0,13.359375,0.0357330073866404,0.0,0.0,0.467578125,0.1250655258532413,0.5926436508532413,74997,,,1.59274934127721e-06,Information
474014,9399.0,27254.94152,MNG,Mongolia,Dundgovi,1.537957253,0.0,0.62,0.53,9399.0,,,,,,,,,,,,,,,,,,,,,,,,,0.5441199999999999,30.75914506,0.0,,150.438,0.552,39.812,0.146,0.0,0.0,0.0,0.0,0.39812,0.146,0.0,0.0,0.0,0.0,0.5441199999999999,0.0,0.0,10.265625,0.0376651881398128,0.0,0.0,0.359296875,0.1318281584893448,0.4911250334893448,18171,,,6.293176165869506e-07,Information
474020,9400.0,4920.444216,MNG,Mongolia,Ömnögovi,2.232969329,0.0,0.62,0.53,9400.0,,,,,,,,,,,,,,,,,,,,,,,,,0.7681250000000001,44.65938658,0.0,,52.688,1.071,24.0,0.488,0.875,0.018,0.0,0.0,0.24,0.488,0.013125,0.0269999999999999,0.0,0.0,0.7681250000000001,0.0,0.0,1.40625,0.0285797366689269,0.0,0.0,0.04921875,0.1000290783412441,0.1492478283412441,823,,,9.458270656600244e-06,Information
474030,9401.0,14294.89928,MNG,Mongolia,Ömnögovi,1.275881251,0.0,0.62,0.53,9401.0,,,,,,,,,,,,,,,,,,,,,,,,,1.9657688337115904,25.51762502,0.0,,134.562,0.941,21.312,0.149,0.812,0.006,0.0,0.0,0.21312,0.149,0.01218,0.009,0.0,0.0,0.3833,0.0,0.0,33.046875,0.2311794882033115,0.0,0.0,1.156640625,0.8091282087115902,1.9657688337115904,13330,,,0.0001391634330155,Information
474046,9407.0,8527.278425,MNG,Mongolia,Dundgovi,3.579180772,0.0,0.62,0.53,9407.0,,,,,,,,,,,,,,,,,,,,,,,,,0.554,71.58361544,0.0,,44.375,0.52,25.5,0.299,0.0,0.0,0.0,0.0,0.255,0.299,0.0,0.0,0.0,0.0,0.554,0.0,0.0,1.828125,0.021438551772379,0.0,0.0,0.063984375,0.0750349312033265,0.1390193062033265,2105,,,4.115777829606311e-05,Information
474047,9408.0,5683.44574,MNG,Mongolia,Govisümber,3.263822895,0.0,0.62,0.53,9408.0,,,,,,,,,,,,,,,,,,,,,,,,,0.79512,65.2764579,0.0,,59.25,1.043,28.812,0.507,0.0,0.0,0.0,0.0,0.28812,0.507,0.0,0.0,0.0,0.0,0.79512,0.0,0.0,3.796875,0.0668058634473215,0.0,0.0,0.132890625,0.2338205220656252,0.3667111470656252,13722,,,7.946631271810955e-05,Information
474050,9409.0,24558.03168,MNG,Mongolia,Töv,2.439393582,0.0,0.62,0.53,9409.0,,,,,,,,,,,,,,,,,,,,,,,,,1.48338,48.787871640000006,0.0,,236.438,0.963,105.438,0.429,0.0,0.0,0.0,0.0,1.05438,0.429,0.0,0.0,0.0,0.0,1.48338,0.0,0.0,11.390625,0.0463824835290137,0.0,0.0,0.398671875,0.1623386923515479,0.561010567351548,13878,,,0.0001988140014735,Information
475102,9412.0,11804.15597,MNG,Mongolia,Ömnögovi,0.44163901,0.0,0.62,0.53,9412.0,,,,,,,,,,,,,,,,,,,,,,,,,0.427375,8.8327802,0.0,,89.938,0.762,22.25,0.188,0.625,0.005,0.0,0.0,0.2225,0.188,0.009375,0.0075,0.0,0.0,0.427375,,,,,,,,,,3553,,,4.097339328693269e-08,Information
475108,9418.0,1743.808778,MNG,Mongolia,Ömnögovi,3.637196551,0.0,0.62,0.53,9418.0,,,,,,,,,,,,,,,,,,,,,,,,,1.226429011720479,72.74393102,0.0,,2.125,0.122,2.125,0.122,0.0,0.0,0.0,0.0,0.02125,0.122,0.0,0.0,0.0,0.0,0.14325,0.0,0.0,5.203125,0.298377039062994,0.0,0.0,0.182109375,1.044319636720479,1.226429011720479,10396,,,0.0009637895640514,Information
475301,9429.0,6198.902878,MNG,Mongolia,Dornogovi,0.328545503,0.0,0.62,0.53,9429.0,,,,,,,,,,,,,,,,,,,,,,,,,0.10012,6.57091006,0.0,,4.75,0.077,3.812,0.062,0.0,0.0,0.0,0.0,0.03812,0.062,0.0,0.0,0.0,0.0,0.10012,,,,,,,,,,1136,,,3.9988607377708526e-12,Information
475302,9430.0,21766.18864,MNG,Mongolia,Dornogovi,1.192022999,0.0,0.62,0.53,9430.0,9430.0,1.0,2.0,100.0,-9999.0,-9999.0,3.0,9.0,10.0,-999.9,-999.9,-2440.5,0.0,0.0,0.0,0.0,0.0,0.0,0.0,0.0,0.0,0.0,0.0,-2440.5,1.1277503071261836,23.84045998,0.0,,75.625,0.347,61.938,0.285,0.062,0.0,0.0,0.0,0.61938,0.285,0.0009299999999999,0.0,0.0,0.0,0.90531,0.0,0.0,22.078125,0.1014331234646239,0.0,0.0,0.772734375,0.3550159321261836,1.1277503071261836,18938,,,1.2622082533802176e-05,Information
475303,9431.0,7966.081022,MNG,Mongolia,Dornogovi,1.383053209,0.0,0.62,0.53,9431.0,9431.0,2.0,4.0,100.0,100.0,3.0,7.0,7.0,10.0,10.0,0.3,-436.95,0.0,0.0,0.0,0.0,0.0,0.0,0.0,0.0,0.0,0.0,0.0,-436.95,-436.95,27.66106418,0.0,,,,,,,,,,,,,,,,,,,,,,,,,,111,,,,
475304,9432.0,9145.106114,MNG,Mongolia,Sühbaatar,2.097706299,0.0,0.62,0.53,9432.0,9432.0,2.0,1.0,100.0,100.0,5.0,7.0,10.0,10.0,10.0,0.5,-779.0,0.0,0.0,0.0,0.0,0.0,0.0,0.0,0.0,0.0,0.0,0.0,-779.0,0.7521811898536142,41.95412598,0.0,,19.625,0.215,19.125,0.209,0.0,0.0,0.0,0.0,0.19125,0.209,0.0,0.0,0.0,0.0,0.40025,0.0,0.0,10.265625,0.1122526613867469,0.0,0.0,0.359296875,0.3928843148536141,0.7521811898536142,5052,,,6.93175984533445e-06,Information
475305,9433.0,4857.459713,MNG,Mongolia,Sühbaatar,2.104211905,0.0,0.62,0.53,9433.0,9433.0,1.0,1.0,100.0,9.0,-9999.0,3.0,10.0,10.0,0.9,-999.9,-1952.4,0.0,0.0,0.0,0.0,0.0,0.0,0.0,0.0,0.0,0.0,0.0,-1952.4,0.73075,42.0842381,0.0,,27.812,0.573,23.875,0.492,0.0,0.0,0.0,0.0,0.23875,0.492,0.0,0.0,0.0,0.0,0.73075,0.0,0.0,1.265625,0.0260552855769576,0.0,0.0,0.044296875,0.0911934995193516,0.1354903745193516,2108,,,6.1367118512981445e-06,Information
475306,9434.0,9870.771214,MNG,Mongolia,Sühbaatar,0.417001432,0.0,0.62,0.53,9434.0,9434.0,2.0,5.0,100.0,100.0,-9999.0,7.0,6.0,10.0,10.0,-999.9,-929.6,0.0,0.0,0.0,0.0,0.0,0.0,0.0,0.0,0.0,0.0,0.0,-929.6,0.1585310001826593,8.34002864,0.0,,9.375,0.095,5.125,0.052,0.0,0.0,0.0,0.0,0.05125,0.052,0.0,0.0,0.0,0.0,0.10325,0.0,0.0,2.25,0.0227945714807598,0.0,0.0,0.07875,0.0797810001826593,0.1585310001826593,4650,,,1.0094855822449571e-10,Information
475307,9435.0,5539.259327,MNG,Mongolia,Sühbaatar,0.188984055,0.0,0.62,0.53,9435.0,9435.0,1.0,5.0,100.0,9.0,-9999.0,3.0,6.0,10.0,0.9,-999.9,-1953.2,0.0,0.0,0.0,0.0,0.0,0.0,0.0,0.0,0.0,0.0,0.0,-1953.2,-1953.2,3.7796811,0.0,,,,,,,,,,,,,,,,,,,,,,,,,,3787,,,,
475308,9436.0,6790.777607,MNG,Mongolia,Sühbaatar,0.78607439,0.0,0.62,0.53,9436.0,9436.0,1.0,5.0,68.0,-9999.0,-9999.0,3.0,6.0,6.8,-999.9,-999.9,-3968.0,0.0,0.0,0.0,0.0,0.0,0.0,0.0,0.0,0.0,0.0,0.0,-3968.0,0.3164136636942319,15.7214878,0.0,,,,,,,,,,,,,,,,,0.0,0.0,3.65625,0.0538414039126377,0.0,0.0,0.12796875,0.1884449136942319,0.3164136636942319,0,,,1.1696325529481977e-08,Information
413011,7268.0,77086.49973,JPN,Japan,Hyogo,1.746852216,2.155650205,0.78,0.31,7268.0,,,,,,,,,,,,,,,,,,,,,,,,,50.11966433051024,34.93704432,43.113004100000005,,162.312,0.211,159.812,0.207,18.75,0.024,2.312,0.003,1.5981200000000002,0.207,0.28125,0.036,0.0577999999999999,0.0075,2.18767,278.15625,0.3608365290493128,2291.90625,2.9731616534103646,4.17234375,0.5412547935739692,35.0,10.406065786936276,50.11966433051024,31746368,,,0.4496073891000511,Advisory
413012,7269.0,10602.57706,JPN,Japan,Nagano,1.149668136,0.0,0.78,0.31,7269.0,,,,,,,,,,,,,,,,,,,,,,,,,11.827965984293549,22.99336272,0.0,,8.125,0.077,8.125,0.077,0.25,0.002,0.0,0.0,0.08125,0.077,0.00375,0.003,0.0,0.0,0.165,27.140625,0.2559813981387674,162.28125,1.530583074881542,0.407109375,0.3839720972081511,5.67984375,5.357040762085397,11.827965984293549,1912528,,,0.0305048677880977,Information
413016,7272.0,15948.13668,JPN,Japan,Gunma,0.702085067,0.0,0.78,0.31,7272.0,7272.0,0.0,7.0,-9999.0,-9999.0,-9999.0,0.0,4.0,-999.9,-999.9,-999.9,-5991.4,0.0,0.0,0.0,0.0,0.0,0.0,0.0,0.0,0.0,0.0,0.0,-5991.4,81.66637855802642,14.04170134,0.0,3.0,,,,,,,,,,,,,,,,622.546875,3.903571229452041,1434.09375,8.992233882528103,9.338203125,5.855356844178061,35.0,31.47281858884836,81.66637855802642,8268163,297996.0,3.6041379445470536,0.4795751532155657,Warning
413018,7273.0,9043.698647,JPN,Japan,Gifu,2.280303951,3.854404443,0.78,0.31,7273.0,,,,,,,,,,,,,,,,,,,,,,,,,6.00827497704124,45.60607902,77.08808886,,5.625,0.062,5.625,0.062,0.25,0.003,0.0,0.0,0.05625,0.062,0.00375,0.0045,0.0,0.0,0.1265,15.328125,0.1694895595108403,74.953125,0.828788396507137,0.229921875,0.2542343392662604,2.623359375,2.9007593877749795,6.00827497704124,2177361,,,0.0903636179016895,Information
413030,7274.0,643.5484739,JPN,Japan,Hyogo,0.695808501,2.053132099,0.78,0.31,7274.0,,,,,,,,,,,,,,,,,,,,,,,,,29.886209794972647,13.91617002,41.06264198,,2.312,0.359,2.312,0.359,0.25,0.039,0.0,0.0,0.0231199999999999,0.359,0.00375,0.0584999999999999,0.0,0.0,0.4443699999999999,5.625,0.8740600325283315,49.21875,7.6480252846229,0.084375,1.3110900487924972,1.72265625,26.768088496180148,29.886209794972647,143351,,,0.2485442243149656,Information
413040,7275.0,19004.18163,JPN,Japan,Kochi,2.774803898,2.173374169,0.78,0.31,7275.0,,,,,,,,,,,,,,,,,,,,,,,,,28.621972879920428,55.49607796,43.46748338,,40.562,0.213,39.438,0.208,9.188,0.048,0.812,0.004,0.39438,0.208,0.13782,0.072,0.0203,0.01,0.8425,47.671875,0.2508493968426083,515.390625,2.711985367044718,0.715078125,0.3762740952639125,18.038671875,9.491948784656511,28.621972879920428,3690909,,,0.3294607744756769,Information
413051,7276.0,1161.643996,JPN,Japan,Kagoshima,0.477575027,1.805718536,0.78,0.31,7276.0,,,,,,,,,,,,,,,,,,,,,,,,,6.289807226825578,9.55150054,36.11437072,,1.0,0.086,1.0,0.086,0.125,0.011,0.188,0.016,0.01,0.086,0.001875,0.0165,0.0046999999999999,0.04,0.159075,0.0,0.0,18.703125,1.6100565290930222,0.0,0.0,0.654609375,5.635197851825578,6.289807226825578,188067,,,0.0102202043362707,Information
413053,7278.0,1124.226091,JPN,Japan,Kagoshima,3.092000002,0.0,0.78,0.31,7278.0,,,,,,,,,,,,,,,,,,,,,,,,,15.974253440556446,61.84000003999999,0.0,,2.312,0.206,2.188,0.195,0.438,0.039,0.25,0.022,0.02188,0.195,0.00657,0.0584999999999999,0.00625,0.0549999999999999,0.3432,0.0,0.0,46.125,4.102822411587556,0.0,0.0,1.614375,14.359878440556445,15.974253440556446,149594,,,0.1919290669659104,Information
413055,7280.0,4324.667028,JPN,Japan,Kumamoto,1.420803016,3.2007303,0.78,0.31,7280.0,,,,,,,,,,,,,,,,,,,,,,,,,8.428552250863488,28.41606032,64.014606,,2.438,0.056,2.438,0.056,0.438,0.01,0.25,0.006,0.02438,0.056,0.00657,0.015,0.00625,0.015,0.1232,0.0,0.0,72.703125,1.6811265359609966,0.0,0.0,2.544609375,5.883942875863488,8.428552250863488,1763871,,,0.0733219947502089,Information
413057,7282.0,18652.17663,JPN,Japan,Oita,2.139893377,2.686597306,0.78,0.31,7282.0,,,,,,,,,,,,,,,,,,,,,,,,,41.53708759228394,42.79786754,53.73194612,,20.5,0.11,19.438,0.104,9.0,0.048,2.812,0.015,0.19438,0.104,0.135,0.072,0.0702999999999999,0.0375,0.61318,33.75,0.1809440295471901,758.109375,4.064455263703758,0.50625,0.2714160443207851,26.533828125,14.225593422963154,41.53708759228394,7410732,,,0.4570513758927514,Advisory
412001,16129.0,78805.6607,JPN,Japan,Hokkaido,1.226106063,1.043789969,0.78,0.31,16129.0,16129.0,0.0,13.0,-9999.0,-9999.0,-9999.0,0.0,1.0,-999.9,-999.9,-999.9,-5997.4,0.0,0.0,0.0,0.0,0.0,0.0,0.0,0.0,0.0,0.0,0.0,-5997.4,53.28194506850304,24.52212126,20.875799380000004,,,,,,,,,,,,,,,,,519.046875,0.6586416132720687,2140.875,2.716651292455696,7.785703125,0.9879624199081032,35.0,9.508279523594936,53.28194506850304,5268947,,,0.363829192316317,Advisory
413013,16131.0,51084.82933,JPN,Japan,Akita,2.265058832,2.158289509,0.78,0.31,16131.0,,,,,,,,,,,,,,,,,,,,,,,,,72.9672067960636,45.30117664,43.16579018,3.0,90.125,0.176,82.938,0.162,16.375,0.032,1.5,0.003,0.82938,0.162,0.245625,0.048,0.0375,0.0075,1.3300050000000003,733.640625,1.4361222982397506,3620.953125,7.088118278201138,11.004609375,2.154183447359626,35.0,24.808413973703985,72.9672067960636,5454352,526736.0,9.657169174266715,0.6133908980327027,Watch
413017,16132.0,33332.76152,JPN,Japan,Shizuoka,1.070751894,2.021057761,0.78,0.31,16132.0,,,,,,,,,,,,,,,,,,,,,,,,,42.37884745515388,21.41503788,40.42115522,,11.625,0.035,11.562,0.035,0.375,0.001,0.5,0.002,0.11562,0.035,0.005625,0.0015,0.0125,0.005,0.175245,167.765625,0.5033055089025119,859.5,2.578544233371461,2.516484375,0.7549582633537679,30.0825,9.024904816800117,42.37884745515388,47774856,,,0.3666830898517178,Advisory
413019,16133.0,7787.585162,JPN,Japan,Mie,1.286389157,3.236258297,0.78,0.31,16133.0,,,,,,,,,,,,,,,,,,,,,,,,,27.3036803279918,25.72778314,64.72516594,,15.688,0.201,15.375,0.197,1.438,0.018,0.0,0.0,0.15375,0.197,0.02157,0.0269999999999999,0.0,0.0,0.39932,36.984375,0.4749145496602368,325.6875,4.1821372510004124,0.554765625,0.7123718244903552,11.3990625,14.637480378501444,27.3036803279918,1680066,,,0.3989181677454161,Advisory
413059,16135.0,5773.567053,JPN,Japan,Kagoshima,2.010144616,2.291393315,0.78,0.31,16135.0,,,,,,,,,,,,,,,,,,,,,,,,,30.89863593913426,40.20289232,45.8278663,,5.125,0.089,5.062,0.088,0.75,0.013,0.688,0.012,0.05062,0.088,0.01125,0.0195,0.0171999999999999,0.03,0.2165699999999999,0.28125,0.0048713385922621,323.015625,5.594732373213105,0.00421875,0.0073070078883931,11.305546875,19.58156330624587,30.89863593913426,1331015,,,0.2872438360563511,Information
413060,16136.0,1303.991376,JPN,Japan,Kagoshima,0.030165463,0.104177628,0.78,0.31,16136.0,,,,,,,,,,,,,,,,,,,,,,,,,36.90657856731216,0.60330926,2.08355256,,4.75,0.364,4.5,0.345,0.438,0.034,0.25,0.019,0.045,0.345,0.00657,0.051,0.00625,0.0475,0.50132,0.0,0.0,121.640625,9.32833048351776,0.0,0.0,4.257421875,32.64915669231216,36.90657856731216,50523,,,0.1646004489176101,Advisory
413070,16137.0,1976.857233,JPN,Japan,Naoasaki,0.095951686,2.090413622,0.78,0.31,16137.0,,,,,,,,,,,,,,,,,,,,,,,,,49.12578125,1.91903372,41.80827244,,2.188,0.111,2.188,0.111,0.5,0.025,0.438,0.022,0.02188,0.111,0.0075,0.0375,0.01095,0.0549999999999999,0.24383,0.0,0.0,403.59375,20.4159280329822,0.0,0.0,14.12578125,35.0,49.12578125,125722,,,0.4327570437526686,Advisory
413080,16138.0,418.0974646,JPN,Japan,Shimane,3.943302182,0.082723423,0.78,0.31,16138.0,,,,,,,,,,,,,,,,,,,,,,,,,40.312241153960585,78.86604364,1.65446846,3.0,2.312,0.553,2.312,0.553,1.125,0.269,0.062,0.015,0.0231199999999999,0.553,0.016875,0.4035,0.00155,0.0375,1.0355450000000002,7.3125,1.74899410264039,73.6875,17.624479034299316,0.1096875,2.6234911539605847,2.5790625,35.0,40.312241153960585,20235,3518.0,17.385717815665924,0.7407871747683529,Watch
415000,16140.0,4337.258825,JPN,Japan,Okinawa,0.857601577,1.166457324,0.78,0.31,16140.0,,,,,,,,,,,,,,,,,,,,,,,,,33.46691322192731,17.15203154,23.32914648,,15.375,0.354,14.438,0.333,0.938,0.022,0.312,0.007,0.14438,0.333,0.01407,0.033,0.0078,0.0175,0.5497500000000001,0.0,0.0,289.265625,6.669318956264945,0.0,0.0,10.124296875,23.342616346927308,33.46691322192731,1569542,,,0.203562291841382,Information
424305,7653.0,6355.13646,PRK,North Korea,Hwanghae-namdo,2.988675888,4.002164894,-9999.0,1.0,7653.0,,,,,,,,,,,,,,,,,,,,,,,,,68.8821875,59.77351776,80.04329788,3.0,2.25,0.035,2.188,0.034,1.0,0.016,1.625,0.026,0.02188,0.034,0.015,0.024,0.040625,0.065,0.200505,0.0,0.0,968.0625,15.232757095216265,0.0,0.0,33.8821875,35.0,68.8821875,1646840,224116.0,13.608850890189697,0.8922962480693751,Warning
424306,7654.0,19448.63757,PRK,North Korea,P'yongan-namdo,3.752575382,0.0,-9999.0,1.0,7654.0,,,,,,,,,,,,,,,,,,,,,,,,,65.81891651443709,75.05150764,0.0,3.0,18.375,0.094,5.625,0.029,0.438,0.002,2.312,0.012,0.05625,0.029,0.00657,0.003,0.0577999999999999,0.03,0.18262,0.0,0.0,1712.53125,8.8054047184106,0.0,0.0,35.0,30.8189165144371,65.81891651443709,7287464,915633.0,12.564494315169172,0.8340001523862843,Warning
424307,7655.0,1908.419143,PRK,North Korea,P'yongan-namdo,3.700225839,3.544647493,-9999.0,1.0,7655.0,,,,,,,,,,,,,,,,,,,,,,,,,70.0,74.00451677999999,70.89294986,3.0,2.312,0.121,1.562,0.082,0.062,0.003,0.875,0.046,0.01562,0.082,0.0009299999999999,0.0045,0.021875,0.1149999999999999,0.239925,0.0,0.0,1061.859375,55.64078410136328,0.0,0.0,35.0,35.0,70.0,1081811,423542.0,39.151201087805546,0.839052800008629,Warning
424101,16143.0,31259.31718,PRK,North Korea,Hamgy?ng-namdo,4.003998833,1.734567166,-9999.0,1.0,16143.0,,,,,,,,,,,,,,,,,,,,,,,,,50.136612216980296,80.07997666,34.69134332,3.0,29.312,0.094,23.25,0.074,0.375,0.001,1.5,0.005,0.2325,0.074,0.005625,0.0015,0.0375,0.0125,0.363625,7.03125,0.0224932936281037,1339.453125,4.2849724361537564,0.10546875,0.0337399404421555,35.0,14.997403526538148,50.136612216980296,9704423,893227.0,9.204328789048045,0.8220031980831511,Warning
424103,7641.0,3301.919115,KOR,South Korea,Gyeongsangnam-do,1.989274873,2.435483331,0.76,0.33,7641.0,,,,,,,,,,,,,,,,,,,,,,,,,50.144609375,39.78549746,48.70966662,,2.25,0.068,2.25,0.068,0.562,0.017,0.312,0.009,0.0225,0.068,0.00843,0.0255,0.0078,0.0225,0.1547299999999999,0.0,0.0,432.703125,13.104594930558871,0.0,0.0,15.144609375,35.0,50.144609375,2095970,,,0.4909881487333291,Advisory
424105,7643.0,7440.230295,KOR,South Korea,Jeollanam-do,2.520718546,2.147261366,0.76,0.33,7643.0,,,,,,,,,,,,,,,,,,,,,,,,,70.0,50.41437092,42.94522732,3.0,57.5,0.773,24.625,0.331,1.688,0.023,0.312,0.004,0.24625,0.331,0.02532,0.0345,0.0078,0.01,0.6548700000000001,0.0,0.0,1009.828125,13.57253855008626,0.0,0.0,35.0,35.0,70.0,901097,39324.0,4.364014085054106,0.6348754480899645,Watch
436823,8202.0,648.4866134,VNM,Vietnam,Tuyên Quang,4.100603145,0.0,0.56,0.61,8202.0,,,,,,,,,,,,,,,,,,,,,,,,,3.151969893593977,82.0120629,0.0,,1.125,0.173,1.125,0.173,0.0,0.0,0.0,0.0,0.01125,0.173,0.0,0.0,0.0,0.0,0.18425,0.0,0.0,5.484375,0.8457190767411362,0.0,0.0,0.191953125,2.960016768593977,3.151969893593977,297343,,,0.0407827739987083,Information
436841,8210.0,10212.49212,VNM,Vietnam,Yên Bái,4.033110183,0.0,0.56,0.61,8210.0,,,,,,,,,,,,,,,,,,,,,,,,,3.594554519790271,80.66220365999999,0.0,,18.562,0.182,17.75,0.174,0.0,0.0,0.0,0.0,0.1775,0.174,0.0,0.0,0.0,0.0,0.3515,0.0,0.0,51.890625,0.5081093270829344,0.0,0.0,1.816171875,1.7783826447902706,3.594554519790271,1872913,,,0.0462222589517356,Information
436850,8219.0,19271.4264,VNM,Vietnam,Son La,3.502079978,0.0,0.56,0.61,8219.0,,,,,,,,,,,,,,,,,,,,,,,,,14.099453957704029,70.04159956,0.0,,31.938,0.166,23.062,0.12,1.375,0.007,1.125,0.006,0.23062,0.12,0.020625,0.0105,0.028125,0.015,0.4248700000000001,0.0,0.0,265.21875,1.3762279164868652,0.0,0.0,9.28265625,4.816797707704028,14.099453957704029,2107210,,,0.2255225898002885,Information
436870,8221.0,10271.36641,VNM,Vietnam,Lai Châu,3.350040605,0.0,0.56,0.61,8221.0,8221.0,0.0,15.0,-9999.0,-9999.0,-9999.0,0.0,1.0,-999.9,-999.9,-999.9,-5997.4,0.0,0.0,0.0,0.0,0.0,0.0,0.0,0.0,0.0,0.0,0.0,-5997.4,3.5843610361158915,67.00081209999999,0.0,,,,,,,,,,,,,,,,,0.0,0.0,51.890625,0.505196903175969,0.0,0.0,1.816171875,1.7681891611158915,3.5843610361158915,272358,,,0.0132126857002382,Information
436900,8224.0,7191.715608,VNM,Vietnam,Hà N?i,4.054054151,4.040222523,0.56,0.61,8224.0,,,,,,,,,,,,,,,,,,,,,,,,,19.67222876123514,81.08108302,80.80445046,,16.0,0.222,16.0,0.222,0.0,0.0,0.0,0.0,0.16,0.222,0.0,0.0,0.0,0.0,0.382,0.0,0.0,235.125,3.269386788924326,0.0,0.0,8.229375,11.442853761235142,19.67222876123514,7848543,,,0.5155729890786503,Advisory
441040,8233.0,27389.39066,VNM,Vietnam,Ngh? An,4.023648214,4.002366466,0.56,0.61,8233.0,8233.0,0.0,4.0,-9999.0,-9999.0,-9999.0,0.0,7.0,-999.9,-999.9,-999.9,-5987.4,0.0,0.0,0.0,0.0,0.0,0.0,0.0,0.0,0.0,0.0,0.0,-5987.4,11.032393648637637,80.47296427999999,80.04732931999999,,22.312,0.081,17.688,0.065,0.0,0.0,0.812,0.003,0.1768799999999999,0.065,0.0,0.0,0.0203,0.0075,0.26968,0.0,0.0,230.90625,0.843049971039325,0.0,0.0,8.08171875,2.950674898637637,11.032393648637637,2383490,,,0.284011978920217,Information
441051,8234.0,2587.50717,VNM,Vietnam,Hà Tinh,4.104615129,4.042667296,0.56,0.61,8234.0,,,,,,,,,,,,,,,,,,,,,,,,,36.011116375735405,82.09230258,80.85334592000001,3.0,37.688,1.457,23.25,0.899,0.312,0.012,0.062,0.002,0.2325,0.899,0.00468,0.018,0.00155,0.005,1.1607299999999998,0.0,0.0,211.5,8.173890393067259,0.0,0.0,7.4025,28.608616375735405,36.011116375735405,848871,49713.0,5.856366868464113,0.7575980514364999,Watch
441052,8235.0,3047.316983,VNM,Vietnam,Qu?ng Bình,4.048396776,2.672788073,0.56,0.61,8235.0,,,,,,,,,,,,,,,,,,,,,,,,,4.067161992349576,80.96793552,53.45576146,,12.438,0.408,12.0,0.394,0.312,0.01,0.188,0.006,0.12,0.394,0.00468,0.015,0.0046999999999999,0.015,0.5533800000000001,0.0,0.0,27.140625,0.8906400335284503,0.0,0.0,0.949921875,3.117240117349576,4.067161992349576,221248,,,0.0613935901617301,Information
441053,8236.0,14678.78222,VNM,Vietnam,Qu?ng Bình,4.101240697,4.002309761,0.56,0.61,8236.0,8236.0,0.0,4.0,-9999.0,-9999.0,-9999.0,0.0,7.0,-999.9,-999.9,-999.9,-5985.4,0.0,0.0,0.0,0.0,0.0,0.0,0.0,0.0,0.0,0.0,0.0,-5985.4,24.20416743854488,82.02481394,80.04619522,3.0,204.625,1.394,181.625,1.237,0.438,0.003,3.25,0.022,1.81625,1.237,0.00657,0.0045,0.08125,0.0549999999999999,3.2005700000000004,0.0,0.0,411.328125,2.8021951610128224,0.0,0.0,14.396484375,9.80768306354488,24.20416743854488,3562372,138928.0,3.8998734551023864,0.616970027767532,Watch
441054,8237.0,9565.025748,VNM,Vietnam,Qu?ng Nam,4.03585564,0.0,0.56,0.61,8237.0,8237.0,0.0,2.0,-9999.0,-9999.0,-9999.0,0.0,9.0,-999.9,-999.9,-999.9,-5981.4,0.0,0.0,0.0,0.0,0.0,0.0,0.0,0.0,0.0,0.0,0.0,-5981.4,2.9497993833872256,80.71711280000001,0.0,,,,,,,,,,,,,,,,,0.0,0.0,41.203125,0.4307685738249217,0.0,0.0,1.442109375,1.5076900083872258,2.9497993833872256,762015,,,0.0302261086496468,Information
441057,8240.0,10793.85631,VNM,Vietnam,Bình ??nh,4.040968124,2.254449742,0.56,0.61,8240.0,8240.0,0.0,1.0,-9999.0,-9999.0,-9999.0,0.0,10.0,-999.9,-999.9,-999.9,-5980.4,0.0,0.0,0.0,0.0,0.0,0.0,0.0,0.0,0.0,0.0,0.0,-5980.4,21.229661994706248,80.81936248,45.08899484,,274.688,2.545,274.688,2.545,0.0,0.0,0.625,0.006,2.74688,2.545,0.0,0.0,0.015625,0.015,5.322505,0.0,0.0,314.859375,2.917023962773214,0.0,0.0,11.020078125,10.209583869706249,21.229661994706248,2418745,,,0.5404224460011177,Advisory
441058,8241.0,13243.23882,VNM,Vietnam,Gia Lai,3.903013025,1.444160201,0.56,0.61,8241.0,8241.0,0.0,1.0,2.0,-9999.0,-9999.0,0.0,10.0,0.2,-999.9,-999.9,-3979.2,0.0,0.0,0.0,0.0,0.0,0.0,0.0,0.0,0.0,0.0,0.0,-3979.2,4.30738,78.0602605,28.88320402,,276.875,2.091,245.438,1.853,0.0,0.0,0.0,0.0,2.45438,1.853,0.0,0.0,0.0,0.0,4.30738,0.0,0.0,54.421875,0.410940826147661,0.0,0.0,1.904765625,1.4382928915168134,3.3430585165168134,1431128,,,0.0517656499703628,Information
441059,8242.0,19941.15906,VNM,Vietnam,Bình Thu?n,4.031205704,4.000495029,0.56,0.61,8242.0,8242.0,0.0,15.0,3.0,3.0,-9999.0,0.0,1.0,0.3,0.3,-999.9,-1996.6,0.0,0.0,0.0,0.0,0.0,0.0,0.0,0.0,0.0,0.0,0.0,-1996.6,47.85072952373411,80.62411408,80.00990058,3.0,238.0,1.194,226.062,1.134,1.5,0.008,1.312,0.007,2.2606200000000003,1.134,0.0225,0.012,0.0328,0.0175,3.47942,0.0,0.0,910.546875,4.566168256781174,0.0,0.0,31.869140625,15.98158889873411,47.85072952373411,5208298,378711.0,7.271300528502786,0.8170174283153924,Warning
441060,8243.0,29826.11163,VNM,Vietnam,V?ng Nai,3.795588092,3.025974392,0.56,0.61,8243.0,,,,,,,,,,,,,,,,,,,,,,,,,20.794013537318246,75.91176184,60.51948784,,94.812,0.318,53.125,0.178,0.0,0.0,0.062,0.0,0.53125,0.178,0.0,0.0,0.00155,0.0,0.7108,0.0,0.0,444.9375,1.4917717249480702,0.0,0.0,15.5728125,5.221201037318246,20.794013537318246,19718470,,,0.4415429057147912,Advisory
441090,8246.0,8250.058614,VNM,Vietnam,Vinh Long,3.338988533,4.031216344,0.56,0.61,8246.0,,,,,,,,,,,,,,,,,,,,,,,,,70.0,66.77977066,80.62432688,3.0,181.062,2.195,117.125,1.42,2.125,0.026,3.625,0.044,1.17125,1.42,0.031875,0.039,0.090625,0.1099999999999999,2.86275,0.0,0.0,1688.203125,20.462922797191545,0.0,0.0,35.0,35.0,70.0,4828049,462662.0,9.582794209420824,0.9005124339447297,Warning
442407,8264.0,8263.286024,VNM,Vietnam,??k Nông,3.370600292,0.0,0.56,0.61,8264.0,8264.0,0.0,15.0,3.0,2.0,2.0,0.0,1.0,0.3,0.2,0.2,3.4,0.0,0.0,0.0,0.0,0.0,0.0,0.0,0.0,0.0,0.0,0.0,3.4,3.4,67.41200584,0.0,,89.75,1.086,89.75,1.086,0.0,0.0,0.125,0.002,0.8975,1.086,0.0,0.0,0.003125,0.005,1.991625,0.0,0.0,8.859375,0.1072137037819768,0.0,0.0,0.310078125,0.3752479632369188,0.6853260882369188,1149356,,,0.0119053971730434,Information
442408,8265.0,4051.021789,VNM,Vietnam,??k Nông,4.112134988,0.0,0.56,0.61,8265.0,8265.0,0.0,15.0,3.0,2.0,2.0,0.0,1.0,0.3,0.2,0.2,3.4,0.0,0.0,0.0,0.0,0.0,0.0,0.0,0.0,0.0,0.0,0.0,3.4,3.4,82.24269976000001,0.0,,,,,,,,,,,,,,,,,0.0,0.0,8.015625,0.1978667461500288,0.0,0.0,0.280546875,0.6925336115251008,0.9730804865251008,128732,,,0.0491632662911291,Information
442409,8266.0,3870.501673,VNM,Vietnam,??k L?k,3.89106066,0.0,0.56,0.61,8266.0,8266.0,0.0,2.0,2.0,-9999.0,-9999.0,0.0,9.0,0.2,-999.9,-999.9,-3981.2,0.0,0.0,0.0,0.0,0.0,0.0,0.0,0.0,0.0,0.0,0.0,-3981.2,2.645737472613841,77.8212132,0.0,,,,,,,,,,,,,,,,,0.0,0.0,21.09375,0.5449874921753831,0.0,0.0,0.73828125,1.907456222613841,2.645737472613841,789613,,,0.0167438694258968,Information
443010,8337.0,2035.444381,VNM,Vietnam,Sóc Trang,4.072646203,4.303313729,0.56,0.61,8337.0,,,,,,,,,,,,,,,,,,,,,,,,,64.04398437500001,81.45292405999999,86.06627458,3.0,189.688,9.319,145.062,7.127,2.875,0.141,0.125,0.006,1.45062,7.127,0.043125,0.2114999999999999,0.003125,0.015,8.85037,0.0,0.0,829.828125,40.76889218619075,0.0,0.0,29.043984375,35.0,64.04398437500001,923527,280563.0,30.37951245605164,0.9364026095396568,Warning
443020,8338.0,6046.003109,VNM,Vietnam,H?u Giang,4.140580169,4.033238421,0.56,0.61,8338.0,,,,,,,,,,,,,,,,,,,,,,,,,70.0,82.81160338,80.66476842,3.0,644.438,10.659,413.562,6.84,24.0,0.397,9.938,0.164,4.13562,6.84,0.36,0.5955,0.24845,0.41,12.589569999999998,0.0,0.0,1739.953125,28.77856814771756,0.0,0.0,35.0,35.0,70.0,2526950,496273.0,19.63920932349275,0.9198793839230024,Warning
443031,8339.0,11750.44937,VNM,Vietnam,Kien Giang,4.1015797,4.100665243,0.56,0.61,8339.0,,,,,,,,,,,,,,,,,,,,,,,,,70.0,82.03159400000001,82.01330486,3.0,902.875,7.684,637.75,5.427,71.75,0.611,74.625,0.635,6.3775,5.427,1.07625,0.9165,1.865625,1.5875,17.250375,0.0,0.0,5791.078125,49.28388645860878,0.0,0.0,35.0,35.0,70.0,3392009,1227012.0,36.173606850689374,0.9130660888670714,Warning
437001,8225.0,36526.05493,TWN,Taiwan,Taiwan,1.737014098,2.413248717,-9999.0,0.6,8225.0,,,,,,,,,,,,,,,,,,,,,,,,,12.98386944405661,34.74028196,48.26497434,,3.625,0.01,3.625,0.01,8.875,0.024,0.0,0.0,0.03625,0.01,0.133125,0.036,0.0,0.0,0.215375,0.0,0.0,291.234375,0.7973332340161745,0.0,0.0,10.193203125,2.7906663190566108,12.98386944405661,23967984,,,0.0834202760045019,Information
437002,16147.0,250.362966,TWN,Taiwan,Taiwan,0.406049081,0.0,-9999.0,0.6,16147.0,,,,,,,,,,,,,,,,,,,,,,,,,18.942076646485585,8.12098162,0.0,,0.188,0.075,0.188,0.075,0.312,0.125,0.062,0.025,0.00188,0.075,0.00468,0.1875,0.00155,0.0625,0.33311,0.0,0.0,13.21875,5.279834398995882,0.0,0.0,0.46265625,18.479420396485587,18.942076646485585,90776,,,0.0571580551151528,Information
442402,8259.0,28856.30142,LAO,Laos,Champasak,4.076548068,0.0,0.52,0.67,8259.0,8259.0,0.0,1.0,3.0,3.0,-9999.0,0.0,10.0,0.3,0.3,-999.9,-1978.6,0.0,0.0,0.0,0.0,0.0,0.0,0.0,0.0,0.0,0.0,0.0,-1978.6,2.3726539435369864,81.53096136,0.0,,20.438,0.071,19.0,0.066,0.0,0.0,0.688,0.002,0.19,0.066,0.0,0.0,0.0171999999999999,0.005,0.2782,0.0,0.0,50.34375,0.1744636267248533,0.0,0.0,1.76203125,0.6106226935369865,2.3726539435369864,288839,,,0.0200806231488106,Information
442500,8267.0,19457.72059,LAO,Laos,Champasak,4.019443564,0.0,0.52,0.67,8267.0,8267.0,0.0,15.0,3.0,2.0,-9999.0,0.0,1.0,0.3,0.2,-999.9,-3989.066666666666,0.0,0.0,0.0,0.0,0.0,0.0,0.0,0.0,0.0,0.0,0.0,-3989.066666666666,5.707770798365675,80.38887128,0.0,,56.688,0.291,56.438,0.29,0.062,0.0,0.0,0.0,0.56438,0.29,0.0009299999999999,0.0,0.0,0.0,0.8553099999999999,0.0,0.0,107.71875,0.5536041566759072,0.0,0.0,3.77015625,1.937614548365676,5.707770798365675,900178,,,0.108551406413368,Information
442710,8286.0,4930.403482,LAO,Laos,Saravan,2.08008577,0.0,0.52,0.67,8286.0,8286.0,0.0,7.0,-9999.0,-9999.0,-9999.0,0.0,4.0,-999.9,-999.9,-999.9,-5991.4,0.0,0.0,0.0,0.0,0.0,0.0,0.0,0.0,0.0,0.0,0.0,-5991.4,2.190972857635411,41.6017154,0.0,,72.75,1.476,69.5,1.41,0.062,0.001,0.0,0.0,0.695,1.41,0.0009299999999999,0.0015,0.0,0.0,2.10743,0.0,0.0,20.671875,0.4192734950386889,0.0,0.0,0.723515625,1.4674572326354112,2.190972857635411,201975,,,0.0005136511041259,Information
442720,8287.0,20022.57329,LAO,Laos,Savannakhét,4.013647596,0.0,0.52,0.67,8287.0,8287.0,0.0,6.0,2.0,2.0,-9999.0,0.0,5.0,0.2,0.2,-999.9,-1989.0,0.0,0.0,0.0,0.0,0.0,0.0,0.0,0.0,0.0,0.0,0.0,-1989.0,2.28781179833982,80.27295192,0.0,,17.562,0.088,14.75,0.074,0.0,0.0,0.0,0.0,0.1475,0.074,0.0,0.0,0.0,0.0,0.2214999999999999,0.0,0.0,43.59375,0.2177230138113771,0.0,0.0,1.52578125,0.7620305483398199,2.28781179833982,514432,,,0.0156046089249883,Information
442730,8288.0,26152.8259,LAO,Laos,Savannakhét,3.80371542,0.0,0.52,0.67,8288.0,8288.0,0.0,15.0,-9999.0,-9999.0,-9999.0,0.0,1.0,-999.9,-999.9,-999.9,-5997.4,0.0,0.0,0.0,0.0,0.0,0.0,0.0,0.0,0.0,0.0,0.0,-5997.4,4.857943043530953,76.0743084,0.0,,353.0,1.35,324.062,1.239,0.25,0.001,0.0,0.0,3.2406200000000003,1.239,0.00375,0.0015,0.0,0.0,4.484870000000001,0.0,0.0,100.40625,0.3839212267231294,0.0,0.0,3.51421875,1.3437242935309528,4.857943043530953,1666218,,,0.0554302048003996,Information
442750,8290.0,2062.032476,LAO,Laos,Bolikhamxai,3.985182214,0.0,0.52,0.67,8290.0,,,,,,,,,,,,,,,,,,,,,,,,,6.593121127905175,79.70364427999999,0.0,,9.0,0.436,8.688,0.421,0.125,0.006,0.0,0.0,0.08688,0.421,0.001875,0.009,0.0,0.0,0.518755,0.0,0.0,32.203125,1.561717643687193,0.0,0.0,1.127109375,5.466011752905176,6.593121127905175,101473,,,0.1304186124943878,Information
442760,8291.0,14840.6837,LAO,Laos,Bolikhamxai,4.2474993,0.0,0.52,0.67,8291.0,8291.0,0.0,5.0,2.0,2.0,-9999.0,0.0,6.0,0.2,0.2,-999.9,-1987.0,0.0,0.0,0.0,0.0,0.0,0.0,0.0,0.0,0.0,0.0,0.0,-1987.0,7.39803790750252,84.94998600000001,0.0,,38.812,0.262,31.062,0.209,2.438,0.016,0.438,0.003,0.31062,0.209,0.03657,0.024,0.01095,0.0075,0.59864,0.0,0.0,126.28125,0.8509126164292912,0.0,0.0,4.41984375,2.97819415750252,7.39803790750252,106662,,,0.2388011889183997,Information
442770,8292.0,11515.81004,LAO,Laos,Xais,4.007093528,0.0,0.52,0.67,8292.0,,,,,,,,,,,,,,,,,,,,,,,,,6.418731533278312,80.14187056,0.0,,4.75,0.041,4.625,0.04,6.312,0.055,0.0,0.0,0.04625,0.04,0.09468,0.0825,0.0,0.0,0.26343,0.0,0.0,98.15625,0.8523607952223746,0.0,0.0,3.43546875,2.9832627832783114,6.418731533278312,384551,,,0.1293660529465274,Information
442780,8293.0,16845.42341,LAO,Laos,Xais,4.083756907,0.0,0.52,0.67,8293.0,8293.0,0.0,7.0,-9999.0,-9999.0,-9999.0,0.0,4.0,-999.9,-999.9,-999.9,-5991.4,0.0,0.0,0.0,0.0,0.0,0.0,0.0,0.0,0.0,0.0,0.0,-5991.4,8.165252813500691,81.67513814,0.0,,8.312,0.049,8.25,0.049,0.062,0.0,0.0,0.0,0.0825,0.049,0.0009299999999999,0.0,0.0,0.0,0.13243,0.0,0.0,146.390625,0.8690231252859117,0.0,0.0,5.123671875,3.041580938500691,8.165252813500691,606744,,,0.2094385147082763,Information
442795,8298.0,14547.6629,LAO,Laos,Xaignabouri,4.102638707,0.0,0.52,0.67,8298.0,8298.0,0.0,15.0,-9999.0,-9999.0,-9999.0,0.0,1.0,-999.9,-999.9,-999.9,-5997.4,0.0,0.0,0.0,0.0,0.0,0.0,0.0,0.0,0.0,0.0,0.0,-5997.4,5.115972645534246,82.05277414,0.0,,8.75,0.06,8.75,0.06,0.188,0.001,0.0,0.0,0.0875,0.06,0.00282,0.0015,0.0,0.0,0.1518199999999999,0.0,0.0,86.625,0.5954564701526418,0.0,0.0,3.031875,2.0840976455342464,5.115972645534246,283710,,,0.1047270346529244,Information
442797,8300.0,135.2822516,LAO,Laos,Louangphrabang,4.13012152,0.0,0.52,0.67,8300.0,,,,,,,,,,,,,,,,,,,,,,,,,14.74978180645258,82.6024304,0.0,,0.375,0.277,0.25,0.185,0.0,0.0,0.0,0.0,0.0025,0.185,0.0,0.0,0.0,0.0,0.1875,0.0,0.0,5.625,4.157973373272165,0.0,0.0,0.196875,14.55290680645258,14.74978180645258,10369,,,0.4344317595326905,Advisory
442800,8303.0,26116.11285,LAO,Laos,Phôngsali,4.056116441,0.0,0.52,0.67,8303.0,8303.0,0.0,15.0,-9999.0,-9999.0,-9999.0,0.0,1.0,-999.9,-999.9,-999.9,-5997.4,0.0,0.0,0.0,0.0,0.0,0.0,0.0,0.0,0.0,0.0,0.0,-5997.4,2.1440435296489966,81.12232882,0.0,,,,,,,,,,,,,,,,,0.0,0.0,44.296875,0.1696151156139991,0.0,0.0,1.550390625,0.5936529046489969,2.1440435296489966,405587,,,0.0148043358120495,Information
441080,8245.0,15622.45661,KHM,Cambodia,Svay Rieng,4.050440743,2.561941643,0.48,0.72,8245.0,,,,,,,,,,,,,,,,,,,,,,,,,68.14339497132008,81.00881486,51.23883286,3.0,164.188,1.051,59.125,0.378,11.688,0.075,6.125,0.039,0.59125,0.378,0.17532,0.1124999999999999,0.153125,0.0975,1.507695,0.0,0.0,1479.375,9.469541420377167,0.0,0.0,35.0,33.143394971320085,68.14339497132008,4781795,132355.0,2.7678936466326975,0.8993116821035834,Warning
442100,8247.0,20414.71529,KHM,Cambodia,Takbv,4.072497564,1.808037565,0.48,0.72,8247.0,8247.0,0.0,8.0,2.0,2.0,-9999.0,0.0,3.0,0.2,0.2,-999.9,-1993.0,0.0,0.0,0.0,0.0,0.0,0.0,0.0,0.0,0.0,0.0,0.0,-1993.0,56.33927170107858,81.44995128,36.1607513,3.0,88.562,0.434,57.125,0.28,1.375,0.007,2.938,0.014,0.57125,0.28,0.020625,0.0105,0.07345,0.035,0.990825,0.0,0.0,1244.671875,6.096934771736738,0.0,0.0,35.0,21.33927170107858,56.33927170107858,8770895,397630.0,4.533516818979135,0.8666984822324477,Warning
442201,8248.0,5167.969499,KHM,Cambodia,Kandal,4.020526732,0.0,0.48,0.72,8248.0,8248.0,0.0,15.0,-9999.0,-9999.0,-9999.0,0.0,1.0,-999.9,-999.9,-999.9,-5997.4,0.0,0.0,0.0,0.0,0.0,0.0,0.0,0.0,0.0,0.0,0.0,-5997.4,9.490813825759854,80.41053464000001,0.0,,5.688,0.11,5.125,0.099,0.0,0.0,0.25,0.005,0.05125,0.099,0.0,0.0,0.00625,0.0125,0.169,0.0,0.0,92.390625,1.7877548430742438,0.0,0.0,3.233671875,6.257141950759854,9.490813825759854,2081009,,,0.2343279959199902,Information
442202,8249.0,22084.03827,KHM,Cambodia,Preah Vihéar,4.095361269,0.0,0.48,0.72,8249.0,,,,,,,,,,,,,,,,,,,,,,,,,18.79171751540694,81.90722538,0.0,,10.75,0.049,10.5,0.048,1.188,0.005,5.812,0.026,0.105,0.048,0.01782,0.0075,0.1453,0.065,0.38862,0.0,0.0,369.5625,1.6734371472591256,0.0,0.0,12.9346875,5.85703001540694,18.79171751540694,1484793,,,0.5151177082096685,Advisory
442205,8252.0,12262.54006,KHM,Cambodia,Batdombang,4.237144772,0.0,0.48,0.72,8252.0,,,,,,,,,,,,,,,,,,,,,,,,,1.6173478271192214,84.74289544,0.0,,6.562,0.054,6.438,0.052,0.0,0.0,0.0,0.0,0.0643799999999999,0.052,0.0,0.0,0.0,0.0,0.1163799999999999,0.0,0.0,25.453125,0.2075681291769204,0.0,0.0,0.890859375,0.7264884521192214,1.6173478271192214,1387465,,,0.0124079158444057,Information
442207,8254.0,8236.500259,KHM,Cambodia,Batdombang,4.101909439,0.0,0.48,0.72,8254.0,,,,,,,,,,,,,,,,,,,,,,,,,3.389141875592978,82.03818878,0.0,,9.375,0.114,8.75,0.106,0.0,0.0,0.25,0.003,0.0875,0.106,0.0,0.0,0.00625,0.0075,0.20725,0.0,0.0,43.734375,0.5309825001694223,0.0,0.0,1.530703125,1.858438750592978,3.389141875592978,981902,,,0.0476905127652307,Information
442209,8256.0,4096.106127,KHM,Cambodia,Batdombang,4.278408499,0.0,0.48,0.72,8256.0,,,,,,,,,,,,,,,,,,,,,,,,,4.3530300338737495,85.56816998000001,0.0,,2.75,0.067,2.5,0.061,0.062,0.002,0.125,0.003,0.025,0.061,0.0009299999999999,0.003,0.003125,0.0075,0.100555,0.0,0.0,36.140625,0.8823166168210713,0.0,0.0,1.264921875,3.08810815887375,4.3530300338737495,1126433,,,0.1153487571975313,Information
442300,8257.0,26611.39772,KHM,Cambodia,Krâchéh,4.060249261,0.0,0.48,0.72,8257.0,8257.0,0.0,5.0,2.0,2.0,2.0,0.0,6.0,0.2,0.2,0.2,13.2,0.0,0.0,0.0,0.0,0.0,0.0,0.0,0.0,0.0,0.0,0.0,13.2,13.2,81.20498522,0.0,,19.25,0.072,19.188,0.072,0.0,0.0,0.0,0.0,0.19188,0.072,0.0,0.0,0.0,0.0,0.26388,0.0,0.0,238.78125,0.8972893966340906,0.0,0.0,8.35734375,3.140512888219317,11.497856638219318,1854999,,,0.3619037250399772,Advisory
442405,8262.0,9565.36172,KHM,Cambodia,Rôtânôkiri,4.000183576,0.0,0.48,0.72,8262.0,,,,,,,,,,,,,,,,,,,,,,,,,1.82325,80.00367152000001,0.0,,89.438,0.935,89.125,0.932,0.0,0.0,0.0,0.0,0.89125,0.932,0.0,0.0,0.0,0.0,1.82325,0.0,0.0,13.359375,0.1396640858080885,0.0,0.0,0.467578125,0.4888243003283097,0.9564024253283098,323363,,,0.00831181331787,Information
443032,8340.0,2227.11033,KHM,Cambodia,Kâmpôt,4.00466636,0.15924357,0.48,0.72,8340.0,,,,,,,,,,,,,,,,,,,,,,,,,40.100203773241,80.0933272,3.1848714,3.0,25.062,1.125,24.375,1.094,0.125,0.006,0.875,0.039,0.24375,1.094,0.001875,0.009,0.021875,0.0975,1.468,0.0,0.0,208.6875,9.370326078068857,0.0,0.0,7.3040625,32.796141273241,40.100203773241,380206,10316.0,2.7132659663445606,0.7581382632525053,Watch
443033,8341.0,5491.251893,KHM,Cambodia,Kâmpôt,4.029822319,4.000998381,0.48,0.72,8341.0,,,,,,,,,,,,,,,,,,,,,,,,,32.240958530314884,80.59644638,80.01996761999999,3.0,27.562,0.502,23.625,0.43,0.375,0.007,0.062,0.001,0.23625,0.43,0.005625,0.0105,0.00155,0.0025,0.686425,0.0,0.0,326.53125,5.946389937232824,0.0,0.0,11.42859375,20.812364780314883,32.240958530314884,842268,47608.0,5.6523576818779775,0.6941966803028683,Watch
443035,8342.0,7479.646207,KHM,Cambodia,Kaôh Kong,4.392790638,4.025496292,0.48,0.72,8342.0,,,,,,,,,,,,,,,,,,,,,,,,,12.134855849175544,87.85581276,80.50992584,,87.812,1.174,64.688,0.865,0.062,0.001,0.0,0.0,0.64688,0.865,0.0009299999999999,0.0015,0.0,0.0,1.5143100000000005,0.0,0.0,148.359375,1.983507921193013,0.0,0.0,5.192578125,6.942277724175545,12.134855849175544,87956,,,0.499693341608411,Advisory
443034,16150.0,2575.210614,KHM,Cambodia,Kaôh Kong,4.16494539,4.000425671,0.48,0.72,16150.0,,,,,,,,,,,,,,,,,,,,,,,,,2.619748447275013,83.2989078,80.00851342000001,,9.062,0.352,8.062,0.313,0.312,0.012,0.0,0.0,0.08062,0.313,0.00468,0.018,0.0,0.0,0.4163,0.0,0.0,15.328125,0.5952183063642895,0.0,0.0,0.536484375,2.0832640722750133,2.619748447275013,43641,,,0.0319845027108976,Information
442610,8268.0,3961.05774,THA,Thailand,Ubon Ratchathani,1.877994547,0.0,0.61,0.54,8268.0,8268.0,0.0,7.0,-9999.0,-9999.0,-9999.0,0.0,4.0,-999.9,-999.9,-999.9,-5991.4,0.0,0.0,0.0,0.0,0.0,0.0,0.0,0.0,0.0,0.0,0.0,-5991.4,4.545053726057139,37.55989094,0.0,,5.125,0.129,3.188,0.08,0.0,0.0,0.0,0.0,0.03188,0.08,0.0,0.0,0.0,0.0,0.11188,0.0,0.0,36.84375,0.9301492788734684,0.0,0.0,1.28953125,3.2555224760571395,4.545053726057139,332765,,,0.0043943191613972,Information
442620,8269.0,4807.975368,THA,Thailand,Ubon Ratchathani,1.593181412,0.0,0.61,0.54,8269.0,,,,,,,,,,,,,,,,,,,,,,,,,0.4411199999999999,31.86362824,0.0,,14.375,0.299,14.312,0.298,0.0,0.0,0.0,0.0,0.14312,0.298,0.0,0.0,0.0,0.0,0.4411199999999999,0.0,0.0,3.375,0.0701958671108174,0.0,0.0,0.118125,0.2456855348878609,0.3638105348878609,456573,,,2.328273567294613e-07,Information
442630,8270.0,8336.081645,THA,Thailand,Amnat Charoen,0.934238693,0.0,0.61,0.54,8270.0,8270.0,0.0,7.0,-9999.0,-9999.0,-9999.0,0.0,4.0,-999.9,-999.9,-999.9,-5991.4,0.0,0.0,0.0,0.0,0.0,0.0,0.0,0.0,0.0,0.0,0.0,-5991.4,2.069755,18.68477386,0.0,,96.125,1.153,93.938,1.127,0.125,0.001,0.0,0.0,0.93938,1.127,0.001875,0.0015,0.0,0.0,2.069755,0.0,0.0,26.296875,0.3154584626177065,0.0,0.0,0.920390625,1.1041046191619728,2.024495244161973,1061082,,,0.0001208475110123,Information
442641,8271.0,12720.53184,THA,Thailand,Si Sa Ket,1.873089549,0.0,0.61,0.54,8271.0,8271.0,0.0,6.0,-9999.0,-9999.0,-9999.0,0.0,5.0,-999.9,-999.9,-999.9,-5989.4,0.0,0.0,0.0,0.0,0.0,0.0,0.0,0.0,0.0,0.0,0.0,-5989.4,3.07068,37.46179098,0.0,,220.875,1.736,171.875,1.351,0.062,0.0,0.0,0.0,1.71875,1.351,0.0009299999999999,0.0,0.0,0.0,3.07068,0.0,0.0,16.453125,0.1293430589414176,0.0,0.0,0.575859375,0.4527007062949615,1.0285600812949616,1380497,,,0.0012896546357591,Information
442642,8272.0,4147.865265,THA,Thailand,Roi Et,1.475658734,0.0,0.61,0.54,8272.0,,,,,,,,,,,,,,,,,,,,,,,,,2.10617,29.51317468,0.0,,61.562,1.484,61.562,1.484,0.0,0.0,0.062,0.002,0.61562,1.484,0.0,0.0,0.00155,0.005,2.10617,0.0,0.0,16.875,0.4068357799357298,0.0,0.0,0.590625,1.4239252297750542,2.014550229775054,477705,,,0.000223586410043,Information
442643,8273.0,2826.794775,THA,Thailand,Surin,2.201240715,0.0,0.61,0.54,8273.0,,,,,,,,,,,,,,,,,,,,,,,,,8.531350976836949,44.0248143,0.0,,49.062,1.736,48.625,1.72,0.0,0.0,0.0,0.0,0.48625,1.72,0.0,0.0,0.0,0.0,2.20625,0.0,0.0,53.71875,1.9003413505248423,0.0,0.0,1.88015625,6.651194726836948,8.531350976836949,262179,,,0.0299750274666188,Information
442644,8274.0,5004.150319,THA,Thailand,Surin,1.015769176,0.0,0.61,0.54,8274.0,,,,,,,,,,,,,,,,,,,,,,,,,3.4975182182367752,20.31538352,0.0,,5.438,0.109,5.438,0.109,0.0,0.0,0.0,0.0,0.05438,0.109,0.0,0.0,0.0,0.0,0.16338,0.0,0.0,33.328125,0.6660096694962214,0.0,0.0,1.166484375,2.331033843236775,3.4975182182367752,581076,,,0.0008859387288923,Information
442645,8275.0,8355.331469,THA,Thailand,Nakhon Ratchasima,1.700318757,0.0,0.61,0.54,8275.0,8275.0,0.0,4.0,-9999.0,-9999.0,-9999.0,0.0,7.0,-999.9,-999.9,-999.9,-5986.4,0.0,0.0,0.0,0.0,0.0,0.0,0.0,0.0,0.0,0.0,0.0,-5986.4,2.984270664117644,34.00637514,0.0,,,,,,,,,,,,,,,,,0.0,0.0,38.8125,0.4645237611764697,0.0,0.0,1.3584375,1.625833164117644,2.984270664117644,1110432,,,0.0009800813750304,Information
442650,8280.0,8833.835907,THA,Thailand,Roi Et,1.81513262,0.0,0.61,0.54,8280.0,8280.0,0.0,5.0,-9999.0,-9999.0,-9999.0,0.0,6.0,-999.9,-999.9,-999.9,-5987.4,0.0,0.0,0.0,0.0,0.0,0.0,0.0,0.0,0.0,0.0,0.0,-5987.4,3.07325,36.3026524,0.0,,145.562,1.648,144.125,1.632,0.0,0.0,0.0,0.0,1.44125,1.632,0.0,0.0,0.0,0.0,3.07325,0.0,0.0,41.0625,0.4648320438934009,0.0,0.0,1.4371875,1.6269121536269031,3.0640996536269034,1017328,,,0.0012170832995312,Information
442660,8281.0,8200.673352,THA,Thailand,Kalasin,1.611043737,0.0,0.61,0.54,8281.0,,,,,,,,,,,,,,,,,,,,,,,,,9.041250000000002,32.22087474,0.0,,428.625,5.227,403.688,4.923,0.688,0.008,1.062,0.013,4.03688,4.923,0.01032,0.012,0.02655,0.0325,9.041250000000002,0.0,0.0,101.53125,1.2380843088914246,0.0,0.0,3.55359375,4.333295081119986,7.886888831119986,788431,,,0.0219807969182273,Information
442670,8282.0,3485.088196,THA,Thailand,Maha Sarakham,3.02355071,0.0,0.61,0.54,8282.0,8282.0,0.0,4.0,2.0,2.0,-9999.0,0.0,7.0,0.2,0.2,-999.9,-1985.0,0.0,0.0,0.0,0.0,0.0,0.0,0.0,0.0,0.0,0.0,0.0,-1985.0,14.930923163165918,60.4710142,0.0,,65.875,1.89,64.25,1.844,0.0,0.0,0.0,0.0,0.6425,1.844,0.0,0.0,0.0,0.0,2.4865,0.0,0.0,110.25,3.1634780466188337,0.0,0.0,3.85875,11.072173163165916,14.930923163165918,527371,,,0.165127648278348,Information
442680,8283.0,15151.49641,THA,Thailand,Khon Kaen,3.185250534,0.0,0.61,0.54,8283.0,,,,,,,,,,,,,,,,,,,,,,,,,6.323824985279408,63.70501068,0.0,,28.375,0.187,28.0,0.185,0.125,0.001,0.062,0.0,0.28,0.185,0.001875,0.0015,0.00155,0.0,0.469925,0.0,0.0,108.84375,0.7183696386512595,0.0,0.0,3.80953125,2.5142937352794084,6.323824985279408,1647550,,,0.0402878498736172,Information
442690,8284.0,13841.58898,THA,Thailand,Chaiyaphum,1.579379046,0.0,0.61,0.54,8284.0,8284.0,0.0,4.0,2.0,2.0,2.0,0.0,7.0,0.2,0.2,0.2,15.2,0.0,0.0,0.0,0.0,0.0,0.0,0.0,0.0,0.0,0.0,0.0,15.2,15.2,31.58758092,0.0,,,,,,,,,,,,,,,,,0.0,0.0,77.90625,0.5628418105398307,0.0,0.0,2.72671875,1.969946336889408,4.696665086889407,1386750,,,0.0662573527160799,Information
442740,8289.0,13016.48411,THA,Thailand,Sakon Nakhon,1.786488913,0.0,0.61,0.54,8289.0,,,,,,,,,,,,,,,,,,,,,,,,,14.133896142915995,35.72977826,0.0,,85.062,0.653,74.812,0.575,2.125,0.016,0.062,0.0,0.74812,0.575,0.031875,0.024,0.00155,0.0,1.380545,0.0,0.0,228.375,1.754506040833142,0.0,0.0,7.993125,6.140771142915997,14.133896142915995,1091160,,,0.0649469373015989,Information
442793,8296.0,16143.56614,THA,Thailand,Udon Thani,3.697674461,0.0,0.61,0.54,8296.0,8296.0,0.0,1.0,-9999.0,-9999.0,-9999.0,0.0,10.0,-999.9,-999.9,-999.9,-5985.4,0.0,0.0,0.0,0.0,0.0,0.0,0.0,0.0,0.0,0.0,0.0,-5985.4,16.889892557976363,73.95348922,0.0,,,,,,,,,,,,,,,,,0.0,0.0,297.984375,1.8458398379932468,0.0,0.0,10.429453125,6.460439432976364,16.889892557976363,1758445,,,0.3324462001110219,Information
442916,8309.0,10656.89292,THA,Thailand,Chiang Rai,3.259172581,0.0,0.61,0.54,8309.0,8309.0,0.0,15.0,-9999.0,-9999.0,-9999.0,0.0,1.0,-999.9,-999.9,-999.9,-5997.4,0.0,0.0,0.0,0.0,0.0,0.0,0.0,0.0,0.0,0.0,0.0,-5997.4,5.161337294174761,65.18345162,0.0,,,,,,,,,,,,,,,,,0.0,0.0,76.078125,0.7138865483356458,0.0,0.0,2.662734375,2.4986029191747603,5.161337294174761,856441,,,0.0281376842237138,Information
443062,8348.0,19632.01071,THA,Thailand,Phetchabun,3.613756522,0.0,0.61,0.54,8348.0,8348.0,0.0,3.0,2.0,-9999.0,-9999.0,0.0,8.0,0.2,-999.9,-999.9,-5317.333333333333,0.0,0.0,0.0,0.0,0.0,0.0,0.0,0.0,0.0,0.0,0.0,-5317.333333333333,28.82429175696185,72.27513044,0.0,,,,,,,,,,,,,,,,,0.0,0.0,545.625,2.779261930560528,0.0,0.0,19.096875,9.727416756961848,28.82429175696185,2686506,,,0.5155104239058145,Advisory
443063,8349.0,16503.65311,THA,Thailand,Chai Nat,3.53395491,0.0,0.61,0.54,8349.0,8349.0,0.0,5.0,-9999.0,-9999.0,-9999.0,0.0,6.0,-999.9,-999.9,-999.9,-5988.066666666666,0.0,0.0,0.0,0.0,0.0,0.0,0.0,0.0,0.0,0.0,0.0,-5988.066666666666,57.37018927809165,70.6790982,0.0,3.0,4.812,0.029,3.75,0.023,0.688,0.004,1.0,0.006,0.0375,0.023,0.01032,0.006,0.025,0.015,0.11682,0.0,0.0,1054.828125,6.391482650883328,0.0,0.0,35.0,22.370189278091647,57.37018927809165,1833124,93524.0,5.1018916341720475,0.7489611377860104,Watch
443064,8350.0,46736.15419,THA,Thailand,Lamphun,3.212269807,0.0,0.61,0.54,8350.0,8350.0,0.0,15.0,-9999.0,-9999.0,-9999.0,0.0,1.0,-999.9,-999.9,-999.9,-3492.55,0.0,0.0,0.0,0.0,0.0,0.0,0.0,0.0,0.0,0.0,0.0,-3492.55,4.726220559330573,64.24539614,0.0,,,,,,,,,,,,,,,,,0.0,0.0,111.234375,0.2380049812373066,0.0,0.0,3.893203125,0.8330174343305731,4.726220559330573,3785991,,,0.0215080726046363,Information
443065,8351.0,2133.402618,THA,Thailand,Phichit,3.213029185,0.0,0.61,0.54,8351.0,,,,,,,,,,,,,,,,,,,,,,,,,23.28968911318192,64.2605837,0.0,,0.625,0.029,0.625,0.029,0.5,0.023,0.312,0.015,0.00625,0.029,0.0075,0.0345,0.0078,0.0375,0.12255,0.0,0.0,117.0,5.484196889480549,0.0,0.0,4.095,19.19468911318192,23.28968911318192,153924,,,0.3342369454752212,Information
443066,8352.0,24730.46396,THA,Thailand,Sukhothai,3.999824865,0.0,0.61,0.54,8352.0,8352.0,0.0,4.0,-9999.0,-9999.0,-9999.0,0.0,7.0,-999.9,-999.9,-999.9,-5991.4,0.0,0.0,0.0,0.0,0.0,0.0,0.0,0.0,0.0,0.0,0.0,-5991.4,19.74090705929052,79.9964973,0.0,,,,,,,,,,,,,,,,,0.0,0.0,401.625,1.624009159797291,0.0,0.0,14.056875,5.684032059290519,19.74090705929052,1948558,,,0.4947283665829632,Advisory
443067,8353.0,8073.317697,THA,Thailand,Phitsanulok,4.029518309,0.0,0.61,0.54,8353.0,8353.0,0.0,5.0,-9999.0,-9999.0,-9999.0,0.0,6.0,-999.9,-999.9,-999.9,-5987.4,0.0,0.0,0.0,0.0,0.0,0.0,0.0,0.0,0.0,0.0,0.0,-5987.4,16.417336053926192,80.59036618,0.0,,,,,,,,,,,,,,,,,0.0,0.0,209.53125,2.5953549439789123,0.0,0.0,7.33359375,9.083742303926194,16.417336053926192,1050308,,,0.4335152005701956,Advisory
443069,8355.0,20070.70667,THA,Thailand,Nan,4.004883933,0.0,0.61,0.54,8355.0,8355.0,0.0,3.0,-9999.0,-9999.0,-9999.0,0.0,8.0,-999.9,-999.9,-999.9,-5983.4,0.0,0.0,0.0,0.0,0.0,0.0,0.0,0.0,0.0,0.0,0.0,-5983.4,3.0823917387165176,80.09767866000001,0.0,,,,,,,,,,,,,,,,,0.0,0.0,58.78125,0.2928708539190051,0.0,0.0,2.05734375,1.0250479887165178,3.0823917387165176,944084,,,0.031081554293656,Information
444075,8384.0,5746.268103,THA,Thailand,Satun,3.030705708,3.183872154,0.61,0.54,8384.0,,,,,,,,,,,,,,,,,,,,,,,,,47.9335682729857,60.61411416,63.67744308,3.0,4.812,0.084,4.812,0.084,0.0,0.0,0.0,0.0,0.04812,0.084,0.0,0.0,0.0,0.0,0.13212,0.0,0.0,499.78125,8.697492720853058,0.0,0.0,17.49234375,30.441224522985703,47.9335682729857,813568,120138.0,14.766804987413467,0.6092547208777374,Watch
443037,16151.0,8891.498421,THA,Thailand,Chanthaburi,3.303144042,3.507410611,0.61,0.54,16151.0,,,,,,,,,,,,,,,,,,,,,,,,,16.85726320733709,66.06288084,70.14821222,,15.188,0.171,13.75,0.155,0.062,0.001,0.062,0.001,0.1375,0.155,0.0009299999999999,0.0015,0.00155,0.0025,0.2989799999999999,0.0,0.0,226.6875,2.549485916382026,0.0,0.0,7.9340625,8.923200707337092,16.85726320733709,751654,,,0.2838428780712007,Information
442917,8310.0,7982.0815,MMR,Myanmar,Shan,4.049006635,0.0,0.42,0.81,8310.0,8310.0,0.0,15.0,-9999.0,-9999.0,-9999.0,0.0,1.0,-999.9,-999.9,-999.9,-5997.4,0.0,0.0,0.0,0.0,0.0,0.0,0.0,0.0,0.0,0.0,0.0,-5997.4,9.6576739388629,80.98013269999998,0.0,,,,,,,,,,,,,,,,,0.0,0.0,122.484375,1.5344916611036858,0.0,0.0,4.286953125,5.3707208138629,9.6576739388629,521107,,,0.2489710530443921,Information
442920,8313.0,15243.38269,MMR,Myanmar,Shan,4.251678314,0.0,0.42,0.81,8313.0,8313.0,0.0,15.0,-9999.0,-9999.0,-9999.0,0.0,1.0,-999.9,-999.9,-999.9,-5997.4,0.0,0.0,0.0,0.0,0.0,0.0,0.0,0.0,0.0,0.0,0.0,-5997.4,1.0025404159438087,85.03356628,0.0,,,,,,,,,,,,,,,,,0.0,0.0,17.296875,0.1134713688410882,0.0,0.0,0.605390625,0.3971497909438087,1.0025404159438087,828821,,,0.003433019020346,Information
445100,8389.0,10663.00557,MMR,Myanmar,Kayin,4.19273623,4.012423556,0.42,0.81,8389.0,,,,,,,,,,,,,,,,,,,,,,,,,25.86628877064109,83.85472460000001,80.24847112,3.0,30.625,0.287,30.188,0.283,0.0,0.0,0.0,0.0,0.30188,0.283,0.0,0.0,0.0,0.0,0.58488,0.0,0.0,381.375,3.576618220183169,0.0,0.0,13.348125,12.518163770641092,25.86628877064109,1209090,35479.0,2.934355589741045,0.681291407179625,Watch
445300,8391.0,5223.767907,MMR,Myanmar,Mon,4.101034585,3.059691511,0.42,0.81,8391.0,,,,,,,,,,,,,,,,,,,,,,,,,41.55443257641072,82.0206917,61.19383022,3.0,10.125,0.194,10.125,0.194,0.562,0.011,0.0,0.0,0.10125,0.194,0.00843,0.0165,0.0,0.0,0.32018,0.0,0.0,407.390625,7.798788771831634,0.0,0.0,14.258671875,27.29576070141072,41.55443257641072,609263,28970.0,4.754925212921185,0.7989236043677281,Watch
445602,8412.0,2466.078834,MMR,Myanmar,Kayin,2.283899041,0.0,0.42,0.81,8412.0,8412.0,0.0,15.0,2.0,2.0,2.0,0.0,1.0,0.2,0.2,0.2,3.2,0.0,0.0,0.0,0.0,0.0,0.0,0.0,0.0,0.0,0.0,0.0,3.2,3.2,45.67798082,0.0,,,,,,,,,,,,,,,,,0.0,0.0,7.171875,0.2908209948752773,0.0,0.0,0.251015625,1.0178734820634705,1.2688891070634705,48994,,,0.002314492632133,Information
445605,8415.0,4364.109388,MMR,Myanmar,Bago,4.106886914,0.0,0.42,0.81,8415.0,8415.0,0.0,15.0,2.0,2.0,-9999.0,0.0,1.0,0.2,0.2,-999.9,-1997.0,0.0,0.0,0.0,0.0,0.0,0.0,0.0,0.0,0.0,0.0,0.0,-1997.0,6.350380131527365,82.13773828000001,0.0,,,,,,,,,,,,,,,,,0.0,0.0,55.125,1.2631443232935329,0.0,0.0,1.929375,4.421005131527365,6.350380131527365,432240,,,0.1505270559534964,Information
445700,8420.0,30011.96108,MMR,Myanmar,Yangon,4.042366839,3.171489174,0.42,0.81,8420.0,8420.0,0.0,15.0,7.0,3.0,3.0,0.0,1.0,0.7,0.3,0.3,4.6,0.0,0.0,0.0,0.0,0.0,0.0,0.0,0.0,0.0,0.0,0.0,4.6,53.626792201009934,80.84733677999999,63.42978348,3.0,46.625,0.155,42.188,0.141,0.188,0.001,0.0,0.0,0.42188,0.141,0.00282,0.0015,0.0,0.0,0.5672,0.0,0.0,1597.21875,5.321940628859982,0.0,0.0,35.0,18.626792201009938,53.626792201009934,11294357,158689.0,1.4050290777952212,0.848402740773665,Warning
445811,8421.0,17613.3134,MMR,Myanmar,Ayeyarwady,4.031402248,0.0,0.42,0.81,8421.0,8421.0,0.0,15.0,-9999.0,-9999.0,-9999.0,0.0,1.0,-999.9,-999.9,-999.9,-5997.4,0.0,0.0,0.0,0.0,0.0,0.0,0.0,0.0,0.0,0.0,0.0,-5997.4,41.43642938733977,80.62804496,0.0,3.0,14.938,0.085,11.938,0.068,1.062,0.006,0.0,0.0,0.11938,0.068,0.01593,0.009,0.0,0.0,0.21231,0.0,0.0,755.15625,4.2874173249542205,0.0,0.0,26.43046875,15.005960637339772,41.43642938733977,2594107,86602.0,3.338412794846165,0.7764725263858641,Watch
445815,8425.0,4039.263282,MMR,Myanmar,Magway,1.401812641,0.0,0.42,0.81,8425.0,8425.0,0.0,15.0,-9999.0,-9999.0,-9999.0,0.0,1.0,-999.9,-999.9,-999.9,-5997.4,0.0,0.0,0.0,0.0,0.0,0.0,0.0,0.0,0.0,0.0,0.0,-5997.4,6.928317152497248,28.03625282,0.0,,,,,,,,,,,,,,,,,0.0,0.0,56.953125,1.409987936427785,0.0,0.0,1.993359375,4.934957777497248,6.928317152497248,438156,,,0.0096277951570782,Information
445819,8429.0,5767.094301,MMR,Myanmar,Mandalay,2.429437756,0.0,0.42,0.81,8429.0,,,,,,,,,,,,,,,,,,,,,,,,,12.366326349640117,48.58875512,0.0,,1.875,0.033,1.75,0.03,1.188,0.021,0.688,0.012,0.0175,0.03,0.01782,0.0315,0.0171999999999999,0.03,0.1440199999999999,0.0,0.0,129.234375,2.240892349897176,0.0,0.0,4.523203125,7.843123224640115,12.366326349640117,848352,,,0.0770959807925561,Information
445821,8430.0,16699.49875,MMR,Myanmar,Sagaing,3.798480672,0.0,0.42,0.81,8430.0,8430.0,0.0,3.0,-9999.0,-9999.0,-9999.0,0.0,8.0,-999.9,-999.9,-999.9,-5983.4,0.0,0.0,0.0,0.0,0.0,0.0,0.0,0.0,0.0,0.0,0.0,-5983.4,9.529593937720984,75.96961344,0.0,,,,,,,,,,,,,,,,,0.0,0.0,170.296875,1.0197723750631382,0.0,0.0,5.960390625,3.569203312720984,9.529593937720984,1553550,,,0.177504534163816,Information
445823,8432.0,18664.48828,MMR,Myanmar,Sagaing,4.197692684,0.0,0.42,0.81,8432.0,8432.0,0.0,1.0,-9999.0,-9999.0,-9999.0,0.0,10.0,-999.9,-999.9,-999.9,-5980.4,0.0,0.0,0.0,0.0,0.0,0.0,0.0,0.0,0.0,0.0,0.0,-5980.4,4.731872332446748,83.95385368,0.0,,,,,,,,,,,,,,,,,0.0,0.0,88.03125,0.4716510235562136,0.0,0.0,3.08109375,1.6507785824467476,4.731872332446748,424349,,,0.1110150415877037,Information
445825,8434.0,3873.210574,MMR,Myanmar,Sagaing,4.171527947,0.0,0.42,0.81,8434.0,8434.0,0.0,1.0,-9999.0,-9999.0,-9999.0,0.0,10.0,-999.9,-999.9,-999.9,-5979.4,0.0,0.0,0.0,0.0,0.0,0.0,0.0,0.0,0.0,0.0,0.0,-5979.4,1.5161246208027848,83.43055894000001,0.0,,,,,,,,,,,,,,,,,0.0,0.0,12.09375,0.3122409630865099,0.0,0.0,0.42328125,1.0928433708027847,1.5161246208027848,117162,,,0.0083920680830131,Information
445827,8436.0,18588.57143,MMR,Myanmar,Sagaing,4.051619887,0.0,0.42,0.81,8436.0,8436.0,0.0,9.0,-9999.0,-9999.0,-9999.0,0.0,2.0,-999.9,-999.9,-999.9,-5995.4,0.0,0.0,0.0,0.0,0.0,0.0,0.0,0.0,0.0,0.0,0.0,-5995.4,1.1732990460081971,81.03239774000001,0.0,,,,,,,,,,,,,,,,,0.0,0.0,21.796875,0.1172595488594849,0.0,0.0,0.762890625,0.4104084210081972,1.1732990460081971,99847,,,0.0026936633269291,Information
445850,8449.0,17642.13979,MMR,Myanmar,Mandalay,4.025349967,0.0,0.42,0.81,8449.0,8449.0,0.0,12.0,-9999.0,-9999.0,-9999.0,0.0,1.0,-999.9,-999.9,-999.9,-5997.4,0.0,0.0,0.0,0.0,0.0,0.0,0.0,0.0,0.0,0.0,0.0,-5997.4,31.50235640601371,80.50699934000001,0.0,3.0,,,,,,,,,,,,,,,,0.0,0.0,574.453125,3.2561420088610604,0.0,0.0,20.105859375,11.39649703101371,31.50235640601371,2689472,108360.0,4.029043618970564,0.6843887527260807,Watch
445860,8450.0,22959.57832,MMR,Myanmar,Kachin,4.018186931,0.0,0.42,0.81,8450.0,8450.0,0.0,7.0,-9999.0,-9999.0,-9999.0,0.0,4.0,-999.9,-999.9,-999.9,-5994.4,0.0,0.0,0.0,0.0,0.0,0.0,0.0,0.0,0.0,0.0,0.0,-5994.4,4.861124648172666,80.36373861999999,0.0,,,,,,,,,,,,,,,,,0.0,0.0,96.75,0.4213927566207616,0.0,0.0,3.38625,1.4748746481726656,4.861124648172666,1873737,,,0.0813409714256271,Information
445871,8451.0,2092.500367,MMR,Myanmar,Sagaing,4.132394958,0.0,0.42,0.81,8451.0,8451.0,0.0,11.0,-9999.0,-9999.0,-9999.0,0.0,1.0,-999.9,-999.9,-999.9,-5997.4,0.0,0.0,0.0,0.0,0.0,0.0,0.0,0.0,0.0,0.0,0.0,-5997.4,19.02861870940268,82.64789916,0.0,,,,,,,,,,,,,,,,,0.0,0.0,94.078125,4.49596695268648,0.0,0.0,3.292734375,15.73588433440268,19.02861870940268,146390,,,0.5367425506007517,Advisory
445900,8462.0,16647.2484,MMR,Myanmar,Ayeyarwady,4.176981406,2.349515069,0.42,0.81,8462.0,8462.0,0.0,15.0,5.0,2.0,-9999.0,0.0,1.0,0.5,0.2,-999.9,-1996.4,0.0,0.0,0.0,0.0,0.0,0.0,0.0,0.0,0.0,0.0,0.0,-1996.4,45.1828802810746,83.53962812,46.990301380000005,3.0,,,,,,,,,,,,,,,,0.0,0.0,806.484375,4.844550616021313,0.0,0.0,28.226953125,16.955927156074594,45.1828802810746,2667556,67848.0,2.543451758838428,0.8436954481328521,Warning
451003,8464.0,2391.859607,MMR,Myanmar,Rakhine,4.473374019,4.375802247,0.42,0.81,8464.0,,,,,,,,,,,,,,,,,,,,,,,,,70.0,89.46748038000001,87.51604494,3.0,5.562,0.233,5.188,0.217,0.0,0.0,0.0,0.0,0.0518799999999999,0.217,0.0,0.0,0.0,0.0,0.26888,0.0,0.0,1123.03125,46.95222272187603,0.0,0.0,35.0,35.0,70.0,259079,58811.0,22.700025860837812,0.9708893310163792,Warning
451001,16159.0,23438.31173,MMR,Myanmar,Rakhine,4.273004008,4.310052071,0.42,0.81,16159.0,,,,,,,,,,,,,,,,,,,,,,,,,63.50861264253191,85.46008016,86.20104142000001,3.0,42.0,0.179,35.562,0.152,11.812,0.05,0.0,0.0,0.35562,0.152,0.17718,0.075,0.0,0.0,0.7598,0.0,0.0,1909.125,8.14531789786626,0.0,0.0,35.0,28.508612642531908,63.50861264253191,851124,50442.0,5.92651599531913,0.936567557472218,Warning
444038,8368.0,13195.3304,MYS,Malaysia,Kelantan,1.098236334,0.0,0.66,0.47,8368.0,8368.0,0.0,11.0,-9999.0,-9999.0,-9999.0,0.0,1.0,-999.9,-999.9,-999.9,-5997.4,0.0,0.0,0.0,0.0,0.0,0.0,0.0,0.0,0.0,0.0,0.0,-5997.4,0.3547273957802015,21.96472668,0.0,,,,,,,,,,,,,,,,,0.0,0.0,5.765625,0.043694434508629,0.0,0.0,0.201796875,0.1529305207802015,0.3547273957802015,975625,,,3.453634773181476e-08,Information
444040,8370.0,28931.04915,MYS,Malaysia,Pahang,2.432097492,0.04616068,0.66,0.47,8370.0,8370.0,0.0,11.0,-9999.0,-9999.0,-9999.0,0.0,1.0,-999.9,-999.9,-999.9,-5997.4,0.0,0.0,0.0,0.0,0.0,0.0,0.0,0.0,0.0,0.0,0.0,-5997.4,3.298312852775588,48.64194984,0.9232136,,,,,,,,,,,,,,,,,0.0,0.0,70.03125,0.2420626007930251,0.0,0.0,2.45109375,0.8472191027755879,3.298312852775588,1110810,,,0.0030217614294117,Information
444053,8373.0,626.0136571,MYS,Malaysia,Pahang,4.003444577,1.460886084,0.66,0.47,8373.0,,,,,,,,,,,,,,,,,,,,,,,,,5.513927827214502,80.06889154,29.21772168,,3.312,0.529,1.562,0.25,0.0,0.0,0.0,0.0,0.01562,0.25,0.0,0.0,0.0,0.0,0.26562,0.0,0.0,9.28125,1.4825954506327148,0.0,0.0,0.32484375,5.189084077214502,5.513927827214502,31354,,,0.0993953510740047,Information
444057,8376.0,11541.27528,MYS,Malaysia,Selangor,1.879654907,2.143366665,0.66,0.47,8376.0,,,,,,,,,,,,,,,,,,,,,,,,,8.809815185578778,37.59309814,42.8673333,,101.438,0.879,87.562,0.759,0.0,0.0,0.0,0.0,0.87562,0.759,0.0,0.0,0.0,0.0,1.63462,0.0,0.0,134.859375,1.168496303022508,0.0,0.0,4.720078125,4.089737060578778,8.809815185578778,11319029,,,0.0307759755123129,Information
444059,8378.0,161.5127903,MYS,Malaysia,Perak,0.613104929,4.007378208,0.66,0.47,8378.0,,,,,,,,,,,,,,,,,,,,,,,,,9.28973408236214,12.26209858,80.14756416,,0.188,0.116,0.188,0.116,0.0,0.0,0.0,0.0,0.00188,0.116,0.0,0.0,0.0,0.0,0.11788,0.0,0.0,4.21875,2.612022237817754,0.0,0.0,0.14765625,9.14207783236214,9.28973408236214,14543,,,0.223801638351117,Information
444072,8381.0,4272.325343,MYS,Malaysia,Kedah,2.309359874,0.0,0.66,0.47,8381.0,,,,,,,,,,,,,,,,,,,,,,,,,5.557477330043945,46.18719748,0.0,,14.312,0.335,9.062,0.212,1.312,0.031,0.562,0.013,0.0906199999999999,0.212,0.01968,0.0465,0.01405,0.0325,0.41535,0.0,0.0,47.53125,1.1125381657268412,0.0,0.0,1.66359375,3.893883580043944,5.557477330043945,541732,,,0.0115926589713483,Information
444073,8382.0,942.2655085,MYS,Malaysia,Kedah,3.488482278,0.009717346,0.66,0.47,8382.0,,,,,,,,,,,,,,,,,,,,,,,,,46.29078125,69.76964556,0.19434692,3.0,11.438,1.214,10.625,1.128,0.0,0.0,0.0,0.0,0.10625,1.128,0.0,0.0,0.0,0.0,1.2342499999999998,0.0,0.0,322.59375,34.235971398575515,0.0,0.0,11.29078125,35.0,46.29078125,598851,82166.0,13.720608298224432,0.6649811614356312,Watch
444074,8383.0,2889.99934,MYS,Malaysia,Kedah,3.563465455,0.0,0.66,0.47,8383.0,,,,,,,,,,,,,,,,,,,,,,,,,45.340859375,71.2693091,0.0,3.0,8.625,0.298,8.625,0.298,0.062,0.002,0.0,0.0,0.08625,0.298,0.0009299999999999,0.003,0.0,0.0,0.3881799999999999,0.0,0.0,295.453125,10.22329385821331,0.0,0.0,10.340859375,35.0,45.340859375,714750,64107.0,8.969150052465897,0.6758922606098208,Watch
521505,9840.0,6965.44271,MYS,Malaysia,Sarawak,3.688584723,3.415745362,0.66,0.47,9840.0,,,,,,,,,,,,,,,,,,,,,,,,,17.538456840080237,73.77169445999999,68.31490724,,40.75,0.585,40.75,0.585,0.062,0.001,0.0,0.0,0.4075,0.585,0.0009299999999999,0.0015,0.0,0.0,0.99493,0.0,0.0,205.734375,2.953643918594353,0.0,0.0,7.200703125,10.337753715080236,17.538456840080237,1249754,,,0.3436789455650237,Information
521508,9842.0,4159.503551,MYS,Malaysia,Sarawak,3.068185453,0.0,0.66,0.47,9842.0,,,,,,,,,,,,,,,,,,,,,,,,,6.768905831676561,61.36370906,0.0,,8.438,0.203,8.438,0.203,0.062,0.002,0.0,0.0,0.08438,0.203,0.0009299999999999,0.003,0.0,0.0,0.29131,0.0,0.0,56.8125,1.3658480947647318,0.0,0.0,1.9884375,4.780468331676561,6.768905831676561,79312,,,0.0407671233709925,Information
521509,9843.0,6908.701784,MYS,Malaysia,Sarawak,3.95388329,4.018590758,0.66,0.47,9843.0,,,,,,,,,,,,,,,,,,,,,,,,,36.3790489111273,79.07766579999999,80.37181516000001,3.0,4.188,0.061,4.188,0.061,0.25,0.004,0.0,0.0,0.04188,0.061,0.00375,0.006,0.0,0.0,0.11263,0.0,0.0,424.6875,6.147138974607799,0.0,0.0,14.8640625,21.514986411127296,36.3790489111273,234212,6946.0,2.9656892046521954,0.7313913747397771,Watch
521601,9844.0,1926.89395,MYS,Malaysia,Sarawak,3.60442215,2.364584597,0.66,0.47,9844.0,,,,,,,,,,,,,,,,,,,,,,,,,7.3420471114774,72.088443,47.29169194,,11.625,0.603,11.625,0.603,0.25,0.013,0.0,0.0,0.11625,0.603,0.00375,0.0195,0.0,0.0,0.7424999999999999,0.0,0.0,33.890625,1.7588214961363997,0.0,0.0,1.186171875,6.155875236477399,7.3420471114774,270215,,,0.0908689492274644,Information
521602,9845.0,3037.798551,MYS,Malaysia,Sarawak,3.044865835,0.0,0.66,0.47,9845.0,,,,,,,,,,,,,,,,,,,,,,,,,0.42638,60.8973167,0.0,,9.938,0.327,9.938,0.327,0.0,0.0,0.0,0.0,0.09938,0.327,0.0,0.0,0.0,0.0,0.42638,0.0,0.0,0.703125,0.0231458731781069,0.0,0.0,0.024609375,0.0810105561233741,0.1056199311233741,36641,,,3.1122671797594877e-06,Information
521607,9850.0,6632.858815,MYS,Malaysia,Sarawak,3.394089684,0.0,0.66,0.47,9850.0,9850.0,0.0,10.0,-9999.0,-9999.0,-9999.0,0.0,1.0,-999.9,-999.9,-999.9,-5997.4,0.0,0.0,0.0,0.0,0.0,0.0,0.0,0.0,0.0,0.0,0.0,-5997.4,2.5178328485191024,67.88179368,0.0,,18.938,0.286,15.375,0.232,0.0,0.0,0.0,0.0,0.15375,0.232,0.0,0.0,0.0,0.0,0.38575,0.0,0.0,28.6875,0.4325058138626007,0.0,0.0,1.0040625,1.5137703485191023,2.5178328485191024,46044,,,0.0054478771420732,Information
521710,9853.0,27286.23795,MYS,Malaysia,Sarawak,3.090186242,2.446794733,0.66,0.47,9853.0,,,,,,,,,,,,,,,,,,,,,,,,,7.250271090932994,61.80372484,48.93589466,,105.062,0.385,105.062,0.385,0.375,0.001,0.0,0.0,1.05062,0.385,0.005625,0.0015,0.0,0.0,1.442745,0.0,0.0,151.59375,0.5555685259808556,0.0,0.0,5.30578125,1.9444898409329947,7.250271090932994,781230,,,0.0482865566384271,Information
521720,9854.0,22421.83185,MYS,Malaysia,Sarawak,3.976323192,0.615862776,0.66,0.47,9854.0,,,,,,,,,,,,,,,,,,,,,,,,,2.241855370398187,79.52646384,12.31725552,,23.0,0.103,22.938,0.102,0.0,0.0,0.0,0.0,0.22938,0.102,0.0,0.0,0.0,0.0,0.33138,0.0,0.0,44.296875,0.1975613558280535,0.0,0.0,1.550390625,0.6914647453981873,2.241855370398187,75101,,,0.0134892302113258,Information
521740,9862.0,16127.24619,MYS,Malaysia,Sabah,3.660400444,3.878020055,0.66,0.47,9862.0,9862.0,0.0,1.0,-9999.0,-9999.0,-9999.0,0.0,10.0,-999.9,-999.9,-999.9,-5979.4,0.0,0.0,0.0,0.0,0.0,0.0,0.0,0.0,0.0,0.0,0.0,-5979.4,2.3283424331674096,73.20800888,77.56040109999999,,,,,,,,,,,,,,,,,0.0,0.0,41.0625,0.2546156951906884,0.0,0.0,1.4371875,0.8911549331674093,2.3283424331674096,246513,,,0.0117357796400921,Information
444055,16154.0,12591.29846,MYS,Malaysia,Johor,1.12494536,1.376487207,0.66,0.47,16154.0,,,,,,,,,,,,,,,,,,,,,,,,,10.47335787579942,22.4989072,27.52974414,,7.875,0.063,7.875,0.063,0.0,0.0,0.0,0.0,0.07875,0.063,0.0,0.0,0.0,0.0,0.14175,0.0,0.0,166.78125,1.3245754645141197,0.0,0.0,5.83734375,4.636014125799419,10.47335787579942,7914546,,,0.0265355753629577,Information
444071,16155.0,6017.886231,MYS,Malaysia,Perak,3.029697509,2.00250537,0.66,0.47,16155.0,,,,,,,,,,,,,,,,,,,,,,,,,26.33224388781987,60.59395018,40.0501074,,31.438,0.522,26.875,0.447,1.062,0.018,0.938,0.016,0.26875,0.447,0.01593,0.0269999999999999,0.02345,0.04,0.82213,0.0,0.0,282.65625,4.69693575366282,0.0,0.0,9.89296875,16.43927513781987,26.33224388781987,3017802,,,0.3434280755932996,Information
521506,16178.0,2992.198715,MYS,Malaysia,Sarawak,1.745977194,3.526245784,0.66,0.47,16178.0,,,,,,,,,,,,,,,,,,,,,,,,,2.49387,34.91954388,70.52491567999999,,45.812,1.531,45.812,1.531,7.75,0.259,0.0,0.0,0.4581199999999999,1.531,0.11625,0.3885,0.0,0.0,2.49387,0.0,0.0,15.46875,0.5169693417375048,0.0,0.0,0.54140625,1.8093926960812667,2.350798946081267,103878,,,0.0067611390297403,Information
521735,16179.0,12299.72451,MYS,Malaysia,Sabah,4.046314117,1.6344437,0.66,0.47,16179.0,,,,,,,,,,,,,,,,,,,,,,,,,41.85116348436942,80.92628234,32.688874,3.0,28.188,0.229,17.0,0.138,8.062,0.066,0.375,0.003,0.17,0.138,0.12093,0.099,0.009375,0.0075,0.544805,0.0,0.0,659.53125,5.362162781248408,0.0,0.0,23.08359375,18.767569734369427,41.85116348436942,1762027,21689.0,1.230911898625844,0.7840100834602581,Watch
521753,16181.0,10042.91937,MYS,Malaysia,Sabah,4.011067994,2.648833908,0.66,0.47,16181.0,,,,,,,,,,,,,,,,,,,,,,,,,16.61021258781149,80.22135988000001,52.97667816,,5.5,0.055,5.5,0.055,0.125,0.001,0.0,0.0,0.055,0.055,0.001875,0.0015,0.0,0.0,0.113375,0.0,0.0,237.796875,2.3678062750889963,0.0,0.0,8.322890625,8.287321962811488,16.61021258781149,1050324,,,0.4307029263572256,Advisory
451007,8467.0,3656.930721,IND,India,Tripura,4.25225219,3.230790489,0.49,0.71,8467.0,,,,,,,,,,,,,,,,,,,,,,,,,13.179110789843143,85.0450438,64.61580977999999,,16.0,0.438,8.5,0.232,1.125,0.031,0.0,0.0,0.085,0.232,0.016875,0.0465,0.0,0.0,0.380375,0.0,0.0,100.828125,2.7571789756694693,0.0,0.0,3.528984375,9.650126414843143,13.179110789843143,3327448,,,0.44970381089375,Advisory
452414,8485.0,1580.616528,IND,India,Jharkhand,3.834146809,0.0,0.49,0.71,8485.0,,,,,,,,,,,,,,,,,,,,,,,,,4.651847318811729,76.68293618,0.0,,2.188,0.138,2.188,0.138,0.062,0.004,0.0,0.0,0.02188,0.138,0.0009299999999999,0.006,0.0,0.0,0.16681,0.0,0.0,18.140625,1.1476929839462082,0.0,0.0,0.634921875,4.016925443811729,4.651847318811729,1171050,,,0.0534895624422572,Information
452415,8486.0,672.3691031,IND,India,Jharkhand,4.002761955,0.0,0.49,0.71,8486.0,8486.0,0.0,1.0,-9999.0,-9999.0,-9999.0,0.0,10.0,-999.9,-999.9,-999.9,-5979.4,0.0,0.0,0.0,0.0,0.0,0.0,0.0,0.0,0.0,0.0,0.0,-5979.4,30.155808239690263,80.05523910000001,0.0,3.0,13.812,2.054,6.438,0.957,1.125,0.167,0.375,0.056,0.0643799999999999,0.957,0.016875,0.2505,0.009375,0.14,1.4381299999999997,0.0,0.0,54.28125,8.073132711340076,0.0,0.0,1.89984375,28.255964489690264,30.155808239690263,478906,34621.0,7.229184850471699,0.6603472607002586,Watch
452416,8487.0,13516.72585,IND,India,Bihar,4.001572295,0.0,0.49,0.71,8487.0,8487.0,0.0,6.0,-9999.0,-9999.0,-9999.0,0.0,5.0,-999.9,-999.9,-999.9,-5989.4,0.0,0.0,0.0,0.0,0.0,0.0,0.0,0.0,0.0,0.0,0.0,-5989.4,4.153150501585456,80.0314459,0.0,,,,,,,,,,,,,,,,,0.0,0.0,68.203125,0.5045831790244159,0.0,0.0,2.387109375,1.7660411265854554,4.153150501585456,13353731,,,0.0581736509660284,Information
452417,8488.0,924.5362094,IND,India,Jharkhand,3.515531914,0.0,0.49,0.71,8488.0,,,,,,,,,,,,,,,,,,,,,,,,,20.70425754531741,70.31063827999999,0.0,,7.625,0.825,4.25,0.46,0.25,0.027,0.0,0.0,0.0425,0.46,0.00375,0.0405,0.0,0.0,0.5467500000000001,0.0,0.0,50.0625,5.414877155804976,0.0,0.0,1.7521875,18.952070045317416,20.70425754531741,1031068,,,0.359255532707425,Advisory
452419,8490.0,841.5078975,IND,India,Bihar,2.812288198,0.0,0.49,0.71,8490.0,,,,,,,,,,,,,,,,,,,,,,,,,19.276831791697035,56.245763960000005,0.0,,5.438,0.646,3.938,0.468,0.0,0.0,0.0,0.0,0.03938,0.468,0.0,0.0,0.0,0.0,0.50738,0.0,0.0,42.75,5.080166226199153,0.0,0.0,1.49625,17.780581791697035,19.276831791697035,1068324,,,0.2061979992170066,Information
452421,8492.0,8696.777115,IND,India,Bihar,3.028199343,0.0,0.49,0.71,8492.0,,,,,,,,,,,,,,,,,,,,,,,,,7.301096379299607,60.56398686,0.0,,6.625,0.076,6.0,0.069,0.0,0.0,0.0,0.0,0.06,0.069,0.0,0.0,0.0,0.0,0.129,0.0,0.0,97.03125,1.1157150369427449,0.0,0.0,3.39609375,3.905002629299607,7.301096379299607,12869182,,,0.0458348632778825,Information
452422,8493.0,9916.994812,IND,India,Bihar,4.010710864,0.0,0.49,0.71,8493.0,8493.0,0.0,12.0,-9999.0,-9999.0,-9999.0,0.0,1.0,-999.9,-999.9,-999.9,-5997.4,0.0,0.0,0.0,0.0,0.0,0.0,0.0,0.0,0.0,0.0,0.0,-5997.4,0.6721763324069587,80.21421728,0.0,,12.938,0.13,11.75,0.118,0.125,0.001,0.0,0.0,0.1175,0.118,0.001875,0.0015,0.0,0.0,0.2388749999999999,0.0,0.0,9.5625,0.0964253806877025,0.0,0.0,0.3346875,0.3374888324069587,0.6721763324069587,17990338,,,0.0003595412013152,Information
452423,8494.0,13.94120484,IND,India,Bihar,4.187913006,0.0,0.49,0.71,8494.0,,,,,,,,,,,,,,,,,,,,,,,,,24.74761485421483,83.75826011999999,0.0,3.0,0.625,4.483,0.625,4.483,0.0,0.0,0.0,0.0,0.00625,4.483,0.0,0.0,0.0,0.0,4.489249999999999,0.0,0.0,0.984375,7.060903351204238,0.0,0.0,0.034453125,24.713161729214832,24.74761485421483,18791,650.0,3.4591027619605126,0.6631752706330846,Watch
452424,8495.0,6471.593464,IND,India,Bihar,3.716847084,0.0,0.49,0.71,8495.0,,,,,,,,,,,,,,,,,,,,,,,,,1.4406311708174613,74.33694168,0.0,,11.25,0.174,5.688,0.088,0.0,0.0,0.0,0.0,0.05688,0.088,0.0,0.0,0.0,0.0,0.14488,0.0,0.0,16.171875,0.2498901559478461,0.0,0.0,0.566015625,0.8746155458174614,1.4406311708174613,8918903,,,0.0019885574473101,Information
452431,8501.0,8792.019098,IND,India,Bihar,3.135075711,0.0,0.49,0.71,8501.0,,,,,,,,,,,,,,,,,,,,,,,,,12.255790470962165,62.70151421999999,0.0,,15.438,0.176,12.562,0.143,0.125,0.001,0.0,0.0,0.1256199999999999,0.143,0.001875,0.0015,0.0,0.0,0.271995,0.0,0.0,163.828125,1.863373170274904,0.0,0.0,5.733984375,6.521806095962163,12.255790470962165,8356109,,,0.1328640472725991,Information
452432,8502.0,13013.76292,IND,India,Bihar,4.018370365,0.0,0.49,0.71,8502.0,,,,,,,,,,,,,,,,,,,,,,,,,1.8887525242835908,80.3674073,0.0,,30.062,0.231,22.438,0.172,0.062,0.0,0.0,0.0,0.22438,0.172,0.0009299999999999,0.0,0.0,0.0,0.3973099999999999,0.0,0.0,30.515625,0.2344873283667402,0.0,0.0,1.068046875,0.8207056492835907,1.8887525242835908,21237950,,,0.0096090155658179,Information
452433,8503.0,212.8026529,IND,India,Bihar,3.93198129,0.0,0.49,0.71,8503.0,,,,,,,,,,,,,,,,,,,,,,,,,36.176328125,78.6396258,0.0,3.0,1.875,0.881,1.438,0.676,0.062,0.029,0.0,0.0,0.0143799999999999,0.676,0.0009299999999999,0.0435,0.0,0.0,0.73481,0.0,0.0,33.609375,15.793682338139469,0.0,0.0,1.176328125,35.0,36.176328125,406515,43299.0,10.651267480904764,0.7008571815012469,Watch
452435,8505.0,13080.67961,IND,India,Bihar,3.891382554,0.0,0.49,0.71,8505.0,8505.0,0.0,1.0,-9999.0,-9999.0,-9999.0,0.0,10.0,-999.9,-999.9,-999.9,-5979.4,0.0,0.0,0.0,0.0,0.0,0.0,0.0,0.0,0.0,0.0,0.0,-5979.4,10.395443305287907,77.82765108000001,0.0,,46.5,0.355,13.0,0.099,0.688,0.005,0.312,0.002,0.13,0.099,0.01032,0.0075,0.0078,0.005,0.25962,0.0,0.0,168.328125,1.2868454086536882,0.0,0.0,5.891484375,4.503958930287909,10.395443305287907,19031742,,,0.2243816503033192,Information
452438,8508.0,68589.96014,IND,India,Chhattisgarh,2.456925861,0.0,0.49,0.71,8508.0,8508.0,0.0,15.0,-9999.0,-9999.0,-9999.0,0.0,1.0,-999.9,-999.9,-999.9,-5997.4,0.0,0.0,0.0,0.0,0.0,0.0,0.0,0.0,0.0,0.0,0.0,-5997.4,17.324404255278285,49.13851722,0.0,,311.938,0.455,114.812,0.167,0.312,0.0,0.125,0.0,1.14812,0.167,0.00468,0.0,0.003125,0.0,1.322925,0.0,0.0,432.0,0.6298297872223672,0.0,0.0,15.12,2.204404255278285,17.324404255278285,18141596,,,0.1407424211906034,Information
452443,8512.0,24871.74878,IND,India,Uttar Pradesh,3.088163655,0.0,0.49,0.71,8512.0,8512.0,0.0,15.0,-9999.0,-9999.0,-9999.0,0.0,1.0,-999.9,-999.9,-999.9,-5992.9,0.0,0.0,0.0,0.0,0.0,0.0,0.0,0.0,0.0,0.0,0.0,-5992.9,8.060107375929359,61.76327309999999,0.0,,,,,,,,,,,,,,,,,0.0,0.0,164.25,0.6603878216941023,0.0,0.0,5.74875,2.311357375929358,8.060107375929359,21231520,,,0.0597507227245681,Information
452451,8519.0,2672.965606,IND,India,Bihar,3.501824934,0.0,0.49,0.71,8519.0,,,,,,,,,,,,,,,,,,,,,,,,,8.237400291923937,70.03649868,0.0,,3.75,0.14,3.062,0.115,0.0,0.0,0.0,0.0,0.0306199999999999,0.115,0.0,0.0,0.0,0.0,0.14562,0.0,0.0,49.640625,1.857136690549696,0.0,0.0,1.737421875,6.499978416923936,8.237400291923937,3176252,,,0.098300663280083,Information
452453,8521.0,1501.534425,IND,India,Bihar,4.003798512,0.0,0.49,0.71,8521.0,,,,,,,,,,,,,,,,,,,,,,,,,3.016067500120948,80.07597024,0.0,,2.438,0.162,1.375,0.092,0.0,0.0,0.0,0.0,0.01375,0.092,0.0,0.0,0.0,0.0,0.10575,0.0,0.0,11.25,0.749233571463128,0.0,0.0,0.39375,2.622317500120948,3.016067500120948,2331257,,,0.0295148078750633,Information
452457,8525.0,7456.956603,IND,India,Uttar Pradesh,2.82435912,0.0,0.49,0.71,8525.0,8525.0,0.0,1.0,-9999.0,-9999.0,-9999.0,0.0,10.0,-999.9,-999.9,-999.9,-5979.4,0.0,0.0,0.0,0.0,0.0,0.0,0.0,0.0,0.0,0.0,0.0,-5979.4,9.459771660884002,56.4871824,0.0,,8.375,0.112,5.5,0.074,0.0,0.0,0.0,0.0,0.055,0.074,0.0,0.0,0.0,0.0,0.129,0.0,0.0,115.453125,1.548260653109715,0.0,0.0,4.040859375,5.418912285884002,9.459771660884002,11320567,,,0.0635040224087429,Information
452458,8526.0,17413.84658,IND,India,Madhya Pradesh,2.118162567,0.0,0.49,0.71,8526.0,,,,,,,,,,,,,,,,,,,,,,,,,3.416995707947007,42.363251340000005,0.0,,190.375,1.093,34.5,0.198,0.0,0.0,0.0,0.0,0.345,0.198,0.0,0.0,0.0,0.0,0.5429999999999999,0.0,0.0,62.015625,0.3561282379848592,0.0,0.0,2.170546875,1.2464488329470071,3.416995707947007,8036454,,,0.0023610912511842,Information
452464,8531.0,25018.15398,IND,India,Uttar Pradesh,3.151322451,0.0,0.49,0.71,8531.0,8531.0,0.0,15.0,-9999.0,-9999.0,-9999.0,0.0,1.0,-999.9,-999.9,-999.9,-5997.4,0.0,0.0,0.0,0.0,0.0,0.0,0.0,0.0,0.0,0.0,0.0,-5997.4,6.5034014125497,63.02644902,0.0,,,,,,,,,,,,,,,,,0.0,0.0,132.75,0.5306146892999141,0.0,0.0,4.64625,1.8571514125496995,6.5034014125497,20448012,,,0.0411162019030269,Information
452467,8534.0,21329.17109,IND,India,Uttar Pradesh,3.018294616,0.0,0.49,0.71,8534.0,8534.0,0.0,1.0,-9999.0,-9999.0,-9999.0,0.0,10.0,-999.9,-999.9,-999.9,-5979.4,0.0,0.0,0.0,0.0,0.0,0.0,0.0,0.0,0.0,0.0,0.0,-5979.4,7.583697378608457,60.36589232,0.0,,,,,,,,,,,,,,,,,0.0,0.0,147.515625,0.6916144296024165,0.0,0.0,5.163046875,2.420650503608458,7.583697378608457,17549368,,,0.0490953399815431,Information
452471,8537.0,12388.68489,IND,India,Uttar Pradesh,2.016839095,0.0,0.49,0.71,8537.0,,,,,,,,,,,,,,,,,,,,,,,,,6.493170653910911,40.3367819,0.0,,46.812,0.378,9.438,0.076,0.0,0.0,0.0,0.0,0.09438,0.076,0.0,0.0,0.0,0.0,0.17038,0.0,0.0,102.65625,0.8286291154031176,0.0,0.0,3.59296875,2.9002019039109115,6.493170653910911,7148205,,,0.0132786175673552,Information
452472,8538.0,28729.35653,IND,India,Madhya Pradesh,2.044925148,0.0,0.49,0.71,8538.0,,,,,,,,,,,,,,,,,,,,,,,,,4.870135249247369,40.89850296,0.0,,420.25,1.463,125.125,0.436,4.062,0.014,11.625,0.04,1.25125,0.436,0.06093,0.021,0.290625,0.1,2.159805,0.0,0.0,103.21875,0.3592797140706769,0.0,0.0,3.61265625,1.2574789992473692,4.870135249247369,6875026,,,0.0062777484296275,Information
452474,8540.0,44283.54479,IND,India,Uttar Pradesh,2.393284951,0.0,0.49,0.71,8540.0,,,,,,,,,,,,,,,,,,,,,,,,,16.295998879137507,47.86569902,0.0,,488.938,1.104,134.688,0.304,4.562,0.01,6.438,0.015,1.34688,0.304,0.06843,0.015,0.1609499999999999,0.0375,1.93276,0.0,0.0,379.828125,0.8577184297535728,0.0,0.0,13.293984375,3.002014504137505,16.295998879137507,14752687,,,0.1224343306195356,Information
452478,8544.0,27842.44714,IND,India,Madhya Pradesh,1.769449516,0.0,0.49,0.71,8544.0,,,,,,,,,,,,,,,,,,,,,,,,,4.194400821803896,35.38899032,0.0,,63.125,0.227,20.688,0.074,0.375,0.001,0.562,0.002,0.2068799999999999,0.074,0.005625,0.0015,0.01405,0.005,0.3070549999999999,0.0,0.0,88.171875,0.316681484801113,0.0,0.0,3.086015625,1.1083851968038956,4.194400821803896,10061721,,,0.0031224804567417,Information
452480,8546.0,6157.601128,IND,India,Rajasthan,0.901253246,0.0,0.49,0.71,8546.0,,,,,,,,,,,,,,,,,,,,,,,,,19.20467128599089,18.02506492,0.0,,61.5,0.999,61.5,0.999,65.5,1.064,65.125,1.058,0.615,0.999,0.9825,1.596,1.628125,2.645,8.465625,0.0,0.0,209.109375,3.395955188854542,0.0,0.0,7.318828125,11.885843160990897,19.20467128599089,2166359,,,0.0733537395912389,Information
452482,8548.0,47633.75775,IND,India,Rajasthan,1.442512441,0.0,0.49,0.71,8548.0,,,,,,,,,,,,,,,,,,,,,,,,,23.51093045603797,28.85024882,0.0,,31.438,0.066,31.438,0.066,25.938,0.054,25.062,0.053,0.31438,0.066,0.3890699999999999,0.081,0.62655,0.1325,1.6095,0.0,0.0,555.1875,1.1655337017251348,0.0,0.0,19.4315625,4.079367956037972,23.51093045603797,18341908,,,0.134077500064746,Information
452484,8550.0,15392.73187,IND,India,Madhya Pradesh,1.874532501,0.0,0.49,0.71,8550.0,,,,,,,,,,,,,,,,,,,,,,,,,3.653733070748769,37.49065002,0.0,,59.75,0.388,17.875,0.116,0.375,0.002,0.312,0.002,0.17875,0.116,0.005625,0.003,0.0078,0.005,0.316175,0.0,0.0,63.28125,0.4111112344996482,0.0,0.0,2.21484375,1.4388893207487687,3.653733070748769,3785697,,,0.0022587421955194,Information
452488,8554.0,25067.99252,IND,India,Madhya Pradesh,2.43820919,0.0,0.49,0.71,8554.0,,,,,,,,,,,,,,,,,,,,,,,,,28.32606294990884,48.7641838,0.0,,169.062,0.674,61.688,0.246,2.688,0.011,2.562,0.01,0.61688,0.246,0.04032,0.0165,0.06405,0.025,1.0087499999999998,0.0,0.0,578.53125,2.307848342831096,0.0,0.0,20.24859375,8.077469199908835,28.32606294990884,6711834,,,0.276705532931138,Information
452497,8562.0,973.7568371,IND,India,NCT of Delhi,3.035832139,0.0,0.49,0.71,8562.0,,,,,,,,,,,,,,,,,,,,,,,,,1.1093418269361883,60.71664278,0.0,,7.125,0.732,5.5,0.565,0.0,0.0,0.0,0.0,0.055,0.565,0.0,0.0,0.0,0.0,0.62,0.0,0.0,2.8125,0.2888298076960539,0.0,0.0,0.0984375,1.0109043269361886,1.1093418269361883,12846879,,,0.0001805222853683,Information
452499,8564.0,18325.84676,IND,India,Uttarakhand,3.370719474,0.0,0.49,0.71,8564.0,8564.0,0.0,1.0,-9999.0,-9999.0,-9999.0,0.0,10.0,-999.9,-999.9,-999.9,-5979.4,0.0,0.0,0.0,0.0,0.0,0.0,0.0,0.0,0.0,0.0,0.0,-5979.4,12.788427445811536,67.41438948,0.0,,,,,,,,,,,,,,,,,0.0,0.0,236.390625,1.28993016308901,0.0,0.0,8.273671875,4.514755570811535,12.788427445811536,9282892,,,0.1748090936690507,Information
452592,8582.0,1268.292686,IND,India,Assam,0.374105539,0.0,0.49,0.71,8582.0,8582.0,0.0,9.0,-9999.0,-9999.0,-9999.0,0.0,2.0,-999.9,-999.9,-999.9,-5995.4,0.0,0.0,0.0,0.0,0.0,0.0,0.0,0.0,0.0,0.0,0.0,-5995.4,26.98077217944672,7.482110779999999,0.0,,,,,,,,,,,,,,,,,0.0,0.0,86.765625,6.841135801270491,0.0,0.0,3.036796875,23.94397530444672,26.98077217944672,1156417,,,0.1089227111480997,Information
452700,8599.0,22755.46596,IND,India,Assam,4.014850268,0.0,0.49,0.71,8599.0,8599.0,0.0,8.0,-9999.0,-9999.0,-9999.0,0.0,3.0,-999.9,-999.9,-999.9,-5993.4,0.0,0.0,0.0,0.0,0.0,0.0,0.0,0.0,0.0,0.0,0.0,-5993.4,17.379055770988973,80.29700536,0.0,,,,,,,,,,,,,,,,,0.0,0.0,344.953125,1.5159132559968496,0.0,0.0,12.073359375,5.305696395988973,17.379055770988973,5790306,,,0.4500619442151434,Advisory
452801,8600.0,1685.003977,IND,India,Arunachal Pradesh,4.066276939,0.0,0.49,0.71,8600.0,8600.0,0.0,7.0,2.0,2.0,2.0,0.0,4.0,0.2,0.2,0.2,9.2,0.0,0.0,0.0,0.0,0.0,0.0,0.0,0.0,0.0,0.0,0.0,9.2,26.964079905883537,81.32553877999999,0.0,3.0,,,,,,,,,,,,,,,,0.0,0.0,111.09375,6.593085330252439,0.0,0.0,3.88828125,23.07579865588354,26.964079905883537,11880,1532.0,12.895622895622896,0.6433205437158713,Watch
453118,8650.0,3412.057157,IND,India,West Bengal,4.054592487,4.052339939,0.49,0.71,8650.0,,,,,,,,,,,,,,,,,,,,,,,,,33.70216716801964,81.09184974,81.04679878,3.0,6.688,0.196,6.25,0.183,0.25,0.007,0.0,0.0,0.0625,0.183,0.00375,0.0105,0.0,0.0,0.25975,0.0,0.0,244.96875,7.179503119434185,0.0,0.0,8.57390625,25.128260918019645,33.70216716801964,4242520,256156.0,6.037826574771598,0.718357503669066,Watch
453120,8651.0,29851.30823,IND,India,West Bengal,3.396769732,4.000045786,0.49,0.71,8651.0,8651.0,0.0,15.0,-9999.0,-9999.0,-9999.0,0.0,1.0,-999.9,-999.9,-999.9,-5997.4,0.0,0.0,0.0,0.0,0.0,0.0,0.0,0.0,0.0,0.0,0.0,-5997.4,31.795482220252826,67.93539464,80.00091572000001,3.0,,,,,,,,,,,,,,,,0.0,0.0,680.484375,2.279579741500806,0.0,0.0,23.816953125,7.978529095252822,31.795482220252826,41380296,922619.0,2.229609474035662,0.6785463392201779,Watch
453141,8653.0,141.9170501,IND,India,West Bengal,4.087009966,4.085637147,0.49,0.71,8653.0,,,,,,,,,,,,,,,,,,,,,,,,,35.644765625,81.74019932,81.71274294,3.0,0.875,0.617,0.875,0.617,0.0,0.0,0.0,0.0,0.00875,0.617,0.0,0.0,0.0,0.0,0.62575,0.0,0.0,18.421875,12.980734163639834,0.0,0.0,0.644765625,35.0,35.644765625,197027,24096.0,12.229795916295737,0.7482204764827531,Watch
453150,8662.0,6232.389855,IND,India,West Bengal,4.026871846,4.030288391,0.49,0.71,8662.0,,,,,,,,,,,,,,,,,,,,,,,,,65.2596875,80.53743691999999,80.60576782,3.0,8.875,0.142,8.875,0.142,0.0,0.0,0.0,0.0,0.08875,0.142,0.0,0.0,0.0,0.0,0.2307499999999999,0.0,0.0,864.5625,13.872086313271858,0.0,0.0,30.2596875,35.0,65.2596875,7206801,848351.0,11.771533583347175,0.8875113058419852,Warning
453183,8667.0,9771.986947,IND,India,Odisha,4.016126287,2.802671787,0.49,0.71,8667.0,8667.0,0.0,1.0,-9999.0,-9999.0,-9999.0,0.0,10.0,-999.9,-999.9,-999.9,-5979.4,0.0,0.0,0.0,0.0,0.0,0.0,0.0,0.0,0.0,0.0,0.0,-5979.4,11.492217201599152,80.32252573999999,56.05343574,,18.062,0.185,9.188,0.094,0.0,0.0,0.0,0.0,0.09188,0.094,0.0,0.0,0.0,0.0,0.18588,0.0,0.0,162.28125,1.6606781290283292,0.0,0.0,5.67984375,5.812373451599152,11.492217201599152,4378634,,,0.2953560118660648,Information
453186,8670.0,6939.700572,IND,India,Jharkhand,0.951703592,0.0,0.49,0.71,8670.0,,,,,,,,,,,,,,,,,,,,,,,,,2.066445823745952,19.03407184,0.0,,16.562,0.239,16.562,0.239,0.0,0.0,0.0,0.0,0.16562,0.239,0.0,0.0,0.0,0.0,0.40462,0.0,0.0,24.1875,0.3485380924988433,0.0,0.0,0.8465625,1.2198833237459517,2.066445823745952,1612791,,,0.0001221328591467,Information
453188,8672.0,2544.854531,IND,India,Jharkhand,1.024613948,0.0,0.49,0.71,8672.0,,,,,,,,,,,,,,,,,,,,,,,,,4.18375,20.49227896,0.0,,100.0,3.929,84.875,3.335,0.0,0.0,0.0,0.0,0.84875,3.335,0.0,0.0,0.0,0.0,4.18375,0.0,0.0,1.40625,0.0552585612536411,0.0,0.0,0.04921875,0.1934049643877438,0.2426237143877438,598270,,,0.0016166209471262,Information
453210,8675.0,17332.60537,IND,India,Odisha,3.249453841,2.780264327,0.49,0.71,8675.0,8675.0,0.0,1.0,-9999.0,-9999.0,-9999.0,0.0,10.0,-999.9,-999.9,-999.9,-5979.4,0.0,0.0,0.0,0.0,0.0,0.0,0.0,0.0,0.0,0.0,0.0,-5979.4,7.963337504183366,64.98907682,55.60528654,,19.438,0.112,9.25,0.053,0.0,0.0,0.0,0.0,0.0925,0.053,0.0,0.0,0.0,0.0,0.1455,0.0,0.0,144.28125,0.8324267869095332,0.0,0.0,5.04984375,2.9134937541833663,7.963337504183366,5845685,,,0.0693283513212893,Information
453220,8676.0,23065.75101,IND,India,Odisha,2.118066176,0.0,0.49,0.71,8676.0,8676.0,0.0,1.0,-9999.0,-9999.0,-9999.0,0.0,10.0,-999.9,-999.9,-999.9,-5979.4,0.0,0.0,0.0,0.0,0.0,0.0,0.0,0.0,0.0,0.0,0.0,-5979.4,2.250774853326943,42.36132352,0.0,,,,,,,,,,,,,,,,,0.0,0.0,44.859375,0.1944847795219837,0.0,0.0,1.570078125,0.680696728326943,2.250774853326943,5175959,,,0.0005915586421854,Information
453230,8677.0,10046.31349,IND,India,Odisha,3.078415832,0.0,0.49,0.71,8677.0,8677.0,0.0,1.0,-9999.0,-9999.0,-9999.0,0.0,10.0,-999.9,-999.9,-999.9,-5979.4,0.0,0.0,0.0,0.0,0.0,0.0,0.0,0.0,0.0,0.0,0.0,-5979.4,2.838286386743057,61.568316640000006,0.0,,,,,,,,,,,,,,,,,0.0,0.0,40.640625,0.4045327176408735,0.0,0.0,1.422421875,1.4158645117430573,2.838286386743057,2973751,,,0.0045845810159897,Information
453250,8679.0,13723.3593,IND,India,Chhattisgarh,2.043312785,0.0,0.49,0.71,8679.0,8679.0,0.0,1.0,-9999.0,-9999.0,-9999.0,0.0,10.0,-999.9,-999.9,-999.9,-5979.4,0.0,0.0,0.0,0.0,0.0,0.0,0.0,0.0,0.0,0.0,0.0,-5979.4,9.699541011034803,40.8662557,0.0,,44.562,0.325,14.438,0.105,0.75,0.005,0.0,0.0,0.14438,0.105,0.01125,0.0075,0.0,0.0,0.26813,0.0,0.0,160.3125,1.1681724317242297,0.0,0.0,5.6109375,4.088603511034804,9.699541011034803,3443334,,,0.0353247986807784,Information
453260,8680.0,10009.00165,IND,India,Chhattisgarh,2.073001795,0.0,0.49,0.71,8680.0,8680.0,0.0,1.0,-9999.0,-9999.0,-9999.0,0.0,10.0,-999.9,-999.9,-999.9,-5979.4,0.0,0.0,0.0,0.0,0.0,0.0,0.0,0.0,0.0,0.0,0.0,-5979.4,6.080701913507892,41.4600359,0.0,,,,,,,,,,,,,,,,,0.0,0.0,86.90625,0.8682809038593977,0.0,0.0,3.04171875,3.038983163507892,6.080701913507892,2111625,,,0.0117689399346493,Information
453280,8682.0,13283.01991,IND,India,Chhattisgarh,2.930929698,0.0,0.49,0.71,8682.0,8682.0,0.0,1.0,-9999.0,-9999.0,-9999.0,0.0,10.0,-999.9,-999.9,-999.9,-5979.4,0.0,0.0,0.0,0.0,0.0,0.0,0.0,0.0,0.0,0.0,0.0,-5979.4,8.282173016602497,58.61859396,0.0,,19.375,0.146,17.188,0.129,1.312,0.01,2.562,0.019,0.1718799999999999,0.129,0.01968,0.015,0.06405,0.0475,0.4471099999999999,0.0,0.0,135.0,1.0163351476007136,0.0,0.0,4.725,3.5571730166024977,8.282173016602497,2531002,,,0.0538381039316671,Information
453292,8684.0,3348.449574,IND,India,Chhattisgarh,3.829598245,0.0,0.49,0.71,8684.0,,,,,,,,,,,,,,,,,,,,,,,,,4.826727147980392,76.59196490000001,0.0,,30.375,0.907,16.188,0.483,0.0,0.0,0.0,0.0,0.16188,0.483,0.0,0.0,0.0,0.0,0.64488,0.0,0.0,34.59375,1.0331273994229693,0.0,0.0,1.21078125,3.615945897980392,4.826727147980392,1479849,,,0.0571782689812925,Information
453294,8686.0,3973.461442,IND,India,Chhattisgarh,1.453868674,0.0,0.49,0.71,8686.0,,,,,,,,,,,,,,,,,,,,,,,,,1.7308744916553598,29.07737348,0.0,,29.5,0.742,22.812,0.574,0.062,0.002,0.0,0.0,0.22812,0.574,0.0009299999999999,0.003,0.0,0.0,0.8060499999999999,0.0,0.0,14.0625,0.3539105690443885,0.0,0.0,0.4921875,1.2386869916553598,1.7308744916553598,1195469,,,0.0001024235240488,Information
453296,8688.0,2494.642247,IND,India,Chhattisgarh,1.771826058,0.0,0.49,0.71,8688.0,,,,,,,,,,,,,,,,,,,,,,,,,2.7175,35.43652116,0.0,,54.375,2.18,54.25,2.175,0.0,0.0,0.0,0.0,0.5425,2.175,0.0,0.0,0.0,0.0,2.7175,0.0,0.0,3.515625,0.1409270208884356,0.0,0.0,0.123046875,0.4932445731095246,0.6162914481095245,983620,,,0.0007676250676396,Information
453299,8691.0,12698.37711,IND,India,Chhattisgarh,3.025557833,0.0,0.49,0.71,8691.0,,,,,,,,,,,,,,,,,,,,,,,,,4.178984652420569,60.511156660000005,0.0,,208.312,1.64,83.188,0.655,0.125,0.001,0.0,0.0,0.8318800000000001,0.655,0.001875,0.0015,0.0,0.0,1.4902550000000003,0.0,0.0,66.796875,0.5260268649773054,0.0,0.0,2.337890625,1.841094027420569,4.178984652420569,4292357,,,0.0123536093954696,Information
453301,8692.0,3406.8964,IND,India,Odisha,4.123479431,3.106993892,0.49,0.71,8692.0,,,,,,,,,,,,,,,,,,,,,,,,,30.71871812472188,82.46958862,62.13987784,3.0,9.062,0.266,9.062,0.266,0.0,0.0,0.0,0.0,0.0906199999999999,0.266,0.0,0.0,0.0,0.0,0.35662,0.0,0.0,223.03125,6.546464107063395,0.0,0.0,7.80609375,22.912624374721883,30.71871812472188,2333217,222928.0,9.554533504599014,0.7125790801672284,Watch
453302,8693.0,5308.799872,IND,India,Odisha,4.028635053,0.0,0.49,0.71,8693.0,,,,,,,,,,,,,,,,,,,,,,,,,11.851186895528055,80.57270106000001,0.0,,4.312,0.081,3.812,0.072,0.0,0.0,0.062,0.001,0.03812,0.072,0.0,0.0,0.00155,0.0025,0.11417,0.0,0.0,117.421875,2.2118346487223017,0.0,0.0,4.109765625,7.741421270528056,11.851186895528055,3670003,,,0.310564386572614,Information
453305,8696.0,3755.333479,IND,India,Andhra Pradesh,4.016841767,0.103030921,0.49,0.71,8696.0,,,,,,,,,,,,,,,,,,,,,,,,,16.117241496089637,80.33683534,2.06061842,,5.0,0.133,4.375,0.117,0.062,0.002,0.0,0.0,0.04375,0.117,0.0009299999999999,0.003,0.0,0.0,0.16468,0.0,0.0,125.71875,3.347738641739896,0.0,0.0,4.40015625,11.717085246089637,16.117241496089637,2124283,,,0.4211871187862901,Advisory
453308,8699.0,9229.479056,IND,India,Andhra Pradesh,3.472613613,0.0,0.49,0.71,8699.0,,,,,,,,,,,,,,,,,,,,,,,,,2.0816942760756945,69.45227226,0.0,,11.312,0.123,10.75,0.116,0.0,0.0,0.0,0.0,0.1075,0.116,0.0,0.0,0.0,0.0,0.2235,0.0,0.0,28.546875,0.3093010431644841,0.0,0.0,0.999140625,1.0825536510756943,2.0816942760756945,2469428,,,0.003614483889428,Information
453309,8700.0,16615.91927,IND,India,Andhra Pradesh,4.055992748,0.089931516,0.49,0.71,8700.0,,,,,,,,,,,,,,,,,,,,,,,,,18.92164623989449,81.11985496000001,1.79863032,,50.375,0.303,42.688,0.257,0.125,0.001,0.0,0.0,0.42688,0.257,0.001875,0.0015,0.0,0.0,0.687255,0.0,0.0,337.5,2.031184639969854,0.0,0.0,11.8125,7.109146239894489,18.92164623989449,9002403,,,0.5008759678371224,Advisory
453410,8701.0,5975.231002,IND,India,Andhra Pradesh,4.015910751,0.0,0.49,0.71,8701.0,8701.0,0.0,1.0,-9999.0,-9999.0,-9999.0,0.0,10.0,-999.9,-999.9,-999.9,-5979.4,0.0,0.0,0.0,0.0,0.0,0.0,0.0,0.0,0.0,0.0,0.0,-5979.4,17.211977545987246,80.31821502,0.0,,78.875,1.32,68.188,1.141,0.062,0.001,0.0,0.0,0.68188,1.141,0.0009299999999999,0.0015,0.0,0.0,1.82531,0.0,0.0,183.9375,3.0783328702820696,0.0,0.0,6.4378125,10.774165045987244,17.211977545987246,2343704,,,0.4466664637212323,Advisory
453420,8702.0,21554.64787,IND,India,Odisha,2.261801794,0.0,0.49,0.71,8702.0,8702.0,0.0,1.0,2.0,2.0,2.0,0.0,10.0,0.2,0.2,0.2,21.2,0.0,0.0,0.0,0.0,0.0,0.0,0.0,0.0,0.0,0.0,0.0,21.2,21.2,45.23603588,0.0,,15.188,0.07,13.438,0.062,0.188,0.001,0.0,0.0,0.13438,0.062,0.00282,0.0015,0.0,0.0,0.2007,0.0,0.0,105.609375,0.4899610314233267,0.0,0.0,3.696328125,1.7148636099816434,5.411191734981643,2449593,,,0.1713023702245322,Information
453430,8703.0,15600.28514,IND,India,Telangana,3.921086556,0.0,0.49,0.71,8703.0,8703.0,0.0,1.0,-9999.0,-9999.0,-9999.0,0.0,10.0,-999.9,-999.9,-999.9,-5979.4,0.0,0.0,0.0,0.0,0.0,0.0,0.0,0.0,0.0,0.0,0.0,-5979.4,1.1872992150988,78.42173112,0.0,,12.188,0.078,9.062,0.058,0.0,0.0,0.0,0.0,0.0906199999999999,0.058,0.0,0.0,0.0,0.0,0.14862,0.0,0.0,20.671875,0.1325095971710857,0.0,0.0,0.723515625,0.4637835900988,1.1872992150988,1511872,,,0.0018657801016968,Information
453441,8704.0,4049.131534,IND,India,Chhattisgarh,3.024192231,0.0,0.49,0.71,8704.0,8704.0,0.0,1.0,-9999.0,-9999.0,-9999.0,0.0,10.0,-999.9,-999.9,-999.9,-5979.4,0.0,0.0,0.0,0.0,0.0,0.0,0.0,0.0,0.0,0.0,0.0,-5979.4,0.6489358546054814,60.48384462,0.0,,,,,,,,,,,,,,,,,0.0,0.0,5.34375,0.1319727441729947,0.0,0.0,0.18703125,0.4619046046054814,0.6489358546054814,199874,,,1.985753852155047e-05,Information
453461,8714.0,1625.163447,IND,India,Telangana,2.3545907,0.0,0.49,0.71,8714.0,8714.0,0.0,1.0,-9999.0,-9999.0,-9999.0,0.0,10.0,-999.9,-999.9,-999.9,-5979.4,0.0,0.0,0.0,0.0,0.0,0.0,0.0,0.0,0.0,0.0,0.0,-5979.4,2.675754066595529,47.091814,0.0,,,,,,,,,,,,,,,,,0.0,0.0,10.6875,0.6576261618844369,0.0,0.0,0.3740625,2.301691566595529,2.675754066595529,83857,,,0.0014210150786702,Information
453462,8715.0,4475.658668,IND,India,Telangana,2.887006902,0.0,0.49,0.71,8715.0,,,,,,,,,,,,,,,,,,,,,,,,,1.2894276375968734,57.74013804,0.0,,22.375,0.5,13.625,0.304,0.0,0.0,0.0,0.0,0.13625,0.304,0.0,0.0,0.0,0.0,0.44025,0.0,0.0,11.390625,0.2545016464562495,0.0,0.0,0.398671875,0.8907557625968733,1.2894276375968734,548482,,,0.000241836435489,Information
453464,8717.0,51689.89884,IND,India,Maharashtra,2.112202289,0.0,0.49,0.71,8717.0,8717.0,0.0,15.0,-9999.0,-9999.0,-9999.0,0.0,1.0,-999.9,-999.9,-999.9,-5997.4,0.0,0.0,0.0,0.0,0.0,0.0,0.0,0.0,0.0,0.0,0.0,-5997.4,13.715948335243072,42.24404577999999,0.0,,126.875,0.245,39.25,0.076,0.75,0.001,0.312,0.001,0.3925,0.076,0.01125,0.0015,0.0078,0.0025,0.49155,0.0,0.0,328.359375,0.6352486314980211,0.0,0.0,11.492578125,2.223370210243074,13.715948335243072,13907546,,,0.0752642548243814,Information
453465,8718.0,3587.353613,IND,India,Maharashtra,2.426749938,0.0,0.49,0.71,8718.0,8718.0,0.0,1.0,-9999.0,-9999.0,-9999.0,0.0,10.0,-999.9,-999.9,-999.9,-5979.4,0.0,0.0,0.0,0.0,0.0,0.0,0.0,0.0,0.0,0.0,0.0,-5979.4,3.0013534735745027,48.53499876,0.0,,80.188,2.235,43.438,1.211,0.375,0.01,0.0,0.0,0.43438,1.211,0.005625,0.015,0.0,0.0,1.666005,0.0,0.0,22.640625,0.6311233138784293,0.0,0.0,0.792421875,2.2089315985745026,3.0013534735745027,943530,,,0.0022427093378566,Information
453466,8719.0,20556.04189,IND,India,Maharashtra,2.773441897,0.0,0.49,0.71,8719.0,8719.0,0.0,1.0,-9999.0,-9999.0,-9999.0,0.0,10.0,-999.9,-999.9,-999.9,-5979.4,0.0,0.0,0.0,0.0,0.0,0.0,0.0,0.0,0.0,0.0,0.0,-5979.4,15.6640784609367,55.46883794,0.0,,312.562,1.521,145.438,0.708,0.812,0.004,0.312,0.002,1.4543799999999998,0.708,0.01218,0.006,0.0078,0.005,2.19336,0.0,0.0,301.078125,1.464669738839057,0.0,0.0,10.537734375,5.1263440859367,15.6640784609367,5274961,,,0.1480532880682482,Information
453467,8720.0,6024.312199,IND,India,Maharashtra,2.094118964,0.0,0.49,0.71,8720.0,8720.0,0.0,2.0,-9999.0,-9999.0,-9999.0,0.0,9.0,-999.9,-999.9,-999.9,-5981.4,0.0,0.0,0.0,0.0,0.0,0.0,0.0,0.0,0.0,0.0,0.0,-5981.4,3.65782,41.88237928,0.0,,161.812,2.686,136.875,2.272,0.438,0.007,0.0,0.0,1.36875,2.272,0.00657,0.0105,0.0,0.0,3.65782,0.0,0.0,10.546875,0.1750718530466558,0.0,0.0,0.369140625,0.6127514856632953,0.9818921106632952,1143904,,,0.0028408954895134,Information
453468,8721.0,4623.704911,IND,India,Maharashtra,3.755582544,0.0,0.49,0.71,8721.0,,,,,,,,,,,,,,,,,,,,,,,,,2.926548560139996,75.11165088,0.0,,16.25,0.351,16.25,0.351,0.0,0.0,0.0,0.0,0.1625,0.351,0.0,0.0,0.0,0.0,0.5135,0.0,0.0,26.4375,0.5717817314685704,0.0,0.0,0.9253125,2.001236060139996,2.926548560139996,1094301,,,0.016154121981251,Information
453469,8722.0,13353.31401,IND,India,Maharashtra,2.065844345,0.0,0.49,0.71,8722.0,,,,,,,,,,,,,,,,,,,,,,,,,29.731195333915693,41.3168869,0.0,,172.5,1.292,164.625,1.233,3.438,0.026,0.188,0.001,1.64625,1.233,0.05157,0.039,0.0046999999999999,0.0025,2.97702,0.0,0.0,485.71875,3.6374397382616266,0.0,0.0,17.00015625,12.731039083915691,29.731195333915693,3817986,,,0.2482664262235082,Information
453472,8724.0,13168.39328,IND,India,Telangana,0.944740233,0.0,0.49,0.71,8724.0,8724.0,0.0,1.0,-9999.0,-9999.0,-9999.0,0.0,10.0,-999.9,-999.9,-999.9,-5979.4,0.0,0.0,0.0,0.0,0.0,0.0,0.0,0.0,0.0,0.0,0.0,-5979.4,10.348123742494842,18.89480466,0.0,,10.5,0.08,10.438,0.079,0.312,0.002,0.0,0.0,0.10438,0.079,0.00468,0.003,0.0,0.0,0.1910599999999999,0.0,0.0,168.046875,1.2761380335699548,0.0,0.0,5.881640625,4.466483117494842,10.348123742494842,5430992,,,0.0197499071951554,Information
453473,8725.0,4996.23602,IND,India,Telangana,1.588310771,0.0,0.49,0.71,8725.0,8725.0,0.0,1.0,-9999.0,-9999.0,-9999.0,0.0,10.0,-999.9,-999.9,-999.9,-5979.4,0.0,0.0,0.0,0.0,0.0,0.0,0.0,0.0,0.0,0.0,0.0,-5979.4,6.66264145407265,31.76621542,0.0,,,,,,,,,,,,,,,,,0.0,0.0,63.421875,1.2693930940207572,0.0,0.0,2.219765625,4.44287582907265,6.66264145407265,1848601,,,0.0099979766793684,Information
453474,8726.0,2722.062146,IND,India,Telangana,1.464281569,0.0,0.49,0.71,8726.0,,,,,,,,,,,,,,,,,,,,,,,,,3.032255,29.28563138,0.0,,64.688,2.376,64.688,2.376,0.125,0.005,0.0,0.0,0.64688,2.376,0.001875,0.0075,0.0,0.0,3.032255,0.0,0.0,14.765625,0.5424426117296844,0.0,0.0,0.516796875,1.8985491410538955,2.4153460160538955,333286,,,0.0008181922289359,Information
453475,8727.0,2159.349347,IND,India,Telangana,2.526316258,0.0,0.49,0.71,8727.0,,,,,,,,,,,,,,,,,,,,,,,,,3.3812543181717167,50.52632516,0.0,,2.625,0.122,2.625,0.122,0.0,0.0,0.0,0.0,0.02625,0.122,0.0,0.0,0.0,0.0,0.14825,0.0,0.0,17.15625,0.7945101623347762,0.0,0.0,0.60046875,2.7807855681717166,3.3812543181717167,607139,,,0.0036461341259708,Information
453477,8729.0,1537.664015,IND,India,Telangana,1.111833409,0.0,0.49,0.71,8729.0,,,,,,,,,,,,,,,,,,,,,,,,,2.6959378548573536,22.23666818,0.0,,12.875,0.837,12.875,0.837,0.0,0.0,0.0,0.0,0.12875,0.837,0.0,0.0,0.0,0.0,0.96575,0.0,0.0,10.265625,0.6676117085306724,0.0,0.0,0.359296875,2.336640979857353,2.6959378548573536,509305,,,0.0003870073086319,Information
453478,8730.0,1538.677131,IND,India,Telangana,2.462702081,0.0,0.49,0.71,8730.0,,,,,,,,,,,,,,,,,,,,,,,,,4.355330427028046,49.25404162,0.0,,13.312,0.865,13.312,0.865,0.0,0.0,0.0,0.0,0.13312,0.865,0.0,0.0,0.0,0.0,0.99812,0.0,0.0,16.59375,1.0784426220080132,0.0,0.0,0.58078125,3.7745491770280464,4.355330427028046,383354,,,0.007035778470526,Information
453481,8732.0,1031.500174,IND,India,Telangana,1.214308144,0.0,0.49,0.71,8732.0,,,,,,,,,,,,,,,,,,,,,,,,,7.790360693250871,24.286162880000003,0.0,,3.25,0.315,3.25,0.315,0.0,0.0,0.0,0.0,0.0325,0.315,0.0,0.0,0.0,0.0,0.3475,0.0,0.0,20.8125,2.0176923409288205,0.0,0.0,0.7284375,7.061923193250872,7.790360693250871,374501,,,0.0114807756843421,Information
453482,8733.0,2575.383103,IND,India,Maharashtra,1.503834306,0.0,0.49,0.71,8733.0,,,,,,,,,,,,,,,,,,,,,,,,,11.944455340955386,30.07668612,0.0,,4.688,0.182,4.688,0.182,0.25,0.01,0.0,0.0,0.04688,0.182,0.00375,0.015,0.0,0.0,0.24763,0.0,0.0,69.890625,2.713795275987253,0.0,0.0,2.446171875,9.498283465955383,11.944455340955386,911805,,,0.0386030670206448,Information
453484,8735.0,2090.012169,IND,India,Maharashtra,2.743546744,0.0,0.49,0.71,8735.0,,,,,,,,,,,,,,,,,,,,,,,,,14.919002614399105,54.87093488,0.0,,2.062,0.099,2.062,0.099,0.0,0.0,0.0,0.0,0.02062,0.099,0.0,0.0,0.0,0.0,0.11962,0.0,0.0,73.6875,3.525697175542601,0.0,0.0,2.5790625,12.339940114399104,14.919002614399105,645681,,,0.1341705817862504,Information
453491,8741.0,4554.593147,IND,India,Maharashtra,3.504040026,0.0,0.49,0.71,8741.0,,,,,,,,,,,,,,,,,,,,,,,,,7.801223813375434,70.08080052,0.0,,25.188,0.553,25.188,0.553,0.0,0.0,0.0,0.0,0.25188,0.553,0.0,0.0,0.0,0.0,0.80488,0.0,0.0,69.75,1.5314210895358382,0.0,0.0,2.44125,5.359973813375434,7.801223813375434,2360261,,,0.0894386641218943,Information
453492,8742.0,15914.67328,IND,India,Maharashtra,2.415912077,0.0,0.49,0.71,8742.0,8742.0,0.0,1.0,-9999.0,-9999.0,-9999.0,0.0,10.0,-999.9,-999.9,-999.9,-5979.4,0.0,0.0,0.0,0.0,0.0,0.0,0.0,0.0,0.0,0.0,0.0,-5979.4,9.304880717903435,48.31824154,0.0,,,,,,,,,,,,,,,,,0.0,0.0,163.265625,1.025881097972411,0.0,0.0,5.714296875,3.5905838429034382,9.304880717903435,5056113,,,0.0432124304819948,Information
453493,8743.0,4672.404611,IND,India,Maharashtra,3.942396743,0.0,0.49,0.71,8743.0,8743.0,0.0,2.0,-9999.0,-9999.0,-9999.0,0.0,9.0,-999.9,-999.9,-999.9,-5981.4,0.0,0.0,0.0,0.0,0.0,0.0,0.0,0.0,0.0,0.0,0.0,-5981.4,7.279680818287132,78.84793486000001,0.0,,,,,,,,,,,,,,,,,0.0,0.0,66.234375,1.4175650552248948,0.0,0.0,2.318203125,4.961477693287132,7.279680818287132,1479433,,,0.1430648378773158,Information
453500,8750.0,13700.59259,IND,India,Andhra Pradesh,4.014860625,1.150049702,0.49,0.71,8750.0,,,,,,,,,,,,,,,,,,,,,,,,,70.0,80.2972125,23.00099404,3.0,858.5,6.266,667.062,4.869,65.062,0.475,26.188,0.191,6.67062,4.869,0.97593,0.7124999999999999,0.6547,0.4775,14.36025,0.0,0.0,1660.78125,12.121966545381415,0.0,0.0,35.0,35.0,70.0,7133883,355004.0,4.976308134013411,0.8975537205401665,Warning
453610,8751.0,21035.03313,IND,India,Telangana,2.639214133,0.0,0.49,0.71,8751.0,8751.0,0.0,1.0,-9999.0,-9999.0,-9999.0,0.0,10.0,-999.9,-999.9,-999.9,-5980.066666666666,0.0,0.0,0.0,0.0,0.0,0.0,0.0,0.0,0.0,0.0,0.0,-5980.066666666666,8.895608915893582,52.78428266,0.0,,138.688,0.659,97.0,0.461,2.312,0.011,0.312,0.001,0.97,0.461,0.03468,0.0165,0.0078,0.0025,1.49248,0.0,0.0,172.265625,0.8189462973981664,0.0,0.0,6.029296875,2.8663120408935825,8.895608915893582,7342693,,,0.0475419402913,Information
453620,8752.0,11353.21401,IND,India,Telangana,1.267454249,0.0,0.49,0.71,8752.0,,,,,,,,,,,,,,,,,,,,,,,,,3.00855786621752,25.34908498,0.0,,13.938,0.123,13.375,0.118,0.688,0.006,1.125,0.01,0.13375,0.118,0.01032,0.009,0.028125,0.025,0.324195,0.0,0.0,45.703125,0.4025567117764341,0.0,0.0,1.599609375,1.4089484912175194,3.00855786621752,12394812,,,0.0006605371761769,Information
453630,8753.0,19733.98764,IND,India,Telangana,1.977732989,0.0,0.49,0.71,8753.0,8753.0,0.0,1.0,-9999.0,-9999.0,-9999.0,0.0,10.0,-999.9,-999.9,-999.9,-5979.4,0.0,0.0,0.0,0.0,0.0,0.0,0.0,0.0,0.0,0.0,0.0,-5979.4,8.817607014178964,39.55465978,0.0,,17.5,0.089,12.188,0.062,0.25,0.001,0.062,0.0,0.12188,0.062,0.00375,0.0015,0.00155,0.0,0.19068,0.0,0.0,167.203125,0.8472850397654181,0.0,0.0,5.852109375,2.965497639178964,8.817607014178964,3741131,,,0.027115369106424,Information
453643,8756.0,9851.766254,IND,India,Andhra Pradesh,2.488568214,0.0,0.49,0.71,8756.0,8756.0,0.0,12.0,-9999.0,-9999.0,-9999.0,0.0,1.0,-999.9,-999.9,-999.9,-5997.4,0.0,0.0,0.0,0.0,0.0,0.0,0.0,0.0,0.0,0.0,0.0,-5997.4,1.8248764079859416,49.77136428,0.0,,,,,,,,,,,,,,,,,0.0,0.0,25.875,0.2626432594245548,0.0,0.0,0.905625,0.9192514079859416,1.8248764079859416,2847607,,,0.0004580959213776,Information
453644,8757.0,23605.20588,IND,India,Karnataka,1.148718529,0.0,0.49,0.71,8757.0,8757.0,0.0,12.0,-9999.0,-9999.0,-9999.0,0.0,1.0,-999.9,-999.9,-999.9,-5997.4,0.0,0.0,0.0,0.0,0.0,0.0,0.0,0.0,0.0,0.0,0.0,-5997.4,3.699672403933395,22.97437058,0.0,,,,,,,,,,,,,,,,,0.0,0.0,74.25,0.3145492582666842,0.0,0.0,2.59875,1.100922403933395,3.699672403933395,5306389,,,0.0011991185395767,Information
453645,8758.0,5641.114667,IND,India,Karnataka,1.929851417,0.0,0.49,0.71,8758.0,8758.0,0.0,14.0,-9999.0,-9999.0,-9999.0,0.0,1.0,-999.9,-999.9,-999.9,-5997.4,0.0,0.0,0.0,0.0,0.0,0.0,0.0,0.0,0.0,0.0,0.0,-5997.4,3.247957284977728,38.59702834,0.0,,,,,,,,,,,,,,,,,0.0,0.0,33.46875,0.5933002957079222,0.0,0.0,1.17140625,2.076551034977728,3.247957284977728,2135980,,,0.0016440722757591,Information
453646,8759.0,3058.393802,IND,India,Karnataka,2.147889426,0.0,0.49,0.71,8759.0,,,,,,,,,,,,,,,,,,,,,,,,,1.6181458417842598,42.95778852,0.0,,1.562,0.051,1.562,0.051,0.438,0.014,0.188,0.006,0.01562,0.051,0.00657,0.021,0.0046999999999999,0.015,0.11389,0.0,0.0,10.828125,0.3540461333669314,0.0,0.0,0.378984375,1.23916146678426,1.6181458417842598,710999,,,0.000183662539869,Information
453650,8763.0,9202.566964,IND,India,Telangana,2.098372182,0.0,0.49,0.71,8763.0,8763.0,0.0,7.0,-9999.0,-9999.0,-9999.0,0.0,4.0,-999.9,-999.9,-999.9,-5991.4,0.0,0.0,0.0,0.0,0.0,0.0,0.0,0.0,0.0,0.0,0.0,-5991.4,3.3583707164335888,41.96744364,0.0,,,,,,,,,,,,,,,,,0.0,0.0,45.984375,0.4996907404095969,0.0,0.0,1.609453125,1.748917591433589,3.3583707164335888,2946173,,,0.0021890684395305,Information
453661,8764.0,4457.246153,IND,India,Karnataka,1.350325316,0.0,0.49,0.71,8764.0,8764.0,0.0,15.0,-9999.0,-9999.0,-9999.0,0.0,1.0,-999.9,-999.9,-999.9,-5997.4,0.0,0.0,0.0,0.0,0.0,0.0,0.0,0.0,0.0,0.0,0.0,-5997.4,2.4265716782881244,27.00650632,0.0,,,,,,,,,,,,,,,,,0.0,0.0,21.375,0.4795561937966069,0.0,0.0,0.748125,1.6784466782881242,2.4265716782881244,1110696,,,0.0003321664336503,Information
453664,8767.0,11568.30928,IND,India,Karnataka,2.76766735,0.0,0.49,0.71,8767.0,8767.0,0.0,12.0,-9999.0,-9999.0,-9999.0,0.0,1.0,-999.9,-999.9,-999.9,-5997.4,0.0,0.0,0.0,0.0,0.0,0.0,0.0,0.0,0.0,0.0,0.0,-5997.4,3.2484789232903006,55.353347,0.0,,,,,,,,,,,,,,,,,0.0,0.0,49.78125,0.4303243352258001,0.0,0.0,1.74234375,1.5061351732903003,3.2484789232903006,3955143,,,0.0043888559403438,Information
453668,8771.0,3522.642306,IND,India,Maharashtra,2.551688833,0.0,0.49,0.71,8771.0,,,,,,,,,,,,,,,,,,,,,,,,,2.5317941502817605,51.03377666,0.0,,14.375,0.408,11.375,0.323,0.312,0.009,0.0,0.0,0.11375,0.323,0.00468,0.0134999999999999,0.0,0.0,0.45493,0.0,0.0,18.84375,0.5349322572233601,0.0,0.0,0.65953125,1.8722629002817603,2.5317941502817605,1400701,,,0.0015272339347653,Information
453670,8773.0,24751.14008,IND,India,Karnataka,2.219065956,0.0,0.49,0.71,8773.0,8773.0,0.0,7.0,-9999.0,-9999.0,-9999.0,0.0,4.0,-999.9,-999.9,-999.9,-5991.4,0.0,0.0,0.0,0.0,0.0,0.0,0.0,0.0,0.0,0.0,0.0,-5991.4,21.049138601025675,44.38131912,0.0,,,,,,,,,,,,,,,,,0.0,0.0,428.34375,1.7306021002930494,0.0,0.0,14.99203125,6.057107351025673,21.049138601025675,6988258,,,0.1656099871242722,Information
453680,8774.0,12431.97376,IND,India,Maharashtra,1.638501525,0.0,0.49,0.71,8774.0,8774.0,0.0,6.0,-9999.0,-9999.0,-9999.0,0.0,5.0,-999.9,-999.9,-999.9,-5989.4,0.0,0.0,0.0,0.0,0.0,0.0,0.0,0.0,0.0,0.0,0.0,-5989.4,10.088725710766573,32.7700305,0.0,,,,,,,,,,,,,,,,,0.0,0.0,159.75,1.2849930602190207,0.0,0.0,5.59125,4.497475710766572,10.088725710766573,4241324,,,0.0289337329874082,Information
453691,8775.0,3656.866343,IND,India,Maharashtra,4.005342946,0.0,0.49,0.71,8775.0,8775.0,0.0,15.0,-9999.0,-9999.0,-9999.0,0.0,1.0,-999.9,-999.9,-999.9,-5997.4,0.0,0.0,0.0,0.0,0.0,0.0,0.0,0.0,0.0,0.0,0.0,-5997.4,15.954833512930644,80.10685892,0.0,,,,,,,,,,,,,,,,,0.0,0.0,122.0625,3.3378988608373272,0.0,0.0,4.2721875,11.682646012930643,15.954833512930644,622944,,,0.4126968196198929,Advisory
453710,8784.0,5992.477281,IND,India,Andhra Pradesh,3.505964992,0.04731857,0.49,0.71,8784.0,,,,,,,,,,,,,,,,,,,,,,,,,8.853190769982927,70.11929984,0.9463714,,181.562,3.03,88.125,1.471,0.688,0.011,0.062,0.001,0.88125,1.471,0.01032,0.0165,0.00155,0.0025,2.3831200000000003,0.0,0.0,94.78125,1.581670577137979,0.0,0.0,3.31734375,5.535847019982927,8.853190769982927,3920642,,,0.1119096557332086,Information
453720,8785.0,8839.299203,IND,India,Andhra Pradesh,2.16608299,0.0,0.49,0.71,8785.0,,,,,,,,,,,,,,,,,,,,,,,,,3.818377588828585,43.3216598,0.0,,35.438,0.401,17.938,0.203,0.188,0.002,0.062,0.001,0.1793799999999999,0.203,0.00282,0.003,0.00155,0.0025,0.39225,0.0,0.0,51.1875,0.5790900253795956,0.0,0.0,1.7915625,2.0268150888285845,3.818377588828585,1763752,,,0.0034924164775784,Information
453730,8786.0,10296.88603,IND,India,Andhra Pradesh,3.675373806,1.026008013,0.49,0.71,8786.0,,,,,,,,,,,,,,,,,,,,,,,,,8.518215106685956,73.50747612,20.52016026,,74.5,0.724,41.125,0.399,0.875,0.008,0.062,0.001,0.41125,0.399,0.013125,0.012,0.00155,0.0025,0.8394250000000001,0.0,0.0,123.46875,1.199088244767416,0.0,0.0,4.32140625,4.196808856685956,8.518215106685956,1946655,,,0.1282597920212153,Information
453741,8787.0,4386.848409,IND,India,Andhra Pradesh,3.995059977,0.003304262,0.49,0.71,8787.0,,,,,,,,,,,,,,,,,,,,,,,,,15.980075052864612,79.90119954,0.06608524,,37.438,0.853,24.5,0.558,1.5,0.034,0.688,0.016,0.245,0.558,0.0225,0.051,0.0171999999999999,0.04,0.9337,0.0,0.0,139.21875,3.1735482293898887,0.0,0.0,4.87265625,11.107418802864611,15.980075052864612,1320829,,,0.4093110773139378,Advisory
453742,8788.0,8116.940503,IND,India,Andhra Pradesh,1.106700827,0.0,0.49,0.71,8788.0,,,,,,,,,,,,,,,,,,,,,,,,,1.8565633799067127,22.13401654,0.0,,24.938,0.307,19.562,0.241,0.375,0.005,0.062,0.001,0.19562,0.241,0.005625,0.0075,0.00155,0.0025,0.453795,0.0,0.0,23.765625,0.2927904299733465,0.0,0.0,0.831796875,1.0247665049067127,1.8565633799067127,1829877,,,9.338801092615086e-05,Information
453743,8789.0,5823.329382,IND,India,Andhra Pradesh,1.108617736,0.0,0.49,0.71,8789.0,8789.0,0.0,1.0,-9999.0,-9999.0,-9999.0,0.0,10.0,-999.9,-999.9,-999.9,-5979.4,0.0,0.0,0.0,0.0,0.0,0.0,0.0,0.0,0.0,0.0,0.0,-5979.4,5.25593085465937,22.17235472,0.0,,18.375,0.316,9.75,0.167,0.938,0.016,0.062,0.001,0.0975,0.167,0.01407,0.024,0.00155,0.0025,0.30662,0.0,0.0,55.265625,0.9490382799026772,0.0,0.0,1.934296875,3.3216339796593704,5.25593085465937,1225340,,,0.0035179575215588,Information
453748,8794.0,6499.095666,IND,India,Andhra Pradesh,1.756111689,0.0,0.49,0.71,8794.0,,,,,,,,,,,,,,,,,,,,,,,,,6.272512101322048,35.12223378,0.0,,5.125,0.079,4.062,0.063,0.0,0.0,0.0,0.0,0.04062,0.063,0.0,0.0,0.0,0.0,0.10362,0.0,0.0,70.59375,1.086208814663442,0.0,0.0,2.47078125,3.801730851322048,6.272512101322048,1401942,,,0.0097370753066678,Information
453750,8796.0,17437.56399,IND,India,Andhra Pradesh,4.116396843,1.887062793,0.49,0.71,8796.0,8796.0,0.0,7.0,-9999.0,-9999.0,-9999.0,0.0,4.0,-999.9,-999.9,-999.9,-5991.4,0.0,0.0,0.0,0.0,0.0,0.0,0.0,0.0,0.0,0.0,0.0,-5991.4,29.60701433497055,82.32793686000001,37.74125586,3.0,219.0,1.256,178.438,1.023,3.562,0.02,0.188,0.001,1.78438,1.023,0.05343,0.03,0.0046999999999999,0.0025,2.89801,0.0,0.0,537.609375,3.0830532028487285,0.0,0.0,18.816328125,10.79068620997055,29.60701433497055,17087740,330147.0,1.9320694252136328,0.6970819674824245,Watch
453760,8797.0,18034.95074,IND,India,Tamil Nadu,3.092800955,0.0,0.49,0.71,8797.0,,,,,,,,,,,,,,,,,,,,,,,,,7.0082710541890965,61.8560191,0.0,,311.875,1.729,231.812,1.285,5.688,0.032,0.0,0.0,2.31812,1.285,0.08532,0.048,0.0,0.0,3.73644,0.0,0.0,128.8125,0.7142381583397417,0.0,0.0,4.5084375,2.499833554189096,7.0082710541890965,9786478,,,0.0451063351881543,Information
453770,8798.0,4855.041484,IND,India,Tamil Nadu,3.504672929,0.000105753,0.49,0.71,8798.0,,,,,,,,,,,,,,,,,,,,,,,,,6.038872721068656,70.09345858,0.00211506,,81.938,1.688,68.125,1.403,2.375,0.049,0.0,0.0,0.68125,1.403,0.035625,0.0735,0.0,0.0,2.193375,0.0,0.0,56.390625,1.161485956019616,0.0,0.0,1.973671875,4.065200846068656,6.038872721068656,3509991,,,0.0548148363222754,Information
453790,8800.0,9851.859193,IND,India,Tamil Nadu,4.024854487,1.052241071,0.49,0.71,8800.0,,,,,,,,,,,,,,,,,,,,,,,,,4.363814151381311,80.49708973999999,21.04482142,,26.562,0.27,20.625,0.209,0.562,0.006,0.0,0.0,0.20625,0.209,0.00843,0.009,0.0,0.0,0.43268,0.0,0.0,61.875,0.6280540432518029,0.0,0.0,2.165625,2.1981891513813103,4.363814151381311,5017788,,,0.0671683732798005,Information
453801,8801.0,10257.18906,IND,India,Tamil Nadu,3.397626529,0.652815989,0.49,0.71,8801.0,8801.0,0.0,15.0,2.0,2.0,-9999.0,0.0,1.0,0.2,0.2,-999.9,-3997.2,0.0,0.0,0.0,0.0,0.0,0.0,0.0,0.0,0.0,0.0,0.0,-3997.2,2.5078474004975764,67.95253058,13.05631978,,13.5,0.132,11.25,0.11,0.0,0.0,0.0,0.0,0.1125,0.11,0.0,0.0,0.0,0.0,0.2225,0.0,0.0,36.28125,0.3537153287135932,0.0,0.0,1.26984375,1.2380036504975762,2.5078474004975764,5575883,,,0.0054203318137323,Information
453802,8802.0,9075.128325,IND,India,Tamil Nadu,2.833464723,0.0,0.49,0.71,8802.0,8802.0,0.0,1.0,-9999.0,-9999.0,-9999.0,0.0,10.0,-999.9,-999.9,-999.9,-5979.4,0.0,0.0,0.0,0.0,0.0,0.0,0.0,0.0,0.0,0.0,0.0,-5979.4,-5979.4,56.66929446,0.0,,,,,,,,,,,,,,,,,,,,,,,,,,3410912,,,,
453803,8803.0,7692.160119,IND,India,Tamil Nadu,1.156888224,0.0,0.49,0.71,8803.0,8803.0,0.0,15.0,2.0,-9999.0,-9999.0,0.0,1.0,0.2,-999.9,-999.9,-4997.3,0.0,0.0,0.0,0.0,0.0,0.0,0.0,0.0,0.0,0.0,0.0,-4997.3,0.6113035036676673,23.13776448,0.0,,,,,,,,,,,,,,,,,0.0,0.0,7.59375,0.0987206439050478,0.0,0.0,0.26578125,0.3455222536676673,0.6113035036676673,9028086,,,6.684900355674108e-07,Information
453901,8810.0,18634.52958,IND,India,Tamil Nadu,4.114318523,2.337039725,0.49,0.71,8810.0,,,,,,,,,,,,,,,,,,,,,,,,,5.899250005088302,82.28637046,46.7407945,,310.812,1.668,135.062,0.725,0.062,0.0,0.0,0.0,1.3506200000000002,0.725,0.0009299999999999,0.0,0.0,0.0,2.07655,0.0,0.0,109.6875,0.5886250014538006,0.0,0.0,3.8390625,2.060187505088302,5.899250005088302,9903675,,,0.1357730228364011,Information
453902,8811.0,6728.461189,IND,India,Tamil Nadu,4.023386002,0.0,0.49,0.71,8811.0,,,,,,,,,,,,,,,,,,,,,,,,,0.3426327347110871,80.46772003999999,0.0,,8.938,0.133,8.5,0.126,0.0,0.0,0.0,0.0,0.085,0.126,0.0,0.0,0.0,0.0,0.211,0.0,0.0,3.9375,0.0585200670603106,0.0,0.0,0.1378125,0.2048202347110871,0.3426327347110871,4037270,,,2.636728283791521e-05,Information
453903,8812.0,546.7370703,IND,India,Tamil Nadu,4.045534894,0.0,0.49,0.71,8812.0,,,,,,,,,,,,,,,,,,,,,,,,,10.82368212119858,80.91069788,0.0,,5.75,1.052,5.625,1.029,0.0,0.0,0.0,0.0,0.05625,1.029,0.0,0.0,0.0,0.0,1.0852499999999998,0.0,0.0,16.03125,2.932168106056737,0.0,0.0,0.56109375,10.26258837119858,10.82368212119858,199563,,,0.2852240923371512,Information
453905,8814.0,991.8884935,IND,India,Tamil Nadu,4.052066282,0.0,0.49,0.71,8814.0,,,,,,,,,,,,,,,,,,,,,,,,,13.581238901032895,81.04132564,0.0,,6.25,0.63,6.25,0.63,0.0,0.0,0.0,0.0,0.0625,0.63,0.0,0.0,0.0,0.0,0.6925,0.0,0.0,35.015625,3.5301977217236846,0.0,0.0,1.225546875,12.355692026032896,13.581238901032895,117337,,,0.3693511886049587,Advisory
453906,8815.0,5170.632651,IND,India,Tamil Nadu,1.629960469,0.0,0.49,0.71,8815.0,,,,,,,,,,,,,,,,,,,,,,,,,0.78125,32.59920938,0.0,,36.438,0.705,26.625,0.515,0.0,0.0,0.0,0.0,0.26625,0.515,0.0,0.0,0.0,0.0,0.78125,,,,,,,,,,2557658,,,4.145726538706324e-06,Information
453907,8816.0,1551.906434,IND,India,Tamil Nadu,1.7674546,0.03451099,0.49,0.71,8816.0,,,,,,,,,,,,,,,,,,,,,,,,,1.9783925533211133,35.349092,0.6902197999999999,,14.188,0.914,14.188,0.914,0.0,0.0,0.0,0.0,0.14188,0.914,0.0,0.0,0.0,0.0,1.0558800000000002,0.0,0.0,7.59375,0.4893175152346038,0.0,0.0,0.26578125,1.7126113033211134,1.9783925533211133,740601,,,0.0002444938144981,Information
453908,8817.0,5638.074656,IND,India,Tamil Nadu,3.357266701,1.056490856,0.49,0.71,8817.0,,,,,,,,,,,,,,,,,,,,,,,,,2.9487421029925294,67.14533401999999,21.12981712,,31.188,0.553,13.812,0.245,0.0,0.0,0.0,0.0,0.13812,0.245,0.0,0.0,0.0,0.0,0.38312,0.0,0.0,30.375,0.5387477437121513,0.0,0.0,1.063125,1.8856171029925293,2.9487421029925294,3143548,,,0.0079606399439392,Information
454041,8828.0,12546.26811,IND,India,Maharashtra,4.025146436,1.222503387,0.49,0.71,8828.0,8828.0,0.0,1.0,-9999.0,-9999.0,-9999.0,0.0,10.0,-999.9,-999.9,-999.9,-5979.4,0.0,0.0,0.0,0.0,0.0,0.0,0.0,0.0,0.0,0.0,0.0,-5979.4,24.031469114430298,80.50292872,24.45006774,,,,,,,,,,,,,,,,,0.0,0.0,382.078125,3.0453527826943705,0.0,0.0,13.372734375,10.658734739430296,24.031469114430298,6860400,,,0.5828148818283082,Advisory
454043,8830.0,4341.880847,IND,India,Maharashtra,1.177276176,0.0,0.49,0.71,8830.0,8830.0,0.0,1.0,-9999.0,-9999.0,-9999.0,0.0,10.0,-999.9,-999.9,-999.9,-5979.4,0.0,0.0,0.0,0.0,0.0,0.0,0.0,0.0,0.0,0.0,0.0,-5979.4,12.924862078208148,23.54552352,0.0,,,,,,,,,,,,,,,,,0.0,0.0,111.796875,2.5748489866308995,0.0,0.0,3.912890625,9.011971453208147,12.924862078208148,1029484,,,0.037739493006405,Information
454047,8834.0,1367.575416,IND,India,Maharashtra,0.104623922,0.0,0.49,0.71,8834.0,,,,,,,,,,,,,,,,,,,,,,,,,15.178227160020455,2.09247844,0.0,,2.25,0.165,2.25,0.165,1.312,0.096,1.25,0.091,0.0225,0.165,0.01968,0.144,0.03125,0.2274999999999999,0.6099300000000001,0.0,0.0,52.171875,3.814917581434416,0.0,0.0,1.826015625,13.352211535020457,15.178227160020455,752368,,,0.0311495212130482,Information
454050,8837.0,2502.686271,IND,India,Gujarat,3.671497276,2.528200934,0.49,0.71,8837.0,,,,,,,,,,,,,,,,,,,,,,,,,32.28436348441856,73.42994552,50.56401868,,42.562,1.701,42.062,1.681,30.875,1.234,0.375,0.015,0.42062,1.681,0.463125,1.851,0.009375,0.0375,4.46262,0.0,0.0,184.640625,7.377697602691019,0.0,0.0,6.462421875,25.82194160941857,32.28436348441856,2884929,,,0.5772245343185934,Advisory
454061,8838.0,33833.159,IND,India,Madhya Pradesh,2.852568395,0.001040363,0.49,0.71,8838.0,8838.0,0.0,1.0,-9999.0,-9999.0,-9999.0,0.0,10.0,-999.9,-999.9,-999.9,-5979.4,0.0,0.0,0.0,0.0,0.0,0.0,0.0,0.0,0.0,0.0,0.0,-5979.4,37.494548385290464,57.0513679,0.02080726,,11.25,0.033,11.125,0.033,12.938,0.038,8.125,0.024,0.11125,0.033,0.19407,0.0569999999999999,0.203125,0.06,0.658445,0.0,0.0,826.875,2.4439781100829894,0.0,0.0,28.940625,8.553923385290464,37.494548385290464,9686523,,,0.4459860379044558,Advisory
454062,8839.0,5183.622706,IND,India,Madhya Pradesh,1.765825635,0.0,0.49,0.71,8839.0,,,,,,,,,,,,,,,,,,,,,,,,,8.11672803957257,35.3165127,0.0,,6.5,0.125,5.188,0.1,3.062,0.059,3.062,0.059,0.0518799999999999,0.1,0.04593,0.0885,0.0765499999999999,0.1475,0.51036,0.0,0.0,79.171875,1.5273464041635911,0.0,0.0,2.771015625,5.345712414572569,8.11672803957257,1184360,,,0.0189664606666536,Information
454063,8840.0,12122.85474,IND,India,Madhya Pradesh,3.302472232,0.0,0.49,0.71,8840.0,,,,,,,,,,,,,,,,,,,,,,,,,5.793307234152257,66.04944464,0.0,,32.938,0.272,21.125,0.174,0.688,0.006,0.062,0.001,0.21125,0.174,0.01032,0.009,0.00155,0.0025,0.40862,0.0,0.0,90.703125,0.7481993883292162,0.0,0.0,3.174609375,2.6186978591522565,5.793307234152257,2087929,,,0.0385135795200805,Information
454065,8842.0,15536.51598,IND,India,Madhya Pradesh,3.243609411,0.0,0.49,0.71,8842.0,,,,,,,,,,,,,,,,,,,,,,,,,1.2053824306919934,64.87218822,0.0,,10.938,0.07,7.562,0.049,0.0,0.0,0.0,0.0,0.07562,0.049,0.0,0.0,0.0,0.0,0.12462,0.0,0.0,20.953125,0.1348637301977124,0.0,0.0,0.733359375,0.4720230556919934,1.2053824306919934,2738715,,,0.0003728564058155,Information
454066,8843.0,4625.124333,IND,India,Madhya Pradesh,2.002453438,0.0,0.49,0.71,8843.0,,,,,,,,,,,,,,,,,,,,,,,,,1.3228958692452228,40.04906876,0.0,,12.938,0.28,11.688,0.253,0.0,0.0,0.0,0.0,0.11688,0.253,0.0,0.0,0.0,0.0,0.36988,0.0,0.0,11.953125,0.258438998355778,0.0,0.0,0.418359375,0.904536494245223,1.3228958692452228,2324663,,,6.844992133863563e-05,Information
454067,8844.0,9268.748318,IND,India,Madhya Pradesh,2.956784068,0.0,0.49,0.71,8844.0,,,,,,,,,,,,,,,,,,,,,,,,,2.6296389130040394,59.13568136000001,0.0,,29.688,0.32,28.812,0.311,0.0,0.0,0.0,0.0,0.28812,0.311,0.0,0.0,0.0,0.0,0.59912,0.0,0.0,36.140625,0.3899191537154399,0.0,0.0,1.264921875,1.3647170380040397,2.6296389130040394,2248412,,,0.0030402288613985,Information
454068,8845.0,4223.661679,IND,India,Madhya Pradesh,1.702167084,0.0,0.49,0.71,8845.0,,,,,,,,,,,,,,,,,,,,,,,,,1.6232000000000002,34.04334168,0.0,,96.5,2.285,47.938,1.135,0.188,0.004,0.0,0.0,0.47938,1.135,0.00282,0.006,0.0,0.0,1.6232000000000002,0.0,0.0,8.4375,0.1997674208303732,0.0,0.0,0.2953125,0.6991859729063061,0.994498472906306,79075,,,0.000105862985183,Information
454069,8846.0,4914.039008,IND,India,Madhya Pradesh,2.192823259,0.0,0.49,0.71,8846.0,,,,,,,,,,,,,,,,,,,,,,,,,1.1800878695586967,43.85646518,0.0,,21.812,0.444,19.5,0.397,0.0,0.0,0.0,0.0,0.195,0.397,0.0,0.0,0.0,0.0,0.5920000000000001,0.0,0.0,11.109375,0.2260742127310562,0.0,0.0,0.388828125,0.7912597445586967,1.1800878695586967,1016242,,,5.615705211863399e-05,Information
454070,8847.0,6093.322066,IND,India,Gujarat,2.008934159,0.037620267,0.49,0.71,8847.0,,,,,,,,,,,,,,,,,,,,,,,,,24.1138226669058,40.17868317999999,0.7524053399999999,,6.375,0.105,5.438,0.089,4.938,0.081,2.062,0.034,0.05438,0.089,0.07407,0.1215,0.0515499999999999,0.085,0.4755,0.0,0.0,260.859375,4.281069869115941,0.0,0.0,9.130078125,14.983744541905793,24.1138226669058,3715809,,,0.1817867693923209,Information
454081,8848.0,4047.930065,IND,India,Gujarat,2.174240185,0.0,0.49,0.71,8848.0,8848.0,0.0,15.0,-9999.0,-9999.0,-9999.0,0.0,1.0,-999.9,-999.9,-999.9,-5997.4,0.0,0.0,0.0,0.0,0.0,0.0,0.0,0.0,0.0,0.0,0.0,-5997.4,18.24236614639815,43.4848037,0.0,,,,,,,,,,,,,,,,,0.0,0.0,150.1875,3.7102296132566144,0.0,0.0,5.2565625,12.98580364639815,18.24236614639815,3008597,,,0.1290774571134851,Information
455100,8858.0,1895.628855,IND,India,Gujarat,1.102930334,1.122876937,0.49,0.71,8858.0,,,,,,,,,,,,,,,,,,,,,,,,,14.640065386301156,22.05860668,22.45753874,,15.0,0.791,14.75,0.778,14.312,0.755,13.125,0.692,0.1475,0.778,0.21468,1.1325,0.328125,1.73,4.330805,0.0,0.0,66.65625,3.516313324657473,0.0,0.0,2.33296875,12.307096636301155,14.640065386301156,2002512,,,0.0477508697229218,Information
455300,8860.0,23596.73419,IND,India,Gujarat,4.040435933,0.789521969,0.49,0.71,8860.0,,,,,,,,,,,,,,,,,,,,,,,,,43.74909541712248,80.80871866000001,15.79043938,3.0,21.25,0.09,21.188,0.09,14.875,0.063,10.375,0.044,0.2118799999999999,0.09,0.223125,0.0945,0.259375,0.1099999999999999,0.98888,0.0,0.0,877.921875,3.72052279774928,0.0,0.0,30.727265625,13.02182979212248,43.74909541712248,7349153,308563.0,4.1986198953811416,0.7950344419868097,Watch
455500,8862.0,14747.18982,IND,India,Gujarat,2.051254798,2.14158287,0.49,0.71,8862.0,,,,,,,,,,,,,,,,,,,,,,,,,62.93153976210145,41.02509596,42.831657400000005,3.0,138.75,0.941,125.812,0.853,102.5,0.695,0.938,0.006,1.25812,0.853,1.5375,1.0425,0.02345,0.015,4.72957,0.0,0.0,1176.890625,7.980439932028986,0.0,0.0,35.0,27.93153976210145,62.93153976210145,4871708,171909.0,3.5287213437258553,0.5382584456531703,Watch
455600,8863.0,29343.51717,IND,India,Gujarat,0.756181135,0.223009287,0.49,0.71,8863.0,,,,,,,,,,,,,,,,,,,,,,,,,25.538921813453523,15.1236227,4.46018574,,20.312,0.069,18.375,0.063,18.312,0.062,1.875,0.006,0.18375,0.063,0.27468,0.093,0.046875,0.015,0.676305,0.0,0.0,544.21875,1.854647303843864,0.0,0.0,19.04765625,6.491265563453524,25.538921813453523,7746477,,,0.1148771175720295,Information
455700,8864.0,11413.46751,IND,India,Gujarat,1.724388982,3.753929823,0.49,0.71,8864.0,,,,,,,,,,,,,,,,,,,,,,,,,70.0,34.48777964,75.07859646,3.0,294.25,2.578,284.75,2.495,121.438,1.064,6.312,0.055,2.8475,2.495,1.82157,1.596,0.1578,0.1375,9.05537,0.0,0.0,1813.5,15.889123959549336,0.0,0.0,35.0,35.0,70.0,1596896,121859.0,7.630991623750075,0.8491438121545392,Warning
455821,8876.0,20069.65551,IND,India,Gujarat,2.212648676,0.0,0.49,0.71,8876.0,,,,,,,,,,,,,,,,,,,,,,,,,70.0,44.252973520000005,0.0,3.0,49.562,0.247,48.25,0.24,30.5,0.152,15.938,0.079,0.4825,0.24,0.4575,0.2279999999999999,0.3984499999999999,0.1975,2.00395,0.0,0.0,2544.75,12.679589832708077,0.0,0.0,35.0,35.0,70.0,803222,29669.0,3.6937484282054025,0.5900490564949974,Watch
455823,8878.0,26961.8205,IND,India,Gujarat,2.407259871,0.0,0.49,0.71,8878.0,8878.0,0.0,1.0,-9999.0,-9999.0,-9999.0,0.0,10.0,-999.9,-999.9,-999.9,-5979.4,0.0,0.0,0.0,0.0,0.0,0.0,0.0,0.0,0.0,0.0,0.0,-5979.4,56.52809817698718,48.14519742,0.0,,,,,,,,,,,,,,,,,0.0,0.0,1658.390625,6.150885193424909,0.0,0.0,35.0,21.52809817698718,56.52809817698718,3438858,,,0.5343821644810487,Advisory
456429,8938.0,45508.17621,IND,India,Jammu and Kashmir,3.40797054,0.0,0.49,0.71,8938.0,8938.0,0.0,1.0,-9999.0,-9999.0,-9999.0,0.0,10.0,-999.9,-999.9,-999.9,-5980.066666666666,0.0,0.0,0.0,0.0,0.0,0.0,0.0,0.0,0.0,0.0,0.0,-5980.066666666666,38.27775121749857,68.1594108,0.0,,1.875,0.004,1.875,0.004,4.25,0.009,0.75,0.002,0.01875,0.004,0.06375,0.0134999999999999,0.01875,0.005,0.12375,0.0,0.0,896.625,1.9702503478567333,0.0,0.0,31.381875,6.895876217498566,38.27775121749857,20116892,,,0.5730430689000608,Advisory
456804,8993.0,4459.059298,IND,India,Jammu and Kashmir,4.018093071,0.0,0.49,0.71,8993.0,,,,,,,,,,,,,,,,,,,,,,,,,1.627899323275756,80.36186142,0.0,,12.375,0.278,9.375,0.21,0.0,0.0,0.062,0.001,0.09375,0.21,0.0,0.0,0.00155,0.0025,0.3077999999999999,0.0,0.0,14.34375,0.3216765923645017,0.0,0.0,0.50203125,1.125868073275756,1.627899323275756,16911,,,0.0063838650630092,Information
456805,8994.0,2283.151535,IND,India,Jammu and Kashmir,4.041878067,0.0,0.49,0.71,8994.0,,,,,,,,,,,,,,,,,,,,,,,,,0.62888,80.83756134,0.0,,29.625,1.298,11.688,0.512,0.0,0.0,0.0,0.0,0.11688,0.512,0.0,0.0,0.0,0.0,0.62888,,,,,,,,,,7575,,,0.0003168476094037,Information
456905,9004.0,13986.95819,IND,India,Jammu and Kashmir,2.993549818,0.0,0.49,0.71,9004.0,,,,,,,,,,,,,,,,,,,,,,,,,1.1479458165034455,59.87099636,0.0,,11.938,0.085,7.125,0.051,0.062,0.0,0.125,0.001,0.07125,0.051,0.0009299999999999,0.0,0.003125,0.0025,0.128805,0.0,0.0,19.125,0.1367345190009844,0.0,0.0,0.669375,0.4785708165034454,1.1479458165034455,95269,,,0.0001896192736498,Information
453119,16161.0,9480.013143,IND,India,West Bengal,4.002535319,4.094962825,0.49,0.71,16161.0,,,,,,,,,,,,,,,,,,,,,,,,,70.0,80.05070638,81.89925649999999,3.0,48.0,0.506,41.0,0.432,1.062,0.011,0.0,0.0,0.41,0.432,0.01593,0.0165,0.0,0.0,0.8744299999999999,0.0,0.0,1500.1875,15.82474071861034,0.0,0.0,35.0,35.0,70.0,15696564,1007662.0,6.419634258809763,0.9118990401256418,Warning
451009,8469.0,3159.169139,BGD,Bangladesh,Chittagong,4.076982255,4.055917123,0.44,0.78,8469.0,,,,,,,,,,,,,,,,,,,,,,,,,46.591015625,81.5396451,81.11834246000001,3.0,44.0,1.393,38.562,1.221,0.312,0.01,6.125,0.194,0.3856199999999999,1.221,0.00468,0.015,0.153125,0.485,2.264425,0.0,0.0,331.171875,10.48287889580209,0.0,0.0,11.591015625,35.0,46.591015625,4161360,162951.0,3.9158111771151742,0.8227204286349775,Warning
452201,8471.0,3772.760097,BGD,Bangladesh,Chittagong,4.020323421,4.035811474,0.44,0.78,8471.0,,,,,,,,,,,,,,,,,,,,,,,,,18.86607999414152,80.40646842,80.71622948,,15.375,0.408,15.375,0.408,0.375,0.01,0.0,0.0,0.15375,0.408,0.005625,0.015,0.0,0.0,0.582375,0.0,0.0,147.65625,3.91374606975472,0.0,0.0,5.16796875,13.69811124414152,18.86607999414152,6653824,,,0.4912645659090705,Advisory
452202,8472.0,11792.24126,BGD,Bangladesh,Dhaka,4.071189006,4.002369749,0.44,0.78,8472.0,,,,,,,,,,,,,,,,,,,,,,,,,23.97626488817354,81.42378012,80.04739497999999,3.0,142.625,1.209,109.375,0.928,55.375,0.47,0.062,0.001,1.09375,0.928,0.830625,0.705,0.00155,0.0025,3.561425,0.0,0.0,370.6875,3.1434863966210105,0.0,0.0,12.9740625,11.002202388173536,23.97626488817354,36202712,528867.0,1.4608491209166872,0.6007087784875748,Watch
452203,8473.0,5476.279456,BGD,Bangladesh,Chittagong,4.015321606,4.03424455,0.44,0.78,8473.0,8473.0,0.0,15.0,-9999.0,-9999.0,-9999.0,0.0,1.0,-999.9,-999.9,-999.9,-5997.4,0.0,0.0,0.0,0.0,0.0,0.0,0.0,0.0,0.0,0.0,0.0,-5997.4,52.67527916583104,80.30643212,80.68489100000001,3.0,8.062,0.147,8.062,0.147,0.25,0.005,0.0,0.0,0.08062,0.147,0.00375,0.0075,0.0,0.0,0.23887,0.0,0.0,532.546875,9.724611011666012,0.0,0.0,18.639140625,34.03613854083104,52.67527916583104,8536697,341509.0,4.000481685129506,0.8421319520343269,Warning
452204,8474.0,24113.18019,BGD,Bangladesh,Sylhet,4.150737533,3.471776443,0.44,0.78,8474.0,8474.0,0.0,12.0,2.0,-9999.0,-9999.0,0.0,1.0,0.2,-999.9,-999.9,-3496.9,0.0,0.0,0.0,0.0,0.0,0.0,0.0,0.0,0.0,0.0,0.0,-3496.9,70.0,83.01475066,69.43552886,3.0,184.938,0.767,156.562,0.649,2.812,0.012,0.0,0.0,1.56562,0.649,0.04218,0.018,0.0,0.0,2.2748,0.0,0.0,4242.515625,17.594177090463965,0.0,0.0,35.0,35.0,70.0,14447101,1742919.0,12.064143526095652,0.921634198477768,Warning
452205,8475.0,15459.06205,BGD,Bangladesh,Sylhet,4.185825804,3.287015024,0.44,0.78,8475.0,8475.0,0.0,15.0,-9999.0,-9999.0,-9999.0,0.0,1.0,-999.9,-999.9,-999.9,-5997.4,0.0,0.0,0.0,0.0,0.0,0.0,0.0,0.0,0.0,0.0,0.0,-5997.4,70.0,83.71651608,65.74030048,3.0,83.312,0.539,80.25,0.519,33.0,0.213,0.438,0.003,0.8025,0.519,0.495,0.3195,0.01095,0.0075,2.15445,0.0,0.0,3465.984375,22.42040534458404,0.0,0.0,35.0,35.0,70.0,10345883,1403033.0,13.561268767489446,0.9276271128595396,Warning
452300,8480.0,4189.821195,BGD,Bangladesh,Dhaka,4.15790271,4.042542728,0.44,0.78,8480.0,8480.0,0.0,10.0,-9999.0,-9999.0,-9999.0,0.0,1.0,-999.9,-999.9,-999.9,-5997.4,0.0,0.0,0.0,0.0,0.0,0.0,0.0,0.0,0.0,0.0,0.0,-5997.4,22.97001246940924,83.15805420000001,80.85085456,3.0,,,,,,,,,,,,,,,,0.0,0.0,193.78125,4.625048205545498,0.0,0.0,6.78234375,16.187668719409242,22.97001246940924,4524323,198846.0,4.395044297235189,0.6218400518722885,Watch
452411,8482.0,3037.698233,BGD,Bangladesh,Khulna,4.040965666,0.0,0.44,0.78,8482.0,8482.0,0.0,2.0,-9999.0,-9999.0,-9999.0,0.0,9.0,-999.9,-999.9,-999.9,-5981.4,0.0,0.0,0.0,0.0,0.0,0.0,0.0,0.0,0.0,0.0,0.0,-5981.4,20.25841591397896,80.81931331999999,0.0,,9.25,0.305,9.25,0.305,0.125,0.004,0.0,0.0,0.0925,0.305,0.001875,0.006,0.0,0.0,0.405375,0.0,0.0,134.859375,4.439525082565416,0.0,0.0,4.720078125,15.538337788978954,20.25841591397896,3348365,,,0.5217978957074473,Advisory
452413,8484.0,1156.069188,BGD,Bangladesh,Rajshahi,3.876372201,0.0,0.44,0.78,8484.0,8484.0,0.0,1.0,-9999.0,-9999.0,-9999.0,0.0,10.0,-999.9,-999.9,-999.9,-5979.4,0.0,0.0,0.0,0.0,0.0,0.0,0.0,0.0,0.0,0.0,0.0,-5979.4,25.315421421659256,77.52744402,0.0,,,,,,,,,,,,,,,,,0.0,0.0,74.953125,6.483446299045502,0.0,0.0,2.623359375,22.692062046659256,25.315421421659256,1362664,,,0.5474094300117396,Advisory
452510,8565.0,179.5463322,BGD,Bangladesh,Rajshahi,4.001919336,0.0,0.44,0.78,8565.0,,,,,,,,,,,,,,,,,,,,,,,,,35.654609375,80.03838672,0.0,3.0,0.25,0.139,0.25,0.139,0.0,0.0,0.0,0.0,0.0025,0.139,0.0,0.0,0.0,0.0,0.1415,0.0,0.0,18.703125,10.416879457725612,0.0,0.0,0.654609375,35.0,35.654609375,101084,8177.0,8.089311859443631,0.7190653965123517,Watch
452520,8566.0,17799.8795,BGD,Bangladesh,Rajshahi,4.083940434,0.0,0.44,0.78,8566.0,,,,,,,,,,,,,,,,,,,,,,,,,38.488769113064095,81.67880867999999,0.0,3.0,27.875,0.157,23.25,0.131,0.312,0.002,0.0,0.0,0.2325,0.131,0.00468,0.003,0.0,0.0,0.37118,0.0,0.0,704.109375,3.9556974251611714,0.0,0.0,24.643828125,13.8449409880641,38.488769113064095,18855018,369027.0,1.9571819024516446,0.7710496579138146,Watch
452530,8567.0,29173.39685,BGD,Bangladesh,Rangpur,4.01638316,0.0,0.44,0.78,8567.0,8567.0,0.0,9.0,-9999.0,-9999.0,-9999.0,0.0,2.0,-999.9,-999.9,-999.9,-5990.066666666666,0.0,0.0,0.0,0.0,0.0,0.0,0.0,0.0,0.0,0.0,0.0,-5990.066666666666,48.05148837881165,80.3276632,0.0,3.0,490.938,1.683,235.562,0.807,9.438,0.032,0.0,0.0,2.35562,0.807,0.14157,0.048,0.0,0.0,3.35219,0.0,0.0,1087.875,3.72899667966047,0.0,0.0,35.0,13.051488378811646,48.05148837881165,21166994,799367.0,3.7764786062678524,0.8140873945193021,Warning
453111,8643.0,11934.44768,BGD,Bangladesh,Barisal,4.014264714,4.250522736,0.44,0.78,8643.0,,,,,,,,,,,,,,,,,,,,,,,,,70.0,80.28529428,85.01045472,3.0,133.562,1.119,127.062,1.065,5.312,0.045,0.875,0.007,1.27062,1.065,0.07968,0.0675,0.021875,0.0175,2.5221750000000003,0.0,0.0,1535.765625,12.868342687814383,0.0,0.0,35.0,35.0,70.0,10070954,994321.0,9.873156008854773,0.938358917362224,Warning
453112,8644.0,2246.524227,BGD,Bangladesh,Dhaka,4.243922434,4.217879677,0.44,0.78,8644.0,,,,,,,,,,,,,,,,,,,,,,,,,41.48029237145387,84.87844867999999,84.35759354,3.0,2.0,0.089,2.0,0.089,0.125,0.006,0.0,0.0,0.02,0.089,0.001875,0.009,0.0,0.0,0.119875,0.0,0.0,217.40625,9.677449606129676,0.0,0.0,7.60921875,33.87107362145387,41.48029237145387,1704927,79989.0,4.691637823789523,0.843536053381529,Warning
453113,8645.0,3634.964915,BGD,Bangladesh,Khulna,3.387116314,4.600992837,0.44,0.78,8645.0,,,,,,,,,,,,,,,,,,,,,,,,,64.496796875,67.74232628,92.01985674,3.0,5.625,0.155,4.75,0.131,0.375,0.01,0.0,0.0,0.0475,0.131,0.005625,0.015,0.0,0.0,0.199125,0.0,0.0,842.765625,23.18497275156983,0.0,0.0,29.496796875,35.0,64.496796875,1320765,228291.0,17.284755425832756,0.9816757876532252,Warning
453115,8647.0,996.0541131,BGD,Bangladesh,Khulna,3.20567129,5.0,0.44,0.78,8647.0,,,,,,,,,,,,,,,,,,,,,,,,,40.079375,64.1134258,100.0,3.0,2.938,0.295,2.688,0.27,0.25,0.025,0.0,0.0,0.02688,0.27,0.00375,0.0375,0.0,0.0,0.33813,0.0,0.0,145.125,14.56999153918468,0.0,0.0,5.079375,35.0,40.079375,236354,47048.0,19.905734618411365,1.0,Warning
453116,8648.0,5347.537476,BGD,Bangladesh,Khulna,4.200653939,4.111023613,0.44,0.78,8648.0,,,,,,,,,,,,,,,,,,,,,,,,,28.788538994019927,84.01307878,82.22047226000001,3.0,5.125,0.096,4.875,0.091,0.062,0.001,0.0,0.0,0.04875,0.091,0.0009299999999999,0.0015,0.0,0.0,0.1421799999999999,0.0,0.0,286.59375,5.359359355434265,0.0,0.0,10.03078125,18.757757744019926,28.788538994019927,5520610,213970.0,3.8758398075574982,0.7218031162972012,Watch
453117,8649.0,3549.059606,BGD,Bangladesh,Khulna,4.313714932,4.890229814,0.44,0.78,8649.0,,,,,,,,,,,,,,,,,,,,,,,,,62.96609375,86.27429864,97.80459628,3.0,23.188,0.653,21.438,0.604,0.5,0.014,0.0,0.0,0.21438,0.604,0.0075,0.021,0.0,0.0,0.84688,0.0,0.0,799.03125,22.51388645523506,0.0,0.0,27.96609375,35.0,62.96609375,888372,222689.0,25.06708901226063,0.9996049364698408,Warning
451005,16160.0,14748.67178,BGD,Bangladesh,Chittagong,4.285285703,4.097916145,0.44,0.78,16160.0,,,,,,,,,,,,,,,,,,,,,,,,,59.38132687177129,85.70571405999999,81.9583229,3.0,31.625,0.214,28.812,0.195,0.062,0.0,0.0,0.0,0.28812,0.195,0.0009299999999999,0.0,0.0,0.0,0.48405,0.0,0.0,1027.40625,6.966093391934656,0.0,0.0,35.0,24.381326871771297,59.38132687177129,5703202,326821.0,5.73048263063451,0.922794122669366,Warning
452425,8496.0,14913.43901,NPL,Nepal,East,4.026049434,0.0,0.46,0.75,8496.0,8496.0,0.0,1.0,-9999.0,-9999.0,-9999.0,0.0,10.0,-999.9,-999.9,-999.9,-5979.4,0.0,0.0,0.0,0.0,0.0,0.0,0.0,0.0,0.0,0.0,0.0,-5979.4,14.166799116455914,80.52098868,0.0,,40.938,0.275,29.0,0.194,0.125,0.001,0.125,0.001,0.29,0.194,0.001875,0.0015,0.003125,0.0025,0.493,0.0,0.0,242.296875,1.6246881404159756,0.0,0.0,8.480390625,5.686408491455914,14.166799116455914,6589784,,,0.3750769629104504,Advisory
452426,8497.0,18234.9255,NPL,Nepal,Central,4.024722286,0.0,0.46,0.75,8497.0,8497.0,0.0,1.0,-9999.0,-9999.0,-9999.0,0.0,10.0,-999.9,-999.9,-999.9,-5979.4,0.0,0.0,0.0,0.0,0.0,0.0,0.0,0.0,0.0,0.0,0.0,-5979.4,5.3956837910299145,80.49444572,0.0,,5.0,0.027,4.625,0.025,1.5,0.008,0.0,0.0,0.04625,0.025,0.0225,0.012,0.0,0.0,0.10575,0.0,0.0,99.5625,0.5459989402942612,0.0,0.0,3.4846875,1.9109962910299143,5.3956837910299145,901887,,,0.0993786840943078,Information
452444,8513.0,19550.35627,NPL,Nepal,Far-Western,3.975153536,0.0,0.46,0.75,8513.0,8513.0,0.0,1.0,-9999.0,-9999.0,-9999.0,0.0,10.0,-999.9,-999.9,-999.9,-5979.4,0.0,0.0,0.0,0.0,0.0,0.0,0.0,0.0,0.0,0.0,0.0,-5979.4,6.516925123526583,79.50307072,0.0,,,,,,,,,,,,,,,,,0.0,0.0,123.1875,0.630103606721881,0.0,0.0,4.3115625,2.205362623526584,6.516925123526583,4278668,,,0.1259239710271187,Information
452445,8514.0,7350.263695,NPL,Nepal,Far-Western,4.016596119,0.0,0.46,0.75,8514.0,8514.0,0.0,1.0,-9999.0,-9999.0,-9999.0,0.0,10.0,-999.9,-999.9,-999.9,-5988.4,0.0,0.0,0.0,0.0,0.0,0.0,0.0,0.0,0.0,0.0,0.0,-5988.4,4.937676916443469,80.33192238,0.0,,,,,,,,,,,,,,,,,0.0,0.0,59.765625,0.8131085832695626,0.0,0.0,2.091796875,2.8458800414434693,4.937676916443469,3846321,,,0.0834702021755599,Information
452446,8515.0,13876.2705,NPL,Nepal,Mid-Western,4.091211156,0.0,0.46,0.75,8515.0,8515.0,0.0,15.0,-9999.0,-9999.0,-9999.0,0.0,1.0,-999.9,-999.9,-999.9,-5997.4,0.0,0.0,0.0,0.0,0.0,0.0,0.0,0.0,0.0,0.0,0.0,-5997.4,18.589120284584645,81.82422312,0.0,,,,,,,,,,,,,,,,,0.0,0.0,308.671875,2.224458474167042,0.0,0.0,10.803515625,7.785604659584647,18.589120284584645,252627,,,0.5089701440792735,Advisory
452448,8517.0,7412.38003,NPL,Nepal,Far-Western,4.048489092,0.0,0.46,0.75,8517.0,8517.0,0.0,1.0,-9999.0,-9999.0,-9999.0,0.0,10.0,-999.9,-999.9,-999.9,-5979.4,0.0,0.0,0.0,0.0,0.0,0.0,0.0,0.0,0.0,0.0,0.0,-5979.4,1.3989957977623826,80.96978184,0.0,,,,,,,,,,,,,,,,,0.0,0.0,17.015625,0.2295568350749664,0.0,0.0,0.595546875,0.8034489227623824,1.3989957977623826,194234,,,0.0045234936245044,Information
452449,8518.0,22782.36162,NPL,Nepal,Mid-Western,4.025761279,0.0,0.46,0.75,8518.0,8518.0,0.0,15.0,-9999.0,-9999.0,-9999.0,0.0,1.0,-999.9,-999.9,-999.9,-5997.4,0.0,0.0,0.0,0.0,0.0,0.0,0.0,0.0,0.0,0.0,0.0,-5997.4,21.86294714620848,80.51522558,0.0,,,,,,,,,,,,,,,,,0.0,0.0,434.109375,1.9054625774881355,0.0,0.0,15.193828125,6.669119021208474,21.86294714620848,84934,,,0.5458408211964907,Advisory
452436,8506.0,42636.9124,SGP,Singapore,WEST,4.024257933,0.0,0.83,0.24,8506.0,8506.0,0.0,4.0,-9999.0,-9999.0,-9999.0,0.0,7.0,-999.9,-999.9,-999.9,-5989.844444444445,0.0,0.0,0.0,0.0,0.0,0.0,0.0,0.0,0.0,0.0,0.0,-5989.844444444445,29.82828410688678,80.48515866000001,0.0,3.0,53.5,0.125,40.812,0.096,10.312,0.024,1.312,0.003,0.40812,0.096,0.15468,0.036,0.0328,0.0075,0.7351000000000001,0.0,0.0,690.328125,1.6190856376819374,0.0,0.0,24.161484375,5.666799731886781,29.82828410688678,10234700,164113.0,1.6034959500522732,0.66431984610549,Watch
452442,8511.0,25370.29055,SGP,Singapore,WEST,3.936563493,0.0,0.83,0.24,8511.0,8511.0,0.0,1.0,-9999.0,-9999.0,-9999.0,0.0,10.0,-999.9,-999.9,-999.9,-5979.4,0.0,0.0,0.0,0.0,0.0,0.0,0.0,0.0,0.0,0.0,0.0,-5979.4,1.3243448140013183,78.73126986,0.0,,,,,,,,,,,,,,,,,0.0,0.0,27.140625,0.1069779825718053,0.0,0.0,0.949921875,0.3744229390013185,1.3243448140013183,18229940,,,0.002748902819854,Information
458001,9017.0,65646.80778,LKA,Sri Lanka,Matale,4.012742772,0.543319937,0.58,0.58,9017.0,,,,,,,,,,,,,,,,,,,,,,,,,43.26300412857094,80.25485544,10.86639874,3.0,1002.0,1.526,571.562,0.871,17.125,0.026,0.812,0.001,5.71562,0.871,0.256875,0.039,0.0203,0.0025,6.905295,0.0,0.0,1549.828125,2.360858322448839,0.0,0.0,35.0,8.263004128570937,43.26300412857094,17960868,186817.0,1.0401334723912006,0.7835944198857998,Watch
458002,9018.0,1390.943118,LKA,Sri Lanka,Jaffna,4.011793304,0.0,0.58,0.58,9018.0,,,,,,,,,,,,,,,,,,,,,,,,,30.230279062775704,80.23586608000001,0.0,3.0,29.125,2.094,23.312,1.676,0.0,0.0,0.0,0.0,0.23312,1.676,0.0,0.0,0.0,0.0,1.90912,0.0,0.0,105.46875,7.5825350893644865,0.0,0.0,3.69140625,26.538872812775704,30.230279062775704,616954,4648.0,0.7533786959805755,0.664572609752525,Watch
461805,9116.0,3097.00262,TJK,Tajikistan,Tadzhikistan Territories,4.198474432,0.0,0.5,0.69,9116.0,,,,,,,,,,,,,,,,,,,,,,,,,25.03955167961937,83.96948864000001,0.0,3.0,0.25,0.008,0.25,0.008,1.062,0.034,0.25,0.008,0.0025,0.008,0.01593,0.051,0.00625,0.02,0.10368,0.0,0.0,169.171875,5.462438872748393,0.0,0.0,5.921015625,19.118536054619376,25.03955167961937,313964,37190.0,11.845307105273216,0.6721879324556811,Watch
461807,9118.0,7162.606967,TJK,Tajikistan,Tadzhikistan Territories,4.090774337,0.0,0.5,0.69,9118.0,9118.0,0.0,11.0,-9999.0,-9999.0,-9999.0,0.0,1.0,-999.9,-999.9,-999.9,-5997.4,0.0,0.0,0.0,0.0,0.0,0.0,0.0,0.0,0.0,0.0,0.0,-5997.4,6.297729067281139,81.81548674,0.0,,,,,,,,,,,,,,,,,0.0,0.0,75.09375,1.0484136620803255,0.0,0.0,2.62828125,3.669447817281139,6.297729067281139,241212,,,0.1444856036754557,Information
461900,9121.0,4470.141621,TJK,Tajikistan,Gorno-Badakhshan,4.19050847,0.0,0.5,0.69,9121.0,,,,,,,,,,,,,,,,,,,,,,,,,15.88463490200212,83.8101694,0.0,,21.625,0.484,18.875,0.422,1.438,0.032,0.125,0.003,0.18875,0.422,0.02157,0.048,0.003125,0.0075,0.690945,0.0,0.0,140.203125,3.1364358648577486,0.0,0.0,4.907109375,10.97752552700212,15.88463490200212,239,,,0.4924081794538252,Advisory
461965,9131.0,6782.609889,TJK,Tajikistan,Gorno-Badakhshan,4.263605654,0.0,0.5,0.69,9131.0,,,,,,,,,,,,,,,,,,,,,,,,,4.31118344218365,85.27211308,0.0,,6.0,0.088,4.812,0.071,1.188,0.018,0.0,0.0,0.04812,0.071,0.01782,0.0269999999999999,0.0,0.0,0.16394,0.0,0.0,49.78125,0.7339541977667573,0.0,0.0,1.74234375,2.5688396921836505,4.31118344218365,53834,,,0.1096239775265101,Information
461980,9137.0,4462.751443,TJK,Tajikistan,Gorno-Badakhshan,4.313739256,0.0,0.5,0.69,9137.0,,,,,,,,,,,,,,,,,,,,,,,,,2.536155789057213,86.27478511999999,0.0,,13.938,0.312,7.5,0.168,0.062,0.001,0.0,0.0,0.075,0.168,0.0009299999999999,0.0015,0.0,0.0,0.2454299999999999,0.0,0.0,22.359375,0.5010221897306323,0.0,0.0,0.782578125,1.753577664057213,2.536155789057213,196,,,0.0456494765757131,Information
461990,9138.0,19821.75416,TJK,Tajikistan,Gorno-Badakhshan,4.227023676,0.0,0.5,0.69,9138.0,,,,,,,,,,,,,,,,,,,,,,,,,14.802479699369584,84.54047352,0.0,,8.688,0.044,7.875,0.04,0.562,0.003,0.25,0.001,0.07875,0.04,0.00843,0.0045,0.00625,0.0025,0.14043,0.0,0.0,281.109375,1.418186164105596,0.0,0.0,9.838828125,4.963651574369586,14.802479699369584,15146,,,0.4826791028682803,Advisory
462199,9179.0,5558.918668,KGZ,Kyrgyzstan,Ysyk-Köl,4.031877818,0.0,0.55,0.63,9179.0,,,,,,,,,,,,,,,,,,,,,,,,,6.047615767720698,80.63755635999999,0.0,,44.75,0.805,22.25,0.4,0.0,0.0,0.375,0.007,0.2225,0.4,0.0,0.0,0.009375,0.0175,0.649375,0.0,0.0,61.734375,1.1105464693487708,0.0,0.0,2.160703125,3.8869126427206977,6.047615767720698,2084,,,0.1222786448369364,Information
482702,9577.0,46478.38085,KGZ,Kyrgyzstan,Ysyk-Köl,1.957866836,0.0,0.55,0.63,9577.0,,,,,,,,,,,,,,,,,,,,,,,,,5.574138296543806,39.15733672,0.0,,80.062,0.172,32.5,0.07,0.0,0.0,0.312,0.001,0.325,0.07,0.0,0.0,0.0078,0.0025,0.4053,0.0,0.0,131.0625,0.281985941869659,0.0,0.0,4.5871875,0.9869507965438064,5.574138296543806,1257764,,,0.0084206661195252,Information
511119,9712.0,4720.113151,IDN,Indonesia,Sumatera Utara,4.056216668,1.741625714,0.56,0.61,9712.0,,,,,,,,,,,,,,,,,,,,,,,,,1.1051514934373157,81.12433336000001,34.83251428,,15.75,0.334,15.75,0.334,0.0,0.0,0.0,0.0,0.1575,0.334,0.0,0.0,0.0,0.0,0.4915,0.0,0.0,10.125,0.2145075695535188,0.0,0.0,0.354375,0.7507764934373158,1.1051514934373157,221389,,,0.0022706330430918,Information
511120,9713.0,4898.240042,IDN,Indonesia,Sumatera Utara,1.857342196,0.0,0.56,0.61,9713.0,,,,,,,,,,,,,,,,,,,,,,,,,0.868267362420174,37.14684392,0.0,,21.25,0.434,21.25,0.434,0.0,0.0,0.0,0.0,0.2125,0.434,0.0,0.0,0.0,0.0,0.6465,0.0,0.0,8.15625,0.1665138892629069,0.0,0.0,0.28546875,0.5827986124201741,0.868267362420174,733191,,,9.258687320846478e-06,Information
511159,9724.0,12140.83473,IDN,Indonesia,Sumatera Utara,4.032703754,4.002401918,0.56,0.61,9724.0,,,,,,,,,,,,,,,,,,,,,,,,,26.101798036791493,80.65407508,80.04803836,3.0,13.25,0.109,10.188,0.084,0.125,0.001,0.062,0.001,0.10188,0.084,0.001875,0.0015,0.00155,0.0025,0.193305,0.0,0.0,408.9375,3.3682815819404266,0.0,0.0,14.3128125,11.788985536791492,26.101798036791493,7604902,230595.0,3.0321889749532605,0.6177292596249315,Watch
511160,9725.0,5644.885592,IDN,Indonesia,Sumatera Utara,4.219597661,1.533668748,0.56,0.61,9725.0,,,,,,,,,,,,,,,,,,,,,,,,,5.265445619458152,84.39195322,30.67337496,,6.0,0.106,4.75,0.084,0.0,0.0,0.0,0.0,0.0475,0.084,0.0,0.0,0.0,0.0,0.1315,0.0,0.0,54.28125,0.9616005341309004,0.0,0.0,1.89984375,3.3656018694581515,5.265445619458152,635161,,,0.1386022098707983,Information
511300,9730.0,6702.008111,IDN,Indonesia,Riau,4.024647927,4.202876133,0.56,0.61,9730.0,,,,,,,,,,,,,,,,,,,,,,,,,13.713115203488677,80.49295854,84.05752266,,6.5,0.097,6.375,0.095,0.0,0.0,0.0,0.0,0.06375,0.095,0.0,0.0,0.0,0.0,0.15875,0.0,0.0,157.21875,2.345845415282479,0.0,0.0,5.50265625,8.210458953488676,13.713115203488677,345817,,,0.4401320662742317,Advisory
511303,9733.0,156.8936088,IDN,Indonesia,Riau,4.084275919,4.247033175,0.56,0.61,9733.0,,,,,,,,,,,,,,,,,,,,,,,,,10.83340919640857,81.68551838,84.9406635,,0.438,0.279,0.438,0.279,0.0,0.0,0.0,0.0,0.00438,0.279,0.0,0.0,0.0,0.0,0.28338,0.0,0.0,4.78125,3.0474472704024484,0.0,0.0,0.16734375,10.66606544640857,10.83340919640857,22393,,,0.3709405289904098,Advisory
511304,9734.0,2603.87582,IDN,Indonesia,Riau,4.042132526,4.028969625,0.56,0.61,9734.0,,,,,,,,,,,,,,,,,,,,,,,,,6.098940437048776,80.84265051999999,80.57939250000001,,4.062,0.156,2.938,0.113,0.0,0.0,0.0,0.0,0.02938,0.113,0.0,0.0,0.0,0.0,0.14238,0.0,0.0,36.0,1.3825544105853644,0.0,0.0,1.26,4.838940437048776,6.098940437048776,29073,,,0.1261933789254314,Information
511305,9735.0,53.01602723,IDN,Indonesia,Riau,2.735656795,4.205027325,0.56,0.61,9735.0,,,,,,,,,,,,,,,,,,,,,,,,,15.866045503440889,54.713135900000005,84.1005465,,0.062,0.118,0.062,0.118,0.0,0.0,0.0,0.0,0.00062,0.118,0.0,0.0,0.0,0.0,0.1186199999999999,0.0,0.0,2.390625,4.509249608125968,0.0,0.0,0.083671875,15.782373628440888,15.866045503440889,4198,,,0.4991608595592618,Advisory
511504,9744.0,17479.12644,IDN,Indonesia,Riau,3.851277984,1.751885076,0.56,0.61,9744.0,9744.0,1.0,1.0,100.0,-9999.0,-9999.0,3.0,10.0,10.0,-999.9,-999.9,-3962.1333333333328,0.0,0.0,0.0,0.0,0.0,0.0,0.0,0.0,0.0,0.0,0.0,-3962.1333333333328,2.553452116312574,77.02555968,35.03770152,,,,,,,,,,,,,,,,,0.0,0.0,46.40625,0.2654952475178782,0.0,0.0,1.62421875,0.9292333663125736,2.553452116312574,2569854,,,0.0140125053479932,Information
511505,9745.0,1990.877404,IDN,Indonesia,Riau,3.574416753,4.05286459,0.56,0.61,9745.0,9745.0,1.0,1.0,100.0,-9999.0,-9999.0,3.0,10.0,10.0,-999.9,-999.9,-3953.6,0.0,0.0,0.0,0.0,0.0,0.0,0.0,0.0,0.0,0.0,0.0,-3953.6,11.175793675233068,71.48833506,81.0572918,,,,,,,,,,,,,,,,,0.0,0.0,53.015625,2.662927657209448,0.0,0.0,1.855546875,9.320246800233068,11.175793675233068,91872,,,0.2988645792740796,Information
511601,9750.0,5544.81664,IDN,Indonesia,Jambi,4.008747024,2.185708315,0.56,0.61,9750.0,9750.0,0.0,1.0,-9999.0,-9999.0,-9999.0,0.0,10.0,-999.9,-999.9,-999.9,-5979.4,0.0,0.0,0.0,0.0,0.0,0.0,0.0,0.0,0.0,0.0,0.0,-5979.4,4.539676357705077,80.17494048,43.7141663,,,,,,,,,,,,,,,,,0.0,0.0,46.265625,0.8343941379157364,0.0,0.0,1.619296875,2.9203794827050773,4.539676357705077,1342489,,,0.0702285393630176,Information
511603,9752.0,1256.675576,IDN,Indonesia,Jambi,4.120080111,0.0,0.56,0.61,9752.0,9752.0,0.0,1.0,-9999.0,-9999.0,-9999.0,0.0,10.0,-999.9,-999.9,-999.9,-5979.4,0.0,0.0,0.0,0.0,0.0,0.0,0.0,0.0,0.0,0.0,0.0,-5979.4,3.4829291993034226,82.40160222,0.0,,,,,,,,,,,,,,,,,0.0,0.0,11.109375,0.8840288783724065,0.0,0.0,0.388828125,3.0941010743034227,3.4829291993034226,39818,,,0.0526232062581309,Information
511804,9763.0,7506.665762,IDN,Indonesia,Sumatera Selatan,4.021944396,0.0,0.56,0.61,9763.0,,,,,,,,,,,,,,,,,,,,,,,,,4.109320054116826,80.43888792000001,0.0,,6.688,0.089,5.125,0.068,0.0,0.0,0.0,0.0,0.05125,0.068,0.0,0.0,0.0,0.0,0.11925,0.0,0.0,50.34375,0.670653944033379,0.0,0.0,1.76203125,2.3472888041168263,4.109320054116826,899492,,,0.0593461622409662,Information
515011,9778.0,24471.80992,IDN,Indonesia,Jawa Tengah,4.011798154,0.4480945,0.56,0.61,9778.0,,,,,,,,,,,,,,,,,,,,,,,,,32.53018842758537,80.23596308,8.96189,3.0,75.25,0.307,59.625,0.244,0.188,0.001,0.0,0.0,0.59625,0.244,0.00282,0.0015,0.0,0.0,0.8445699999999999,0.0,0.0,659.8125,2.6962145507386786,0.0,0.0,23.0934375,9.436750927585376,32.53018842758537,18064484,484197.0,2.680381017249095,0.6908653042098554,Watch
515012,9779.0,3781.579896,IDN,Indonesia,Jawa Barat,4.032329144,0.0,0.56,0.61,9779.0,,,,,,,,,,,,,,,,,,,,,,,,,25.84760375530198,80.64658288000001,0.0,3.0,25.188,0.666,14.875,0.393,0.125,0.003,0.062,0.002,0.14875,0.393,0.001875,0.0045,0.00155,0.005,0.5546749999999999,0.0,0.0,202.640625,5.358623394371994,0.0,0.0,7.092421875,18.75518188030198,25.84760375530198,3539068,394974.0,11.16039590084169,0.6138428022238749,Watch
515013,9780.0,26441.89944,IDN,Indonesia,Jawa Barat,4.003546545,2.56656962,0.56,0.61,9780.0,9780.0,0.0,8.0,-9999.0,-9999.0,-9999.0,0.0,3.0,-999.9,-999.9,-999.9,-5993.4,0.0,0.0,0.0,0.0,0.0,0.0,0.0,0.0,0.0,0.0,0.0,-5993.4,22.47296481358563,80.0709309,51.3313924,,15.25,0.058,12.625,0.048,0.125,0.0,0.062,0.0,0.12625,0.048,0.001875,0.0,0.00155,0.0,0.177675,0.0,0.0,465.890625,1.7619408395958942,0.0,0.0,16.306171875,6.16679293858563,22.47296481358563,47848752,,,0.5478113412229738,Advisory
515015,9782.0,30487.84322,IDN,Indonesia,Jawa Tengah,4.067899306,3.099236101,0.56,0.61,9782.0,,,,,,,,,,,,,,,,,,,,,,,,,52.03486357489503,81.35798612,61.98472201999999,3.0,96.75,0.317,82.938,0.272,1.438,0.005,0.188,0.001,0.82938,0.272,0.02157,0.0075,0.0046999999999999,0.0025,1.13765,0.0,0.0,1483.875,4.867103878541437,0.0,0.0,35.0,17.03486357489503,52.03486357489503,31676698,1021801.0,3.2257181603966423,0.8476711002321596,Warning
515016,9783.0,15870.86058,IDN,Indonesia,Jawa Timur,3.023934129,0.008849978,0.56,0.61,9783.0,,,,,,,,,,,,,,,,,,,,,,,,,43.0839253301275,60.478682580000005,0.17699956,,74.75,0.471,39.188,0.247,1.125,0.007,0.062,0.0,0.39188,0.247,0.016875,0.0105,0.00155,0.0,0.667805,0.0,0.0,755.15625,4.758130451464999,0.0,0.0,26.43046875,16.653456580127497,43.0839253301275,12190040,,,0.5343899089755784,Advisory
515017,9784.0,1954.190782,IDN,Indonesia,Jawa Timur,4.020651844,3.567581649,0.56,0.61,9784.0,,,,,,,,,,,,,,,,,,,,,,,,,19.38963658896301,80.41303687999999,71.35163298,,21.5,1.1,21.0,1.075,0.312,0.016,0.125,0.006,0.21,1.075,0.00468,0.024,0.003125,0.015,1.331805,0.0,0.0,90.5625,4.634271168275147,0.0,0.0,3.1696875,16.219949088963013,19.38963658896301,6362954,,,0.4959605904932614,Advisory
515018,9785.0,11150.76603,IDN,Indonesia,Jawa Timur,3.333979687,2.606788931,0.56,0.61,9785.0,,,,,,,,,,,,,,,,,,,,,,,,,15.917555065655964,66.67959374,52.13577862,,36.312,0.326,9.812,0.088,0.125,0.001,0.0,0.0,0.09812,0.088,0.001875,0.0015,0.0,0.0,0.189495,0.0,0.0,239.765625,2.150216625901704,0.0,0.0,8.391796875,7.525758190655963,15.917555065655964,12886284,,,0.2300301933323828,Information
515019,9786.0,8080.620281,IDN,Indonesia,Jawa Timur,1.244469132,2.687969402,0.56,0.61,9786.0,,,,,,,,,,,,,,,,,,,,,,,,,14.250610906730618,24.88938264,53.75938804,,62.688,0.776,19.562,0.242,5.75,0.071,0.5,0.006,0.19562,0.242,0.08625,0.1064999999999999,0.0125,0.015,0.6578700000000001,0.0,0.0,181.96875,2.251915616208748,0.0,0.0,6.36890625,7.8817046567306175,14.250610906730618,5203094,,,0.1195860424617635,Information
515020,9787.0,5555.141678,IDN,Indonesia,Bali,4.075976381,1.283038776,0.56,0.61,9787.0,,,,,,,,,,,,,,,,,,,,,,,,,21.8994550754683,81.51952762,25.66077552,,62.625,1.127,53.188,0.957,2.5,0.045,0.625,0.011,0.53188,0.957,0.0375,0.0675,0.015625,0.0274999999999999,1.637005,0.0,0.0,223.453125,4.022455914419514,0.0,0.0,7.820859375,14.0785957004683,21.8994550754683,4792800,,,0.5673954948856421,Advisory
515030,9788.0,233.8510304,IDN,Indonesia,Bali,2.137074492,0.0,0.56,0.61,9788.0,,,,,,,,,,,,,,,,,,,,,,,,,20.893063154856733,42.74148984,0.0,,0.5,0.214,0.5,0.214,0.0,0.0,0.0,0.0,0.005,0.214,0.0,0.0,0.0,0.0,0.219,0.0,0.0,13.640625,5.8330403656733525,0.0,0.0,0.477421875,20.41564127985673,20.893063154856733,117010,,,0.1566890486756729,Information
515040,9789.0,4720.590836,IDN,Indonesia,Jawa Timur,1.026483627,3.069345078,0.56,0.61,9789.0,,,,,,,,,,,,,,,,,,,,,,,,,24.87954749352707,20.52967254,61.38690156,,48.812,1.034,34.125,0.723,0.125,0.003,0.0,0.0,0.34125,0.723,0.001875,0.0045,0.0,0.0,1.070625,0.0,0.0,227.953125,4.828910891007735,0.0,0.0,7.978359375,16.90118811852707,24.87954749352707,3878408,,,0.3301331688981204,Information
516001,9791.0,4781.300206,IDN,Indonesia,Nusa Tenggara Barat,4.169457377,1.759389717,0.56,0.61,9791.0,,,,,,,,,,,,,,,,,,,,,,,,,20.3740694175827,83.38914754,35.18779434,,16.5,0.345,14.938,0.312,2.0,0.042,0.0,0.0,0.14938,0.312,0.03,0.063,0.0,0.0,0.5543800000000001,0.0,0.0,188.296875,3.9381939407379134,0.0,0.0,6.590390625,13.7836787925827,20.3740694175827,3722631,,,0.580904028072718,Advisory
516003,9792.0,17771.86334,IDN,Indonesia,Nusa Tenggara Timur,4.052775048,0.157690613,0.56,0.61,9792.0,,,,,,,,,,,,,,,,,,,,,,,,,27.87345622885385,81.05550096,3.15381226,3.0,35.312,0.199,22.562,0.127,7.625,0.043,0.75,0.004,0.22562,0.127,0.114375,0.0645,0.01875,0.01,0.5602450000000001,0.0,0.0,509.625,2.8675946368153875,0.0,0.0,17.836875,10.036581228853857,27.87345622885385,2374288,74551.0,3.139930791883714,0.6503113730994927,Watch
516004,9793.0,3126.59852,IDN,Indonesia,Nusa Tenggara Timur,1.626295835,0.0,0.56,0.61,9793.0,,,,,,,,,,,,,,,,,,,,,,,,,16.179773078396405,32.5259167,0.0,,21.188,0.678,13.75,0.44,1.625,0.052,0.0,0.0,0.1375,0.44,0.024375,0.078,0.0,0.0,0.679875,0.0,0.0,110.109375,3.5216985581132585,0.0,0.0,3.853828125,12.325944953396403,16.179773078396405,220125,,,0.0766485649121677,Information
516005,9794.0,11175.74891,IDN,Indonesia,Nusa Tenggara Timur,3.548238834,0.0,0.56,0.61,9794.0,,,,,,,,,,,,,,,,,,,,,,,,,12.459458871064417,70.96477668,0.0,,34.188,0.306,32.812,0.294,0.688,0.006,0.188,0.002,0.3281199999999999,0.294,0.01032,0.009,0.0046999999999999,0.005,0.65114,0.0,0.0,187.875,1.6810953917326903,0.0,0.0,6.575625,5.883833871064416,12.459458871064417,875049,,,0.1987681139556357,Information
516006,9795.0,502.4032551,IDN,Indonesia,Nusa Tenggara Timur,1.729901916,0.0,0.56,0.61,9795.0,,,,,,,,,,,,,,,,,,,,,,,,,13.99283565003332,34.59803832,0.0,,5.062,1.008,4.062,0.809,0.438,0.087,0.062,0.012,0.04062,0.809,0.00657,0.1305,0.00155,0.03,1.01824,0.0,0.0,19.125,3.8067030428666624,0.0,0.0,0.669375,13.32346065003332,13.99283565003332,90856,,,0.0615359713417533,Information
517004,9797.0,4897.013531,IDN,Indonesia,Maluku,3.296606894,4.003178554,0.56,0.61,9797.0,,,,,,,,,,,,,,,,,,,,,,,,,43.30088539192583,65.93213788,80.06357108,3.0,18.438,0.377,14.438,0.295,1.375,0.028,0.438,0.009,0.14438,0.295,0.020625,0.042,0.01095,0.0225,0.535455,0.0,0.0,406.6875,8.304806540550238,0.0,0.0,14.2340625,29.066822891925835,43.30088539192583,122858,27504.0,22.38682055706588,0.7810146129091133,Watch
517005,9798.0,2930.636035,IDN,Indonesia,Maluku,3.73499506,1.031944092,0.56,0.61,9798.0,,,,,,,,,,,,,,,,,,,,,,,,,5.733139495372559,74.6999012,20.63888184,,29.625,1.011,15.812,0.54,0.938,0.032,0.0,0.0,0.1581199999999999,0.54,0.01407,0.048,0.0,0.0,0.7601900000000001,0.0,0.0,37.125,1.2667898558207311,0.0,0.0,1.299375,4.433764495372559,5.733139495372559,25799,,,0.0688321950883674,Information
521100,9800.0,20000.44035,IDN,Indonesia,Kalimantan Selatan,4.022076345,2.80661191,0.56,0.61,9800.0,9800.0,1.0,1.0,100.0,5.0,2.0,3.0,10.0,10.0,0.5,0.2,-952.9,0.0,0.0,0.0,0.0,0.0,0.0,0.0,0.0,0.0,0.0,0.0,-952.9,27.722257481663924,80.44152690000001,56.1322382,3.0,,,,,,,,,,,,,,,,0.0,0.0,528.046875,2.640176244761121,0.0,0.0,18.481640625,9.240616856663925,27.722257481663924,3539321,35745.0,1.0099394770917924,0.6363904079447673,Watch
521203,9803.0,15137.7745,IDN,Indonesia,Kalimantan Tengah,4.12616192,0.0,0.56,0.61,9803.0,9803.0,1.0,11.0,100.0,-9999.0,-9999.0,3.0,1.0,10.0,-999.9,-999.9,-1948.95,0.0,0.0,0.0,0.0,0.0,0.0,0.0,0.0,0.0,0.0,0.0,-1948.95,17.77684295042679,82.52323840000001,0.0,,,,,,,,,,,,,,,,,0.0,0.0,305.859375,2.020504235836225,0.0,0.0,10.705078125,7.071764825426788,17.77684295042679,434406,,,0.5067914897436769,Advisory
521208,9808.0,8287.043187,IDN,Indonesia,Kalimantan Tengah,2.646364273,0.0,0.56,0.61,9808.0,,,,,,,,,,,,,,,,,,,,,,,,,0.803722613798246,52.92728546,0.0,,10.438,0.126,10.438,0.126,0.0,0.0,0.0,0.0,0.10438,0.126,0.0,0.0,0.0,0.0,0.23038,0.0,0.0,10.40625,0.1255725325137846,0.0,0.0,0.36421875,0.4395038637982461,0.803722613798246,7702,,,2.3486941549210816e-05,Information
521310,9810.0,258.9411107,IDN,Indonesia,Kalimantan Tengah,4.077287639,3.164254762,0.56,0.61,9810.0,9810.0,1.0,4.0,100.0,2.0,-9999.0,3.0,7.0,10.0,0.2,-999.9,-1959.4,0.0,0.0,0.0,0.0,0.0,0.0,0.0,0.0,0.0,0.0,0.0,-1959.4,7.799955077495023,81.54575277999999,63.28509524,,,,,,,,,,,,,,,,,0.0,0.0,5.625,2.1723085935700066,0.0,0.0,0.196875,7.603080077495023,7.799955077495023,1737,,,0.1945704008331594,Information
521320,9811.0,16029.61155,IDN,Indonesia,Kalimantan Tengah,4.13304562,2.113305214,0.56,0.61,9811.0,9811.0,1.0,1.0,100.0,2.0,-9999.0,3.0,10.0,10.0,0.2,-999.9,-2635.2666666666664,0.0,0.0,0.0,0.0,0.0,0.0,0.0,0.0,0.0,0.0,0.0,-2635.2666666666664,11.764760182203975,82.6609124,42.26610428,,129.375,0.807,82.625,0.515,1.562,0.01,0.0,0.0,0.82625,0.515,0.02343,0.015,0.0,0.0,1.37968,0.0,0.0,207.0,1.2913600520582786,0.0,0.0,7.245,4.519760182203975,11.764760182203975,580562,,,0.3490617764634136,Information
521330,9812.0,7004.630125,IDN,Indonesia,Kalimantan Tengah,4.139069036,3.112320485,0.56,0.61,9812.0,9812.0,1.0,3.0,100.0,2.0,-9999.0,3.0,8.0,10.0,0.2,-999.9,-1946.8666666666668,0.0,0.0,0.0,0.0,0.0,0.0,0.0,0.0,0.0,0.0,0.0,-1946.8666666666668,20.02564791996967,82.78138072000002,62.2464097,,,,,,,,,,,,,,,,,0.0,0.0,235.6875,3.3647386914199053,0.0,0.0,8.2490625,11.776585419969669,20.02564791996967,46054,,,0.5600210296526926,Advisory
521340,9813.0,19174.379,IDN,Indonesia,Kalimantan Tengah,4.164722915,0.0,0.56,0.61,9813.0,9813.0,1.0,15.0,100.0,2.0,-9999.0,3.0,1.0,10.0,0.2,-999.9,-1971.4,0.0,0.0,0.0,0.0,0.0,0.0,0.0,0.0,0.0,0.0,0.0,-1971.4,9.81029774612848,83.29445829999999,0.0,,103.0,0.537,55.375,0.289,0.5,0.003,0.0,0.0,0.55375,0.289,0.0075,0.0045,0.0,0.0,0.8547499999999998,0.0,0.0,184.21875,0.9607547131795656,0.0,0.0,6.44765625,3.36264149612848,9.81029774612848,136760,,,0.2972563883061684,Information
521360,9815.0,14639.66952,IDN,Indonesia,Kalimantan Tengah,4.226359879,0.006268624,0.56,0.61,9815.0,9815.0,1.0,15.0,35.0,2.0,-9999.0,3.0,1.0,3.5,0.2,-999.9,-1977.9,0.0,0.0,0.0,0.0,0.0,0.0,0.0,0.0,0.0,0.0,0.0,-1977.9,5.9064116943782,84.52719758,0.12537248,,14.625,0.1,14.625,0.1,0.0,0.0,0.0,0.0,0.14625,0.1,0.0,0.0,0.0,0.0,0.24625,0.0,0.0,100.265625,0.6848899483937715,0.0,0.0,3.509296875,2.3971148193782,5.9064116943782,448173,,,0.1677623923738854,Information
521370,9816.0,20392.66252,IDN,Indonesia,Kalimantan Tengah,4.020560221,2.289010114,0.56,0.61,9816.0,9816.0,2.0,1.0,100.0,100.0,2.0,7.0,10.0,10.0,10.0,0.2,-1947.3666666666668,0.0,0.0,0.0,0.0,0.0,0.0,0.0,0.0,0.0,0.0,0.0,-1947.3666666666668,26.114119874528825,80.41120442,45.78020228,3.0,29.0,0.142,28.625,0.14,0.125,0.001,0.0,0.0,0.28625,0.14,0.001875,0.0015,0.0,0.0,0.429625,0.0,0.0,500.625,2.4549271070082352,0.0,0.0,17.521875,8.592244874528824,26.114119874528825,390297,7585.0,1.943391827249505,0.6131422964624161,Watch
521380,9817.0,13740.28803,IDN,Indonesia,Kalimantan Tengah,4.032464493,1.018242236,0.56,0.61,9817.0,,,,,,,,,,,,,,,,,,,,,,,,,6.752136747777039,80.64928986,20.36484472,,15.062,0.11,13.75,0.1,0.0,0.0,0.0,0.0,0.1375,0.1,0.0,0.0,0.0,0.0,0.2375,0.0,0.0,111.65625,0.8126194279362968,0.0,0.0,3.90796875,2.844167997777039,6.752136747777039,244650,,,0.1462002637609126,Information
521391,9818.0,1469.17904,IDN,Indonesia,Kalimantan Tengah,4.116297631,4.060353959,0.56,0.61,9818.0,,,,,,,,,,,,,,,,,,,,,,,,,7.569277274435906,82.32595262000001,81.20707918000001,,0.0,0.0,0.0,0.0,1.625,0.111,0.0,0.0,0.0,0.0,0.024375,0.1665,0.0,0.0,0.190875,0.0,0.0,27.703125,1.8856193998388304,0.0,0.0,0.969609375,6.599667899435906,7.569277274435906,17705,,,0.1982190624129411,Information
521394,9821.0,11149.71024,IDN,Indonesia,Kalimantan Barat,4.305379231,4.002701728,0.56,0.61,9821.0,9821.0,1.0,1.0,100.0,2.0,-9999.0,3.0,10.0,10.0,0.2,-999.9,-1953.4,0.0,0.0,0.0,0.0,0.0,0.0,0.0,0.0,0.0,0.0,0.0,-1953.4,3.659801135938833,86.10758462,80.05403455999999,,,,,,,,,,,,,,,,,0.0,0.0,55.125,0.494407467411095,0.0,0.0,1.929375,1.7304261359388324,3.659801135938833,169164,,,0.0911127071425851,Information
521402,9828.0,5174.417154,IDN,Indonesia,Kalimantan Barat,4.020805784,0.0,0.56,0.61,9828.0,,,,,,,,,,,,,,,,,,,,,,,,,3.1032704120086176,80.41611568,0.0,,66.062,1.277,58.312,1.127,0.0,0.0,0.0,0.0,0.58312,1.127,0.0,0.0,0.0,0.0,1.71012,0.0,0.0,30.234375,0.5843049391453193,0.0,0.0,1.058203125,2.0450672870086177,3.1032704120086176,118435,,,0.0327192603541628,Information
521403,9829.0,10577.88417,IDN,Indonesia,Kalimantan Barat,4.011883502,0.0,0.56,0.61,9829.0,,,,,,,,,,,,,,,,,,,,,,,,,6.36728275789529,80.23767004,0.0,,6.125,0.058,6.125,0.058,0.0,0.0,0.0,0.0,0.06125,0.058,0.0,0.0,0.0,0.0,0.11925,0.0,0.0,93.515625,0.88406739511294,0.0,0.0,3.273046875,3.09423588289529,6.36728275789529,344279,,,0.1286901284525535,Information
521405,9831.0,1029.922319,IDN,Indonesia,Kalimantan Barat,4.117851445,0.0,0.56,0.61,9831.0,,,,,,,,,,,,,,,,,,,,,,,,,4.84938194450935,82.3570289,0.0,,1.438,0.14,1.438,0.14,0.062,0.006,0.0,0.0,0.0143799999999999,0.14,0.0009299999999999,0.009,0.0,0.0,0.16431,0.0,0.0,12.9375,1.2561626984312428,0.0,0.0,0.4528125,4.39656944450935,4.84938194450935,39955,,,0.0982675680649077,Information
521407,9833.0,2999.954131,IDN,Indonesia,Kalimantan Barat,4.026537172,0.0,0.56,0.61,9833.0,,,,,,,,,,,,,,,,,,,,,,,,,3.839107653016781,80.53074344000001,0.0,,2.938,0.098,2.812,0.094,0.0,0.0,0.0,0.0,0.02812,0.094,0.0,0.0,0.0,0.0,0.12212,0.0,0.0,25.3125,0.8437629008619376,0.0,0.0,0.8859375,2.953170153016781,3.839107653016781,29305,,,0.0522309575434088,Information
521408,9834.0,3834.681797,IDN,Indonesia,Kalimantan Barat,4.030900479,0.0,0.56,0.61,9834.0,,,,,,,,,,,,,,,,,,,,,,,,,44.17950021748298,80.61800957999999,0.0,3.0,32.562,0.849,28.188,0.735,0.0,0.0,0.0,0.0,0.2818799999999999,0.735,0.0,0.0,0.0,0.0,1.01688,0.0,0.0,349.875,9.12396434785228,0.0,0.0,12.245625,31.93387521748297,44.17950021748298,110904,25905.0,23.35803938541441,0.7950065203749955,Watch
521409,9835.0,24464.64017,IDN,Indonesia,Kalimantan Barat,4.039038472,0.0,0.56,0.61,9835.0,,,,,,,,,,,,,,,,,,,,,,,,,11.939843737750348,80.78076944,0.0,,7.812,0.032,7.812,0.032,0.062,0.0,0.0,0.0,0.07812,0.032,0.0009299999999999,0.0,0.0,0.0,0.11105,0.0,0.0,242.15625,0.989821425071528,0.0,0.0,8.47546875,3.464374987750348,11.939843737750348,130147,,,0.3170263783746206,Information
521757,9868.0,1518.23869,IDN,Indonesia,Kalimantan Timur,4.019144756,4.011279341,0.56,0.61,9868.0,,,,,,,,,,,,,,,,,,,,,,,,,42.90453125,80.38289512,80.22558681999999,3.0,0.0,0.0,0.0,0.0,21.125,1.391,0.0,0.0,0.0,0.0,0.316875,2.0865,0.0,0.0,2.403375,0.0,0.0,225.84375,14.875378394155147,0.0,0.0,7.90453125,35.0,42.90453125,22481,262.0,1.1654285841377163,0.7830618010454679,Watch
521794,9874.0,2156.380395,IDN,Indonesia,Kalimantan Timur,3.286304729,0.0,0.56,0.61,9874.0,9874.0,1.0,1.0,100.0,21.0,-9999.0,3.0,10.0,10.0,2.1,-999.9,-1949.6,0.0,0.0,0.0,0.0,0.0,0.0,0.0,0.0,0.0,0.0,0.0,-1949.6,1.4983154105660097,65.72609458,0.0,,,,,,,,,,,,,,,,,0.0,0.0,7.59375,0.3521526173045742,0.0,0.0,0.26578125,1.2325341605660096,1.4983154105660097,3060,,,0.0008739039633649,Information
521796,9876.0,3945.205159,IDN,Indonesia,Kalimantan Timur,4.074946903,0.0,0.56,0.61,9876.0,9876.0,1.0,1.0,100.0,-9999.0,-9999.0,3.0,10.0,10.0,-999.9,-999.9,-3953.6,0.0,0.0,0.0,0.0,0.0,0.0,0.0,0.0,0.0,0.0,0.0,-3953.6,0.382744162910788,81.49893806,0.0,,,,,,,,,,,,,,,,,0.0,0.0,3.09375,0.078417975117368,0.0,0.0,0.10828125,0.274462912910788,0.382744162910788,26670,,,5.261250009773756e-05,Information
521804,9882.0,10731.52864,IDN,Indonesia,Kalimantan Timur,4.000327548,0.0,0.56,0.61,9882.0,9882.0,1.0,1.0,100.0,-9999.0,-9999.0,3.0,10.0,10.0,-999.9,-999.9,-2939.7,0.0,0.0,0.0,0.0,0.0,0.0,0.0,0.0,0.0,0.0,0.0,-2939.7,1.226563472608334,80.00655096,0.0,,,,,,,,,,,,,,,,,0.0,0.0,18.140625,0.169040456459524,0.0,0.0,0.634921875,0.591641597608334,1.226563472608334,28140,,,0.0026257452567379,Information
521805,9883.0,7647.139086,IDN,Indonesia,Kalimantan Timur,4.052069818,0.0,0.56,0.61,9883.0,9883.0,0.0,11.0,15.0,-9999.0,-9999.0,0.0,1.0,1.5,-999.9,-999.9,-3994.6,0.0,0.0,0.0,0.0,0.0,0.0,0.0,0.0,0.0,0.0,0.0,-3994.6,24.99919025726184,81.04139636,0.0,3.0,,,,,,,,,,,,,,,,0.0,0.0,309.515625,4.047469537789097,0.0,0.0,10.833046875,14.16614338226184,24.99919025726184,63981,5811.0,9.082383832700334,0.6089508339493567,Watch
521806,9884.0,7082.746649,IDN,Indonesia,Kalimantan Timur,3.675259049,0.0,0.56,0.61,9884.0,9884.0,1.0,3.0,45.0,3.0,-9999.0,3.0,8.0,4.5,0.3,-999.9,-1968.2,0.0,0.0,0.0,0.0,0.0,0.0,0.0,0.0,0.0,0.0,0.0,-1968.2,7.965427565341178,73.50518098,0.0,,,,,,,,,,,,,,,,,0.0,0.0,94.359375,1.3322426972403367,0.0,0.0,3.302578125,4.662849440341178,7.965427565341178,61291,,,0.114713036854962,Information
521807,9885.0,10788.52885,IDN,Indonesia,Kalimantan Timur,4.022190408,0.0,0.56,0.61,9885.0,9885.0,1.0,1.0,100.0,-9999.0,-9999.0,3.0,10.0,10.0,-999.9,-999.9,-3962.6,0.0,0.0,0.0,0.0,0.0,0.0,0.0,0.0,0.0,0.0,0.0,-3962.6,7.046621148132836,80.44380816,0.0,,,,,,,,,,,,,,,,,0.0,0.0,104.484375,0.9684765780379532,0.0,0.0,3.656953125,3.389668023132836,7.046621148132836,90113,,,0.153687936950179,Information
521808,9886.0,6639.384992,IDN,Indonesia,Kalimantan Timur,1.562172833,0.0,0.56,0.61,9886.0,9886.0,1.0,1.0,100.0,-9999.0,-9999.0,3.0,10.0,10.0,-999.9,-999.9,-3953.6,0.0,0.0,0.0,0.0,0.0,0.0,0.0,0.0,0.0,0.0,0.0,-3953.6,-3953.6,31.24345666,0.0,,,,,,,,,,,,,,,,,,,,,,,,,,24007,,,,
525012,9925.0,6481.162303,IDN,Indonesia,Sulawesi Selatan,2.674208182,1.103976627,0.56,0.61,9925.0,,,,,,,,,,,,,,,,,,,,,,,,,9.74996319780779,53.484163640000006,22.07953254,,9.062,0.14,9.062,0.14,0.188,0.003,0.0,0.0,0.0906199999999999,0.14,0.00282,0.0045,0.0,0.0,0.2379399999999999,0.0,0.0,109.546875,1.6902350208022257,0.0,0.0,3.834140625,5.91582257280779,9.74996319780779,835286,,,0.059081673185568,Information
525018,9928.0,7397.418053,IDN,Indonesia,Sulawesi Selatan,4.051676573,0.0,0.56,0.61,9928.0,9928.0,0.0,1.0,-9999.0,-9999.0,-9999.0,0.0,10.0,-999.9,-999.9,-999.9,-5979.4,0.0,0.0,0.0,0.0,0.0,0.0,0.0,0.0,0.0,0.0,0.0,-5979.4,70.0,81.03353146,0.0,3.0,,,,,,,,,,,,,,,,0.0,0.0,1171.6875,15.83914132727684,0.0,0.0,35.0,35.0,70.0,1176517,291301.0,24.75960823345519,0.9041935597473796,Warning
525019,9929.0,4678.768148,IDN,Indonesia,Sulawesi Selatan,4.152640039,1.973843866,0.56,0.61,9929.0,,,,,,,,,,,,,,,,,,,,,,,,,53.914765625,83.05280077999998,39.47687732,3.0,16.062,0.343,16.062,0.343,0.188,0.004,0.0,0.0,0.16062,0.343,0.00282,0.006,0.0,0.0,0.5124400000000001,0.0,0.0,540.421875,11.550516244418825,0.0,0.0,18.914765625,35.0,53.914765625,1312283,280458.0,21.371762036085205,0.876425461375571,Warning
525030,9930.0,9920.440447,IDN,Indonesia,Sulawesi Tenggara,3.624035441,4.003577449,0.56,0.61,9930.0,,,,,,,,,,,,,,,,,,,,,,,,,37.27951435300598,72.48070882,80.07154897999999,3.0,15.0,0.151,13.125,0.132,1.562,0.016,0.438,0.004,0.13125,0.132,0.02343,0.024,0.01095,0.01,0.33163,0.0,0.0,530.4375,5.346914815144565,0.0,0.0,18.5653125,18.71420185300597,37.27951435300598,1005298,34549.0,3.436692403645486,0.7344394485290807,Watch
525040,9931.0,558.4505947,IDN,Indonesia,Sulawesi Tenggara,0.0,2.574266368,0.56,0.61,9931.0,,,,,,,,,,,,,,,,,,,,,,,,,22.98491846049802,0.0,51.48532736,,4.438,0.795,4.438,0.795,0.25,0.045,0.0,0.0,0.0443799999999999,0.795,0.00375,0.0675,0.0,0.0,0.91063,0.0,0.0,34.734375,6.219775810142291,0.0,0.0,1.215703125,21.76921533549801,22.98491846049802,86468,,,0.2275233299719176,Information
525060,9933.0,5129.795888,IDN,Indonesia,Maluku Utara,0.610166953,3.454743207,0.56,0.61,9933.0,,,,,,,,,,,,,,,,,,,,,,,,,18.65377317112401,12.20333906,69.09486414,,21.375,0.417,16.688,0.325,0.438,0.009,0.0,0.0,0.16688,0.325,0.00657,0.0134999999999999,0.0,0.0,0.51195,0.0,0.0,180.703125,3.5226182274640028,0.0,0.0,6.324609375,12.32916379612401,18.65377317112401,223538,,,0.3068236898338171,Information
531500,9968.0,12724.02917,IDN,Indonesia,Papua,4.335449034,3.026829292,0.56,0.61,9968.0,,,,,,,,,,,,,,,,,,,,,,,,,50.45487728696091,86.70898068,60.53658584,3.0,135.188,1.062,73.625,0.579,3.188,0.025,11.688,0.092,0.73625,0.579,0.04782,0.0375,0.2922,0.2299999999999999,1.92277,0.0,0.0,807.1875,6.343804224845975,0.0,0.0,28.2515625,22.20331478696092,50.45487728696091,11386,913.0,8.018619357105216,0.9088965723230388,Warning
531520,9969.0,8118.330017,IDN,Indonesia,Papua,4.341848107,3.839449031,0.56,0.61,9969.0,,,,,,,,,,,,,,,,,,,,,,,,,10.929621558466442,86.83696214,76.78898062,,356.812,4.395,50.562,0.623,0.0,0.0,0.062,0.001,0.50562,0.623,0.0,0.0,0.00155,0.0025,1.1326699999999998,0.0,0.0,139.921875,1.7235302667046977,0.0,0.0,4.897265625,6.032355933466442,10.929621558466442,132872,,,0.4262474508687243,Advisory
531530,9970.0,24700.28257,IDN,Indonesia,Papua,4.305560706,3.533959119,0.56,0.61,9970.0,,,,,,,,,,,,,,,,,,,,,,,,,41.91578476251029,86.11121412,70.67918238,3.0,540.688,2.189,151.938,0.615,0.125,0.001,0.0,0.0,1.51938,0.615,0.001875,0.0015,0.0,0.0,2.1377550000000003,0.0,0.0,852.46875,3.4512510035743698,0.0,0.0,29.83640625,12.079378512510294,41.91578476251029,145117,1539.0,1.060523577527099,0.8653293492196308,Warning
531540,9971.0,25655.39558,IDN,Indonesia,Papua,3.975419836,0.0,0.56,0.61,9971.0,,,,,,,,,,,,,,,,,,,,,,,,,12.189470010414464,79.50839672,0.0,,343.188,1.338,96.375,0.376,0.0,0.0,0.062,0.0,0.96375,0.376,0.0,0.0,0.00155,0.0,1.3413,0.0,0.0,250.59375,0.976768217261275,0.0,0.0,8.77078125,3.4186887604144625,12.189470010414464,122671,,,0.3017260162667298,Information
531560,9973.0,9588.095744,IDN,Indonesia,Papua,4.077024298,0.0,0.56,0.61,9973.0,,,,,,,,,,,,,,,,,,,,,,,,,14.891741687781074,81.54048596000001,0.0,,175.5,1.83,25.188,0.263,0.0,0.0,0.0,0.0,0.25188,0.263,0.0,0.0,0.0,0.0,0.51488,0.0,0.0,208.265625,2.1721270893660214,0.0,0.0,7.289296875,7.602444812781075,14.891741687781074,11587,,,0.4149721158051196,Advisory
531580,9975.0,28018.77907,IDN,Indonesia,Papua,3.116397339,0.139990468,0.56,0.61,9975.0,9975.0,0.0,8.0,-9999.0,-9999.0,-9999.0,0.0,3.0,-999.9,-999.9,-999.9,-5993.4,0.0,0.0,0.0,0.0,0.0,0.0,0.0,0.0,0.0,0.0,0.0,-5993.4,9.904229378541707,62.327946780000005,2.79980936,,22.312,0.08,14.062,0.05,0.0,0.0,0.0,0.0,0.14062,0.05,0.0,0.0,0.0,0.0,0.19062,0.0,0.0,208.546875,0.7443110724404878,0.0,0.0,7.299140625,2.605088753541707,9.904229378541707,877744,,,0.0907817214680041,Information
531591,9976.0,8086.934756,IDN,Indonesia,Papua,0.396407721,3.460087634,0.56,0.61,9976.0,,,,,,,,,,,,,,,,,,,,,,,,,14.343529408504548,7.92815442,69.20175268,,32.688,0.404,10.375,0.128,0.0,0.0,0.0,0.0,0.10375,0.128,0.0,0.0,0.0,0.0,0.23175,0.0,0.0,183.234375,2.265807509572728,0.0,0.0,6.413203125,7.930326283504549,14.343529408504548,114861,,,0.2223862913011878,Information
531592,9977.0,6782.158974,IDN,Indonesia,Papua,2.053152992,1.336364314,0.56,0.61,9977.0,,,,,,,,,,,,,,,,,,,,,,,,,4.031237997319141,41.06305984,26.72728628,,62.688,0.924,32.375,0.477,0.0,0.0,0.0,0.0,0.32375,0.477,0.0,0.0,0.0,0.0,0.80075,0.0,0.0,46.546875,0.686313534948326,0.0,0.0,1.629140625,2.402097372319141,4.031237997319141,152214,,,0.0036548597713632,Information
531593,9978.0,76758.08696,IDN,Indonesia,Papua,3.838721798,3.356266026,0.56,0.61,9978.0,,,,,,,,,,,,,,,,,,,,,,,,,43.55770985872611,76.77443596,67.12532052,3.0,1364.5,1.778,563.875,0.735,6.062,0.008,0.312,0.0,5.63875,0.735,0.09093,0.012,0.0078,0.0,6.48448,0.0,0.0,1876.78125,2.445059959636032,0.0,0.0,35.0,8.557709858726112,43.55770985872611,1944727,64911.0,3.337794970707971,0.7352708531647685,Watch
531594,9979.0,6286.421739,IDN,Indonesia,Papua Barat,4.05530471,0.0,0.56,0.61,9979.0,,,,,,,,,,,,,,,,,,,,,,,,,4.1186535856121225,81.1060942,0.0,,56.125,0.893,15.0,0.239,0.0,0.0,0.0,0.0,0.15,0.239,0.0,0.0,0.0,0.0,0.389,0.0,0.0,45.421875,0.7225394173177492,0.0,0.0,1.589765625,2.528887960612122,4.1186535856121225,21085,,,0.0638401937257712,Information
531595,9980.0,3876.928793,IDN,Indonesia,Papua Barat,4.153992027,3.338210564,0.56,0.61,9980.0,,,,,,,,,,,,,,,,,,,,,,,,,5.249916296905662,83.07984054,66.76421128,,8.562,0.221,5.312,0.137,0.25,0.006,0.188,0.005,0.05312,0.137,0.00375,0.009,0.0046999999999999,0.0125,0.22007,0.0,0.0,41.90625,1.0809135848301892,0.0,0.0,1.46671875,3.783197546905662,5.249916296905662,22874,,,0.1209414091285168,Information
531598,9982.0,5568.784705,IDN,Indonesia,Papua,4.082007244,0.0,0.56,0.61,9982.0,,,,,,,,,,,,,,,,,,,,,,,,,1.2246581344279546,81.64014488,0.0,,18.75,0.337,18.75,0.337,0.0,0.0,0.0,0.0,0.1875,0.337,0.0,0.0,0.0,0.0,0.5245,0.0,0.0,12.515625,0.2247460741222727,0.0,0.0,0.438046875,0.7866112594279545,1.2246581344279546,23782,,,0.0033895549006908,Information
531601,9984.0,6565.15702,IDN,Indonesia,Papua,4.115951113,0.0,0.56,0.61,9984.0,,,,,,,,,,,,,,,,,,,,,,,,,8.556580508012727,82.31902226000001,0.0,,13.062,0.199,9.562,0.146,0.0,0.0,0.188,0.003,0.09562,0.146,0.0,0.0,0.0046999999999999,0.0075,0.25382,0.0,0.0,96.890625,1.4758310380036364,0.0,0.0,3.391171875,5.165408633012727,8.556580508012727,16184,,,0.233984151286932,Information
531602,9985.0,24719.34378,IDN,Indonesia,Papua,3.022307796,0.0,0.56,0.61,9985.0,,,,,,,,,,,,,,,,,,,,,,,,,13.653130786186646,60.44615592,0.0,,225.75,0.913,83.438,0.338,0.0,0.0,0.125,0.001,0.83438,0.338,0.0,0.0,0.003125,0.0025,1.178005,0.0,0.0,277.734375,1.1235507603390416,0.0,0.0,9.720703125,3.9324276611866456,13.653130786186646,568999,,,0.1437336653646399,Information
531603,9986.0,17148.37047,IDN,Indonesia,Papua,3.63087041,0.0,0.56,0.61,9986.0,,,,,,,,,,,,,,,,,,,,,,,,,31.3396076963776,72.6174082,0.0,,152.688,0.89,62.375,0.364,0.0,0.0,0.625,0.004,0.62375,0.364,0.0,0.0,0.015625,0.01,1.013375,0.0,0.0,565.59375,3.298236127536456,0.0,0.0,19.79578125,11.543826446377595,31.3396076963776,265898,,,0.5536842759808971,Advisory
531704,9996.0,2110.993689,IDN,Indonesia,Papua,4.047667373,0.0,0.56,0.61,9996.0,,,,,,,,,,,,,,,,,,,,,,,,,0.3953224318700405,80.95334746,0.0,,3.875,0.184,3.688,0.175,0.0,0.0,0.0,0.0,0.03688,0.175,0.0,0.0,0.0,0.0,0.2118799999999999,0.0,0.0,1.96875,0.093261766248583,0.0,0.0,0.06890625,0.3264161818700405,0.3953224318700405,1143,,,5.3324407539200025e-05,Information
531705,9997.0,3865.530382,IDN,Indonesia,Papua,3.633636149,0.395617541,0.56,0.61,9997.0,,,,,,,,,,,,,,,,,,,,,,,,,10.716344502799329,72.67272298,7.91235082,,15.875,0.411,8.562,0.222,0.0,0.0,0.0,0.0,0.0856199999999999,0.222,0.0,0.0,0.0,0.0,0.30762,0.0,0.0,85.359375,2.208218965085522,0.0,0.0,2.987578125,7.728766377799328,10.716344502799329,402973,,,0.1746069229427878,Information
531706,9998.0,4374.900022,IDN,Indonesia,Papua,4.125301875,0.0,0.56,0.61,9998.0,,,,,,,,,,,,,,,,,,,,,,,,,7.762623403953292,82.50603749999999,0.0,,7.562,0.173,3.375,0.077,0.0,0.0,0.0,0.0,0.03375,0.077,0.0,0.0,0.0,0.0,0.11075,0.0,0.0,67.5,1.542892401129512,0.0,0.0,2.3625,5.400123403953292,7.762623403953292,256263,,,0.2082422191556637,Information
532003,10020.0,1263.256137,IDN,Indonesia,Maluku,2.59324155,2.385741313,0.56,0.61,10020.0,,,,,,,,,,,,,,,,,,,,,,,,,19.133288181408368,51.864831,47.71482626,,1.312,0.104,1.312,0.104,0.188,0.015,0.312,0.025,0.01312,0.104,0.00282,0.0225,0.0078,0.0625,0.21274,0.0,0.0,61.3125,4.853528766116677,0.0,0.0,2.1459375,16.98735068140837,19.133288181408368,765784,,,0.1781121697992534,Information
532005,10021.0,1515.00396,IDN,Indonesia,Maluku,4.018622246,2.046296744,0.56,0.61,10021.0,,,,,,,,,,,,,,,,,,,,,,,,,41.95953125,80.37244491999999,40.92593488,3.0,6.0,0.396,5.438,0.359,0.438,0.029,0.25,0.017,0.05438,0.359,0.00657,0.0435,0.00625,0.0425,0.5122,0.0,0.0,198.84375,13.124965696451044,0.0,0.0,6.95953125,35.0,41.95953125,128890,23047.0,17.88113895569866,0.7763043081796305,Watch
533000,10023.0,28076.27712,IDN,Indonesia,Maluku Utara,4.048546819,3.490609833,0.56,0.61,10023.0,,,,,,,,,,,,,,,,,,,,,,,,,28.8089197904672,80.97093638000001,69.81219666,3.0,121.375,0.432,50.312,0.179,5.562,0.02,2.938,0.01,0.50312,0.179,0.08343,0.03,0.07345,0.025,0.8940000000000001,0.0,0.0,606.9375,2.1617449401334863,0.0,0.0,21.2428125,7.566107290467202,28.8089197904672,1381070,83065.0,6.01453945129501,0.6608256691498788,Watch
512000,16167.0,14985.53413,IDN,Indonesia,Sumatera Barat,2.292053899,2.872994628,0.56,0.61,16167.0,,,,,,,,,,,,,,,,,,,,,,,,,20.13824170837732,45.84107798,57.45989256,,60.375,0.403,42.875,0.286,0.188,0.001,0.0,0.0,0.42875,0.286,0.00282,0.0015,0.0,0.0,0.71907,0.0,0.0,345.09375,2.302845845250664,0.0,0.0,12.07828125,8.059960458377324,20.13824170837732,1073693,,,0.227282330809595,Information
515060,16171.0,815.3009522,IDN,Indonesia,Jawa Timur,0.0,3.314857644,0.56,0.61,16171.0,,,,,,,,,,,,,,,,,,,,,,,,,39.346015625,0.0,66.29715288,,2.25,0.276,2.125,0.261,0.062,0.008,0.0,0.0,0.02125,0.261,0.0009299999999999,0.012,0.0,0.0,0.29518,0.0,0.0,124.171875,15.230188884340643,0.0,0.0,4.346015625,35.0,39.346015625,114169,,,0.5615153911384705,Advisory
515070,16172.0,82.96450794,IDN,Indonesia,Jawa Tengah,0.0,4.005492417,0.56,0.61,16172.0,,,,,,,,,,,,,,,,,,,,,,,,,34.69400766458391,0.0,80.10984834,3.0,9.688,11.677,9.688,11.677,0.25,0.301,0.0,0.0,0.09688,10.0,0.00375,0.4515,0.0,0.0,10.55213,0.0,0.0,8.15625,9.831011118452546,0.0,0.0,0.28546875,34.40853891458391,34.69400766458391,5655,89.0,1.5738284703801946,0.711011550169495,Watch
516002,16173.0,15758.07569,IDN,Indonesia,Nusa Tenggara Barat,4.283437972,0.474055214,0.56,0.61,16173.0,,,,,,,,,,,,,,,,,,,,,,,,,33.15457210112424,85.66875944,9.48110428,3.0,208.938,1.326,131.562,0.835,15.125,0.096,1.812,0.012,1.31562,0.835,0.226875,0.144,0.0453,0.03,2.596795,0.0,0.0,579.515625,3.677578636035496,0.0,0.0,20.283046875,12.871525226124236,33.15457210112424,1557569,49064.0,3.1500370128064956,0.7991920554225972,Watch
517001,16175.0,1432.112992,IDN,Indonesia,Nusa Tenggara Timur,0.944623051,1.175916357,0.56,0.61,16175.0,,,,,,,,,,,,,,,,,,,,,,,,,34.85005143029736,18.89246102,23.51832714,,14.938,1.043,11.875,0.829,1.5,0.105,0.125,0.009,0.11875,0.829,0.0225,0.1575,0.003125,0.0225,1.153375,0.0,0.0,124.734375,8.70981380151353,0.0,0.0,4.365703125,30.48434830529736,34.85005143029736,149274,,,0.2159347604012818,Information
517003,16176.0,1705.995148,IDN,Indonesia,Maluku,1.053506056,2.179997571,0.56,0.61,16176.0,,,,,,,,,,,,,,,,,,,,,,,,,18.40592424226065,21.07012112,43.59995142,,7.75,0.454,6.562,0.385,0.875,0.051,0.188,0.011,0.06562,0.385,0.013125,0.0765,0.0046999999999999,0.0274999999999999,0.572445,0.0,0.0,76.640625,4.492429247788757,0.0,0.0,2.682421875,15.72350236726065,18.40592424226065,57590,,,0.1314000457855469,Information
517006,16177.0,523.9358147,IDN,Indonesia,Maluku,0.0,1.805196465,0.56,0.61,16177.0,,,,,,,,,,,,,,,,,,,,,,,,,15.91682934509218,0.0,36.1039293,,8.938,1.706,4.938,0.942,1.688,0.322,0.625,0.119,0.04938,0.942,0.02532,0.483,0.015625,0.2975,1.812825,0.0,0.0,22.640625,4.321259277169194,0.0,0.0,0.792421875,15.124407470092178,15.91682934509218,9122,,,0.0822825278909752,Information
521780,16184.0,29984.93811,IDN,Indonesia,Kalimantan Timur,4.142712285,0.0,0.56,0.61,16184.0,16184.0,3.0,1.0,100.0,100.0,100.0,10.0,10.0,10.0,10.0,10.0,-1941.3,0.0,0.0,0.0,0.0,0.0,0.0,0.0,0.0,0.0,0.0,0.0,-1941.3,1.7261542411992332,82.8542457,0.0,,,,,,,,,,,,,,,,,0.0,0.0,36.984375,0.1233431760569238,0.0,0.0,1.294453125,0.4317011161992333,1.7261542411992332,98935,,,0.0108420973599613,Information
522000,16187.0,3347.844078,IDN,Indonesia,Kepulauan Riau,1.087218679,3.188474474,0.56,0.61,16187.0,,,,,,,,,,,,,,,,,,,,,,,,,7.9867647199904095,21.74437358,63.76948948,,7.375,0.22,7.375,0.22,0.062,0.002,0.0,0.0,0.07375,0.22,0.0009299999999999,0.003,0.0,0.0,0.29768,0.0,0.0,57.234375,1.709589027140117,0.0,0.0,2.003203125,5.98356159499041,7.9867647199904095,139370,,,0.0652521986769523,Information
525011,16194.0,7479.041496,IDN,Indonesia,Sulawesi Selatan,4.212837852,3.246117887,0.56,0.61,16194.0,,,,,,,,,,,,,,,,,,,,,,,,,62.72,84.25675704,64.92235774,3.0,5.938,0.079,5.75,0.077,0.688,0.009,0.0,0.0,0.0575,0.077,0.01032,0.0134999999999999,0.0,0.0,0.15832,0.0,0.0,792.0,10.589592267787763,0.0,0.0,27.72,35.0,62.72,4548081,425753.0,9.361156936299068,0.9165554582438178,Warning
525013,16195.0,16466.80959,IDN,Indonesia,Sulawesi Barat,4.066074543,3.155329034,0.56,0.61,16195.0,,,,,,,,,,,,,,,,,,,,,,,,,16.75516329705249,81.32149086,63.10658068000001,,4.25,0.026,4.25,0.026,2.438,0.015,0.188,0.001,0.0425,0.026,0.03657,0.0225,0.0046999999999999,0.0025,0.13477,0.0,0.0,297.84375,1.808752013443569,0.0,0.0,10.42453125,6.330632047052491,16.75516329705249,1509094,,,0.4567332482907226,Advisory
525015,16196.0,86419.39899,IDN,Indonesia,Sulawesi Tengah,4.043963432,3.252210621,0.56,0.61,16196.0,,,,,,,,,,,,,,,,,,,,,,,,,41.71024468205838,80.87926863999999,65.04421242000001,3.0,12.188,0.014,12.188,0.014,12.562,0.015,2.875,0.003,0.12188,0.014,0.18843,0.0225,0.071875,0.0075,0.426185,0.0,0.0,1656.84375,1.9172127663023943,0.0,0.0,35.0,6.71024468205838,41.71024468205838,7032082,289730.0,4.12011691558773,0.7822967975442103,Watch
525017,16197.0,29939.99866,IDN,Indonesia,Sulawesi Selatan,4.085640056,4.003990738,0.56,0.61,16197.0,,,,,,,,,,,,,,,,,,,,,,,,,58.04601493133217,81.71280112,80.07981475999999,3.0,14.188,0.047,14.188,0.047,61.875,0.207,12.75,0.043,0.14188,0.047,0.928125,0.3105,0.31875,0.1074999999999999,1.853755,0.0,0.0,1971.421875,6.584575694666333,0.0,0.0,35.0,23.046014931332166,58.04601493133217,2743465,242386.0,8.835031611484018,0.8759619031344381,Warning
525020,16198.0,1357.598878,IDN,Indonesia,Sulawesi Selatan,2.31333642,3.042583017,0.56,0.61,16198.0,,,,,,,,,,,,,,,,,,,,,,,,,20.299837204946822,46.266728400000005,60.85166034,,8.938,0.658,7.875,0.58,0.562,0.041,0.062,0.005,0.07875,0.58,0.00843,0.0615,0.00155,0.0125,0.74273,0.0,0.0,69.328125,5.106672237127664,0.0,0.0,2.426484375,17.873352829946825,20.299837204946822,142465,,,0.2556724004500414,Information
526000,16201.0,198.9187794,IDN,Indonesia,Island in Indonesia,0.0,2.394749855,0.56,0.61,16201.0,,,,,,,,,,,,,,,,,,,,,,,,,35.989296875,0.0,47.894997100000005,,0.312,0.157,0.312,0.157,0.0,0.0,0.0,0.0,0.00312,0.157,0.0,0.0,0.0,0.0,0.16012,0.0,0.0,28.265625,14.20963122880713,0.0,0.0,0.989296875,35.0,35.989296875,20036,,,0.3556765729088036,Advisory
531597,16208.0,51123.33276,IDN,Indonesia,Papua Barat,4.098749346,3.43572872,0.56,0.61,16208.0,,,,,,,,,,,,,,,,,,,,,,,,,24.462366722296423,81.97498691999999,68.7145744,3.0,208.688,0.408,122.125,0.239,4.938,0.01,0.375,0.001,1.22125,0.239,0.07407,0.015,0.009375,0.0025,1.5611949999999997,0.0,0.0,584.578125,1.143466384941835,0.0,0.0,20.460234375,4.002132347296422,24.462366722296423,567779,6719.0,1.1833829711912558,0.6199599010519059,Watch
532002,16211.0,18385.43058,IDN,Indonesia,Maluku,4.022760626,4.002837414,0.56,0.61,16211.0,,,,,,,,,,,,,,,,,,,,,,,,,19.11889982508309,80.45521252,80.05674828,,91.688,0.499,37.562,0.204,0.812,0.004,1.125,0.006,0.3756199999999999,0.204,0.01218,0.006,0.028125,0.015,0.6409249999999999,0.0,0.0,353.8125,1.9244178071665985,0.0,0.0,12.3834375,6.735462325083095,19.11889982508309,656158,,,0.4912115097047616,Advisory
532004,16212.0,257.1311557,IDN,Indonesia,Maluku,0.0,4.001482665,0.56,0.61,16212.0,,,,,,,,,,,,,,,,,,,,,,,,,36.383046875,0.0,80.0296533,3.0,1.75,0.681,1.75,0.681,0.0,0.0,0.0,0.0,0.0175,0.681,0.0,0.0,0.0,0.0,0.6985,0.0,0.0,39.515625,15.367886823766591,0.0,0.0,1.383046875,35.0,36.383046875,14010,2836.0,20.242683797287654,0.725698366840545,Watch
532006,16213.0,8847.535505,IDN,Indonesia,Maluku,4.075470768,4.00944634,0.56,0.61,16213.0,,,,,,,,,,,,,,,,,,,,,,,,,67.84859374999999,81.50941535999999,80.1889268,3.0,88.938,1.005,74.812,0.846,9.312,0.105,0.75,0.008,0.74812,0.846,0.13968,0.1575,0.01875,0.02,1.93005,0.0,0.0,938.53125,10.60782688561576,0.0,0.0,32.84859375,35.0,67.84859374999999,114907,9307.0,8.099593584376931,0.9032024279709278,Warning
532007,16214.0,77.66640137,IDN,Indonesia,Maluku,0.0,1.333148366,0.56,0.61,16214.0,,,,,,,,,,,,,,,,,,,,,,,,,35.4528125,0.0,26.66296732,,0.25,0.322,0.25,0.322,0.062,0.08,0.0,0.0,0.0025,0.322,0.0009299999999999,0.12,0.0,0.0,0.44543,0.0,0.0,12.9375,16.657782221619566,0.0,0.0,0.4528125,35.0,35.4528125,6125,,,0.233654907261496,Advisory
534000,16216.0,7214.372142,IDN,Indonesia,Papua Barat,2.628618119,2.681555415,0.56,0.61,16216.0,,,,,,,,,,,,,,,,,,,,,,,,,24.14606339533052,52.57236238,53.6311083,,84.5,1.171,43.438,0.602,0.25,0.003,0.0,0.0,0.43438,0.602,0.00375,0.0045,0.0,0.0,1.04463,0.0,0.0,289.125,4.007625255808721,0.0,0.0,10.119375,14.026688395330524,24.14606339533052,71265,,,0.2570369385642165,Information
535000,16217.0,5817.848942,IDN,Indonesia,Papua,2.55732177,3.056001087,0.56,0.61,16217.0,,,,,,,,,,,,,,,,,,,,,,,,,6.28946088822877,51.1464354,61.12002174,,113.062,1.943,106.188,1.825,0.062,0.001,0.0,0.0,1.06188,1.825,0.0009299999999999,0.0015,0.0,0.0,2.88931,0.0,0.0,66.09375,1.1360513252082198,0.0,0.0,2.31328125,3.9761796382287695,6.28946088822877,344026,,,0.0342575420218731,Information
524010,9897.0,4806.06405,PHL,Philippines,Sulu,1.651098705,4.00709651,0.56,0.61,9897.0,,,,,,,,,,,,,,,,,,,,,,,,,29.385590485037827,33.0219741,80.1419302,3.0,13.125,0.273,13.0,0.27,1.062,0.022,0.062,0.001,0.13,0.27,0.01593,0.033,0.00155,0.0025,0.45298,0.0,0.0,272.53125,5.6705704957250935,0.0,0.0,9.53859375,19.846996735037827,29.385590485037827,432464,21029.0,4.862601280106552,0.6524317211012909,Watch
524024,9902.0,12006.72961,PHL,Philippines,Agusan del Sur,4.00383089,0.0,0.56,0.61,9902.0,9902.0,0.0,15.0,-9999.0,-9999.0,-9999.0,0.0,1.0,-999.9,-999.9,-999.9,-4997.3,0.0,0.0,0.0,0.0,0.0,0.0,0.0,0.0,0.0,0.0,0.0,-4997.3,4.663928672090227,80.0766178,0.0,,,,,,,,,,,,,,,,,0.0,0.0,72.703125,0.6055197991686364,0.0,0.0,2.544609375,2.1193192970902275,4.663928672090227,1399403,,,0.0732458156934924,Information
524025,9903.0,16291.05344,PHL,Philippines,Davao Oriental,3.734770845,3.006279747,0.56,0.61,9903.0,,,,,,,,,,,,,,,,,,,,,,,,,40.97045030097821,74.6954169,60.12559494,3.0,9.375,0.058,9.188,0.056,1.188,0.007,1.25,0.008,0.09188,0.056,0.01782,0.0105,0.03125,0.02,0.22745,0.0,0.0,725.34375,4.452405443136633,0.0,0.0,25.38703125,15.583419050978216,40.97045030097821,2096866,154798.0,7.382350612771632,0.685049270985618,Watch
524028,9906.0,20108.86506,PHL,Philippines,North Cotabato,4.019028223,0.00658736,0.56,0.61,9906.0,9906.0,0.0,1.0,2.0,-9999.0,-9999.0,0.0,10.0,0.2,-999.9,-999.9,-3979.2,0.0,0.0,0.0,0.0,0.0,0.0,0.0,0.0,0.0,0.0,0.0,-3979.2,32.521557228179304,80.38056446,0.1317471999999999,3.0,8.125,0.04,8.125,0.04,0.0,0.0,0.0,0.0,0.08125,0.04,0.0,0.0,0.0,0.0,0.12125,0.0,0.0,620.578125,3.086092243765516,0.0,0.0,21.720234375,10.801322853179306,32.521557228179304,4091389,136947.0,3.347200669503682,0.6933548907218497,Watch
524029,9907.0,8978.840953,PHL,Philippines,Zamboanga del Sur,3.138115382,3.272353471,0.56,0.61,9907.0,,,,,,,,,,,,,,,,,,,,,,,,,28.23513253893313,62.76230764,65.44706942,,6.812,0.076,6.688,0.074,0.688,0.008,0.062,0.001,0.06688,0.074,0.01032,0.012,0.00155,0.0025,0.16725,0.0,0.0,381.65625,4.2506182254094655,0.0,0.0,13.35796875,14.87716378893313,28.23513253893313,1798508,,,0.4199875494259513,Advisory
524030,9908.0,16008.00057,PHL,Philippines,Palawan,0.926180527,3.2192586,0.56,0.61,9908.0,,,,,,,,,,,,,,,,,,,,,,,,,61.10672109790293,18.52361054,64.385172,3.0,117.125,0.732,93.625,0.585,36.688,0.229,2.0,0.012,0.93625,0.585,0.55032,0.3435,0.05,0.03,2.49507,0.0,0.0,1194.046875,7.459063170829411,0.0,0.0,35.0,26.106721097902938,61.10672109790293,1123202,101002.0,8.992327292864507,0.7053531363109646,Watch
524041,9909.0,4180.014308,PHL,Philippines,Bohol,2.421026476,3.535122495,0.56,0.61,9909.0,,,,,,,,,,,,,,,,,,,,,,,,,29.43620324069657,48.42052952,70.7024499,,2.125,0.051,2.125,0.051,0.5,0.012,0.5,0.012,0.02125,0.051,0.0075,0.018,0.0125,0.03,0.1402499999999999,0.0,0.0,247.921875,5.931125033056163,0.0,0.0,8.677265625,20.75893761569657,29.43620324069657,1031881,,,0.5018835675989737,Advisory
524043,9911.0,4734.831022,PHL,Philippines,Cebu,3.655563417,3.063655114,0.56,0.61,9911.0,,,,,,,,,,,,,,,,,,,,,,,,,21.59684780777757,73.11126834000001,61.27310228,,3.75,0.079,3.375,0.071,2.062,0.044,0.562,0.012,0.03375,0.071,0.03093,0.066,0.01405,0.03,0.24573,0.0,0.0,198.28125,4.187715445079306,0.0,0.0,6.93984375,14.65700405777757,21.59684780777757,4637081,,,0.4132627330903392,Advisory
524044,9912.0,13110.56395,PHL,Philippines,Negros Occidental,4.029097759,3.165180325,0.56,0.61,9912.0,,,,,,,,,,,,,,,,,,,,,,,,,22.98273493647444,80.58195518,63.3036065,,16.688,0.127,16.562,0.126,2.125,0.016,0.562,0.004,0.16562,0.126,0.031875,0.024,0.01405,0.01,0.371545,0.0,0.0,372.515625,2.841339446135554,0.0,0.0,13.038046875,9.94468806147444,22.98273493647444,4037244,,,0.5669209575232267,Advisory
524045,9913.0,171.2160649,PHL,Philippines,Cebu,0.0,3.1871082,0.56,0.61,9913.0,,,,,,,,,,,,,,,,,,,,,,,,,35.89578125,0.0,63.742164,,0.25,0.146,0.25,0.146,0.125,0.073,0.062,0.037,0.0025,0.146,0.001875,0.1094999999999999,0.00155,0.0925,0.3539249999999999,0.0,0.0,25.59375,14.948217629493746,0.0,0.0,0.89578125,35.0,35.89578125,163394,,,0.4959963826947215,Advisory
524046,9914.0,669.0886149,PHL,Philippines,Guimaras,4.011900227,3.017741327,0.56,0.61,9914.0,,,,,,,,,,,,,,,,,,,,,,,,,37.20082777528428,80.23800453999999,60.35482654,3.0,0.5,0.075,0.5,0.075,0.375,0.056,0.062,0.009,0.005,0.075,0.005625,0.084,0.00155,0.0225,0.193675,0.0,0.0,66.65625,9.96224543579551,0.0,0.0,2.33296875,34.86785902528428,37.20082777528428,176967,15438.0,8.723660343453863,0.7364928698405264,Watch
524047,9915.0,12104.13401,PHL,Philippines,Capiz,3.870715713,3.872223108,0.56,0.61,9915.0,9915.0,0.0,15.0,2.0,2.0,-9999.0,0.0,1.0,0.2,0.2,-999.9,-1997.0,0.0,0.0,0.0,0.0,0.0,0.0,0.0,0.0,0.0,0.0,0.0,-1997.0,34.88301415116085,77.41431426,77.44446216,3.0,9.75,0.081,9.5,0.078,4.625,0.038,1.438,0.012,0.095,0.078,0.069375,0.0569999999999999,0.0359499999999999,0.03,0.365325,0.0,0.0,545.765625,4.508919221760243,0.0,0.0,19.101796875,15.781217276160849,34.88301415116085,3778676,384155.0,10.166391614417325,0.6685886707098392,Watch
524060,9916.0,13079.90037,PHL,Philippines,Occidental Mindoro,1.455721839,2.872744926,0.56,0.61,9916.0,,,,,,,,,,,,,,,,,,,,,,,,,30.622622561835342,29.11443678,57.45489852,,11.875,0.091,10.625,0.081,7.5,0.057,1.125,0.009,0.10625,0.081,0.1125,0.0855,0.028125,0.0225,0.435875,0.0,0.0,495.84375,3.790883231952956,0.0,0.0,17.35453125,13.268091311835343,30.622622561835342,1630309,,,0.3711437223009254,Advisory
524070,9917.0,1571.106278,PHL,Philippines,Catanduanes,2.378086458,4.009753338,0.56,0.61,9917.0,,,,,,,,,,,,,,,,,,,,,,,,,18.12466143090209,47.56172916,80.19506676,,1.125,0.072,1.125,0.072,0.188,0.012,0.25,0.016,0.01125,0.072,0.00282,0.018,0.00625,0.04,0.15032,0.0,0.0,70.3125,4.475349694543455,0.0,0.0,2.4609375,15.663723930902094,18.12466143090209,207217,,,0.4646770391586791,Advisory
524092,9918.0,9509.181609,PHL,Philippines,Nueva Ecija,3.868287264,4.002284045,0.56,0.61,9918.0,9918.0,0.0,4.0,2.0,2.0,2.0,0.0,7.0,0.2,0.2,0.2,15.2,0.0,0.0,0.0,0.0,0.0,0.0,0.0,0.0,0.0,0.0,0.0,15.2,24.14382450805489,77.36574528,80.0456809,,26.312,0.277,17.312,0.182,2.812,0.03,2.0,0.021,0.17312,0.182,0.04218,0.045,0.05,0.0525,0.5448,0.0,0.0,336.234375,3.5358918237299712,0.0,0.0,11.768203125,12.3756213830549,24.14382450805489,5629604,,,0.5755738517303894,Advisory
524093,9919.0,7632.438469,PHL,Philippines,Tarlac,3.230582377,3.716887025,0.56,0.61,9919.0,,,,,,,,,,,,,,,,,,,,,,,,,20.535126898373573,64.61164754,74.3377405,,3.25,0.043,3.125,0.041,1.188,0.016,0.188,0.002,0.03125,0.041,0.01782,0.024,0.0046999999999999,0.005,0.12377,0.0,0.0,253.96875,3.327491613821021,0.0,0.0,8.88890625,11.646220648373571,20.535126898373573,2482041,,,0.4118127064518828,Advisory
524094,9920.0,6679.118894,PHL,Philippines,Pangasinan,3.928881668,0.0,0.56,0.61,9920.0,9920.0,0.0,3.0,3.0,2.0,-9999.0,0.0,8.0,0.3,0.2,-999.9,-1989.9,0.0,0.0,0.0,0.0,0.0,0.0,0.0,0.0,0.0,0.0,0.0,-1989.9,7.976809247971089,78.57763336,0.0,,14.438,0.216,13.938,0.209,0.0,0.0,0.0,0.0,0.13938,0.209,0.0,0.0,0.0,0.0,0.34838,0.0,0.0,91.265625,1.3664321065631684,0.0,0.0,3.194296875,4.782512372971089,7.976809247971089,2696191,,,0.1616015331208711,Information
524096,9922.0,4982.613232,PHL,Philippines,Abra,3.051260627,0.925048977,0.56,0.61,9922.0,9922.0,0.0,15.0,3.0,3.0,2.0,0.0,1.0,0.3,0.3,0.2,3.6,0.0,0.0,0.0,0.0,0.0,0.0,0.0,0.0,0.0,0.0,0.0,3.6,3.6,61.02521254,18.50097954,,8.562,0.172,8.562,0.172,0.0,0.0,0.0,0.0,0.0856199999999999,0.172,0.0,0.0,0.0,0.0,0.2576199999999999,0.0,0.0,11.390625,0.2286074489346251,0.0,0.0,0.398671875,0.8001260712711878,1.198797946271188,324103,,,0.0086098902268498,Information
524098,9924.0,27774.51455,PHL,Philippines,Ifugao,3.049008496,1.035442093,0.56,0.61,9924.0,9924.0,0.0,4.0,3.0,2.0,-9999.0,0.0,7.0,0.3,0.2,-999.9,-1985.8,0.0,0.0,0.0,0.0,0.0,0.0,0.0,0.0,0.0,0.0,0.0,-1985.8,16.5608525318189,60.98016992,20.70884186,,0.812,0.003,0.812,0.003,5.25,0.019,0.0,0.0,0.00812,0.003,0.07875,0.0284999999999999,0.0,0.0,0.11837,0.0,0.0,347.90625,1.2526096519482572,0.0,0.0,12.17671875,4.384133781818901,16.5608525318189,3270983,,,0.1957146080714687,Information
524050,16190.0,26498.49741,PHL,Philippines,Leyte,3.941338419,4.004134818,0.56,0.61,16190.0,16190.0,0.0,15.0,3.0,-9999.0,-9999.0,0.0,1.0,0.3,-999.9,-999.9,-3997.0,0.0,0.0,0.0,0.0,0.0,0.0,0.0,0.0,0.0,0.0,0.0,-3997.0,53.91778846783448,78.82676838,80.08269636,3.0,21.812,0.082,21.188,0.08,6.5,0.025,4.0,0.015,0.2118799999999999,0.08,0.0975,0.0375,0.1,0.0375,0.5643799999999999,0.0,0.0,1432.265625,5.40508241938128,0.0,0.0,35.0,18.91778846783448,53.91778846783448,4752849,641368.0,13.494390417200295,0.8403437241156251,Warning
524080,16191.0,948.3274571,PHL,Philippines,Quezon,0.0,4.008085948,0.56,0.61,16191.0,,,,,,,,,,,,,,,,,,,,,,,,,34.88899057420664,0.0,80.16171896,3.0,1.625,0.171,1.625,0.171,0.5,0.053,0.0,0.0,0.01625,0.171,0.0075,0.0795,0.0,0.0,0.27425,0.0,0.0,86.34375,9.104845521201897,0.0,0.0,3.02203125,31.86695932420664,34.88899057420664,80342,5633.0,7.011276791715416,0.713812734736913,Watch
524091,16192.0,16733.83323,PHL,Philippines,Quezon,2.14757072,2.768903249,0.56,0.61,16192.0,,,,,,,,,,,,,,,,,,,,,,,,,26.648204141906355,42.9514144,55.378064980000005,,46.125,0.276,36.938,0.221,21.25,0.127,0.312,0.002,0.36938,0.221,0.31875,0.1905,0.0078,0.005,1.1124299999999998,0.0,0.0,476.578125,2.847991361973244,0.0,0.0,16.680234375,9.967969766906355,26.648204141906355,30561136,,,0.303100509824029,Information
524099,16193.0,21047.94479,PHL,Philippines,Camarines Sur,3.40890109,4.01414096,0.56,0.61,16193.0,16193.0,0.0,15.0,2.0,2.0,2.0,0.0,1.0,0.2,0.2,0.2,3.2,0.0,0.0,0.0,0.0,0.0,0.0,0.0,0.0,0.0,0.0,0.0,3.2,48.37528700665472,68.1780218,80.28281919999999,3.0,16.438,0.078,15.938,0.076,4.0,0.019,0.375,0.002,0.15938,0.076,0.06,0.0284999999999999,0.009375,0.005,0.338255,0.0,0.0,936.984375,4.45166682332992,0.0,0.0,32.794453125,15.58083388165472,48.37528700665472,4544234,268145.0,5.900774475962285,0.8152735684185363,Warning
531104,9937.0,5383.908574,PNG,Papua New Guinea,Central,1.459948859,0.0,0.43,0.79,9937.0,,,,,,,,,,,,,,,,,,,,,,,,,6.503456700065852,29.19897718,0.0,,12.188,0.226,3.375,0.063,0.75,0.014,0.0,0.0,0.03375,0.063,0.01125,0.021,0.0,0.0,0.129,0.140625,0.0026119500000406,64.96875,1.2067209000187975,0.002109375,0.0039179250000609,2.27390625,4.223523150065791,6.503456700065852,273304,,,0.0084807873931732,Information
531107,9939.0,1759.361322,PNG,Papua New Guinea,Gulf,4.057685086,4.164442201,0.43,0.79,9939.0,,,,,,,,,,,,,,,,,,,,,,,,,20.27878984292923,81.15370172,83.28884402,,6.812,0.387,2.188,0.124,0.188,0.011,0.062,0.004,0.02188,0.124,0.00282,0.0165,0.00155,0.01,0.17675,4.078125,0.231795762952467,84.9375,4.827746235285865,0.061171875,0.3476936444287005,2.9728125,16.897111823500527,20.27878984292923,55202,,,0.5767158996946458,Advisory
531108,9940.0,5738.919083,PNG,Papua New Guinea,Gulf,4.157986713,4.001430397,0.43,0.79,9940.0,,,,,,,,,,,,,,,,,,,,,,,,,0.6132032684125741,83.15973426,80.02860794,,17.125,0.298,6.688,0.117,0.0,0.0,0.0,0.0,0.06688,0.117,0.0,0.0,0.0,0.0,0.18388,0.140625,0.0024503743296388,6.328125,0.1102668448337474,0.002109375,0.0036755614944582,0.221484375,0.3859339569181159,0.6132032684125741,1174,,,0.0004617828679187,Information
531204,9945.0,6130.758676,PNG,Papua New Guinea,Southern Highlands,4.002794131,0.0,0.43,0.79,9945.0,,,,,,,,,,,,,,,,,,,,,,,,,0.91775,80.05588262,0.0,,52.75,0.86,34.875,0.569,0.0,0.0,0.0,0.0,0.34875,0.569,0.0,0.0,0.0,0.0,0.91775,,,,,,,,,,474940,,,0.0010393046520671,Information
531209,9950.0,4867.362715,PNG,Papua New Guinea,Jiwaka,3.86263298,0.0,0.43,0.79,9950.0,,,,,,,,,,,,,,,,,,,,,,,,,0.14712,77.2526596,0.0,,4.812,0.099,4.812,0.099,0.0,0.0,0.0,0.0,0.04812,0.099,0.0,0.0,0.0,0.0,0.14712,,,,,,,,,,1180910,,,2.316072782931679e-07,Information
531302,9952.0,17455.25326,PNG,Papua New Guinea,Southern Highlands,4.006681117,0.431510121,0.43,0.79,9952.0,,,,,,,,,,,,,,,,,,,,,,,,,1.912171464205187,80.13362234,8.63020242,,43.125,0.247,6.688,0.038,0.188,0.001,0.0,0.0,0.06688,0.038,0.00282,0.0015,0.0,0.0,0.1092,0.0,0.0,34.734375,0.1989909540586248,0.0,0.0,1.215703125,0.6964683392051868,1.912171464205187,647469,,,0.0096215130334913,Information
531304,9953.0,4052.791559,PNG,Papua New Guinea,Gulf,4.311249372,0.0,0.43,0.79,9953.0,,,,,,,,,,,,,,,,,,,,,,,,,1.6042305039463038,86.22498743999999,0.0,,10.625,0.262,4.0,0.099,0.0,0.0,0.0,0.0,0.04,0.099,0.0,0.0,0.0,0.0,0.139,0.0,0.0,13.21875,0.3261640725560868,0.0,0.0,0.46265625,1.141574253946304,1.6042305039463038,19975,,,0.0157692222413811,Information
531305,9954.0,6640.842144,PNG,Papua New Guinea,Western,4.050077042,4.028446337,0.43,0.79,9954.0,,,,,,,,,,,,,,,,,,,,,,,,,3.243683504063372,81.00154083999999,80.56892674,,116.375,1.752,37.625,0.567,0.5,0.008,0.0,0.0,0.37625,0.567,0.0075,0.012,0.0,0.0,0.96275,0.0,0.0,36.984375,0.5569229654466777,0.0,0.0,1.294453125,1.949230379063372,3.243683504063372,25255,,,0.0385598580888942,Information
531307,9956.0,98.47935764,PNG,Papua New Guinea,Western,4.450026495,0.0,0.43,0.79,9956.0,,,,,,,,,,,,,,,,,,,,,,,,,3.028256130696776,89.0005299,0.0,,0.75,0.762,0.562,0.571,0.0,0.0,0.0,0.0,0.00562,0.571,0.0,0.0,0.0,0.0,0.5766199999999999,0.0,0.0,0.84375,0.8567785373419361,0.0,0.0,0.02953125,2.998724880696776,3.028256130696776,0,,,0.0985496043924434,Information
531308,9957.0,10736.23576,PNG,Papua New Guinea,Western,4.05048639,0.0,0.43,0.79,9957.0,,,,,,,,,,,,,,,,,,,,,,,,,6.473744780604196,81.0097278,0.0,,186.938,1.741,114.75,1.069,0.875,0.008,0.062,0.001,1.1475,1.069,0.013125,0.012,0.00155,0.0025,2.245675,0.0,0.0,95.765625,0.8919851158869132,0.0,0.0,3.351796875,3.121947905604196,6.473744780604196,29529,,,0.1409251416821178,Information
531309,9958.0,3040.38473,PNG,Papua New Guinea,Western,2.33593804,4.078719181,0.43,0.79,9958.0,,,,,,,,,,,,,,,,,,,,,,,,,9.879575733548949,46.7187608,81.57438362,,8.375,0.275,7.438,0.245,0.062,0.002,0.0,0.0,0.07438,0.245,0.0009299999999999,0.003,0.0,0.0,0.32331,0.0,0.0,65.8125,2.164610923871128,0.0,0.0,2.3034375,7.576138233548948,9.879575733548949,650,,,0.2665527914334675,Information
531401,9959.0,9142.655484,PNG,Papua New Guinea,Western,3.458928768,2.364633439,0.43,0.79,9959.0,9959.0,0.0,4.0,-9999.0,-9999.0,-9999.0,0.0,7.0,-999.9,-999.9,-999.9,-5985.4,0.0,0.0,0.0,0.0,0.0,0.0,0.0,0.0,0.0,0.0,0.0,-5985.4,26.16514278638464,69.17857536,47.29266878,,621.188,6.794,111.75,1.222,0.188,0.002,0.0,0.0,1.1175,1.222,0.00282,0.003,0.0,0.0,2.34532,0.0,0.0,357.046875,3.905286331824184,0.0,0.0,12.496640625,13.668502161384644,26.16514278638464,6870,,,0.4349513982855372,Advisory
531402,9960.0,19731.85618,PNG,Papua New Guinea,Western,3.938173616,0.0,0.43,0.79,9960.0,,,,,,,,,,,,,,,,,,,,,,,,,51.60230320223733,78.76347231999999,0.0,3.0,414.375,2.1,170.25,0.863,0.0,0.0,0.062,0.0,1.7025,0.863,0.0,0.0,0.00155,0.0,2.56705,0.0,0.0,978.46875,4.958827700639238,0.0,0.0,34.24640625,17.35589695223733,51.60230320223733,87744,1075.0,1.225154996353027,0.8126875580195266,Warning
531403,9961.0,1368.446223,PNG,Papua New Guinea,Western,4.154935491,0.0,0.43,0.79,9961.0,,,,,,,,,,,,,,,,,,,,,,,,,15.29239680439131,83.09870982,0.0,,64.812,4.736,17.938,1.311,0.0,0.0,0.0,0.0,0.1793799999999999,1.311,0.0,0.0,0.0,0.0,1.49038,0.0,0.0,52.59375,3.843318729826088,0.0,0.0,1.84078125,13.451615554391308,15.29239680439131,0,,,0.4601585881463932,Advisory
531404,9962.0,7267.143265,PNG,Papua New Guinea,Western,4.023791224,0.0,0.43,0.79,9962.0,,,,,,,,,,,,,,,,,,,,,,,,,20.184971546676685,80.47582448,0.0,,373.062,5.134,237.375,3.266,0.0,0.0,0.0,0.0,2.37375,3.266,0.0,0.0,0.0,0.0,5.639749999999999,0.0,0.0,242.71875,3.33994722762191,0.0,0.0,8.49515625,11.689815296676686,20.184971546676685,1366,,,0.5132762931508296,Advisory
531405,9963.0,6977.95275,PNG,Papua New Guinea,Western,4.004896831,0.0,0.43,0.79,9963.0,,,,,,,,,,,,,,,,,,,,,,,,,8.203108342324573,80.09793662,0.0,,60.25,0.863,32.875,0.471,0.0,0.0,0.0,0.0,0.32875,0.471,0.0,0.0,0.0,0.0,0.79975,0.0,0.0,96.328125,1.3804639906641638,0.0,0.0,3.371484375,4.831623967324573,8.203108342324573,0,,,0.187725179489767,Information
531707,9999.0,464.1639999,PNG,Papua New Guinea,Sandaun,4.02859587,0.018770328,0.43,0.79,9999.0,,,,,,,,,,,,,,,,,,,,,,,,,8.321946639483286,80.5719174,0.37540656,,1.0,0.215,0.812,0.175,0.0,0.0,0.0,0.0,0.00812,0.175,0.0,0.0,0.0,0.0,0.1831199999999999,0.0,0.0,10.546875,2.2722302898523674,0.0,0.0,0.369140625,7.952806014483286,8.321946639483286,15782,,,0.198268170871132,Information
531708,10000.0,2688.109657,PNG,Papua New Guinea,Sandaun,2.470486676,0.0,0.43,0.79,10000.0,,,,,,,,,,,,,,,,,,,,,,,,,2.8807276911234405,49.40973352,0.0,,9.688,0.36,4.312,0.16,0.0,0.0,0.0,0.0,0.04312,0.16,0.0,0.0,0.0,0.0,0.20312,0.0,0.0,17.4375,0.6486900546066973,0.0,0.0,0.6103125,2.2704151911234405,2.8807276911234405,3404,,,0.002080334880365,Information
531709,10001.0,7633.674424,PNG,Papua New Guinea,Sandaun,4.025577845,3.177899525,0.43,0.79,10001.0,,,,,,,,,,,,,,,,,,,,,,,,,33.30114269425526,80.5115569,63.5579905,3.0,11.875,0.156,7.938,0.104,3.062,0.04,1.062,0.014,0.0793799999999999,0.104,0.04593,0.06,0.02655,0.035,0.3508599999999999,37.40625,0.4900163135074769,395.859375,5.1856989568554415,0.56109375,0.7350244702612153,13.855078125,18.14994634899405,33.30114269425526,204299,48067.0,23.527770571564226,0.7039412696369444,Watch
531801,10002.0,2374.206081,PNG,Papua New Guinea,East Sepik,4.031453,3.523502994,0.43,0.79,10002.0,,,,,,,,,,,,,,,,,,,,,,,,,27.29791301768239,80.62906,70.47005988000001,3.0,46.062,1.94,14.312,0.603,0.938,0.039,0.125,0.005,0.14312,0.603,0.01407,0.0584999999999999,0.003125,0.0125,0.834315,18.421875,0.7759172696848955,141.75,5.970416853758585,0.276328125,1.1638759045273432,4.96125,20.896458988155047,27.29791301768239,7927,0.0,0.0,0.6342144046318685,Watch
531802,10003.0,5610.661784,PNG,Papua New Guinea,East Sepik,4.385152073,0.0,0.43,0.79,10003.0,,,,,,,,,,,,,,,,,,,,,,,,,5.3427083164447655,87.70304146000001,0.0,,74.0,1.319,15.875,0.283,0.062,0.001,0.0,0.0,0.15875,0.283,0.0009299999999999,0.0015,0.0,0.0,0.4441799999999999,6.609375,0.1178002748062277,52.03125,0.9273638654958354,0.099140625,0.1767004122093415,1.82109375,3.245773529235424,5.3427083164447655,13979,,,0.2022477847643533,Information
531803,10004.0,2277.502716,PNG,Papua New Guinea,East Sepik,3.881064271,0.0,0.43,0.79,10004.0,,,,,,,,,,,,,,,,,,,,,,,,,15.62397957434453,77.62128542,0.0,,21.125,0.928,6.062,0.266,0.625,0.027,0.0,0.0,0.06062,0.266,0.009375,0.0405,0.0,0.0,0.376495,7.171875,0.3149008318978996,79.734375,3.500956307570766,0.107578125,0.4723512478468493,2.790703125,12.25334707649768,15.62397957434453,10287,,,0.3596840734486626,Advisory
531805,10006.0,4132.757604,PNG,Papua New Guinea,East Sepik,3.399333162,0.0,0.43,0.79,10006.0,,,,,,,,,,,,,,,,,,,,,,,,,31.183582460485685,67.98666324,0.0,,160.625,3.887,35.75,0.865,2.688,0.065,1.562,0.038,0.3575,0.865,0.04032,0.0975,0.03905,0.095,1.4943699999999998,36.0,0.8710890754698645,245.109375,5.930891634937397,0.54,1.3066336132047969,8.578828125,20.75812072228089,31.183582460485685,33626,,,0.4895246460012774,Advisory
531806,10007.0,7582.653918,PNG,Papua New Guinea,East Sepik,4.17013085,0.0,0.43,0.79,10007.0,,,,,,,,,,,,,,,,,,,,,,,,,22.540361294673104,83.40261699999999,0.0,3.0,152.312,2.009,39.312,0.518,2.312,0.03,0.125,0.002,0.3931199999999999,0.518,0.03468,0.045,0.003125,0.005,0.998925,19.6875,0.2596386464743919,269.296875,3.551485771417576,0.2953125,0.3894579697115878,9.425390625,12.430200199961517,22.540361294673104,27009,6515.0,24.12158909992965,0.6202214723045179,Watch
531807,10008.0,29867.38789,PNG,Papua New Guinea,East Sepik,4.026257157,0.0,0.43,0.79,10008.0,,,,,,,,,,,,,,,,,,,,,,,,,35.64295758612153,80.52514314,0.0,3.0,451.5,1.512,117.625,0.394,1.812,0.006,0.75,0.003,1.17625,0.394,0.02718,0.009,0.01875,0.0075,1.63268,7.3125,0.0244832257407546,759.796875,2.543901320717257,0.1096875,0.0367248386111319,26.592890625,8.9036546225104,35.64295758612153,275726,19719.0,7.151665058790248,0.7272202190855014,Watch
531809,10010.0,12367.64924,PNG,Papua New Guinea,Sandaun,3.178420904,0.0,0.43,0.79,10010.0,,,,,,,,,,,,,,,,,,,,,,,,,11.07348047526536,63.56841808,0.0,,42.312,0.342,9.438,0.076,0.0,0.0,0.062,0.001,0.09438,0.076,0.0,0.0,0.00155,0.0025,0.17443,0.0,0.0,174.9375,1.414476564361531,0.0,0.0,6.1228125,4.950667975265358,11.07348047526536,117191,,,0.1168497732753091,Information
531902,10011.0,17862.46624,PNG,Papua New Guinea,Madang,4.001844154,0.0,0.43,0.79,10011.0,,,,,,,,,,,,,,,,,,,,,,,,,13.40786232413446,80.03688308,0.0,,104.75,0.586,25.5,0.143,2.875,0.016,0.25,0.001,0.255,0.143,0.043125,0.024,0.00625,0.0025,0.473875,11.953125,0.0669175512354076,240.46875,1.346223677794671,0.179296875,0.1003763268531114,8.41640625,4.711782872281349,13.40786232413446,403963,,,0.3452984554815932,Information
531903,10012.0,20137.55738,PNG,Papua New Guinea,Madang,4.070536666,1.249451572,0.43,0.79,10012.0,,,,,,,,,,,,,,,,,,,,,,,,,18.71385451485993,81.41073331999999,24.98903144,,9.625,0.048,7.125,0.035,2.125,0.011,0.0,0.0,0.07125,0.035,0.031875,0.0165,0.0,0.0,0.154625,16.59375,0.0824019998598146,350.15625,1.7388218614486313,0.24890625,0.1236029997897218,12.25546875,6.085876515070209,18.71385451485993,722167,,,0.502664826349478,Advisory
531904,10013.0,12740.583,PNG,Papua New Guinea,Morobe,3.079087341,0.0,0.43,0.79,10013.0,,,,,,,,,,,,,,,,,,,,,,,,,3.034597734904123,61.581746820000006,0.0,,17.625,0.138,6.188,0.049,0.312,0.002,0.0,0.0,0.06188,0.049,0.00468,0.003,0.0,0.0,0.11856,1.125,0.0088300511821612,48.09375,0.3774846880373946,0.016875,0.0132450767732417,1.68328125,1.3211964081308811,3.034597734904123,188525,,,0.0055671748822686,Information
531905,10014.0,4361.6283,PNG,Papua New Guinea,Morobe,3.748729136,0.127047141,0.43,0.79,10014.0,,,,,,,,,,,,,,,,,,,,,,,,,9.58490717260992,74.97458272,2.54094282,,35.812,0.821,15.875,0.364,1.25,0.029,0.0,0.0,0.15875,0.364,0.01875,0.0435,0.0,0.0,0.5850000000000001,0.140625,0.0032241399384588,83.109375,1.9054667036292088,0.002109375,0.0048362099076882,2.908828125,6.669133462702231,9.58490717260992,46903,,,0.1686025307314385,Information
531907,10016.0,14457.53522,PNG,Papua New Guinea,Oro,4.023313623,2.116017467,0.43,0.79,10016.0,,,,,,,,,,,,,,,,,,,,,,,,,17.549338362085233,80.46627246,42.32034933999999,,116.25,0.804,30.812,0.213,1.625,0.011,0.188,0.001,0.30812,0.213,0.024375,0.0165,0.0046999999999999,0.0025,0.569195,39.9375,0.2762400325108047,279.28125,1.931734875234008,0.5990625,0.414360048766207,9.77484375,6.761072063319027,17.549338362085233,103672,,,0.4573443755908887,Advisory
536001,10024.0,465.7506398,PNG,Papua New Guinea,Madang,0.955044555,4.037315399,0.43,0.79,10024.0,,,,,,,,,,,,,,,,,,,,,,,,,26.6541320587876,19.1008911,80.74630798,3.0,0.938,0.201,0.125,0.027,0.25,0.054,0.0,0.0,0.00125,0.027,0.00375,0.081,0.0,0.0,0.113,4.921875,1.0567618333521829,31.78125,6.823662123931236,0.073828125,1.5851427500282744,1.11234375,23.882817433759325,26.6541320587876,1310,0.0,0.0,0.6275007929963605,Watch
536002,10025.0,1033.719057,PNG,Papua New Guinea,Morobe,2.16905517,3.336655515,0.43,0.79,10025.0,,,,,,,,,,,,,,,,,,,,,,,,,13.411473354863997,43.3811034,66.73311029999999,,2.0,0.193,0.438,0.042,1.375,0.133,0.062,0.006,0.00438,0.042,0.020625,0.1995,0.00155,0.015,0.283055,1.40625,0.1360379292654056,35.296875,3.4145520245616825,0.02109375,0.2040568938981083,1.235390625,11.950932085965889,13.411473354863997,27332,,,0.1818197214451339,Information
536007,10026.0,456.513241,PNG,Papua New Guinea,New Ireland,1.719630659,0.0,0.43,0.79,10026.0,,,,,,,,,,,,,,,,,,,,,,,,,37.95876806259345,34.39261318,0.0,,1.125,0.246,1.125,0.246,0.188,0.041,0.0,0.0,0.01125,0.246,0.00282,0.0615,0.0,0.0,0.3215699999999999,2.953125,0.6468870417289679,55.546875,12.167637213473444,0.044296875,0.970330562593452,1.944140625,35.0,37.95876806259345,31325,,,0.2921248674093611,Advisory
531103,16202.0,1318.881568,PNG,Papua New Guinea,Central,3.527719403,2.691993541,0.43,0.79,16202.0,,,,,,,,,,,,,,,,,,,,,,,,,25.072710422866884,70.55438806,53.83987082,,3.188,0.242,2.0,0.152,0.438,0.033,0.062,0.005,0.02,0.152,0.00657,0.0495,0.00155,0.0125,0.24212,5.765625,0.4371601771179506,81.0,6.141567366339989,0.086484375,0.6557402656769259,2.835,21.49548578218996,25.072710422866884,186675,,,0.4361392942735423,Advisory
531109,16204.0,1347.842876,PNG,Papua New Guinea,Gulf,4.008213909,4.07046106,0.43,0.79,16204.0,,,,,,,,,,,,,,,,,,,,,,,,,19.038057150005784,80.16427818,81.4092212,,5.062,0.376,4.625,0.343,0.062,0.005,0.0,0.0,0.04625,0.343,0.0009299999999999,0.0075,0.0,0.0,0.39768,5.0625,0.3756001600747563,62.4375,4.632401974255329,0.0759375,0.5634002401121344,2.1853125,16.21340690989365,19.038057150005784,6432,,,0.5094836758184653,Advisory
531303,16206.0,3735.145224,PNG,Papua New Guinea,Gulf,4.387282102,4.171481023,0.43,0.79,16206.0,,,,,,,,,,,,,,,,,,,,,,,,,2.027096230667913,87.74564204,83.42962046,,10.875,0.291,9.875,0.264,0.062,0.002,0.0,0.0,0.09875,0.264,0.0009299999999999,0.003,0.0,0.0,0.36668,0.0,0.0,15.75,0.4216703516194037,0.0,0.0,0.55125,1.475846230667913,2.027096230667913,5190,,,0.0359874147175663,Information
531510,16207.0,26521.26354,PNG,Papua New Guinea,Western,4.018075494,3.045231328,0.43,0.79,16207.0,,,,,,,,,,,,,,,,,,,,,,,,,20.265314667673344,80.36150988,60.90462656,,1096.562,4.135,231.562,0.873,0.125,0.0,0.0,0.0,2.31562,0.873,0.001875,0.0,0.0,0.0,3.1904950000000003,0.0,0.0,420.46875,1.5854024050495266,0.0,0.0,14.71640625,5.548908417673343,20.265314667673344,180688,,,0.5125324513031241,Advisory
531901,16210.0,286.7204283,PNG,Papua New Guinea,East Sepik,4.002357506,3.123803488,0.43,0.79,16210.0,,,,,,,,,,,,,,,,,,,,,,,,,45.28901051073436,80.04715012,62.47606976,3.0,3.188,1.112,3.188,1.112,0.438,0.153,0.125,0.044,0.03188,1.112,0.00657,0.2294999999999999,0.003125,0.1099999999999999,1.4930750000000002,13.640625,4.75746534048957,84.234375,29.378574628384047,0.204609375,7.136198010734354,2.948203125,35.0,45.28901051073436,4325,4325.0,100.0,0.7938042653622608,Watch
536003,16218.0,36559.50472,PNG,Papua New Guinea,West New Britain,4.091199957,2.966628672,0.43,0.79,16218.0,,,,,,,,,,,,,,,,,,,,,,,,,22.109517625983624,81.82399914,59.33257344,,14.938,0.041,12.938,0.035,1.625,0.004,0.125,0.0,0.12938,0.035,0.024375,0.006,0.003125,0.0,0.19788,42.75,0.116932656295737,477.703125,1.3066455047257193,0.64125,0.1753989844436055,16.719609375,4.573259266540018,22.109517625983624,608308,,,0.577658163875665,Advisory
536004,16219.0,129.5037255,PNG,Papua New Guinea,West New Britain,2.028099984,0.0,0.43,0.79,16219.0,,,,,,,,,,,,,,,,,,,,,,,,,38.01369917839254,40.56199968,0.0,,0.375,0.29,0.375,0.29,0.375,0.29,0.0,0.0,0.00375,0.29,0.005625,0.4349999999999999,0.0,0.0,0.7343749999999999,1.96875,1.5202265355950286,20.109375,15.528028185006365,0.02953125,2.280339803392543,0.703828125,35.0,38.01369917839254,17570,,,0.3274421659379913,Advisory
536005,16220.0,9104.359043,PNG,Papua New Guinea,New Ireland,4.055423571,3.678875063,0.43,0.79,16220.0,,,,,,,,,,,,,,,,,,,,,,,,,33.652852356970655,81.10847142,73.57750126,3.0,85.25,0.936,60.0,0.659,16.938,0.186,0.438,0.005,0.6,0.659,0.2540699999999999,0.279,0.01095,0.0125,1.81552,56.25,0.6178359150149733,434.109375,4.768148674128056,0.84375,0.92675387252246,15.193828125,16.688520359448194,33.652852356970655,139349,12818.0,9.198487251433452,0.7181600340369007,Watch
536006,16221.0,914.7176418,PNG,Papua New Guinea,New Ireland,0.0,3.066312795,0.43,0.79,16221.0,,,,,,,,,,,,,,,,,,,,,,,,,39.50814874949252,0.0,61.3262559,,0.25,0.027,0.25,0.027,0.938,0.102,0.062,0.007,0.0025,0.027,0.01407,0.153,0.00155,0.0175,0.2156199999999999,10.40625,1.137646146193437,90.140625,9.854475401486392,0.15609375,1.7064692192901556,3.154921875,34.49066390520237,39.50814874949252,63976,,,0.5085151853556944,Advisory
536008,16222.0,2358.284343,PNG,Papua New Guinea,Manus,1.906487688,4.004652663,0.43,0.79,16222.0,,,,,,,,,,,,,,,,,,,,,,,,,28.187463094840822,38.12975376,80.09305326,3.0,17.062,0.724,11.375,0.482,1.188,0.05,0.0,0.0,0.11375,0.482,0.01782,0.075,0.0,0.0,0.6885699999999999,9.140625,0.3875963908273604,149.765625,6.350617788171367,0.137109375,0.5813945862410406,5.241796875,22.227162258599783,28.187463094840822,51195,13155.0,25.695868737181364,0.636008017720082,Watch
536009,16223.0,123.505443,PNG,Papua New Guinea,Western Islands,0.0,3.80764303,0.43,0.79,16223.0,,,,,,,,,,,,,,,,,,,,,,,,,37.11657091743381,0.0,76.1528606,3.0,0.25,0.202,0.188,0.152,0.062,0.051,0.0,0.0,0.00188,0.152,0.0009299999999999,0.0765,0.0,0.0,0.2313099999999999,1.125,0.910891028289208,20.953125,16.9653454018865,0.016875,1.366336542433812,0.733359375,35.0,37.11657091743381,4661,148.0,3.1752842737609956,0.6708998415281605,Watch
538000,16225.0,6716.64819,PNG,Papua New Guinea,Milne Bay,1.188468474,4.001374098,0.43,0.79,16225.0,,,,,,,,,,,,,,,,,,,,,,,,,23.18352450354636,23.76936948,80.02748196,,11.75,0.175,11.062,0.165,1.375,0.02,0.062,0.001,0.11062,0.165,0.020625,0.03,0.00155,0.0025,0.330295,28.40625,0.4229229996552483,253.96875,3.781182858303853,0.42609375,0.6343844994828725,8.88890625,13.234140004063486,23.18352450354636,206832,,,0.5592565790302805,Advisory
537003,10029.0,5886.791752,SLB,Solomon Islands,Western,0.0,3.72674367,-9999.0,0.6,10029.0,,,,,,,,,,,,,,,,,,,,,,,,,35.90328243778304,0.0,74.5348734,3.0,37.062,0.63,34.0,0.578,3.562,0.061,0.75,0.013,0.34,0.578,0.05343,0.0915,0.01875,0.0325,1.11418,29.53125,0.5016527039463494,367.453125,6.241992930532433,0.44296875,0.7524790559195241,12.860859375,21.84697525686352,35.90328243778304,44428,5742.0,12.924281984334204,0.6343958970922561,Watch
537005,10031.0,6429.915672,SLB,Solomon Islands,Guadalcanal,0.0,4.091471236,-9999.0,0.6,10031.0,,,,,,,,,,,,,,,,,,,,,,,,,22.761712478218904,0.0,81.82942472,,18.562,0.289,13.688,0.213,2.625,0.041,0.625,0.01,0.13688,0.213,0.039375,0.0615,0.015625,0.025,0.49138,27.84375,0.4330344505386917,242.578125,3.7726486221173903,0.41765625,0.6495516758080375,8.490234375,13.204270177410866,22.761712478218904,189037,,,0.589117833803171,Advisory
537006,10032.0,4537.117361,SLB,Solomon Islands,Malaita,0.0,4.008494355,-9999.0,0.6,10032.0,,,,,,,,,,,,,,,,,,,,,,,,,22.03505211845576,0.0,80.1698871,,14.625,0.322,13.25,0.292,0.312,0.007,0.375,0.008,0.1325,0.292,0.00468,0.0105,0.009375,0.02,0.469055,22.078125,0.4866112829920365,187.03125,4.122248448276487,0.331171875,0.7299169244880548,6.54609375,14.427869568967704,22.03505211845576,59449,,,0.5419838157352959,Advisory
537007,10033.0,3443.725074,SLB,Solomon Islands,Makira Ulawa,0.0,4.013155711,-9999.0,0.6,10033.0,,,,,,,,,,,,,,,,,,,,,,,,,16.392435694052857,0.0,80.26311421999999,,9.188,0.267,6.625,0.192,2.5,0.073,0.688,0.02,0.06625,0.192,0.0375,0.1094999999999999,0.0171999999999999,0.05,0.4724499999999999,23.34375,0.6778633456841172,109.96875,3.19330805015048,0.35015625,1.0167950185261758,3.84890625,11.17657817552668,16.392435694052857,25019,,,0.4263520643589464,Advisory
537008,10034.0,914.8158899,SLB,Solomon Islands,Rennell and Bellona,2.264731958,3.80102872,-9999.0,0.6,10034.0,,,,,,,,,,,,,,,,,,,,,,,,,15.821838354200764,45.29463916,76.0205744,,2.812,0.307,1.188,0.13,0.0,0.0,0.0,0.0,0.01188,0.13,0.0,0.0,0.0,0.0,0.14188,3.09375,0.3381828009463592,36.5625,3.996705829366064,0.04640625,0.5072742014195388,1.2796875,13.988470402781225,15.821838354200764,649,,,0.338776336742547,Information
554000,10036.0,19729.44257,NCL,New Caledonia,Nord,0.0,1.729064928,-9999.0,0.6,10036.0,,,,,,,,,,,,,,,,,,,,,,,,,18.679136823064777,0.0,34.58129856,,10.625,0.054,5.812,0.029,0.625,0.003,0.0,0.0,0.05812,0.029,0.009375,0.0045,0.0,0.0,0.100995,1.828125,0.0092659739024211,353.390625,1.7911840320603272,0.027421875,0.0138989608536316,12.368671875,6.269144112211145,18.679136823064777,298101,,,0.1050299131056775,Information
561001,10039.0,38275.00001,AUS,Australia,Western Australia,0.087381366,0.0,0.81,0.26,10039.0,,,,,,,,,,,,,,,,,,,,,,,,,1.0429102710347486,1.74762732,0.0,,6.625,0.017,6.625,0.017,2.75,0.007,3.688,0.01,0.06625,0.017,0.04125,0.0105,0.0922,0.025,0.2522,0.0,0.0,23.625,0.0617243631527853,0.0,0.0,0.826875,0.2160352710347485,1.0429102710347486,3316,,,2.739934270046752e-06,Information
561101,10045.0,5179.076701,AUS,Australia,Western Australia,0.636478599,0.0,0.81,0.26,10045.0,,,,,,,,,,,,,,,,,,,,,,,,,2.83367,12.72957198,0.0,,182.938,3.532,87.812,1.696,3.75,0.072,1.312,0.025,0.87812,1.696,0.05625,0.1079999999999999,0.0328,0.0625,2.83367,0.0,0.0,11.390625,0.2199354374819103,0.0,0.0,0.398671875,0.7697740311866861,1.168445906186686,9113,,,0.0003046516177655,Information
561102,10046.0,4674.881744,AUS,Australia,Western Australia,1.697324374,0.0,0.81,0.26,10046.0,,,,,,,,,,,,,,,,,,,,,,,,,0.94182,33.94648748,0.0,,96.562,2.066,29.125,0.623,0.188,0.004,0.25,0.005,0.29125,0.623,0.00282,0.006,0.00625,0.0125,0.94182,0.0,0.0,2.953125,0.0631700471126461,0.0,0.0,0.103359375,0.2210951648942613,0.3244545398942613,1782,,,1.0669153721380655e-05,Information
561103,10047.0,9524.254693,AUS,Australia,Western Australia,0.877553764,0.0,0.81,0.26,10047.0,,,,,,,,,,,,,,,,,,,,,,,,,3.5345100000000005,17.55107528,0.0,,271.688,2.853,100.188,1.052,29.562,0.31,11.188,0.117,1.00188,1.052,0.44343,0.4649999999999999,0.2797,0.2925,3.5345100000000005,0.0,0.0,10.546875,0.1107370113509013,0.0,0.0,0.369140625,0.3875795397281545,0.7567201647281545,9721,,,0.0008174586022743,Information
561104,10048.0,22633.21017,AUS,Australia,Western Australia,1.399106548,0.0,0.81,0.26,10048.0,10048.0,0.0,15.0,2.0,2.0,-9999.0,0.0,1.0,0.2,0.2,-999.9,-1997.0,0.0,0.0,0.0,0.0,0.0,0.0,0.0,0.0,0.0,0.0,0.0,-1997.0,3.19788,27.98213096,0.0,,348.312,1.539,171.938,0.76,19.0,0.084,8.5,0.038,1.71938,0.76,0.285,0.126,0.2125,0.095,3.19788,0.0,0.0,8.578125,0.0379006112476425,0.0,0.0,0.300234375,0.1326521393667487,0.4328865143667487,24743,,,0.0009215153451887,Information
561105,10049.0,3128.87177,AUS,Australia,Western Australia,3.834921971,0.0,0.81,0.26,10049.0,,,,,,,,,,,,,,,,,,,,,,,,,5.183748741957922,76.69843942,0.0,,112.875,3.608,61.562,1.968,13.188,0.421,2.688,0.086,0.61562,1.968,0.19782,0.6315,0.0672,0.2149999999999999,3.69514,0.0,0.0,35.296875,1.1281023191308348,0.0,0.0,1.235390625,3.948358116957922,5.183748741957922,78596,,,0.066420573327309,Information
561106,10050.0,4844.778212,AUS,Australia,Western Australia,3.769148173,0.0,0.81,0.26,10050.0,,,,,,,,,,,,,,,,,,,,,,,,,2.473285440240108,75.38296346,0.0,,95.812,1.978,32.0,0.661,0.312,0.006,0.125,0.003,0.32,0.661,0.00468,0.009,0.003125,0.0075,1.005305,0.0,0.0,23.0625,0.4760279829257453,0.0,0.0,0.8071875,1.6660979402401084,2.473285440240108,51652,,,0.0107839871231202,Information
561107,10051.0,425.0301692,AUS,Australia,Western Australia,0.067814105,0.877662559,0.81,0.26,10051.0,,,,,,,,,,,,,,,,,,,,,,,,,33.198681522578134,1.3562821,17.55325118,,38.812,9.132,18.375,4.323,0.312,0.074,0.125,0.029,0.18375,4.323,0.00468,0.1109999999999999,0.003125,0.0725,4.698054999999999,0.0,0.0,38.671875,9.098618827879466,0.0,0.0,1.353515625,31.84516589757813,33.198681522578134,14432,,,0.1815055508000349,Information
561108,10052.0,11306.36908,AUS,Australia,Western Australia,2.36276993,2.123129887,0.81,0.26,10052.0,,,,,,,,,,,,,,,,,,,,,,,,,2.708318390800652,47.25539859999999,42.46259774000001,,58.625,0.519,25.688,0.227,3.188,0.028,2.0,0.018,0.25688,0.227,0.04782,0.042,0.05,0.045,0.6687000000000001,0.0,0.0,41.0625,0.3631802545144718,0.0,0.0,1.4371875,1.2711308908006511,2.708318390800652,104445,,,0.0014932040993973,Information
561109,10053.0,411.6540123,AUS,Australia,Western Australia,3.351401369,1.197835519,0.81,0.26,10053.0,,,,,,,,,,,,,,,,,,,,,,,,,6.597719146429697,67.02802738,23.95671038,,5.125,1.245,4.5,1.093,0.125,0.03,0.062,0.015,0.045,1.093,0.001875,0.045,0.00155,0.0375,1.223925,0.0,0.0,7.453125,1.810531363265628,0.0,0.0,0.260859375,6.3368597714296975,6.597719146429697,234132,,,0.0538154000681775,Information
561200,10054.0,14151.41421,AUS,Australia,Western Australia,0.304843622,0.0,0.81,0.26,10054.0,,,,,,,,,,,,,,,,,,,,,,,,,1.2431828739526471,6.096872439999999,0.0,,13.375,0.095,13.375,0.095,0.25,0.002,0.562,0.004,0.13375,0.095,0.00375,0.003,0.01405,0.01,0.25955,0.0,0.0,20.8125,0.1470701068436135,0.0,0.0,0.7284375,0.5147453739526472,1.2431828739526471,97,,,7.640833055308536e-06,Information
561210,10055.0,8880.502323,AUS,Australia,Western Australia,0.567025161,0.0,0.81,0.26,10055.0,10055.0,0.0,14.0,-9999.0,-9999.0,-9999.0,0.0,1.0,-999.9,-999.9,-999.9,-5997.4,0.0,0.0,0.0,0.0,0.0,0.0,0.0,0.0,0.0,0.0,0.0,-5997.4,1.0882782049005244,11.34050322,0.0,,79.5,0.895,23.0,0.259,2.25,0.025,0.5,0.006,0.23,0.259,0.03375,0.0375,0.0125,0.015,0.58775,0.0,0.0,14.625,0.1646866299715784,0.0,0.0,0.511875,0.5764032049005244,1.0882782049005244,981551,,,5.407399746392168e-06,Information
561220,10056.0,16874.42551,AUS,Australia,Western Australia,1.545784701,0.0,0.81,0.26,10056.0,,,,,,,,,,,,,,,,,,,,,,,,,0.58494,30.915694020000004,0.0,,63.5,0.376,27.062,0.16,4.438,0.026,1.25,0.007,0.27062,0.16,0.06657,0.039,0.03125,0.0175,0.58494,0.0,0.0,3.09375,0.018333957495886,0.0,0.0,0.10828125,0.064168851235601,0.172450101235601,8888,,,9.139608709134434e-07,Information
561230,10057.0,11416.38154,AUS,Australia,Western Australia,2.407513168,0.0,0.81,0.26,10057.0,,,,,,,,,,,,,,,,,,,,,,,,,0.617675,48.15026336,0.0,,59.5,0.521,24.75,0.217,1.625,0.014,2.312,0.02,0.2475,0.217,0.024375,0.021,0.0577999999999999,0.05,0.617675,,,,,,,,,,14693,,,4.708537534256256e-06,Information
561240,10058.0,7341.865996,AUS,Australia,Western Australia,0.448367004,0.0,0.81,0.26,10058.0,,,,,,,,,,,,,,,,,,,,,,,,,2.48213,8.96734008,0.0,,274.312,3.736,69.0,0.94,19.562,0.266,2.688,0.037,0.69,0.94,0.29343,0.399,0.0672,0.0925,2.48213,0.0,0.0,6.75,0.0919384799922265,0.0,0.0,0.23625,0.3217846799727927,0.5580346799727928,532,,,0.0001578276648801,Information
561242,10060.0,3634.224937,AUS,Australia,Western Australia,0.090940744,0.0,0.81,0.26,10060.0,,,,,,,,,,,,,,,,,,,,,,,,,0.6659999999999999,1.81881488,0.0,,47.875,1.317,17.125,0.471,0.0,0.0,0.25,0.007,0.17125,0.471,0.0,0.0,0.00625,0.0175,0.6659999999999999,,,,,,,,,,716,,,2.9681167072153495e-07,Information
561244,10062.0,9706.315149,AUS,Australia,Western Australia,0.15004436,0.0,0.81,0.26,10062.0,,,,,,,,,,,,,,,,,,,,,,,,,4.89963,3.0008872,0.0,,652.312,6.72,197.688,2.037,22.625,0.233,3.875,0.04,1.97688,2.037,0.339375,0.3495,0.096875,0.1,4.89963,0.0,0.0,5.625,0.0579519613104059,0.0,0.0,0.196875,0.2028318645864206,0.3997068645864206,1638,,,0.0014153806615438,Information
561245,10063.0,3213.835448,AUS,Australia,Western Australia,0.079427146,0.0,0.81,0.26,10063.0,,,,,,,,,,,,,,,,,,,,,,,,,1.5154499999999995,1.58854292,0.0,,94.0,2.925,36.375,1.132,0.0,0.0,0.188,0.006,0.36375,1.132,0.0,0.0,0.0046999999999999,0.015,1.5154499999999995,0.0,0.0,3.515625,0.1093903237039555,0.0,0.0,0.123046875,0.3828661329638442,0.5059130079638443,552,,,1.5001418474849451e-05,Information
561290,10072.0,8641.845615,AUS,Australia,Western Australia,0.235259751,0.0,0.81,0.26,10072.0,,,,,,,,,,,,,,,,,,,,,,,,,4.11950191369457,4.70519502,0.0,,2.25,0.026,2.188,0.025,0.0,0.0,2.562,0.03,0.02188,0.025,0.0,0.0,0.06405,0.075,0.1859299999999999,0.0,0.0,54.5625,0.6313755467698773,0.0,0.0,1.9096875,2.2098144136945703,4.11950191369457,56,,,0.0008411618245682,Information
561301,10073.0,1049.886228,AUS,Australia,Western Australia,0.02017759,0.0,0.81,0.26,10073.0,,,,,,,,,,,,,,,,,,,,,,,,,3.10811728031006,0.4035517999999999,0.0,,6.0,0.571,4.312,0.411,0.125,0.012,0.188,0.018,0.04312,0.411,0.001875,0.018,0.0046999999999999,0.045,0.523695,0.0,0.0,8.4375,0.803658508660017,0.0,0.0,0.2953125,2.8128047803100595,3.10811728031006,420850,,,0.000263043925226,Information
561302,10074.0,13768.30901,AUS,Australia,Western Australia,2.288300383,0.0,0.81,0.26,10074.0,,,,,,,,,,,,,,,,,,,,,,,,,1.096805,45.76600766,0.0,,110.188,0.8,50.688,0.368,2.625,0.019,3.562,0.026,0.50688,0.368,0.039375,0.0284999999999999,0.0890499999999999,0.065,1.096805,0.0,0.0,9.5625,0.0694529734652849,0.0,0.0,0.3346875,0.2430854071284971,0.5777729071284972,7080,,,4.791658697730183e-05,Information
561303,10075.0,4858.333798,AUS,Australia,Western Australia,1.573905877,0.0,0.81,0.26,10075.0,,,,,,,,,,,,,,,,,,,,,,,,,1.217625,31.47811754,0.0,,53.062,1.092,26.375,0.543,2.5,0.051,3.875,0.08,0.26375,0.543,0.0375,0.0765,0.096875,0.2,1.217625,0.0,0.0,7.453125,0.1534090762472881,0.0,0.0,0.260859375,0.5369317668655084,0.7977911418655084,2928,,,2.7858673141114277e-05,Information
561304,10076.0,3659.913531,AUS,Australia,Western Australia,0.110007101,0.0,0.81,0.26,10076.0,,,,,,,,,,,,,,,,,,,,,,,,,0.772875,2.20014202,0.0,,25.875,0.707,14.125,0.386,4.375,0.12,0.0,0.0,0.14125,0.386,0.065625,0.18,0.0,0.0,0.772875,,,,,,,,,,411,,,6.473652775729276e-07,Information
561305,10077.0,4344.697501,AUS,Australia,Western Australia,2.413554767,0.0,0.81,0.26,10077.0,,,,,,,,,,,,,,,,,,,,,,,,,0.9750203506015038,48.27109534,0.0,,3.438,0.079,3.25,0.075,0.5,0.012,1.375,0.032,0.0325,0.075,0.0075,0.018,0.034375,0.08,0.247375,0.0,0.0,8.4375,0.1942022430290011,0.0,0.0,0.2953125,0.6797078506015038,0.9750203506015038,3361,,,3.5738700780733094e-05,Information
561307,10079.0,366.7590604,AUS,Australia,Western Australia,2.347677203,0.0,0.81,0.26,10079.0,,,,,,,,,,,,,,,,,,,,,,,,,0.2379299999999999,46.95354406,0.0,,0.812,0.222,0.75,0.204,0.062,0.017,0.0,0.0,0.0075,0.204,0.0009299999999999,0.0255,0.0,0.0,0.2379299999999999,0.0,0.0,0.140625,0.0383426110409405,0.0,0.0,0.004921875,0.1341991386432917,0.1391210136432917,672,,,3.2054083344531055e-08,Information
561309,10081.0,5485.753476,AUS,Australia,Western Australia,3.269499501,0.0,0.81,0.26,10081.0,,,,,,,,,,,,,,,,,,,,,,,,,0.5557591548761767,65.38999002,0.0,,6.5,0.118,5.812,0.106,1.438,0.026,0.438,0.008,0.05812,0.106,0.02157,0.039,0.01095,0.02,0.25564,0.0,0.0,5.625,0.1025383299646219,0.0,0.0,0.196875,0.3588841548761766,0.5557591548761767,38060,,,1.8015229899631622e-05,Information
561460,10088.0,6254.196715,AUS,Australia,Western Australia,2.01975445,0.0,0.81,0.26,10088.0,,,,,,,,,,,,,,,,,,,,,,,,,1.97257,40.395089000000006,0.0,,443.75,7.095,69.812,1.116,0.0,0.0,2.438,0.039,0.69812,1.116,0.0,0.0,0.06095,0.0975,1.97257,0.0,0.0,1.546875,0.0247333921593504,0.0,0.0,0.054140625,0.0865668725577264,0.1407074975577264,45,,,0.0003267243048858,Information
561480,10090.0,6097.464864,AUS,Australia,Western Australia,0.713535187,0.0,0.81,0.26,10090.0,,,,,,,,,,,,,,,,,,,,,,,,,1.66838,14.270703739999998,0.0,,142.688,2.34,56.938,0.934,0.0,0.0,2.5,0.041,0.56938,0.934,0.0,0.0,0.0625,0.1025,1.66838,,,,,,,,,,88,,,4.085277681806395e-05,Information
561490,10091.0,17786.97672,AUS,Australia,Western Australia,0.042774501,0.0,0.81,0.26,10091.0,,,,,,,,,,,,,,,,,,,,,,,,,0.7515499999999999,0.85549002,0.0,,171.375,0.963,41.812,0.235,0.062,0.0,2.5,0.014,0.41812,0.235,0.0009299999999999,0.0,0.0625,0.035,0.7515499999999999,0.0,0.0,10.125,0.056923670400334,0.0,0.0,0.354375,0.199232846401169,0.553607846401169,959,,,5.245544453958372e-07,Information
561601,10101.0,4192.242055,AUS,Australia,Western Australia,3.323068095,0.0,0.81,0.26,10101.0,10101.0,0.0,1.0,-9999.0,-9999.0,-9999.0,0.0,10.0,-999.9,-999.9,-999.9,-5979.4,0.0,0.0,0.0,0.0,0.0,0.0,0.0,0.0,0.0,0.0,0.0,-5979.4,-5979.4,66.4613619,0.0,,,,,,,,,,,,,,,,,,,,,,,,,,2768,,,,
561609,10109.0,12194.09345,AUS,Australia,Western Australia,0.752831293,0.0,0.81,0.26,10109.0,,,,,,,,,,,,,,,,,,,,,,,,,4.507070000000001,15.05662586,0.0,,1339.188,10.982,234.062,1.919,6.25,0.051,1.688,0.014,2.34062,1.919,0.09375,0.0765,0.0421999999999999,0.035,4.507070000000001,,,,,,,,,,117,,,0.0016605634709769,Information
561700,10110.0,30393.7146,AUS,Australia,Western Australia,3.41650644,0.0,0.81,0.26,10110.0,,,,,,,,,,,,,,,,,,,,,,,,,4.801275771474506,68.3301288,0.0,,49.125,0.162,48.312,0.159,31.938,0.105,19.312,0.064,0.48312,0.159,0.4790699999999999,0.1575,0.4828,0.16,1.92149,0.0,0.0,103.21875,0.3396055775641446,0.0,0.0,3.61265625,1.188619521474506,4.801275771474506,64,,,0.0296148728184948,Information
561701,10111.0,6210.565941,AUS,Australia,Western Australia,2.063581889,2.759993059,0.81,0.26,10111.0,,,,,,,,,,,,,,,,,,,,,,,,,11.202477094259375,41.27163778,55.19986118,,6.562,0.106,6.5,0.105,0.062,0.001,0.188,0.003,0.065,0.105,0.0009299999999999,0.0015,0.0046999999999999,0.0075,0.18463,0.0,0.0,122.625,1.9744577412169648,0.0,0.0,4.291875,6.910602094259377,11.202477094259375,2724,,,0.0828618008687177,Information
561708,10118.0,6832.895474,AUS,Australia,Western Australia,1.132539063,1.440803576,0.81,0.26,10118.0,,,,,,,,,,,,,,,,,,,,,,,,,1.7702617473868425,22.65078126,28.81607152,,20.75,0.304,4.625,0.068,0.0,0.0,0.0,0.0,0.04625,0.068,0.0,0.0,0.0,0.0,0.11425,0.0,0.0,20.53125,0.3004765706819549,0.0,0.0,0.71859375,1.051667997386842,1.7702617473868425,10,,,0.0001103162633046,Information
561709,10119.0,1578.976763,AUS,Australia,Western Australia,0.746341282,3.577824428,0.81,0.26,10119.0,,,,,,,,,,,,,,,,,,,,,,,,,41.575625,14.92682564,71.55648856,3.0,9.75,0.617,4.812,0.305,0.312,0.02,0.0,0.0,0.04812,0.305,0.00468,0.03,0.0,0.0,0.3878,0.0,0.0,187.875,11.898528493190009,0.0,0.0,6.575625,35.0,41.575625,0,0.0,0.0,0.6478765894965606,Watch
561802,10121.0,5551.666848,AUS,Australia,Western Australia,1.25951494,0.0,0.81,0.26,10121.0,,,,,,,,,,,,,,,,,,,,,,,,,1.73538,25.1902988,0.0,,142.062,2.559,61.938,1.116,0.0,0.0,0.0,0.0,0.61938,1.116,0.0,0.0,0.0,0.0,1.73538,,,,,,,,,,0,,,8.370176976391915e-05,Information
561803,10122.0,2117.095314,AUS,Australia,Western Australia,1.569890855,0.0,0.81,0.26,10122.0,,,,,,,,,,,,,,,,,,,,,,,,,1.3025,31.3978171,0.0,,61.75,2.917,22.75,1.075,0.0,0.0,0.0,0.0,0.2275,1.075,0.0,0.0,0.0,0.0,1.3025,,,,,,,,,,0,,,3.68461242379162e-05,Information
561804,10123.0,6953.8814,AUS,Australia,Western Australia,2.412229324,0.0,0.81,0.26,10123.0,,,,,,,,,,,,,,,,,,,,,,,,,5.604870000000001,48.24458648,0.0,,752.625,10.823,222.125,3.194,2.188,0.031,1.812,0.026,2.22125,3.194,0.03282,0.0465,0.0453,0.065,5.604870000000001,,,,,,,,,,222,,,0.0131115021176403,Information
561805,10124.0,1605.129981,AUS,Australia,Western Australia,1.414761004,0.0,0.81,0.26,10124.0,,,,,,,,,,,,,,,,,,,,,,,,,0.56512,28.29522008,0.0,,22.562,1.406,7.812,0.487,0.0,0.0,0.0,0.0,0.07812,0.487,0.0,0.0,0.0,0.0,0.56512,,,,,,,,,,169,,,6.385829634023968e-07,Information
561806,10125.0,6156.671097,AUS,Australia,Western Australia,0.038071938,0.0,0.81,0.26,10125.0,,,,,,,,,,,,,,,,,,,,,,,,,2.8348,0.76143876,0.0,,359.0,5.831,106.562,1.731,0.562,0.009,0.25,0.004,1.06562,1.731,0.00843,0.0134999999999999,0.00625,0.01,2.8348,0.0,0.0,1.828125,0.0296934003965634,0.0,0.0,0.063984375,0.1039269013879718,0.1679112763879718,3721,,,0.0001885908176279,Information
561807,10126.0,13495.27432,AUS,Australia,Western Australia,0.245319348,0.0,0.81,0.26,10126.0,,,,,,,,,,,,,,,,,,,,,,,,,3.0286900000000005,4.90638696,0.0,,521.062,3.861,170.312,1.262,2.438,0.018,0.0,0.0,1.7031200000000002,1.262,0.03657,0.0269999999999999,0.0,0.0,3.0286900000000005,0.0,0.0,2.8125,0.0208406285973807,0.0,0.0,0.0984375,0.0729422000908324,0.1713797000908324,2309,,,0.0002837059688133,Information
561808,10127.0,8279.400736,AUS,Australia,Western Australia,1.187101087,0.0,0.81,0.26,10127.0,,,,,,,,,,,,,,,,,,,,,,,,,8.43948,23.74202174,0.0,,1036.688,12.521,316.5,3.823,19.562,0.236,14.562,0.176,3.165,3.823,0.29343,0.354,0.36405,0.4399999999999999,8.43948,,,,,,,,,,540,,,0.0138608864753258,Information
561809,10128.0,28269.74509,AUS,Australia,Western Australia,0.662568383,0.0,0.81,0.26,10128.0,,,,,,,,,,,,,,,,,,,,,,,,,13.664825,13.25136766,0.0,,3678.812,13.013,824.438,2.916,104.438,0.369,11.375,0.04,8.24438,2.916,1.56657,0.5535,0.284375,0.1,13.664825,0.0,0.0,4.78125,0.0169129575972254,0.0,0.0,0.16734375,0.0591953515902889,0.2265391015902889,58,,,0.0322874567834014,Information
561900,10129.0,351.5014083,AUS,Australia,Western Australia,0.0,1.694024848,0.81,0.26,10129.0,,,,,,,,,,,,,,,,,,,,,,,,,26.67010214627998,0.0,33.88049696,,1.375,0.391,1.188,0.338,0.062,0.018,0.0,0.0,0.01188,0.338,0.0009299999999999,0.0269999999999999,0.0,0.0,0.37781,0.0,0.0,25.875,7.361279184651423,0.0,0.0,0.905625,25.76447714627998,26.67010214627998,594,,,0.1819600894972601,Information
561910,10130.0,8306.688719,AUS,Australia,Western Australia,1.261227301,3.525987206,0.81,0.26,10130.0,,,,,,,,,,,,,,,,,,,,,,,,,19.14507845100251,25.22454602,70.51974412,,217.75,2.621,56.0,0.674,0.188,0.002,0.25,0.003,0.56,0.674,0.00282,0.003,0.00625,0.0075,1.25357,0.0,0.0,248.203125,2.987991164572146,0.0,0.0,8.687109375,10.457969076002511,19.14507845100251,741,,,0.332988796529719,Information
561920,10131.0,7604.682974,AUS,Australia,Western Australia,0.592983542,0.0,0.81,0.26,10131.0,,,,,,,,,,,,,,,,,,,,,,,,,1.66055,11.85967084,0.0,,361.188,4.75,68.875,0.906,0.5,0.007,0.812,0.011,0.68875,0.906,0.0075,0.0105,0.0203,0.0274999999999999,1.66055,0.0,0.0,11.25,0.1479351609879103,0.0,0.0,0.39375,0.517773063457686,0.911523063457686,722,,,3.5668595556177174e-05,Information
561930,10132.0,1725.40116,AUS,Australia,Western Australia,4.035585011,0.0,0.81,0.26,10132.0,,,,,,,,,,,,,,,,,,,,,,,,,43.175234375,80.71170022000001,0.0,3.0,137.938,7.995,71.125,4.122,49.375,2.862,55.188,3.199,0.71125,4.122,0.740625,4.293,1.3797,7.9975,19.244075,0.0,0.0,233.578125,13.53761261330868,0.0,0.0,8.175234375,35.0,43.175234375,24,0.0,0.0,0.789811790317722,Watch
561942,10134.0,4352.900865,AUS,Australia,Western Australia,2.440343678,0.0,0.81,0.26,10134.0,,,,,,,,,,,,,,,,,,,,,,,,,3.99486,48.80687356,0.0,,576.688,13.248,113.938,2.618,3.062,0.07,1.062,0.024,1.13938,2.618,0.04593,0.105,0.02655,0.06,3.99486,,,,,,,,,,474,,,0.0053769337372428,Information
561945,10137.0,4639.412102,AUS,Australia,Western Australia,2.210158629,0.0,0.81,0.26,10137.0,,,,,,,,,,,,,,,,,,,,,,,,,4.803505,44.20317258,0.0,,629.312,13.564,115.688,2.494,21.25,0.458,1.875,0.04,1.15688,2.494,0.31875,0.687,0.046875,0.1,4.803505,0.0,0.0,1.40625,0.0303109525298859,0.0,0.0,0.04921875,0.1060883338546006,0.1553070838546006,334,,,0.0070959097655375,Information
561947,10139.0,1552.88363,AUS,Australia,Western Australia,3.288921388,0.0,0.81,0.26,10139.0,,,,,,,,,,,,,,,,,,,,,,,,,3.924,65.77842776,0.0,,162.625,10.472,47.125,3.035,3.75,0.241,0.0,0.0,0.47125,3.035,0.05625,0.3615,0.0,0.0,3.924,0.0,0.0,0.703125,0.0452786664917363,0.0,0.0,0.024609375,0.158475332721077,0.183084707721077,127,,,0.0151653517264591,Information
561949,10141.0,3524.557732,AUS,Australia,Western Australia,0.072236628,0.0,0.81,0.26,10141.0,,,,,,,,,,,,,,,,,,,,,,,,,6.04432,1.4447325599999998,0.0,,646.688,18.348,150.125,4.259,3.688,0.105,0.75,0.021,1.50125,4.259,0.05532,0.1575,0.01875,0.0525,6.04432,0.0,0.0,2.953125,0.0837871081837008,0.0,0.0,0.103359375,0.2932548786429528,0.3966142536429528,6695,,,0.002623230093175,Information
561960,10142.0,8657.006263,AUS,Australia,Western Australia,0.251673223,2.791557236,0.81,0.26,10142.0,,,,,,,,,,,,,,,,,,,,,,,,,2.9775499999999995,5.03346446,55.83114472,,1145.125,13.228,135.0,1.559,2.0,0.023,0.062,0.001,1.35,1.559,0.03,0.0345,0.00155,0.0025,2.9775499999999995,0.0,0.0,3.375,0.0389857636402139,0.0,0.0,0.118125,0.1364501727407486,0.2545751727407486,273,,,0.0034992135758677,Information
561970,10143.0,9000.58574,AUS,Australia,Western Australia,3.270266581,2.710474847,0.81,0.26,10143.0,,,,,,,,,,,,,,,,,,,,,,,,,5.901672851341301,65.40533162,54.20949694,,902.562,10.028,155.5,1.728,1.125,0.012,0.562,0.006,1.555,1.728,0.016875,0.018,0.01405,0.015,3.346925,0.0,0.0,79.875,0.8874422432403719,0.0,0.0,2.795625,3.1060478513413017,5.901672851341301,14803,,,0.0384917050783653,Information
561981,10144.0,3659.234474,AUS,Australia,Western Australia,0.30060968,2.994181502,0.81,0.26,10144.0,10144.0,0.0,1.0,-9999.0,-9999.0,-9999.0,0.0,10.0,-999.9,-999.9,-999.9,-5979.4,0.0,0.0,0.0,0.0,0.0,0.0,0.0,0.0,0.0,0.0,0.0,-5979.4,1.4881671719375598,6.0121936,59.88363004,,260.312,7.114,39.812,1.088,0.0,0.0,0.0,0.0,0.39812,1.088,0.0,0.0,0.0,0.0,1.48612,0.0,0.0,11.390625,0.3112843705535885,0.0,0.0,0.398671875,1.0894952969375598,1.4881671719375598,61,,,0.0004934423827097,Information
561983,10146.0,2034.497995,AUS,Australia,Western Australia,0.77299632,0.0,0.81,0.26,10146.0,,,,,,,,,,,,,,,,,,,,,,,,,3.4206,15.4599264,0.0,,111.5,5.48,51.062,2.51,3.562,0.175,0.562,0.028,0.51062,2.51,0.05343,0.2624999999999999,0.01405,0.07,3.4206,0.0,0.0,4.359375,0.2142727596698529,0.0,0.0,0.152578125,0.7499546588444852,0.9025327838444852,197,,,0.0006696805250051,Information
561984,10147.0,7037.315102,AUS,Australia,Western Australia,0.783489584,0.0,0.81,0.26,10147.0,,,,,,,,,,,,,,,,,,,,,,,,,4.29113,15.66979168,0.0,,598.375,8.503,159.688,2.269,9.25,0.131,1.5,0.021,1.59688,2.269,0.13875,0.1965,0.0375,0.0525,4.29113,,,,,,,,,,244,,,0.0014497806934918,Information
561985,10148.0,6220.038834,AUS,Australia,Western Australia,1.068273714,0.0,0.81,0.26,10148.0,,,,,,,,,,,,,,,,,,,,,,,,,1.99305,21.36547428,0.0,,195.938,3.15,63.562,1.022,7.312,0.118,0.75,0.012,0.63562,1.022,0.10968,0.177,0.01875,0.03,1.99305,0.0,0.0,7.453125,0.1198244126599276,0.0,0.0,0.260859375,0.4193854443097466,0.6802448193097466,469,,,0.0001188573085058,Information
561986,10149.0,7238.563718,AUS,Australia,Western Australia,1.030376761,0.0,0.81,0.26,10149.0,,,,,,,,,,,,,,,,,,,,,,,,,2.20089,20.607535220000003,0.0,,286.0,3.951,73.812,1.02,11.688,0.161,0.438,0.006,0.73812,1.02,0.17532,0.2415,0.01095,0.015,2.20089,0.0,0.0,1.546875,0.0213699161926718,0.0,0.0,0.054140625,0.0747947066743513,0.1289353316743512,424,,,0.0001681896629664,Information
561987,10150.0,6216.067673,AUS,Australia,Western Australia,0.424390141,0.0,0.81,0.26,10150.0,,,,,,,,,,,,,,,,,,,,,,,,,1.06188,8.48780282,0.0,,66.875,1.076,40.688,0.655,0.0,0.0,0.0,0.0,0.40688,0.655,0.0,0.0,0.0,0.0,1.06188,0.0,0.0,2.53125,0.0407210817710997,0.0,0.0,0.08859375,0.1425237861988489,0.2311175361988489,1,,,4.166763654291899e-06,Information
561990,10153.0,19067.46218,AUS,Australia,Western Australia,3.369111772,1.636225506,0.81,0.26,10153.0,,,,,,,,,,,,,,,,,,,,,,,,,3.27623,67.38223544,32.72451012,,740.125,3.882,185.125,0.971,19.312,0.101,0.312,0.002,1.85125,0.971,0.28968,0.1515,0.0078,0.005,3.27623,0.0,0.0,44.015625,0.2308415487757434,0.0,0.0,1.540546875,0.8079454207151019,2.348492295715102,756,,,0.0107762371034248,Information
562100,10154.0,23589.14596,AUS,Australia,Western Australia,0.919010113,2.266679524,0.81,0.26,10154.0,,,,,,,,,,,,,,,,,,,,,,,,,19.483282140195413,18.38020226,45.333590480000005,,765.75,3.246,268.312,1.137,37.938,0.161,3.5,0.015,2.68312,1.137,0.5690700000000001,0.2415,0.0875,0.0375,4.75569,0.0,0.0,390.9375,1.6572770400558328,0.0,0.0,13.6828125,5.800469640195415,19.483282140195413,14497,,,0.1511080576758357,Information
562201,10155.0,5399.564283,AUS,Australia,Western Australia,3.226741243,0.0,0.81,0.26,10155.0,10155.0,0.0,6.0,-9999.0,-9999.0,-9999.0,0.0,5.0,-999.9,-999.9,-999.9,-5989.4,0.0,0.0,0.0,0.0,0.0,0.0,0.0,0.0,0.0,0.0,0.0,-5989.4,2.48557,64.53482486,0.0,,146.75,2.718,71.562,1.325,9.25,0.171,0.688,0.013,0.7156199999999999,1.325,0.13875,0.2565,0.0171999999999999,0.0325,2.48557,0.0,0.0,1.6875,0.0312525217132528,0.0,0.0,0.0590625,0.1093838259963848,0.1684463259963848,479,,,0.0039297206451602,Information
562202,10156.0,5253.182501,AUS,Australia,Western Australia,1.357467817,0.0,0.81,0.26,10156.0,,,,,,,,,,,,,,,,,,,,,,,,,0.609495,27.14935634,0.0,,24.5,0.466,18.562,0.353,1.625,0.031,0.0,0.0,0.18562,0.353,0.024375,0.0465,0.0,0.0,0.609495,0.0,0.0,4.078125,0.077631511933851,0.0,0.0,0.142734375,0.2717102917684785,0.4144446667684784,33,,,8.611905541656802e-07,Information
562203,10157.0,13941.37668,AUS,Australia,Western Australia,2.658115743,0.0,0.81,0.26,10157.0,,,,,,,,,,,,,,,,,,,,,,,,,2.949846823402627,53.16231486,0.0,,179.25,1.286,64.375,0.462,14.812,0.106,1.0,0.007,0.64375,0.462,0.22218,0.159,0.025,0.0175,1.52943,0.0,0.0,49.078125,0.3520321281150362,0.0,0.0,1.717734375,1.232112448402627,2.949846823402627,520,,,0.0028467080881778,Information
562207,10161.0,2529.479381,AUS,Australia,Western Australia,2.260626252,0.0,0.81,0.26,10161.0,10161.0,0.0,4.0,-9999.0,-9999.0,-9999.0,0.0,7.0,-999.9,-999.9,-999.9,-5985.4,0.0,0.0,0.0,0.0,0.0,0.0,0.0,0.0,0.0,0.0,0.0,-5985.4,0.5706000000000001,45.21252504,0.0,,30.062,1.188,4.312,0.17,4.312,0.17,0.312,0.012,0.04312,0.17,0.06468,0.255,0.0078,0.03,0.5706000000000001,0.0,0.0,2.390625,0.0945105549541836,0.0,0.0,0.083671875,0.3307869423396426,0.4144588173396426,1253,,,2.5030915695713115e-06,Information
562208,10162.0,22690.65155,AUS,Australia,Western Australia,2.454164655,0.0,0.81,0.26,10162.0,,,,,,,,,,,,,,,,,,,,,,,,,0.26763,49.0832931,0.0,,54.875,0.242,15.938,0.07,1.75,0.008,0.0,0.0,0.15938,0.07,0.02625,0.012,0.0,0.0,0.26763,,,,,,,,,,412,,,7.67375308355757e-08,Information
562209,10163.0,21951.56509,AUS,Australia,Western Australia,1.864028026,0.0,0.81,0.26,10163.0,10163.0,0.0,4.0,-9999.0,-9999.0,-9999.0,0.0,7.0,-999.9,-999.9,-999.9,-5985.4,0.0,0.0,0.0,0.0,0.0,0.0,0.0,0.0,0.0,0.0,0.0,-5985.4,2.830875,37.28056052,0.0,,256.562,1.169,130.625,0.595,30.875,0.141,7.0,0.032,1.30625,0.595,0.463125,0.2114999999999999,0.175,0.08,2.830875,0.0,0.0,2.671875,0.0121716833834307,0.0,0.0,0.093515625,0.0426008918420074,0.1361165168420074,136,,,0.0009738758416165,Information
562320,10164.0,10091.49331,AUS,Australia,Western Australia,2.672754038,0.0,0.81,0.26,10164.0,,,,,,,,,,,,,,,,,,,,,,,,,2.778305,53.45508076,0.0,,174.25,1.727,128.5,1.273,5.062,0.05,1.375,0.014,1.285,1.273,0.07593,0.075,0.034375,0.035,2.778305,0.0,0.0,30.375,0.3009960872463373,0.0,0.0,1.063125,1.0534863053621806,2.1166113053621807,54,,,0.0024118533292025,Information
562331,10165.0,10753.99109,AUS,Australia,Western Australia,0.462498623,1.54608507,0.81,0.26,10165.0,,,,,,,,,,,,,,,,,,,,,,,,,44.88118822704861,9.24997246,30.9217014,,141.688,1.318,88.375,0.822,12.938,0.12,1.688,0.016,0.88375,0.822,0.19407,0.18,0.0421999999999999,0.04,2.16202,0.0,0.0,664.453125,6.178665386299602,0.0,0.0,23.255859375,21.625328852048607,44.88118822704861,37,,,0.3331535204986636,Advisory
562335,10169.0,12905.49272,AUS,Australia,Western Australia,2.379967139,0.0,0.81,0.26,10169.0,,,,,,,,,,,,,,,,,,,,,,,,,36.8906841413537,47.59934278,0.0,,164.125,1.272,118.125,0.915,14.0,0.108,1.5,0.012,1.18125,0.915,0.21,0.162,0.0375,0.03,2.53575,0.0,0.0,593.859375,4.601601718958201,0.0,0.0,20.785078125,16.105606016353704,36.8906841413537,7,,,0.36280914987382,Advisory
562336,10170.0,3291.037172,AUS,Australia,Western Australia,0.941039008,0.0,0.81,0.26,10170.0,,,,,,,,,,,,,,,,,,,,,,,,,0.53894,18.82078016,0.0,,23.188,0.705,12.312,0.374,0.688,0.021,0.0,0.0,0.12312,0.374,0.01032,0.0315,0.0,0.0,0.53894,0.0,0.0,1.96875,0.0598215667886214,0.0,0.0,0.06890625,0.2093754837601749,0.2782817337601749,2,,,2.6542903081648454e-07,Information
562338,10172.0,8499.692056,AUS,Australia,Western Australia,1.288811742,0.0,0.81,0.26,10172.0,,,,,,,,,,,,,,,,,,,,,,,,,4.806,25.77623484,0.0,,320.625,3.772,119.812,1.41,64.062,0.754,1.938,0.023,1.19812,1.41,0.9609299999999998,1.131,0.04845,0.0574999999999999,4.806,0.0,0.0,2.671875,0.0314349623784537,0.0,0.0,0.093515625,0.1100223683245879,0.2035379933245879,541,,,0.0030980491468788,Information
562340,10174.0,15758.75106,AUS,Australia,Western Australia,0.950362634,0.0,0.81,0.26,10174.0,,,,,,,,,,,,,,,,,,,,,,,,,1.530445,19.00725268,0.0,,193.688,1.229,77.25,0.49,10.688,0.068,0.125,0.001,0.7725,0.49,0.16032,0.102,0.003125,0.0025,1.530445,0.0,0.0,19.546875,0.1240382244183609,0.0,0.0,0.684140625,0.4341337854642632,1.118274410464263,60,,,3.61175760461088e-05,Information
562350,10175.0,15655.64731,AUS,Australia,Western Australia,4.014232596,2.363310223,0.81,0.26,10175.0,,,,,,,,,,,,,,,,,,,,,,,,,17.704230372259598,80.28465192,47.26620446,,177.5,1.134,86.938,0.555,19.25,0.123,0.188,0.001,0.86938,0.555,0.28875,0.1845,0.0046999999999999,0.0025,1.90483,0.0,0.0,308.671875,1.971632784931314,0.0,0.0,10.803515625,6.900714747259599,17.704230372259598,39,,,0.4571589546234078,Advisory
562360,10176.0,14269.89253,AUS,Australia,Western Australia,1.060970836,0.0,0.81,0.26,10176.0,,,,,,,,,,,,,,,,,,,,,,,,,1.975705,21.21941672,0.0,,290.938,2.039,86.688,0.607,19.375,0.136,0.188,0.001,0.86688,0.607,0.290625,0.204,0.0046999999999999,0.0025,1.975705,0.0,0.0,5.203125,0.0364622577742403,0.0,0.0,0.182109375,0.127617902209841,0.309727277209841,39,,,0.0001140189675676,Information
562370,10177.0,12048.3453,AUS,Australia,Western Australia,2.448387523,3.346511647,0.81,0.26,10177.0,,,,,,,,,,,,,,,,,,,,,,,,,7.845079173170978,48.967750460000005,66.93023294,,173.312,1.438,83.125,0.69,17.25,0.143,0.188,0.002,0.83125,0.69,0.25875,0.2144999999999999,0.0046999999999999,0.005,2.0042,0.0,0.0,122.484375,1.016607442334565,0.0,0.0,4.286953125,3.5581260481709776,7.845079173170978,976,,,0.0751130921811974,Information
562381,10178.0,1989.0367,AUS,Australia,Western Australia,3.245733264,0.0,0.81,0.26,10178.0,10178.0,0.0,4.0,-9999.0,-9999.0,-9999.0,0.0,7.0,-999.9,-999.9,-999.9,-5985.4,0.0,0.0,0.0,0.0,0.0,0.0,0.0,0.0,0.0,0.0,0.0,-5985.4,7.476057169518235,64.91466528000001,0.0,,51.938,2.611,37.375,1.879,2.938,0.148,0.0,0.0,0.37375,1.879,0.04407,0.2219999999999999,0.0,0.0,2.51882,0.0,0.0,35.4375,1.781641334148067,0.0,0.0,1.2403125,6.235744669518235,7.476057169518235,1496,,,0.0610429027890996,Information
562382,10179.0,4115.380694,AUS,Australia,Western Australia,2.496235107,0.0,0.81,0.26,10179.0,,,,,,,,,,,,,,,,,,,,,,,,,1.84463,49.92470214,0.0,,34.688,0.843,26.438,0.642,17.0,0.413,0.75,0.018,0.26438,0.642,0.255,0.6194999999999999,0.01875,0.045,1.84463,0.0,0.0,11.8125,0.2870329837958209,0.0,0.0,0.4134375,1.004615443285373,1.4180529432853732,225,,,0.0004812768858336,Information
562383,10180.0,6402.87768,AUS,Australia,Western Australia,0.004701055,0.0,0.81,0.26,10180.0,,,,,,,,,,,,,,,,,,,,,,,,,16.06367278041911,0.0940211,0.0,,16.625,0.26,16.625,0.26,0.062,0.001,3.062,0.048,0.16625,0.26,0.0009299999999999,0.0015,0.0765499999999999,0.12,0.62523,0.0,0.0,179.15625,2.7980582944054606,0.0,0.0,6.27046875,9.793204030419112,16.06367278041911,4101,,,0.0337996097138127,Information
562386,10183.0,8920.48214,AUS,Australia,Northern Territory,0.727111571,0.0,0.81,0.26,10183.0,,,,,,,,,,,,,,,,,,,,,,,,,0.1252724862670393,14.54223142,0.0,,11.125,0.125,4.812,0.054,0.062,0.001,0.0,0.0,0.04812,0.054,0.0009299999999999,0.0015,0.0,0.0,0.10455,0.0,0.0,1.6875,0.0189171389334398,0.0,0.0,0.0590625,0.0662099862670393,0.1252724862670393,9,,,3.393587199137218e-11,Information
562387,10184.0,9015.298916,AUS,Australia,Western Australia,0.296745823,0.0,0.81,0.26,10184.0,10184.0,0.0,11.0,-9999.0,-9999.0,-9999.0,0.0,1.0,-999.9,-999.9,-999.9,-5997.4,0.0,0.0,0.0,0.0,0.0,0.0,0.0,0.0,0.0,0.0,0.0,-5997.4,0.1557201683920407,5.93491646,0.0,,,,,,,,,,,,,,,,,0.0,0.0,2.109375,0.0233977266834402,0.0,0.0,0.073828125,0.0818920433920407,0.1557201683920407,21,,,7.583712908221106e-11,Information
562390,10187.0,16014.01515,AUS,Australia,Northern Territory,2.978453445,4.000129489,0.81,0.26,10187.0,,,,,,,,,,,,,,,,,,,,,,,,,17.653743113418027,59.5690689,80.00258978,,587.875,3.671,390.625,2.439,41.875,0.261,4.438,0.028,3.90625,2.439,0.628125,0.3915,0.11095,0.07,7.545825,0.0,0.0,310.5,1.938926603833722,0.0,0.0,10.8675,6.786243113418028,17.653743113418027,92,,,0.4503983655246308,Advisory
562420,10189.0,16078.48051,AUS,Australia,Northern Territory,1.720433952,0.0,0.81,0.26,10189.0,10189.0,0.0,4.0,-9999.0,-9999.0,-9999.0,0.0,7.0,-999.9,-999.9,-999.9,-5985.4,0.0,0.0,0.0,0.0,0.0,0.0,0.0,0.0,0.0,0.0,0.0,-5985.4,0.6865407350269588,34.40867904,0.0,,75.438,0.469,29.688,0.185,1.75,0.011,0.0,0.0,0.29688,0.185,0.02625,0.0165,0.0,0.0,0.5246299999999999,0.0,0.0,12.09375,0.0752169957219882,0.0,0.0,0.42328125,0.2632594850269587,0.6865407350269588,256,,,2.56337377002794e-06,Information
562430,10190.0,19057.46022,AUS,Australia,Northern Territory,1.611095887,0.0,0.81,0.26,10190.0,10190.0,0.0,4.0,-9999.0,-9999.0,-9999.0,0.0,7.0,-999.9,-999.9,-999.9,-5985.4,0.0,0.0,0.0,0.0,0.0,0.0,0.0,0.0,0.0,0.0,0.0,-5985.4,5.99105,32.22191774,0.0,,370.438,1.944,146.562,0.769,137.562,0.722,16.0,0.084,1.46562,0.769,2.0634300000000003,1.083,0.4,0.21,5.99105,0.0,0.0,75.234375,0.3947765029225319,0.0,0.0,2.633203125,1.3817177602288615,4.014920885228862,308,,,0.0076337202207059,Information
562510,10197.0,19141.12236,AUS,Australia,Northern Territory,0.144777593,2.842103876,0.81,0.26,10197.0,,,,,,,,,,,,,,,,,,,,,,,,,28.3693943590144,2.8955518600000003,56.84207752,,701.0,3.662,532.062,2.78,47.938,0.25,2.688,0.014,5.32062,2.78,0.7190700000000001,0.375,0.0672,0.035,9.29689,0.0,0.0,532.40625,2.7814787454326835,0.0,0.0,18.63421875,9.735175609014393,28.3693943590144,2935,,,0.3374052461966138,Information
562521,10198.0,1079.121655,AUS,Australia,Northern Territory,4.00411185,0.0,0.81,0.26,10198.0,,,,,,,,,,,,,,,,,,,,,,,,,37.19146770945817,80.082237,0.0,3.0,8.062,0.747,5.438,0.504,0.938,0.087,0.25,0.023,0.05438,0.504,0.01407,0.1305,0.00625,0.0574999999999999,0.7666999999999999,0.0,0.0,103.5,9.591133631273763,0.0,0.0,3.6225,33.56896770945817,37.19146770945817,11,1.0,9.090909090909092,0.7338396717611039,Watch
562522,10199.0,2461.542485,AUS,Australia,Northern Territory,3.289867027,0.0,0.81,0.26,10199.0,,,,,,,,,,,,,,,,,,,,,,,,,17.765792124220486,65.79734054000001,0.0,,100.375,4.078,22.938,0.932,11.688,0.475,5.75,0.234,0.22938,0.932,0.17532,0.7124999999999999,0.14375,0.5850000000000001,2.77795,0.0,0.0,100.265625,4.073284356920139,0.0,0.0,3.509296875,14.256495249220484,17.765792124220486,109,,,0.256224674854689,Information
562523,10200.0,14207.29795,AUS,Australia,Northern Territory,3.189851036,0.0,0.81,0.26,10200.0,10200.0,0.0,7.0,-9999.0,-9999.0,-9999.0,0.0,4.0,-999.9,-999.9,-999.9,-5991.4,0.0,0.0,0.0,0.0,0.0,0.0,0.0,0.0,0.0,0.0,0.0,-5991.4,11.6652093438631,63.79702072,0.0,,198.062,1.394,94.312,0.664,11.688,0.082,7.0,0.049,0.94312,0.664,0.17532,0.123,0.175,0.1225,2.20294,0.0,0.0,195.609375,1.376823205389457,0.0,0.0,6.846328125,4.818881218863099,11.6652093438631,658,,,0.1287057210190222,Information
562526,10203.0,6890.451096,AUS,Australia,Northern Territory,0.328511408,0.0,0.81,0.26,10203.0,,,,,,,,,,,,,,,,,,,,,,,,,5.006938653277361,6.57022816,0.0,,51.0,0.74,47.812,0.694,0.812,0.012,0.0,0.0,0.47812,0.694,0.01218,0.018,0.0,0.0,1.2023,0.0,0.0,58.359375,0.846960150936389,0.0,0.0,2.042578125,2.964360528277361,5.006938653277361,7,,,0.0017146292805711,Information
562529,10206.0,9904.895004,AUS,Australia,Northern Territory,3.67847236,0.0,0.81,0.26,10206.0,10206.0,0.0,4.0,-9999.0,-9999.0,-9999.0,0.0,7.0,-999.9,-999.9,-999.9,-5985.4,0.0,0.0,0.0,0.0,0.0,0.0,0.0,0.0,0.0,0.0,0.0,-5985.4,0.1483651341972737,73.5694472,0.0,,,,,,,,,,,,,,,,,0.0,0.0,2.109375,0.0212962883420782,0.0,0.0,0.073828125,0.0745370091972737,0.1483651341972737,9095,,,1.0940724511030477e-07,Information
562532,10208.0,2396.881315,AUS,Australia,Northern Territory,0.054059864,0.0,0.81,0.26,10208.0,,,,,,,,,,,,,,,,,,,,,,,,,3.894824777773123,1.08119728,0.0,,24.125,1.007,17.812,0.743,0.812,0.034,0.0,0.0,0.17812,0.743,0.01218,0.051,0.0,0.0,0.9843,0.0,0.0,21.515625,0.8976508293637495,0.0,0.0,0.753046875,3.141777902773123,3.894824777773123,560,,,0.0006089582572022,Information
562534,10209.0,7248.840019,AUS,Australia,Northern Territory,1.024037066,2.301797802,0.81,0.26,10209.0,,,,,,,,,,,,,,,,,,,,,,,,,14.639693083347291,20.48074132,46.03595604,,9.25,0.128,6.062,0.084,0.875,0.012,1.312,0.018,0.06062,0.084,0.013125,0.018,0.0328,0.045,0.2535449999999999,0.0,0.0,175.78125,2.4249569523849406,0.0,0.0,6.15234375,8.487349333347293,14.639693083347291,3081,,,0.0960177078064604,Information
562535,10210.0,993.9252866,AUS,Australia,Northern Territory,4.017022116,4.029788355,0.81,0.26,10210.0,,,,,,,,,,,,,,,,,,,,,,,,,35.550261740933486,80.34044232,80.5957671,3.0,7.25,0.729,7.062,0.711,0.438,0.044,0.188,0.019,0.07062,0.711,0.00657,0.066,0.0046999999999999,0.0475,0.90639,0.0,0.0,91.828125,9.23893639026671,0.0,0.0,3.213984375,32.33627736593348,35.550261740933486,18,0.0,0.0,0.7275620690454109,Watch
562536,10211.0,7430.371636,AUS,Australia,Northern Territory,1.335083416,1.201733003,0.81,0.26,10211.0,,,,,,,,,,,,,,,,,,,,,,,,,13.658765074828002,26.70166832,24.03466006,,31.438,0.423,24.5,0.33,0.875,0.012,0.688,0.009,0.245,0.33,0.013125,0.018,0.0171999999999999,0.0225,0.645825,0.0,0.0,166.359375,2.238910557093715,0.0,0.0,5.822578125,7.836186949828003,13.658765074828002,184,,,0.0464634446342814,Information
562539,10214.0,1702.7217,AUS,Australia,Northern Territory,0.545328885,3.514395433,0.81,0.26,10214.0,,,,,,,,,,,,,,,,,,,,,,,,,19.24801962196417,10.9065777,70.28790866,,10.125,0.595,8.875,0.521,1.125,0.066,0.0,0.0,0.08875,0.521,0.016875,0.099,0.0,0.0,0.725625,0.0,0.0,80.015625,4.699277927704051,0.0,0.0,2.800546875,16.447472746964177,19.24801962196417,0,,,0.3320912479629256,Information
562550,10216.0,916.7261493,AUS,Australia,Northern Territory,0.210145667,4.056916002,0.81,0.26,10216.0,,,,,,,,,,,,,,,,,,,,,,,,,9.084793796965917,4.20291334,81.13832004000001,,3.688,0.402,3.562,0.389,0.188,0.02,0.062,0.007,0.03562,0.389,0.00282,0.03,0.00155,0.0175,0.4764899999999999,0.0,0.0,21.796875,2.37768662056169,0.0,0.0,0.762890625,8.321903171965914,9.084793796965917,0,,,0.2325330360094845,Information
562560,10217.0,7691.38537,AUS,Australia,Northern Territory,0.133694225,0.0,0.81,0.26,10217.0,,,,,,,,,,,,,,,,,,,,,,,,,3.373681773574044,2.6738845,0.0,,1.188,0.015,1.125,0.015,0.875,0.011,1.312,0.017,0.01125,0.015,0.013125,0.0165,0.0328,0.0425,0.131175,0.0,0.0,41.90625,0.5448465781640125,0.0,0.0,1.46671875,1.906963023574044,3.373681773574044,2645,,,0.0003868127853701,Information
562572,10219.0,2271.330879,AUS,Australia,Northern Territory,0.0,3.126532505,0.81,0.26,10219.0,,,,,,,,,,,,,,,,,,,,,,,,,3.430295640168653,0.0,62.5306501,,2.312,0.102,2.312,0.102,1.625,0.072,1.938,0.085,0.0231199999999999,0.102,0.024375,0.1079999999999999,0.04845,0.2125,0.518445,0.0,0.0,18.140625,0.7986782186196152,0.0,0.0,0.634921875,2.795373765168653,3.430295640168653,0,,,0.0084040956938758,Information
562573,10220.0,8167.418608,AUS,Australia,Northern Territory,0.292794023,0.0,0.81,0.26,10220.0,,,,,,,,,,,,,,,,,,,,,,,,,55.036128121612514,5.85588046,0.0,,27.188,0.333,24.438,0.299,1.375,0.017,0.625,0.008,0.24438,0.299,0.020625,0.0255,0.015625,0.02,0.62513,0.0,0.0,706.921875,8.655389284746432,0.0,0.0,24.742265625,30.293862496612512,55.036128121612514,823,,,0.2956901228948404,Advisory
562576,10223.0,7488.390875,AUS,Australia,Northern Territory,1.380255635,0.0,0.81,0.26,10223.0,,,,,,,,,,,,,,,,,,,,,,,,,0.32311,27.6051127,0.0,,19.562,0.261,12.438,0.166,0.812,0.011,0.062,0.001,0.12438,0.166,0.01218,0.0165,0.00155,0.0025,0.32311,0.0,0.0,2.53125,0.033802322050434,0.0,0.0,0.08859375,0.118308127176519,0.206901877176519,21,,,3.11800808992216e-08,Information
562577,10224.0,1558.881,AUS,Australia,Northern Territory,0.173395528,0.0,0.81,0.26,10224.0,,,,,,,,,,,,,,,,,,,,,,,,,5.437755509632922,3.46791056,0.0,,26.562,1.704,18.375,1.179,0.062,0.004,0.062,0.004,0.18375,1.179,0.0009299999999999,0.006,0.00155,0.01,1.3812300000000002,0.0,0.0,20.953125,1.344113181323692,0.0,0.0,0.733359375,4.704396134632922,5.437755509632922,2439,,,0.0020105030023262,Information
562578,10225.0,7678.2531,AUS,Australia,Northern Territory,0.41156897,0.0,0.81,0.26,10225.0,,,,,,,,,,,,,,,,,,,,,,,,,1.6884716452039537,8.2313794,0.0,,100.938,1.315,49.0,0.638,1.375,0.018,0.125,0.002,0.49,0.638,0.020625,0.0269999999999999,0.003125,0.005,1.18375,0.0,0.0,20.953125,0.2728892200582725,0.0,0.0,0.733359375,0.9551122702039536,1.6884716452039537,82,,,3.2286199098181364e-05,Information
562579,10226.0,1449.061097,AUS,Australia,Northern Territory,0.277069897,3.011254452,0.81,0.26,10226.0,,,,,,,,,,,,,,,,,,,,,,,,,27.027044727051965,5.54139794,60.22508904,,7.625,0.526,6.25,0.431,0.062,0.004,0.062,0.004,0.0625,0.431,0.0009299999999999,0.006,0.00155,0.01,0.51198,0.0,0.0,97.734375,6.744669029157705,0.0,0.0,3.420703125,23.60634160205197,27.027044727051965,1307,,,0.3496008491502507,Information
562580,10227.0,10439.6151,AUS,Australia,Northern Territory,0.565107708,2.44736292,0.81,0.26,10227.0,,,,,,,,,,,,,,,,,,,,,,,,,12.498525546833507,11.30215416,48.9472584,,174.5,1.672,79.438,0.761,9.125,0.087,0.188,0.002,0.79438,0.761,0.136875,0.1305,0.0046999999999999,0.005,1.832455,0.0,0.0,182.390625,1.7471010490952883,0.0,0.0,6.383671875,6.114853671833509,12.498525546833507,831,,,0.0796768474822646,Information
562598,10235.0,3609.326229,AUS,Australia,Northern Territory,2.665547629,0.0,0.81,0.26,10235.0,,,,,,,,,,,,,,,,,,,,,,,,,2.115660210413841,53.310952580000006,0.0,,46.438,1.287,23.875,0.661,0.188,0.005,0.0,0.0,0.23875,0.661,0.00282,0.0075,0.0,0.0,0.91007,0.0,0.0,16.03125,0.4441618458325261,0.0,0.0,0.56109375,1.5545664604138414,2.115660210413841,31,,,0.0009869126633551,Information
562599,10236.0,1435.885047,AUS,Australia,Northern Territory,3.161640385,4.005447925,0.81,0.26,10236.0,,,,,,,,,,,,,,,,,,,,,,,,,14.229423763573898,63.2328077,80.1089585,,9.312,0.649,8.188,0.57,0.062,0.004,0.0,0.0,0.08188,0.57,0.0009299999999999,0.006,0.0,0.0,0.65881,0.0,0.0,51.046875,3.555080896735399,0.0,0.0,1.786640625,12.442783138573898,14.229423763573898,0,,,0.3688285588647709,Advisory
562601,10237.0,8283.464989,AUS,Australia,Northern Territory,2.272772908,2.051235803,0.81,0.26,10237.0,,,,,,,,,,,,,,,,,,,,,,,,,7.626304742489863,45.45545816,41.02471606,,55.812,0.674,27.062,0.327,0.875,0.011,0.125,0.002,0.27062,0.327,0.013125,0.0165,0.003125,0.005,0.6353700000000001,0.0,0.0,98.71875,1.1917567121399608,0.0,0.0,3.45515625,4.171148492489863,7.626304742489863,1057,,,0.0245677377034821,Information
562602,10238.0,13100.19744,AUS,Australia,Northern Territory,1.831590173,0.0,0.81,0.26,10238.0,,,,,,,,,,,,,,,,,,,,,,,,,0.46025,36.63180346,0.0,,33.688,0.257,26.125,0.199,0.0,0.0,0.0,0.0,0.26125,0.199,0.0,0.0,0.0,0.0,0.46025,,,,,,,,,,494,,,4.219148979466034e-07,Information
562604,10240.0,12634.19748,AUS,Australia,Northern Territory,1.111686445,0.0,0.81,0.26,10240.0,,,,,,,,,,,,,,,,,,,,,,,,,0.8728699999999999,22.2337289,0.0,,72.75,0.576,43.812,0.347,3.25,0.026,0.0,0.0,0.4381199999999999,0.347,0.04875,0.039,0.0,0.0,0.8728699999999999,0.0,0.0,6.046875,0.0478611721081226,0.0,0.0,0.211640625,0.1675141023784291,0.3791547273784291,410,,,3.5665719179005828e-06,Information
562605,10241.0,10007.25561,AUS,Australia,Northern Territory,2.740487989,0.0,0.81,0.26,10241.0,10241.0,0.0,1.0,-9999.0,-9999.0,-9999.0,0.0,10.0,-999.9,-999.9,-999.9,-5979.4,0.0,0.0,0.0,0.0,0.0,0.0,0.0,0.0,0.0,0.0,0.0,-5979.4,0.12225,54.80975978,0.0,,6.312,0.063,6.125,0.061,0.0,0.0,0.0,0.0,0.06125,0.061,0.0,0.0,0.0,0.0,0.12225,,,,,,,,,,63,,,1.6840706478659646e-09,Information
562608,10244.0,6328.379849,AUS,Australia,Northern Territory,1.605405698,0.0,0.81,0.26,10244.0,,,,,,,,,,,,,,,,,,,,,,,,,3.898697245139156,32.10811396,0.0,,0.688,0.011,0.688,0.011,0.688,0.011,1.688,0.027,0.00688,0.011,0.01032,0.0165,0.0421999999999999,0.0675,0.1544,0.0,0.0,43.171875,0.6821947486111872,0.0,0.0,1.511015625,2.387681620139156,3.898697245139156,9,,,0.0021364835376868,Information
562710,10246.0,5866.822615,AUS,Australia,Northern Territory,0.807894775,3.153502217,0.81,0.26,10246.0,,,,,,,,,,,,,,,,,,,,,,,,,8.026660626690258,16.1578955,63.07004434,,61.0,1.04,32.25,0.55,0.375,0.006,0.125,0.002,0.3225,0.55,0.005625,0.009,0.003125,0.005,0.8952500000000001,0.0,0.0,84.796875,1.4453628576257882,0.0,0.0,2.967890625,5.058770001690259,8.026660626690258,0,,,0.063473254024632,Information
562720,10247.0,15369.13582,AUS,Australia,Northern Territory,1.150363266,0.0,0.81,0.26,10247.0,,,,,,,,,,,,,,,,,,,,,,,,,1.5273713997362224,23.00726532,0.0,,86.312,0.562,65.0,0.423,4.875,0.032,1.062,0.007,0.65,0.423,0.073125,0.048,0.02655,0.0175,1.2381750000000002,0.0,0.0,26.4375,0.1720168284960635,0.0,0.0,0.9253125,0.6020588997362223,1.5273713997362224,33,,,4.424457736185204e-05,Information
562730,10248.0,5789.767468,AUS,Australia,Northern Territory,1.158957724,2.664872875,0.81,0.26,10248.0,,,,,,,,,,,,,,,,,,,,,,,,,8.053718445458692,23.17915448,53.2974575,,27.0,0.466,17.188,0.297,0.062,0.001,0.062,0.001,0.1718799999999999,0.297,0.0009299999999999,0.0015,0.00155,0.0025,0.4753599999999999,0.0,0.0,84.375,1.4573124129881976,0.0,0.0,2.953125,5.100593445458691,8.053718445458692,20,,,0.0394022885059445,Information
562740,10249.0,18013.41694,AUS,Australia,Northern Territory,1.884481499,0.0,0.81,0.26,10249.0,10249.0,0.0,6.0,-9999.0,-9999.0,-9999.0,0.0,5.0,-999.9,-999.9,-999.9,-5986.4,0.0,0.0,0.0,0.0,0.0,0.0,0.0,0.0,0.0,0.0,0.0,-5986.4,1.7575,37.68962998,0.0,,175.188,0.973,80.062,0.444,13.312,0.074,5.188,0.029,0.80062,0.444,0.19968,0.1109999999999999,0.1296999999999999,0.0725,1.7575,0.0,0.0,25.453125,0.1413009263179759,0.0,0.0,0.890859375,0.4945532421129156,1.3854126171129155,1313,,,0.0001796966914396,Information
562750,10250.0,1160.783517,AUS,Australia,Queensland,1.062839978,3.233629106,0.81,0.26,10250.0,,,,,,,,,,,,,,,,,,,,,,,,,16.231854892866533,21.25679956,64.67258212,,8.062,0.695,6.25,0.538,0.062,0.005,0.0,0.0,0.0625,0.538,0.0009299999999999,0.0075,0.0,0.0,0.60893,0.0,0.0,48.234375,4.155329076533295,0.0,0.0,1.688203125,14.543651767866534,16.231854892866533,1136,,,0.2183777489482068,Information
562751,10251.0,2070.914904,AUS,Australia,Northern Territory,3.55731128,4.010256949,0.81,0.26,10251.0,,,,,,,,,,,,,,,,,,,,,,,,,12.737713739002931,71.1462256,80.20513898000002,,65.438,3.16,23.562,1.138,2.188,0.106,1.312,0.063,0.23562,1.138,0.03282,0.159,0.0328,0.1575,1.75574,0.0,0.0,62.4375,3.014971782572266,0.0,0.0,2.1853125,10.552401239002933,12.737713739002931,0,,,0.3296589211338884,Information
562752,10252.0,3751.802255,AUS,Australia,Northern Territory,2.341256478,0.0,0.81,0.26,10252.0,,,,,,,,,,,,,,,,,,,,,,,,,2.0506800000000003,46.82512956,0.0,,131.188,3.497,43.188,1.151,6.75,0.18,1.062,0.028,0.43188,1.151,0.10125,0.27,0.02655,0.07,2.0506800000000003,0.0,0.0,2.53125,0.0674675749999751,0.0,0.0,0.08859375,0.2361365124999128,0.3247302624999129,8,,,0.0005661349552208,Information
562753,10253.0,1830.19721,AUS,Australia,Northern Territory,4.010636274,4.033815626,0.81,0.26,10253.0,,,,,,,,,,,,,,,,,,,,,,,,,16.161750111465334,80.21272548,80.67631252,,31.75,1.735,28.062,1.533,0.562,0.031,0.125,0.007,0.28062,1.533,0.00843,0.0465,0.003125,0.0175,1.889175,0.0,0.0,71.4375,3.903267888990096,0.0,0.0,2.5003125,13.661437611465336,16.161750111465334,2,,,0.4290927878983461,Advisory
562754,10254.0,5446.420484,AUS,Australia,Northern Territory,1.161364204,0.0,0.81,0.26,10254.0,,,,,,,,,,,,,,,,,,,,,,,,,1.23576,23.22728408,0.0,,76.75,1.409,28.438,0.522,9.812,0.18,0.188,0.003,0.2843799999999999,0.522,0.14718,0.27,0.0046999999999999,0.0075,1.23576,0.0,0.0,7.59375,0.139426436546782,0.0,0.0,0.26578125,0.487992527913737,0.753773777913737,276,,,1.8204299481077318e-05,Information
562755,10255.0,1823.795088,AUS,Australia,Northern Territory,3.557311325,4.013077959,0.81,0.26,10255.0,,,,,,,,,,,,,,,,,,,,,,,,,5.456416871811394,71.1462265,80.26155918,,17.125,0.939,2.312,0.127,0.125,0.007,0.125,0.007,0.0231199999999999,0.127,0.001875,0.0105,0.003125,0.0175,0.18312,0.0,0.0,24.046875,1.3185074990889696,0.0,0.0,0.841640625,4.6147762468113935,5.456416871811394,0,,,0.0992606728779704,Information
562756,10256.0,8352.412294,AUS,Australia,Northern Territory,1.210823353,0.0,0.81,0.26,10256.0,,,,,,,,,,,,,,,,,,,,,,,,,2.433292576749772,24.216467060000003,0.0,,164.562,1.97,96.188,1.152,7.25,0.087,0.562,0.007,0.96188,1.152,0.10875,0.1305,0.01405,0.0175,2.3846800000000004,0.0,0.0,31.640625,0.3788202004999349,0.0,0.0,1.107421875,1.3258707017497722,2.433292576749772,29,,,0.0002923266989072,Information
562757,10257.0,2405.331303,AUS,Australia,Northern Territory,4.035941783,4.002358414,0.81,0.26,10257.0,,,,,,,,,,,,,,,,,,,,,,,,,6.9045113489754,80.71883566,80.04716828,,13.562,0.564,8.188,0.34,0.5,0.021,0.0,0.0,0.08188,0.34,0.0075,0.0315,0.0,0.0,0.46088,0.0,0.0,38.25,1.5902175282786857,0.0,0.0,1.33875,5.5657613489754,6.9045113489754,0,,,0.1522211421270214,Information
562759,10259.0,15269.13409,AUS,Australia,Queensland,2.234795194,4.001524329,0.81,0.26,10259.0,,,,,,,,,,,,,,,,,,,,,,,,,5.432908174068496,44.69590388,80.03048658,,429.5,2.813,181.5,1.189,40.688,0.266,1.938,0.013,1.815,1.189,0.6103200000000001,0.399,0.04845,0.0325,4.09427,0.0,0.0,93.796875,0.6142907283052846,0.0,0.0,3.282890625,2.150017549068496,5.432908174068496,23,,,0.0965039713547627,Information
562762,10262.0,27942.99824,AUS,Australia,Queensland,1.416475773,0.0,0.81,0.26,10262.0,10262.0,0.0,2.0,-9999.0,-9999.0,-9999.0,0.0,9.0,-999.9,-999.9,-999.9,-5981.4,0.0,0.0,0.0,0.0,0.0,0.0,0.0,0.0,0.0,0.0,0.0,-5981.4,3.894925,28.32951546,0.0,,281.875,1.009,170.5,0.61,60.375,0.216,10.312,0.037,1.705,0.61,0.905625,0.324,0.2578,0.0925,3.894925,0.0,0.0,41.203125,0.1474542017554344,0.0,0.0,1.442109375,0.5160897061440204,1.9581990811440204,213,,,0.001793288765026,Information
562763,10263.0,3681.494379,AUS,Australia,Queensland,4.016486424,0.0,0.81,0.26,10263.0,,,,,,,,,,,,,,,,,,,,,,,,,1.1340485926463466,80.32972848,0.0,,45.688,1.241,6.062,0.165,0.375,0.01,0.0,0.0,0.06062,0.165,0.005625,0.015,0.0,0.0,0.246245,0.0,0.0,8.71875,0.2368263836132419,0.0,0.0,0.30515625,0.8288923426463467,1.1340485926463466,1285,,,0.0021632897757879,Information
562770,10270.0,4555.776208,AUS,Australia,Queensland,2.674793188,2.576257972,0.81,0.26,10270.0,,,,,,,,,,,,,,,,,,,,,,,,,4.51320919342874,53.495863760000006,51.52515944,,38.688,0.849,15.625,0.343,3.0,0.066,0.125,0.003,0.15625,0.343,0.045,0.099,0.003125,0.0075,0.653875,0.0,0.0,40.359375,0.8858945909796399,0.0,0.0,1.412578125,3.1006310684287395,4.51320919342874,246,,,0.009836340088209,Information
562782,10272.0,7334.930515,AUS,Australia,Queensland,0.663956213,0.0,0.81,0.26,10272.0,,,,,,,,,,,,,,,,,,,,,,,,,4.148994999999999,13.27912426,0.0,,335.438,4.573,120.562,1.644,21.625,0.295,9.0,0.123,1.20562,1.644,0.324375,0.4425,0.225,0.3075,4.148994999999999,0.0,0.0,17.71875,0.2415667055500191,0.0,0.0,0.62015625,0.8454834694250669,1.465639719425067,10,,,0.0011835644946465,Information
562783,10273.0,1180.003514,AUS,Australia,Queensland,2.577096525,0.0,0.81,0.26,10273.0,10273.0,0.0,6.0,-9999.0,-9999.0,-9999.0,0.0,5.0,-999.9,-999.9,-999.9,-5989.4,0.0,0.0,0.0,0.0,0.0,0.0,0.0,0.0,0.0,0.0,0.0,-5989.4,1.8663750000000003,51.5419305,0.0,,39.062,3.31,17.5,1.483,1.25,0.106,0.125,0.011,0.175,1.483,0.01875,0.159,0.003125,0.0274999999999999,1.8663750000000003,0.0,0.0,4.21875,0.3575201218790676,0.0,0.0,0.14765625,1.2513204265767366,1.3989766765767366,14,,,0.0005635758141363,Information
562784,10274.0,2532.469055,AUS,Australia,Queensland,0.120716391,0.0,0.81,0.26,10274.0,,,,,,,,,,,,,,,,,,,,,,,,,1.18175,2.41432782,0.0,,48.625,1.92,23.875,0.943,0.0,0.0,0.0,0.0,0.23875,0.943,0.0,0.0,0.0,0.0,1.18175,,,,,,,,,,2,,,5.0801324798773e-06,Information
562785,10275.0,1691.747099,AUS,Australia,Queensland,0.369751938,0.0,0.81,0.26,10275.0,,,,,,,,,,,,,,,,,,,,,,,,,2.938315,7.39503876,0.0,,104.875,6.199,39.812,2.353,1.188,0.07,0.375,0.022,0.39812,2.353,0.01782,0.105,0.009375,0.0549999999999999,2.938315,0.0,0.0,1.546875,0.0914365392356519,0.0,0.0,0.054140625,0.3200278873247816,0.3741685123247816,6,,,0.0002797679196159,Information
562786,10276.0,2364.066735,AUS,Australia,Queensland,2.875596997,0.0,0.81,0.26,10276.0,,,,,,,,,,,,,,,,,,,,,,,,,2.17807,57.511939940000005,0.0,,110.438,4.672,40.625,1.718,0.688,0.029,0.0,0.0,0.40625,1.718,0.01032,0.0435,0.0,0.0,2.17807,,,,,,,,,,7,,,0.0014852034159958,Information
562787,10277.0,1619.954567,AUS,Australia,Queensland,3.187728827,0.0,0.81,0.26,10277.0,10277.0,0.0,2.0,-9999.0,-9999.0,-9999.0,0.0,9.0,-999.9,-999.9,-999.9,-5981.4,0.0,0.0,0.0,0.0,0.0,0.0,0.0,0.0,0.0,0.0,0.0,-5981.4,0.7060934305394451,63.75457654,0.0,,3.938,0.243,2.312,0.143,0.0,0.0,0.0,0.0,0.0231199999999999,0.143,0.0,0.0,0.0,0.0,0.16612,0.0,0.0,2.8125,0.1736159801541272,0.0,0.0,0.0984375,0.6076559305394451,0.7060934305394451,98,,,4.10269147980446e-05,Information
562790,10280.0,6526.722788,AUS,Australia,Queensland,3.146934702,0.0,0.81,0.26,10280.0,,,,,,,,,,,,,,,,,,,,,,,,,5.147213786795067,62.93869404,0.0,,154.438,2.366,40.375,0.619,14.812,0.227,4.938,0.076,0.40375,0.619,0.22218,0.3405,0.1234499999999999,0.19,1.89888,0.0,0.0,58.078125,0.8898512605128762,0.0,0.0,2.032734375,3.1144794117950667,5.147213786795067,5,,,0.0241841690304019,Information
562810,10281.0,1794.04172,AUS,Australia,Queensland,1.115354942,0.0,0.81,0.26,10281.0,10281.0,0.0,1.0,-9999.0,-9999.0,-9999.0,0.0,10.0,-999.9,-999.9,-999.9,-5979.4,0.0,0.0,0.0,0.0,0.0,0.0,0.0,0.0,0.0,0.0,0.0,-5979.4,7.150772726024329,22.30709884,0.0,,218.625,12.186,64.0,3.567,9.688,0.54,0.062,0.003,0.64,3.567,0.14532,0.81,0.00155,0.0075,5.17137,0.0,0.0,31.078125,1.7322966717212367,0.0,0.0,1.087734375,6.063038351024328,7.150772726024329,3,,,0.0085269534630899,Information
562820,10282.0,10332.6994,AUS,Australia,Queensland,1.893233745,0.0,0.81,0.26,10282.0,,,,,,,,,,,,,,,,,,,,,,,,,2.4847,37.8646749,0.0,,919.688,8.901,114.125,1.105,7.75,0.075,0.188,0.002,1.14125,1.105,0.11625,0.1124999999999999,0.0046999999999999,0.005,2.4847,0.0,0.0,4.78125,0.0462730000602121,0.0,0.0,0.16734375,0.1619555002107423,0.3292992502107423,59,,,0.0006428274847157,Information
562842,10285.0,3319.580873,AUS,Australia,Queensland,1.753325779,0.0,0.81,0.26,10285.0,,,,,,,,,,,,,,,,,,,,,,,,,2.2561850000000003,35.06651558,0.0,,100.5,3.027,34.688,1.045,10.812,0.326,2.125,0.064,0.34688,1.045,0.16218,0.489,0.053125,0.16,2.2561850000000003,0.0,0.0,9.984375,0.3007721571300443,0.0,0.0,0.349453125,1.052702549955155,1.402155674955155,40,,,0.0003901525663723,Information
562843,10286.0,2366.864341,AUS,Australia,Queensland,2.51682189,0.0,0.81,0.26,10286.0,10286.0,0.0,1.0,-9999.0,-9999.0,-9999.0,0.0,10.0,-999.9,-999.9,-999.9,-5979.4,0.0,0.0,0.0,0.0,0.0,0.0,0.0,0.0,0.0,0.0,0.0,-5979.4,0.7782500000000001,50.3364378,0.0,,136.25,5.757,14.438,0.61,0.188,0.008,0.062,0.003,0.14438,0.61,0.00282,0.012,0.00155,0.0075,0.7782500000000001,,,,,,,,,,24,,,1.6194880288314086e-05,Information
562848,10291.0,23146.86015,AUS,Australia,Queensland,1.081526613,0.0,0.81,0.26,10291.0,10291.0,0.0,7.0,-9999.0,-9999.0,-9999.0,0.0,4.0,-999.9,-999.9,-999.9,-5991.4,0.0,0.0,0.0,0.0,0.0,0.0,0.0,0.0,0.0,0.0,0.0,-5991.4,0.1973508128127682,21.630532260000003,0.0,,31.75,0.137,8.812,0.038,0.0,0.0,0.125,0.001,0.0881199999999999,0.038,0.0,0.0,0.003125,0.0025,0.1317449999999999,0.0,0.0,3.9375,0.0170109465179338,0.0,0.0,0.1378125,0.0595383128127682,0.1973508128127682,879,,,1.0872347179101022e-09,Information
562850,10293.0,2745.565633,AUS,Australia,Queensland,3.943857184,0.0,0.81,0.26,10293.0,,,,,,,,,,,,,,,,,,,,,,,,,1.3036249999999998,78.87714368,0.0,,148.938,5.425,20.625,0.751,4.75,0.173,0.125,0.005,0.20625,0.751,0.07125,0.2594999999999999,0.003125,0.0125,1.3036249999999998,0.0,0.0,4.5,0.1639006529696272,0.0,0.0,0.1575,0.5736522853936952,0.7311522853936951,0,,,0.0026746793218501,Information
562860,10294.0,12629.49739,AUS,Australia,Queensland,0.377884397,0.0,0.81,0.26,10294.0,,,,,,,,,,,,,,,,,,,,,,,,,0.96893,7.557687939999999,0.0,,186.125,1.474,53.625,0.425,0.312,0.002,0.0,0.0,0.53625,0.425,0.00468,0.003,0.0,0.0,0.96893,,,,,,,,,,93,,,2.5803369936830206e-06,Information
562870,10295.0,3844.658328,AUS,Australia,Queensland,2.926441776,0.0,0.81,0.26,10295.0,,,,,,,,,,,,,,,,,,,,,,,,,0.15088,58.52883552,0.0,,13.5,0.351,4.188,0.109,0.0,0.0,0.0,0.0,0.04188,0.109,0.0,0.0,0.0,0.0,0.15088,,,,,,,,,,46,,,9.7562510159478e-09,Information
562880,10296.0,8757.995861,AUS,Australia,Queensland,0.650746634,0.0,0.81,0.26,10296.0,,,,,,,,,,,,,,,,,,,,,,,,,2.00363,13.01493268,0.0,,780.25,8.909,91.5,1.045,1.062,0.012,0.188,0.002,0.915,1.045,0.01593,0.018,0.0046999999999999,0.005,2.00363,0.0,0.0,18.5625,0.2119491753059716,0.0,0.0,0.6496875,0.7418221135709006,1.3915096135709004,56,,,8.137037485149356e-05,Information
562890,10297.0,20635.79625,AUS,Australia,Queensland,2.639949887,0.0,0.81,0.26,10297.0,,,,,,,,,,,,,,,,,,,,,,,,,6.51945,52.79899774,0.0,,1737.25,8.419,429.188,2.08,4.938,0.024,1.0,0.005,4.29188,2.08,0.07407,0.036,0.025,0.0125,6.51945,0.0,0.0,6.1875,0.0299843045844158,0.0,0.0,0.2165625,0.1049450660454553,0.3215075660454553,2134,,,0.0238728346505349,Information
562910,10298.0,43.46889655,AUS,Australia,Queensland,0.0,4.060984984,0.81,0.26,10298.0,,,,,,,,,,,,,,,,,,,,,,,,,29.567121832676253,0.0,81.21969968,3.0,0.062,0.144,0.062,0.144,0.0,0.0,0.0,0.0,0.00062,0.144,0.0,0.0,0.0,0.0,0.14462,0.0,0.0,3.65625,8.411186595050358,0.0,0.0,0.12796875,29.439153082676253,29.567121832676253,0,0.0,0.0,0.675033233740022,Watch
562921,10299.0,4980.457516,AUS,Australia,Queensland,1.876111731,2.252087293,0.81,0.26,10299.0,,,,,,,,,,,,,,,,,,,,,,,,,3.597432806204908,37.52223462,45.041745860000006,,368.0,7.389,62.438,1.254,4.812,0.097,0.375,0.008,0.62438,1.254,0.07218,0.1455,0.009375,0.02,2.125435,0.0,0.0,34.171875,0.6861191946299736,0.0,0.0,1.196015625,2.4014171812049074,3.597432806204908,1381,,,0.0032019196386688,Information
562922,10300.0,3921.093739,AUS,Australia,Queensland,0.49799531,0.0,0.81,0.26,10300.0,,,,,,,,,,,,,,,,,,,,,,,,,1.5564299999999998,9.9599062,0.0,,223.938,5.711,43.0,1.097,0.562,0.014,0.0,0.0,0.43,1.097,0.00843,0.021,0.0,0.0,1.5564299999999998,0.0,0.0,2.390625,0.0609683205588697,0.0,0.0,0.083671875,0.2133891219560439,0.2970609969560439,2,,,2.4762186036159677e-05,Information
562923,10301.0,12113.06797,AUS,Australia,Queensland,1.628284695,1.097204089,0.81,0.26,10301.0,10301.0,0.0,1.0,-9999.0,-9999.0,-9999.0,0.0,10.0,-999.9,-999.9,-999.9,-5979.4,0.0,0.0,0.0,0.0,0.0,0.0,0.0,0.0,0.0,0.0,0.0,-5979.4,6.201675,32.5656939,21.94408178,,1322.25,10.916,278.812,2.302,33.312,0.275,4.375,0.036,2.78812,2.302,0.4996799999999999,0.4125,0.109375,0.09,6.201675,0.0,0.0,20.109375,0.1660138872754335,0.0,0.0,0.703828125,0.5810486054640173,1.2848767304640174,291,,,0.00850863326654,Information
562925,10303.0,216.1614133,AUS,Australia,Queensland,4.022416937,0.0,0.81,0.26,10303.0,,,,,,,,,,,,,,,,,,,,,,,,,3.751375,80.44833874,0.0,,16.5,7.633,5.25,2.429,0.75,0.347,0.625,0.289,0.0525,2.429,0.01125,0.5205,0.015625,0.7224999999999999,3.751375,,,,,,,,,,2,,,0.0493756362927072,Information
562927,10305.0,3117.293589,AUS,Australia,Queensland,4.022057477,0.0,0.81,0.26,10305.0,,,,,,,,,,,,,,,,,,,,,,,,,3.4715000000000003,80.44114954,0.0,,379.562,12.176,69.0,2.213,9.0,0.289,0.0,0.0,0.69,2.213,0.135,0.4335,0.0,0.0,3.4715000000000003,0.0,0.0,2.25,0.0721779946515733,0.0,0.0,0.07875,0.2526229812805066,0.3313729812805066,6,,,0.041918767610198,Information
562928,10306.0,9928.398276,AUS,Australia,Queensland,2.132445075,0.0,0.81,0.26,10306.0,,,,,,,,,,,,,,,,,,,,,,,,,8.02194745015507,42.6489015,0.0,,971.812,9.788,155.375,1.565,0.188,0.002,0.0,0.0,1.55375,1.565,0.00282,0.003,0.0,0.0,3.12457,0.0,0.0,114.1875,1.1501099857585912,0.0,0.0,3.9965625,4.025384950155069,8.02194745015507,35,,,0.0245909839379605,Information
562930,10308.0,4761.266663,AUS,Australia,Queensland,2.723307692,4.019670491,0.81,0.26,10308.0,,,,,,,,,,,,,,,,,,,,,,,,,1.8158445274519697,54.46615384,80.39340982,,155.688,3.27,23.938,0.503,3.75,0.079,1.375,0.029,0.2393799999999999,0.503,0.05625,0.1185,0.034375,0.0725,1.024005,0.0,0.0,16.734375,0.3514689721291342,0.0,0.0,0.585703125,1.2301414024519697,1.8158445274519697,512,,,0.008672421602186,Information
562941,10309.0,1914.172018,AUS,Australia,Queensland,3.14924682,1.93906032,0.81,0.26,10309.0,,,,,,,,,,,,,,,,,,,,,,,,,1.2560222688529308,62.9849364,38.7812064,,115.875,6.054,14.5,0.758,0.188,0.01,0.062,0.003,0.145,0.758,0.00282,0.015,0.00155,0.0075,0.92987,0.0,0.0,5.765625,0.3012072553865517,0.0,0.0,0.201796875,1.054225393852931,1.2560222688529308,1,,,0.0003580037613779,Information
562942,10310.0,14196.87437,AUS,Australia,Queensland,2.430943087,0.0,0.81,0.26,10310.0,10310.0,0.0,1.0,-9999.0,-9999.0,-9999.0,0.0,10.0,-999.9,-999.9,-999.9,-5979.4,0.0,0.0,0.0,0.0,0.0,0.0,0.0,0.0,0.0,0.0,0.0,-5979.4,2.053495,48.61886174,0.0,,798.0,5.621,120.312,0.847,0.125,0.001,0.0,0.0,1.20312,0.847,0.001875,0.0015,0.0,0.0,2.053495,0.0,0.0,13.5,0.0950913535296533,0.0,0.0,0.4725,0.3328197373537865,0.8053197373537866,141,,,0.000641561564762,Information
562943,10311.0,120.0207056,AUS,Australia,Queensland,3.205248831,0.0,0.81,0.26,10311.0,,,,,,,,,,,,,,,,,,,,,,,,,3.320058929224355,64.10497662,0.0,,9.0,7.499,0.562,0.469,0.0,0.0,0.0,0.0,0.00562,0.469,0.0,0.0,0.0,0.0,0.47462,0.0,0.0,1.125,0.9373382654926729,0.0,0.0,0.039375,3.280683929224355,3.320058929224355,0,,,0.0086418561596539,Information
562946,10314.0,3890.32249,AUS,Australia,Queensland,2.542759524,0.0,0.81,0.26,10314.0,,,,,,,,,,,,,,,,,,,,,,,,,0.74312,50.855190480000005,0.0,,216.125,5.555,20.812,0.535,0.0,0.0,0.0,0.0,0.20812,0.535,0.0,0.0,0.0,0.0,0.74312,0.0,0.0,2.671875,0.0686800389205742,0.0,0.0,0.093515625,0.2403801362220097,0.3338957612220097,436,,,1.3845491479269407e-05,Information
562947,10315.0,8936.340456,AUS,Australia,Queensland,1.148345148,0.0,0.81,0.26,10315.0,,,,,,,,,,,,,,,,,,,,,,,,,2.37931,22.96690296,0.0,,679.125,7.6,112.188,1.255,0.062,0.001,0.0,0.0,1.12188,1.255,0.0009299999999999,0.0015,0.0,0.0,2.37931,,,,,,,,,,123,,,0.0002531276784249,Information
562948,10316.0,3098.646181,AUS,Australia,Queensland,3.069408383,0.0,0.81,0.26,10316.0,,,,,,,,,,,,,,,,,,,,,,,,,2.008,61.38816765999999,0.0,,219.938,7.098,47.5,1.533,0.0,0.0,0.0,0.0,0.475,1.533,0.0,0.0,0.0,0.0,2.008,0.0,0.0,4.640625,0.1497629845067505,0.0,0.0,0.162421875,0.5241704457736267,0.6865923207736266,75,,,0.0015561669896916,Information
562949,10317.0,5189.676057,AUS,Australia,Queensland,1.635666928,0.0,0.81,0.26,10317.0,,,,,,,,,,,,,,,,,,,,,,,,,3.69712,32.71333856,0.0,,595.875,11.482,125.562,2.419,0.5,0.01,0.0,0.0,1.25562,2.419,0.0075,0.015,0.0,0.0,3.69712,0.0,0.0,7.03125,0.1354853351640735,0.0,0.0,0.24609375,0.4741986730742572,0.7202924230742572,123,,,0.0018574499171268,Information
562950,10318.0,2144.035587,AUS,Australia,Queensland,4.012570094,0.0,0.81,0.26,10318.0,,,,,,,,,,,,,,,,,,,,,,,,,1.4775340259569458,80.25140188,0.0,,109.688,5.116,12.375,0.577,0.25,0.012,0.0,0.0,0.12375,0.577,0.00375,0.018,0.0,0.0,0.7225,0.0,0.0,7.453125,0.3476213288448417,0.0,0.0,0.260859375,1.216674650956946,1.4775340259569458,0,,,0.004761178920717,Information
562960,10319.0,25589.16606,AUS,Australia,Queensland,1.00481165,0.067894076,0.81,0.26,10319.0,,,,,,,,,,,,,,,,,,,,,,,,,1.523,20.096233,1.3578815199999998,,823.625,3.219,109.5,0.428,0.0,0.0,0.0,0.0,1.095,0.428,0.0,0.0,0.0,0.0,1.523,0.0,0.0,11.109375,0.0434143690888354,0.0,0.0,0.388828125,0.1519502918109239,0.540778416810924,23,,,3.74527732441967e-05,Information
562970,10320.0,8048.66659,AUS,Australia,Queensland,1.670999191,2.10970454,0.81,0.26,10320.0,,,,,,,,,,,,,,,,,,,,,,,,,3.06682,33.41998382,42.1940908,,838.312,10.416,136.5,1.696,0.188,0.002,0.0,0.0,1.365,1.696,0.00282,0.003,0.0,0.0,3.06682,0.0,0.0,10.828125,0.1345331537740156,0.0,0.0,0.378984375,0.4708660382090546,0.8498504132090545,1056,,,0.0016599626839091,Information
562981,10321.0,3902.888533,AUS,Australia,Queensland,2.234153127,0.0,0.81,0.26,10321.0,,,,,,,,,,,,,,,,,,,,,,,,,3.18768,44.68306254,0.0,,534.312,13.69,89.375,2.29,0.062,0.002,0.0,0.0,0.89375,2.29,0.0009299999999999,0.003,0.0,0.0,3.18768,0.0,0.0,4.078125,0.1044899172787466,0.0,0.0,0.142734375,0.3657147104756131,0.5084490854756131,0,,,0.0021600826945871,Information
562982,10322.0,12840.02438,AUS,Australia,Queensland,0.009036461,0.0,0.81,0.26,10322.0,,,,,,,,,,,,,,,,,,,,,,,,,4.28312,0.18072922,0.0,,1808.188,14.082,240.812,1.875,0.0,0.0,0.0,0.0,2.4081200000000003,1.875,0.0,0.0,0.0,0.0,4.28312,0.0,0.0,2.390625,0.018618539419406,0.0,0.0,0.083671875,0.065164887967921,0.148836762967921,9,,,0.0008200496949234,Information
562983,10323.0,1445.646854,AUS,Australia,Queensland,2.684946763,0.0,0.81,0.26,10323.0,10323.0,0.0,1.0,-9999.0,-9999.0,-9999.0,0.0,10.0,-999.9,-999.9,-999.9,-5979.4,0.0,0.0,0.0,0.0,0.0,0.0,0.0,0.0,0.0,0.0,0.0,-5979.4,2.78588,53.69893526,0.0,,196.062,13.562,35.188,2.434,0.0,0.0,0.0,0.0,0.35188,2.434,0.0,0.0,0.0,0.0,2.78588,0.0,0.0,0.84375,0.0583648764184319,0.0,0.0,0.02953125,0.2042770674645116,0.2338083174645116,0,,,0.0024724521069341,Information
562984,10324.0,8187.177642,AUS,Australia,Queensland,1.076831399,0.0,0.81,0.26,10324.0,,,,,,,,,,,,,,,,,,,,,,,,,0.81262,21.53662798,0.0,,238.688,2.915,36.562,0.447,0.0,0.0,0.0,0.0,0.36562,0.447,0.0,0.0,0.0,0.0,0.81262,,,,,,,,,,37,,,2.43718323467737e-06,Information
562985,10325.0,3358.936848,AUS,Australia,Queensland,2.611819584,0.0,0.81,0.26,10325.0,,,,,,,,,,,,,,,,,,,,,,,,,1.6205,52.23639168,0.0,,401.312,11.948,40.75,1.213,0.0,0.0,0.0,0.0,0.4075,1.213,0.0,0.0,0.0,0.0,1.6205,0.0,0.0,0.984375,0.0293061478812322,0.0,0.0,0.034453125,0.1025715175843127,0.1370246425843126,11,,,0.0003578028914805,Information
562986,10326.0,12073.21333,AUS,Australia,Queensland,0.525915164,0.0,0.81,0.26,10326.0,,,,,,,,,,,,,,,,,,,,,,,,,2.98357,10.51830328,0.0,,840.688,6.963,150.312,1.245,8.25,0.068,0.188,0.002,1.50312,1.245,0.12375,0.102,0.0046999999999999,0.005,2.98357,,,,,,,,,,30,,,0.000335805345023,Information
562987,10327.0,2705.785554,AUS,Australia,Queensland,1.255526175,0.0,0.81,0.26,10327.0,,,,,,,,,,,,,,,,,,,,,,,,,2.11925,25.1105235,0.0,,330.625,12.219,45.125,1.668,0.0,0.0,0.0,0.0,0.45125,1.668,0.0,0.0,0.0,0.0,2.11925,,,,,,,,,,1,,,0.00018196199737,Information
562988,10328.0,10549.41606,AUS,Australia,Queensland,0.075217661,0.0,0.81,0.26,10328.0,10328.0,0.0,1.0,-9999.0,-9999.0,-9999.0,0.0,10.0,-999.9,-999.9,-999.9,-5979.4,0.0,0.0,0.0,0.0,0.0,0.0,0.0,0.0,0.0,0.0,0.0,-5979.4,1.26425,1.50435322,0.0,,492.062,4.664,64.125,0.608,0.5,0.005,0.0,0.0,0.64125,0.608,0.0075,0.0075,0.0,0.0,1.26425,0.0,0.0,9.28125,0.0879788032426917,0.0,0.0,0.32484375,0.3079258113494209,0.6327695613494209,1196,,,6.637166962574308e-06,Information
562989,10329.0,8740.355037,AUS,Australia,Queensland,0.191016309,0.0,0.81,0.26,10329.0,10329.0,0.0,1.0,-9999.0,-9999.0,-9999.0,0.0,10.0,-999.9,-999.9,-999.9,-5979.4,0.0,0.0,0.0,0.0,0.0,0.0,0.0,0.0,0.0,0.0,0.0,-5979.4,1.2470500000000002,3.82032618,0.0,,327.062,3.742,58.062,0.664,0.062,0.001,0.0,0.0,0.58062,0.664,0.0009299999999999,0.0015,0.0,0.0,1.2470500000000002,,,,,,,,,,2766,,,6.949924176198688e-06,Information
562991,10330.0,12896.60867,AUS,Australia,Queensland,1.648985077,0.0,0.81,0.26,10330.0,,,,,,,,,,,,,,,,,,,,,,,,,4.18244,32.97970154,0.0,,1156.625,8.968,235.312,1.825,0.188,0.001,0.0,0.0,2.35312,1.825,0.00282,0.0015,0.0,0.0,4.18244,0.0,0.0,10.96875,0.0850514292785499,0.0,0.0,0.38390625,0.2976800024749246,0.6815862524749247,681,,,0.0027677268089633,Information
562992,10331.0,10112.67398,AUS,Australia,Queensland,2.563887154,0.0,0.81,0.26,10331.0,,,,,,,,,,,,,,,,,,,,,,,,,1.6543259870457412,51.27774308,0.0,,875.625,8.659,59.625,0.59,0.0,0.0,0.0,0.0,0.59625,0.59,0.0,0.0,0.0,0.0,1.1862499999999998,0.0,0.0,23.765625,0.2350083177273546,0.0,0.0,0.831796875,0.8225291120457411,1.6543259870457412,0,,,0.0003588297241706,Information
562993,10332.0,2200.637156,AUS,Australia,Queensland,3.790558685,0.0,0.81,0.26,10332.0,,,,,,,,,,,,,,,,,,,,,,,,,10.58757196835115,75.8111737,0.0,,309.812,14.078,22.625,1.028,0.0,0.0,0.0,0.0,0.22625,1.028,0.0,0.0,0.0,0.0,1.25425,0.0,0.0,54.5625,2.479395562386043,0.0,0.0,1.9096875,8.67788446835115,10.58757196835115,0,,,0.2043425036085733,Information
562994,10333.0,12011.59141,AUS,Australia,Queensland,2.029663979,0.0,0.81,0.26,10333.0,,,,,,,,,,,,,,,,,,,,,,,,,1.1003764886324578,40.59327958,0.0,,404.375,3.367,29.312,0.244,0.0,0.0,0.0,0.0,0.29312,0.244,0.0,0.0,0.0,0.0,0.53712,0.0,0.0,17.15625,0.1428307824664165,0.0,0.0,0.60046875,0.4999077386324577,1.1003764886324578,366,,,3.32104923446674e-05,Information
562995,10334.0,41489.45645,AUS,Australia,Queensland,2.217502574,2.762545558,0.81,0.26,10334.0,,,,,,,,,,,,,,,,,,,,,,,,,32.36719477903213,44.350051480000005,55.25091116,,1289.438,3.108,206.625,0.498,2.75,0.007,0.312,0.001,2.06625,0.498,0.04125,0.0105,0.0078,0.0025,2.6263,0.0,0.0,745.171875,1.7960511868663245,0.0,0.0,26.081015625,6.286179154032135,32.36719477903213,15756,,,0.372997150611615,Advisory
562996,10335.0,9328.613878,AUS,Australia,Queensland,1.697214411,2.564253692,0.81,0.26,10335.0,,,,,,,,,,,,,,,,,,,,,,,,,0.938214196270421,33.944288220000004,51.28507384,,354.312,3.798,18.188,0.195,0.75,0.008,0.0,0.0,0.18188,0.195,0.01125,0.012,0.0,0.0,0.40013,0.0,0.0,12.9375,0.138686198934406,0.0,0.0,0.4528125,0.485401696270421,0.938214196270421,21,,,3.911439195668249e-05,Information
562997,10336.0,298.2434438,AUS,Australia,Queensland,4.025560304,0.0,0.81,0.26,10336.0,,,,,,,,,,,,,,,,,,,,,,,,,11.046792209702202,80.51120608,0.0,,15.438,5.176,6.375,2.138,4.438,1.488,0.812,0.272,0.06375,2.138,0.06657,2.232,0.0203,0.68,5.20062,0.0,0.0,9.140625,3.0648200956292007,0.0,0.0,0.319921875,10.726870334702202,11.046792209702202,0,,,0.2851195014545754,Information
562998,10337.0,13403.25399,AUS,Australia,Queensland,2.664751529,0.0,0.81,0.26,10337.0,10337.0,0.0,1.0,-9999.0,-9999.0,-9999.0,0.0,10.0,-999.9,-999.9,-999.9,-5979.4,0.0,0.0,0.0,0.0,0.0,0.0,0.0,0.0,0.0,0.0,0.0,-5979.4,1.263321574780104,53.29503058,0.0,,507.688,3.788,48.312,0.36,6.5,0.048,0.438,0.003,0.48312,0.36,0.0975,0.072,0.01095,0.0075,1.0310700000000002,0.0,0.0,20.671875,0.154230271365744,0.0,0.0,0.723515625,0.539805949780104,1.263321574780104,401,,,0.0001530358623766,Information
562999,10338.0,10217.14113,AUS,Australia,Queensland,3.997810662,1.872592424,0.81,0.26,10338.0,,,,,,,,,,,,,,,,,,,,,,,,,21.92421167403849,79.95621324,37.45184848,,259.0,2.535,80.75,0.79,5.938,0.058,0.75,0.007,0.8075,0.79,0.08907,0.087,0.01875,0.0175,1.80982,19.40625,0.1899381613805446,308.25,3.016988766276477,0.29109375,0.2849072420708168,10.78875,10.55946068196767,21.92421167403849,31038,,,0.5357262109493344,Advisory
563100,10339.0,27015.32413,AUS,Australia,Queensland,4.000506045,1.009998868,0.81,0.26,10339.0,10339.0,0.0,1.0,-9999.0,-9999.0,-9999.0,0.0,10.0,-999.9,-999.9,-999.9,-5979.4,0.0,0.0,0.0,0.0,0.0,0.0,0.0,0.0,0.0,0.0,0.0,-5979.4,22.234168933259163,80.0101209,20.19997736,,362.375,1.341,152.938,0.566,14.875,0.055,1.062,0.004,1.52938,0.566,0.223125,0.0825,0.02655,0.01,2.437555,102.375,0.378951588752777,419.765625,1.5538056214657137,1.535625,0.5684273831291655,14.691796875,5.438319675129998,22.234168933259163,397969,,,0.5423691482510204,Advisory
563210,10340.0,4664.418503,AUS,Australia,Queensland,0.618847725,0.0,0.81,0.26,10340.0,10340.0,0.0,1.0,-9999.0,-9999.0,-9999.0,0.0,10.0,-999.9,-999.9,-999.9,-5979.4,0.0,0.0,0.0,0.0,0.0,0.0,0.0,0.0,0.0,0.0,0.0,-5979.4,1.6221100000000002,12.3769545,0.0,,193.25,4.143,16.188,0.347,21.812,0.468,1.062,0.023,0.16188,0.347,0.32718,0.7020000000000001,0.02655,0.0574999999999999,1.6221100000000002,0.0,0.0,8.15625,0.1748610249178655,0.0,0.0,0.28546875,0.6120135872125293,0.8974823372125293,4800,,,3.313201110947845e-05,Information
563220,10341.0,9452.333774,AUS,Australia,Queensland,0.352075971,0.0,0.81,0.26,10341.0,,,,,,,,,,,,,,,,,,,,,,,,,1.1908600000000005,7.04151942,0.0,,338.75,3.584,27.438,0.29,18.562,0.196,1.062,0.011,0.27438,0.29,0.27843,0.294,0.02655,0.0274999999999999,1.1908600000000005,4.359375,0.0461195626820883,12.375,0.1309200489039926,0.065390625,0.0691793440231324,0.433125,0.458220171163974,1.0259151401871065,2635,,,6.578509586368323e-06,Information
563230,10342.0,1703.069709,AUS,Australia,Queensland,1.782673132,0.0,0.81,0.26,10342.0,,,,,,,,,,,,,,,,,,,,,,,,,5.885009867154695,35.65346264,0.0,,58.812,3.453,15.312,0.899,3.688,0.217,0.188,0.011,0.15312,0.899,0.05532,0.3255,0.0046999999999999,0.0274999999999999,1.46514,5.90625,0.3468002494589445,21.9375,1.2881152122760795,0.08859375,0.5202003741884167,0.7678125,4.508403242966279,5.885009867154695,25,,,0.008381281825639,Information
563241,10343.0,1845.409512,AUS,Australia,Queensland,0.824429338,0.0,0.81,0.26,10343.0,,,,,,,,,,,,,,,,,,,,,,,,,14.89825449715508,16.48858676,0.0,,174.5,9.456,26.812,1.453,2.812,0.152,0.25,0.014,0.26812,1.453,0.04218,0.2279999999999999,0.00625,0.035,2.03255,16.59375,0.8991906615657677,59.203125,3.208129394230408,0.24890625,1.3487859923486516,2.072109375,11.228452879806428,14.89825449715508,24,,,0.0423774629956178,Information
563242,10344.0,20429.56924,AUS,Australia,Queensland,2.046398732,0.0,0.81,0.26,10344.0,,,,,,,,,,,,,,,,,,,,,,,,,5.275924999999999,40.92797464,0.0,,2146.562,10.507,319.375,1.563,21.125,0.103,1.312,0.006,3.19375,1.563,0.316875,0.1545,0.0328,0.015,5.275924999999999,3.234375,0.0158318316052105,30.234375,0.1479932084834898,0.048515625,0.0237477474078157,1.058203125,0.5179762296922142,1.6484427271000297,639,,,0.0078545797032928,Information
563243,10345.0,5165.557588,AUS,Australia,Queensland,1.543093845,0.0,0.81,0.26,10345.0,,,,,,,,,,,,,,,,,,,,,,,,,3.015948564879124,30.8618769,0.0,,519.062,10.049,70.875,1.372,6.25,0.121,0.625,0.012,0.70875,1.372,0.09375,0.1815,0.015625,0.03,2.401625,4.5,0.0871154744368678,27.421875,0.5308599223496634,0.0675,0.1306732116553017,0.959765625,1.858009728223822,3.015948564879124,142,,,0.0008675321627077,Information
563244,10346.0,11363.02306,AUS,Australia,Queensland,1.254773371,0.0,0.81,0.26,10346.0,,,,,,,,,,,,,,,,,,,,,,,,,33.253927618002045,25.09546742,0.0,,1187.5,10.451,164.375,1.447,182.125,1.603,16.438,0.145,1.64375,1.447,2.731875,2.4045,0.41095,0.3625,9.000575000000001,229.921875,2.0234217059892945,406.828125,3.5802807311480307,3.448828125,3.0351325589839417,14.238984375,12.530982559018108,33.253927618002045,1565,,,0.2083839037845028,Information
563245,10347.0,360.9062471,AUS,Australia,Queensland,1.609081537,0.0,0.81,0.26,10347.0,,,,,,,,,,,,,,,,,,,,,,,,,0.144,32.18163074,0.0,,8.938,2.476,0.5,0.139,0.0,0.0,0.0,0.0,0.005,0.139,0.0,0.0,0.0,0.0,0.144,,,,,,,,,,29,,,3.759206227019328e-10,Information
563246,10348.0,8137.550522,AUS,Australia,Queensland,1.514021675,0.0,0.81,0.26,10348.0,,,,,,,,,,,,,,,,,,,,,,,,,3.4352474575736887,30.2804335,0.0,,254.062,3.122,44.312,0.545,5.938,0.073,1.062,0.013,0.4431199999999999,0.545,0.08907,0.1094999999999999,0.02655,0.0325,1.24574,15.46875,0.1900909857053884,37.40625,0.4596745654330302,0.23203125,0.2851364785580826,1.30921875,1.6088609790156057,3.4352474575736887,160,,,0.0013045534163914,Information
563247,10349.0,16065.96872,AUS,Australia,Queensland,2.276243976,0.0,0.81,0.26,10349.0,,,,,,,,,,,,,,,,,,,,,,,,,1.0426671432889776,45.52487952,0.0,,81.125,0.505,22.625,0.141,3.688,0.023,0.0,0.0,0.22625,0.141,0.05532,0.0345,0.0,0.0,0.45707,3.796875,0.023633028706351,16.734375,0.1041603857798432,0.056953125,0.0354495430595264,0.585703125,0.3645613502294512,1.0426671432889776,206,,,3.81136229197041e-05,Information
563248,10350.0,5729.456214,AUS,Australia,Queensland,1.316642741,0.0,0.81,0.26,10350.0,,,,,,,,,,,,,,,,,,,,,,,,,1.36843,26.33285482,0.0,,269.062,4.696,46.75,0.816,2.062,0.036,0.0,0.0,0.4675,0.816,0.03093,0.0539999999999999,0.0,0.0,1.36843,1.125,0.0196353712825893,3.9375,0.0687237994890626,0.016875,0.0294530569238839,0.1378125,0.2405332982117191,0.4246738551356031,77,,,3.3613428857198395e-05,Information
563249,10351.0,5383.453188,AUS,Australia,Queensland,2.307592127,0.0,0.81,0.26,10351.0,,,,,,,,,,,,,,,,,,,,,,,,,2.3368100000000003,46.15184254,0.0,,377.125,7.005,76.438,1.42,3.562,0.066,0.0,0.0,0.7643800000000001,1.42,0.05343,0.099,0.0,0.0,2.3368100000000003,0.0,0.0,4.21875,0.078365128345933,0.0,0.0,0.14765625,0.2742779492107655,0.4219341992107654,610,,,0.0008523210130503,Information
563250,10352.0,7962.710849,AUS,Australia,Queensland,0.212539277,0.0,0.81,0.26,10352.0,,,,,,,,,,,,,,,,,,,,,,,,,1.839745,4.25078554,0.0,,371.5,4.665,67.562,0.848,8.125,0.102,0.75,0.009,0.67562,0.848,0.121875,0.153,0.01875,0.0225,1.839745,6.75,0.0847701257531791,15.890625,0.1995630043772759,0.10125,0.1271551886297686,0.556171875,0.6984705153204657,1.4830475789502344,10388,,,3.873329418189921e-05,Information
563260,10353.0,3448.15043,AUS,Australia,Queensland,0.161463451,0.0,0.81,0.26,10353.0,,,,,,,,,,,,,,,,,,,,,,,,,2.5990450000000003,3.2292690200000003,0.0,,187.625,5.441,63.062,1.829,1.875,0.054,0.312,0.009,0.63062,1.829,0.028125,0.081,0.0078,0.0225,2.5990450000000003,0.0,0.0,16.3125,0.4730797083532064,0.0,0.0,0.5709375,1.6557789792362223,2.2267164792362224,18,,,0.0001489032999807,Information
563270,10354.0,11815.68791,AUS,Australia,Queensland,1.74903267,0.0,0.81,0.26,10354.0,,,,,,,,,,,,,,,,,,,,,,,,,1.3365999999999998,34.9806534,0.0,,441.875,3.74,67.062,0.568,2.562,0.022,0.562,0.005,0.67062,0.568,0.03843,0.033,0.01405,0.0125,1.3365999999999998,,,,,,,,,,517,,,5.125857558368387e-05,Information
563280,10355.0,6526.180511,AUS,Australia,Queensland,1.262225258,0.0,0.81,0.26,10355.0,,,,,,,,,,,,,,,,,,,,,,,,,0.861,25.24450516,0.0,,159.125,2.438,34.0,0.521,0.0,0.0,0.0,0.0,0.34,0.521,0.0,0.0,0.0,0.0,0.861,,,,,,,,,,48,,,4.024367042599196e-06,Information
563290,10356.0,10670.10548,AUS,Australia,Queensland,0.536595481,0.0,0.81,0.26,10356.0,,,,,,,,,,,,,,,,,,,,,,,,,2.465005,10.73190962,0.0,,400.812,3.756,122.938,1.152,2.875,0.027,0.0,0.0,1.22938,1.152,0.043125,0.0405,0.0,0.0,2.465005,,,,,,,,,,275,,,0.0001656880266496,Information
563300,10357.0,23391.8076,AUS,Australia,Queensland,2.178012556,3.142071595,0.81,0.26,10357.0,,,,,,,,,,,,,,,,,,,,,,,,,47.43638581519994,43.56025112,62.8414319,,713.812,3.052,134.438,0.575,82.75,0.354,9.625,0.041,1.34438,0.575,1.24125,0.5309999999999999,0.240625,0.1025,4.034755,154.40625,0.6600868673468413,883.265625,3.77596139690848,2.31609375,0.990130301020262,30.914296875,13.21586488917968,47.43638581519994,165582,,,0.5964601730034288,Advisory
563410,10358.0,9485.12365,AUS,Australia,Queensland,1.263108407,0.021297459,0.81,0.26,10358.0,10358.0,0.0,15.0,-9999.0,-9999.0,-9999.0,0.0,1.0,-999.9,-999.9,-999.9,-5997.4,0.0,0.0,0.0,0.0,0.0,0.0,0.0,0.0,0.0,0.0,0.0,-5997.4,1.3794186094317369,25.26216814,0.42594918,,252.688,2.664,22.5,0.237,14.875,0.157,0.625,0.007,0.225,0.237,0.223125,0.2355,0.015625,0.0175,0.95375,1.125,0.0118606782732018,18.703125,0.1971837762919811,0.016875,0.0177910174098026,0.654609375,0.6901432170219339,1.3794186094317369,82144,,,3.271440416580963e-05,Information
563421,10359.0,2137.414336,AUS,Australia,Queensland,1.856172641,0.0,0.81,0.26,10359.0,,,,,,,,,,,,,,,,,,,,,,,,,2.30443,37.12345282,0.0,,270.688,12.664,36.75,1.719,0.062,0.003,1.5,0.07,0.3675,1.719,0.0009299999999999,0.0045,0.0375,0.175,2.30443,0.0,0.0,0.703125,0.0328960552018041,0.0,0.0,0.024609375,0.1151361932063143,0.1397455682063143,363,,,0.0004726167860447,Information
563422,10360.0,7654.490524,AUS,Australia,Queensland,0.75663082,0.0,0.81,0.26,10360.0,,,,,,,,,,,,,,,,,,,,,,,,,8.25163,15.1326164,0.0,,237.625,3.104,72.188,0.943,133.75,1.747,34.0,0.444,0.7218800000000001,0.943,2.00625,2.6205000000000003,0.85,1.11,8.25163,0.0,0.0,3.9375,0.051440392896804,0.0,0.0,0.1378125,0.180041375138814,0.317853875138814,11755,,,0.009885143825934,Information
563423,10361.0,3073.947144,AUS,Australia,Queensland,1.305651266,0.0,0.81,0.26,10361.0,,,,,,,,,,,,,,,,,,,,,,,,,2.25368,26.11302532,0.0,,92.75,3.017,37.125,1.208,10.562,0.344,0.0,0.0,0.37125,1.208,0.15843,0.516,0.0,0.0,2.25368,0.0,0.0,1.265625,0.0411726337708759,0.0,0.0,0.044296875,0.1441042181980656,0.1884010931980656,1224,,,0.0002415354699452,Information
563424,10362.0,8762.023704,AUS,Australia,Queensland,3.476922152,0.0,0.81,0.26,10362.0,,,,,,,,,,,,,,,,,,,,,,,,,4.482054999999999,69.53844304,0.0,,312.0,3.561,22.188,0.253,112.625,1.285,7.312,0.083,0.22188,0.253,1.689375,1.9275,0.1828,0.2075,4.482054999999999,0.0,0.0,4.359375,0.0497530610210996,0.0,0.0,0.152578125,0.1741357135738486,0.3267138385738486,1287,,,0.0276581297363344,Information
563425,10363.0,8012.324573,AUS,Australia,Queensland,2.363853682,0.0,0.81,0.26,10363.0,,,,,,,,,,,,,,,,,,,,,,,,,6.10045,47.27707364,0.0,,501.125,6.254,226.438,2.826,29.938,0.374,0.0,0.0,2.26438,2.826,0.4490699999999999,0.5609999999999999,0.0,0.0,6.10045,0.0,0.0,5.625,0.0702043451775168,0.0,0.0,0.196875,0.2457152081213088,0.4425902081213088,3055,,,0.0155149968706785,Information
563426,10364.0,5176.590943,AUS,Australia,Queensland,0.894776618,0.0,0.81,0.26,10364.0,,,,,,,,,,,,,,,,,,,,,,,,,0.583675,17.89553236,0.0,,32.062,0.619,17.312,0.334,1.562,0.03,0.125,0.002,0.17312,0.334,0.02343,0.045,0.003125,0.005,0.583675,,,,,,,,,,254,,,3.7798609783726003e-07,Information
563427,10365.0,206.7222022,AUS,Australia,Queensland,0.462969043,0.0,0.81,0.26,10365.0,,,,,,,,,,,,,,,,,,,,,,,,,10.4325,9.25938086,0.0,,115.125,55.691,43.25,20.922,0.0,0.0,0.0,0.0,0.4325,10.0,0.0,0.0,0.0,0.0,10.4325,,,,,,,,,,619,,,0.0152675456861782,Information
563428,10366.0,4863.865692,AUS,Australia,Queensland,0.117347769,0.0,0.81,0.26,10366.0,,,,,,,,,,,,,,,,,,,,,,,,,0.59468,2.3469553800000003,0.0,,147.25,3.027,19.0,0.391,0.312,0.006,0.0,0.0,0.19,0.391,0.00468,0.009,0.0,0.0,0.59468,,,,,,,,,,1018,,,1.6879555013089968e-07,Information
563429,10367.0,11066.29405,AUS,Australia,Queensland,0.533058463,0.0,0.81,0.26,10367.0,,,,,,,,,,,,,,,,,,,,,,,,,2.9998250000000004,10.66116926,0.0,,507.625,4.587,81.25,0.734,48.875,0.442,1.188,0.011,0.8125,0.734,0.733125,0.663,0.0296999999999999,0.0274999999999999,2.9998250000000004,,,,,,,,,,1094,,,0.0003445465431685,Information
563430,10368.0,5238.447166,AUS,Australia,Queensland,0.825201169,0.0,0.81,0.26,10368.0,,,,,,,,,,,,,,,,,,,,,,,,,2.1108100000000003,16.50402338,0.0,,629.438,12.016,61.688,1.178,6.812,0.13,0.25,0.005,0.61688,1.178,0.1021799999999999,0.195,0.00625,0.0125,2.1108100000000003,0.0,0.0,4.640625,0.0885877981180728,0.0,0.0,0.162421875,0.3100572934132548,0.4724791684132547,797,,,0.0001176609566639,Information
563440,10369.0,22705.08971,AUS,Australia,Queensland,1.507761688,0.0,0.81,0.26,10369.0,,,,,,,,,,,,,,,,,,,,,,,,,10.86013,30.15523376,0.0,,2681.75,11.811,337.875,1.488,225.062,0.991,31.438,0.138,3.37875,1.488,3.3759300000000003,1.4865,0.78595,0.345,10.86013,9.703125,0.0427354620600525,40.921875,0.1802321660793518,0.145546875,0.0641031930900787,1.432265625,0.6308125812777313,2.27272827436781,14846,,,0.0313596018500508,Information
563450,10370.0,7584.239146,AUS,Australia,Queensland,0.475299879,0.0,0.81,0.26,10370.0,,,,,,,,,,,,,,,,,,,,,,,,,2.420755,9.50599758,0.0,,990.688,13.062,64.438,0.85,22.25,0.293,2.625,0.035,0.6443800000000001,0.85,0.33375,0.4395,0.065625,0.0875,2.420755,0.0,0.0,24.46875,0.3226262981491177,0.0,0.0,0.85640625,1.129192043521912,1.985598293521912,7949,,,0.0001466175289529,Information
563460,10371.0,17376.28984,AUS,Australia,Queensland,0.958194773,0.0,0.81,0.26,10371.0,,,,,,,,,,,,,,,,,,,,,,,,,20.23898018956534,19.16389546,0.0,,1187.5,6.834,146.312,0.842,127.875,0.736,13.062,0.075,1.4631200000000002,0.842,1.918125,1.104,0.32655,0.1875,5.841295000000001,27.5625,0.1586213182435475,355.21875,2.044272703485719,0.4134375,0.2379319773653212,12.43265625,7.154954462200016,20.23898018956534,2620,,,0.0830547896540845,Information
563470,10372.0,2428.788827,AUS,Australia,Queensland,1.252645174,0.0,0.81,0.26,10372.0,,,,,,,,,,,,,,,,,,,,,,,,,7.987751896711539,25.05290348,0.0,,371.75,15.306,38.625,1.59,12.312,0.507,1.0,0.041,0.38625,1.59,0.18468,0.7605,0.025,0.1025,3.04893,2.671875,0.1100085347184857,43.453125,1.7890861698953744,0.040078125,0.1650128020777285,1.520859375,6.261801594633811,7.987751896711539,1327,,,0.0125820861537729,Information
563480,10373.0,8645.542562,AUS,Australia,Queensland,0.712757493,0.0,0.81,0.26,10373.0,,,,,,,,,,,,,,,,,,,,,,,,,8.40543493134619,14.25514986,0.0,,951.062,11.001,127.75,1.478,34.188,0.395,1.562,0.018,1.2775,1.478,0.51282,0.5925,0.03905,0.045,3.94487,8.15625,0.0943405221966728,107.859375,1.2475720780146229,0.12234375,0.1415107832950092,3.775078125,4.36650227305118,8.40543493134619,6279,,,0.0101030810277287,Information
563490,10374.0,16810.54766,AUS,Australia,Queensland,0.212675592,0.0,0.81,0.26,10374.0,,,,,,,,,,,,,,,,,,,,,,,,,4.448550893347404,4.25351184,0.0,,1267.938,7.543,198.438,1.18,6.312,0.038,0.875,0.005,1.98438,1.18,0.09468,0.0569999999999999,0.021875,0.0125,3.350435,15.328125,0.0911815921350476,73.125,0.434994751469952,0.229921875,0.1367723882025714,2.559375,1.5224816301448318,4.448550893347404,14311,,,0.0010734317433455,Information
563601,10375.0,3875.905589,AUS,Australia,Queensland,2.136953909,0.0,0.81,0.26,10375.0,10375.0,0.0,10.0,-9999.0,-9999.0,-9999.0,0.0,1.0,-999.9,-999.9,-999.9,-5997.4,0.0,0.0,0.0,0.0,0.0,0.0,0.0,0.0,0.0,0.0,0.0,-5997.4,2.8645931452703377,42.73907817999999,0.0,,119.0,3.07,22.5,0.581,0.438,0.011,0.312,0.008,0.225,0.581,0.00657,0.0165,0.0078,0.02,0.8568699999999999,0.84375,0.0217691061012689,22.5,0.5805094960338384,0.01265625,0.0326536591519033,0.7875,2.0317832361184345,2.8645931452703377,59365,,,0.0013713603920444,Information
563602,10376.0,5906.122399,AUS,Australia,Queensland,0.093094772,0.0,0.81,0.26,10376.0,,,,,,,,,,,,,,,,,,,,,,,,,0.6892801954629902,1.86189544,0.0,,93.0,1.575,18.75,0.317,1.688,0.029,0.188,0.003,0.1875,0.317,0.02532,0.0435,0.0046999999999999,0.0075,0.5855199999999999,0.0,0.0,7.3125,0.1238121987037115,0.0,0.0,0.2559375,0.4333426954629902,0.6892801954629902,17607,,,3.5522851879626974e-07,Information
563603,10377.0,1833.074987,AUS,Australia,Queensland,2.593178934,0.0,0.81,0.26,10377.0,,,,,,,,,,,,,,,,,,,,,,,,,0.5407500000000001,51.86357868,0.0,,26.625,1.452,8.375,0.457,0.0,0.0,0.0,0.0,0.08375,0.457,0.0,0.0,0.0,0.0,0.5407500000000001,,,,,,,,,,3814,,,3.580648143457893e-06,Information
563604,10378.0,5729.090002,AUS,Australia,Queensland,0.063318989,0.0,0.81,0.26,10378.0,,,,,,,,,,,,,,,,,,,,,,,,,0.79438,1.26637978,0.0,,52.438,0.915,28.938,0.505,0.0,0.0,0.0,0.0,0.2893799999999999,0.505,0.0,0.0,0.0,0.0,0.79438,0.0,0.0,7.875,0.1374563848322674,0.0,0.0,0.275625,0.4810973469129359,0.7567223469129359,13974,,,7.084277319629986e-07,Information
563606,10380.0,8610.568006,AUS,Australia,Queensland,0.236131726,0.0,0.81,0.26,10380.0,,,,,,,,,,,,,,,,,,,,,,,,,1.2659173972298707,4.72263452,0.0,,242.625,2.818,27.25,0.316,0.0,0.0,0.0,0.0,0.2725,0.316,0.0,0.0,0.0,0.0,0.5885,0.0,0.0,16.734375,0.1943469349228202,0.0,0.0,0.585703125,0.6802142722298707,1.2659173972298707,3445,,,7.766352661359281e-06,Information
563609,10383.0,5322.295864,AUS,Australia,Queensland,1.462615375,0.0,0.81,0.26,10383.0,,,,,,,,,,,,,,,,,,,,,,,,,0.47875,29.2523075,0.0,,172.0,3.232,16.25,0.305,0.25,0.005,0.0,0.0,0.1625,0.305,0.00375,0.0075,0.0,0.0,0.47875,,,,,,,,,,104,,,2.9311873866503685e-07,Information
563701,10384.0,3797.091058,AUS,Australia,Queensland,0.771020054,2.544176341,0.81,0.26,10384.0,,,,,,,,,,,,,,,,,,,,,,,,,8.707002002990462,15.42040108,50.88352682,,51.375,1.353,11.0,0.29,15.562,0.41,0.062,0.002,0.11,0.29,0.23343,0.615,0.00155,0.005,1.2549799999999998,1.265625,0.033331436635513,67.921875,1.788787099439198,0.018984375,0.0499971549532695,2.377265625,6.260754848037193,8.707002002990462,85359,,,0.0418091570256171,Information
563703,10386.0,7117.394064,AUS,Australia,Queensland,3.796563979,2.046971862,0.81,0.26,10386.0,,,,,,,,,,,,,,,,,,,,,,,,,18.477793948924244,75.93127958,40.93943724,,14.688,0.206,13.0,0.183,0.188,0.003,0.125,0.002,0.13,0.183,0.00282,0.0045,0.003125,0.005,0.328445,0.0,0.0,219.515625,3.084213449692641,0.0,0.0,7.683046875,10.794747073924244,18.477793948924244,792368,,,0.3957576582882027,Advisory
563704,10387.0,13683.13229,AUS,Australia,Queensland,1.703869222,0.0,0.81,0.26,10387.0,10387.0,0.0,2.0,2.0,-9999.0,-9999.0,0.0,9.0,0.2,-999.9,-999.9,-3981.2,0.0,0.0,0.0,0.0,0.0,0.0,0.0,0.0,0.0,0.0,0.0,-3981.2,2.734571148263629,34.07738444,0.0,,73.75,0.539,61.25,0.448,2.938,0.021,1.062,0.008,0.6125,0.448,0.04407,0.0315,0.02655,0.02,1.1826200000000002,0.0,0.0,45.140625,0.3298997923610369,0.0,0.0,1.579921875,1.154649273263629,2.734571148263629,1115640,,,0.0007300300822771,Information
563706,10389.0,3849.620005,AUS,Australia,Queensland,0.81212052,0.190980198,0.81,0.26,10389.0,,,,,,,,,,,,,,,,,,,,,,,,,0.6905818851235308,16.2424104,3.81960396,,22.125,0.575,3.938,0.102,0.312,0.008,0.0,0.0,0.03938,0.102,0.00468,0.012,0.0,0.0,0.15806,0.0,0.0,5.484375,0.1424653600352945,0.0,0.0,0.191953125,0.4986287601235307,0.6905818851235308,310061,,,8.006991226162125e-07,Information
563708,10391.0,6889.849898,AUS,Australia,New South Wales,2.279217792,0.0,0.81,0.26,10391.0,,,,,,,,,,,,,,,,,,,,,,,,,1.630570968462557,45.58435584,0.0,,21.062,0.306,9.5,0.138,0.0,0.0,0.0,0.0,0.095,0.138,0.0,0.0,0.0,0.0,0.233,3.65625,0.0530671938266944,17.4375,0.2530896936350044,0.05484375,0.0796007907400416,0.6103125,0.8858139277225153,1.630570968462557,105019,,,0.0002259810082954,Information
563709,10392.0,223.2662973,AUS,Australia,New South Wales,0.134409884,0.714663438,0.81,0.26,10392.0,,,,,,,,,,,,,,,,,,,,,,,,,38.20403415253962,2.68819768,14.29326876,,0.25,0.112,0.25,0.112,0.0,0.0,0.0,0.0,0.0025,0.112,0.0,0.0,0.0,0.0,0.1145,3.375,1.511647768359749,25.3125,11.337358262698114,0.050625,2.2674716525396232,0.8859375,35.0,38.20403415253962,3336,,,0.2095480972876678,Advisory
563800,10393.0,22200.22587,AUS,Australia,New South Wales,3.657732741,2.881465912,0.81,0.26,10393.0,10393.0,0.0,2.0,2.0,-9999.0,-9999.0,0.0,9.0,0.2,-999.9,-999.9,-3981.2,0.0,0.0,0.0,0.0,0.0,0.0,0.0,0.0,0.0,0.0,0.0,-3981.2,2.7331839314031527,73.15465481999999,57.62931824,,48.562,0.219,29.0,0.131,0.562,0.003,0.062,0.0,0.29,0.131,0.00843,0.0045,0.00155,0.0,0.43548,6.1875,0.0278713380460736,51.1875,0.2305719783811549,0.0928125,0.0418070070691104,1.7915625,0.8070019243340422,2.7331839314031527,58560,,,0.0111674059101069,Information
563900,10394.0,18570.78791,AUS,Australia,South Australia,0.45727824,0.0,0.81,0.26,10394.0,,,,,,,,,,,,,,,,,,,,,,,,,8.231625,9.1455648,0.0,,1007.875,5.427,513.875,2.767,14.125,0.076,0.0,0.0,5.13875,2.767,0.211875,0.1139999999999999,0.0,0.0,8.231625,0.0,0.0,24.46875,0.1317593530242028,0.0,0.0,0.85640625,0.4611577355847098,1.31756398558471,17073,,,0.008169022774135,Information
563918,10401.0,1448.056797,AUS,Australia,New South Wales,1.678810725,0.0,0.81,0.26,10401.0,,,,,,,,,,,,,,,,,,,,,,,,,1.88212,33.5762145,0.0,,24.75,1.709,23.812,1.644,0.0,0.0,0.0,0.0,0.23812,1.644,0.0,0.0,0.0,0.0,1.88212,0.0,0.0,4.640625,0.3204725815781724,0.0,0.0,0.162421875,1.121654035523603,1.2840759105236033,3321,,,0.0001828623056996,Information
563919,10402.0,467.2097162,AUS,Australia,New South Wales,0.205670395,0.0,0.81,0.26,10402.0,,,,,,,,,,,,,,,,,,,,,,,,,13.02375,4.1134079,0.0,,293.688,62.86,195.875,41.924,2.125,0.455,0.625,0.134,1.95875,10.0,0.031875,0.6825,0.015625,0.335,13.02375,0.0,0.0,9.984375,2.137022124066655,0.0,0.0,0.349453125,7.479577434233293,7.829030559233293,44764,,,0.0229456600892605,Information
563920,10403.0,21342.15678,AUS,Australia,New South Wales,1.40502834,0.0,0.81,0.26,10403.0,10403.0,0.0,2.0,-9999.0,-9999.0,-9999.0,0.0,9.0,-999.9,-999.9,-999.9,-5981.4,0.0,0.0,0.0,0.0,0.0,0.0,0.0,0.0,0.0,0.0,0.0,-5981.4,3.139375,28.100566800000003,0.0,,235.688,1.104,213.375,1.0,0.0,0.0,0.125,0.001,2.13375,1.0,0.0,0.0,0.003125,0.0025,3.139375,0.0,0.0,17.15625,0.0803866740268835,0.0,0.0,0.60046875,0.2813533590940922,0.8818221090940923,257342,,,0.0008703354444838,Information
563930,10404.0,2013.908077,AUS,Australia,New South Wales,1.266809935,0.057062415,0.81,0.26,10404.0,,,,,,,,,,,,,,,,,,,,,,,,,13.623641954817062,25.3361987,1.1412483,,30.062,1.493,30.062,1.493,0.0,0.0,0.0,0.0,0.30062,1.493,0.0,0.0,0.0,0.0,1.7936200000000002,0.0,0.0,65.25,3.239969129947732,0.0,0.0,2.28375,11.339891954817062,13.623641954817062,588214,,,0.0444537772326417,Information
563940,10405.0,21036.57366,AUS,Australia,New South Wales,2.989802622,0.0,0.81,0.26,10405.0,10405.0,0.0,2.0,2.0,-9999.0,-9999.0,0.0,9.0,0.2,-999.9,-999.9,-3981.2,0.0,0.0,0.0,0.0,0.0,0.0,0.0,0.0,0.0,0.0,0.0,-3981.2,1.4232638420909058,59.79605244,0.0,,,,,,,,,,,,,,,,,0.0,0.0,27.5625,0.1310218120259731,0.0,0.0,0.9646875,0.4585763420909058,1.4232638420909058,843552,,,0.0004173673627207,Information
563960,10407.0,15119.92831,AUS,Australia,New South Wales,0.542809734,0.0,0.81,0.26,10407.0,10407.0,0.0,4.0,-9999.0,-9999.0,-9999.0,0.0,7.0,-999.9,-999.9,-999.9,-5985.4,0.0,0.0,0.0,0.0,0.0,0.0,0.0,0.0,0.0,0.0,0.0,-5985.4,4.407456235860601,10.85619468,0.0,,,,,,,,,,,,,,,,,0.0,0.0,75.796875,0.501304460245886,0.0,0.0,2.652890625,1.7545656108606011,4.407456235860601,13748,,,0.0013194021409745,Information
563973,10410.0,11407.36794,AUS,Australia,Victoria,1.667376198,0.01935572,0.81,0.26,10410.0,,,,,,,,,,,,,,,,,,,,,,,,,52.85269042379492,33.34752396,0.3871143999999999,,10.562,0.093,10.188,0.089,0.0,0.0,0.062,0.001,0.10188,0.089,0.0,0.0,0.00155,0.0025,0.19493,3.65625,0.032051653090434,803.109375,7.040268876902648,0.05484375,0.0480774796356509,28.108828125,24.64094106915927,52.85269042379492,1604834,,,0.4082753843775503,Advisory
563975,10412.0,3431.843836,AUS,Australia,Victoria,0.692340615,0.679376508,0.81,0.26,10412.0,,,,,,,,,,,,,,,,,,,,,,,,,11.249974641093004,13.8468123,13.58753016,,148.688,4.333,119.562,3.484,3.125,0.091,0.438,0.013,1.19562,3.484,0.046875,0.1365,0.01095,0.0325,4.906445,0.0,0.0,82.125,2.3930284688837147,0.0,0.0,2.874375,8.375599641093002,11.249974641093004,617252,,,0.0208871757033082,Information
563976,10413.0,8815.633034,AUS,Australia,Victoria,1.074113402,0.0,0.81,0.26,10413.0,,,,,,,,,,,,,,,,,,,,,,,,,4.054928634679261,21.48226804,0.0,,187.812,2.13,77.125,0.875,23.25,0.264,1.75,0.02,0.77125,0.875,0.34875,0.396,0.04375,0.05,2.48475,0.0,0.0,54.28125,0.6157385384797887,0.0,0.0,1.89984375,2.15508488467926,4.054928634679261,217153,,,0.0015213470523372,Information
563977,10414.0,4054.005345,AUS,Australia,Victoria,1.803218155,0.0,0.81,0.26,10414.0,,,,,,,,,,,,,,,,,,,,,,,,,12.779921755686551,36.0643631,0.0,,59.812,1.475,11.0,0.271,21.375,0.527,0.062,0.002,0.11,0.271,0.320625,0.7905,0.00155,0.005,1.4986749999999998,0.0,0.0,105.328125,2.5981249659104435,0.0,0.0,3.686484375,9.093437380686552,12.779921755686551,35156,,,0.0536987559713281,Information
563978,10415.0,8863.417398,AUS,Australia,Victoria,0.760429362,0.0,0.81,0.26,10415.0,,,,,,,,,,,,,,,,,,,,,,,,,3.845375,15.20858724,0.0,,607.062,6.849,114.875,1.296,43.875,0.495,0.0,0.0,1.14875,1.296,0.658125,0.7424999999999999,0.0,0.0,3.845375,0.0,0.0,43.59375,0.4918390733780358,0.0,0.0,1.52578125,1.7214367568231252,3.2472180068231253,44726,,,0.0009896424252668,Information
563979,10416.0,5226.393074,AUS,Australia,Victoria,4.004619013,0.0,0.81,0.26,10416.0,,,,,,,,,,,,,,,,,,,,,,,,,2.179561536392205,80.09238026,0.0,,16.812,0.322,12.688,0.243,0.062,0.001,0.0,0.0,0.12688,0.243,0.0009299999999999,0.0015,0.0,0.0,0.37231,0.0,0.0,21.375,0.40898186754063,0.0,0.0,0.748125,1.431436536392205,2.179561536392205,54025,,,0.0134840637417279,Information
563980,10417.0,13257.02836,AUS,Australia,Victoria,0.389066692,0.0,0.81,0.26,10417.0,10417.0,0.0,4.0,-9999.0,-9999.0,-9999.0,0.0,7.0,-999.9,-999.9,-999.9,-5985.4,0.0,0.0,0.0,0.0,0.0,0.0,0.0,0.0,0.0,0.0,0.0,-5985.4,1.7528092436061988,7.78133384,0.0,,93.875,0.708,29.625,0.223,3.312,0.025,0.0,0.0,0.29625,0.223,0.04968,0.0375,0.0,0.0,0.6064299999999999,0.0,0.0,28.546875,0.2153338910303425,0.0,0.0,0.999140625,0.7536686186061987,1.7528092436061988,21301,,,3.701576505652904e-05,Information
563990,10418.0,18438.20022,AUS,Australia,South Australia,3.895028872,0.0,0.81,0.26,10418.0,,,,,,,,,,,,,,,,,,,,,,,,,14.60559414341793,77.90057744,0.0,,522.438,2.833,254.375,1.38,44.375,0.241,0.25,0.001,2.54375,1.38,0.665625,0.3615,0.00625,0.0025,4.959625000000001,0.0,0.0,270.5625,1.4674018981194088,0.0,0.0,9.4696875,5.135906643417931,14.60559414341793,52781,,,0.3393832767877137,Information
564001,10419.0,59399.8869,AUS,Australia,Queensland,2.854642704,0.0,0.81,0.26,10419.0,10419.0,0.0,6.0,-9999.0,-9999.0,-9999.0,0.0,5.0,-999.9,-999.9,-999.9,-5989.4,0.0,0.0,0.0,0.0,0.0,0.0,0.0,0.0,0.0,0.0,0.0,-5989.4,1.6733882431835028,57.09285408,0.0,,,,,,,,,,,,,,,,,0.0,0.0,40.921875,0.0688921766238579,0.0,0.0,1.432265625,0.2411226181835026,1.6733882431835028,556,,,0.0005889300404728,Information
564100,10421.0,36375.11934,AUS,Australia,South Australia,0.277043238,0.0,0.81,0.26,10421.0,,,,,,,,,,,,,,,,,,,,,,,,,11.086505,5.540864760000001,0.0,,1449.062,3.984,630.188,1.732,157.625,0.433,1.25,0.003,6.30188,1.732,2.364375,0.6495,0.03125,0.0075,11.086505,0.0,0.0,53.296875,0.1465201378300702,0.0,0.0,1.865390625,0.5128204824052457,2.378211107405246,2570,,,0.0160790979861011,Information
564101,10422.0,15853.37165,AUS,Australia,South Australia,1.038928314,0.0,0.81,0.26,10422.0,10422.0,0.0,13.0,-9999.0,-9999.0,-9999.0,0.0,1.0,-999.9,-999.9,-999.9,-5997.4,0.0,0.0,0.0,0.0,0.0,0.0,0.0,0.0,0.0,0.0,0.0,-5997.4,6.589755259207081,20.77856628,0.0,,714.875,4.509,250.625,1.581,21.875,0.138,0.0,0.0,2.50625,1.581,0.328125,0.207,0.0,0.0,4.622375,0.0,0.0,115.453125,0.7282559669163088,0.0,0.0,4.040859375,2.548895884207081,6.589755259207081,32312,,,0.006446147831698,Information
564103,10424.0,83.51441761,AUS,Australia,South Australia,0.691249043,0.0,0.81,0.26,10424.0,,,,,,,,,,,,,,,,,,,,,,,,,3.018,13.82498086,0.0,,2.5,2.993,2.5,2.993,0.0,0.0,0.0,0.0,0.025,2.993,0.0,0.0,0.0,0.0,3.018,0.0,0.0,0.140625,0.1683840994518449,0.0,0.0,0.004921875,0.5893443480814572,0.5942662230814572,418,,,0.0004014603258337,Information
564105,10426.0,16171.69326,AUS,Australia,South Australia,1.603631627,0.0,0.81,0.26,10426.0,10426.0,0.0,11.0,-9999.0,-9999.0,-9999.0,0.0,1.0,-999.9,-999.9,-999.9,-5997.4,0.0,0.0,0.0,0.0,0.0,0.0,0.0,0.0,0.0,0.0,0.0,-5997.4,7.08995,32.07263254,0.0,,896.25,5.542,400.688,2.478,24.938,0.154,0.0,0.0,4.00688,2.478,0.3740699999999999,0.2309999999999999,0.0,0.0,7.08995,0.0,0.0,82.6875,0.5113100940417579,0.0,0.0,2.8940625,1.7895853291461523,4.683647829146152,29791,,,0.011918052734796,Information
564107,10428.0,1205.460825,AUS,Australia,Victoria,0.441898686,0.0,0.81,0.26,10428.0,,,,,,,,,,,,,,,,,,,,,,,,,10.522890133205191,8.837973719999999,0.0,,5.438,0.451,3.812,0.316,0.062,0.005,0.0,0.0,0.03812,0.316,0.0009299999999999,0.0075,0.0,0.0,0.36255,0.0,0.0,32.34375,2.683102538058626,0.0,0.0,1.13203125,9.39085888320519,10.522890133205191,212,,,0.0154217658332247,Information
564108,10429.0,19639.41404,AUS,Australia,New South Wales,0.029025395,0.0,0.81,0.26,10429.0,10429.0,0.0,14.0,-9999.0,-9999.0,-9999.0,0.0,1.0,-999.9,-999.9,-999.9,-5997.4,0.0,0.0,0.0,0.0,0.0,0.0,0.0,0.0,0.0,0.0,0.0,-5997.4,2.39924274153268,0.5805079,0.0,,84.5,0.43,57.688,0.294,9.812,0.05,0.0,0.0,0.5768800000000001,0.294,0.14718,0.075,0.0,0.0,1.09306,0.0,0.0,45.421875,0.2312791761521941,0.0,0.0,1.589765625,0.8094771165326793,2.39924274153268,18846,,,9.79697068093154e-05,Information
564109,10430.0,116.5587507,AUS,Australia,New South Wales,4.030233548,0.0,0.81,0.26,10430.0,,,,,,,,,,,,,,,,,,,,,,,,,14.097186453762724,80.60467095999999,0.0,,2.938,2.52,2.938,2.52,0.0,0.0,0.0,0.0,0.02938,2.52,0.0,0.0,0.0,0.0,2.54938,0.0,0.0,4.640625,3.981361308217921,0.0,0.0,0.162421875,13.934764578762724,14.097186453762724,114,,,0.3748416332816998,Advisory
564200,10431.0,3994.190144,AUS,Australia,Victoria,0.026160164,0.0,0.81,0.26,10431.0,,,,,,,,,,,,,,,,,,,,,,,,,1.84718,0.5232032799999999,0.0,,154.812,3.876,43.25,1.083,6.312,0.158,0.0,0.0,0.4325,1.083,0.09468,0.237,0.0,0.0,1.84718,0.0,0.0,13.640625,0.3415116584022162,0.0,0.0,0.477421875,1.1952908044077568,1.672712679407757,4361,,,3.356087523647301e-05,Information
564201,10432.0,9655.854072,AUS,Australia,Victoria,1.789452297,0.0,0.81,0.26,10432.0,,,,,,,,,,,,,,,,,,,,,,,,,3.9135,35.78904594,0.0,,256.312,2.654,122.125,1.265,46.75,0.484,0.0,0.0,1.22125,1.265,0.70125,0.726,0.0,0.0,3.9135,0.0,0.0,8.578125,0.0888385940393207,0.0,0.0,0.300234375,0.3109350791376224,0.6111694541376225,32143,,,0.0025730623674787,Information
564202,10433.0,1708.925025,AUS,Australia,Victoria,0.14172452,0.0,0.81,0.26,10433.0,,,,,,,,,,,,,,,,,,,,,,,,,0.86244,2.8344904,0.0,,19.125,1.119,12.312,0.72,0.188,0.011,0.0,0.0,0.12312,0.72,0.00282,0.0165,0.0,0.0,0.86244,0.0,0.0,2.53125,0.1481194296734969,0.0,0.0,0.08859375,0.5184180038572391,0.6070117538572392,1021,,,1.153947474829798e-06,Information
564203,10434.0,5599.346651,AUS,Australia,Victoria,0.101680342,0.0,0.81,0.26,10434.0,,,,,,,,,,,,,,,,,,,,,,,,,11.23369,2.03360684,0.0,,636.75,11.372,308.062,5.502,63.438,1.133,0.0,0.0,3.08062,5.502,0.95157,1.6995,0.0,0.0,11.23369,0.0,0.0,2.109375,0.0376718058643672,0.0,0.0,0.073828125,0.1318513205252852,0.2056794455252852,2715,,,0.0151667844804975,Information
564204,10435.0,6379.953312,AUS,Australia,Victoria,0.096017497,0.0,0.81,0.26,10435.0,,,,,,,,,,,,,,,,,,,,,,,,,8.8645,1.92034994,0.0,,846.375,13.266,298.0,4.671,31.5,0.494,0.0,0.0,2.98,4.671,0.4725,0.741,0.0,0.0,8.8645,0.0,0.0,5.203125,0.081554280183696,0.0,0.0,0.182109375,0.2854399806429359,0.467549355642936,778,,,0.0081144801018436,Information
564205,10436.0,7031.074704,AUS,Australia,Victoria,1.17504771,0.0,0.81,0.26,10436.0,,,,,,,,,,,,,,,,,,,,,,,,,8.13818,23.5009542,0.0,,1012.562,14.401,266.5,3.79,46.312,0.659,0.0,0.0,2.665,3.79,0.6946799999999999,0.9885,0.0,0.0,8.13818,0.0,0.0,9.5625,0.136003390694658,0.0,0.0,0.3346875,0.4760118674313029,0.810699367431303,5556,,,0.0125223778794871,Information
564206,10437.0,2595.544251,AUS,Australia,Victoria,1.643943637,0.0,0.81,0.26,10437.0,,,,,,,,,,,,,,,,,,,,,,,,,3.712005,32.87887274,0.0,,162.75,6.27,71.438,2.752,3.375,0.13,0.0,0.0,0.71438,2.752,0.050625,0.195,0.0,0.0,3.712005,,,,,,,,,,867,,,0.0018962354293084,Information
564207,10438.0,3063.482654,AUS,Australia,Victoria,2.383344931,0.0,0.81,0.26,10438.0,,,,,,,,,,,,,,,,,,,,,,,,,1.4570600000000002,47.66689862,0.0,,103.5,3.379,27.688,0.904,4.312,0.141,0.0,0.0,0.27688,0.904,0.06468,0.2114999999999999,0.0,0.0,1.4570600000000002,,,,,,,,,,2372,,,0.0001710043693953,Information
564208,10439.0,9084.567337,AUS,Australia,Victoria,1.871327619,0.0,0.81,0.26,10439.0,,,,,,,,,,,,,,,,,,,,,,,,,6.16406,37.42655238,0.0,,400.875,4.413,217.938,2.399,50.312,0.554,0.0,0.0,2.17938,2.399,0.7546799999999999,0.8310000000000001,0.0,0.0,6.16406,0.0,0.0,38.671875,0.4256875816525004,0.0,0.0,1.353515625,1.4899065357837515,2.8434221607837515,4274,,,0.0102353888476371,Information
564209,10440.0,3173.771989,AUS,Australia,Victoria,0.565924266,0.0,0.81,0.26,10440.0,,,,,,,,,,,,,,,,,,,,,,,,,3.2876800000000004,11.31848532,0.0,,193.562,6.099,77.625,2.446,1.062,0.033,0.0,0.0,0.77625,2.446,0.01593,0.0495,0.0,0.0,3.2876800000000004,0.0,0.0,4.921875,0.1550796659808431,0.0,0.0,0.172265625,0.5427788309329509,0.7150444559329509,1453,,,0.000492337302861,Information
564210,10441.0,5104.518968,AUS,Australia,New South Wales,1.400301849,0.0,0.81,0.26,10441.0,,,,,,,,,,,,,,,,,,,,,,,,,6.612086244002757,28.00603698,0.0,,20.562,0.403,11.5,0.225,2.75,0.054,0.0,0.0,0.115,0.225,0.04125,0.081,0.0,0.0,0.46225,0.0,0.0,63.84375,1.250729998286502,0.0,0.0,2.23453125,4.377554994002757,6.612086244002757,52802,,,0.0084774785822514,Information
564220,10442.0,38747.77515,AUS,Australia,New South Wales,1.382157476,0.0,0.81,0.26,10442.0,,,,,,,,,,,,,,,,,,,,,,,,,2.0619723707662487,27.64314952,0.0,,78.812,0.203,26.312,0.068,5.5,0.014,3.875,0.01,0.26312,0.068,0.0825,0.021,0.096875,0.025,0.5564950000000001,0.0,0.0,46.828125,0.1208537130760711,0.0,0.0,1.638984375,0.4229879957662488,2.0619723707662487,370,,,0.00018688224661,Information
564221,10443.0,888.9654618,AUS,Australia,New South Wales,3.130506699,0.0,0.81,0.26,10443.0,,,,,,,,,,,,,,,,,,,,,,,,,0.66537,62.61013398,0.0,,5.062,0.569,5.062,0.569,0.25,0.028,0.0,0.0,0.05062,0.569,0.00375,0.042,0.0,0.0,0.66537,0.0,0.0,0.703125,0.0790947489185558,0.0,0.0,0.024609375,0.2768316212149452,0.3014409962149452,31,,,2.802974750396247e-05,Information
564230,10452.0,279.9131835,AUS,Australia,Victoria,4.022732298,0.0,0.81,0.26,10452.0,,,,,,,,,,,,,,,,,,,,,,,,,1.6987550000000002,80.45464596000001,0.0,,6.5,2.322,4.438,1.585,0.125,0.045,0.0,0.0,0.0443799999999999,1.585,0.001875,0.0675,0.0,0.0,1.6987550000000002,0.0,0.0,0.421875,0.1507163738209872,0.0,0.0,0.014765625,0.5275073083734553,0.5422729333734553,221,,,0.0072860580329783,Information
564241,10453.0,314.6843536,AUS,Australia,Victoria,3.661245539,0.0,0.81,0.26,10453.0,10453.0,0.0,15.0,-9999.0,-9999.0,-9999.0,0.0,1.0,-999.9,-999.9,-999.9,-5997.4,0.0,0.0,0.0,0.0,0.0,0.0,0.0,0.0,0.0,0.0,0.0,-5997.4,8.711744546182498,73.22491078,0.0,,17.188,5.462,6.125,1.946,4.0,1.271,0.0,0.0,0.06125,1.946,0.06,1.9065,0.0,0.0,3.97375,0.0,0.0,7.59375,2.4131323703378564,0.0,0.0,0.26578125,8.445963296182498,8.711744546182498,99,,,0.1307612470315013,Information
564242,10454.0,35236.97565,AUS,Australia,New South Wales,3.306743008,0.0,0.81,0.26,10454.0,,,,,,,,,,,,,,,,,,,,,,,,,6.158245,66.13486016,0.0,,257.188,0.73,216.312,0.614,175.125,0.497,0.25,0.001,2.16312,0.614,2.626875,0.7455,0.00625,0.0025,6.158245,0.0,0.0,47.953125,0.1360875163479895,0.0,0.0,1.678359375,0.4763063072179632,2.1546656822179635,26861,,,0.0441350550070247,Information
564243,10455.0,1150.110657,AUS,Australia,New South Wales,4.003388552,0.0,0.81,0.26,10455.0,,,,,,,,,,,,,,,,,,,,,,,,,6.74925,80.06777104,0.0,,71.438,6.211,38.875,3.38,20.5,1.782,0.0,0.0,0.38875,3.38,0.3075,2.673,0.0,0.0,6.74925,0.0,0.0,6.890625,0.5991271326318987,0.0,0.0,0.241171875,2.0969449642116453,2.3381168392116454,11796,,,0.1394249455241639,Information
564244,10456.0,19402.2641,AUS,Australia,Victoria,0.911627159,0.0,0.81,0.26,10456.0,,,,,,,,,,,,,,,,,,,,,,,,,5.295625818802192,18.23254318,0.0,,151.875,0.783,100.688,0.519,8.25,0.043,0.125,0.001,1.00688,0.519,0.12375,0.0645,0.003125,0.0025,1.719755,0.0,0.0,99.84375,0.5145984482291974,0.0,0.0,3.49453125,1.801094568802191,5.295625818802192,151264,,,0.0031001319588888,Information
564247,10459.0,6615.868445,AUS,Australia,Victoria,2.36882869,0.0,0.81,0.26,10459.0,,,,,,,,,,,,,,,,,,,,,,,,,6.38112,47.3765738,0.0,,189.0,2.857,157.562,2.382,59.125,0.894,3.125,0.047,1.57562,2.382,0.886875,1.341,0.078125,0.1175,6.38112,0.0,0.0,55.125,0.8332239442048522,0.0,0.0,1.929375,2.916283804716983,4.845658804716983,42429,,,0.017437028265104,Information
564248,10460.0,6400.639423,AUS,Australia,Victoria,1.90596749,0.0,0.81,0.26,10460.0,10460.0,0.0,15.0,-9999.0,-9999.0,-9999.0,0.0,1.0,-999.9,-999.9,-999.9,-5997.4,0.0,0.0,0.0,0.0,0.0,0.0,0.0,0.0,0.0,0.0,0.0,-5997.4,2.282688091117537,38.1193498,0.0,,,,,,,,,,,,,,,,,0.0,0.0,25.453125,0.3976653474621535,0.0,0.0,0.890859375,1.3918287161175371,2.282688091117537,39225,,,0.0004836760474714,Information
564250,10462.0,6909.354598,AUS,Australia,New South Wales,4.012535456,0.0,0.81,0.26,10462.0,10462.0,0.0,15.0,-9999.0,-9999.0,-9999.0,0.0,1.0,-999.9,-999.9,-999.9,-5997.4,0.0,0.0,0.0,0.0,0.0,0.0,0.0,0.0,0.0,0.0,0.0,-5997.4,4.9506468954678295,80.25070912000001,0.0,,62.688,0.907,61.625,0.892,30.938,0.448,0.562,0.008,0.61625,0.892,0.46407,0.672,0.01405,0.02,2.67837,0.0,0.0,57.796875,0.836501791562237,0.0,0.0,2.022890625,2.927756270467829,4.9506468954678295,1500,,,0.0832405865084743,Information
564261,10464.0,2553.720501,AUS,Australia,New South Wales,2.664115842,0.0,0.81,0.26,10464.0,,,,,,,,,,,,,,,,,,,,,,,,,0.3387331553848574,53.28231684000001,0.0,,0.0,0.0,0.0,0.0,3.562,0.14,0.0,0.0,0.0,0.0,0.05343,0.21,0.0,0.0,0.26343,0.0,0.0,1.96875,0.0770934015385307,0.0,0.0,0.06890625,0.2698269053848574,0.3387331553848574,19,,,4.1822408984519606e-07,Information
564262,10465.0,12725.75384,AUS,Australia,New South Wales,0.770105092,0.0,0.81,0.26,10465.0,,,,,,,,,,,,,,,,,,,,,,,,,0.93657,15.40210184,0.0,,0.0,0.0,0.0,0.0,34.938,0.275,0.0,0.0,0.0,0.0,0.52407,0.4125,0.0,0.0,0.93657,0.0,0.0,13.078125,0.1027689610325898,0.0,0.0,0.457734375,0.3596913636140643,0.8174257386140643,37386,,,3.343105700053863e-06,Information
564263,10466.0,8636.831333,AUS,Australia,New South Wales,2.429875385,0.0,0.81,0.26,10466.0,10466.0,0.0,13.0,-9999.0,-9999.0,-9999.0,0.0,1.0,-999.9,-999.9,-999.9,-5997.4,0.0,0.0,0.0,0.0,0.0,0.0,0.0,0.0,0.0,0.0,0.0,-5997.4,0.3079968069022908,48.5975077,0.0,,,,,,,,,,,,,,,,,0.0,0.0,4.078125,0.0472178376863688,0.0,0.0,0.142734375,0.1652624319022908,0.3079968069022908,1634,,,1.5492708319368338e-07,Information
564269,10472.0,21992.30587,AUS,Australia,New South Wales,2.311201158,0.0,0.81,0.26,10472.0,10472.0,0.0,4.0,-9999.0,-9999.0,-9999.0,0.0,7.0,-999.9,-999.9,-999.9,-5985.4,0.0,0.0,0.0,0.0,0.0,0.0,0.0,0.0,0.0,0.0,0.0,-5985.4,1.6682505515166752,46.22402316,0.0,,,,,,,,,,,,,,,,,0.0,0.0,32.765625,0.1489867647190501,0.0,0.0,1.146796875,0.5214536765166753,1.6682505515166752,44345,,,0.0002572884589688,Information
564270,10473.0,21071.12497,AUS,Australia,New South Wales,2.08127824,0.0,0.81,0.26,10473.0,10473.0,0.0,15.0,-9999.0,-9999.0,-9999.0,0.0,1.0,-999.9,-999.9,-999.9,-5997.4,0.0,0.0,0.0,0.0,0.0,0.0,0.0,0.0,0.0,0.0,0.0,-5997.4,3.672403152449448,41.6255648,0.0,,,,,,,,,,,,,,,,,0.0,0.0,71.15625,0.337695543556985,0.0,0.0,2.49046875,1.1819344024494476,3.672403152449448,94158,,,0.0028371502094885,Information
564290,10475.0,17390.00536,AUS,Australia,Australian Capital Territory,0.117136746,0.0,0.81,0.26,10475.0,10475.0,0.0,6.0,-9999.0,-9999.0,-9999.0,0.0,5.0,-999.9,-999.9,-999.9,-5985.4,0.0,0.0,0.0,0.0,0.0,0.0,0.0,0.0,0.0,0.0,0.0,-5985.4,5.279224040796901,2.34273492,0.0,,,,,,,,,,,,,,,,,0.0,0.0,95.765625,0.5506934759419717,0.0,0.0,3.351796875,1.9274271657969009,5.279224040796901,434901,,,0.0017632023629335,Information
564300,10476.0,35734.13711,AUS,Australia,New South Wales,0.926821594,0.0,0.81,0.26,10476.0,,,,,,,,,,,,,,,,,,,,,,,,,2.960640172528692,18.53643188,0.0,,44.5,0.125,23.75,0.066,4.188,0.012,0.0,0.0,0.2375,0.066,0.06282,0.018,0.0,0.0,0.38432,0.0,0.0,66.09375,0.1849596921510548,0.0,0.0,2.31328125,0.6473589225286918,2.960640172528692,4249,,,0.0004586249614936,Information
564301,10477.0,6166.675869,AUS,Australia,New South Wales,4.013912398,0.0,0.81,0.26,10477.0,10477.0,0.0,1.0,-9999.0,-9999.0,-9999.0,0.0,10.0,-999.9,-999.9,-999.9,-5980.066666666666,0.0,0.0,0.0,0.0,0.0,0.0,0.0,0.0,0.0,0.0,0.0,-5980.066666666666,1.94832,80.27824796000002,0.0,,214.438,3.477,62.75,1.018,7.688,0.125,0.0,0.0,0.6275,1.018,0.11532,0.1875,0.0,0.0,1.94832,0.0,0.0,9.0,0.1459457281594981,0.0,0.0,0.315,0.5108100485582434,0.8258100485582434,1936,,,0.0103131793940874,Information
564309,10485.0,2139.079193,AUS,Australia,New South Wales,3.393931894,0.0,0.81,0.26,10485.0,10485.0,0.0,15.0,-9999.0,-9999.0,-9999.0,0.0,1.0,-999.9,-999.9,-999.9,-5997.4,0.0,0.0,0.0,0.0,0.0,0.0,0.0,0.0,0.0,0.0,0.0,-5997.4,0.1396559570831036,67.87863788,0.0,,,,,,,,,,,,,,,,,0.0,0.0,0.703125,0.0328704520237439,0.0,0.0,0.024609375,0.1150465820831036,0.1396559570831036,75,,,2.6926686425249304e-08,Information
564402,10487.0,4523.369344,AUS,Australia,Queensland,0.482576155,0.0,0.81,0.26,10487.0,,,,,,,,,,,,,,,,,,,,,,,,,0.68675,9.6515231,0.0,,25.688,0.568,21.375,0.473,0.0,0.0,0.0,0.0,0.21375,0.473,0.0,0.0,0.0,0.0,0.68675,0.0,0.0,2.390625,0.0528505372482452,0.0,0.0,0.083671875,0.1849768803688582,0.2686487553688582,18,,,5.318858640765932e-07,Information
564406,10491.0,16098.98574,AUS,Australia,Queensland,2.018690241,0.0,0.81,0.26,10491.0,,,,,,,,,,,,,,,,,,,,,,,,,1.53005,40.37380482,0.0,,121.625,0.755,94.312,0.586,0.062,0.0,0.0,0.0,0.94312,0.586,0.0009299999999999,0.0,0.0,0.0,1.53005,0.0,0.0,14.90625,0.0925912367307793,0.0,0.0,0.52171875,0.3240693285577276,0.8457880785577276,101,,,0.0001247392991997,Information
564407,10492.0,2251.226933,AUS,Australia,Queensland,3.491537783,0.0,0.81,0.26,10492.0,,,,,,,,,,,,,,,,,,,,,,,,,3.70725,69.83075566,0.0,,110.812,4.922,68.125,3.026,0.0,0.0,0.0,0.0,0.68125,3.026,0.0,0.0,0.0,0.0,3.70725,,,,,,,,,,3587,,,0.0180174836151235,Information
564408,10493.0,5062.765339,AUS,Australia,Queensland,2.505671345,0.0,0.81,0.26,10493.0,,,,,,,,,,,,,,,,,,,,,,,,,1.40632,50.1134269,0.0,,134.312,2.653,26.375,0.521,13.938,0.275,0.0,0.0,0.26375,0.521,0.20907,0.4125,0.0,0.0,1.40632,0.0,0.0,1.265625,0.0249986897522785,0.0,0.0,0.044296875,0.0874954141329747,0.1317922891329747,150,,,0.0001793267729948,Information
564409,10494.0,9435.201039,AUS,Australia,Queensland,4.00460182,0.0,0.81,0.26,10494.0,,,,,,,,,,,,,,,,,,,,,,,,,1.017875,80.09203640000001,0.0,,76.188,0.807,49.25,0.522,0.125,0.001,0.0,0.0,0.4925,0.522,0.001875,0.0015,0.0,0.0,1.017875,0.0,0.0,5.625,0.0596171716598103,0.0,0.0,0.196875,0.208660100809336,0.4055351008093361,435,,,0.0014725887806822,Information
564500,10495.0,20364.63979,AUS,Australia,New South Wales,3.582638488,0.0,0.81,0.26,10495.0,10495.0,0.0,14.0,-9999.0,-9999.0,-9999.0,0.0,1.0,-999.9,-999.9,-999.9,-5997.4,0.0,0.0,0.0,0.0,0.0,0.0,0.0,0.0,0.0,0.0,0.0,-5997.4,0.7338748094798604,71.65276976,0.0,,0.0,0.0,0.0,0.0,3.875,0.019,3.938,0.019,0.0,0.0,0.058125,0.0284999999999999,0.09845,0.0475,0.232575,0.0,0.0,14.0625,0.0690535169942458,0.0,0.0,0.4921875,0.2416873094798603,0.7338748094798604,2594,,,0.0001291202253563,Information
564621,10497.0,9195.358299,AUS,Australia,New South Wales,2.360967253,0.0,0.81,0.26,10497.0,,,,,,,,,,,,,,,,,,,,,,,,,5.837250000000001,47.21934506,0.0,,0.0,0.0,0.0,0.0,71.625,0.779,68.875,0.749,0.0,0.0,1.074375,1.1685,1.721875,1.8725,5.837250000000001,0.0,0.0,29.671875,0.3226831846454601,0.0,0.0,1.038515625,1.1293911462591102,2.1679067712591102,292,,,0.0138367183744756,Information
564630,10506.0,13811.93574,AUS,Australia,New South Wales,3.788439571,0.0,0.81,0.26,10506.0,10506.0,0.0,11.0,-9999.0,-9999.0,-9999.0,0.0,1.0,-999.9,-999.9,-999.9,-5997.4,0.0,0.0,0.0,0.0,0.0,0.0,0.0,0.0,0.0,0.0,0.0,-5997.4,1.3152321936086977,75.76879142,0.0,,,,,,,,,,,,,,,,,0.0,0.0,21.796875,0.1578118767453421,0.0,0.0,0.762890625,0.5523415686086974,1.3152321936086977,2094,,,0.0017862756308365,Information
564642,10508.0,18482.12432,AUS,Australia,New South Wales,3.004884181,0.0,0.81,0.26,10508.0,,,,,,,,,,,,,,,,,,,,,,,,,0.4020008208840862,60.09768362,0.0,,0.0,0.0,0.0,0.0,5.75,0.031,0.0,0.0,0.0,0.0,0.08625,0.0465,0.0,0.0,0.1327499999999999,0.0,0.0,7.453125,0.0403261273954532,0.0,0.0,0.260859375,0.1411414458840862,0.4020008208840862,13023,,,2.135538404590572e-06,Information
564647,10513.0,5952.761748,AUS,Australia,New South Wales,1.772584599,0.0,0.81,0.26,10513.0,10513.0,0.0,1.0,-9999.0,-9999.0,-9999.0,0.0,10.0,-999.9,-999.9,-999.9,-5979.4,0.0,0.0,0.0,0.0,0.0,0.0,0.0,0.0,0.0,0.0,0.0,-5979.4,0.342942497353997,35.45169198,0.0,,,,,,,,,,,,,,,,,0.0,0.0,3.65625,0.0614210706725706,0.0,0.0,0.12796875,0.2149737473539971,0.342942497353997,62125,,,8.133626193589565e-08,Information
564650,10516.0,9563.95415,AUS,Australia,New South Wales,1.465673663,0.0,0.81,0.26,10516.0,10516.0,0.0,9.0,-9999.0,-9999.0,-9999.0,0.0,2.0,-999.9,-999.9,-999.9,-5995.4,0.0,0.0,0.0,0.0,0.0,0.0,0.0,0.0,0.0,0.0,0.0,-5995.4,1.3036800000000002,29.31347326,0.0,,278.188,2.909,63.625,0.665,0.062,0.001,0.0,0.0,0.63625,0.665,0.0009299999999999,0.0015,0.0,0.0,1.3036800000000002,0.0,0.0,1.546875,0.0161740110390628,0.0,0.0,0.054140625,0.0566090386367198,0.1107496636367198,2522,,,3.261248401457812e-05,Information
564670,10526.0,27730.86795,AUS,Australia,New South Wales,2.160747187,0.0,0.81,0.26,10526.0,10526.0,0.0,5.0,-9999.0,-9999.0,-9999.0,0.0,6.0,-999.9,-999.9,-999.9,-5992.4,0.0,0.0,0.0,0.0,0.0,0.0,0.0,0.0,0.0,0.0,0.0,-5992.4,13.75798903429914,43.21494374,0.0,,546.375,1.97,126.312,0.455,31.312,0.113,0.188,0.001,1.26312,0.455,0.46968,0.1695,0.0046999999999999,0.0025,2.3645000000000005,0.140625,0.0005071063777622,288.84375,1.041596499923571,0.002109375,0.0007606595666433,10.10953125,3.645587749732498,13.75798903429914,25192,,,0.0781459730581761,Information
564680,10527.0,15942.29885,AUS,Australia,Queensland,2.567519057,0.0,0.81,0.26,10527.0,,,,,,,,,,,,,,,,,,,,,,,,,2.4256299999999995,51.35038114,0.0,,955.125,5.991,147.188,0.923,1.25,0.008,0.0,0.0,1.47188,0.923,0.01875,0.012,0.0,0.0,2.4256299999999995,0.0,0.0,7.59375,0.0476327164044557,0.0,0.0,0.26578125,0.1667145074155949,0.432495757415595,1325,,,0.0013563262340555,Information
564691,10528.0,250.7037003,AUS,Australia,New South Wales,1.885346146,0.0,0.81,0.26,10528.0,,,,,,,,,,,,,,,,,,,,,,,,,1.09888,37.70692292,0.0,,2.688,1.072,2.688,1.072,0.0,0.0,0.0,0.0,0.02688,1.072,0.0,0.0,0.0,0.0,1.09888,,,,,,,,,,16,,,2.7005152799852998e-05,Information
564692,10529.0,9244.030011,AUS,Australia,New South Wales,0.937335107,0.0,0.81,0.26,10529.0,,,,,,,,,,,,,,,,,,,,,,,,,7.50611536579073,18.74670214,0.0,,341.75,3.697,94.875,1.026,17.5,0.189,1.188,0.013,0.94875,1.026,0.2625,0.2835,0.0296999999999999,0.0325,2.5829500000000003,6.75,0.0730201004516205,100.125,1.0831314900323712,0.10125,0.1095301506774307,3.504375,3.7909602151132993,7.50611536579073,1876,,,0.0086128781685327,Information
564693,10530.0,2852.129877,AUS,Australia,Queensland,3.780262322,0.0,0.81,0.26,10530.0,,,,,,,,,,,,,,,,,,,,,,,,,4.331186272521104,75.60524644,0.0,,264.625,9.278,23.562,0.826,11.75,0.412,0.312,0.011,0.23562,0.826,0.17625,0.618,0.0078,0.0274999999999999,1.89117,0.421875,0.0147915774580297,27.28125,0.9565220089525884,0.006328125,0.0221873661870445,0.95484375,3.3478270313340595,4.331186272521104,925,,,0.0419469262927343,Information
564694,10531.0,11573.98698,AUS,Australia,Queensland,0.85495635,0.0,0.81,0.26,10531.0,,,,,,,,,,,,,,,,,,,,,,,,,3.05232,17.099127,0.0,,518.438,4.479,144.812,1.251,10.25,0.089,1.438,0.012,1.44812,1.251,0.15375,0.1335,0.0359499999999999,0.03,3.05232,0.0,0.0,13.78125,0.1190708960441568,0.0,0.0,0.48234375,0.4167481361545488,0.8990918861545488,1948,,,0.0004804292359132,Information
564695,10532.0,2138.072017,AUS,Australia,Queensland,4.011201771,0.0,0.81,0.26,10532.0,,,,,,,,,,,,,,,,,,,,,,,,,9.95933796527218,80.22403541999999,0.0,,183.938,8.603,64.062,2.996,2.375,0.111,0.0,0.0,0.64062,2.996,0.035625,0.1665,0.0,0.0,3.838745,0.140625,0.0065771872467111,50.0625,2.3414786598291752,0.002109375,0.0098657808700666,1.7521875,8.195175309402114,9.95933796527218,7152,,,0.2463702099128637,Information
564696,10533.0,8610.195372,AUS,Australia,New South Wales,0.122037471,0.0,0.81,0.26,10533.0,,,,,,,,,,,,,,,,,,,,,,,,,2.04538,2.44074942,0.0,,409.188,4.752,64.188,0.745,12.0,0.139,5.0,0.058,0.64188,0.745,0.18,0.2085,0.125,0.145,2.04538,0.140625,0.0016332382009564,16.875,0.1959885841147723,0.002109375,0.0024498573014346,0.590625,0.685960044401703,1.2811442767031376,21946,,,5.5572756915246805e-05,Information
564697,10534.0,315.6189331,AUS,Australia,Queensland,3.923711711,0.0,0.81,0.26,10534.0,,,,,,,,,,,,,,,,,,,,,,,,,5.005120000000001,78.47423422,0.0,,20.688,6.555,15.312,4.852,0.0,0.0,0.0,0.0,0.15312,4.852,0.0,0.0,0.0,0.0,5.005120000000001,,,,,,,,,,12,,,0.0723115628617417,Information
564698,10535.0,4234.68877,AUS,Australia,Queensland,3.890341671,0.0,0.81,0.26,10535.0,,,,,,,,,,,,,,,,,,,,,,,,,0.64062,77.80683342,0.0,,120.25,2.84,19.062,0.45,0.0,0.0,0.0,0.0,0.19062,0.45,0.0,0.0,0.0,0.0,0.64062,0.0,0.0,3.9375,0.0929820398608013,0.0,0.0,0.1378125,0.3254371395128045,0.4632496395128045,1513,,,0.0001962296598589,Information
564699,10536.0,9559.238408,AUS,Australia,New South Wales,0.673847624,0.0,0.81,0.26,10536.0,,,,,,,,,,,,,,,,,,,,,,,,,2.69427,13.47695248,0.0,,370.188,3.873,107.25,1.122,14.688,0.154,0.938,0.01,1.0725,1.122,0.22032,0.2309999999999999,0.02345,0.025,2.69427,0.0,0.0,3.9375,0.0411905199148204,0.0,0.0,0.1378125,0.1441668197018714,0.2819793197018714,17763,,,0.0002609242082846,Information
564802,10539.0,8186.107878,AUS,Australia,Queensland,0.528064977,0.0,0.81,0.26,10539.0,,,,,,,,,,,,,,,,,,,,,,,,,1.4214651988798606,10.56129954,0.0,,53.438,0.653,7.875,0.096,0.0,0.0,2.562,0.031,0.07875,0.096,0.0,0.0,0.06405,0.0775,0.3163,0.0,0.0,18.28125,0.2233204139656744,0.0,0.0,0.63984375,0.7816214488798604,1.4214651988798606,43,,,1.7224631886833558e-05,Information
564804,10541.0,15337.03667,AUS,Australia,Queensland,1.56518818,0.0,0.81,0.26,10541.0,,,,,,,,,,,,,,,,,,,,,,,,,2.06275,31.3037636,0.0,,325.562,2.123,124.875,0.814,0.0,0.0,0.0,0.0,1.24875,0.814,0.0,0.0,0.0,0.0,2.06275,0.0,0.0,8.859375,0.0577645811823523,0.0,0.0,0.310078125,0.202176034138233,0.512254159138233,95,,,0.0002277431403715,Information
564902,10548.0,11207.27664,AUS,Australia,Queensland,2.635930494,0.0,0.81,0.26,10548.0,,,,,,,,,,,,,,,,,,,,,,,,,0.12912,52.71860988,0.0,,6.812,0.061,6.812,0.061,0.0,0.0,0.0,0.0,0.06812,0.061,0.0,0.0,0.0,0.0,0.12912,,,,,,,,,,391,,,1.7833466258052564e-09,Information
564903,10549.0,8254.037371,AUS,Australia,Queensland,1.157801297,0.0,0.81,0.26,10549.0,10549.0,0.0,9.0,-9999.0,-9999.0,-9999.0,0.0,2.0,-999.9,-999.9,-999.9,-5995.4,0.0,0.0,0.0,0.0,0.0,0.0,0.0,0.0,0.0,0.0,0.0,-5995.4,5.747209212449777,23.15602594,0.0,,657.062,7.96,219.562,2.66,0.0,0.0,0.0,0.0,2.19562,2.66,0.0,0.0,0.0,0.0,4.85562,0.0,0.0,74.25,0.8995597749856507,0.0,0.0,2.59875,3.148459212449777,5.747209212449777,3179,,,0.0047562717063572,Information
564904,10550.0,19231.14538,AUS,Australia,Queensland,3.072674638,0.0,0.81,0.26,10550.0,,,,,,,,,,,,,,,,,,,,,,,,,1.86262,61.45349276,0.0,,461.125,2.398,122.562,0.637,0.0,0.0,0.0,0.0,1.22562,0.637,0.0,0.0,0.0,0.0,1.86262,0.0,0.0,3.09375,0.016087185336508,0.0,0.0,0.10828125,0.056305148677778,0.164586398677778,1633,,,0.001223248966811,Information
564905,10551.0,8778.895756,AUS,Australia,Queensland,0.714228572,0.0,0.81,0.26,10551.0,,,,,,,,,,,,,,,,,,,,,,,,,0.8545499999999999,14.28457144,0.0,,95.0,1.082,39.812,0.454,0.062,0.001,0.0,0.0,0.39812,0.454,0.0009299999999999,0.0015,0.0,0.0,0.8545499999999999,0.0,0.0,6.1875,0.0704815294736383,0.0,0.0,0.2165625,0.246685353157734,0.463247853157734,423,,,2.030721435144818e-06,Information
564906,10552.0,5762.597911,AUS,Australia,Queensland,0.497030937,0.0,0.81,0.26,10552.0,,,,,,,,,,,,,,,,,,,,,,,,,1.3416249999999998,9.94061874,0.0,,135.5,2.351,48.875,0.848,0.125,0.002,0.0,0.0,0.48875,0.848,0.001875,0.003,0.0,0.0,1.3416249999999998,,,,,,,,,,8169,,,1.296277633500044e-05,Information
564907,10553.0,5269.752203,AUS,Australia,Queensland,2.074949457,0.0,0.81,0.26,10553.0,,,,,,,,,,,,,,,,,,,,,,,,,0.69357,41.498989140000006,0.0,,109.812,2.084,21.0,0.399,1.938,0.037,0.0,0.0,0.21,0.399,0.02907,0.0554999999999999,0.0,0.0,0.69357,,,,,,,,,,1646,,,4.604744144955083e-06,Information
564908,10554.0,6630.192162,AUS,Australia,Queensland,0.490338898,0.0,0.81,0.26,10554.0,,,,,,,,,,,,,,,,,,,,,,,,,0.116255,9.80677796,0.0,,0.938,0.014,0.938,0.014,2.25,0.034,0.125,0.002,0.00938,0.014,0.03375,0.051,0.003125,0.005,0.116255,,,,,,,,,,2442,,,1.4269051890474072e-11,Information
564909,10555.0,29927.44997,AUS,Australia,Queensland,0.320364349,0.0,0.81,0.26,10555.0,,,,,,,,,,,,,,,,,,,,,,,,,2.4617500000000003,6.40728698,0.0,,202.938,0.678,146.75,0.49,17.125,0.057,4.875,0.016,1.4675,0.49,0.256875,0.0855,0.121875,0.04,2.4617500000000003,0.0,0.0,42.609375,0.142375561692458,0.0,0.0,1.491328125,0.4983144659236029,1.9896425909236028,183202,,,0.0001373390301729,Information
565018,10562.0,2172.185107,AUS,Australia,South Australia,1.211410553,0.0,0.81,0.26,10562.0,,,,,,,,,,,,,,,,,,,,,,,,,8.2465725603072,24.22821106,0.0,,9.312,0.429,2.25,0.104,10.562,0.486,0.875,0.04,0.0225,0.104,0.15843,0.729,0.021875,0.1,1.1358050000000002,0.0,0.0,42.046875,1.9356948386592003,0.0,0.0,1.471640625,6.774931935307201,8.2465725603072,358,,,0.0132798580856181,Information
565019,10563.0,9073.736716,AUS,Australia,South Australia,0.20468346,0.0,0.81,0.26,10563.0,,,,,,,,,,,,,,,,,,,,,,,,,18.809362165204902,4.0936692,0.0,,189.5,2.088,135.875,1.497,132.875,1.464,45.25,0.499,1.35875,1.497,1.993125,2.196,1.13125,1.2475,9.423625,0.0,0.0,255.65625,2.8175409757728294,0.0,0.0,8.94796875,9.861393415204905,18.809362165204902,3103,,,0.0516546824816144,Information
565022,10565.0,5938.373845,AUS,Australia,South Australia,1.789175025,0.0,0.81,0.26,10565.0,,,,,,,,,,,,,,,,,,,,,,,,,20.88521374318119,35.7835005,0.0,,112.188,1.889,108.938,1.834,115.0,1.937,32.125,0.541,1.08938,1.834,1.725,2.9055,0.803125,1.3525,9.709505,0.0,0.0,222.328125,3.743922676623197,0.0,0.0,7.781484375,13.10372936818119,20.88521374318119,10,,,0.1306723012344935,Information
565025,10568.0,5084.607133,AUS,Australia,South Australia,0.197371678,0.0,0.81,0.26,10568.0,,,,,,,,,,,,,,,,,,,,,,,,,2.6575324070867503,3.94743356,0.0,,60.75,1.195,45.312,0.891,8.688,0.171,0.062,0.001,0.4531199999999999,0.891,0.13032,0.2565,0.00155,0.0025,1.7349899999999998,0.0,0.0,25.59375,0.5033574734533572,0.0,0.0,0.89578125,1.7617511570867503,2.6575324070867503,4713,,,0.000166933413396,Information
565026,10569.0,6771.249302,AUS,Australia,South Australia,4.000815958,0.0,0.81,0.26,10569.0,,,,,,,,,,,,,,,,,,,,,,,,,11.194875,80.01631916,0.0,,226.688,3.348,204.625,3.022,153.625,2.269,6.75,0.1,2.04625,3.022,2.304375,3.4035,0.16875,0.25,11.194875,0.0,0.0,22.359375,0.3302104826375578,0.0,0.0,0.782578125,1.1557366892314525,1.9383148142314528,2,,,0.2811394489147938,Information
565032,10572.0,3945.716031,AUS,Australia,South Australia,0.335353831,0.0,0.81,0.26,10572.0,,,,,,,,,,,,,,,,,,,,,,,,,14.399555,6.70707662,0.0,,670.625,16.996,313.438,7.944,59.625,1.511,1.812,0.046,3.13438,7.944,0.894375,2.2665,0.0453,0.1149999999999999,14.399555,0.0,0.0,3.515625,0.0890997976683109,0.0,0.0,0.123046875,0.3118492918390881,0.4348961668390881,1172,,,0.0308429359079647,Information
565033,10573.0,10111.51636,AUS,Australia,South Australia,1.074841021,0.0,0.81,0.26,10573.0,,,,,,,,,,,,,,,,,,,,,,,,,13.5884,21.49682042,0.0,,1010.125,9.99,421.438,4.168,161.688,1.599,7.688,0.076,4.21438,4.168,2.42532,2.3985,0.1921999999999999,0.19,13.5884,0.0,0.0,39.9375,0.3949704333933428,0.0,0.0,1.3978125,1.3823965168766998,2.7802090168767,62,,,0.0397218817766221,Information
565037,10577.0,9143.707844,AUS,Australia,South Australia,3.893449251,0.0,0.81,0.26,10577.0,,,,,,,,,,,,,,,,,,,,,,,,,5.834675,77.86898502,0.0,,304.875,3.334,57.062,0.624,100.062,1.094,28.625,0.313,0.57062,0.624,1.50093,1.641,0.715625,0.7825,5.834675,,,,,,,,,,24,,,0.0912394132867149,Information
565200,10580.0,5473.047449,AUS,Australia,South Australia,1.33648175,0.0,0.81,0.26,10580.0,,,,,,,,,,,,,,,,,,,,,,,,,8.88237,26.729635,0.0,,158.875,2.903,115.062,2.102,123.375,2.254,5.625,0.103,1.15062,2.102,1.850625,3.381,0.140625,0.2575,8.88237,0.0,0.0,3.796875,0.0693740559591038,0.0,0.0,0.132890625,0.2428091958568633,0.3756998208568633,12114,,,0.0174253962603765,Information
565302,10582.0,1676.940829,AUS,Australia,South Australia,3.935681956,0.0,0.81,0.26,10582.0,,,,,,,,,,,,,,,,,,,,,,,,,5.6662550000000005,78.71363912,0.0,,223.0,13.298,80.438,4.797,0.625,0.037,0.0,0.0,0.80438,4.797,0.009375,0.0554999999999999,0.0,0.0,5.6662550000000005,0.0,0.0,1.6875,0.1006296686691263,0.0,0.0,0.0590625,0.3522038403419421,0.4112663403419421,412,,,0.0928282427654723,Information
565310,10590.0,2107.451971,AUS,Australia,South Australia,4.001123936,0.0,0.81,0.26,10590.0,,,,,,,,,,,,,,,,,,,,,,,,,5.5139174544153855,80.02247872,0.0,,13.875,0.658,10.625,0.504,2.062,0.098,0.0,0.0,0.10625,0.504,0.03093,0.147,0.0,0.0,0.78818,0.0,0.0,27.421875,1.3011862369758245,0.0,0.0,0.959765625,4.554151829415385,5.5139174544153855,23512,,,0.0989892339991923,Information
565320,10591.0,3985.02528,AUS,Australia,South Australia,1.999121997,0.0,0.81,0.26,10591.0,,,,,,,,,,,,,,,,,,,,,,,,,4.81911131465795,39.98243994,0.0,,13.5,0.339,6.5,0.163,6.875,0.173,1.812,0.045,0.065,0.163,0.103125,0.2594999999999999,0.0453,0.1124999999999999,0.7484249999999999,0.0,0.0,39.234375,0.9845451970451284,0.0,0.0,1.373203125,3.445908189657949,4.81911131465795,5400,,,0.005833695114986,Information
565330,10592.0,10528.5954,AUS,Australia,South Australia,3.845568874,0.0,0.81,0.26,10592.0,,,,,,,,,,,,,,,,,,,,,,,,,33.343545,76.91137748,0.0,2.0,1175.375,11.164,857.062,8.14,499.875,4.748,41.312,0.392,8.57062,8.14,7.498125,7.122,1.0328,0.98,33.343545,0.0,0.0,169.875,1.6134630838547457,0.0,0.0,5.945625,5.6471207934916094,11.59274579349161,24310,,,0.6433859913793928,Watch
565340,10593.0,2084.522627,AUS,Australia,South Australia,0.572843353,0.0,0.81,0.26,10593.0,,,,,,,,,,,,,,,,,,,,,,,,,0.41145,11.45686706,0.0,,6.75,0.324,4.188,0.201,1.938,0.093,0.0,0.0,0.04188,0.201,0.02907,0.1395,0.0,0.0,0.41145,0.0,0.0,1.6875,0.080953786644806,0.0,0.0,0.0590625,0.283338253256821,0.342400753256821,144,,,3.9029716269914726e-08,Information
565370,10596.0,11003.5688,AUS,Australia,South Australia,0.267505872,0.0,0.81,0.26,10596.0,,,,,,,,,,,,,,,,,,,,,,,,,4.041675,5.35011744,0.0,,399.25,3.628,151.5,1.377,39.625,0.36,0.312,0.003,1.515,1.377,0.594375,0.54,0.0078,0.0075,4.041675,0.0,0.0,45.140625,0.4102362225701355,0.0,0.0,1.579921875,1.4358267789954742,3.015748653995474,2142,,,0.000806555875357,Information
565371,10597.0,6284.474382,AUS,Australia,South Australia,0.636444347,0.0,0.81,0.26,10597.0,,,,,,,,,,,,,,,,,,,,,,,,,21.70675580659984,12.72888694,0.0,,44.688,0.711,16.938,0.27,27.0,0.43,2.625,0.042,0.1693799999999999,0.27,0.405,0.645,0.065625,0.105,1.6600050000000002,0.0,0.0,239.34375,3.808492730457097,0.0,0.0,8.37703125,13.32972455659984,21.70675580659984,20530,,,0.0820526921394484,Information
565377,10603.0,3067.2788,AUS,Australia,South Australia,1.701115072,0.0,0.81,0.26,10603.0,,,,,,,,,,,,,,,,,,,,,,,,,8.995385423731701,34.02230144,0.0,,50.562,1.648,41.0,1.337,3.062,0.1,0.688,0.022,0.41,1.337,0.04593,0.15,0.0171999999999999,0.0549999999999999,2.01513,0.0,0.0,60.328125,1.9668288710662,0.0,0.0,2.111484375,6.8839010487317,8.995385423731701,748,,,0.0231523548372194,Information
565378,10604.0,1096.60663,AUS,Australia,South Australia,0.281639114,0.0,0.81,0.26,10604.0,,,,,,,,,,,,,,,,,,,,,,,,,0.879375,5.632782280000001,0.0,,14.125,1.288,5.125,0.467,2.375,0.217,0.0,0.0,0.05125,0.467,0.035625,0.3255,0.0,0.0,0.879375,,,,,,,,,,20,,,1.4644947039844211e-06,Information
565379,10605.0,8449.580282,AUS,Australia,South Australia,2.876068707,0.0,0.81,0.26,10605.0,,,,,,,,,,,,,,,,,,,,,,,,,8.855419622236138,57.52137414,0.0,,295.5,3.497,72.688,0.86,11.375,0.135,0.375,0.004,0.72688,0.86,0.170625,0.2025,0.009375,0.01,1.97938,0.0,0.0,115.875,1.3713698920674675,0.0,0.0,4.055625,4.799794622236137,8.855419622236138,3147,,,0.0584439070066491,Information
565505,10614.0,11231.65886,AUS,Australia,Western Australia,3.530587623,0.0,0.81,0.26,10614.0,,,,,,,,,,,,,,,,,,,,,,,,,10.38037,70.61175246,0.0,,2209.812,19.675,369.062,3.286,106.75,0.95,8.0,0.071,3.69062,3.286,1.60125,1.4249999999999998,0.2,0.1775,10.38037,0.0,0.0,2.953125,0.0262928658734348,0.0,0.0,0.103359375,0.0920250305570218,0.1953844055570218,8,,,0.1490124322754893,Information
565509,10618.0,14632.69547,AUS,Australia,Western Australia,2.189966989,0.0,0.81,0.26,10618.0,,,,,,,,,,,,,,,,,,,,,,,,,13.855825,43.79933978,0.0,,2085.125,14.25,383.25,2.619,109.125,0.746,110.438,0.755,3.8325,2.619,1.636875,1.119,2.76095,1.8875,13.855825,,,,,,,,,,12,,,0.0807233077486318,Information
565570,10625.0,27751.04763,AUS,Australia,Western Australia,3.121248165,0.0,0.81,0.26,10625.0,,,,,,,,,,,,,,,,,,,,,,,,,23.900375,62.4249633,0.0,,5551.562,20.005,795.375,2.866,421.875,1.52,131.5,0.474,7.95375,2.866,6.328125,2.28,3.2875,1.185,23.900375,0.0,0.0,148.359375,0.5346081956571244,0.0,0.0,5.192578125,1.8711286847999355,7.063706809799935,65,,,0.3254739426566146,Information
565590,10627.0,5280.148029,AUS,Australia,Western Australia,0.737215756,0.0,0.81,0.26,10627.0,,,,,,,,,,,,,,,,,,,,,,,,,6.309802552546772,14.74431512,0.0,,131.938,2.499,36.75,0.696,7.438,0.141,1.812,0.034,0.3675,0.696,0.11157,0.2114999999999999,0.0453,0.085,1.5168699999999995,0.0,0.0,62.296875,1.1798319792990777,0.0,0.0,2.180390625,4.129411927546772,6.309802552546772,625,,,0.0046131848635447,Information
565600,10628.0,4132.647864,AUS,Australia,Western Australia,1.075430031,0.0,0.81,0.26,10628.0,,,,,,,,,,,,,,,,,,,,,,,,,4.241566274536517,21.50860062,0.0,,65.625,1.588,35.625,0.862,2.562,0.062,0.812,0.02,0.35625,0.862,0.03843,0.093,0.0203,0.05,1.41998,0.0,0.0,35.4375,0.8575010784390049,0.0,0.0,1.2403125,3.0012537745365173,4.241566274536517,3443,,,0.0017611028898319,Information
565700,10629.0,23638.92229,AUS,Australia,Western Australia,2.701074327,0.0,0.81,0.26,10629.0,,,,,,,,,,,,,,,,,,,,,,,,,8.930076210154834,54.021486540000005,0.0,,347.062,1.468,148.75,0.629,29.625,0.125,23.062,0.098,1.4875,0.629,0.444375,0.1875,0.57655,0.245,3.5699250000000005,0.0,0.0,179.296875,0.7584815957585238,0.0,0.0,6.275390625,2.654685585154833,8.930076210154834,12160,,,0.0506327452266411,Information
565800,10630.0,6972.162725,AUS,Australia,Western Australia,1.038505452,0.0,0.81,0.26,10630.0,,,,,,,,,,,,,,,,,,,,,,,,,0.8045000000000001,20.77010904,0.0,,36.438,0.523,23.562,0.338,1.812,0.026,2.688,0.039,0.23562,0.338,0.02718,0.039,0.0672,0.0975,0.8045000000000001,0.0,0.0,8.4375,0.1210169689431114,0.0,0.0,0.2953125,0.4235593913008899,0.7188718913008898,1573,,,2.217420053330099e-06,Information
565900,10631.0,5401.180173,AUS,Australia,Western Australia,0.089329184,0.0,0.81,0.26,10631.0,,,,,,,,,,,,,,,,,,,,,,,,,5.501510974146699,1.78658368,0.0,,156.438,2.896,68.688,1.272,3.562,0.066,2.5,0.046,0.68688,1.272,0.05343,0.099,0.0625,0.1149999999999999,2.2888100000000007,0.0,0.0,55.125,1.0206102783276283,0.0,0.0,1.929375,3.572135974146699,5.501510974146699,34241,,,0.0019750460168084,Information
566003,10634.0,12721.5527,AUS,Australia,Western Australia,0.914530959,0.0,0.81,0.26,10634.0,,,,,,,,,,,,,,,,,,,,,,,,,3.815207771007515,18.29061918,0.0,,147.0,1.156,71.625,0.563,18.438,0.145,5.75,0.045,0.71625,0.563,0.27657,0.2174999999999999,0.14375,0.1124999999999999,2.02957,0.0,0.0,61.03125,0.4797468631450043,0.0,0.0,2.13609375,1.679114021007515,3.815207771007515,325,,,0.0010913607216028,Information
566005,10636.0,11264.40658,AUS,Australia,Western Australia,0.029720422,0.0,0.81,0.26,10636.0,,,,,,,,,,,,,,,,,,,,,,,,,2.202033266507708,0.59440844,0.0,,43.625,0.387,37.188,0.33,7.312,0.065,1.812,0.016,0.37188,0.33,0.10968,0.0975,0.0453,0.04,0.99436,0.0,0.0,33.328125,0.295871111859345,0.0,0.0,1.166484375,1.0355488915077076,2.202033266507708,2815,,,6.953197128277485e-05,Information
566007,10638.0,6766.059506,AUS,Australia,Western Australia,1.964775701,0.0,0.81,0.26,10638.0,,,,,,,,,,,,,,,,,,,,,,,,,4.94057,39.29551402,0.0,,1494.312,22.085,118.0,1.744,53.438,0.79,0.5,0.007,1.18,1.744,0.8015700000000001,1.185,0.0125,0.0175,4.94057,0.0,0.0,5.625,0.0831355384213859,0.0,0.0,0.196875,0.2909743844748506,0.4878493844748506,28,,,0.0060616154319563,Information
566504,10674.0,8025.91039,AUS,Australia,Western Australia,3.229465042,0.0,0.81,0.26,10674.0,,,,,,,,,,,,,,,,,,,,,,,,,2.9343699999999995,64.58930084,0.0,,339.312,4.228,116.0,1.445,7.188,0.09,1.562,0.019,1.16,1.445,0.10782,0.135,0.03905,0.0475,2.9343699999999995,,,,,,,,,,0,,,0.0063777937268699,Information
566604,10682.0,7842.952123,AUS,Australia,Western Australia,1.31587149,0.0,0.81,0.26,10682.0,,,,,,,,,,,,,,,,,,,,,,,,,2.29155,26.3174298,0.0,,413.062,5.267,77.375,0.987,8.75,0.112,4.062,0.052,0.77375,0.987,0.13125,0.168,0.10155,0.13,2.29155,,,,,,,,,,0,,,0.0002597085853099,Information
566605,10683.0,5964.188309,AUS,Australia,Western Australia,1.249789283,0.0,0.81,0.26,10683.0,,,,,,,,,,,,,,,,,,,,,,,,,2.02195,24.99578566,0.0,,188.875,3.167,68.438,1.147,3.938,0.066,0.5,0.008,0.68438,1.147,0.05907,0.099,0.0125,0.02,2.02195,,,,,,,,,,0,,,0.0001510562207871,Information
566710,10686.0,17105.84801,AUS,Australia,Western Australia,1.093072659,0.0,0.81,0.26,10686.0,,,,,,,,,,,,,,,,,,,,,,,,,6.61889,21.86145318,0.0,,1796.875,10.504,314.312,1.837,44.438,0.26,14.688,0.086,3.14312,1.837,0.6665700000000001,0.39,0.3671999999999999,0.2149999999999999,6.61889,0.0,0.0,2.53125,0.0147975709708909,0.0,0.0,0.08859375,0.0517914983981181,0.1403852483981181,75,,,0.0067829747922023,Information
566720,10687.0,8997.228074,AUS,Australia,Western Australia,0.309198531,0.0,0.81,0.26,10687.0,,,,,,,,,,,,,,,,,,,,,,,,,7.3702,6.18397062,0.0,,1145.125,12.728,175.25,1.948,69.25,0.77,27.938,0.311,1.7525,1.948,1.03875,1.155,0.69845,0.7775,7.3702,0.0,0.0,6.46875,0.0718971437291142,0.0,0.0,0.22640625,0.2516400030518997,0.4780462530518997,0,,,0.0054812661439586,Information
566730,10688.0,18749.37346,AUS,Australia,Western Australia,2.313535126,0.0,0.81,0.26,10688.0,,,,,,,,,,,,,,,,,,,,,,,,,8.10932,46.27070252,0.0,,2976.688,15.876,338.812,1.807,64.25,0.343,37.438,0.2,3.38812,1.807,0.96375,0.5145000000000001,0.93595,0.5,8.10932,0.0,0.0,6.046875,0.0322510776867034,0.0,0.0,0.211640625,0.1128787719034618,0.3245193969034619,32,,,0.0293158825092853,Information
566762,10693.0,8012.409117,AUS,Australia,Western Australia,1.081418928,0.0,0.81,0.26,10693.0,,,,,,,,,,,,,,,,,,,,,,,,,6.001505000000002,21.62837856,0.0,,1169.812,14.6,225.188,2.81,24.125,0.301,2.25,0.028,2.25188,2.81,0.361875,0.4515,0.05625,0.07,6.001505000000002,0.0,0.0,21.9375,0.2737940571826541,0.0,0.0,0.7678125,0.9582792001392894,1.7260917001392897,1,,,0.0050929806919596,Information
566765,10696.0,140.6115964,AUS,Australia,Western Australia,4.035585011,0.0,0.81,0.26,10696.0,,,,,,,,,,,,,,,,,,,,,,,,,12.068478098337224,80.71170022000001,0.0,,13.75,9.779,5.375,3.823,0.0,0.0,0.0,0.0,0.05375,3.823,0.0,0.0,0.0,0.0,3.87675,0.0,0.0,4.78125,3.4003240995249207,0.0,0.0,0.16734375,11.901134348337225,12.068478098337224,0,,,0.3195699342896007,Information
566767,10698.0,1492.040011,AUS,Australia,Western Australia,1.204107274,0.0,0.81,0.26,10698.0,,,,,,,,,,,,,,,,,,,,,,,,,3.22856,24.08214548,0.0,,234.375,15.708,28.688,1.923,8.812,0.591,0.0,0.0,0.2868799999999999,1.923,0.13218,0.8865,0.0,0.0,3.22856,0.0,0.0,0.984375,0.0659751074222087,0.0,0.0,0.034453125,0.2309128759777304,0.2653660009777304,0,,,0.0007953255661296,Information
566769,10700.0,5151.731626,AUS,Australia,Western Australia,0.75501979,0.0,0.81,0.26,10700.0,,,,,,,,,,,,,,,,,,,,,,,,,4.323799999999999,15.1003958,0.0,,857.812,16.651,144.0,2.795,1.5,0.029,0.312,0.006,1.44,2.795,0.0225,0.0435,0.0078,0.015,4.323799999999999,,,,,,,,,,10,,,0.0014538315499783,Information
566770,10701.0,18700.03231,AUS,Australia,Western Australia,0.811646208,0.0,0.81,0.26,10701.0,,,,,,,,,,,,,,,,,,,,,,,,,7.151800000000001,16.23292416,0.0,,2503.625,13.388,434.062,2.321,16.312,0.087,3.0,0.016,4.34062,2.321,0.24468,0.1305,0.075,0.04,7.151800000000001,0.0,0.0,5.484375,0.0293281578775634,0.0,0.0,0.191953125,0.1026485525714719,0.2946016775714719,110,,,0.0069337774526916,Information
566840,10705.0,13956.46029,AUS,Australia,Western Australia,0.232730077,0.0,0.81,0.26,10705.0,,,,,,,,,,,,,,,,,,,,,,,,,1.1082999999999998,4.65460154,0.0,,430.375,3.084,63.062,0.452,0.562,0.004,0.25,0.002,0.63062,0.452,0.00843,0.006,0.00625,0.005,1.1082999999999998,0.0,0.0,5.484375,0.0392963178704218,0.0,0.0,0.191953125,0.1375371125464763,0.3294902375464763,8,,,4.200944973462767e-06,Information
566850,10706.0,11280.13727,AUS,Australia,Western Australia,0.235579862,0.0,0.81,0.26,10706.0,,,,,,,,,,,,,,,,,,,,,,,,,1.3761800000000002,4.71159724,0.0,,317.625,2.816,68.125,0.604,2.812,0.025,0.25,0.002,0.68125,0.604,0.04218,0.0375,0.00625,0.005,1.3761800000000002,0.0,0.0,6.328125,0.0560997162558385,0.0,0.0,0.221484375,0.1963490068954347,0.4178333818954347,1094,,,1.1296262918785118e-05,Information
566860,10707.0,6364.842364,AUS,Australia,Western Australia,0.137859217,0.0,0.81,0.26,10707.0,,,,,,,,,,,,,,,,,,,,,,,,,0.33238,2.75718434,0.0,,60.0,0.943,12.938,0.203,0.0,0.0,0.0,0.0,0.12938,0.203,0.0,0.0,0.0,0.0,0.33238,,,,,,,,,,26,,,6.786610046407429e-09,Information
566870,10708.0,13767.48114,AUS,Australia,Western Australia,0.104140662,0.0,0.81,0.26,10708.0,,,,,,,,,,,,,,,,,,,,,,,,,3.30362,2.08281324,0.0,,1282.5,9.315,171.562,1.246,5.25,0.038,4.75,0.035,1.71562,1.246,0.07875,0.0569999999999999,0.11875,0.0875,3.30362,0.0,0.0,8.015625,0.0582214344157072,0.0,0.0,0.280546875,0.2037750204549752,0.4843218954549751,1501,,,0.0003506080068106,Information
566880,10709.0,7618.356979,AUS,Australia,Western Australia,0.354817986,0.0,0.81,0.26,10709.0,,,,,,,,,,,,,,,,,,,,,,,,,1.960005,7.09635972,0.0,,534.688,7.018,82.438,1.082,0.5,0.007,0.625,0.008,0.82438,1.082,0.0075,0.0105,0.015625,0.02,1.960005,,,,,,,,,,66,,,5.701551609724708e-05,Information
566890,10710.0,11656.07434,AUS,Australia,Western Australia,0.857106912,0.0,0.81,0.26,10710.0,,,,,,,,,,,,,,,,,,,,,,,,,4.951499999999999,17.14213824,0.0,,1352.688,11.605,229.875,1.972,2.125,0.018,13.375,0.115,2.29875,1.972,0.031875,0.0269999999999999,0.334375,0.2875,4.951499999999999,0.0,0.0,5.90625,0.0506710048933101,0.0,0.0,0.20671875,0.1773485171265853,0.3840672671265853,413,,,0.0024204375412769,Information
566913,10715.0,4215.672464,AUS,Australia,Western Australia,0.408375419,0.0,0.81,0.26,10715.0,,,,,,,,,,,,,,,,,,,,,,,,,0.924255,8.167508380000001,0.0,,64.062,1.52,24.938,0.592,1.0,0.024,0.375,0.009,0.24938,0.592,0.015,0.036,0.009375,0.0225,0.924255,,,,,,,,,,6,,,2.1253361279009835e-06,Information
566915,10717.0,16698.02562,AUS,Australia,Western Australia,0.070824277,0.0,0.81,0.26,10717.0,,,,,,,,,,,,,,,,,,,,,,,,,1.385023907495054,1.41648554,0.0,,13.0,0.078,13.0,0.078,5.188,0.031,4.125,0.025,0.13,0.078,0.07782,0.0465,0.103125,0.0625,0.4979449999999999,0.0,0.0,24.75,0.1482211164271583,0.0,0.0,0.86625,0.518773907495054,1.385023907495054,1233,,,9.986757740924174e-06,Information
566920,10722.0,6785.33976,AUS,Australia,Western Australia,1.369662915,0.0,0.81,0.26,10722.0,,,,,,,,,,,,,,,,,,,,,,,,,2.68177,27.3932583,0.0,,271.688,4.004,88.875,1.31,8.938,0.132,2.438,0.036,0.88875,1.31,0.13407,0.198,0.06095,0.09,2.68177,0.0,0.0,1.828125,0.0269422765052458,0.0,0.0,0.063984375,0.0942979677683603,0.1582823427683602,0,,,0.0004858746243884,Information
566930,10723.0,16225.11142,AUS,Australia,Western Australia,0.075607321,0.0,0.81,0.26,10723.0,,,,,,,,,,,,,,,,,,,,,,,,,2.609360463070676,1.51214642,0.0,,49.562,0.305,44.25,0.273,1.438,0.009,0.5,0.003,0.4425,0.273,0.02157,0.0134999999999999,0.0125,0.0075,0.7705699999999999,0.0,0.0,46.125,0.2842815608773358,0.0,0.0,1.614375,0.9949854630706754,2.609360463070676,32151,,,0.0001412566720956,Information
566950,10725.0,3595.910638,AUS,Australia,Western Australia,0.320650329,0.0,0.81,0.26,10725.0,,,,,,,,,,,,,,,,,,,,,,,,,0.197675,6.41300658,0.0,,4.875,0.136,4.875,0.136,0.125,0.003,0.062,0.002,0.04875,0.136,0.001875,0.0045,0.00155,0.005,0.197675,,,,,,,,,,0,,,3.6367321723592704e-10,Information
567011,10730.0,4430.95691,AUS,Australia,Northern Territory,1.028449813,0.0,0.81,0.26,10730.0,,,,,,,,,,,,,,,,,,,,,,,,,55.558671875,20.56899626,0.0,,0.0,0.0,0.0,0.0,0.0,0.0,4.5,0.102,0.0,0.0,0.0,0.0,0.1125,0.255,0.3675,0.0,0.0,587.390625,13.256518557860607,0.0,0.0,20.558671875,35.0,55.558671875,0,,,0.360377792153699,Advisory
567012,10731.0,6385.912605,AUS,Australia,Northern Territory,1.253115031,0.0,0.81,0.26,10731.0,,,,,,,,,,,,,,,,,,,,,,,,,5.885239755638963,25.06230062,0.0,,57.625,0.902,40.25,0.63,14.75,0.231,0.0,0.0,0.4025,0.63,0.22125,0.3465,0.0,0.0,1.60025,0.0,0.0,65.53125,1.0261845730397037,0.0,0.0,2.29359375,3.591646005638963,5.885239755638963,5,,,0.0054762668471001,Information
567016,10735.0,9625.359983,AUS,Australia,Northern Territory,0.801928784,0.0,0.81,0.26,10735.0,,,,,,,,,,,,,,,,,,,,,,,,,3.341761598894127,16.03857568,0.0,,6.25,0.065,6.25,0.065,0.0,0.0,0.0,0.0,0.0625,0.065,0.0,0.0,0.0,0.0,0.1275,0.0,0.0,46.828125,0.4865077782554649,0.0,0.0,1.638984375,1.702777223894127,3.341761598894127,111,,,0.0006323774765668,Information
567022,10740.0,18218.11429,AUS,Australia,Northern Territory,1.217534737,0.0,0.81,0.26,10740.0,,,,,,,,,,,,,,,,,,,,,,,,,66.20662062529965,24.35069474,0.0,3.0,2.938,0.016,2.938,0.016,0.0,0.0,4.938,0.027,0.02938,0.016,0.0,0.0,0.1234499999999999,0.0675,0.2363299999999999,0.0,0.0,1624.359375,8.916177321514184,0.0,0.0,35.0,31.20662062529964,66.20662062529965,94,0.0,0.0,0.4469670755949407,Watch
567024,10742.0,4015.084539,AUS,Australia,Northern Territory,0.832685939,0.0,0.81,0.26,10742.0,,,,,,,,,,,,,,,,,,,,,,,,,63.256484375,16.65371878,0.0,3.0,2.375,0.059,2.375,0.059,1.125,0.028,1.188,0.03,0.02375,0.059,0.016875,0.042,0.0296999999999999,0.075,0.246325,0.0,0.0,807.328125,20.1073755010088,0.0,0.0,28.256484375,35.0,63.256484375,6,0.0,0.0,0.3913484032480459,Watch
567110,10748.0,23063.27326,AUS,Australia,Western Australia,1.069329153,0.0,0.81,0.26,10748.0,,,,,,,,,,,,,,,,,,,,,,,,,16.72575,21.38658306,0.0,,5316.688,23.053,1056.188,4.58,94.125,0.408,3.375,0.015,10.0,4.58,1.411875,0.612,0.084375,0.0375,16.72575,0.0,0.0,73.96875,0.3207209538317055,0.0,0.0,2.58890625,1.1225233384109692,3.711429588410969,3,,,0.0608601666418965,Information
567170,10763.0,2424.437351,AUS,Australia,Western Australia,2.670528647,0.0,0.81,0.26,10763.0,,,,,,,,,,,,,,,,,,,,,,,,,2.41163,53.41057294,0.0,,286.062,11.799,44.438,1.833,1.75,0.072,0.0,0.0,0.44438,1.833,0.02625,0.1079999999999999,0.0,0.0,2.41163,,,,,,,,,,0,,,0.0015328574751478,Information
567229,10776.0,6210.687362,AUS,Australia,Western Australia,0.865755887,0.0,0.81,0.26,10776.0,,,,,,,,,,,,,,,,,,,,,,,,,9.065309999999998,17.315117739999998,0.0,,773.438,12.453,293.188,4.721,36.062,0.581,0.0,0.0,2.93188,4.721,0.5409299999999999,0.8714999999999999,0.0,0.0,9.065309999999998,,,,,,,,,,0,,,0.0135324071230654,Information
567340,10795.0,18510.1236,AUS,Australia,Western Australia,1.287135138,0.0,0.81,0.26,10795.0,,,,,,,,,,,,,,,,,,,,,,,,,0.2804930373572064,25.74270276,0.0,,15.75,0.085,10.125,0.055,0.0,0.0,0.0,0.0,0.10125,0.055,0.0,0.0,0.0,0.0,0.15625,0.0,0.0,5.203125,0.0281096178163447,0.0,0.0,0.182109375,0.0983836623572064,0.2804930373572064,0,,,1.2113182931781349e-08,Information
567360,10797.0,17414.02935,AUS,Australia,Western Australia,0.746341282,0.0,0.81,0.26,10797.0,,,,,,,,,,,,,,,,,,,,,,,,,0.1755499999999999,14.92682564,0.0,,24.125,0.139,11.062,0.064,0.062,0.0,0.0,0.0,0.11062,0.064,0.0009299999999999,0.0,0.0,0.0,0.1755499999999999,,,,,,,,,,0,,,3.1379046400102955e-10,Information
567401,10806.0,62277.14047,AUS,Australia,Western Australia,2.286178126,0.0,0.81,0.26,10806.0,,,,,,,,,,,,,,,,,,,,,,,,,5.346612721643907,45.72356252,0.0,,155.5,0.25,79.25,0.127,3.5,0.006,2.312,0.004,0.7925,0.127,0.0525,0.009,0.0577999999999999,0.01,1.0488,0.0,0.0,131.625,0.2113536347554021,0.0,0.0,4.606875,0.7397377216439073,5.346612721643907,1004,,,0.0102348013992861,Information
567510,10810.0,22776.62416,AUS,Australia,Northern Territory,0.280555053,0.0,0.81,0.26,10810.0,,,,,,,,,,,,,,,,,,,,,,,,,1.834447172120068,5.61110106,0.0,,14.688,0.064,12.562,0.055,0.0,0.0,0.0,0.0,0.1256199999999999,0.055,0.0,0.0,0.0,0.0,0.1806199999999999,0.0,0.0,36.421875,0.1599090134628765,0.0,0.0,1.274765625,0.5596815471200678,1.834447172120068,461,,,4.06254264443519e-05,Information
567701,10832.0,26819.25257,AUS,Australia,Northern Territory,0.255872819,0.0,0.81,0.26,10832.0,,,,,,,,,,,,,,,,,,,,,,,,,0.28675,5.117456379999999,0.0,,60.0,0.224,20.875,0.078,0.0,0.0,0.0,0.0,0.20875,0.078,0.0,0.0,0.0,0.0,0.28675,0.0,0.0,3.234375,0.0120598998462592,0.0,0.0,0.113203125,0.0422096494619072,0.1554127744619072,1801,,,3.280647268687761e-09,Information
567706,10837.0,14201.07154,AUS,Australia,Western Australia,0.595703704,0.0,0.81,0.26,10837.0,,,,,,,,,,,,,,,,,,,,,,,,,0.8452500000000001,11.91407408,0.0,,167.438,1.179,49.625,0.349,0.0,0.0,0.0,0.0,0.49625,0.349,0.0,0.0,0.0,0.0,0.8452500000000001,,,,,,,,,,375,,,1.6885974322853347e-06,Information
567850,10860.0,5797.243076,AUS,Australia,Northern Territory,1.932102627,0.0,0.81,0.26,10860.0,,,,,,,,,,,,,,,,,,,,,,,,,2.42755425437303,38.64205254,0.0,,11.562,0.199,3.75,0.065,0.0,0.0,0.312,0.005,0.0375,0.065,0.0,0.0,0.0078,0.0125,0.1228,0.0,0.0,25.453125,0.4390556798208658,0.0,0.0,0.890859375,1.5366948793730302,2.42755425437303,0,,,0.0006192966193668,Information
567901,10861.0,31235.6241,AUS,Australia,Northern Territory,1.376688992,0.0,0.81,0.26,10861.0,,,,,,,,,,,,,,,,,,,,,,,,,30.27231783523478,27.53377984,0.0,,32.188,0.103,22.875,0.073,5.0,0.016,3.188,0.01,0.22875,0.073,0.075,0.024,0.0797,0.025,0.5054500000000001,0.0,0.0,655.171875,2.0975149172099377,0.0,0.0,22.931015625,7.341302210234781,30.27231783523478,105,,,0.1913623820791724,Information
567902,10862.0,10903.55217,AUS,Australia,Northern Territory,0.683529949,0.0,0.81,0.26,10862.0,,,,,,,,,,,,,,,,,,,,,,,,,59.36115627423384,13.67059898,0.0,,0.438,0.004,0.0,0.0,0.0,0.0,10.375,0.095,0.0,0.0,0.0,0.0,0.259375,0.2375,0.496875,0.0,0.0,884.671875,8.113611614066812,0.0,0.0,30.963515625,28.397640649233843,59.36115627423384,462,,,0.3540049662129406,Advisory
568001,10865.0,71942.95677,AUS,Australia,Queensland,0.438257964,0.0,0.81,0.26,10865.0,,,,,,,,,,,,,,,,,,,,,,,,,10.23096965197937,8.76515928,0.0,,29.25,0.041,28.375,0.039,0.0,0.0,0.0,0.0,0.28375,0.039,0.0,0.0,0.0,0.0,0.32275,0.0,0.0,256.640625,0.3567279362798199,0.0,0.0,8.982421875,1.2485477769793696,10.23096965197937,1162,,,0.01433416420658,Information
568102,10869.0,41115.00779,AUS,Australia,South Australia,1.009676316,0.0,0.81,0.26,10869.0,,,,,,,,,,,,,,,,,,,,,,,,,8.695062582465928,20.19352632,0.0,,198.375,0.482,97.75,0.238,65.562,0.159,1.062,0.003,0.9775,0.238,0.98343,0.2385,0.02655,0.0075,2.47148,0.0,0.0,199.828125,0.4860223449902652,0.0,0.0,6.993984375,1.7010782074659283,8.695062582465928,512,,,0.0133166963491415,Information
568201,10872.0,6609.789603,AUS,Australia,South Australia,0.091118547,0.0,0.81,0.26,10872.0,,,,,,,,,,,,,,,,,,,,,,,,,6.678836858744504,1.82237094,0.0,,204.688,3.097,74.438,1.126,54.812,0.829,2.625,0.04,0.74438,1.126,0.8221799999999999,1.2435,0.065625,0.1,4.101685,0.0,0.0,75.9375,1.1488641024984294,0.0,0.0,2.6578125,4.021024358744503,6.678836858744504,2578,,,0.00359585123693,Information
568202,10873.0,45800.07255,AUS,Australia,South Australia,0.604259796,0.0,0.81,0.26,10873.0,,,,,,,,,,,,,,,,,,,,,,,,,6.64688,12.08519592,0.0,,529.312,1.156,253.125,0.553,184.562,0.403,6.188,0.014,2.53125,0.553,2.7684300000000004,0.6045,0.1546999999999999,0.035,6.64688,0.0,0.0,23.765625,0.0518899287203244,0.0,0.0,0.831796875,0.1816147505211354,1.0134116255211354,360,,,0.0049083401343244,Information
568217,10887.0,4001.782634,AUS,Australia,South Australia,3.188936022,0.0,0.81,0.26,10887.0,10887.0,1.0,1.0,100.0,-9999.0,-9999.0,3.0,10.0,10.0,-999.9,-999.9,-3953.6,0.0,0.0,0.0,0.0,0.0,0.0,0.0,0.0,0.0,0.0,0.0,-3953.6,0.3616427063211997,63.77872044,0.0,,,,,,,,,,,,,,,,,0.0,0.0,2.953125,0.0737952375203428,0.0,0.0,0.103359375,0.2582833313211998,0.3616427063211997,50,,,2.0451021231241127e-06,Information
568270,10895.0,3244.912583,AUS,Australia,Queensland,3.477804671,0.0,0.81,0.26,10895.0,10895.0,1.0,1.0,100.0,-9999.0,-9999.0,3.0,10.0,10.0,-999.9,-999.9,-3953.6,0.0,0.0,0.0,0.0,0.0,0.0,0.0,0.0,0.0,0.0,0.0,-3953.6,-3953.6,69.55609342,0.0,,,,,,,,,,,,,,,,,,,,,,,,,,32,,,,
568284,10899.0,17640.21097,AUS,Australia,Queensland,1.221996368,0.0,0.81,0.26,10899.0,,,,,,,,,,,,,,,,,,,,,,,,,3.332195,24.43992736,0.0,,1082.188,6.135,158.25,0.897,35.688,0.202,0.375,0.002,1.5825,0.897,0.53532,0.303,0.009375,0.005,3.332195,0.0,0.0,2.671875,0.0151465025228447,0.0,0.0,0.093515625,0.0530127588299564,0.1465283838299564,2092,,,0.0009002824381091,Information
568285,10900.0,2194.801427,AUS,Australia,Queensland,0.263492502,0.0,0.81,0.26,10900.0,,,,,,,,,,,,,,,,,,,,,,,,,0.26712,5.269850040000001,0.0,,103.375,4.71,4.812,0.219,0.0,0.0,0.0,0.0,0.04812,0.219,0.0,0.0,0.0,0.0,0.26712,,,,,,,,,,15,,,2.1647008751546667e-09,Information
568287,10902.0,3348.87461,AUS,Australia,Queensland,0.27686703,0.0,0.81,0.26,10902.0,,,,,,,,,,,,,,,,,,,,,,,,,0.89831,5.5373406,0.0,,192.0,5.733,22.438,0.67,0.062,0.002,0.0,0.0,0.22438,0.67,0.0009299999999999,0.003,0.0,0.0,0.89831,0.0,0.0,1.6875,0.0503900622304876,0.0,0.0,0.0590625,0.1763652178067066,0.2354277178067066,1569,,,1.6164110403483977e-06,Information
568289,10904.0,2723.284423,AUS,Australia,Queensland,0.879078839,0.0,0.81,0.26,10904.0,,,,,,,,,,,,,,,,,,,,,,,,,2.58332,17.58157678,0.0,,152.938,5.616,49.375,1.813,3.938,0.145,0.0,0.0,0.49375,1.813,0.05907,0.2174999999999999,0.0,0.0,2.58332,0.0,0.0,5.203125,0.1910606529478234,0.0,0.0,0.182109375,0.6687122853173819,0.8508216603173819,151,,,0.000267358762855,Information
568291,10906.0,8054.471202,AUS,Australia,Queensland,0.242473211,0.0,0.81,0.26,10906.0,,,,,,,,,,,,,,,,,,,,,,,,,0.67138,4.84946422,0.0,,29.938,0.372,29.938,0.372,0.0,0.0,0.0,0.0,0.29938,0.372,0.0,0.0,0.0,0.0,0.67138,,,,,,,,,,158,,,3.637400123622461e-07,Information
568292,10907.0,9210.627912,AUS,Australia,Queensland,1.516929802,0.0,0.81,0.26,10907.0,,,,,,,,,,,,,,,,,,,,,,,,,0.3339999999999999,30.33859604,0.0,,16.875,0.183,16.0,0.174,0.0,0.0,0.0,0.0,0.16,0.174,0.0,0.0,0.0,0.0,0.3339999999999999,,,,,,,,,,15,,,4.6406506568742914e-08,Information
568293,10908.0,9149.740071,AUS,Australia,Queensland,1.06261252,0.0,0.81,0.26,10908.0,10908.0,0.0,1.0,-9999.0,-9999.0,-9999.0,0.0,10.0,-999.9,-999.9,-999.9,-5979.4,0.0,0.0,0.0,0.0,0.0,0.0,0.0,0.0,0.0,0.0,0.0,-5979.4,0.3811416683579424,21.2522504,0.0,,,,,,,,,,,,,,,,,0.0,0.0,5.203125,0.0568663695308407,0.0,0.0,0.182109375,0.1990322933579424,0.3811416683579424,52,,,4.8881418735045504e-08,Information
568296,10911.0,9769.838673,AUS,Australia,Queensland,0.505730852,0.0,0.81,0.26,10911.0,,,,,,,,,,,,,,,,,,,,,,,,,2.53582,10.11461704,0.0,,428.938,4.39,119.75,1.226,3.688,0.038,0.0,0.0,1.1975,1.226,0.05532,0.0569999999999999,0.0,0.0,2.53582,0.0,0.0,15.046875,0.1540135462129218,0.0,0.0,0.526640625,0.5390474117452263,1.0656880367452262,416,,,0.0001798457078004,Information
568297,10912.0,4717.133531,AUS,Australia,Queensland,0.89140015,0.0,0.81,0.26,10912.0,,,,,,,,,,,,,,,,,,,,,,,,,2.50188,17.828003,0.0,,246.062,5.216,80.188,1.7,0.0,0.0,0.0,0.0,0.80188,1.7,0.0,0.0,0.0,0.0,2.50188,,,,,,,,,,240,,,0.0002399137073323,Information
568298,10913.0,10385.98331,AUS,Australia,Queensland,2.040217684,0.0,0.81,0.26,10913.0,,,,,,,,,,,,,,,,,,,,,,,,,2.20687,40.80435368,0.0,,839.062,8.079,111.312,1.072,0.75,0.007,0.0,0.0,1.11312,1.072,0.01125,0.0105,0.0,0.0,2.20687,,,,,,,,,,33,,,0.0005022331223167,Information
568299,10914.0,27562.77326,AUS,Australia,Queensland,1.83135762,0.0,0.81,0.26,10914.0,,,,,,,,,,,,,,,,,,,,,,,,,7.918309999999999,36.6271524,0.0,,2695.688,9.78,493.188,1.789,48.562,0.176,6.0,0.022,4.93188,1.789,0.7284299999999999,0.264,0.15,0.0549999999999999,7.918309999999999,0.0,0.0,154.546875,0.5607087267081099,0.0,0.0,5.409140625,1.9624805434783847,7.371621168478384,288,,,0.0187692934687983,Information
568401,10917.0,4014.918301,AUS,Australia,Northern Territory,2.375352207,0.0,0.81,0.26,10917.0,,,,,,,,,,,,,,,,,,,,,,,,,0.71762,47.507044140000005,0.0,,20.562,0.512,20.562,0.512,0.0,0.0,0.0,0.0,0.20562,0.512,0.0,0.0,0.0,0.0,0.71762,0.0,0.0,3.796875,0.0945691721544647,0.0,0.0,0.132890625,0.3309921025406264,0.4638827275406264,17,,,8.833862951194482e-06,Information
568620,10947.0,12790.21486,AUS,Australia,Queensland,0.588346272,0.0,0.81,0.26,10947.0,,,,,,,,,,,,,,,,,,,,,,,,,1.6487659446599907,11.76692544,0.0,,18.25,0.143,18.25,0.143,0.0,0.0,0.0,0.0,0.1825,0.143,0.0,0.0,0.0,0.0,0.3255,0.0,0.0,26.4375,0.2067009841885688,0.0,0.0,0.9253125,0.7234534446599908,1.6487659446599907,51,,,3.446418749800462e-05,Information
568650,10959.0,12612.37954,AUS,Australia,Queensland,1.124957209,0.0,0.81,0.26,10959.0,10959.0,0.0,4.0,-9999.0,-9999.0,-9999.0,0.0,7.0,-999.9,-999.9,-999.9,-5985.4,0.0,0.0,0.0,0.0,0.0,0.0,0.0,0.0,0.0,0.0,0.0,-5985.4,-5985.4,22.49914418,0.0,,,,,,,,,,,,,,,,,,,,,,,,,,2,,,,
568670,10961.0,27926.33602,AUS,Australia,Queensland,0.926962906,0.0,0.81,0.26,10961.0,,,,,,,,,,,,,,,,,,,,,,,,,0.407743779324008,18.53925812,0.0,,6.062,0.022,6.062,0.022,0.875,0.003,0.25,0.001,0.06062,0.022,0.013125,0.0045,0.00625,0.0025,0.108995,0.0,0.0,8.578125,0.0307169726640023,0.0,0.0,0.300234375,0.107509404324008,0.407743779324008,193,,,5.878386838045889e-08,Information
568680,10962.0,9362.481877,AUS,Australia,Queensland,1.55216815,0.0,0.81,0.26,10962.0,,,,,,,,,,,,,,,,,,,,,,,,,0.1526834178286115,31.043363,0.0,,8.312,0.089,6.938,0.074,0.0,0.0,0.0,0.0,0.06938,0.074,0.0,0.0,0.0,0.0,0.14338,0.0,0.0,2.109375,0.0225300836653176,0.0,0.0,0.073828125,0.0788552928286115,0.1526834178286115,1144,,,4.892860846139145e-10,Information
568690,10963.0,6640.345481,AUS,Australia,Queensland,0.700867704,0.0,0.81,0.26,10963.0,,,,,,,,,,,,,,,,,,,,,,,,,0.4792499999999999,14.01735408,0.0,,29.75,0.448,19.125,0.288,0.0,0.0,0.0,0.0,0.19125,0.288,0.0,0.0,0.0,0.0,0.4792499999999999,0.0,0.0,5.0625,0.0762385031715977,0.0,0.0,0.1771875,0.2668347611005919,0.4440222611005919,45,,,1.0532880688534905e-07,Information
568750,10977.0,1454.665487,AUS,Australia,Queensland,3.760402158,0.0,0.81,0.26,10977.0,10977.0,0.0,7.0,-9999.0,-9999.0,-9999.0,0.0,4.0,-999.9,-999.9,-999.9,-5991.4,0.0,0.0,0.0,0.0,0.0,0.0,0.0,0.0,0.0,0.0,0.0,-5991.4,-5991.4,75.20804316,0.0,,,,,,,,,,,,,,,,,,,,,,,,,,3,,,,
569003,11011.0,2171.522185,AUS,Australia,Tasmania,0.339601371,1.577577433,0.81,0.26,11011.0,,,,,,,,,,,,,,,,,,,,,,,,,32.24970270371965,6.79202742,31.55154866,,42.375,1.951,42.375,1.951,0.0,0.0,0.0,0.0,0.42375,1.951,0.0,0.0,0.0,0.0,2.37475,0.0,0.0,164.390625,7.570294522491327,0.0,0.0,5.753671875,26.496030828719647,32.24970270371965,754,,,0.2258535436233208,Information
561501,16234.0,6514.267695,AUS,Australia,Western Australia,2.370755438,0.0,0.81,0.26,16234.0,,,,,,,,,,,,,,,,,,,,,,,,,17.792780625260217,47.41510876,0.0,,74.25,1.14,63.438,0.974,5.438,0.083,2.938,0.045,0.63438,0.974,0.08157,0.1245,0.07345,0.1124999999999999,2.0004,0.0,0.0,200.53125,3.078339107217205,0.0,0.0,7.01859375,10.774186875260218,17.792780625260217,786,,,0.1392631006661015,Information
561950,16235.0,19791.30986,AUS,Australia,Western Australia,1.814557995,0.0,0.81,0.26,16235.0,,,,,,,,,,,,,,,,,,,,,,,,,22.05588429206369,36.2911599,0.0,,848.125,4.285,174.125,0.88,3.5,0.018,5.438,0.027,1.74125,0.88,0.0525,0.0269999999999999,0.13595,0.0675,2.9042,0.0,0.0,418.640625,2.115274976303912,0.0,0.0,14.652421875,7.403462417063691,22.05588429206369,22900,,,0.1444031511681616,Information
562310,16237.0,4918.518726,AUS,Australia,Western Australia,0.930193025,3.9080963,0.81,0.26,16237.0,,,,,,,,,,,,,,,,,,,,,,,,,28.140597143843934,18.6038605,78.161926,3.0,332.125,6.753,142.125,2.89,16.438,0.334,1.75,0.036,1.42125,2.89,0.2465699999999999,0.501,0.04375,0.09,5.192570000000001,0.0,0.0,265.078125,5.389389362526837,0.0,0.0,9.277734375,18.86286276884393,28.140597143843934,4327,13.0,0.30043910330483015,0.6000815966873196,Watch
562500,16238.0,7809.359931,AUS,Australia,Northern Territory,0.09975529,1.686164993,0.81,0.26,16238.0,,,,,,,,,,,,,,,,,,,,,,,,,68.5475,1.9951058,33.72329986,3.0,64.375,0.824,42.938,0.55,3.688,0.047,1.312,0.017,0.42938,0.55,0.05532,0.0705,0.0328,0.0425,1.1805,0.0,0.0,958.5,12.273733167896289,0.0,0.0,33.5475,35.0,68.5475,2580,293.0,11.356589147286822,0.5134372376234005,Watch
562533,16239.0,4236.170607,AUS,Australia,Northern Territory,0.261736889,1.575566257,0.81,0.26,16239.0,,,,,,,,,,,,,,,,,,,,,,,,,51.50796875,5.23473778,31.51132514,,27.0,0.637,22.375,0.528,0.562,0.013,0.688,0.016,0.22375,0.528,0.00843,0.0195,0.0171999999999999,0.04,0.8368800000000001,0.0,0.0,471.65625,11.134023951689594,0.0,0.0,16.50796875,35.0,51.50796875,119549,,,0.38784816851139,Advisory
562591,16240.0,15394.50822,AUS,Australia,Northern Territory,1.022755945,1.569965638,0.81,0.26,16240.0,,,,,,,,,,,,,,,,,,,,,,,,,43.83468542859156,20.4551189,31.39931276,,183.188,1.19,122.188,0.794,1.125,0.007,1.75,0.011,1.22188,0.794,0.016875,0.0105,0.04375,0.0274999999999999,2.1145050000000003,0.0,0.0,759.234375,4.931852086740444,0.0,0.0,26.573203125,17.261482303591556,43.83468542859156,9308,,,0.3271209322153883,Advisory
563500,16242.0,14782.54818,AUS,Australia,Queensland,1.361606347,1.249362308,0.81,0.26,16242.0,,,,,,,,,,,,,,,,,,,,,,,,,26.70386304169115,27.23212694,24.98724616,,202.688,1.371,17.188,0.116,17.125,0.116,0.562,0.004,0.1718799999999999,0.116,0.256875,0.174,0.01405,0.01,0.742805,21.09375,0.1426935988128959,446.0625,3.0174939695633736,0.31640625,0.2140403982193438,15.6121875,10.561228893471808,26.70386304169115,66380,,,0.1580592136945523,Information
563917,16243.0,2669.213717,AUS,Australia,New South Wales,0.968513163,2.359841866,0.81,0.26,16243.0,,,,,,,,,,,,,,,,,,,,,,,,,6.654631449045096,19.37026326,47.19683732,,141.25,5.292,8.812,0.33,8.438,0.316,1.188,0.044,0.0881199999999999,0.33,0.12657,0.474,0.0296999999999999,0.1099999999999999,1.1583899999999998,0.28125,0.0105368108305819,39.9375,1.496227137942635,0.00421875,0.0158052162458728,1.3978125,5.236794982799223,6.654631449045096,42719,,,0.0191673451818152,Information
565100,16244.0,27910.24463,AUS,Australia,South Australia,1.07262071,0.001821936,0.81,0.26,16244.0,,,,,,,,,,,,,,,,,,,,,,,,,29.9837515799056,21.4524142,0.03643872,,682.312,2.445,361.875,1.297,414.25,1.484,17.5,0.063,3.61875,1.297,6.21375,2.226,0.4375,0.1575,13.9505,0.0,0.0,630.703125,2.259754915687313,0.0,0.0,22.074609375,7.909142204905596,29.9837515799056,1343104,,,0.1677614646768718,Information
571010,11013.0,6241.740594,NZL,New Zealand,Wellington,0.788180127,0.018098225,0.81,0.26,11013.0,,,,,,,,,,,,,,,,,,,,,,,,,11.583284083871575,15.76360254,0.3619644999999999,,113.188,1.813,96.25,1.542,3.188,0.051,0.75,0.012,0.9625,1.542,0.04782,0.0765,0.01875,0.03,2.67757,0.140625,0.0022529773207618,127.125,2.036691497968695,0.002109375,0.0033794659811427,4.449375,7.128420242890432,11.583284083871575,464780,,,0.0236243489565717,Information
571020,11014.0,5861.17171,NZL,New Zealand,Manawatu-Wanganui,2.009106572,0.0,0.81,0.26,11014.0,,,,,,,,,,,,,,,,,,,,,,,,,2.450751204913394,40.18213144,0.0,,26.188,0.447,24.5,0.418,0.125,0.002,0.0,0.0,0.245,0.418,0.001875,0.003,0.0,0.0,0.667875,0.0,0.0,25.875,0.4414646299752555,0.0,0.0,0.905625,1.5451262049133945,2.450751204913394,127856,,,0.0006993726723655,Information
571030,11015.0,129.9490694,NZL,New Zealand,Manawatu-Wanganui,0.342693366,0.0,0.81,0.26,11015.0,,,,,,,,,,,,,,,,,,,,,,,,,35.661541959357685,6.85386732,0.0,,1.625,1.25,1.562,1.202,0.0,0.0,0.0,0.0,0.01562,1.202,0.0,0.0,0.0,0.0,1.21762,0.140625,0.1082154729051212,14.203125,10.929762763417244,0.002109375,0.1623232093576818,0.497109375,35.0,35.661541959357685,2166,,,0.1685032678010776,Advisory
571040,11016.0,3928.36888,NZL,New Zealand,Manawatu-Wanganui,1.049548745,0.855511429,0.81,0.26,11016.0,,,,,,,,,,,,,,,,,,,,,,,,,6.00311994068164,20.9909749,17.11022858,,23.062,0.587,5.688,0.145,0.125,0.003,0.0,0.0,0.05688,0.145,0.001875,0.0045,0.0,0.0,0.208255,0.0,0.0,48.375,1.23142712590904,0.0,0.0,1.693125,4.30999494068164,6.00311994068164,13601,,,0.0049790226424023,Information
571050,11017.0,3225.470318,NZL,New Zealand,Manawatu-Wanganui,0.612911908,0.0,0.81,0.26,11017.0,,,,,,,,,,,,,,,,,,,,,,,,,11.310164546788084,12.25823816,0.0,,16.625,0.515,10.688,0.331,1.375,0.043,0.0,0.0,0.10688,0.331,0.020625,0.0645,0.0,0.0,0.523005,9.0,0.2790290751947169,74.953125,2.323789016856002,0.135,0.4185436127920754,2.623359375,8.133261558996008,11.310164546788084,5381,,,0.020245918595972,Information
571060,11018.0,7130.535468,NZL,New Zealand,Manawatu-Wanganui,3.09193257,0.0,0.81,0.26,11018.0,,,,,,,,,,,,,,,,,,,,,,,,,10.680818018729097,61.8386514,0.0,,30.938,0.434,11.625,0.163,1.375,0.019,0.562,0.008,0.11625,0.163,0.020625,0.0284999999999999,0.01405,0.02,0.362425,4.359375,0.0611367129386689,125.15625,1.7552153069488836,0.065390625,0.0917050694080033,4.38046875,6.1432535743210925,10.680818018729097,38611,,,0.1014427216075888,Information
571070,11019.0,12106.59119,NZL,New Zealand,Taranaki,3.376579917,0.088294275,0.81,0.26,11019.0,,,,,,,,,,,,,,,,,,,,,,,,,20.883977193121098,67.53159834,1.7658855,,73.562,0.608,29.875,0.247,4.75,0.039,2.188,0.018,0.29875,0.247,0.07125,0.0584999999999999,0.0547,0.045,0.7752,43.875,0.362405893797342,307.96875,2.543810600692882,0.658125,0.543608840696013,10.77890625,8.903337102425086,20.883977193121098,121860,,,0.3295032926618548,Information
571080,11020.0,14430.8652,NZL,New Zealand,Waikato,0.667779555,0.0,0.81,0.26,11020.0,11020.0,0.0,12.0,3.0,-9999.0,-9999.0,0.0,1.0,0.3,-999.9,-999.9,-3997.0,0.0,0.0,0.0,0.0,0.0,0.0,0.0,0.0,0.0,0.0,0.0,-3997.0,40.19971166719502,13.3555911,0.0,,288.875,2.002,59.312,0.411,12.188,0.084,3.25,0.023,0.59312,0.411,0.18282,0.126,0.08125,0.0574999999999999,1.4516899999999997,95.625,0.662642181676149,637.453125,4.417289719908799,1.434375,0.9939632725142236,22.310859375,15.460514019680796,40.19971166719502,328850,,,0.2212576533758289,Advisory
571091,11021.0,3887.458034,NZL,New Zealand,Auckland,3.21376945,0.178742495,0.81,0.26,11021.0,,,,,,,,,,,,,,,,,,,,,,,,,53.39388947151893,64.275389,3.5748499,3.0,129.125,3.322,36.625,0.942,8.938,0.23,2.938,0.076,0.36625,0.942,0.13407,0.345,0.07345,0.19,2.05077,140.34375,3.610167589389461,366.890625,9.437802846409925,2.10515625,5.415251384084192,12.841171875,33.03230996243474,53.39388947151893,416127,23821.0,5.724454313226491,0.6561051717492783,Watch
571094,11023.0,3083.364527,NZL,New Zealand,Bay of Plenty,3.065695604,0.0,0.81,0.26,11023.0,,,,,,,,,,,,,,,,,,,,,,,,,7.035110295730463,61.31391208,0.0,,30.812,0.999,16.125,0.523,2.75,0.089,0.062,0.002,0.16125,0.523,0.04125,0.1335,0.00155,0.005,0.86555,4.21875,0.1368229400949227,45.5625,1.4776877530251653,0.06328125,0.205234410142384,1.5946875,5.171907135588079,7.035110295730463,7675,,,0.0441376349014483,Information
571095,11024.0,13102.68811,NZL,New Zealand,Gisborne,2.489295069,0.120913177,0.81,0.26,11024.0,,,,,,,,,,,,,,,,,,,,,,,,,8.792317821397088,49.785901380000006,2.41826354,,317.438,2.423,261.0,1.992,23.5,0.179,3.75,0.029,2.61,1.992,0.3525,0.2684999999999999,0.09375,0.0725,5.3892500000000005,7.59375,0.057955664792849,139.21875,1.0625205212022326,0.11390625,0.0869334971892735,4.87265625,3.718821824207814,8.792317821397088,68536,,,0.0407177105069156,Information
571097,11026.0,3774.220248,NZL,New Zealand,Hawke's Bay,3.26564427,0.359278341,0.81,0.26,11026.0,,,,,,,,,,,,,,,,,,,,,,,,,2.353106905076994,65.3128854,7.18556682,,7.062,0.187,6.5,0.172,0.0,0.0,0.0,0.0,0.065,0.172,0.0,0.0,0.0,0.0,0.237,0.0,0.0,18.421875,0.488097508593427,0.0,0.0,0.644765625,1.7083412800769944,2.353106905076994,47785,,,0.0035658435571317,Information
571098,11027.0,3337.589999,NZL,New Zealand,Hawke's Bay,2.333087201,0.0,0.81,0.26,11027.0,,,,,,,,,,,,,,,,,,,,,,,,,1.2391261060069685,46.66174402,0.0,,7.688,0.23,7.688,0.23,0.0,0.0,0.0,0.0,0.07688,0.23,0.0,0.0,0.0,0.0,0.30688,0.0,0.0,8.859375,0.2654422802877053,0.0,0.0,0.310078125,0.9290479810069684,1.2391261060069685,76397,,,8.41966601832328e-05,Information
571099,11028.0,7575.758034,NZL,New Zealand,Manawatu-Wanganui,1.393607695,0.324774635,0.81,0.26,11028.0,,,,,,,,,,,,,,,,,,,,,,,,,7.958868475929493,27.8721539,6.4954927,,60.688,0.801,55.062,0.727,0.5,0.007,0.0,0.0,0.55062,0.727,0.0075,0.0105,0.0,0.0,1.29562,0.0,0.0,98.015625,1.293806171694141,0.0,0.0,3.430546875,4.528321600929493,7.958868475929493,22572,,,0.0137567807639926,Information
572010,11029.0,13662.97899,NZL,New Zealand,Southland,2.642920721,1.102491125,0.81,0.26,11029.0,,,,,,,,,,,,,,,,,,,,,,,,,52.29243016240046,52.85841442,22.0498225,,120.5,0.882,99.625,0.729,0.0,0.0,0.0,0.0,0.99625,0.729,0.0,0.0,0.0,0.0,1.72525,34.3125,0.2511348369719953,847.96875,6.206324044840704,0.5146875,0.3767022554579929,29.67890625,21.722134156942463,52.29243016240046,86115,,,0.5412947349063643,Advisory
572020,11030.0,8218.716589,NZL,New Zealand,Southland,0.644685445,0.0,0.81,0.26,11030.0,,,,,,,,,,,,,,,,,,,,,,,,,65.99848370647716,12.8937089,0.0,3.0,77.688,0.945,36.812,0.448,0.812,0.01,0.0,0.0,0.36812,0.448,0.01218,0.015,0.0,0.0,0.8432999999999999,22.21875,0.2703433043181073,864.5625,10.519434398403314,0.33328125,0.4055149564771609,30.2596875,35.0,65.99848370647716,4966,347.0,6.987515102698348,0.3906991232053606,Watch
572030,11031.0,27110.71292,NZL,New Zealand,West Coast,3.421935641,1.529466612,0.81,0.26,11031.0,,,,,,,,,,,,,,,,,,,,,,,,,70.47614386112488,68.43871282,30.58933224,3.0,194.938,0.719,168.062,0.62,11.875,0.044,0.0,0.0,1.6806200000000002,0.62,0.178125,0.066,0.0,0.0,2.5447450000000003,85.5,0.3153734844368855,2611.96875,9.634452466991302,1.2825,0.4730602266553282,35.0,33.72058363446956,70.47614386112488,21760,262.0,1.2040441176470589,0.7891117409616483,Watch
572040,11032.0,6423.116244,NZL,New Zealand,Tasman,2.60561253,1.175880328,0.81,0.26,11032.0,,,,,,,,,,,,,,,,,,,,,,,,,24.20203646946556,52.1122506,23.51760656,,105.812,1.647,101.375,1.578,28.0,0.436,6.75,0.105,1.01375,1.578,0.42,0.654,0.16875,0.2625,4.097,14.484375,0.2255038590261406,264.234375,4.1138034088361,0.217265625,0.3382557885392109,9.248203125,14.39831193092635,24.20203646946556,7547,,,0.2474857781727298,Information
572051,11033.0,12897.24981,NZL,New Zealand,Tasman,1.326401702,0.774226145,0.81,0.26,11033.0,,,,,,,,,,,,,,,,,,,,,,,,,44.20727377483174,26.52803404,15.4845229,,204.25,1.584,133.188,1.033,23.75,0.184,2.688,0.021,1.33188,1.033,0.35625,0.276,0.0672,0.0525,3.1168300000000007,61.734375,0.4786630940250259,684.984375,5.311088681084057,0.926015625,0.7179946410375388,23.974453125,18.5888103837942,44.20727377483174,100380,,,0.3057215600918234,Advisory
572052,11034.0,3627.514009,NZL,New Zealand,Marlborough,3.562389895,0.0,0.81,0.26,11034.0,,,,,,,,,,,,,,,,,,,,,,,,,14.633554972037746,71.2477979,0.0,,78.312,2.159,45.5,1.254,2.562,0.071,0.0,0.0,0.455,1.254,0.03843,0.1064999999999999,0.0,0.0,1.85393,8.015625,0.2209674443704517,107.859375,2.973368944423448,0.120234375,0.3314511665556776,3.775078125,10.406791305482068,14.633554972037746,3220,,,0.2497117278128542,Information
572053,11035.0,2943.372636,NZL,New Zealand,Marlborough,3.73082308,0.549419514,0.81,0.26,11035.0,,,,,,,,,,,,,,,,,,,,,,,,,28.64706741073348,74.6164616,10.98839028,,8.25,0.28,5.375,0.183,4.375,0.149,0.0,0.0,0.05375,0.183,0.065625,0.2234999999999999,0.0,0.0,0.525875,10.6875,0.363103871714138,181.546875,6.167988136617792,0.1603125,0.544655807571207,6.354140625,21.58795847816227,28.64706741073348,31915,,,0.5481347636292392,Advisory
572054,11036.0,3281.958206,NZL,New Zealand,Marlborough,3.037110302,0.0,0.81,0.26,11036.0,,,,,,,,,,,,,,,,,,,,,,,,,41.69255523801316,60.74220604,0.0,,20.188,0.615,15.375,0.468,1.375,0.042,0.0,0.0,0.15375,0.468,0.020625,0.063,0.0,0.0,0.7053750000000001,26.296875,0.8012556329522879,283.078125,8.625281225309923,0.394453125,1.2018834494284318,9.907734375,30.18848428858473,41.69255523801316,101,,,0.5239909097943495,Advisory
572055,11037.0,1363.542273,NZL,New Zealand,Canterbury,2.033807218,0.542804512,0.81,0.26,11037.0,,,,,,,,,,,,,,,,,,,,,,,,,28.77713798612176,40.67614436,10.85609024,,9.75,0.715,3.5,0.257,8.375,0.614,0.125,0.009,0.035,0.257,0.125625,0.921,0.003125,0.0225,1.36425,6.75,0.4950341573340845,95.765625,7.023297107177323,0.10125,0.7425512360011268,3.351796875,24.58153987512064,28.77713798612176,3116,,,0.2347077928191136,Information
572056,11038.0,3394.248458,NZL,New Zealand,Canterbury,1.169291477,0.0,0.81,0.26,11038.0,,,,,,,,,,,,,,,,,,,,,,,,,18.96469139484054,23.38582954,0.0,,52.438,1.545,15.75,0.464,15.375,0.453,2.812,0.083,0.1575,0.464,0.230625,0.6795,0.0702999999999999,0.2075,1.809425,9.984375,0.2941556908291669,133.03125,3.919313852456225,0.149765625,0.4412335362437504,4.65609375,13.717598483596788,18.96469139484054,2814,,,0.0813266642184743,Information
572057,11039.0,5315.698645,NZL,New Zealand,Canterbury,2.851655134,0.741767529,0.81,0.26,11039.0,,,,,,,,,,,,,,,,,,,,,,,,,29.25541533411512,57.03310268,14.83535058,,59.062,1.111,33.812,0.636,2.312,0.044,0.0,0.0,0.33812,0.636,0.03468,0.066,0.0,0.0,1.0748,8.859375,0.1666643576170975,286.3125,5.386168763625563,0.132890625,0.2499965364256462,10.0209375,18.851590672689472,29.25541533411512,17679,,,0.3503538602343725,Advisory
572058,11040.0,3595.889653,NZL,New Zealand,Canterbury,2.762797178,1.082766536,0.81,0.26,11040.0,,,,,,,,,,,,,,,,,,,,,,,,,48.71935130004752,55.25594356,21.65533072,,64.625,1.797,42.188,1.173,4.875,0.136,0.0,0.0,0.42188,1.173,0.073125,0.204,0.0,0.0,1.872005,41.34375,1.1497502422475143,350.4375,9.745502053336072,0.62015625,1.7246253633712714,12.2653125,34.10925718667625,48.71935130004752,49428,,,0.533916086437054,Advisory
572059,11041.0,18219.37488,NZL,New Zealand,Canterbury,3.743808691,0.868429442,0.81,0.26,11041.0,,,,,,,,,,,,,,,,,,,,,,,,,67.2414149079514,74.87617381999999,17.36858884,3.0,200.562,1.101,107.75,0.591,29.375,0.161,0.0,0.0,1.0775,0.591,0.440625,0.2415,0.0,0.0,2.3506249999999995,216.140625,1.186322947024907,1416.9375,7.777091746404011,3.242109375,1.7794844205373606,35.0,27.21982111241404,67.2414149079514,464025,27530.0,5.932869996228652,0.8375584272010834,Warning
572060,11042.0,11955.13012,NZL,New Zealand,Canterbury,3.971209924,0.0,0.81,0.26,11042.0,,,,,,,,,,,,,,,,,,,,,,,,,71.79051997219824,79.42419848,0.0,3.0,302.312,2.529,139.438,1.166,85.438,0.715,0.0,0.0,1.39438,1.166,1.28157,1.0725,0.0,0.0,4.91445,144.421875,1.2080326485730697,1120.78125,9.374897964096752,2.166328125,1.8120489728596043,35.0,32.81214287433863,71.79051997219824,5048,420.0,8.32012678288431,0.8942838606459957,Warning
572070,11043.0,9881.175583,NZL,New Zealand,Otago,3.339013298,0.031912325,0.81,0.26,11043.0,,,,,,,,,,,,,,,,,,,,,,,,,46.518340053835246,66.78026596,0.6382464999999999,3.0,104.0,1.053,91.562,0.927,0.062,0.001,0.0,0.0,0.91562,0.927,0.0009299999999999,0.0015,0.0,0.0,1.8450500000000003,76.921875,0.7784688608173395,627.609375,6.351565860745495,1.153828125,1.1677032912260092,21.966328125,22.23048051260924,46.518340053835246,142856,20750.0,14.525116200929608,0.631829428223277,Watch
572090,11044.0,253.3669605,NZL,New Zealand,Otago,0.529281303,1.248833388,0.81,0.26,11044.0,,,,,,,,,,,,,,,,,,,,,,,,,25.893481747962884,10.58562606,24.97666776,,0.938,0.37,0.938,0.37,0.0,0.0,0.0,0.0,0.00938,0.37,0.0,0.0,0.0,0.0,0.37938,0.0,0.0,18.28125,7.215325142275109,0.0,0.0,0.63984375,25.253637997962883,25.893481747962884,575,,,0.1437078671229507,Information
571093,16246.0,21956.06922,NZL,New Zealand,Auckland,3.127852063,0.040111599,0.81,0.26,16246.0,,,,,,,,,,,,,,,,,,,,,,,,,70.03906081731569,62.557041260000005,0.80223198,3.0,915.812,4.171,458.938,2.09,137.75,0.627,28.312,0.129,4.58938,2.09,2.06625,0.9405,0.7078,0.3225,10.71643,322.171875,1.4673476919574076,1756.828125,8.001560329822738,4.832578125,2.2010215379361115,35.0,28.00546115437958,70.03906081731569,1540564,147453.0,9.571364772901353,0.7344194042115858,Watch
572080,16247.0,20676.6673,NZL,New Zealand,Otago,2.002499168,0.0,0.81,0.26,16247.0,16247.0,0.0,13.0,-9999.0,-9999.0,-9999.0,0.0,1.0,-999.9,-999.9,-999.9,-5997.4,0.0,0.0,0.0,0.0,0.0,0.0,0.0,0.0,0.0,0.0,0.0,-5997.4,60.21034266713583,40.04998336,0.0,3.0,201.688,0.975,94.562,0.457,51.438,0.249,0.0,0.0,0.94562,0.457,0.7715700000000001,0.3735,0.0,0.0,2.54769,74.53125,0.3604606531188456,1391.34375,6.729052267845017,1.11796875,0.5406909796782684,35.0,23.55168293745756,60.21034266713583,50410,7472.0,14.822455861932157,0.5017286049579897,Watch
672098,12960.0,4920.385561,PAN,Panama,Panamá,1.083219761,0.0,0.62,0.53,12960.0,12960.0,0.0,9.0,-9999.0,-9999.0,-9999.0,0.0,2.0,-999.9,-999.9,-999.9,-5995.4,0.0,0.0,0.0,0.0,0.0,0.0,0.0,0.0,0.0,0.0,0.0,-5995.4,3.705639972818957,21.664395220000003,0.0,,,,,,,,,,,,,,,,,1.40625,0.0285800773627037,34.3125,0.6973538876499719,0.02109375,0.0428701160440555,1.2009375,2.440738606774901,3.705639972818957,47363,,,0.0011398475312164,Information
611002,11047.0,36076.31012,COL,Colombia,Antioquia,3.402654093,0.0,0.58,0.58,11047.0,11047.0,0.0,6.0,-9999.0,-9999.0,-9999.0,0.0,5.0,-999.9,-999.9,-999.9,-5989.4,0.0,0.0,0.0,0.0,0.0,0.0,0.0,0.0,0.0,0.0,0.0,-5989.4,5.839852457637874,68.05308186,0.0,,,,,,,,,,,,,,,,,0.0,0.0,130.640625,0.3621230236108211,0.0,0.0,4.572421875,1.2674305826378738,5.839852457637874,615552,,,0.0446247280042023,Information
611008,11053.0,3209.411492,COL,Colombia,Bolívar,0.403709504,0.0,0.58,0.58,11053.0,,,,,,,,,,,,,,,,,,,,,,,,,37.89045091381648,8.07419008,0.0,,1.375,0.043,1.375,0.043,3.25,0.101,1.875,0.058,0.01375,0.043,0.04875,0.1515,0.046875,0.145,0.448875,96.609375,3.01018972632963,221.625,6.905471628377724,1.449140625,4.515284589494445,7.756875,24.169150699322035,37.89045091381648,311903,,,0.1877326012101416,Advisory
612010,11055.0,17984.48943,COL,Colombia,Magdalena,2.288692263,0.006856056,0.58,0.58,11055.0,11055.0,0.0,13.0,-9999.0,-9999.0,-9999.0,0.0,1.0,-999.9,-999.9,-999.9,-5991.4,0.0,0.0,0.0,0.0,0.0,0.0,0.0,0.0,0.0,0.0,0.0,-5991.4,42.12015713680032,45.77384526,0.13712112,,2.5,0.014,2.5,0.014,2.562,0.014,1.375,0.008,0.025,0.014,0.03843,0.021,0.034375,0.02,0.152805,247.640625,1.376967780749928,667.265625,3.710228347335837,3.714609375,2.065451671124892,23.354296875,12.98579921567543,42.12015713680032,3278655,,,0.4002743932509485,Advisory
612043,11060.0,3601.195071,COL,Colombia,Bolívar,4.078600142,0.0,0.58,0.58,11060.0,11060.0,0.0,12.0,-9999.0,-9999.0,-9999.0,0.0,1.0,-999.9,-999.9,-999.9,-5997.4,0.0,0.0,0.0,0.0,0.0,0.0,0.0,0.0,0.0,0.0,0.0,-5997.4,8.330622996453272,81.57200284,0.0,,,,,,,,,,,,,,,,,3.65625,0.1015287960840198,61.453125,1.706464764950641,0.05484375,0.1522931941260297,2.150859375,5.972626677327243,8.330622996453272,207829,,,0.2136172622035976,Information
612044,11061.0,14755.89166,COL,Colombia,Antioquia,0.399224013,0.0,0.58,0.58,11061.0,11061.0,0.0,14.0,-9999.0,-9999.0,-9999.0,0.0,1.0,-999.9,-999.9,-999.9,-5997.4,0.0,0.0,0.0,0.0,0.0,0.0,0.0,0.0,0.0,0.0,0.0,-5997.4,5.143184980907948,7.98448026,0.0,,,,,,,,,,,,,,,,,2.25,0.0152481466488656,86.625,0.5870536459813288,0.03375,0.0228722199732984,3.031875,2.0546877609346508,5.143184980907948,5134433,,,0.001961519413074,Information
612045,11062.0,13476.29506,COL,Colombia,Antioquia,2.206107624,0.0,0.58,0.58,11062.0,11062.0,0.0,12.0,-9999.0,-9999.0,-9999.0,0.0,1.0,-999.9,-999.9,-999.9,-5997.400000000001,0.0,0.0,0.0,0.0,0.0,0.0,0.0,0.0,0.0,0.0,0.0,-5997.400000000001,3.292462614002352,44.12215248,0.0,,,,,,,,,,,,,,,,,0.0,0.0,54.0,0.4007036040006719,0.0,0.0,1.89,1.4024626140023515,3.292462614002352,891437,,,0.0023162783417248,Information
612047,11064.0,6346.265737,COL,Colombia,Caldas,0.935223782,0.0,0.58,0.58,11064.0,11064.0,0.0,7.0,-9999.0,-9999.0,-9999.0,0.0,4.0,-999.9,-999.9,-999.9,-5995.4,0.0,0.0,0.0,0.0,0.0,0.0,0.0,0.0,0.0,0.0,0.0,-5995.4,-5995.4,18.70447564,0.0,,,,,,,,,,,,,,,,,,,,,,,,,,1922823,,,,
612049,11066.0,17502.25684,COL,Colombia,Valle del Cauca,1.685521921,0.0,0.58,0.58,11066.0,11066.0,0.0,7.0,-9999.0,-9999.0,-9999.0,0.0,4.0,-999.9,-999.9,-999.9,-5995.6,0.0,0.0,0.0,0.0,0.0,0.0,0.0,0.0,0.0,0.0,0.0,-5995.6,1.1059637647629434,33.71043842,0.0,,,,,,,,,,,,,,,,,0.0,0.0,20.109375,0.1148958970751267,0.0,0.0,0.703828125,0.4021356397629434,1.1059637647629434,6018178,,,2.1262441556100996e-05,Information
612050,11067.0,1694.146973,COL,Colombia,Bolívar,4.050958975,0.0,0.58,0.58,11067.0,11067.0,0.0,15.0,-9999.0,-9999.0,-9999.0,0.0,1.0,-999.9,-999.9,-999.9,-5997.4,0.0,0.0,0.0,0.0,0.0,0.0,0.0,0.0,0.0,0.0,0.0,-5997.4,33.24608990831248,81.0191795,0.0,3.0,,,,,,,,,,,,,,,,28.40625,1.6767287880231012,125.4375,7.40416870750795,0.42609375,2.515093182034652,4.3903125,25.914590476277827,33.24608990831248,267562,26289.0,9.825386265613204,0.7124335560011437,Watch
612070,11069.0,25099.04025,COL,Colombia,Cesar,2.180998969,0.0,0.58,0.58,11069.0,11069.0,0.0,14.0,2.0,-9999.0,-9999.0,0.0,1.0,0.2,-999.9,-999.9,-4997.3,0.0,0.0,0.0,0.0,0.0,0.0,0.0,0.0,0.0,0.0,0.0,-4997.3,25.194204061684136,43.61997938,0.0,,,,,,,,,,,,,,,,,12.9375,0.0515457956659985,509.203125,2.028775283767183,0.1940625,0.0773186934989977,17.822109375,7.100713493185141,25.194204061684136,2178531,,,0.2102653491150549,Information
612080,11070.0,22609.70816,COL,Colombia,Santander,1.461659622,0.0,0.58,0.58,11070.0,11070.0,0.0,14.0,2.0,-9999.0,-9999.0,0.0,1.0,0.2,-999.9,-999.9,-2654.8666666666663,0.0,0.0,0.0,0.0,0.0,0.0,0.0,0.0,0.0,0.0,0.0,-2654.8666666666663,1.9947517519162432,29.23319244,0.0,,,,,,,,,,,,,,,,,0.0,0.0,39.515625,0.1747728219760695,0.0,0.0,1.383046875,0.6117048769162432,1.9947517519162432,1792374,,,0.0001792618126072,Information
612091,11071.0,5714.540967,COL,Colombia,Santander,2.268921213,0.0,0.58,0.58,11071.0,11071.0,0.0,13.0,2.0,-9999.0,-9999.0,0.0,1.0,0.2,-999.9,-999.9,-4997.3,0.0,0.0,0.0,0.0,0.0,0.0,0.0,0.0,0.0,0.0,0.0,-4997.3,6.469620786086552,45.37842426,0.0,,,,,,,,,,,,,,,,,0.0,0.0,67.21875,1.176275581739015,0.0,0.0,2.35265625,4.116964536086552,6.469620786086552,311896,,,0.0164495919990371,Information
612093,11073.0,5902.219936,COL,Colombia,Antioquia,2.417764564,0.0,0.58,0.58,11073.0,11073.0,0.0,11.0,-9999.0,-9999.0,-9999.0,0.0,1.0,-999.9,-999.9,-999.9,-5997.4,0.0,0.0,0.0,0.0,0.0,0.0,0.0,0.0,0.0,0.0,0.0,-5997.4,8.235017889337357,48.35529128,0.0,,,,,,,,,,,,,,,,,0.0,0.0,87.328125,1.4795810040963877,0.0,0.0,3.056484375,5.1785335143373565,8.235017889337357,154968,,,0.0331794044321008,Information
612095,11075.0,21576.30536,COL,Colombia,Tolima,1.791027821,0.0,0.58,0.58,11075.0,11075.0,2.0,1.0,100.0,100.0,-9999.0,7.0,10.0,10.0,10.0,-999.9,-3301.6,0.0,0.0,0.0,0.0,0.0,0.0,0.0,0.0,0.0,0.0,0.0,-3301.6,7.764859002646427,35.82055642,0.0,,,,,,,,,,,,,,,,,0.0,0.0,151.59375,0.7025936436132647,0.0,0.0,5.30578125,2.4590777526464267,7.764859002646427,1866263,,,0.0173400227085843,Information
612099,11079.0,26116.04898,COL,Colombia,Huila,1.902774296,0.0,0.58,0.58,11079.0,11079.0,0.0,4.0,23.0,11.0,3.0,0.0,7.0,2.3,1.1,0.3,-582.76,0.0,0.0,0.0,0.0,0.0,0.0,0.0,0.0,0.0,0.0,0.0,-582.76,1.4770087649612769,38.05548592,0.0,,,,,,,,,,,,,,,,,0.0,0.0,30.515625,0.1168462542746505,0.0,0.0,1.068046875,0.4089618899612767,1.4770087649612769,1684665,,,9.340358120808706e-05,Information
613011,11080.0,155.1235057,COL,Colombia,Atlontico,3.343721358,0.0,0.58,0.58,11080.0,,,,,,,,,,,,,,,,,,,,,,,,,53.6703125,66.87442716,0.0,3.0,0.375,0.242,0.375,0.242,0.125,0.081,0.0,0.0,0.00375,0.242,0.001875,0.1215,0.0,0.0,0.369125,60.609375,39.07168983142381,78.890625,50.85665428173725,0.909140625,15.0,2.761171875,35.0,53.6703125,37918,11535.0,30.42090827575294,0.6852939293877054,Watch
613015,11084.0,11855.21367,COL,Colombia,La Guajira,4.002578748,3.183076709,0.58,0.58,11084.0,,,,,,,,,,,,,,,,,,,,,,,,,15.279823512173891,80.05157496000001,63.66153418,,5.125,0.043,4.562,0.038,0.312,0.003,0.25,0.002,0.04562,0.038,0.00468,0.0045,0.00625,0.005,0.10405,40.359375,0.340435660925332,219.515625,1.851637863081684,0.605390625,0.510653491387998,7.683046875,6.480732520785894,15.279823512173891,746842,,,0.3948820474467998,Advisory
613073,11102.0,2268.424754,COL,Colombia,Sucre,3.451250609,0.475386375,0.58,0.58,11102.0,,,,,,,,,,,,,,,,,,,,,,,,,9.898539800163707,69.02501218,9.5077275,,2.438,0.107,1.375,0.061,0.188,0.008,0.5,0.022,0.01375,0.061,0.00282,0.012,0.0125,0.0549999999999999,0.15707,2.25,0.0991877731867993,51.328125,2.26272107582386,0.03375,0.1487816597801989,1.796484375,7.91952376538351,9.898539800163707,913473,,,0.1269780823158448,Information
613074,11103.0,1189.340276,COL,Colombia,Sucre,0.666960343,0.0,0.58,0.58,11103.0,,,,,,,,,,,,,,,,,,,,,,,,,5.146482399067208,13.33920686,0.0,,8.938,0.751,3.375,0.284,0.0,0.0,0.0,0.0,0.03375,0.284,0.0,0.0,0.0,0.0,0.31775,6.609375,0.5557177480878117,12.796875,1.075964150552997,0.099140625,0.8335766221317176,0.447890625,3.76587452693549,5.146482399067208,71106,,,0.0023737278485187,Information
613075,11104.0,5258.090182,COL,Colombia,Sucre,2.680766168,0.117423347,0.58,0.58,11104.0,,,,,,,,,,,,,,,,,,,,,,,,,51.79020576901576,53.61532336,2.34846694,,20.812,0.396,17.875,0.34,0.875,0.017,0.438,0.008,0.17875,0.34,0.013125,0.0255,0.01095,0.02,0.5883250000000001,96.1875,1.8293238926452176,468.703125,8.913942301442267,1.4428125,2.743985838967826,16.404609375,31.19879805504793,51.79020576901576,392394,,,0.5438872655642077,Advisory
615201,11112.0,12117.86742,COL,Colombia,Bolívar,0.590795631,0.0,0.58,0.58,11112.0,,,,,,,,,,,,,,,,,,,,,,,,,21.753006828580045,11.81591262,0.0,,9.375,0.077,6.375,0.053,0.75,0.006,0.062,0.001,0.06375,0.053,0.01125,0.009,0.00155,0.0025,0.14105,69.046875,0.5697939464994456,310.921875,2.5658134739516787,1.035703125,0.8546909197491683,10.882265625,8.980347158830876,21.753006828580045,679743,,,0.0808054008514099,Information
615202,11113.0,38120.54578,COL,Colombia,Bolívar,4.001895821,0.0,0.58,0.58,11113.0,,,,,,,,,,,,,,,,,,,,,,,,,4.521295735881605,80.03791641999999,0.0,,103.438,0.271,60.938,0.16,0.5,0.001,0.062,0.0,0.60938,0.16,0.0075,0.0015,0.00155,0.0,0.77993,12.375,0.0324628090921009,97.03125,0.2545379349267009,0.185625,0.0486942136381513,3.39609375,0.8908827722434531,4.521295735881605,7722,,,0.0687671395860235,Information
615205,11116.0,9445.948071,COL,Colombia,Bolívar,3.659875722,0.0,0.58,0.58,11116.0,,,,,,,,,,,,,,,,,,,,,,,,,3.4725327930528183,73.19751444,0.0,,32.938,0.349,12.812,0.136,0.312,0.003,0.0,0.0,0.1281199999999999,0.136,0.00468,0.0045,0.0,0.0,0.2733,5.484375,0.0580606092572404,45.84375,0.4853271440477021,0.082265625,0.0870909138858606,1.60453125,1.6986450041669574,3.4725327930528183,5008,,,0.0204960260779053,Information
615206,11117.0,5529.968019,COL,Colombia,Bolívar,1.373736138,0.0,0.58,0.58,11117.0,,,,,,,,,,,,,,,,,,,,,,,,,0.2626226156479898,27.47472276,0.0,,54.812,0.991,8.375,0.151,0.125,0.002,0.0,0.0,0.08375,0.151,0.001875,0.003,0.0,0.0,0.239625,0.0,0.0,2.671875,0.0483162830422828,0.0,0.0,0.093515625,0.1691069906479897,0.2626226156479898,10282,,,9.494283180996506e-09,Information
615208,11119.0,4272.424105,COL,Colombia,Bolívar,1.969997563,0.0,0.58,0.58,11119.0,,,,,,,,,,,,,,,,,,,,,,,,,0.4297499999999999,39.39995126,0.0,,33.438,0.783,12.875,0.301,0.0,0.0,0.0,0.0,0.12875,0.301,0.0,0.0,0.0,0.0,0.4297499999999999,0.140625,0.0032914569468664,3.09375,0.0724120528310625,0.002109375,0.0049371854202996,0.10828125,0.2534421849087187,0.3687699953290183,1166,,,3.732713667560615e-07,Information
615209,11120.0,11339.71121,COL,Colombia,Bolívar,0.921628846,0.0,0.58,0.58,11120.0,,,,,,,,,,,,,,,,,,,,,,,,,0.9566594822804672,18.43257692,0.0,,32.438,0.286,15.938,0.141,0.0,0.0,0.0,0.0,0.15938,0.141,0.0,0.0,0.0,0.0,0.30038,6.328125,0.055804992607527,11.8125,0.1041693195340505,0.094921875,0.0837074889112905,0.4134375,0.3645926183691767,0.9566594822804672,55139,,,4.379537996089469e-06,Information
615349,11132.0,13703.11185,COL,Colombia,Bolívar,3.584221313,0.0,0.58,0.58,11132.0,,,,,,,,,,,,,,,,,,,,,,,,,1.6212457569308336,71.68442626,0.0,,44.875,0.327,24.188,0.177,0.0,0.0,0.0,0.0,0.2418799999999999,0.177,0.0,0.0,0.0,0.0,0.41888,7.03125,0.0513113377292448,23.765625,0.1734323215248475,0.10546875,0.0769670065938672,0.831796875,0.6070131253369663,1.6212457569308336,2721,,,0.0021167552582436,Information
615370,11135.0,1483.532443,COL,Colombia,Bolívar,2.279171743,0.0,0.58,0.58,11135.0,,,,,,,,,,,,,,,,,,,,,,,,,7.287718185365255,45.58343486,0.0,,2.75,0.185,1.625,0.11,0.0,0.0,0.0,0.0,0.01625,0.11,0.0,0.0,0.0,0.0,0.12625,4.359375,0.2938510054089961,25.03125,1.6872735149290747,0.065390625,0.4407765081134941,0.87609375,5.905457302251762,7.287718185365255,40041,,,0.0221903046919962,Information
615503,11158.0,5712.704823,COL,Colombia,Bolívar,2.595879336,0.0,0.58,0.58,11158.0,,,,,,,,,,,,,,,,,,,,,,,,,10.532205984097692,51.91758672,0.0,,10.75,0.188,10.188,0.178,0.688,0.012,0.375,0.007,0.10188,0.178,0.01032,0.018,0.009375,0.0175,0.335075,13.78125,0.2412386151089144,103.5,1.8117512318383773,0.20671875,0.3618579226633716,3.6225,6.3411293114343215,10.532205984097692,8274,,,0.0644468847507152,Information
615610,11165.0,8498.918928,COL,Colombia,Vichada,1.468088648,0.0,0.58,0.58,11165.0,,,,,,,,,,,,,,,,,,,,,,,,,10.388600273346686,29.36177296,0.0,,5.625,0.066,5.062,0.06,0.0,0.0,0.0,0.0,0.05062,0.06,0.0,0.0,0.0,0.0,0.11062,32.0625,0.3772538633833365,122.625,1.4428305652204798,0.4809375,0.5658807950750048,4.291875,5.04990697827168,10.388600273346686,14895,,,0.0276277087490126,Information
615631,11167.0,6302.03435,COL,Colombia,Casanare,1.503831772,0.0,0.58,0.58,11167.0,11167.0,0.0,15.0,13.0,5.0,-9999.0,0.0,1.0,1.3,0.5,-999.9,-1994.2,0.0,0.0,0.0,0.0,0.0,0.0,0.0,0.0,0.0,0.0,0.0,-1994.2,6.413216269463232,30.07663544,0.0,,,,,,,,,,,,,,,,,14.34375,0.22760507486401,64.6875,1.0264542591906334,0.21515625,0.341407612296015,2.2640625,3.5925899071672167,6.413216269463232,13627,,,0.0084462557416153,Information
615638,11174.0,4662.27353,COL,Colombia,Casanare,3.031332815,0.0,0.58,0.58,11174.0,11174.0,1.0,15.0,58.0,11.0,5.0,3.0,1.0,5.8,1.1,0.5,24.2,0.0,0.0,0.0,0.0,0.0,0.0,0.0,0.0,0.0,0.0,0.0,24.2,24.2,60.62665629999999,0.0,,,,,,,,,,,,,,,,,0.0,0.0,3.515625,0.0754058074397635,0.0,0.0,0.123046875,0.2639203260391722,0.3869672010391722,296532,,,0.3132225737783208,Information
615640,11176.0,5213.344163,COL,Colombia,Casanare,2.19343111,0.0,0.58,0.58,11176.0,11176.0,1.0,14.0,54.0,11.0,2.0,3.0,1.0,5.4,1.1,0.2,21.4,0.0,0.0,0.0,0.0,0.0,0.0,0.0,0.0,0.0,0.0,0.0,21.4,21.4,43.8686222,0.0,,,,,,,,,,,,,,,,,0.0,0.0,12.09375,0.2319768199150972,0.0,0.0,0.42328125,0.8119188697028402,1.2352001197028402,319982,,,0.1674467546931876,Information
615670,11179.0,7754.326945,COL,Colombia,Casanare,1.075391291,0.0,0.58,0.58,11179.0,11179.0,1.0,15.0,54.0,15.0,3.0,3.0,1.0,5.4,1.5,0.3,22.4,0.0,0.0,0.0,0.0,0.0,0.0,0.0,0.0,0.0,0.0,0.0,22.4,22.4,21.50782582,0.0,,,,,,,,,,,,,,,,,0.140625,0.0018135036218239,23.90625,0.3082956157100762,0.002109375,0.0027202554327358,0.83671875,1.0790346549852667,1.9205830354180025,70863,,,0.1049322764653561,Information
615680,11180.0,8819.489059,COL,Colombia,Boyacá,1.094776129,0.0,0.58,0.58,11180.0,11180.0,2.0,15.0,86.0,35.0,5.0,7.0,1.0,8.6,3.5,0.5,49.45,0.0,0.0,0.0,0.0,0.0,0.0,0.0,0.0,0.0,0.0,0.0,49.45,49.45,21.89552258,0.0,,,,,,,,,,,,,,,,,0.0,0.0,20.953125,0.2375775383392893,0.0,0.0,0.733359375,0.8315213841875125,1.5648807591875125,285059,,,0.3238048583624593,Advisory
615690,11181.0,14662.90088,COL,Colombia,Meta,0.284133343,0.0,0.58,0.58,11181.0,11181.0,1.0,13.0,100.0,15.0,-9999.0,3.0,1.0,10.0,1.5,-999.9,-305.2,0.0,0.0,0.0,0.0,0.0,0.0,0.0,0.0,0.0,0.0,0.0,-305.2,2.08619730122042,5.682666859999999,0.0,,,,,,,,,,,,,,,,,0.0,0.0,35.4375,0.2416813717772627,0.0,0.0,1.2403125,0.8458848012204194,2.08619730122042,992304,,,6.911277319105752e-05,Information
615701,11182.0,16547.2563,COL,Colombia,Vichada,1.23925578,0.0,0.58,0.58,11182.0,,,,,,,,,,,,,,,,,,,,,,,,,9.546639644333531,24.7851156,0.0,,39.25,0.237,35.75,0.216,0.0,0.0,0.0,0.0,0.3575,0.216,0.0,0.0,0.0,0.0,0.5735,47.25,0.2855458278378984,149.765625,0.9050782935933388,0.70875,0.4283187417568476,5.241796875,3.167774027576686,9.546639644333531,147029,,,0.0195012781574344,Information
615708,11189.0,27684.39857,COL,Colombia,Vichada,1.810927528,0.0,0.58,0.58,11189.0,,,,,,,,,,,,,,,,,,,,,,,,,8.608191470941742,36.21855056,0.0,,31.5,0.114,25.438,0.092,0.0,0.0,0.0,0.0,0.25438,0.092,0.0,0.0,0.0,0.0,0.34638,44.578125,0.1610225517097025,161.578125,0.5836432552506254,0.668671875,0.2415338275645537,5.655234375,2.042751393377189,8.608191470941742,38327,,,0.0226021643865332,Information
615943,11213.0,7480.816174,COL,Colombia,Guainía,4.014890131,0.0,0.58,0.58,11213.0,,,,,,,,,,,,,,,,,,,,,,,,,7.451137094073934,80.29780262,0.0,,14.188,0.19,11.688,0.156,2.188,0.029,0.0,0.0,0.11688,0.156,0.03282,0.0435,0.0,0.0,0.3492,30.796875,0.4116780079281991,77.90625,1.0414137734804672,0.461953125,0.6175170118922986,2.72671875,3.644948207181635,7.451137094073934,7203,,,0.1654348665842202,Information
615945,11215.0,8338.162807,COL,Colombia,Guainía,4.041264595,0.0,0.58,0.58,11215.0,11215.0,1.0,15.0,37.0,11.0,3.0,3.0,1.0,3.7,1.1,0.3,18.2,0.0,0.0,0.0,0.0,0.0,0.0,0.0,0.0,0.0,0.0,0.0,18.2,18.2,80.82529190000001,0.0,,,,,,,,,,,,,,,,,16.875,0.2023827117651815,34.03125,0.4081384687264495,0.253125,0.3035740676477722,1.19109375,1.4284846405425733,3.176277458190345,3561,,,0.4791964072557224,Advisory
615946,11216.0,6844.993539,COL,Colombia,Guaviare,3.496170642,0.0,0.58,0.58,11216.0,11216.0,1.0,15.0,45.0,7.0,3.0,3.0,1.0,4.5,0.7,0.3,19.0,0.0,0.0,0.0,0.0,0.0,0.0,0.0,0.0,0.0,0.0,0.0,19.0,19.0,69.92341284,0.0,,,,,,,,,,,,,,,,,1.546875,0.0225986334549854,1.6875,0.0246530546781659,0.023203125,0.0338979501824781,0.0590625,0.0862856913735806,0.2024492665560587,0,,,0.3230064822056855,Information
615947,11217.0,16158.47186,COL,Colombia,Guaviare,4.01778859,0.0,0.58,0.58,11217.0,11217.0,1.0,14.0,41.0,15.0,3.0,3.0,1.0,4.1,1.5,0.3,20.6,0.0,0.0,0.0,0.0,0.0,0.0,0.0,0.0,0.0,0.0,0.0,20.6,20.6,80.35577180000001,0.0,,,,,,,,,,,,,,,,,10.6875,0.0661417743580755,13.921875,0.0861583639664404,0.1603125,0.0992126615371132,0.487265625,0.3015542738825414,1.0483450604196547,4604,,,0.5189456278709348,Advisory
615949,11219.0,2142.651179,COL,Colombia,Guaviare,3.032763025,0.0,0.58,0.58,11219.0,11219.0,1.0,15.0,64.0,27.0,3.0,3.0,1.0,6.4,2.7,0.3,26.800000000000004,0.0,0.0,0.0,0.0,0.0,0.0,0.0,0.0,0.0,0.0,0.0,26.800000000000004,26.800000000000004,60.6552605,0.0,,,,,,,,,,,,,,,,,,,,,,,,,,30085,,,0.3505039015109389,Advisory
615970,11222.0,26696.59883,COL,Colombia,Meta,4.01964589,0.0,0.58,0.58,11222.0,11222.0,1.0,15.0,35.0,11.0,-9999.0,3.0,1.0,3.5,1.1,-999.9,-1982.6,0.0,0.0,0.0,0.0,0.0,0.0,0.0,0.0,0.0,0.0,0.0,-1982.6,5.484894575027796,80.39291779999999,0.0,,,,,,,,,,,,,,,,,38.953125,0.1459104406723169,97.3125,0.3645127254340914,0.584296875,0.2188656610084753,3.4059375,1.27579453901932,5.484894575027796,156670,,,0.1013506760181996,Information
615980,11223.0,11664.29402,COL,Colombia,Meta,2.007335742,0.0,0.58,0.58,11223.0,11223.0,1.0,15.0,78.0,13.0,2.0,3.0,1.0,7.8,1.3,0.2,26.6,0.0,0.0,0.0,0.0,0.0,0.0,0.0,0.0,0.0,0.0,0.0,26.6,26.6,40.14671484,0.0,,,,,,,,,,,,,,,,,0.0,0.0,24.046875,0.2061579977252007,0.0,0.0,0.841640625,0.7215529920382024,1.5631936170382024,225564,,,0.2086871124076602,Information
615990,11224.0,24400.39094,COL,Colombia,Meta,2.442012588,0.0,0.58,0.58,11224.0,11224.0,1.0,12.0,62.0,17.0,2.0,3.0,1.0,6.2,1.7,0.2,20.1,0.0,0.0,0.0,0.0,0.0,0.0,0.0,0.0,0.0,0.0,0.0,20.1,20.1,48.84025176,0.0,,,,,,,,,,,,,,,,,0.421875,0.0017289682000541,24.890625,0.1020091238031951,0.006328125,0.0025934523000811,0.871171875,0.3570319333111829,1.237125385611264,94696,,,0.1750917962783026,Information
616224,11237.0,6604.559181,COL,Colombia,Bolívar,0.007658777,0.0,0.58,0.58,11237.0,,,,,,,,,,,,,,,,,,,,,,,,,1.027051417977176,0.15317554,0.0,,13.75,0.208,6.625,0.1,0.0,0.0,0.0,0.0,0.06625,0.1,0.0,0.0,0.0,0.0,0.16625,0.0,0.0,11.671875,0.1767245122791932,0.0,0.0,0.408515625,0.6185357929771762,1.027051417977176,19781,,,2.359074270412118e-06,Information
616226,11239.0,4853.001106,COL,Colombia,Bolívar,1.965688404,0.0,0.58,0.58,11239.0,,,,,,,,,,,,,,,,,,,,,,,,,0.5874880132140561,39.31376808,0.0,,12.0,0.247,7.5,0.155,0.062,0.001,0.0,0.0,0.075,0.155,0.0009299999999999,0.0015,0.0,0.0,0.2324299999999999,0.0,0.0,5.484375,0.1130099680611589,0.0,0.0,0.191953125,0.3955348882140561,0.5874880132140561,69387,,,1.7622516122231249e-06,Information
622889,11657.0,20439.96444,COL,Colombia,Guainía,4.039920414,0.0,0.58,0.58,11657.0,,,,,,,,,,,,,,,,,,,,,,,,,4.983245112218415,80.79840828,0.0,,18.375,0.09,13.312,0.065,0.375,0.002,0.0,0.0,0.13312,0.065,0.005625,0.003,0.0,0.0,0.2067449999999999,21.9375,0.1073265076722306,86.203125,0.4217381359171627,0.3290625,0.1609897615083459,3.017109375,1.4760834757100694,4.983245112218415,13198,,,0.088682637572579,Information
622897,11664.0,3287.444845,COL,Colombia,Vaupms,4.031717262,0.0,0.58,0.58,11664.0,,,,,,,,,,,,,,,,,,,,,,,,,7.420316183952358,80.63434524,0.0,,3.438,0.105,3.438,0.105,0.0,0.0,0.0,0.0,0.03438,0.105,0.0,0.0,0.0,0.0,0.13938,26.578125,0.8084736399019499,41.0625,1.249070385456981,0.398671875,1.2127104598529248,1.4371875,4.371746349099433,7.420316183952358,2735,,,0.1687089911871978,Information
622899,11666.0,25346.25868,COL,Colombia,Vaupms,4.013360856,0.0,0.58,0.58,11666.0,11666.0,1.0,11.0,58.0,23.0,3.0,3.0,1.0,5.8,2.3,0.3,30.91428571428571,0.0,0.0,0.0,0.0,0.0,0.0,0.0,0.0,0.0,0.0,0.0,30.91428571428571,30.91428571428571,80.26721712,0.0,,17.438,0.069,12.5,0.049,0.0,0.0,0.0,0.0,0.125,0.049,0.0,0.0,0.0,0.0,0.174,55.40625,0.2185973507660353,101.109375,0.3989124243674605,0.83109375,0.3278960261490529,3.538828125,1.3961934852861118,6.094011386435165,101793,,,0.6732614622592218,Watch
622944,11689.0,57557.84223,COL,Colombia,Vaupms,3.419315575,0.0,0.58,0.58,11689.0,11689.0,2.0,11.0,76.0,41.0,13.0,7.0,1.0,7.6,4.1,1.3,36.78666666666666,0.0,0.0,0.0,0.0,0.0,0.0,0.0,0.0,0.0,0.0,0.0,36.78666666666666,36.78666666666666,68.3863115,0.0,,40.062,0.07,26.375,0.046,6.062,0.011,0.625,0.001,0.26375,0.046,0.09093,0.0165,0.015625,0.0025,0.435305,97.3125,0.1690690551226905,315.140625,0.5475198735981931,1.4596875,0.2536035826840357,11.029921875,1.916319557593676,14.65953251527771,35018,,,0.5602271920558742,Advisory
622945,11690.0,43925.24195,COL,Colombia,Amazonas,4.033967665,0.0,0.58,0.58,11690.0,11690.0,1.0,6.0,62.0,19.0,3.0,3.0,5.0,6.2,1.9,0.3,32.8,0.0,0.0,0.0,0.0,0.0,0.0,0.0,0.0,0.0,0.0,0.0,32.8,32.8,80.67935329999999,0.0,,35.938,0.082,29.938,0.068,3.438,0.008,0.438,0.001,0.29938,0.068,0.05157,0.012,0.01095,0.0025,0.4444,152.15625,0.3463982057996772,430.171875,0.9793272749918784,2.28234375,0.5195973086995158,15.056015625,3.4276454624715744,21.28560214617109,7059,,,0.7016854436211512,Watch
622946,11691.0,36896.95502,COL,Colombia,Caquetá,1.905382154,0.0,0.58,0.58,11691.0,11691.0,1.0,10.0,52.0,15.0,3.0,3.0,1.0,5.2,1.5,0.3,32.36470588235294,0.0,0.0,0.0,0.0,0.0,0.0,0.0,0.0,0.0,0.0,0.0,32.36470588235294,32.36470588235294,38.10764308,0.0,,,,,,,,,,,,,,,,,13.21875,0.0358261270964335,107.71875,0.2919448229347673,0.19828125,0.0537391906446502,3.77015625,1.0218068802716855,5.043983570916335,6083,,,0.2583863514869532,Information
622947,11692.0,14277.08775,COL,Colombia,Caquetá,4.028701558,0.0,0.58,0.58,11692.0,11692.0,1.0,11.0,62.0,13.0,3.0,3.0,1.0,6.2,1.3,0.3,23.6,0.0,0.0,0.0,0.0,0.0,0.0,0.0,0.0,0.0,0.0,0.0,23.6,23.6,80.57403116,0.0,,,,,,,,,,,,,,,,,16.03125,0.1122865550729279,80.859375,0.566357624271347,0.24046875,0.1684298326093918,2.830078125,1.9822516849497145,5.221228392559106,21233,,,0.5771610179041315,Advisory
622948,11693.0,33816.93575,COL,Colombia,Caquetá,1.738028977,0.0,0.58,0.58,11693.0,11693.0,1.0,5.0,31.0,17.0,2.0,3.0,6.0,3.1,1.7,0.2,27.85,0.0,0.0,0.0,0.0,0.0,0.0,0.0,0.0,0.0,0.0,0.0,27.85,27.85,34.760579539999995,0.0,,,,,,,,,,,,,,,,,26.4375,0.0781782837961541,76.359375,0.2258021707516579,0.3965625,0.1172674256942311,2.672578125,0.7903075976308026,3.9767156483250337,544910,,,0.1973205427371719,Information
622949,11694.0,21323.35298,COL,Colombia,Caquetá,3.93023082,0.0,0.58,0.58,11694.0,11694.0,2.0,12.0,64.0,31.0,9.0,7.0,1.0,6.4,3.1,0.9,33.733333333333334,0.0,0.0,0.0,0.0,0.0,0.0,0.0,0.0,0.0,0.0,0.0,33.733333333333334,33.733333333333334,78.6046164,0.0,,,,,,,,,,,,,,,,,0.5625,0.0026379528615087,52.875,0.2479675689818211,0.0084375,0.003956929292263,1.850625,0.8678864914363739,2.730905920728637,233922,,,0.6755573471189865,Watch
622974,11716.0,121389.0856,COL,Colombia,Amazonas,3.183992282,0.0,0.58,0.58,11716.0,11716.0,1.0,12.0,66.0,15.0,3.0,3.0,1.0,6.6,1.5,0.3,42.90909090909091,0.0,0.0,0.0,0.0,0.0,0.0,0.0,0.0,0.0,0.0,0.0,42.90909090909091,44.44993091693668,63.67984564,0.0,,258.062,0.213,181.312,0.149,63.75,0.053,1.125,0.001,1.81312,0.149,0.95625,0.0795,0.028125,0.0025,3.0284950000000004,369.421875,0.3043287403315896,1197.28125,0.9863170518397998,5.541328125,0.4564931104973844,35.0,3.4521096814393,44.44993091693668,530782,,,0.5800379651691547,Advisory
642180,12311.0,27705.76892,COL,Colombia,Córdoba,0.708703182,0.0,0.58,0.58,12311.0,,,,,,,,,,,,,,,,,,,,,,,,,12.831177845125117,14.17406364,0.0,,1236.625,4.463,691.812,2.497,12.75,0.046,0.0,0.0,6.91812,2.497,0.19125,0.069,0.0,0.0,9.67537,3.796875,0.0137042758510519,267.75,0.966405230385296,0.056953125,0.0205564137765778,9.37125,3.382418306348536,12.831177845125117,291475,,,0.0286874864742759,Information
642184,12315.0,13197.0955,COL,Colombia,Córdoba,0.800892268,0.0,0.58,0.58,12315.0,,,,,,,,,,,,,,,,,,,,,,,,,4.8603000000000005,16.01784536,0.0,,368.688,2.794,274.562,2.08,1.312,0.01,0.0,0.0,2.74562,2.08,0.01968,0.015,0.0,0.0,4.8603000000000005,0.0,0.0,3.375,0.025573809024097,0.0,0.0,0.118125,0.0895083315843395,0.2076333315843395,120902,,,0.0021893716074639,Information
642185,12316.0,2069.320414,COL,Colombia,Córdoba,0.358318026,0.0,0.58,0.58,12316.0,,,,,,,,,,,,,,,,,,,,,,,,,9.44718,7.1663605200000005,0.0,,277.188,13.395,153.25,7.406,5.812,0.281,0.0,0.0,1.5325,7.406,0.08718,0.4215,0.0,0.0,9.44718,,,,,,,,,,30789,,,0.0111536939133258,Information
642186,12317.0,4638.814636,COL,Colombia,Córdoba,0.198191909,0.0,0.58,0.58,12317.0,,,,,,,,,,,,,,,,,,,,,,,,,7.8663,3.96383818,0.0,,489.938,10.562,242.812,5.234,4.312,0.093,0.0,0.0,2.4281200000000003,5.234,0.06468,0.1395,0.0,0.0,7.8663,0.0,0.0,22.78125,0.491100675185213,0.0,0.0,0.79734375,1.7188523631482455,2.5161961131482453,47346,,,0.0061723073613064,Information
642187,12318.0,5317.576934,COL,Colombia,Córdoba,0.507867196,0.0,0.58,0.58,12318.0,,,,,,,,,,,,,,,,,,,,,,,,,3.942245,10.15734392,0.0,,261.375,4.915,126.562,2.38,6.875,0.129,0.0,0.0,1.26562,2.38,0.103125,0.1935,0.0,0.0,3.942245,4.359375,0.0819804782112788,8.71875,0.1639609564225577,0.065390625,0.1229707173169182,0.30515625,0.573863347478952,1.0673809397958702,233608,,,0.0008850756901742,Information
644012,12573.0,10508.30681,COL,Colombia,Córdoba,1.068013091,0.0,0.58,0.58,12573.0,,,,,,,,,,,,,,,,,,,,,,,,,4.317175,21.36026182,0.0,,344.375,3.277,214.0,2.036,0.125,0.001,2.812,0.027,2.14,2.036,0.001875,0.0015,0.0702999999999999,0.0675,4.317175,0.703125,0.0066911350456224,8.15625,0.0776171665292207,0.010546875,0.0100367025684336,0.28546875,0.2716600828522724,0.5777124104207061,108572,,,0.0018523105918401,Information
644013,12574.0,14765.59648,COL,Colombia,Córdoba,0.489089257,0.0,0.58,0.58,12574.0,,,,,,,,,,,,,,,,,,,,,,,,,2.7383726711356178,9.78178514,0.0,,133.75,0.906,98.375,0.666,5.125,0.035,7.312,0.05,0.98375,0.666,0.076875,0.0525,0.1828,0.125,2.086925,6.46875,0.0438096084170873,43.875,0.2971434310028534,0.09703125,0.0657144126256309,1.535625,1.0400020085099868,2.7383726711356178,1752626,,,0.0002371485601748,Information
644014,12575.0,24085.76543,COL,Colombia,Córdoba,0.416577288,0.0,0.58,0.58,12575.0,,,,,,,,,,,,,,,,,,,,,,,,,15.038198761542397,8.33154576,0.0,,486.438,2.02,310.75,1.29,45.812,0.19,38.625,0.16,3.1075,1.29,0.6871799999999999,0.285,0.965625,0.4,6.735305,26.578125,0.1103478528824869,292.21875,1.2132425306339043,0.398671875,0.1655217793237303,10.22765625,4.246348857218665,15.038198761542397,441419,,,0.0353355758425423,Information
644022,12583.0,40086.68705,COL,Colombia,Córdoba,1.063347311,0.0,0.58,0.58,12583.0,,,,,,,,,,,,,,,,,,,,,,,,,7.528090363833813,21.26694622,0.0,,8.75,0.022,8.75,0.022,0.875,0.002,0.688,0.002,0.0875,0.022,0.013125,0.003,0.0171999999999999,0.005,0.1478249999999999,27.28125,0.0680556364415356,160.453125,0.4002653669061455,0.40921875,0.1020834546623034,5.615859375,1.4009287841715092,7.528090363833813,307327,,,0.0094519240277417,Information
651051,12596.0,12739.37094,COL,Colombia,Córdoba,0.205269485,0.0,0.58,0.58,12596.0,,,,,,,,,,,,,,,,,,,,,,,,,3.21844,4.1053897,0.0,,312.5,2.453,168.062,1.319,8.188,0.064,0.0,0.0,1.6806200000000002,1.319,0.12282,0.096,0.0,0.0,3.21844,14.484375,0.1136977254957824,30.65625,0.2406417879425297,0.217265625,0.1705465882436736,1.07296875,0.8422462577988539,2.303027221042528,130419,,,0.0003439547875205,Information
651052,12597.0,10575.21321,COL,Colombia,Córdoba,0.619123518,0.0,0.58,0.58,12597.0,,,,,,,,,,,,,,,,,,,,,,,,,5.094451408359693,12.38247036,0.0,,137.125,1.297,86.0,0.813,0.0,0.0,0.0,0.0,0.86,0.813,0.0,0.0,0.0,0.0,1.673,18.703125,0.1768581363114066,66.796875,0.6316362011121666,0.280546875,0.2652872044671099,2.337890625,2.210726703892583,5.094451408359693,12545,,,0.0022217628434748,Information
651054,12599.0,573.7591506,COL,Colombia,Córdoba,3.209485222,0.0,0.58,0.58,12599.0,,,,,,,,,,,,,,,,,,,,,,,,,5.079469953433457,64.18970444,0.0,,121.375,21.154,5.438,0.948,0.0,0.0,0.0,0.0,0.05438,0.948,0.0,0.0,0.0,0.0,1.00238,0.0,0.0,7.875,1.3725271295524164,0.0,0.0,0.275625,4.803844953433457,5.079469953433457,1494,,,0.0254081078482786,Information
613017,11086.0,10009.1712,VEN,Venezuela,Zulia,0.871947015,1.48582076,0.54,0.64,11086.0,,,,,,,,,,,,,,,,,,,,,,,,,23.181249872871497,17.438940300000002,29.7164152,,0.0,0.0,0.0,0.0,0.0,0.0,2.438,0.024,0.0,0.0,0.0,0.0,0.06095,0.06,0.12095,102.375,1.0228119582161592,287.4375,2.871741267299216,1.535625,1.5342179373242388,10.0603125,10.051094435547256,23.181249872871497,2897696,,,0.1336731396560683,Information
613072,11101.0,4290.773056,VEN,Venezuela,Anzoátegui,4.027876131,0.0,0.54,0.64,11101.0,,,,,,,,,,,,,,,,,,,,,,,,,0.1639271005853159,80.55752262,0.0,,5.875,0.137,2.75,0.064,0.375,0.009,0.125,0.003,0.0275,0.064,0.005625,0.0134999999999999,0.003125,0.0075,0.12125,0.0,0.0,1.40625,0.0327738144529474,0.0,0.0,0.04921875,0.1147083505853159,0.1639271005853159,401427,,,8.949992014856621e-07,Information
613076,11105.0,8525.162158,VEN,Venezuela,Monagas,2.061347506,0.0,0.54,0.64,11105.0,,,,,,,,,,,,,,,,,,,,,,,,,10.903018547147855,41.226950120000005,0.0,,12.438,0.146,5.312,0.062,0.375,0.004,0.0,0.0,0.05312,0.062,0.005625,0.006,0.0,0.0,0.126745,20.8125,0.244130253637299,134.4375,1.5769494761976883,0.3121875,0.3661953804559485,4.7053125,5.519323166691909,10.903018547147855,559307,,,0.0460286642237325,Information
613080,11109.0,21673.18789,VEN,Venezuela,Monagas,1.344850301,0.0,0.54,0.64,11109.0,,,,,,,,,,,,,,,,,,,,,,,,,4.523260073869101,26.89700602,0.0,,103.312,0.477,83.062,0.383,0.625,0.003,0.5,0.002,0.83062,0.383,0.009375,0.0045,0.0125,0.005,1.244995,6.1875,0.0285490996139211,85.78125,0.3957943355566339,0.0928125,0.0428236494208816,3.00234375,1.3852801744482186,4.523260073869101,417880,,,0.0026959603124776,Information
613090,11110.0,18975.64106,VEN,Venezuela,Delta Amacuro,4.045917746,1.375827926,0.54,0.64,11110.0,,,,,,,,,,,,,,,,,,,,,,,,,32.72640850553409,80.91835492,27.51655852,3.0,21.25,0.112,16.125,0.085,1.062,0.006,0.25,0.001,0.16125,0.085,0.01593,0.009,0.00625,0.0025,0.27993,149.765625,0.7892519917501922,548.15625,2.888736397973944,2.246484375,1.1838779876252885,19.18546875,10.110577392908803,32.72640850553409,192975,473.0,0.245109470138619,0.7052136921280306,Watch
615100,11111.0,15714.24724,VEN,Venezuela,Delta Amacuro,1.499082471,0.0,0.54,0.64,11111.0,,,,,,,,,,,,,,,,,,,,,,,,,11.319300551438731,29.98164942,0.0,,52.562,0.334,24.875,0.158,0.125,0.001,0.0,0.0,0.24875,0.158,0.001875,0.0015,0.0,0.0,0.410125,45.421875,0.2890490032251902,178.171875,1.133823799028842,0.681328125,0.4335735048377853,6.236015625,3.968383296600947,11.319300551438731,301807,,,0.0342086763752062,Information
615310,11121.0,14273.06578,VEN,Venezuela,Anzoátegui,0.514218433,0.0,0.54,0.64,11121.0,,,,,,,,,,,,,,,,,,,,,,,,,5.163242742486361,10.28436866,0.0,,7.375,0.052,6.312,0.044,0.0,0.0,0.0,0.0,0.06312,0.044,0.0,0.0,0.0,0.0,0.10712,0.28125,0.0019704946664996,86.625,0.606912357281889,0.00421875,0.0029557419997494,3.031875,2.1241932504866115,5.163242742486361,605928,,,0.0021512981473869,Information
615410,11139.0,3187.675824,VEN,Venezuela,Apure,4.044725054,0.0,0.54,0.64,11139.0,,,,,,,,,,,,,,,,,,,,,,,,,4.956741202951044,80.89450108,0.0,,3.812,0.12,3.812,0.12,0.188,0.006,0.0,0.0,0.03812,0.12,0.00282,0.009,0.0,0.0,0.1699399999999999,3.09375,0.0970534700292523,32.90625,1.0322959994020473,0.04640625,0.1455802050438784,1.15171875,3.613035997907166,4.956741202951044,192580,,,0.0886319223233705,Information
615442,11143.0,8140.500722,VEN,Venezuela,Portuguesa,3.182709055,0.0,0.54,0.64,11143.0,11143.0,3.0,15.0,94.0,82.0,39.0,10.0,1.0,9.4,8.2,3.9,36.66666666666666,0.0,0.0,0.0,0.0,0.0,0.0,0.0,0.0,0.0,0.0,0.0,36.66666666666666,36.66666666666666,63.6541811,0.0,,,,,,,,,,,,,,,,,2.390625,0.0293670510165853,110.8125,1.3612491882981923,0.035859375,0.0440505765248779,3.8784375,4.764372159043673,8.72271961056855,254534,,,0.5035062199229801,Advisory
615449,11150.0,11549.80309,VEN,Venezuela,Portuguesa,0.823882434,0.0,0.54,0.64,11150.0,11150.0,1.0,15.0,60.0,11.0,3.0,3.0,1.0,6.0,1.1,0.3,22.8,0.0,0.0,0.0,0.0,0.0,0.0,0.0,0.0,0.0,0.0,0.0,22.8,22.8,16.47764868,0.0,,,,,,,,,,,,,,,,,0.0,0.0,31.359375,0.2715143692506276,0.0,0.0,1.097578125,0.9503002923771966,2.0478784173771967,373015,,,0.0970829037213386,Information
615480,11154.0,14076.13935,VEN,Venezuela,Barinas,2.282206954,0.0,0.54,0.64,11154.0,11154.0,1.0,15.0,54.0,3.0,2.0,3.0,1.0,5.4,0.3,0.2,19.8,0.0,0.0,0.0,0.0,0.0,0.0,0.0,0.0,0.0,0.0,0.0,19.8,19.8,45.64413908,0.0,,,,,,,,,,,,,,,,,0.0,0.0,55.125,0.3916201639729049,0.0,0.0,1.929375,1.370670573905167,3.300045573905167,220986,,,0.1562786673197931,Information
615501,11156.0,413.8099768,VEN,Venezuela,Apure,3.340903696,0.0,0.54,0.64,11156.0,,,,,,,,,,,,,,,,,,,,,,,,,23.2330355762484,66.81807391999999,0.0,,2.125,0.514,1.438,0.347,0.0,0.0,0.0,0.0,0.0143799999999999,0.347,0.0,0.0,0.0,0.0,0.36138,5.765625,1.3933025597885518,23.90625,5.77710817473302,0.086484375,2.089953839682828,0.83671875,20.21987861156557,23.2330355762484,0,,,0.3607592382401567,Advisory
615825,11196.0,2867.292864,VEN,Venezuela,Amazonas,4.052882885,0.0,0.54,0.64,11196.0,,,,,,,,,,,,,,,,,,,,,,,,,4.473879999999999,81.0576577,0.0,,147.875,5.157,99.688,3.477,0.0,0.0,0.0,0.0,0.99688,3.477,0.0,0.0,0.0,0.0,4.473879999999999,2.109375,0.0735667788392957,17.15625,0.5983431345596057,0.031640625,0.1103501682589435,0.60046875,2.09420097095862,2.836660514217564,1330,,,0.0744899964342633,Information
615826,11197.0,4210.870767,VEN,Venezuela,Amazonas,4.131816588,0.0,0.54,0.64,11197.0,,,,,,,,,,,,,,,,,,,,,,,,,0.3488178103616444,82.63633176,0.0,,5.938,0.141,5.938,0.141,0.0,0.0,0.0,0.0,0.0593799999999999,0.141,0.0,0.0,0.0,0.0,0.2003799999999999,0.0,0.0,2.953125,0.0701309815318984,0.0,0.0,0.103359375,0.2454584353616443,0.3488178103616444,305,,,4.661152518058979e-05,Information
615890,11207.0,17336.10589,VEN,Venezuela,Amazonas,2.461064977,0.0,0.54,0.64,11207.0,,,,,,,,,,,,,,,,,,,,,,,,,1.840457210895031,49.22129954,0.0,,158.0,0.911,66.062,0.381,0.0,0.0,0.0,0.0,0.66062,0.381,0.0,0.0,0.0,0.0,1.04162,4.640625,0.0267685547705253,31.359375,0.1808905367826408,0.069609375,0.0401528321557879,1.097578125,0.6331168787392428,1.840457210895031,140,,,0.000454194797319,Information
616101,11225.0,29.64721634,VEN,Venezuela,Delta Amacuro,0.0,4.042171099,0.54,0.64,11225.0,,,,,,,,,,,,,,,,,,,,,,,,,19.980831656012032,0.0,80.84342198,,0.25,0.843,0.125,0.422,0.0,0.0,0.0,0.0,0.00125,0.422,0.0,0.0,0.0,0.0,0.4232499999999999,0.984375,3.3202948593353385,1.265625,4.26895053343115,0.014765625,4.980442289003008,0.044296875,14.941326867009025,19.980831656012032,0,,,0.5168013676269327,Advisory
616102,11226.0,6921.030968,VEN,Venezuela,Delta Amacuro,4.035224175,0.0,0.54,0.64,11226.0,,,,,,,,,,,,,,,,,,,,,,,,,1.0314301399149377,80.7044835,0.0,,130.625,1.887,30.125,0.435,0.0,0.0,0.0,0.0,0.30125,0.435,0.0,0.0,0.0,0.0,0.7362500000000001,4.5,0.06501921492426,10.125,0.1462932335795851,0.0675,0.0975288223863899,0.354375,0.5120263175285479,1.0314301399149377,87518,,,0.0017006745425114,Information
622886,11654.0,42574.62808,VEN,Venezuela,Amazonas,4.029441604,0.0,0.54,0.64,11654.0,,,,,,,,,,,,,,,,,,,,,,,,,14.832761956576237,80.58883207999999,0.0,,535.312,1.257,359.75,0.845,0.125,0.0,0.062,0.0,3.5975,0.845,0.001875,0.0,0.00155,0.0,4.445925,23.765625,0.0558210983183731,333.0,0.782155981171051,0.356484375,0.0837316474775596,11.655,2.7375459340986783,14.832761956576237,3276,,,0.3939609219410128,Advisory
622887,11655.0,3609.250021,VEN,Venezuela,Amazonas,1.244288123,0.0,0.54,0.64,11655.0,,,,,,,,,,,,,,,,,,,,,,,,,6.439872658107811,24.88576246,0.0,,22.0,0.61,13.688,0.379,0.812,0.023,0.125,0.003,0.13688,0.379,0.01218,0.0345,0.003125,0.0075,0.573185,2.953125,0.0818210149816912,47.53125,1.3169287173243642,0.044296875,0.1227315224725368,1.66359375,4.609250510635275,6.439872658107811,2290,,,0.0070148636422615,Information
622888,11656.0,4915.339557,VEN,Venezuela,Amazonas,4.116309018,0.0,0.54,0.64,11656.0,,,,,,,,,,,,,,,,,,,,,,,,,8.557852991445355,82.32618036,0.0,,16.312,0.332,12.188,0.248,0.188,0.004,0.0,0.0,0.12188,0.248,0.00282,0.006,0.0,0.0,0.3787,0.0,0.0,80.578125,1.6393196046986729,0.0,0.0,2.820234375,5.737618616445355,8.557852991445355,0,,,0.2341539101060883,Information
616103,16253.0,5303.652752,VEN,Venezuela,Delta Amacuro,3.537468773,4.002063055,0.54,0.64,16253.0,,,,,,,,,,,,,,,,,,,,,,,,,4.857096220165476,70.74937546,80.0412611,,36.25,0.683,15.0,0.283,0.25,0.005,0.0,0.0,0.15,0.283,0.00375,0.0075,0.0,0.0,0.4442499999999999,26.578125,0.5011286794998121,36.703125,0.6920348431187882,0.398671875,0.7516930192497182,1.284609375,2.4221219509157583,4.857096220165476,22801,,,0.0787945959343663,Information
616104,11227.0,8265.677296,GUY,Guyana,Barima-Waini,4.056851691,0.0,0.6,0.56,11227.0,,,,,,,,,,,,,,,,,,,,,,,,,1.3906342130621363,81.13703382,0.0,,250.312,3.028,41.75,0.505,0.0,0.0,0.0,0.0,0.4175,0.505,0.0,0.0,0.0,0.0,0.9225,3.234375,0.0391301872076628,16.59375,0.2007548735001835,0.048515625,0.0586952808114942,0.58078125,0.7026420572506422,1.3906342130621363,17656,,,0.004561094452949,Information
616106,11229.0,9421.153788,GUY,Guyana,Barima-Waini,4.102213693,0.0,0.6,0.56,11229.0,,,,,,,,,,,,,,,,,,,,,,,,,0.8174902429637064,82.04427386,0.0,,98.625,1.047,20.5,0.218,0.188,0.002,0.0,0.0,0.205,0.218,0.00282,0.003,0.0,0.0,0.42882,1.828125,0.0194044704203127,10.546875,0.1119488678094964,0.027421875,0.029106705630469,0.369140625,0.3918210373332373,0.8174902429637064,2313,,,0.001002720381218,Information
616107,11230.0,1536.221993,GUY,Guyana,Barima-Waini,4.199897735,4.00656773,0.6,0.56,11230.0,,,,,,,,,,,,,,,,,,,,,,,,,29.959288669882536,83.99795470000001,80.13135460000001,3.0,8.375,0.545,7.625,0.496,0.0,0.0,0.0,0.0,0.07625,0.496,0.0,0.0,0.0,0.0,0.57225,54.0,3.515116971883995,90.84375,5.913451989159013,0.81,5.272675457825993,3.17953125,20.697081962056544,29.959288669882536,8595,5046.0,58.70855148342059,0.7347106516839664,Watch
616108,11231.0,3841.922619,GUY,Guyana,Pomeroon-Supenaam,4.130982376,2.897132932,0.6,0.56,11231.0,,,,,,,,,,,,,,,,,,,,,,,,,2.5256635797841085,82.61964752,57.94265864,,65.625,1.708,26.438,0.688,2.812,0.073,0.0,0.0,0.26438,0.688,0.04218,0.1094999999999999,0.0,0.0,1.10406,0.140625,0.0036602767397875,19.96875,0.5197592970498364,0.002109375,0.0054904151096812,0.69890625,1.8191575396744275,2.5256635797841085,11154,,,0.0268755772558149,Information
616109,11232.0,3059.41619,GUY,Guyana,Pomeroon-Supenaam,4.057795904,4.141553255,0.6,0.56,11232.0,,,,,,,,,,,,,,,,,,,,,,,,,23.452608225340835,81.15591807999999,82.83106509999999,3.0,57.125,1.867,30.375,0.993,1.062,0.035,0.188,0.006,0.30375,0.993,0.01593,0.0525,0.0046999999999999,0.015,1.38488,47.671875,1.5582016975020585,136.546875,4.463167694025071,0.715078125,2.337302546253088,4.779140625,15.621086929087747,23.452608225340835,44267,7710.0,17.41703752230781,0.6224341665419808,Watch
616222,11235.0,31775.36778,GUY,Guyana,Cuyuni-Mazaruni,3.566115784,0.0,0.6,0.56,11235.0,11235.0,1.0,9.0,31.0,13.0,2.0,3.0,2.0,3.1,1.3,0.2,19.2,0.0,0.0,0.0,0.0,0.0,0.0,0.0,0.0,0.0,0.0,0.0,19.2,19.2,71.32231568,0.0,,797.812,2.511,231.188,0.728,4.125,0.013,0.75,0.002,2.31188,0.728,0.061875,0.0195,0.01875,0.005,3.145005,31.21875,0.0982482727383187,182.671875,0.5748851634552974,0.46828125,0.147372409107478,6.393515625,2.012098072093541,9.02126735620102,7231,,,0.3441331306842779,Information
616223,11236.0,12380.22039,GUY,Guyana,Cuyuni-Mazaruni,4.051117356,0.0,0.6,0.56,11236.0,11236.0,0.0,15.0,13.0,5.0,2.0,0.0,1.0,1.3,0.5,0.2,6.0,0.0,0.0,0.0,0.0,0.0,0.0,0.0,0.0,0.0,0.0,0.0,6.0,6.0,81.02234711999999,0.0,,210.812,1.703,58.25,0.471,1.438,0.012,0.0,0.0,0.5825,0.471,0.02157,0.018,0.0,0.0,1.0930700000000002,12.65625,0.1022296017784135,68.90625,0.5565833874602515,0.18984375,0.1533444026676202,2.41171875,1.9480418561108803,4.702948758778501,1648,,,0.1247627521172489,Information
616225,11238.0,8524.16165,GUY,Guyana,Cuyuni-Mazaruni,4.087222703,0.0,0.6,0.56,11238.0,,,,,,,,,,,,,,,,,,,,,,,,,3.9681800980649946,81.74445406000001,0.0,,28.938,0.339,14.688,0.172,0.125,0.001,0.062,0.001,0.14688,0.172,0.001875,0.0015,0.00155,0.0025,0.326305,0.0,0.0,52.171875,0.6120469923042843,0.0,0.0,1.826015625,2.142164473064995,3.9681800980649946,24910,,,0.0634848437949005,Information
616230,11243.0,4031.623018,GUY,Guyana,Cuyuni-Mazaruni,4.193011241,0.0,0.6,0.56,11243.0,11243.0,1.0,15.0,100.0,19.0,3.0,3.0,1.0,10.0,1.9,0.3,32.4,0.0,0.0,0.0,0.0,0.0,0.0,0.0,0.0,0.0,0.0,0.0,32.4,32.4,83.86022482,0.0,,8.438,0.209,6.438,0.16,0.0,0.0,0.0,0.0,0.0643799999999999,0.16,0.0,0.0,0.0,0.0,0.22438,7.03125,0.1744024669037445,53.859375,1.3359228964826828,0.10546875,0.2616037003556167,1.885078125,4.67573013768939,6.927880713045007,1464,,,0.7570584517720633,Watch
616250,11245.0,2835.70507,GUY,Guyana,Potaro-Siparuni,0.981360685,0.0,0.6,0.56,11245.0,,,,,,,,,,,,,,,,,,,,,,,,,2.8962270274742425,19.6272137,0.0,,78.312,2.762,35.312,1.245,0.188,0.007,0.0,0.0,0.35312,1.245,0.00282,0.0105,0.0,0.0,1.6114400000000002,0.984375,0.0347135888842191,17.859375,0.6298036840422611,0.014765625,0.0520703833263286,0.625078125,2.2043128941479138,2.8962270274742425,2629,,,0.0004448489232864,Information
616260,11246.0,6777.383465,GUY,Guyana,Potaro-Siparuni,1.890834103,0.0,0.6,0.56,11246.0,,,,,,,,,,,,,,,,,,,,,,,,,2.9990243323437733,37.81668206,0.0,,74.938,1.106,9.0,0.133,0.0,0.0,0.0,0.0,0.09,0.133,0.0,0.0,0.0,0.0,0.223,2.671875,0.0394234001039253,33.46875,0.4938299591965387,0.040078125,0.0591351001558879,1.17140625,1.7284048571878854,2.9990243323437733,965,,,0.0012155020920481,Information
616270,11247.0,2835.601443,GUY,Guyana,Potaro-Siparuni,4.103745497,0.0,0.6,0.56,11247.0,,,,,,,,,,,,,,,,,,,,,,,,,6.766542824230768,82.07490994,0.0,,71.0,2.504,9.438,0.333,0.562,0.02,0.062,0.002,0.09438,0.333,0.00843,0.03,0.00155,0.005,0.47236,11.390625,0.4017004938971704,37.828125,1.3340423809671464,0.170859375,0.6025507408457556,1.323984375,4.669148333385013,6.766542824230768,0,,,0.1649758633864249,Information
616280,11248.0,23737.65476,GUY,Guyana,Upper Takutu-Upper Essequibo,4.102294086,0.0,0.6,0.56,11248.0,,,,,,,,,,,,,,,,,,,,,,,,,8.639221679295417,82.04588172,0.0,,253.125,1.066,52.812,0.222,1.5,0.006,0.0,0.0,0.5281199999999999,0.222,0.0225,0.009,0.0,0.0,0.7816199999999999,25.59375,0.1078192022861227,162.703125,0.6854220716760663,0.38390625,0.161728803429184,5.694609375,2.398977250866232,8.639221679295417,5607,,,0.2322347579184296,Information
616290,11249.0,22729.38307,GUY,Guyana,Upper Takutu-Upper Essequibo,0.005554512,0.0,0.6,0.56,11249.0,,,,,,,,,,,,,,,,,,,,,,,,,6.057615642132317,0.11109024,0.0,,249.438,1.097,70.312,0.309,0.375,0.002,0.0,0.0,0.70312,0.309,0.005625,0.003,0.0,0.0,1.0207449999999998,24.1875,0.1064151188189064,109.828125,0.4831988825439879,0.3628125,0.1596226782283596,3.843984375,1.6911960889039577,6.057615642132317,499,,,0.0025335061381511,Information
616301,11250.0,1241.431304,GUY,Guyana,Essequibo Islands-West Demerara,4.047360728,4.07713601,0.6,0.56,11250.0,,,,,,,,,,,,,,,,,,,,,,,,,24.12437460217479,80.94721456,81.5427202,3.0,9.5,0.765,3.75,0.302,1.812,0.146,0.562,0.045,0.0375,0.302,0.02718,0.2189999999999999,0.01405,0.1124999999999999,0.7122299999999999,35.859375,2.888550891622893,60.75,4.893545039925843,0.537890625,4.332826337434339,2.12625,17.12740763974045,24.12437460217479,71415,11266.0,15.775397325491843,0.6055594553640169,Watch
616302,11251.0,7464.09992,GUY,Guyana,Upper Demerara-Berbice,4.079395726,4.02854499,0.6,0.56,11251.0,,,,,,,,,,,,,,,,,,,,,,,,,3.2458495665109344,81.58791452000001,80.5708998,,28.625,0.384,10.875,0.146,0.188,0.003,0.0,0.0,0.10875,0.146,0.00282,0.0045,0.0,0.0,0.2620699999999999,3.234375,0.0433324183018261,38.25,0.5124529468737701,0.048515625,0.0649986274527391,1.33875,1.7935853140581952,3.2458495665109344,92767,,,0.0413146261426998,Information
616303,11252.0,298.3295262,GUY,Guyana,Demerara-Mahaica,3.281240186,4.001528444,0.6,0.56,11252.0,,,,,,,,,,,,,,,,,,,,,,,,,39.37920130594987,65.62480371999999,80.03056888,3.0,0.0,0.0,0.0,0.0,0.0,0.0,0.188,0.063,0.0,0.0,0.0,0.0,0.0046999999999999,0.1575,0.1622,6.328125,2.121186287299913,31.5,10.55879396344846,0.094921875,3.1817794309498693,1.1025,35.0,39.37920130594987,267165,8517.0,3.1879175790241985,0.7514421986769244,Watch
616304,11253.0,2257.700874,GUY,Guyana,Demerara-Mahaica,4.037596665,0.0,0.6,0.56,11253.0,,,,,,,,,,,,,,,,,,,,,,,,,38.53731748994512,80.75193329999999,0.0,3.0,38.125,1.689,6.625,0.293,1.062,0.047,0.0,0.0,0.06625,0.293,0.01593,0.0705,0.0,0.0,0.4456799999999999,21.375,0.9467596103955735,193.640625,8.576894628386217,0.320625,1.4201394155933604,6.777421875,30.01913119935176,38.53731748994512,20868,2520.0,12.07590569292697,0.7562267556465782,Watch
616305,11254.0,209.4456761,GUY,Guyana,Mahaica-Berbice,4.14265664,4.007512467,0.6,0.56,11254.0,,,,,,,,,,,,,,,,,,,,,,,,,36.2009375,82.8531328,80.15024933999999,3.0,4.0,1.91,3.312,1.582,0.0,0.0,0.0,0.0,0.03312,1.582,0.0,0.0,0.0,0.0,1.61512,0.0,0.0,34.3125,16.382529652653528,0.0,0.0,1.2009375,35.0,36.2009375,9462,1146.0,12.111604311984783,0.7725495594012897,Watch
616306,11255.0,1044.737172,GUY,Guyana,Mahaica-Berbice,4.084155637,0.0,0.6,0.56,11255.0,,,,,,,,,,,,,,,,,,,,,,,,,12.80011952611882,81.68311274000001,0.0,,5.0,0.479,1.375,0.132,0.062,0.006,0.0,0.0,0.01375,0.132,0.0009299999999999,0.009,0.0,0.0,0.15568,0.0,0.0,34.59375,3.31123950746252,0.0,0.0,1.21078125,11.58933827611882,12.80011952611882,3500,,,0.3600336212588281,Advisory
616308,11257.0,15852.62883,GUY,Guyana,Upper Demerara-Berbice,4.050170515,0.0,0.6,0.56,11257.0,,,,,,,,,,,,,,,,,,,,,,,,,8.95888132706816,81.00341029999998,0.0,,126.5,0.798,39.75,0.251,1.625,0.01,0.125,0.001,0.3975,0.251,0.024375,0.015,0.003125,0.0025,0.6935000000000001,41.0625,0.2590264392688859,139.359375,0.8790931551899521,0.6159375,0.3885396589033288,4.877578125,3.076826043164832,8.95888132706816,15702,,,0.2261415788605539,Information
616309,11258.0,2389.756564,GUY,Guyana,East Berbice-Corentyne,4.037953173,4.001489608,0.6,0.56,11258.0,,,,,,,,,,,,,,,,,,,,,,,,,51.70114159600459,80.75906346,80.02979216,3.0,10.188,0.426,7.5,0.314,1.188,0.05,0.25,0.01,0.075,0.314,0.01782,0.075,0.00625,0.025,0.51307,42.609375,1.7830006473363913,382.5,16.005814391930638,0.639140625,2.674500971004587,13.3875,35.0,51.70114159600459,98162,7213.0,7.34805729304619,0.8385313339119727,Warning
616405,11263.0,1636.174806,GUY,Guyana,East Berbice-Corentyne,3.78445952,0.0,0.6,0.56,11263.0,,,,,,,,,,,,,,,,,,,,,,,,,7.100704180505159,75.6891904,0.0,,11.688,0.714,3.562,0.218,0.062,0.004,0.0,0.0,0.03562,0.218,0.0009299999999999,0.006,0.0,0.0,0.26055,3.234375,0.197679061481153,27.140625,1.6587851680809798,0.048515625,0.2965185922217295,0.949921875,5.805748088283429,7.100704180505159,0,,,0.1092124685387825,Information
616406,11264.0,16089.98101,GUY,Guyana,East Berbice-Corentyne,3.619881947,0.0,0.6,0.56,11264.0,,,,,,,,,,,,,,,,,,,,,,,,,6.293465401875203,72.39763894000001,0.0,,466.875,2.902,115.938,0.721,0.0,0.0,0.0,0.0,1.15938,0.721,0.0,0.0,0.0,0.0,1.88038,8.71875,0.0541874474334284,107.15625,0.6659812087785887,0.13078125,0.0812811711501425,3.75046875,2.3309342307250605,6.293465401875203,883,,,0.0696517828045799,Information
616401,11259.0,2669.884879,SUR,Suriname,Nickerie,3.92003133,2.28918564,0.65,0.49,11259.0,,,,,,,,,,,,,,,,,,,,,,,,,9.96661989507717,78.4006266,45.7837128,,61.688,2.31,16.625,0.623,0.062,0.002,0.0,0.0,0.16625,0.623,0.0009299999999999,0.003,0.0,0.0,0.79318,18.28125,0.6847205340542564,52.171875,1.954087062570224,0.27421875,1.0270808010813846,1.826015625,6.839304718995784,9.96661989507717,1578,,,0.2196360986041849,Information
616403,11261.0,7554.57295,SUR,Suriname,Sipaliwini,3.214641664,0.0,0.65,0.49,11261.0,,,,,,,,,,,,,,,,,,,,,,,,,9.822722189050271,64.29283328,0.0,,74.5,0.986,40.562,0.537,0.562,0.007,0.0,0.0,0.40562,0.537,0.00843,0.0105,0.0,0.0,0.96155,30.796875,0.4076587148709281,107.578125,1.4240133190696802,0.461953125,0.6114880723063921,3.765234375,4.984046616743881,9.822722189050271,714,,,0.0984119929307999,Information
616404,11262.0,10073.60365,SUR,Suriname,Sipaliwini,4.038388299,0.0,0.65,0.49,11262.0,,,,,,,,,,,,,,,,,,,,,,,,,2.3552702076472523,80.76776598000001,0.0,,41.938,0.416,8.5,0.084,0.0,0.0,0.0,0.0,0.085,0.084,0.0,0.0,0.0,0.0,0.169,0.703125,0.0069798755660157,33.46875,0.3322420769423511,0.010546875,0.0104698133490235,1.17140625,1.1628472692982288,2.3552702076472523,0,,,0.0178673998804567,Information
616407,11265.0,8896.396862,SUR,Suriname,Sipaliwini,3.101810116,0.0,0.65,0.49,11265.0,,,,,,,,,,,,,,,,,,,,,,,,,3.293108097072171,62.03620232,0.0,,32.25,0.363,5.375,0.06,0.0,0.0,0.0,0.0,0.05375,0.06,0.0,0.0,0.0,0.0,0.1137499999999999,1.96875,0.0221297456771069,43.453125,0.4884351010161459,0.02953125,0.0331946185156603,1.520859375,1.7095228535565106,3.293108097072171,0,,,0.0072466006160718,Information
616409,11267.0,5415.827184,SUR,Suriname,Sipaliwini,1.020761559,0.0,0.65,0.49,11267.0,,,,,,,,,,,,,,,,,,,,,,,,,0.99,20.415231180000003,0.0,,49.938,0.922,14.875,0.275,13.25,0.245,0.0,0.0,0.14875,0.275,0.19875,0.3675,0.0,0.0,0.99,0.0,0.0,7.03125,0.1298278132104939,0.0,0.0,0.24609375,0.4543973462367286,0.7004910962367286,842,,,5.749592616607875e-06,Information
616501,11268.0,2643.410507,SUR,Suriname,Nickerie,3.785161097,4.067165217,0.65,0.49,11268.0,,,,,,,,,,,,,,,,,,,,,,,,,9.641838653774848,75.70322194,81.34330434,,5.875,0.222,4.625,0.175,0.25,0.009,0.062,0.002,0.04625,0.175,0.00375,0.0134999999999999,0.00155,0.005,0.24505,21.515625,0.813934307396269,48.375,1.830022233622984,0.322734375,1.2209014610944036,1.693125,6.405077817680445,9.641838653774848,824,,,0.2545969866600472,Information
616502,11269.0,10008.22943,SUR,Suriname,Sipaliwini,4.09672668,4.008012678,0.65,0.49,11269.0,,,,,,,,,,,,,,,,,,,,,,,,,16.796372863951028,81.9345336,80.16025356,,214.125,2.139,106.625,1.065,1.0,0.01,0.375,0.004,1.06625,1.065,0.015,0.015,0.009375,0.01,2.180625,124.03125,1.239292632815266,186.890625,1.867369511350894,1.86046875,1.8589389492228992,6.541171875,6.535793289728129,16.796372863951028,24629,,,0.470967030391464,Advisory
616503,11270.0,1840.636823,SUR,Suriname,Coronie,4.084174604,2.374265804,0.65,0.49,11270.0,,,,,,,,,,,,,,,,,,,,,,,,,43.73870983686367,81.68349208000001,47.48531608,3.0,7.438,0.404,3.688,0.2,0.688,0.037,0.375,0.02,0.03688,0.2,0.01032,0.0554999999999999,0.009375,0.05,0.362075,93.65625,5.0882525468151405,154.125,8.373460647611703,1.40484375,7.63237882022271,5.394375,29.30711226664096,43.73870983686367,18981,567.0,2.987197724039829,0.807967487699371,Warning
616504,11271.0,21251.69037,SUR,Suriname,Sipaliwini,4.027174807,0.0,0.65,0.49,11271.0,,,,,,,,,,,,,,,,,,,,,,,,,8.722664005601192,80.54349614,0.0,,272.062,1.28,67.875,0.319,8.0,0.038,0.188,0.001,0.67875,0.319,0.12,0.0569999999999999,0.0046999999999999,0.0025,1.1819499999999998,7.59375,0.0357324517075543,166.21875,0.7821436651542462,0.11390625,0.0535986775613314,5.81765625,2.7375028280398617,8.722664005601192,1141,,,0.2112022401392264,Information
616506,11273.0,9475.031384,SUR,Suriname,Sipaliwini,4.02623534,0.0,0.65,0.49,11273.0,,,,,,,,,,,,,,,,,,,,,,,,,2.5493451034636627,80.5247068,0.0,,174.438,1.841,30.062,0.317,2.75,0.029,0.0,0.0,0.30062,0.317,0.04125,0.0435,0.0,0.0,0.70237,6.890625,0.072724033525759,32.484375,0.3428418723357212,0.103359375,0.1090860502886384,1.136953125,1.1999465531750242,2.5493451034636627,124542,,,0.0210105995444275,Information
616507,11274.0,474.0211499,SUR,Suriname,Saramacca,4.024816499,3.254059146,0.65,0.49,11274.0,,,,,,,,,,,,,,,,,,,,,,,,,49.85340673422771,80.49632998,65.08118292,3.0,0.875,0.185,0.875,0.185,0.0,0.0,0.0,0.0,0.00875,0.185,0.0,0.0,0.0,0.0,0.19375,37.96875,8.009927406151805,64.828125,13.676209386059194,0.56953125,12.014891109227708,2.268984375,35.0,49.85340673422771,46085,2872.0,6.231962677660844,0.8260021783305757,Warning
616508,11275.0,16854.20799,SUR,Suriname,Sipaliwini,3.805120259,3.064860467,0.65,0.49,11275.0,,,,,,,,,,,,,,,,,,,,,,,,,18.60155556071309,76.10240518,61.29720934,,179.438,1.065,64.562,0.383,0.375,0.002,0.0,0.0,0.64562,0.383,0.005625,0.003,0.0,0.0,1.037245,72.84375,0.4321991875992992,302.34375,1.7938769369468983,1.09265625,0.6482987813989488,10.58203125,6.278569279314144,18.60155556071309,333822,,,0.4010877450374948,Advisory
616509,11276.0,7917.184664,SUR,Suriname,Marowijne,4.085244346,3.202077011,0.65,0.49,11276.0,,,,,,,,,,,,,,,,,,,,,,,,,19.47818259583572,81.70488691999999,64.04154022,,41.062,0.519,10.188,0.129,0.312,0.004,0.062,0.001,0.10188,0.129,0.00468,0.006,0.00155,0.0025,0.24561,43.875,0.5541742659751235,227.109375,2.8685623062494376,0.658125,0.8312613989626854,7.948828125,10.039968071873032,19.47818259583572,50865,,,0.5249817804870063,Advisory
616605,11281.0,1549.673876,SUR,Suriname,Sipaliwini,4.050384459,0.0,0.65,0.49,11281.0,,,,,,,,,,,,,,,,,,,,,,,,,15.432889561009176,81.00768918,0.0,,5.188,0.335,3.75,0.242,0.0,0.0,0.0,0.0,0.0375,0.242,0.0,0.0,0.0,0.0,0.2794999999999999,6.46875,0.4174265372199811,56.390625,3.638870465765487,0.09703125,0.6261398058299716,1.973671875,12.736046630179205,15.432889561009176,1097,,,0.4177967001232232,Advisory
616606,11282.0,2948.609747,SUR,Suriname,Sipaliwini,2.167739052,0.0,0.65,0.49,11282.0,,,,,,,,,,,,,,,,,,,,,,,,,1.1239313070048582,43.35478104,0.0,,9.75,0.331,0.188,0.006,1.438,0.049,0.0,0.0,0.00188,0.006,0.02157,0.0735,0.0,0.0,0.10295,0.0,0.0,7.3125,0.2479982305728166,0.0,0.0,0.2559375,0.8679938070048582,1.1239313070048582,0,,,4.427908599291997e-05,Information
616609,11285.0,5173.848385,SUR,Suriname,Sipaliwini,4.005151151,0.0,0.65,0.49,11285.0,,,,,,,,,,,,,,,,,,,,,,,,,1.03612,80.10302302,0.0,,59.375,1.148,35.312,0.683,0.0,0.0,0.0,0.0,0.35312,0.683,0.0,0.0,0.0,0.0,1.03612,0.0,0.0,6.609375,0.1277458191233171,0.0,0.0,0.231328125,0.4471103669316098,0.6784384919316098,0,,,0.0015629153883519,Information
616601,11277.0,4439.376736,GUF,French Guiana,Saint-Laurent-du-Maroni,4.071939598,0.0,-9999.0,0.6,11277.0,11277.0,1.0,14.0,33.0,5.0,2.0,3.0,1.0,3.3,0.5,0.2,16.0,0.0,0.0,0.0,0.0,0.0,0.0,0.0,0.0,0.0,0.0,0.0,16.0,16.0,81.43879196,0.0,,,,,,,,,,,,,,,,,8.15625,0.1837251147083358,37.546875,0.8457690625366495,0.12234375,0.2755876720625037,1.314140625,2.9601917188782734,4.672263765940777,94779,,,0.4409799754503378,Advisory
616604,11280.0,37780.80201,GUF,French Guiana,Saint-Laurent-du-Maroni,4.146154681,0.0,-9999.0,0.6,11280.0,,,,,,,,,,,,,,,,,,,,,,,,,3.9561906103669777,82.92309361999999,0.0,,107.562,0.285,60.375,0.16,6.688,0.018,0.125,0.0,0.60375,0.16,0.10032,0.0269999999999999,0.003125,0.0,0.8941950000000001,5.765625,0.0152607268599892,86.90625,0.2300275414505698,0.086484375,0.0228910902899838,3.04171875,0.8050963950769943,3.9561906103669777,37065,,,0.0718095910111853,Information
616701,11286.0,232.4050398,GUF,French Guiana,Saint-Laurent-du-Maroni,4.050945848,4.006630934,-9999.0,0.6,11286.0,,,,,,,,,,,,,,,,,,,,,,,,,19.224556126913363,81.01891695999998,80.13261868000001,,1.75,0.753,0.75,0.323,0.062,0.027,0.0,0.0,0.0075,0.323,0.0009299999999999,0.0405,0.0,0.0,0.37193,7.453125,3.2069549810029256,9.28125,3.99356658011685,0.111796875,4.810432471504388,0.32484375,13.977483030408976,19.224556126913363,2870,,,0.5050846103211428,Advisory
616702,11287.0,12226.33663,GUF,French Guiana,Saint-Laurent-du-Maroni,4.290295414,4.086587094,-9999.0,0.6,11287.0,,,,,,,,,,,,,,,,,,,,,,,,,4.141418207748283,85.80590828,81.73174188000002,,8.875,0.073,5.75,0.047,1.375,0.011,1.5,0.012,0.0575,0.047,0.020625,0.0165,0.0375,0.03,0.209125,22.921875,0.1874795017672655,55.265625,0.4520211300278243,0.343828125,0.2812192526508982,1.934296875,1.582073955097385,4.141418207748283,11757,,,0.1090142349778816,Information
616703,11288.0,3278.27993,GUF,French Guiana,Cayenne,4.339870294,4.013714967,-9999.0,0.6,11288.0,,,,,,,,,,,,,,,,,,,,,,,,,5.339856632946527,86.79740588,80.27429934,,3.625,0.111,3.312,0.101,3.688,0.112,0.688,0.021,0.03312,0.101,0.05532,0.168,0.0171999999999999,0.0525,0.42714,18.0,0.549068425618299,29.953125,0.9136841770054508,0.27,0.8236026384274486,1.048359375,3.1978946195190776,5.339856632946527,10034,,,0.1826758729370938,Information
616705,11290.0,8524.094105,GUF,French Guiana,Cayenne,4.046564569,2.487279087,-9999.0,0.6,11290.0,,,,,,,,,,,,,,,,,,,,,,,,,7.424516586802823,80.93129138,49.745581740000006,,4.938,0.058,4.0,0.047,0.812,0.01,0.375,0.004,0.04,0.047,0.01218,0.015,0.009375,0.01,0.1335549999999999,17.4375,0.2045671925349043,90.140625,1.057480406571562,0.2615625,0.3068507888023564,3.154921875,3.701181423000466,7.424516586802823,190586,,,0.1727736780154672,Information
616708,11293.0,26156.16293,GUF,French Guiana,Cayenne,4.089180263,4.005499975,-9999.0,0.6,11293.0,11293.0,1.0,12.0,33.0,3.0,-9999.0,3.0,1.0,3.3,0.3,-999.9,-1984.6,0.0,0.0,0.0,0.0,0.0,0.0,0.0,0.0,0.0,0.0,0.0,-1984.6,4.017040828968364,81.78360526,80.1099995,,60.188,0.23,45.375,0.173,0.25,0.001,0.0,0.0,0.45375,0.173,0.00375,0.0015,0.0,0.0,0.6319999999999999,2.109375,0.0080645429758168,82.125,0.3139795398584681,0.031640625,0.0120968144637252,2.874375,1.0989283895046384,4.017040828968364,33107,,,0.0652953674792691,Information
616709,11294.0,28098.06133,BRA,Brazil,Amapá,4.026420419,4.005421466,0.63,0.51,11294.0,,,,,,,,,,,,,,,,,,,,,,,,,45.182812487690605,80.52840838,80.10842932,3.0,76.5,0.272,64.625,0.23,0.875,0.003,0.062,0.0,0.64625,0.23,0.013125,0.0045,0.00155,0.0,0.895425,164.53125,0.5855608614921195,881.578125,3.137505162986408,2.46796875,0.8783412922381792,30.855234375,10.981268070452428,45.182812487690605,21791,188.0,0.8627414987839015,0.8000389020471185,Warning
616801,11295.0,3304.237023,BRA,Brazil,Amapá,4.044640361,3.269262958,0.63,0.51,11295.0,,,,,,,,,,,,,,,,,,,,,,,,,64.82251944432141,80.89280722,65.38525916,3.0,138.125,4.18,110.5,3.344,5.562,0.168,0.0,0.0,1.105,3.344,0.08343,0.252,0.0,0.0,4.78443,261.28125,7.907460879547607,401.203125,12.142080672416212,3.91921875,11.86119131932141,14.042109375,35.0,64.82251944432141,397,330.0,83.12342569269522,0.8890683064007532,Warning
616802,11296.0,3665.568779,BRA,Brazil,Amapá,3.798322777,0.0,0.63,0.51,11296.0,,,,,,,,,,,,,,,,,,,,,,,,,19.497326002815218,75.96645554,0.0,,7.125,0.194,6.812,0.186,0.0,0.0,0.0,0.0,0.06812,0.186,0.0,0.0,0.0,0.0,0.25412,87.46875,2.386225856749413,111.9375,3.0537552764831712,1.31203125,3.5793387851241194,3.9178125,10.688143467691098,19.497326002815218,17391,,,0.4171565117072953,Advisory
616803,11297.0,5013.963277,BRA,Brazil,Amapá,4.043507533,0.0,0.63,0.51,11297.0,11297.0,2.0,1.0,100.0,100.0,2.0,7.0,10.0,10.0,10.0,0.2,74.4,0.0,0.0,0.0,0.0,0.0,0.0,0.0,0.0,0.0,0.0,0.0,74.4,74.4,80.87015066,0.0,,81.938,1.634,52.812,1.053,0.562,0.011,0.062,0.001,0.5281199999999999,1.053,0.00843,0.0165,0.00155,0.0025,1.6100999999999996,286.3125,5.710303090849402,340.453125,6.790100089855796,4.2946875,8.565454636274104,11.915859375,23.765350314495286,48.54135182576939,29440,,,0.912800841762734,Warning
616804,11298.0,15483.27749,BRA,Brazil,Amapá,4.00022608,0.0,0.63,0.51,11298.0,,,,,,,,,,,,,,,,,,,,,,,,,2.703321910232831,80.0045216,0.0,,90.062,0.582,40.062,0.259,0.812,0.005,0.0,0.0,0.40062,0.259,0.01218,0.0075,0.0,0.0,0.6792999999999999,12.375,0.0799249384421996,41.625,0.2688384293055805,0.185625,0.1198874076632993,1.456875,0.9409345025695316,2.703321910232831,170,,,0.0226948579187898,Information
616807,11301.0,4487.09564,BRA,Brazil,Amapá,4.006070687,0.0,0.63,0.51,11301.0,11301.0,1.0,1.0,100.0,7.0,-9999.0,3.0,10.0,10.0,0.7,-999.9,-1952.4,0.0,0.0,0.0,0.0,0.0,0.0,0.0,0.0,0.0,0.0,0.0,-1952.4,0.9193980194627878,80.12141374000001,0.0,,,,,,,,,,,,,,,,,3.234375,0.0720817040624401,6.75,0.1504313823911793,0.048515625,0.1081225560936601,0.23625,0.5265098383691276,0.9193980194627878,33163,,,0.0010571831771029,Information
616809,11303.0,5459.501893,BRA,Brazil,Amapá,4.037793668,0.0,0.63,0.51,11303.0,,,,,,,,,,,,,,,,,,,,,,,,,3.2354029786097724,80.75587336,0.0,,9.625,0.176,7.312,0.134,0.688,0.013,0.0,0.0,0.07312,0.134,0.01032,0.0195,0.0,0.0,0.23694,4.640625,0.0850008863619969,30.65625,0.5615210068762221,0.069609375,0.1275013295429953,1.07296875,1.9653235240667768,3.2354029786097724,0,,,0.0372888856372176,Information
616900,11304.0,744.1975435,BRA,Brazil,Amapá,4.02869452,3.290708872,0.63,0.51,11304.0,,,,,,,,,,,,,,,,,,,,,,,,,41.45758747705034,80.57389040000001,65.81417744000001,3.0,10.688,1.436,7.75,1.041,0.0,0.0,0.0,0.0,0.0775,1.041,0.0,0.0,0.0,0.0,1.1184999999999998,46.40625,6.235743507554659,62.15625,8.352117061633816,0.69609375,9.353615261331989,2.17546875,29.232409715718354,41.45758747705034,1662,0.0,0.0,0.7757903424625536,Watch
621000,11305.0,5425.709919,BRA,Brazil,Pará,4.041846447,4.008531882,0.63,0.51,11305.0,,,,,,,,,,,,,,,,,,,,,,,,,60.99865667591766,80.83692894,80.17063764,3.0,55.188,1.017,33.312,0.614,9.438,0.174,0.5,0.009,0.3331199999999999,0.614,0.14157,0.261,0.0125,0.0225,1.3846899999999998,329.484375,6.07265002935866,471.796875,8.695578680537048,4.942265625,9.10897504403799,16.512890625,30.43452538187967,60.99865667591766,5097,425.0,8.33823817932117,0.8765408005622826,Warning
621001,11306.0,6765.374925,BRA,Brazil,Amapá,3.418317842,1.490758428,0.63,0.51,11306.0,11306.0,1.0,1.0,100.0,3.0,-9999.0,3.0,10.0,10.0,0.3,-999.9,-953.2,0.0,0.0,0.0,0.0,0.0,0.0,0.0,0.0,0.0,0.0,0.0,-953.2,67.46492976864096,68.36635684,29.81516856,3.0,353.438,5.224,185.125,2.736,4.375,0.065,0.812,0.012,1.85125,2.736,0.065625,0.0975,0.0203,0.03,4.800675,502.453125,7.426833406285242,562.5,8.314395081203742,7.536796875,11.140250109427864,19.6875,29.100382784213096,67.46492976864096,671431,36505.0,5.436895228251302,0.7755908868672292,Watch
621002,11307.0,2492.696176,BRA,Brazil,Amapá,4.025863977,0.0,0.63,0.51,11307.0,,,,,,,,,,,,,,,,,,,,,,,,,14.208227218647512,80.51727954,0.0,,33.875,1.359,2.312,0.093,0.0,0.0,0.0,0.0,0.0231199999999999,0.093,0.0,0.0,0.0,0.0,0.11612,27.5625,1.1057304240351746,69.1875,2.7756090235985,0.4134375,1.658595636052762,2.4215625,9.71463158259475,14.208227218647512,11806,,,0.3761125460675103,Advisory
621003,11308.0,59.01285359,BRA,Brazil,Amapá,2.848367949,4.034580599,0.63,0.51,11308.0,,,,,,,,,,,,,,,,,,,,,,,,,48.90417408598686,56.96735898,80.69161198,3.0,0.25,0.424,0.188,0.318,0.0,0.0,0.0,0.0,0.00188,0.318,0.0,0.0,0.0,0.0,0.31988,5.34375,9.055230640657909,6.890625,11.676481615585198,0.08015625,13.582845960986862,0.241171875,35.0,48.90417408598686,3779,183.0,4.842550939401958,0.8236391763409352,Warning
621004,11309.0,5395.928616,BRA,Brazil,Amapá,4.001371087,1.068481349,0.63,0.51,11309.0,11309.0,2.0,1.0,100.0,100.0,-9999.0,7.0,10.0,10.0,10.0,-999.9,-1925.8,0.0,0.0,0.0,0.0,0.0,0.0,0.0,0.0,0.0,0.0,0.0,-1925.8,6.343575287243308,80.02742174,21.36962698,,78.562,1.456,14.75,0.273,0.0,0.0,0.0,0.0,0.1475,0.273,0.0,0.0,0.0,0.0,0.4205,22.21875,0.4117687905657449,54.0,1.0007545289699116,0.33328125,0.6176531858486174,1.89,3.5026408513946903,6.343575287243308,6664,,,0.125707816079798,Information
621005,11310.0,1460.892422,BRA,Brazil,Amapá,4.025493655,3.025233864,0.63,0.51,11310.0,,,,,,,,,,,,,,,,,,,,,,,,,32.33542351412631,80.5098731,60.50467728,3.0,3.625,0.248,1.812,0.124,0.125,0.009,0.0,0.0,0.01812,0.124,0.001875,0.0134999999999999,0.0,0.0,0.157495,33.609375,2.3006057450106407,103.359375,7.075084613317243,0.504140625,3.450908617515961,3.617578125,24.76279614661035,32.33542351412631,9275,0.0,0.0,0.6936612836021446,Watch
621006,11311.0,3564.55503,BRA,Brazil,Amapá,4.034448415,0.0,0.63,0.51,11311.0,11311.0,1.0,13.0,100.0,2.0,-9999.0,3.0,1.0,10.0,0.2,-999.9,-1971.3333333333333,0.0,0.0,0.0,0.0,0.0,0.0,0.0,0.0,0.0,0.0,0.0,-1971.3333333333333,17.116269601501777,80.6889683,0.0,,17.125,0.48,3.188,0.089,0.0,0.0,0.0,0.0,0.03188,0.089,0.0,0.0,0.0,0.0,0.1208799999999999,39.65625,1.1125161392444898,111.515625,3.128458505038583,0.59484375,1.6687742088667346,3.903046875,10.94960476763504,17.116269601501777,3102,,,0.4519852909675887,Advisory
621007,11312.0,636.5695589,BRA,Brazil,Pará,2.46396572,4.020139248,0.63,0.51,11312.0,11312.0,2.0,1.0,100.0,100.0,-9999.0,7.0,10.0,10.0,10.0,-999.9,-1925.8,0.0,0.0,0.0,0.0,0.0,0.0,0.0,0.0,0.0,0.0,0.0,-1925.8,22.3929419393641,49.2793144,80.40278496,,2.375,0.373,1.312,0.206,0.062,0.01,0.0,0.0,0.01312,0.206,0.0009299999999999,0.015,0.0,0.0,0.2350499999999999,20.109375,3.1590224066936687,29.671875,4.661214879806741,0.301640625,4.738533610040503,1.038515625,16.314252079323595,22.3929419393641,0,,,0.5530450088379615,Advisory
621008,11313.0,8442.935634,BRA,Brazil,Amapá,3.877165775,0.0,0.63,0.51,11313.0,11313.0,1.0,14.0,100.0,-9999.0,-9999.0,3.0,1.0,10.0,-999.9,-999.9,-3978.0666666666666,0.0,0.0,0.0,0.0,0.0,0.0,0.0,0.0,0.0,0.0,0.0,-3978.0666666666666,17.71685826522024,77.5433155,0.0,,9.312,0.11,9.0,0.107,0.0,0.0,0.0,0.0,0.09,0.107,0.0,0.0,0.0,0.0,0.197,16.03125,0.189877676373664,224.859375,2.6632842501884983,0.24046875,0.284816514560496,7.870078125,9.321494875659743,17.71685826522024,6379,,,0.4063005873291553,Advisory
621009,11314.0,3193.136061,BRA,Brazil,Pará,4.026232838,3.984132345,0.63,0.51,11314.0,,,,,,,,,,,,,,,,,,,,,,,,,8.764728483751213,80.52465676,79.6826469,,5.375,0.168,4.625,0.145,0.938,0.029,0.0,0.0,0.04625,0.145,0.01407,0.0435,0.0,0.0,0.2488199999999999,26.578125,0.8323517850871589,49.21875,1.5413921946058498,0.398671875,1.2485276776307384,1.72265625,5.394872681120474,8.764728483751213,0,,,0.2123152348642539,Information
622100,11315.0,6455.04031,BRA,Brazil,Pará,4.044219076,3.281948441,0.63,0.51,11315.0,11315.0,1.0,1.0,100.0,-9999.0,-9999.0,3.0,10.0,10.0,-999.9,-999.9,-2607.733333333333,0.0,0.0,0.0,0.0,0.0,0.0,0.0,0.0,0.0,0.0,0.0,-2607.733333333333,11.709684392803185,80.88438152,65.63896882,,,,,,,,,,,,,,,,,18.140625,0.2810303906464444,123.46875,1.9127494805238616,0.272109375,0.4215455859696666,4.32140625,6.694623181833515,11.709684392803185,24211,,,0.3120352849453772,Information
622211,11316.0,2896.552171,BRA,Brazil,Pará,4.057823132,0.0,0.63,0.51,11316.0,,,,,,,,,,,,,,,,,,,,,,,,,23.94580629017545,81.15646264,0.0,,4.75,0.164,3.812,0.132,0.0,0.0,0.0,0.0,0.03812,0.132,0.0,0.0,0.0,0.0,0.17012,31.078125,1.0729351024980454,140.34375,4.845200146122395,0.466171875,1.609402653747068,4.91203125,16.958200511428384,23.94580629017545,31276,,,0.5946888097347143,Advisory
622212,11317.0,16763.50028,BRA,Brazil,Pará,3.245835701,0.0,0.63,0.51,11317.0,11317.0,1.0,1.0,100.0,2.0,-9999.0,3.0,10.0,10.0,0.2,-999.9,-1953.1,0.0,0.0,0.0,0.0,0.0,0.0,0.0,0.0,0.0,0.0,0.0,-1953.1,20.99080661737876,64.91671402,0.0,,169.938,1.014,39.25,0.234,3.312,0.02,0.0,0.0,0.3925,0.234,0.04968,0.03,0.0,0.0,0.70618,113.625,0.6778119013682059,326.953125,1.9503869686647013,1.704375,1.0167178520523088,11.443359375,6.826354390326454,20.99080661737876,39157,,,0.3037517588068045,Information
622213,11318.0,625.7126894,BRA,Brazil,Pará,4.038507564,0.0,0.63,0.51,11318.0,,,,,,,,,,,,,,,,,,,,,,,,,8.728367489212856,80.77015128,0.0,,0.938,0.15,0.938,0.15,0.125,0.02,0.0,0.0,0.00938,0.15,0.001875,0.03,0.0,0.0,0.1912549999999999,6.046875,0.9663980134368064,12.09375,1.9327960268736128,0.090703125,1.4495970201552095,0.42328125,6.764786094057645,8.728367489212856,1225,,,0.2147973667105795,Information
622214,11319.0,3000.217399,BRA,Brazil,Pará,0.952618947,0.0,0.63,0.51,11319.0,,,,,,,,,,,,,,,,,,,,,,,,,2.285028877079852,19.05237894,0.0,,4.562,0.152,2.312,0.077,0.0,0.0,0.0,0.0,0.0231199999999999,0.077,0.0,0.0,0.0,0.0,0.10012,6.609375,0.2202965359273414,12.234375,0.4077829494825257,0.099140625,0.3304448038910121,0.428203125,1.42724032318884,2.285028877079852,915,,,0.0001802542002292,Information
622215,11320.0,8238.175822,BRA,Brazil,Pará,1.295915084,0.0,0.63,0.51,11320.0,,,,,,,,,,,,,,,,,,,,,,,,,30.274721565661693,25.91830168,0.0,,68.625,0.833,24.438,0.297,0.438,0.005,0.312,0.004,0.24438,0.297,0.00657,0.0075,0.0078,0.01,0.5732499999999999,225.5625,2.73801512456387,294.046875,3.569320215375968,3.3834375,4.107022686845806,10.291640625,12.492620753815888,30.274721565661693,29201,,,0.1854321893156528,Information
622216,11321.0,25812.12191,BRA,Brazil,Pará,2.139483061,0.0,0.63,0.51,11321.0,11321.0,0.0,1.0,-9999.0,-9999.0,-9999.0,0.0,10.0,-999.9,-999.9,-999.9,-5979.4,0.0,0.0,0.0,0.0,0.0,0.0,0.0,0.0,0.0,0.0,0.0,-5979.4,3.3372747347706064,42.78966122,0.0,,394.75,1.529,60.562,0.235,2.375,0.009,0.0,0.0,0.6056199999999999,0.235,0.035625,0.0134999999999999,0.0,0.0,0.8897449999999999,23.203125,0.0898923578556855,58.78125,0.2277273065677367,0.348046875,0.1348385367835282,2.05734375,0.7970455729870785,3.3372747347706064,24456,,,0.0022445286492459,Information
622217,11322.0,57.48026657,BRA,Brazil,Pará,3.699648939,0.0,0.63,0.51,11322.0,,,,,,,,,,,,,,,,,,,,,,,,,46.66798367920367,73.99297878,0.0,3.0,3.312,5.763,0.938,1.631,0.0,0.0,0.0,0.0,0.00938,1.631,0.0,0.0,0.0,0.0,1.64038,4.359375,7.584124536135779,6.46875,11.253862214911155,0.065390625,11.37618680420367,0.22640625,35.0,46.66798367920367,0,0.0,0.0,0.720622517913215,Watch
622218,11323.0,2193.839162,BRA,Brazil,Pará,2.161923869,0.0,0.63,0.51,11323.0,,,,,,,,,,,,,,,,,,,,,,,,,2.5285555440523155,43.238477380000006,0.0,,16.062,0.732,3.125,0.142,0.0,0.0,0.0,0.0,0.03125,0.142,0.0,0.0,0.0,0.0,0.17325,3.09375,0.141019909487329,11.671875,0.5320296585203778,0.04640625,0.2115298642309935,0.408515625,1.862103804821322,2.5285555440523155,0,,,0.000931610440788,Information
622219,11324.0,7941.119904,BRA,Brazil,Pará,4.023693289,0.0,0.63,0.51,11324.0,11324.0,0.0,1.0,-9999.0,-9999.0,-9999.0,0.0,10.0,-999.9,-999.9,-999.9,-5979.4,0.0,0.0,0.0,0.0,0.0,0.0,0.0,0.0,0.0,0.0,0.0,-5979.4,30.813065046451435,80.47386578,0.0,3.0,61.062,0.769,22.0,0.277,1.375,0.017,0.312,0.004,0.22,0.277,0.020625,0.0255,0.0078,0.01,0.560925,187.03125,2.355225110123257,309.515625,3.897631930361871,2.80546875,3.5328376651848856,10.833046875,13.641711756266549,30.813065046451435,112702,3920.0,3.478199144646945,0.6758715263935571,Watch
622221,11325.0,8853.009835,BRA,Brazil,Pará,2.160914585,0.0,0.63,0.51,11325.0,,,,,,,,,,,,,,,,,,,,,,,,,16.16235720536288,43.2182917,0.0,,208.438,2.354,65.125,0.736,1.438,0.016,0.188,0.002,0.65125,0.736,0.02157,0.024,0.0046999999999999,0.005,1.4425199999999998,68.90625,0.7783369868682254,187.3125,2.1158058500172983,1.03359375,1.167505480302338,6.5559375,7.405320475060543,16.16235720536288,0,,,0.1044620598296143,Information
622222,11326.0,8704.331777,BRA,Brazil,Pará,1.554946555,0.0,0.63,0.51,11326.0,,,,,,,,,,,,,,,,,,,,,,,,,1.935125,31.0989311,0.0,,380.375,4.37,89.125,1.024,0.625,0.007,0.0,0.0,0.89125,1.024,0.009375,0.0105,0.0,0.0,1.935125,0.84375,0.0096934494417486,24.75,0.2843411836246278,0.01265625,0.0145401741626228,0.86625,0.9951941426861972,1.88864056684882,0,,,0.0001767948983795,Information
622223,11327.0,10295.31501,BRA,Brazil,Pará,3.706112479,0.0,0.63,0.51,11327.0,11327.0,0.0,1.0,-9999.0,-9999.0,-9999.0,0.0,10.0,-999.9,-999.9,-999.9,-5979.4,0.0,0.0,0.0,0.0,0.0,0.0,0.0,0.0,0.0,0.0,0.0,-5979.4,9.999190324282292,74.12224958,0.0,,333.438,3.239,71.25,0.692,2.75,0.027,0.25,0.002,0.7125,0.692,0.04125,0.0405,0.00625,0.005,1.4975,39.234375,0.3810896019475353,128.109375,1.2443463346745685,0.588515625,0.571634402921303,4.483828125,4.355212171360989,9.999190324282292,0,,,0.1708327949705952,Information
622224,11328.0,8478.50493,BRA,Brazil,Pará,1.137495879,0.0,0.63,0.51,11328.0,,,,,,,,,,,,,,,,,,,,,,,,,2.75152,22.74991758,0.0,,485.062,5.721,86.5,1.02,16.188,0.191,6.188,0.073,0.865,1.02,0.2428199999999999,0.2865,0.1546999999999999,0.1825,2.75152,0.5625,0.0066344244019996,15.890625,0.1874224893564901,0.0084375,0.0099516366029994,0.556171875,0.6559787127477154,1.2305397243507148,350,,,0.0004266588390499,Information
622225,11329.0,3268.723273,BRA,Brazil,Pará,4.028214517,0.0,0.63,0.51,11329.0,,,,,,,,,,,,,,,,,,,,,,,,,3.2908859278919027,80.56429034000001,0.0,,164.312,5.027,33.375,1.021,2.562,0.078,0.062,0.002,0.33375,1.021,0.03843,0.1169999999999999,0.00155,0.005,1.5167299999999997,8.4375,0.258128305591525,19.546875,0.5979972412870329,0.1265625,0.3871924583872875,0.684140625,2.0929903445046154,3.2908859278919027,0,,,0.0378701449459665,Information
622226,11330.0,37194.66628,BRA,Brazil,Pará,3.434275657,0.0,0.63,0.51,11330.0,11330.0,0.0,1.0,-9999.0,-9999.0,-9999.0,0.0,10.0,-999.9,-999.9,-999.9,-5979.4,0.0,0.0,0.0,0.0,0.0,0.0,0.0,0.0,0.0,0.0,0.0,-5979.4,8.521952449169364,68.68551314,0.0,,1227.875,3.301,194.688,0.523,5.812,0.016,0.0,0.0,1.94688,0.523,0.08718,0.024,0.0,0.0,2.58106,20.53125,0.0551994467292142,183.09375,0.4922580797358693,0.30796875,0.0827991700938213,6.40828125,1.7229032790755427,8.521952449169364,12802,,,0.0965547393955396,Information
622227,11331.0,43550.69347,BRA,Brazil,Pará,4.001177528,0.0,0.63,0.51,11331.0,11331.0,0.0,1.0,-9999.0,-9999.0,-9999.0,0.0,10.0,-999.9,-999.9,-999.9,-5979.4,0.0,0.0,0.0,0.0,0.0,0.0,0.0,0.0,0.0,0.0,0.0,-5979.4,10.055869298495848,80.02355056,0.0,,1453.188,3.337,288.0,0.661,1.812,0.004,0.062,0.0,2.88,0.661,0.02718,0.006,0.00155,0.0,3.57573,32.34375,0.0742669000780749,219.796875,0.5046920209653528,0.48515625,0.1114003501171123,7.692890625,1.7664220733787348,10.055869298495848,571,,,0.2462312157211596,Information
622231,11334.0,17778.69607,BRA,Brazil,Pará,2.503581551,0.0,0.63,0.51,11334.0,,,,,,,,,,,,,,,,,,,,,,,,,14.71920872159837,50.07163102,0.0,,679.375,3.821,127.75,0.719,0.438,0.002,0.312,0.002,1.2775,0.719,0.00657,0.003,0.0078,0.005,2.01887,114.1875,0.6422715117088934,220.21875,1.2386664868671515,1.7128125,0.96340726756334,7.70765625,4.335332704035031,14.71920872159837,0,,,0.1109604916002025,Information
622233,11336.0,854.2282122,BRA,Brazil,Pará,3.150365563,0.0,0.63,0.51,11336.0,,,,,,,,,,,,,,,,,,,,,,,,,7.218865304149874,63.00731126,0.0,,20.25,2.371,4.5,0.527,0.062,0.007,0.0,0.0,0.045,0.527,0.0009299999999999,0.0105,0.0,0.0,0.58343,1.125,0.131697827804948,15.75,1.843769589269272,0.016875,0.1975467417074219,0.55125,6.453193562442452,7.218865304149874,0,,,0.0511270619706145,Information
622234,11337.0,3558.977184,BRA,Brazil,Pará,0.365575549,0.0,0.63,0.51,11337.0,,,,,,,,,,,,,,,,,,,,,,,,,0.702875,7.311510979999999,0.0,,141.688,3.981,16.375,0.46,1.375,0.039,0.0,0.0,0.16375,0.46,0.020625,0.0584999999999999,0.0,0.0,0.702875,,,,,,,,,,0,,,5.255545671370967e-07,Information
622235,11338.0,4086.375122,BRA,Brazil,Pará,2.093351178,0.0,0.63,0.51,11338.0,,,,,,,,,,,,,,,,,,,,,,,,,3.948340894405799,41.86702355999999,0.0,,29.812,0.73,7.125,0.174,0.312,0.008,0.062,0.002,0.07125,0.174,0.00468,0.012,0.00155,0.005,0.2684799999999999,7.453125,0.1823896430675351,29.53125,0.7226759442298561,0.111796875,0.2735844646013026,1.03359375,2.5293658048044967,3.948340894405799,1561,,,0.0035786261264004,Information
622236,11339.0,6416.526683,BRA,Brazil,Pará,1.35526051,0.0,0.63,0.51,11339.0,,,,,,,,,,,,,,,,,,,,,,,,,0.5396784379116681,27.1052102,0.0,,133.375,2.079,20.75,0.323,0.0,0.0,0.0,0.0,0.2075,0.323,0.0,0.0,0.0,0.0,0.5305,0.28125,0.0043832125054889,5.90625,0.0920474626152671,0.00421875,0.0065748187582333,0.20671875,0.3221661191534348,0.5396784379116681,40484,,,4.652389515643545e-07,Information
622237,11340.0,2293.363754,BRA,Brazil,Pará,2.071723884,0.0,0.63,0.51,11340.0,,,,,,,,,,,,,,,,,,,,,,,,,11.72547213682171,41.43447768,0.0,,48.25,2.104,9.375,0.409,0.062,0.003,0.0,0.0,0.09375,0.409,0.0009299999999999,0.0045,0.0,0.0,0.50818,4.078125,0.1778228592689358,60.75,2.6489474208338017,0.061171875,0.2667342889034036,2.12625,9.271315972918304,11.72547213682171,3178,,,0.0538757065793609,Information
622239,11342.0,3687.758355,BRA,Brazil,Pará,1.830490735,0.0,0.63,0.51,11342.0,,,,,,,,,,,,,,,,,,,,,,,,,5.587519875542376,36.6098147,0.0,,117.438,3.185,16.062,0.436,2.375,0.064,0.125,0.003,0.16062,0.436,0.035625,0.096,0.003125,0.0075,0.73887,10.125,0.2745570350668389,38.671875,1.0486553422691764,0.151875,0.4118355526002583,1.353515625,3.6702936979421175,5.587519875542376,12339,,,0.0075749962591524,Information
622241,11343.0,5436.098387,BRA,Brazil,Pará,0.356362361,0.0,0.63,0.51,11343.0,11343.0,0.0,1.0,-9999.0,-9999.0,-9999.0,0.0,10.0,-999.9,-999.9,-999.9,-5979.4,0.0,0.0,0.0,0.0,0.0,0.0,0.0,0.0,0.0,0.0,0.0,-5979.4,3.5898182148534072,7.12724722,0.0,,,,,,,,,,,,,,,,,1.265625,0.0232818633856292,35.578125,0.6544790485071325,0.018984375,0.0349227950784438,1.245234375,2.2906766697749634,3.5898182148534072,99398,,,0.0005707088523186,Information
622244,11346.0,8735.454393,BRA,Brazil,Pará,0.279044338,0.0,0.63,0.51,11346.0,,,,,,,,,,,,,,,,,,,,,,,,,1.46575,5.58088676,0.0,,225.75,2.584,44.75,0.512,15.75,0.18,0.0,0.0,0.4475,0.512,0.23625,0.27,0.0,0.0,1.46575,0.28125,0.0032196378955831,4.78125,0.0547338442249132,0.00421875,0.0048294568433746,0.16734375,0.1915684547871962,0.3679604116305708,0,,,1.5541960121142444e-05,Information
622246,11348.0,5124.230917,BRA,Brazil,Pará,0.715765244,0.0,0.63,0.51,11348.0,,,,,,,,,,,,,,,,,,,,,,,,,0.6371116146162124,14.31530488,0.0,,56.625,1.105,5.188,0.101,1.188,0.023,0.0,0.0,0.0518799999999999,0.101,0.01782,0.0345,0.0,0.0,0.2052,0.28125,0.0054886285292014,6.046875,0.1180055133778315,0.00421875,0.0082329427938021,0.211640625,0.4130192968224102,0.6371116146162124,4387,,,4.75575432036276e-07,Information
622248,11350.0,3599.46558,BRA,Brazil,Pará,0.35962674,0.0,0.63,0.51,11350.0,,,,,,,,,,,,,,,,,,,,,,,,,0.13807,7.1925348,0.0,,25.438,0.707,1.875,0.052,1.188,0.033,0.0,0.0,0.01875,0.052,0.01782,0.0495,0.0,0.0,0.13807,,,,,,,,,,9251,,,3.74451600685327e-11,Information
622249,11351.0,14414.68725,BRA,Brazil,Pará,2.432385535,0.0,0.63,0.51,11351.0,,,,,,,,,,,,,,,,,,,,,,,,,2.0042994027872685,48.6477107,0.0,,286.312,1.986,23.25,0.161,0.375,0.003,0.0,0.0,0.2325,0.161,0.005625,0.0045,0.0,0.0,0.403625,1.125,0.0078045397769437,33.328125,0.231209490891958,0.016875,0.0117068096654155,1.166484375,0.809233218121853,2.0042994027872685,4065,,,0.0005905303433461,Information
622251,11352.0,20304.47087,BRA,Brazil,Pará,2.234101149,0.0,0.63,0.51,11352.0,11352.0,0.0,1.0,-9999.0,-9999.0,-9999.0,0.0,10.0,-999.9,-999.9,-999.9,-5979.4,0.0,0.0,0.0,0.0,0.0,0.0,0.0,0.0,0.0,0.0,0.0,-5979.4,12.736758692108785,44.68202298,0.0,,425.375,2.095,73.625,0.363,3.188,0.016,0.25,0.001,0.73625,0.363,0.04782,0.024,0.00625,0.0025,1.17982,49.5,0.2437886725916276,222.609375,1.096356445206098,0.7425,0.3656830088874414,7.791328125,3.837247558221344,12.736758692108785,8979,,,0.070969878612794,Information
622253,11354.0,13814.11293,BRA,Brazil,Pará,3.011197883,0.0,0.63,0.51,11354.0,,,,,,,,,,,,,,,,,,,,,,,,,7.630266047609726,60.22395766,0.0,,528.812,3.828,80.688,0.584,10.062,0.073,0.625,0.005,0.80688,0.584,0.15093,0.1094999999999999,0.015625,0.0125,1.679435,25.03125,0.1812005600395651,115.734375,0.8377980950143937,0.37546875,0.2718008400593477,4.050703125,2.932293332550378,7.630266047609726,0,,,0.049354784691239,Information
622254,11355.0,13656.58592,BRA,Brazil,Mato Grosso,0.962430083,0.0,0.63,0.51,11355.0,,,,,,,,,,,,,,,,,,,,,,,,,6.681873814468593,19.24860166,0.0,,663.375,4.858,97.312,0.713,12.875,0.094,0.375,0.003,0.97312,0.713,0.193125,0.141,0.009375,0.0075,2.03712,28.125,0.2059445909200579,98.15625,0.7187466223110021,0.421875,0.3089168863800868,3.43546875,2.515613178088507,6.681873814468593,11030,,,0.0063517163924186,Information
622255,11356.0,6996.625971,BRA,Brazil,Mato Grosso,4.000318711,0.0,0.63,0.51,11356.0,,,,,,,,,,,,,,,,,,,,,,,,,11.010242910298215,80.00637422,0.0,,11.312,0.162,4.875,0.07,0.0,0.0,0.0,0.0,0.04875,0.07,0.0,0.0,0.0,0.0,0.11875,35.71875,0.5105139269983703,114.1875,1.632036648514475,0.53578125,0.7657708904975554,3.9965625,5.712128269800663,11.010242910298215,233,,,0.2753914099064832,Information
622256,11357.0,5987.97158,BRA,Brazil,Mato Grosso,0.346213844,0.0,0.63,0.51,11357.0,,,,,,,,,,,,,,,,,,,,,,,,,1.958080242852669,6.92427688,0.0,,154.5,2.58,31.625,0.528,0.125,0.002,0.0,0.0,0.31625,0.528,0.001875,0.003,0.0,0.0,0.8491249999999999,6.890625,0.1150744439593112,18.0,0.3006026291182007,0.103359375,0.1726116659389668,0.63,1.0521092019137024,1.958080242852669,421,,,5.635830286418528e-05,Information
622257,11358.0,5951.020991,BRA,Brazil,Mato Grosso,2.102854337,0.0,0.63,0.51,11358.0,,,,,,,,,,,,,,,,,,,,,,,,,6.2381747715874285,42.05708674,0.0,,171.125,2.876,32.375,0.544,2.312,0.039,0.0,0.0,0.32375,0.544,0.03468,0.0584999999999999,0.0,0.0,0.96093,18.984375,0.3190103854467087,58.359375,0.9806615552621044,0.284765625,0.478515578170063,2.042578125,3.432315443417365,6.2381747715874285,833,,,0.0129145848045173,Information
622258,11359.0,5455.290185,BRA,Brazil,Mato Grosso,0.016539826,0.0,0.63,0.51,11359.0,,,,,,,,,,,,,,,,,,,,,,,,,2.3007733093988114,0.33079652,0.0,,278.688,5.109,50.562,0.927,3.062,0.056,0.0,0.0,0.50562,0.927,0.04593,0.084,0.0,0.0,1.56255,0.984375,0.0180444113260462,22.78125,0.4175992335456406,0.014765625,0.0270666169890693,0.79734375,1.461597317409742,2.3007733093988114,3345,,,8.207909379895097e-05,Information
622259,11360.0,2264.462705,BRA,Brazil,Mato Grosso,0.192850744,0.0,0.63,0.51,11360.0,,,,,,,,,,,,,,,,,,,,,,,,,5.293351021004218,3.85701488,0.0,,80.812,3.569,8.125,0.359,3.062,0.135,0.062,0.003,0.08125,0.359,0.04593,0.2025,0.00155,0.0075,0.69773,8.71875,0.3850251090680021,24.1875,1.06813417354349,0.13078125,0.5775376636020031,0.8465625,3.738469607402215,5.293351021004218,62,,,0.0018694773558218,Information
622260,11361.0,28188.53328,BRA,Brazil,Mato Grosso,1.063904342,0.0,0.63,0.51,11361.0,11361.0,0.0,1.0,-9999.0,-9999.0,-9999.0,0.0,10.0,-999.9,-999.9,-999.9,-5979.4,0.0,0.0,0.0,0.0,0.0,0.0,0.0,0.0,0.0,0.0,0.0,-5979.4,6.530761867264408,21.27808684,0.0,,739.0,2.622,82.688,0.293,1.625,0.006,0.0,0.0,0.8268800000000001,0.293,0.024375,0.009,0.0,0.0,1.153255,14.90625,0.0528805449037418,131.34375,0.4659474428310843,0.22359375,0.0793208173556127,4.59703125,1.6308160499087951,6.530761867264408,53307,,,0.0063979824445069,Information
622270,11362.0,28648.60011,BRA,Brazil,Mato Grosso,1.29946615,0.0,0.63,0.51,11362.0,,,,,,,,,,,,,,,,,,,,,,,,,18.757691742517657,25.989323,0.0,,1254.25,4.378,135.938,0.474,38.812,0.135,0.125,0.0,1.3593799999999998,0.474,0.5821799999999999,0.2025,0.003125,0.0,2.621185,172.265625,0.6013055588074975,323.4375,1.1289818655161177,2.583984375,0.9019583382112462,11.3203125,3.951436529306412,18.757691742517657,31470,,,0.0849375149270627,Information
622281,11363.0,7.655137632,BRA,Brazil,Mato Grosso,4.057087181,0.0,0.63,0.51,11363.0,,,,,,,,,,,,,,,,,,,,,,,,,15.626466638225944,81.14174362,0.0,,0.438,5.715,0.125,1.633,0.0,0.0,0.0,0.0,0.00125,1.633,0.0,0.0,0.0,0.0,1.63425,0.140625,1.8370015897912872,0.28125,3.674003179582576,0.002109375,2.755502384686931,0.00984375,12.859011128539011,15.626466638225944,0,,,0.4254442965575952,Advisory
622282,11364.0,6288.062294,BRA,Brazil,Mato Grosso,0.409355777,0.0,0.63,0.51,11364.0,,,,,,,,,,,,,,,,,,,,,,,,,3.868473608422697,8.187115539999999,0.0,,110.062,1.75,16.312,0.259,0.0,0.0,0.0,0.0,0.16312,0.259,0.0,0.0,0.0,0.0,0.42212,11.953125,0.1900923438944719,37.546875,0.5971135978802825,0.179296875,0.2851385158417078,1.314140625,2.089897592580989,3.868473608422697,1303,,,0.0007703859791865,Information
622283,11365.0,476.2498057,BRA,Brazil,Mato Grosso,3.423811801,0.0,0.63,0.51,11365.0,,,,,,,,,,,,,,,,,,,,,,,,,2.3045696722002544,68.47623602,0.0,,24.062,5.052,4.688,0.984,0.188,0.039,0.0,0.0,0.04688,0.984,0.00282,0.0584999999999999,0.0,0.0,1.0922,1.40625,0.2952757110335912,2.390625,0.5019687087571051,0.02109375,0.4429135665503868,0.083671875,1.7568904806498675,2.3045696722002544,0,,,0.0044503123154145,Information
622284,11366.0,11936.78818,BRA,Brazil,Mato Grosso,0.53802085,0.0,0.63,0.51,11366.0,,,,,,,,,,,,,,,,,,,,,,,,,2.5688247343233765,10.760417,0.0,,150.812,1.263,30.375,0.254,0.0,0.0,0.0,0.0,0.30375,0.254,0.0,0.0,0.0,0.0,0.55775,6.890625,0.0577259552131242,36.984375,0.3098352290010543,0.103359375,0.0865889328196863,1.294453125,1.0844233015036902,2.5688247343233765,10394,,,0.0001941753528908,Information
622285,11367.0,1425.175483,BRA,Brazil,Mato Grosso,4.14573609,0.0,0.63,0.51,11367.0,,,,,,,,,,,,,,,,,,,,,,,,,2.125046446336459,82.9147218,0.0,,27.375,1.921,3.0,0.211,0.0,0.0,0.062,0.004,0.03,0.211,0.0,0.0,0.00155,0.01,0.25255,0.28125,0.019734411897469,7.453125,0.5229619152829301,0.00421875,0.0296016178462035,0.260859375,1.8303667034902555,2.125046446336459,0,,,0.0185608306092782,Information
622287,11369.0,4675.947388,BRA,Brazil,Mato Grosso,0.699920646,0.0,0.63,0.51,11369.0,,,,,,,,,,,,,,,,,,,,,,,,,2.597440051075626,13.99841292,0.0,,97.188,2.078,73.5,1.572,0.0,0.0,0.0,0.0,0.735,1.572,0.0,0.0,0.0,0.0,2.307,8.578125,0.183452128276318,19.96875,0.4270524953317568,0.128671875,0.275178192414477,0.69890625,1.494683733661149,2.597440051075626,478,,,0.0002327692832815,Information
622291,11372.0,3636.519259,BRA,Brazil,Mato Grosso,4.07000287,0.0,0.63,0.51,11372.0,,,,,,,,,,,,,,,,,,,,,,,,,12.215534602275405,81.4000574,0.0,,282.188,7.76,26.5,0.729,29.125,0.801,0.125,0.003,0.265,0.729,0.436875,1.2015,0.003125,0.0075,2.643,33.75,0.928085281478997,78.609375,2.1616653014448306,0.50625,1.3921279222184957,2.751328125,7.565828555056907,12.215534602275405,0,,,0.3370783650921809,Information
622292,11373.0,11737.33386,BRA,Brazil,Mato Grosso,2.028151421,0.0,0.63,0.51,11373.0,,,,,,,,,,,,,,,,,,,,,,,,,5.664461305380501,40.56302842,0.0,,327.812,2.793,59.625,0.508,34.0,0.29,0.0,0.0,0.59625,0.508,0.51,0.4349999999999999,0.0,0.0,2.04925,5.0625,0.0431316009166427,85.21875,0.7260486154301534,0.0759375,0.064697401374964,2.98265625,2.541170154005537,5.664461305380501,4574,,,0.0093689501800311,Information
622293,11374.0,2581.337571,BRA,Brazil,Mato Grosso,4.094052569,0.0,0.63,0.51,11374.0,,,,,,,,,,,,,,,,,,,,,,,,,6.058942249276018,81.88105137999999,0.0,,94.25,3.651,44.75,1.734,5.25,0.203,0.125,0.005,0.4475,1.734,0.07875,0.3045,0.003125,0.0125,2.580375,6.75,0.2614923393272045,32.625,1.263879640081489,0.10125,0.3922385089908067,1.141875,4.423578740285211,6.058942249276018,0,,,0.1366656730056934,Information
622295,11376.0,1677.974107,BRA,Brazil,Mato Grosso,3.780348035,0.0,0.63,0.51,11376.0,,,,,,,,,,,,,,,,,,,,,,,,,1.605050260644242,75.6069607,0.0,,96.625,5.758,2.688,0.16,1.688,0.101,0.0,0.0,0.02688,0.16,0.02532,0.1515,0.0,0.0,0.3637,0.28125,0.0167612836663931,6.46875,0.3855095243270435,0.00421875,0.0251419254995896,0.22640625,1.3492833351446525,1.605050260644242,0,,,0.0032528331108826,Information
622296,11377.0,8597.956025,BRA,Brazil,Mato Grosso,1.5511294,0.0,0.63,0.51,11377.0,,,,,,,,,,,,,,,,,,,,,,,,,1.6152027801408446,31.022588,0.0,,263.438,3.064,27.312,0.318,4.625,0.054,0.0,0.0,0.27312,0.318,0.069375,0.081,0.0,0.0,0.741495,1.546875,0.0179911945980212,20.671875,0.2404277823553751,0.023203125,0.0269867918970318,0.723515625,0.8414972382438128,1.6152027801408446,17302,,,8.69068410390417e-05,Information
622297,11378.0,2165.702486,BRA,Brazil,Mato Grosso,1.007939876,0.0,0.63,0.51,11378.0,,,,,,,,,,,,,,,,,,,,,,,,,5.529666915775568,20.15879752,0.0,,69.938,3.229,7.438,0.343,7.188,0.332,0.0,0.0,0.07438,0.343,0.10782,0.498,0.0,0.0,1.0232,1.96875,0.0909058383155113,27.28125,1.2596951880863718,0.02953125,0.1363587574732669,0.95484375,4.408933158302301,5.529666915775568,698,,,0.0037935551710927,Information
622298,11379.0,4392.089668,BRA,Brazil,Mato Grosso,0.981996912,0.0,0.63,0.51,11379.0,11379.0,0.0,1.0,-9999.0,-9999.0,-9999.0,0.0,10.0,-999.9,-999.9,-999.9,-5979.4,0.0,0.0,0.0,0.0,0.0,0.0,0.0,0.0,0.0,0.0,0.0,-5979.4,1.1148,19.63993824,0.0,,193.312,4.401,14.062,0.32,13.312,0.303,0.0,0.0,0.14062,0.32,0.19968,0.4545,0.0,0.0,1.1148,1.125,0.0256142311529802,1.6875,0.0384213467294704,0.016875,0.0384213467294703,0.0590625,0.1344747135531464,0.2488335602826167,4185,,,9.435681997102804e-06,Information
622299,11380.0,7291.827608,BRA,Brazil,Mato Grosso,0.337703893,0.0,0.63,0.51,11380.0,,,,,,,,,,,,,,,,,,,,,,,,,2.711175215045712,6.75407786,0.0,,200.875,2.755,33.062,0.453,0.0,0.0,0.0,0.0,0.3306199999999999,0.453,0.0,0.0,0.0,0.0,0.78362,11.25,0.1542823089835879,27.84375,0.38184871473438,0.16875,0.2314234634753818,0.97453125,1.33647050157033,2.711175215045712,982,,,0.0002016933691179,Information
622321,11382.0,7484.338475,BRA,Brazil,Pará,4.057086032,0.0,0.63,0.51,11382.0,11382.0,2.0,1.0,100.0,100.0,-9999.0,7.0,10.0,10.0,10.0,-999.9,-1925.8,0.0,0.0,0.0,0.0,0.0,0.0,0.0,0.0,0.0,0.0,0.0,-1925.8,19.15748969919261,81.14172064,0.0,,10.0,0.134,8.125,0.109,0.0,0.0,0.0,0.0,0.08125,0.109,0.0,0.0,0.0,0.0,0.19025,29.25,0.3908161034780181,221.765625,2.9630624768501663,0.43875,0.5862241552170271,7.761796875,10.370718668975584,19.15748969919261,82023,,,0.5062797724790311,Advisory
622322,11383.0,4470.659376,BRA,Brazil,Amapá,1.286080466,0.0,0.63,0.51,11383.0,11383.0,2.0,1.0,100.0,100.0,-9999.0,7.0,10.0,10.0,10.0,-999.9,-1925.8,0.0,0.0,0.0,0.0,0.0,0.0,0.0,0.0,0.0,0.0,0.0,-1925.8,0.4665553135116567,25.72160932,0.0,,16.312,0.365,7.438,0.166,0.0,0.0,0.0,0.0,0.07438,0.166,0.0,0.0,0.0,0.0,0.24038,0.421875,0.0094365274686338,3.9375,0.088074256373916,0.006328125,0.0141547912029507,0.1378125,0.308259897308706,0.4665553135116567,0,,,1.9870022438761481e-07,Information
622323,11384.0,7527.9639,BRA,Brazil,Pará,1.542611408,0.0,0.63,0.51,11384.0,11384.0,2.0,15.0,100.0,100.0,-9999.0,7.0,1.0,10.0,10.0,-999.9,-1930.3,0.0,0.0,0.0,0.0,0.0,0.0,0.0,0.0,0.0,0.0,0.0,-1930.3,2.76513367750826,30.85222816,0.0,,,,,,,,,,,,,,,,,13.21875,0.175595289444377,28.265625,0.3754750338119126,0.19828125,0.2633929341665655,0.989296875,1.314162618341694,2.76513367750826,0,,,0.0006428406807858,Information
622324,11385.0,9654.805128,BRA,Brazil,Pará,1.45814274,0.0,0.63,0.51,11385.0,11385.0,1.0,14.0,100.0,7.0,-9999.0,3.0,1.0,10.0,0.7,-999.9,-1964.76,0.0,0.0,0.0,0.0,0.0,0.0,0.0,0.0,0.0,0.0,0.0,-1964.76,1.0420514180589,29.1628548,0.0,,,,,,,,,,,,,,,,,4.921875,0.0509785017364327,12.515625,0.1296310472726431,0.073828125,0.076467752604649,0.438046875,0.4537086654542508,1.0420514180589,0,,,1.2258958477633936e-05,Information
622326,11387.0,4600.303744,BRA,Brazil,Amapá,3.156985149,0.0,0.63,0.51,11387.0,11387.0,2.0,14.0,100.0,100.0,-9999.0,7.0,1.0,10.0,10.0,-999.9,-1937.8,0.0,0.0,0.0,0.0,0.0,0.0,0.0,0.0,0.0,0.0,0.0,-1937.8,1.213966836301557,63.13970298,0.0,,34.812,0.757,13.5,0.293,0.625,0.014,0.0,0.0,0.135,0.293,0.009375,0.021,0.0,0.0,0.458375,2.53125,0.055023540637603,9.84375,0.2139804358129007,0.03796875,0.0825353109564045,0.34453125,0.7489315253451524,1.213966836301557,0,,,0.0003209749780343,Information
622327,11388.0,3664.626369,BRA,Brazil,Pará,1.437197167,0.0,0.63,0.51,11388.0,11388.0,1.0,15.0,100.0,5.0,-9999.0,3.0,1.0,10.0,0.5,-999.9,-1970.8,0.0,0.0,0.0,0.0,0.0,0.0,0.0,0.0,0.0,0.0,0.0,-1970.8,2.8813650981064822,28.74394334,0.0,,30.688,0.837,19.125,0.522,2.125,0.058,0.0,0.0,0.19125,0.522,0.031875,0.087,0.0,0.0,0.832125,5.90625,0.1611692272438075,19.546875,0.5333933949259346,0.08859375,0.2417538408657112,0.684140625,1.866876882240771,2.8813650981064822,0,,,0.0006682711335318,Information
622328,11389.0,4680.236858,BRA,Brazil,Amapá,4.041269704,0.0,0.63,0.51,11389.0,11389.0,1.0,15.0,100.0,11.0,-9999.0,3.0,1.0,10.0,1.1,-999.9,-1956.7,0.0,0.0,0.0,0.0,0.0,0.0,0.0,0.0,0.0,0.0,0.0,-1956.7,1.8349367398255727,80.82539408000001,0.0,,6.625,0.142,5.562,0.119,0.0,0.0,0.0,0.0,0.05562,0.119,0.0,0.0,0.0,0.0,0.17462,1.265625,0.0270419006212263,16.171875,0.3455353968267811,0.018984375,0.0405628509318394,0.566015625,1.2093738888937338,1.8349367398255727,0,,,0.0094733808286221,Information
622329,11390.0,14477.74633,BRA,Brazil,Amapá,4.044227741,0.0,0.63,0.51,11390.0,11390.0,1.0,15.0,100.0,9.0,-9999.0,3.0,1.0,10.0,0.9,-999.9,-2370.6400000000003,0.0,0.0,0.0,0.0,0.0,0.0,0.0,0.0,0.0,0.0,0.0,-2370.6400000000003,3.062307974461252,80.88455482,0.0,,,,,,,,,,,,,,,,,10.828125,0.0747915093427922,47.109375,0.3253916315563038,0.162421875,0.1121872640141883,1.648828125,1.1388707104470632,3.062307974461252,0,,,0.0335258164575997,Information
622330,11391.0,2393.296415,BRA,Brazil,Pará,4.073599977,0.0,0.63,0.51,11391.0,11391.0,1.0,1.0,100.0,-9999.0,-9999.0,3.0,10.0,10.0,-999.9,-999.9,-3953.6,0.0,0.0,0.0,0.0,0.0,0.0,0.0,0.0,0.0,0.0,0.0,-3953.6,17.94293920912683,81.47199954,0.0,,7.25,0.303,1.938,0.081,0.0,0.0,0.0,0.0,0.0193799999999999,0.081,0.0,0.0,0.0,0.0,0.10038,32.484375,1.3573068008556404,85.078125,3.5548511450981057,0.487265625,2.0359602012834603,2.977734375,12.44197900784337,17.94293920912683,571,,,0.4872015555903586,Advisory
622341,11392.0,11839.38422,BRA,Brazil,Pará,4.042338694,0.0,0.63,0.51,11392.0,11392.0,2.0,15.0,100.0,100.0,-9999.0,7.0,1.0,10.0,10.0,-999.9,-1930.1333333333328,0.0,0.0,0.0,0.0,0.0,0.0,0.0,0.0,0.0,0.0,0.0,-1930.1333333333328,17.124442325938894,80.84677388,0.0,,161.062,1.36,31.188,0.263,0.375,0.003,0.0,0.0,0.31188,0.263,0.005625,0.0045,0.0,0.0,0.585005,71.578125,0.6045764177880628,234.5625,1.9812052355019427,1.073671875,0.9068646266820942,8.2096875,6.9342183242568,17.124442325938894,15567,,,0.4554258372679959,Advisory
622342,11393.0,4580.296416,BRA,Brazil,Pará,0.791289036,0.0,0.63,0.51,11393.0,11393.0,1.0,1.0,100.0,-9999.0,-9999.0,3.0,10.0,10.0,-999.9,-999.9,-3953.6,0.0,0.0,0.0,0.0,0.0,0.0,0.0,0.0,0.0,0.0,0.0,-3953.6,1.906974577318078,15.82578072,0.0,,36.438,0.796,9.688,0.212,0.0,0.0,0.0,0.0,0.09688,0.212,0.0,0.0,0.0,0.0,0.30888,2.53125,0.0552638905909047,16.03125,0.3500046404090631,0.03796875,0.082895835886357,0.56109375,1.225016241431721,1.906974577318078,0,,,7.612493579009498e-05,Information
622343,11394.0,3254.757462,BRA,Brazil,Pará,2.902851914,0.0,0.63,0.51,11394.0,,,,,,,,,,,,,,,,,,,,,,,,,3.384567425517977,58.05703828,0.0,,71.25,2.189,24.562,0.755,3.5,0.108,0.125,0.004,0.24562,0.755,0.0525,0.162,0.003125,0.01,1.228245,10.125,0.3110830873727484,19.40625,0.5962425841311012,0.151875,0.4666246310591226,0.67921875,2.0868490444588543,3.384567425517977,0,,,0.0059165217254722,Information
622344,11395.0,2582.420591,BRA,Brazil,Pará,1.360323748,0.0,0.63,0.51,11395.0,11395.0,1.0,14.0,100.0,-9999.0,-9999.0,3.0,1.0,10.0,-999.9,-999.9,-3971.6,0.0,0.0,0.0,0.0,0.0,0.0,0.0,0.0,0.0,0.0,0.0,-3971.6,-3971.6,27.20647496,0.0,,,,,,,,,,,,,,,,,,,,,,,,,,0,,,,
622345,11396.0,5390.706299,BRA,Brazil,Pará,1.744012615,0.0,0.63,0.51,11396.0,11396.0,2.0,14.0,100.0,100.0,-9999.0,7.0,1.0,10.0,10.0,-999.9,-1957.6,0.0,0.0,0.0,0.0,0.0,0.0,0.0,0.0,0.0,0.0,0.0,-1957.6,2.491249364952677,34.880252299999995,0.0,,28.875,0.536,3.312,0.061,5.562,0.103,1.375,0.026,0.03312,0.061,0.08343,0.1545,0.034375,0.065,0.4314249999999999,8.296875,0.1539107222517453,21.375,0.3965157590214455,0.124453125,0.2308660833776179,0.748125,1.387805156575059,2.491249364952677,0,,,0.0005503356225841,Information
622346,11397.0,4631.144249,BRA,Brazil,Pará,4.011333733,0.0,0.63,0.51,11397.0,11397.0,2.0,1.0,100.0,100.0,-9999.0,7.0,10.0,10.0,10.0,-999.9,-1934.8,0.0,0.0,0.0,0.0,0.0,0.0,0.0,0.0,0.0,0.0,0.0,-1934.8,0.6419783262717909,80.22667466,0.0,,37.938,0.819,14.625,0.316,0.125,0.003,0.0,0.0,0.14625,0.316,0.001875,0.0045,0.0,0.0,0.468625,0.421875,0.0091095197495873,5.625,0.1214602633278314,0.006328125,0.0136642796243809,0.196875,0.4251109216474099,0.6419783262717909,0,,,0.0003045443846465,Information
622347,11398.0,3188.443211,BRA,Brazil,Pará,4.075491368,0.0,0.63,0.51,11398.0,11398.0,2.0,15.0,100.0,100.0,-9999.0,7.0,1.0,10.0,10.0,-999.9,-1943.8,0.0,0.0,0.0,0.0,0.0,0.0,0.0,0.0,0.0,0.0,0.0,-1943.8,2.358675746746885,81.50982736,0.0,,,,,,,,,,,,,,,,,1.265625,0.0396941364876004,15.75,0.4939714762901386,0.018984375,0.0595412047314006,0.55125,1.728900167015485,2.358675746746885,362,,,0.0197404602026467,Information
622349,11400.0,2222.141407,BRA,Brazil,Pará,0.867920679,0.0,0.63,0.51,11400.0,11400.0,2.0,14.0,100.0,100.0,-9999.0,7.0,1.0,10.0,10.0,-999.9,-1943.8,0.0,0.0,0.0,0.0,0.0,0.0,0.0,0.0,0.0,0.0,0.0,-1943.8,0.2165689439473063,17.35841358,0.0,,,,,,,,,,,,,,,,,0.0,0.0,1.125,0.0506268411278018,0.0,0.0,0.039375,0.1771939439473063,0.2165689439473063,0,,,1.3877007180430646e-09,Information
622351,11401.0,2974.752346,BRA,Brazil,Pará,3.571964356,0.0,0.63,0.51,11401.0,11401.0,1.0,1.0,100.0,-9999.0,-9999.0,3.0,10.0,10.0,-999.9,-999.9,-3953.6,0.0,0.0,0.0,0.0,0.0,0.0,0.0,0.0,0.0,0.0,0.0,-3953.6,55.40728191087982,71.43928712,0.0,3.0,63.25,2.126,27.125,0.912,6.0,0.202,2.25,0.076,0.27125,0.912,0.09,0.303,0.05625,0.19,1.8225,154.546875,5.19528542280754,296.71875,9.974569829048145,2.318203125,7.79292813421131,10.38515625,34.9109944016685,55.40728191087982,2946,473.0,16.055668703326546,0.7462318963914869,Watch
622352,11402.0,4335.448774,BRA,Brazil,Pará,4.006234546,0.0,0.63,0.51,11402.0,11402.0,1.0,2.0,100.0,2.0,2.0,3.0,9.0,10.0,0.2,0.2,44.8,0.0,0.0,0.0,0.0,0.0,0.0,0.0,0.0,0.0,0.0,0.0,44.8,70.5343212887037,80.12469092,0.0,3.0,40.25,0.928,21.375,0.493,6.875,0.159,3.938,0.091,0.21375,0.493,0.103125,0.2385,0.09845,0.2274999999999999,1.374325,326.25,7.525172525802463,552.9375,12.753869987696245,4.89375,11.287758788703696,19.3528125,35.0,70.5343212887037,2304,0.0,0.0,0.8973546170060946,Warning
622353,11403.0,1598.735136,BRA,Brazil,Pará,2.663808571,0.0,0.63,0.51,11403.0,,,,,,,,,,,,,,,,,,,,,,,,,3.83605205413179,53.27617142,0.0,,89.375,5.59,13.375,0.837,1.125,0.07,1.062,0.066,0.13375,0.837,0.016875,0.105,0.02655,0.165,1.284175,6.046875,0.3782286923608164,12.515625,0.7828454330258758,0.090703125,0.5673430385412246,0.438046875,2.739959015590565,3.83605205413179,0,,,0.0062129867491852,Information
622354,11404.0,4340.528121,BRA,Brazil,Pará,2.947264814,0.0,0.63,0.51,11404.0,11404.0,1.0,1.0,100.0,-9999.0,-9999.0,3.0,10.0,10.0,-999.9,-999.9,-3953.6,0.0,0.0,0.0,0.0,0.0,0.0,0.0,0.0,0.0,0.0,0.0,-3953.6,2.174357545083199,58.94529628,0.0,,41.562,0.958,16.938,0.39,0.125,0.003,0.062,0.001,0.1693799999999999,0.39,0.001875,0.0045,0.00155,0.0025,0.5698049999999999,6.46875,0.1490314040039042,16.03125,0.3693386968792408,0.09703125,0.2235471060058562,0.56109375,1.2926854390773428,2.174357545083199,3753,,,0.0016507680757311,Information
622355,11405.0,422.4051198,BRA,Brazil,Pará,2.456512149,0.0,0.63,0.51,11405.0,,,,,,,,,,,,,,,,,,,,,,,,,54.156171875,49.13024298,0.0,,13.188,3.122,7.938,1.879,6.188,1.465,3.625,0.858,0.0793799999999999,1.879,0.09282,2.1975,0.090625,2.145,6.484325,60.1875,14.248761953368982,92.953125,22.005681427983408,0.9028125,15.0,3.253359375,35.0,54.156171875,8873,,,0.5249588239070241,Advisory
622356,11406.0,4620.494903,BRA,Brazil,Pará,3.483892044,0.0,0.63,0.51,11406.0,11406.0,1.0,1.0,100.0,2.0,-9999.0,3.0,10.0,10.0,0.2,-999.9,-2953.5,0.0,0.0,0.0,0.0,0.0,0.0,0.0,0.0,0.0,0.0,0.0,-2953.5,54.171319108158656,69.67784088,0.0,3.0,151.562,3.28,76.812,1.662,45.812,0.992,35.625,0.771,0.76812,1.662,0.6871799999999999,1.488,0.890625,1.9275,7.423425,236.671875,5.122219155292509,387.703125,8.390943678634253,3.550078125,7.683328732938763,13.569609375,29.36830287521989,54.171319108158656,5668,1022.0,18.03105151729005,0.7191346770712944,Watch
622357,11407.0,1180.054119,BRA,Brazil,Pará,4.006904678,0.0,0.63,0.51,11407.0,,,,,,,,,,,,,,,,,,,,,,,,,58.619609375,80.13809355999999,0.0,3.0,57.125,4.841,37.375,3.167,14.0,1.186,9.562,0.81,0.37375,3.167,0.21,1.779,0.2390499999999999,2.0250000000000004,7.7938,133.3125,11.297151368548914,189.140625,16.028131424787226,1.9996875,15.0,6.619921875,35.0,58.619609375,448,35.0,7.8125,0.8604327418460294,Warning
622358,11408.0,16242.84878,BRA,Brazil,Pará,1.938852858,0.0,0.63,0.51,11408.0,11408.0,2.0,1.0,100.0,100.0,-9999.0,7.0,10.0,10.0,10.0,-999.9,-2748.32,0.0,0.0,0.0,0.0,0.0,0.0,0.0,0.0,0.0,0.0,0.0,-2748.32,16.264223795053177,38.77705716,0.0,,339.0,2.087,161.688,0.995,18.562,0.114,11.062,0.068,1.61688,0.995,0.27843,0.171,0.2765499999999999,0.17,3.5078599999999995,142.171875,0.8752890388941484,226.6875,1.395614174774844,2.132578125,1.3129335583412227,7.9340625,4.884649611711954,16.264223795053177,42757,,,0.0924937082880563,Information
622359,11409.0,1732.690754,BRA,Brazil,Pará,4.006495879,0.0,0.63,0.51,11409.0,11409.0,1.0,4.0,100.0,-9999.0,-9999.0,3.0,7.0,10.0,-999.9,-999.9,-3959.6,0.0,0.0,0.0,0.0,0.0,0.0,0.0,0.0,0.0,0.0,0.0,-3959.6,54.51470327325498,80.12991758,0.0,3.0,29.875,1.724,17.0,0.981,11.375,0.656,7.625,0.44,0.17,0.981,0.170625,0.984,0.190625,1.1,3.59625,125.015625,7.215114682169984,194.765625,11.240645483470674,1.875234375,10.822672023254976,6.816796875,35.0,54.51470327325498,7458,1367.0,18.329310807186914,0.8435738811447706,Warning
622361,11410.0,553.282712,BRA,Brazil,Pará,3.287699092,0.0,0.63,0.51,11410.0,,,,,,,,,,,,,,,,,,,,,,,,,11.574008787293154,65.75398184,0.0,,22.062,3.988,6.312,1.141,0.0,0.0,0.0,0.0,0.06312,1.141,0.0,0.0,0.0,0.0,1.20412,4.359375,0.7879109369202497,15.46875,2.79581300197508,0.065390625,1.1818664053803745,0.54140625,9.78534550691278,11.574008787293154,1941,,,0.1390032760293354,Information
622362,11411.0,17598.0637,BRA,Brazil,Pará,1.982714352,0.0,0.63,0.51,11411.0,11411.0,1.0,1.0,100.0,-9999.0,-9999.0,3.0,10.0,10.0,-999.9,-999.9,-3953.6,0.0,0.0,0.0,0.0,0.0,0.0,0.0,0.0,0.0,0.0,0.0,-3953.6,4.210000924300744,39.65428704,0.0,,164.938,0.937,19.062,0.108,1.875,0.011,0.0,0.0,0.19062,0.108,0.028125,0.0165,0.0,0.0,0.343245,22.78125,0.1294531625126875,66.9375,0.3803685515804892,0.34171875,0.1941797437690312,2.3428125,1.3312899305317123,4.210000924300744,72839,,,0.0038766648011414,Information
622364,11413.0,4922.60936,BRA,Brazil,Pará,0.059097406,0.0,0.63,0.51,11413.0,11413.0,1.0,1.0,100.0,-9999.0,-9999.0,3.0,10.0,10.0,-999.9,-999.9,-2939.7,0.0,0.0,0.0,0.0,0.0,0.0,0.0,0.0,0.0,0.0,0.0,-2939.7,0.1918334981549725,1.18194812,0.0,,,,,,,,,,,,,,,,,0.28125,0.0057134332513321,1.6875,0.0342805995079927,0.00421875,0.0085701498769981,0.0590625,0.1199820982779744,0.1918334981549725,1888,,,2.1270441474165508e-10,Information
622367,11416.0,791.3781168,BRA,Brazil,Pará,0.301471974,0.0,0.63,0.51,11416.0,,,,,,,,,,,,,,,,,,,,,,,,,2.0134678876303425,6.02943948,0.0,,75.188,9.501,4.75,0.6,0.0,0.0,0.0,0.0,0.0475,0.6,0.0,0.0,0.0,0.0,0.6475,0.0,0.0,4.21875,0.533089039322955,0.0,0.0,0.14765625,1.8658116376303424,2.0134678876303425,1190,,,6.073927492779767e-05,Information
622368,11417.0,837.7854954,BRA,Brazil,Pará,3.852085277,0.0,0.63,0.51,11417.0,,,,,,,,,,,,,,,,,,,,,,,,,2.383096040397369,77.04170554,0.0,,47.688,5.692,1.938,0.231,0.0,0.0,0.0,0.0,0.0193799999999999,0.231,0.0,0.0,0.0,0.0,0.25038,1.125,0.1342825826196866,4.78125,0.5707009761336683,0.016875,0.2014238739295298,0.16734375,1.997453416467839,2.383096040397369,0,,,0.011747788506446,Information
622370,11419.0,2619.312993,BRA,Brazil,Pará,4.004155102,0.0,0.63,0.51,11419.0,,,,,,,,,,,,,,,,,,,,,,,,,43.5972806830268,80.08310204,0.0,3.0,14.75,0.563,6.875,0.262,1.25,0.048,0.75,0.029,0.06875,0.262,0.01875,0.072,0.01875,0.0725,0.51275,121.921875,4.654727225475405,206.296875,7.875991741375339,1.828828125,6.982090838213107,7.220390625,27.565971094813687,43.5972806830268,13131,1450.0,11.042571015154977,0.7833115808401316,Watch
622380,11420.0,28468.00201,BRA,Brazil,Pará,2.716469747,0.0,0.63,0.51,11420.0,11420.0,1.0,1.0,100.0,2.0,-9999.0,3.0,10.0,10.0,0.2,-999.9,-2454.15,0.0,0.0,0.0,0.0,0.0,0.0,0.0,0.0,0.0,0.0,0.0,-2454.15,26.660165969013534,54.32939494,0.0,,383.75,1.348,139.125,0.489,12.125,0.043,3.125,0.011,1.39125,0.489,0.181875,0.0645,0.078125,0.0274999999999999,2.23225,234.140625,0.8224694690596961,463.359375,1.6276497901211402,3.512109375,1.2337042035895442,16.217578125,5.696774265423991,26.660165969013534,67928,,,0.2951903820548317,Information
622390,11421.0,176.7657762,BRA,Brazil,Pará,0.025464364,0.0,0.63,0.51,11421.0,,,,,,,,,,,,,,,,,,,,,,,,,48.04651479700236,0.50928728,0.0,,1.562,0.884,1.438,0.813,0.188,0.106,0.562,0.318,0.0143799999999999,0.813,0.00282,0.159,0.01405,0.795,1.79825,14.34375,8.114551531334904,18.84375,10.660293188224284,0.21515625,12.171827297002356,0.65953125,35.0,48.04651479700236,127627,,,0.2333390237922999,Advisory
622412,11423.0,15466.48325,BRA,Brazil,Pará,2.471633436,0.0,0.63,0.51,11423.0,11423.0,1.0,1.0,100.0,-9999.0,-9999.0,3.0,10.0,10.0,-999.9,-999.9,-3953.6,0.0,0.0,0.0,0.0,0.0,0.0,0.0,0.0,0.0,0.0,0.0,-3953.6,9.274631685407382,49.43266872,0.0,,403.125,2.606,65.875,0.426,1.125,0.007,0.75,0.005,0.65875,0.426,0.016875,0.0105,0.01875,0.0125,1.1433749999999998,66.09375,0.4273353478695467,132.609375,0.8573983681723032,0.99140625,0.64100302180432,4.641328125,3.000894288603061,9.274631685407382,12966,,,0.0449407770051534,Information
622413,11424.0,6200.2321,BRA,Brazil,Pará,1.29982406,0.0,0.63,0.51,11424.0,,,,,,,,,,,,,,,,,,,,,,,,,14.97097713506545,25.9964812,0.0,,39.938,0.644,10.562,0.17,1.312,0.021,0.188,0.003,0.1056199999999999,0.17,0.01968,0.0315,0.0046999999999999,0.0075,0.3389999999999999,58.78125,0.9480491866995604,138.515625,2.2340393514331742,0.88171875,1.4220737800493406,4.848046875,7.819137730016109,14.97097713506545,14869,,,0.0550215804336672,Information
622414,11425.0,7208.884762,BRA,Brazil,Pará,2.484467784,0.0,0.63,0.51,11425.0,11425.0,1.0,1.0,100.0,-9999.0,-9999.0,3.0,10.0,10.0,-999.9,-999.9,-3277.6666666666665,0.0,0.0,0.0,0.0,0.0,0.0,0.0,0.0,0.0,0.0,0.0,-3277.6666666666665,0.85025,49.68935568,0.0,,134.062,1.86,35.625,0.494,0.0,0.0,0.0,0.0,0.35625,0.494,0.0,0.0,0.0,0.0,0.85025,0.5625,0.007802871298433,5.765625,0.0799794308089387,0.0084375,0.0117043069476495,0.201796875,0.2799280078312854,0.501866689778935,36544,,,2.247511812572548e-05,Information
622415,11426.0,5968.006768,BRA,Brazil,Pará,3.477653708,0.0,0.63,0.51,11426.0,11426.0,0.0,1.0,-9999.0,-9999.0,-9999.0,0.0,10.0,-999.9,-999.9,-999.9,-5979.4,0.0,0.0,0.0,0.0,0.0,0.0,0.0,0.0,0.0,0.0,0.0,-5979.4,19.06679485272913,69.55307416,0.0,,21.0,0.352,11.25,0.189,1.125,0.019,0.062,0.001,0.1125,0.189,0.016875,0.0284999999999999,0.00155,0.0025,0.3509249999999999,76.078125,1.2747660643219454,171.0,2.865278251784632,1.141171875,1.912149096482918,5.985,10.028473881246212,19.06679485272913,94996,,,0.3198791729642541,Information
622417,11428.0,2645.015324,BRA,Brazil,Pará,3.901034012,0.0,0.63,0.51,11428.0,,,,,,,,,,,,,,,,,,,,,,,,,6.991768532198243,78.02068024,0.0,,30.562,1.155,3.812,0.144,0.25,0.009,0.062,0.002,0.03812,0.144,0.00375,0.0134999999999999,0.00155,0.005,0.20592,13.5,0.5103940183567609,36.0,1.3610507156180291,0.2025,0.7655910275351414,1.26,4.763677504663102,6.991768532198243,3998,,,0.1260282774047721,Information
622419,11430.0,676.6403139,BRA,Brazil,Pará,0.186956526,0.0,0.63,0.51,11430.0,,,,,,,,,,,,,,,,,,,,,,,,,11.549415667097788,3.73913052,0.0,,6.75,0.998,0.688,0.102,0.062,0.009,0.0,0.0,0.00688,0.102,0.0009299999999999,0.0134999999999999,0.0,0.0,0.1233099999999999,7.453125,1.1014899418466528,17.71875,2.6186364655222314,0.111796875,1.6522349127699791,0.62015625,9.16522762932781,11.549415667097788,0,,,0.0169850236616439,Information
622421,11431.0,4592.920488,BRA,Brazil,Pará,0.828831549,0.0,0.63,0.51,11431.0,,,,,,,,,,,,,,,,,,,,,,,,,6.107793411382344,16.57663098,0.0,,91.75,1.998,8.812,0.192,0.062,0.001,0.0,0.0,0.0881199999999999,0.192,0.0009299999999999,0.0015,0.0,0.0,0.2825499999999999,10.6875,0.2326950799305473,50.34375,1.0961162975675782,0.1603125,0.3490426198958209,1.76203125,3.836407041486524,6.107793411382344,5701,,,0.00446970135356,Information
622422,11432.0,5654.877252,BRA,Brazil,Pará,2.968665606,0.0,0.63,0.51,11432.0,,,,,,,,,,,,,,,,,,,,,,,,,1.728510372262366,59.37331212,0.0,,109.625,1.939,11.188,0.198,0.0,0.0,0.0,0.0,0.11188,0.198,0.0,0.0,0.0,0.0,0.30988,3.234375,0.0571962017162937,16.453125,0.2909545913394073,0.048515625,0.0857943025744405,0.575859375,1.0183410696879256,1.728510372262366,445,,,0.0007965552982804,Information
622423,11433.0,610.3130449,BRA,Brazil,Pará,2.374040273,0.0,0.63,0.51,11433.0,,,,,,,,,,,,,,,,,,,,,,,,,5.5985242346970026,47.48080546,0.0,,4.125,0.676,2.25,0.369,0.125,0.02,0.0,0.0,0.0225,0.369,0.001875,0.03,0.0,0.0,0.423375,2.109375,0.3456218112246945,8.296875,1.3594457908171318,0.031640625,0.5184327168370417,0.290390625,4.758060267859961,5.5985242346970026,419,,,0.012588513040523,Information
622424,11434.0,7341.684009,BRA,Brazil,Pará,3.323714661,0.0,0.63,0.51,11434.0,,,,,,,,,,,,,,,,,,,,,,,,,1.3137254203704616,66.47429321999999,0.0,,193.875,2.641,28.062,0.382,1.438,0.02,0.0,0.0,0.28062,0.382,0.02157,0.03,0.0,0.0,0.71419,1.96875,0.0268160547033791,15.046875,0.2049512752329694,0.02953125,0.0402240820550686,0.526640625,0.7173294633153929,1.3137254203704616,0,,,0.0005988115952569,Information
622425,11435.0,2890.360813,BRA,Brazil,Pará,0.570273999,0.0,0.63,0.51,11435.0,11435.0,0.0,1.0,-9999.0,-9999.0,-9999.0,0.0,10.0,-999.9,-999.9,-999.9,-5979.4,0.0,0.0,0.0,0.0,0.0,0.0,0.0,0.0,0.0,0.0,0.0,-5979.4,6.798370526718713,11.40547998,0.0,,57.688,1.996,6.688,0.231,0.125,0.004,0.0,0.0,0.06688,0.231,0.001875,0.006,0.0,0.0,0.305755,10.40625,0.3600329049605025,39.09375,1.352556048365131,0.15609375,0.5400493574407538,1.36828125,4.733946169277959,6.798370526718713,1097,,,0.0051234083042578,Information
622426,11436.0,16175.46831,BRA,Brazil,Pará,1.592700262,0.0,0.63,0.51,11436.0,,,,,,,,,,,,,,,,,,,,,,,,,2.8081176061489166,31.85400524,0.0,,178.562,1.104,51.25,0.317,0.0,0.0,0.0,0.0,0.5125,0.317,0.0,0.0,0.0,0.0,0.8294999999999999,14.625,0.090414692900719,43.3125,0.267766590513668,0.219375,0.1356220393510785,1.5159375,0.937183066797838,2.8081176061489166,1797,,,0.0007134886488807,Information
622427,11437.0,11103.20432,BRA,Brazil,Pará,1.119209825,0.0,0.63,0.51,11437.0,11437.0,0.0,1.0,-9999.0,-9999.0,-9999.0,0.0,10.0,-999.9,-999.9,-999.9,-5979.4,0.0,0.0,0.0,0.0,0.0,0.0,0.0,0.0,0.0,0.0,0.0,-5979.4,4.617221014491918,22.3841965,0.0,,207.188,1.866,36.375,0.328,0.0,0.0,0.0,0.0,0.36375,0.328,0.0,0.0,0.0,0.0,0.6917500000000001,23.484375,0.2115098878698409,59.34375,0.534474087910616,0.352265625,0.3172648318047613,2.07703125,1.870659307687156,4.617221014491918,23842,,,0.0023864222103311,Information
622428,11438.0,4604.194275,BRA,Brazil,Pará,0.094863886,0.0,0.63,0.51,11438.0,,,,,,,,,,,,,,,,,,,,,,,,,1.9581728138206456,1.89727772,0.0,,99.562,2.162,35.625,0.774,0.0,0.0,0.0,0.0,0.35625,0.774,0.0,0.0,0.0,0.0,1.13025,3.09375,0.0671941672074127,16.3125,0.3542965180027219,0.04640625,0.100791250811119,0.5709375,1.2400378130095266,1.9581728138206456,0,,,4.53891939442784e-05,Information
622429,11439.0,5929.12183,BRA,Brazil,Pará,1.513854466,0.0,0.63,0.51,11439.0,,,,,,,,,,,,,,,,,,,,,,,,,1.4790939528638076,30.27708932,0.0,,150.375,2.536,8.312,0.14,0.0,0.0,0.0,0.0,0.08312,0.14,0.0,0.0,0.0,0.0,0.22312,4.21875,0.0711530327864986,13.921875,0.2348050081954456,0.06328125,0.1067295491797478,0.487265625,0.8218175286840597,1.4790939528638076,1911,,,5.831604010512304e-05,Information
622431,11440.0,12093.14204,BRA,Brazil,Pará,3.422569844,0.0,0.63,0.51,11440.0,11440.0,0.0,1.0,-9999.0,-9999.0,-9999.0,0.0,10.0,-999.9,-999.9,-999.9,-5979.4,0.0,0.0,0.0,0.0,0.0,0.0,0.0,0.0,0.0,0.0,0.0,-5979.4,10.0695841383023,68.45139688,0.0,,37.0,0.306,12.312,0.102,0.625,0.005,0.125,0.001,0.12312,0.102,0.009375,0.0075,0.003125,0.0025,0.2476199999999999,51.46875,0.4256027907561274,135.421875,1.119823736333745,0.77203125,0.6384041861341911,4.739765625,3.919383077168108,10.0695841383023,742,,,0.1267249514539445,Information
622432,11441.0,13573.17738,BRA,Brazil,Pará,4.06102197,0.0,0.63,0.51,11441.0,,,,,,,,,,,,,,,,,,,,,,,,,2.090609404024902,81.22043939999999,0.0,,64.312,0.474,11.5,0.085,2.812,0.021,0.0,0.0,0.115,0.085,0.04218,0.0315,0.0,0.0,0.27368,7.734375,0.0569827888100112,31.078125,0.2289672059456816,0.116015625,0.0854741832150168,1.087734375,0.8013852208098856,2.090609404024902,2813,,,0.0140705595912117,Information
622433,11442.0,3097.116798,BRA,Brazil,Pará,0.655282746,0.0,0.63,0.51,11442.0,11442.0,0.0,1.0,-9999.0,-9999.0,-9999.0,0.0,10.0,-999.9,-999.9,-999.9,-5979.4,0.0,0.0,0.0,0.0,0.0,0.0,0.0,0.0,0.0,0.0,0.0,-5979.4,4.932840153364846,13.10565492,0.0,,5.375,0.174,2.375,0.077,0.0,0.0,0.0,0.0,0.02375,0.077,0.0,0.0,0.0,0.0,0.10075,10.828125,0.3496195237300701,28.6875,0.926264712219926,0.162421875,0.5244292855951052,1.0040625,3.241926492769741,4.932840153364846,0,,,0.0020603042763543,Information
622437,11446.0,12096.93346,BRA,Brazil,Pará,1.70184015,0.0,0.63,0.51,11446.0,,,,,,,,,,,,,,,,,,,,,,,,,7.767853716148965,34.036803,0.0,,30.375,0.251,8.188,0.068,0.75,0.006,0.0,0.0,0.08188,0.068,0.01125,0.009,0.0,0.0,0.17013,32.484375,0.2685339644280459,107.578125,0.8893007912876847,0.487265625,0.4028009466420688,3.765234375,3.1125527695068964,7.767853716148965,2405,,,0.0162136610786511,Information
622438,11447.0,9781.589014,BRA,Brazil,Pará,1.131917614,0.0,0.63,0.51,11447.0,,,,,,,,,,,,,,,,,,,,,,,,,2.7372536076746496,22.63835228,0.0,,265.062,2.71,79.25,0.81,4.562,0.047,0.0,0.0,0.7925,0.81,0.06843,0.0705,0.0,0.0,1.74143,16.734375,0.1710803324034112,31.5,0.3220335668770094,0.251015625,0.2566204986051168,1.1025,1.1271174840695328,2.7372536076746496,122,,,0.0004165809582581,Information
622439,11448.0,201.0878249,BRA,Brazil,Amazonas,4.046897709,0.0,0.63,0.51,11448.0,11448.0,0.0,1.0,-9999.0,-9999.0,-9999.0,0.0,10.0,-999.9,-999.9,-999.9,-5979.4,0.0,0.0,0.0,0.0,0.0,0.0,0.0,0.0,0.0,0.0,0.0,-5979.4,7.740214276023982,80.93795417999999,0.0,,1.0,0.497,1.0,0.497,0.0,0.0,0.0,0.0,0.01,0.497,0.0,0.0,0.0,0.0,0.507,0.0,0.0,4.359375,2.1678960431497094,0.0,0.0,0.152578125,7.5876361510239825,7.740214276023982,415,,,0.1837224282855133,Information
622443,11451.0,10740.04257,BRA,Brazil,Mato Grosso,4.041480294,0.0,0.63,0.51,11451.0,11451.0,0.0,1.0,-9999.0,-9999.0,-9999.0,0.0,10.0,-999.9,-999.9,-999.9,-5979.4,0.0,0.0,0.0,0.0,0.0,0.0,0.0,0.0,0.0,0.0,0.0,-5979.4,3.769256064931038,80.82960588,0.0,,139.875,1.302,51.25,0.477,0.312,0.003,0.0,0.0,0.5125,0.477,0.00468,0.0045,0.0,0.0,0.99868,19.546875,0.181999976963555,47.390625,0.4412517427102016,0.293203125,0.2729999654453325,1.658671875,1.5443810994857057,3.769256064931038,0,,,0.0519227864084755,Information
622444,11452.0,9392.560145,BRA,Brazil,Mato Grosso,1.124032873,0.0,0.63,0.51,11452.0,,,,,,,,,,,,,,,,,,,,,,,,,3.667051830186966,22.48065746,0.0,,131.562,1.401,43.938,0.468,0.0,0.0,0.0,0.0,0.43938,0.468,0.0,0.0,0.0,0.0,0.90738,5.203125,0.0553962382952634,48.515625,0.5165324922125918,0.078046875,0.083094357442895,1.698046875,1.807863722744072,3.667051830186966,12450,,,0.0011398732830492,Information
622445,11453.0,10838.19319,BRA,Brazil,Mato Grosso,2.156922572,0.0,0.63,0.51,11453.0,,,,,,,,,,,,,,,,,,,,,,,,,13.863451793241955,43.13845144,0.0,,92.75,0.856,38.062,0.351,0.062,0.001,0.0,0.0,0.3806199999999999,0.351,0.0009299999999999,0.0015,0.0,0.0,0.7340499999999999,52.171875,0.4813705947669949,183.65625,1.6945282931689902,0.782578125,0.7220558921504924,6.42796875,5.930849026091466,13.863451793241955,32213,,,0.0790687547647557,Information
622446,11454.0,94255.86466,BRA,Brazil,Mato Grosso,0.310551602,0.0,0.63,0.51,11454.0,11454.0,0.0,1.0,-9999.0,-9999.0,-9999.0,0.0,10.0,-999.9,-999.9,-999.9,-5979.4,0.0,0.0,0.0,0.0,0.0,0.0,0.0,0.0,0.0,0.0,0.0,-5979.4,9.929182905047062,6.211032039999999,0.0,,951.625,1.01,281.438,0.299,2.562,0.003,0.625,0.001,2.81438,0.299,0.03843,0.0045,0.015625,0.0025,3.174435,68.203125,0.0723595558193506,227.25,0.2410990560908671,1.023046875,0.1085393337290258,7.95375,0.8438466963180349,9.929182905047062,166849,,,0.0123658124647726,Information
622447,11455.0,2394.601374,BRA,Brazil,Mato Grosso,2.82823303,0.0,0.63,0.51,11455.0,11455.0,0.0,1.0,-9999.0,-9999.0,-9999.0,0.0,10.0,-999.9,-999.9,-999.9,-5979.4,0.0,0.0,0.0,0.0,0.0,0.0,0.0,0.0,0.0,0.0,0.0,-5979.4,2.725923690491073,56.5646606,0.0,,5.75,0.24,4.625,0.193,0.0,0.0,0.0,0.0,0.04625,0.193,0.0,0.0,0.0,0.0,0.23925,0.0,0.0,15.046875,0.6283665901403067,0.0,0.0,0.526640625,2.1992830654910733,2.725923690491073,0,,,0.0028160427276305,Information
622448,11456.0,14663.79972,BRA,Brazil,Mato Grosso,1.314266982,0.0,0.63,0.51,11456.0,11456.0,0.0,1.0,-9999.0,-9999.0,-9999.0,0.0,10.0,-999.9,-999.9,-999.9,-5979.4,0.0,0.0,0.0,0.0,0.0,0.0,0.0,0.0,0.0,0.0,0.0,-5979.4,1.878003955158816,26.28533964,0.0,,265.0,1.807,49.0,0.334,0.0,0.0,0.0,0.0,0.49,0.334,0.0,0.0,0.0,0.0,0.8240000000000001,5.203125,0.0354827882126904,29.671875,0.2023477922399371,0.078046875,0.0532241823190356,1.038515625,0.7082172728397799,1.878003955158816,10954,,,0.0001212789292358,Information
622449,11457.0,42193.11103,BRA,Brazil,Mato Grosso,0.740822399,0.0,0.63,0.51,11457.0,11457.0,0.0,1.0,-9999.0,-9999.0,-9999.0,0.0,10.0,-999.9,-999.9,-999.9,-5979.4,0.0,0.0,0.0,0.0,0.0,0.0,0.0,0.0,0.0,0.0,0.0,-5979.4,4.943769852698791,14.81644798,0.0,,221.0,0.524,105.312,0.25,0.0,0.0,0.0,0.0,1.05312,0.25,0.0,0.0,0.0,0.0,1.30312,27.5625,0.0653246450137097,102.375,0.2426343957652077,0.4134375,0.0979869675205645,3.583125,0.849220385178227,4.943769852698791,129805,,,0.0022088859326654,Information
622453,11460.0,2443.044113,BRA,Brazil,Mato Grosso,3.495424579,0.0,0.63,0.51,11460.0,11460.0,0.0,1.0,-9999.0,-9999.0,-9999.0,0.0,10.0,-999.9,-999.9,-999.9,-5979.4,0.0,0.0,0.0,0.0,0.0,0.0,0.0,0.0,0.0,0.0,0.0,-5979.4,8.172285148934096,69.90849158,0.0,,55.25,2.262,37.188,1.522,0.375,0.015,0.0,0.0,0.37188,1.522,0.005625,0.0225,0.0,0.0,1.922005,10.828125,0.4432226557562886,41.203125,1.686548547228475,0.162421875,0.6648339836344329,1.442109375,5.902919915299663,8.172285148934096,0,,,0.0962030049807359,Information
622455,11462.0,3718.175273,BRA,Brazil,Mato Grosso,4.014807961,0.0,0.63,0.51,11462.0,11462.0,0.0,1.0,-9999.0,-9999.0,-9999.0,0.0,10.0,-999.9,-999.9,-999.9,-5979.4,0.0,0.0,0.0,0.0,0.0,0.0,0.0,0.0,0.0,0.0,0.0,-5979.4,9.935684739967591,80.29615921999999,0.0,,14.062,0.378,9.062,0.244,0.0,0.0,0.0,0.0,0.0906199999999999,0.244,0.0,0.0,0.0,0.0,0.33462,34.171875,0.9190496008157312,62.296875,1.6754690253554276,0.512578125,1.3785744012235968,2.180390625,5.864141588743997,9.935684739967591,277,,,0.2467726885526966,Information
622456,11463.0,6623.710056,BRA,Brazil,Pará,0.326470297,0.0,0.63,0.51,11463.0,,,,,,,,,,,,,,,,,,,,,,,,,0.9599709290650832,6.52940594,0.0,,142.125,2.146,18.938,0.286,1.875,0.028,0.0,0.0,0.18938,0.286,0.028125,0.042,0.0,0.0,0.545505,2.53125,0.0382149879528364,9.84375,0.1486138420388082,0.03796875,0.0573224819292546,0.34453125,0.5201484471358288,0.9599709290650832,0,,,2.3416202038834717e-06,Information
622457,11464.0,2612.055363,BRA,Brazil,Mato Grosso,2.775393295,0.0,0.63,0.51,11464.0,,,,,,,,,,,,,,,,,,,,,,,,,1.4836021965866046,55.507865900000006,0.0,,53.75,2.058,5.188,0.199,0.0,0.0,0.0,0.0,0.0518799999999999,0.199,0.0,0.0,0.0,0.0,0.25088,4.078125,0.1561270506911283,7.03125,0.2691845701571178,0.061171875,0.2341905760366924,0.24609375,0.9421459955499122,1.4836021965866046,553,,,0.0003358964591565,Information
622458,11465.0,13827.72964,BRA,Brazil,Pará,0.896974043,0.0,0.63,0.51,11465.0,,,,,,,,,,,,,,,,,,,,,,,,,2.0960924180931624,17.93948086,0.0,,89.688,0.649,30.562,0.221,0.0,0.0,0.0,0.0,0.30562,0.221,0.0,0.0,0.0,0.0,0.52662,3.65625,0.0264414339542453,33.1875,0.2400068620462269,0.05484375,0.0396621509313679,1.1615625,0.8400240171617941,2.0960924180931624,0,,,0.0001225232121783,Information
622459,11466.0,91.25037459,BRA,Brazil,Mato Grosso,4.092936137,0.0,0.63,0.51,11466.0,,,,,,,,,,,,,,,,,,,,,,,,,22.549704928382017,81.85872273999999,0.0,,0.25,0.274,0.25,0.274,0.0,0.0,0.0,0.0,0.0025,0.274,0.0,0.0,0.0,0.0,0.2765,3.09375,3.390397040857961,4.5,4.931486604884307,0.04640625,5.085595561286942,0.1575,17.260203117095074,22.549704928382017,0,,,0.5861031637509893,Advisory
622460,11467.0,16127.57016,BRA,Brazil,Mato Grosso,1.900514657,0.0,0.63,0.51,11467.0,,,,,,,,,,,,,,,,,,,,,,,,,2.3955315510848907,38.01029314,0.0,,328.0,2.034,90.562,0.562,0.0,0.0,0.0,0.0,0.90562,0.562,0.0,0.0,0.0,0.0,1.46762,8.015625,0.0497013804439741,38.8125,0.2406593158339799,0.120234375,0.0745520706659611,1.3584375,0.8423076054189297,2.3955315510848907,17944,,,0.0005702381109395,Information
622470,11468.0,19509.90017,BRA,Brazil,Mato Grosso,1.03718753,0.0,0.63,0.51,11468.0,11468.0,0.0,1.0,-9999.0,-9999.0,-9999.0,0.0,10.0,-999.9,-999.9,-999.9,-5979.4,0.0,0.0,0.0,0.0,0.0,0.0,0.0,0.0,0.0,0.0,0.0,-5979.4,18.87214378116137,20.7437506,0.0,,315.125,1.615,77.75,0.399,6.125,0.031,1.312,0.007,0.7775,0.399,0.091875,0.0465,0.0328,0.0175,1.3651749999999998,187.03125,0.9586479090103828,276.328125,1.416348226470227,2.80546875,1.4379718635155745,9.671484375,4.9572187926457945,18.87214378116137,66317,,,0.0756436477375215,Information
622480,11469.0,19555.80871,BRA,Brazil,Mato Grosso,1.313317025,0.0,0.63,0.51,11469.0,11469.0,0.0,1.0,-9999.0,-9999.0,-9999.0,0.0,10.0,-999.9,-999.9,-999.9,-5979.4,0.0,0.0,0.0,0.0,0.0,0.0,0.0,0.0,0.0,0.0,0.0,-5979.4,3.517447306850359,26.2663405,0.0,,340.938,1.743,82.75,0.423,7.5,0.038,0.0,0.0,0.8275,0.423,0.1125,0.0569999999999999,0.0,0.0,1.42,18.0,0.0920442630071577,58.78125,0.3005820463827495,0.27,0.1380663945107365,2.05734375,1.0520371623396232,3.517447306850359,100879,,,0.0011722367627712,Information
622491,11470.0,590.0687763,BRA,Brazil,Mato Grosso,1.189886712,0.0,0.63,0.51,11470.0,11470.0,0.0,1.0,-9999.0,-9999.0,-9999.0,0.0,10.0,-999.9,-999.9,-999.9,-5979.4,0.0,0.0,0.0,0.0,0.0,0.0,0.0,0.0,0.0,0.0,0.0,-5979.4,20.61962383642153,23.79773424,0.0,,9.562,1.621,4.125,0.699,0.062,0.011,0.0,0.0,0.04125,0.699,0.0009299999999999,0.0165,0.0,0.0,0.7576799999999999,9.0,1.5252459308824704,28.96875,4.909385340027952,0.135,2.287868896323705,1.01390625,17.18284869009783,20.61962383642153,0,,,0.0955812326330759,Information
622492,11471.0,2821.470774,BRA,Brazil,Mato Grosso,0.190654175,0.0,0.63,0.51,11471.0,,,,,,,,,,,,,,,,,,,,,,,,,3.709599721381239,3.8130835,0.0,,124.812,4.424,10.812,0.383,0.0,0.0,0.0,0.0,0.10812,0.383,0.0,0.0,0.0,0.0,0.49112,10.125,0.3588553917992235,18.984375,0.6728538596235439,0.151875,0.5382830876988353,0.664453125,2.354988508682404,3.709599721381239,37654,,,0.0005662248999088,Information
622493,11472.0,2754.397602,BRA,Brazil,Mato Grosso,0.76877181,0.0,0.63,0.51,11472.0,,,,,,,,,,,,,,,,,,,,,,,,,7.146614960256097,15.3754362,0.0,,51.812,1.881,12.062,0.438,0.375,0.014,0.0,0.0,0.1206199999999999,0.438,0.005625,0.021,0.0,0.0,0.585245,17.578125,0.6381840074323574,36.5625,1.3274227354593031,0.263671875,0.957276011148536,1.2796875,4.645979574107561,7.146614960256097,3454,,,0.0067257640706549,Information
622494,11473.0,2419.805323,BRA,Brazil,Mato Grosso,1.693286412,0.0,0.63,0.51,11473.0,,,,,,,,,,,,,,,,,,,,,,,,,0.8532500000000001,33.86572824,0.0,,95.438,3.944,16.625,0.687,0.0,0.0,0.0,0.0,0.16625,0.687,0.0,0.0,0.0,0.0,0.8532500000000001,0.140625,0.0058114179125209,0.984375,0.0406799253876469,0.002109375,0.0087171268687813,0.034453125,0.1423797388567641,0.1876593657255454,323,,,6.79478730864446e-06,Information
622495,11474.0,9468.822337,BRA,Brazil,Mato Grosso,0.304341644,0.0,0.63,0.51,11474.0,11474.0,0.0,1.0,-9999.0,-9999.0,-9999.0,0.0,10.0,-999.9,-999.9,-999.9,-5979.4,0.0,0.0,0.0,0.0,0.0,0.0,0.0,0.0,0.0,0.0,0.0,-5979.4,50.748181896750296,6.08683288,0.0,,434.5,4.589,83.062,0.877,17.438,0.184,7.562,0.08,0.83062,0.877,0.2615699999999999,0.276,0.18905,0.2,2.63424,403.171875,4.257888263530645,532.40625,5.622729321844095,6.047578125,6.386832395295967,18.63421875,19.67955262645433,50.748181896750296,117536,,,0.2691139983045273,Advisory
622496,11475.0,13486.4189,BRA,Brazil,Mato Grosso,0.640553619,0.0,0.63,0.51,11475.0,,,,,,,,,,,,,,,,,,,,,,,,,3.3563074185081407,12.81107238,0.0,,424.375,3.147,104.375,0.774,0.0,0.0,0.0,0.0,1.04375,0.774,0.0,0.0,0.0,0.0,1.81775,5.765625,0.0427513415058984,52.59375,0.3899756517855123,0.086484375,0.0641270122588476,1.84078125,1.364914781249293,3.3563074185081407,123357,,,0.0005625143530228,Information
622497,11476.0,2737.220046,BRA,Brazil,Mato Grosso,0.253789604,0.0,0.63,0.51,11476.0,,,,,,,,,,,,,,,,,,,,,,,,,4.407223502109899,5.07579208,0.0,,250.5,9.152,28.25,1.032,0.062,0.002,0.0,0.0,0.2825,1.032,0.0009299999999999,0.003,0.0,0.0,1.31843,4.078125,0.148987839177709,25.3125,0.9247521052409527,0.061171875,0.2234817587665635,0.8859375,3.2366323683433347,4.407223502109899,65529,,,0.0010708893780429,Information
622499,11478.0,16582.72469,BRA,Brazil,Mato Grosso,1.012165874,0.0,0.63,0.51,11478.0,11478.0,0.0,5.0,-9999.0,-9999.0,-9999.0,0.0,6.0,-999.9,-999.9,-999.9,-5988.4,0.0,0.0,0.0,0.0,0.0,0.0,0.0,0.0,0.0,0.0,0.0,-5988.4,1.5813711582487855,20.24331748,0.0,,152.5,0.92,37.375,0.225,0.0,0.0,0.0,0.0,0.37375,0.225,0.0,0.0,0.0,0.0,0.59875,4.078125,0.024592611139294,26.4375,0.159427961868527,0.061171875,0.036888916708941,0.9253125,0.5579978665398445,1.5813711582487855,142471,,,4.414821659697344e-05,Information
622510,11479.0,6062.54761,BRA,Brazil,Pará,3.063618491,0.0,0.63,0.51,11479.0,11479.0,1.0,4.0,100.0,5.0,-9999.0,3.0,7.0,10.0,0.5,-999.9,-1958.8,0.0,0.0,0.0,0.0,0.0,0.0,0.0,0.0,0.0,0.0,0.0,-1958.8,62.37207987764912,61.27236982,0.0,3.0,58.812,0.97,41.188,0.679,6.438,0.106,4.125,0.068,0.41188,0.679,0.09657,0.159,0.103125,0.17,1.619575,278.578125,4.595067006481162,553.21875,9.12518606940782,4.178671875,6.892600509721742,19.36265625,31.93815124292737,62.37207987764912,58384,1944.0,3.3296793642093725,0.6831638427203557,Watch
622521,11480.0,1039.23913,BRA,Brazil,Pará,0.603153175,0.0,0.63,0.51,11480.0,11480.0,2.0,1.0,100.0,100.0,-9999.0,7.0,10.0,10.0,10.0,-999.9,-1925.8,0.0,0.0,0.0,0.0,0.0,0.0,0.0,0.0,0.0,0.0,0.0,-1925.8,44.33534399271428,12.0630635,0.0,,13.938,1.341,3.188,0.307,1.062,0.102,0.438,0.042,0.03188,0.307,0.01593,0.153,0.01095,0.105,0.62376,43.3125,4.167712584149595,100.6875,9.688578604711395,0.6496875,6.251568876224393,3.5240625,33.910025116489884,44.33534399271428,31801,,,0.246723160224518,Advisory
622522,11481.0,28808.20817,BRA,Brazil,Pará,3.79449626,0.0,0.63,0.51,11481.0,11481.0,2.0,1.0,100.0,100.0,-9999.0,7.0,10.0,10.0,10.0,-999.9,-1694.25,0.0,0.0,0.0,0.0,0.0,0.0,0.0,0.0,0.0,0.0,0.0,-1694.25,46.89946587955297,75.8899252,0.0,3.0,283.062,0.983,100.375,0.348,1.75,0.006,0.5,0.002,1.00375,0.348,0.02625,0.009,0.0125,0.005,1.4045,443.109375,1.5381358410841948,804.796875,2.793637390836194,6.646640625,2.307203761626292,28.167890625,9.777730867926678,46.89946587955297,50511,4637.0,9.18017857496387,0.7470951416287757,Watch
622523,11482.0,587.9789786,BRA,Brazil,Pará,0.304318501,0.0,0.63,0.51,11482.0,,,,,,,,,,,,,,,,,,,,,,,,,9.79997056813758,6.08637002,0.0,,17.75,3.019,1.438,0.244,0.125,0.021,0.0,0.0,0.0143799999999999,0.244,0.001875,0.0315,0.0,0.0,0.291755,7.734375,1.3154169250583123,12.234375,2.080750408728603,0.116015625,1.9731253875874684,0.428203125,7.282626430550111,9.79997056813758,24756,,,0.0119107449706346,Information
622524,11483.0,42254.55382,BRA,Brazil,Pará,1.796645853,0.0,0.63,0.51,11483.0,11483.0,2.0,1.0,100.0,100.0,-9999.0,7.0,10.0,10.0,10.0,-999.9,-1386.8181818181818,0.0,0.0,0.0,0.0,0.0,0.0,0.0,0.0,0.0,0.0,0.0,-1386.8181818181818,12.255116118183937,35.93291706,0.0,,956.062,2.263,245.188,0.58,1.375,0.003,0.125,0.0,2.45188,0.58,0.020625,0.0045,0.003125,0.0,3.06013,99.5625,0.2356254912266533,240.46875,0.569095466098273,1.4934375,0.3534382368399799,8.41640625,1.991834131343956,12.255116118183937,7170,,,0.0490650553907109,Information
622525,11484.0,6450.183163,BRA,Brazil,Pará,1.919959262,0.0,0.63,0.51,11484.0,11484.0,2.0,1.0,100.0,100.0,3.0,7.0,10.0,10.0,10.0,0.3,74.5,0.0,0.0,0.0,0.0,0.0,0.0,0.0,0.0,0.0,0.0,0.0,74.5,74.5,38.39918524,0.0,,181.062,2.807,65.625,1.017,3.438,0.053,0.188,0.003,0.65625,1.017,0.05157,0.0795,0.0046999999999999,0.0075,1.81652,126.84375,1.96651392372705,236.390625,3.664866857854957,1.90265625,2.949770885590575,8.273671875,12.827034002492349,25.95313301308293,7018,,,0.5753940291946013,Watch
622526,11485.0,25961.34635,BRA,Brazil,Pará,4.056037971,0.0,0.63,0.51,11485.0,11485.0,2.0,2.0,100.0,100.0,-9999.0,7.0,9.0,10.0,10.0,-999.9,-1275.333333333333,0.0,0.0,0.0,0.0,0.0,0.0,0.0,0.0,0.0,0.0,0.0,-1275.333333333333,7.755646167086796,81.12075942000001,0.0,,854.625,3.292,179.875,0.693,1.062,0.004,0.0,0.0,1.79875,0.693,0.01593,0.006,0.0,0.0,2.51368,59.90625,0.2307517075044519,134.296875,0.517295494522891,0.89859375,0.3461275612566779,4.700390625,1.8105342308301189,7.755646167086796,1549,,,0.1868291214409182,Information
622527,11486.0,78.95890317,BRA,Brazil,Pará,3.989144102,0.0,0.63,0.51,11486.0,11486.0,2.0,14.0,100.0,47.0,-9999.0,7.0,1.0,10.0,4.7,-999.9,-1954.4,0.0,0.0,0.0,0.0,0.0,0.0,0.0,0.0,0.0,0.0,0.0,-1954.4,10.231798026378048,79.78288204,0.0,,,,,,,,,,,,,,,,,1.40625,1.7809897853294818,1.6875,2.1371877423953785,0.02109375,2.671484677994223,0.0590625,7.480157098383825,10.231798026378048,707,,,0.2479264613251512,Information
622530,11489.0,4727.979652,BRA,Brazil,Pará,3.352723706,0.0,0.63,0.51,11489.0,,,,,,,,,,,,,,,,,,,,,,,,,67.170038869693,67.05447412,0.0,3.0,41.812,0.884,29.438,0.623,4.312,0.091,2.562,0.054,0.29438,0.623,0.06468,0.1365,0.06405,0.135,1.31761,287.578125,6.082473829795332,535.21875,11.32024224753107,4.313671875,9.123710744692998,18.73265625,35.0,67.170038869693,58871,3461.0,5.878955682764009,0.7618827230584327,Watch
622541,11490.0,213.6261001,BRA,Brazil,Amazonas,1.939597688,0.0,0.63,0.51,11490.0,,,,,,,,,,,,,,,,,,,,,,,,,31.095669769195943,38.79195376,0.0,,1.562,0.731,0.938,0.439,0.0,0.0,0.0,0.0,0.00938,0.439,0.0,0.0,0.0,0.0,0.44838,9.5625,4.47627887957908,14.484375,6.780245949950664,0.1434375,6.714418319368621,0.506953125,23.730860824827325,31.095669769195943,8324,,,0.2491363360547141,Information
622542,11491.0,10070.42892,BRA,Brazil,Pará,2.272152012,0.0,0.63,0.51,11491.0,11491.0,1.0,1.0,100.0,-9999.0,-9999.0,3.0,10.0,10.0,-999.9,-999.9,-3953.6,0.0,0.0,0.0,0.0,0.0,0.0,0.0,0.0,0.0,0.0,0.0,-3953.6,4.729497522726122,45.44304024,0.0,,147.625,1.466,26.0,0.258,0.0,0.0,0.0,0.0,0.26,0.258,0.0,0.0,0.0,0.0,0.518,29.25,0.2904543613197235,55.265625,0.5487911730704391,0.43875,0.4356815419795853,1.934296875,1.9207691057465368,4.729497522726122,10940,,,0.0072340502831338,Information
622543,11492.0,11631.02464,BRA,Brazil,Amazonas,3.98131695,0.0,0.63,0.51,11492.0,11492.0,1.0,1.0,100.0,-9999.0,-9999.0,3.0,10.0,10.0,-999.9,-999.9,-3953.6,0.0,0.0,0.0,0.0,0.0,0.0,0.0,0.0,0.0,0.0,0.0,-3953.6,34.55727752908413,79.626339,0.0,3.0,529.875,4.556,177.25,1.524,28.375,0.244,0.0,0.0,1.7725,1.524,0.425625,0.366,0.0,0.0,4.088125,317.390625,2.728827725339077,394.875,3.3950147331644343,4.760859375,4.093241588008616,13.820625,11.88255156607552,34.55727752908413,43303,1333.0,3.0783086622173985,0.7013805357230256,Watch
622544,11493.0,26498.87313,BRA,Brazil,Amazonas,1.366555058,0.0,0.63,0.51,11493.0,11493.0,1.0,1.0,100.0,-9999.0,-9999.0,3.0,10.0,10.0,-999.9,-999.9,-3953.6,0.0,0.0,0.0,0.0,0.0,0.0,0.0,0.0,0.0,0.0,0.0,-3953.6,8.329780124784257,27.331101160000003,0.0,,138.75,0.524,37.188,0.14,4.562,0.017,0.375,0.001,0.37188,0.14,0.06843,0.0255,0.009375,0.0025,0.617685,56.671875,0.2138652263488096,148.5,0.5604011886460125,0.850078125,0.3207978395232144,5.1975,1.961404160261044,8.329780124784257,37148,,,0.0151526734387142,Information
622545,11494.0,10800.39794,BRA,Brazil,Amazonas,3.260224863,0.0,0.63,0.51,11494.0,11494.0,1.0,1.0,100.0,-9999.0,-9999.0,3.0,10.0,10.0,-999.9,-999.9,-3953.6,0.0,0.0,0.0,0.0,0.0,0.0,0.0,0.0,0.0,0.0,0.0,-3953.6,15.629514804056182,65.20449726,0.0,,174.75,1.618,73.875,0.684,1.0,0.009,0.0,0.0,0.73875,0.684,0.015,0.0134999999999999,0.0,0.0,1.4512500000000002,120.375,1.114542266898647,180.28125,1.669209329630918,1.805625,1.6718134003479703,6.30984375,5.842232653708213,15.629514804056182,7751,,,0.2117606686664512,Information
622546,11495.0,21897.69453,BRA,Brazil,Amazonas,2.764197777,0.0,0.63,0.51,11495.0,11495.0,1.0,1.0,100.0,-9999.0,-9999.0,3.0,10.0,10.0,-999.9,-999.9,-3953.6,0.0,0.0,0.0,0.0,0.0,0.0,0.0,0.0,0.0,0.0,0.0,-3953.6,9.894993733088146,55.28395554,0.0,,286.688,1.309,116.438,0.532,3.562,0.016,0.25,0.001,1.16438,0.532,0.05343,0.024,0.00625,0.0025,1.78256,49.921875,0.2279777669747006,172.6875,0.7886104164645984,0.748828125,0.3419666504620509,6.0440625,2.7601364576260945,9.894993733088146,2650,,,0.0657384431453731,Information
622547,11496.0,11691.66402,BRA,Brazil,Amazonas,3.244351284,0.0,0.63,0.51,11496.0,,,,,,,,,,,,,,,,,,,,,,,,,18.111886467400723,64.88702568,0.0,,321.875,2.753,68.312,0.584,3.375,0.029,0.0,0.0,0.68312,0.584,0.050625,0.0435,0.0,0.0,1.3612449999999998,106.453125,0.910504482616299,233.296875,1.9954120695646496,1.596796875,1.3657567239244486,8.165390625,6.983942243476274,18.111886467400723,3792,,,0.2539848843183448,Information
622548,11497.0,14257.48243,BRA,Brazil,Amazonas,2.798375092,0.0,0.63,0.51,11497.0,,,,,,,,,,,,,,,,,,,,,,,,,6.029286993045174,55.96750184,0.0,,50.125,0.352,20.75,0.146,1.188,0.008,0.0,0.0,0.2075,0.146,0.01782,0.012,0.0,0.0,0.38332,36.421875,0.2554579687296429,85.640625,0.6006714399859172,0.546328125,0.3831869530944643,2.997421875,2.1023500399507102,6.029286993045174,369,,,0.023389304868472,Information
622549,11498.0,26601.05217,BRA,Brazil,Amazonas,3.3976137,0.0,0.63,0.51,11498.0,11498.0,0.0,3.0,-9999.0,-9999.0,-9999.0,0.0,8.0,-999.9,-999.9,-999.9,-5983.4,0.0,0.0,0.0,0.0,0.0,0.0,0.0,0.0,0.0,0.0,0.0,-5983.4,6.454808061724655,67.952274,0.0,,200.5,0.754,49.188,0.185,2.625,0.01,0.062,0.0,0.49188,0.185,0.039375,0.015,0.00155,0.0,0.7328050000000002,42.046875,0.1580647063716042,116.015625,0.4361317149049279,0.630703125,0.2370970595574063,4.060546875,1.5264610021672478,6.454808061724655,1325,,,0.0545334885356184,Information
622550,11499.0,4018.38995,BRA,Brazil,Amazonas,3.303673596,0.0,0.63,0.51,11499.0,,,,,,,,,,,,,,,,,,,,,,,,,87.66499999999999,66.07347192,0.0,3.0,101.5,2.526,58.062,1.445,0.75,0.019,0.0,0.0,0.58062,1.445,0.01125,0.0284999999999999,0.0,0.0,2.06537,642.65625,15.99287918692949,800.71875,19.926357569010182,9.63984375,15.0,28.02515625,35.0,87.66499999999999,88701,1560.0,1.7587174890925694,0.82877245197223,Warning
622561,11500.0,3494.487934,BRA,Brazil,Amazonas,4.038522981,0.0,0.63,0.51,11500.0,11500.0,1.0,1.0,100.0,3.0,-9999.0,3.0,10.0,10.0,0.3,-999.9,-1953.2,0.0,0.0,0.0,0.0,0.0,0.0,0.0,0.0,0.0,0.0,0.0,-1953.2,41.41257166887122,80.77045962,0.0,3.0,82.312,2.355,13.875,0.397,5.938,0.17,0.562,0.016,0.13875,0.397,0.08907,0.255,0.01405,0.04,0.93387,136.125,3.895420518681792,248.0625,7.098679540242439,2.041875,5.843130778022688,8.6821875,24.845378390848538,41.41257166887122,25130,3619.0,14.401114206128135,0.7784999198414273,Watch
622562,11501.0,30154.14045,BRA,Brazil,Amazonas,1.76393417,0.0,0.63,0.51,11501.0,11501.0,0.0,15.0,-9999.0,-9999.0,-9999.0,0.0,1.0,-999.9,-999.9,-999.9,-2959.3500000000004,0.0,0.0,0.0,0.0,0.0,0.0,0.0,0.0,0.0,0.0,0.0,-2959.3500000000004,16.08941242404854,35.2786834,0.0,,115.5,0.383,32.562,0.108,2.875,0.01,0.0,0.0,0.3256199999999999,0.108,0.043125,0.015,0.0,0.0,0.491745,16.03125,0.0531643408218731,338.34375,1.1220474036616377,0.24046875,0.0797465112328096,11.84203125,3.927165912815732,16.08941242404854,18863,,,0.0819719233049285,Information
622563,11502.0,4553.464121,BRA,Brazil,Amazonas,2.795753759,0.0,0.63,0.51,11502.0,,,,,,,,,,,,,,,,,,,,,,,,,7.335118773841998,55.91507518,0.0,,42.062,0.924,27.0,0.593,0.312,0.007,0.0,0.0,0.27,0.593,0.00468,0.0105,0.0,0.0,0.87818,32.90625,0.7226640888964629,51.46875,1.130320754427801,0.49359375,1.0839961333446944,1.80140625,3.956122640497304,7.335118773841998,1353,,,0.0364509564031801,Information
622564,11503.0,5068.268856,BRA,Brazil,Amazonas,2.768342501,0.0,0.63,0.51,11503.0,,,,,,,,,,,,,,,,,,,,,,,,,1.477936140747759,55.36685002,0.0,,12.875,0.254,6.25,0.123,0.0,0.0,0.0,0.0,0.0625,0.123,0.0,0.0,0.0,0.0,0.1855,0.0,0.0,14.203125,0.280236218785074,0.0,0.0,0.497109375,0.980826765747759,1.477936140747759,299,,,0.0003274080931873,Information
622565,11504.0,8910.123384,BRA,Brazil,Amazonas,2.834218294,0.0,0.63,0.51,11504.0,11504.0,2.0,1.0,100.0,100.0,-9999.0,7.0,10.0,10.0,10.0,-999.9,-1925.8,0.0,0.0,0.0,0.0,0.0,0.0,0.0,0.0,0.0,0.0,0.0,-1925.8,3.4874010716995807,56.68436588,0.0,,30.688,0.344,11.25,0.126,0.438,0.005,0.0,0.0,0.1125,0.126,0.00657,0.0075,0.0,0.0,0.2525699999999999,7.171875,0.0804913096120484,43.875,0.4924174235090023,0.107578125,0.1207369644180725,1.535625,1.723460982281508,3.4874010716995807,813,,,0.0058784717034378,Information
622566,11505.0,4841.151903,BRA,Brazil,Amazonas,2.75999808,0.0,0.63,0.51,11505.0,11505.0,2.0,2.0,100.0,100.0,5.0,7.0,9.0,10.0,10.0,0.5,72.8,0.0,0.0,0.0,0.0,0.0,0.0,0.0,0.0,0.0,0.0,0.0,72.8,72.8,55.1999616,0.0,,89.625,1.851,15.688,0.324,0.0,0.0,0.0,0.0,0.15688,0.324,0.0,0.0,0.0,0.0,0.48088,32.484375,0.671005075898227,33.328125,0.6884337791683108,0.487265625,1.0065076138473406,1.166484375,2.409518227089088,5.069775840936428,0,,,0.6863416111135537,Watch
622567,11506.0,4304.942187,BRA,Brazil,Amazonas,1.587525595,0.0,0.63,0.51,11506.0,11506.0,2.0,1.0,100.0,100.0,-9999.0,7.0,10.0,10.0,10.0,-999.9,-1925.8,0.0,0.0,0.0,0.0,0.0,0.0,0.0,0.0,0.0,0.0,0.0,-1925.8,4.15415866347754,31.7505119,0.0,,84.0,1.951,76.562,1.778,0.0,0.0,0.0,0.0,0.76562,1.778,0.0,0.0,0.0,0.0,2.54362,23.625,0.5487878576650469,25.59375,0.5945201791371343,0.354375,0.8231817864975703,0.89578125,2.08082062697997,4.15415866347754,105,,,0.0025625805462291,Information
622568,11507.0,2100.33213,BRA,Brazil,Roraima,3.153797144,0.0,0.63,0.51,11507.0,11507.0,2.0,1.0,100.0,39.0,-9999.0,7.0,10.0,10.0,3.9,-999.9,-1938.0,0.0,0.0,0.0,0.0,0.0,0.0,0.0,0.0,0.0,0.0,0.0,-1938.0,2.5155529016917355,63.07594288,0.0,,76.875,3.66,2.312,0.11,0.0,0.0,0.0,0.0,0.0231199999999999,0.11,0.0,0.0,0.0,0.0,0.13312,3.515625,0.1673842412795278,10.96875,0.5222388327921268,0.052734375,0.2510763619192917,0.38390625,1.827835914772444,2.5155529016917355,0,,,0.0036116452739226,Information
622569,11508.0,4949.382634,BRA,Brazil,Roraima,0.258646206,0.0,0.63,0.51,11508.0,,,,,,,,,,,,,,,,,,,,,,,,,4.952600687791019,5.172924119999999,0.0,,134.188,2.711,52.125,1.053,9.688,0.196,0.0,0.0,0.52125,1.053,0.14532,0.294,0.0,0.0,2.01357,10.546875,0.2130947590774669,42.328125,0.8552202997642339,0.158203125,0.3196421386162003,1.481484375,2.9932710491748185,4.952600687791019,3026,,,0.0015778880875861,Information
622570,11509.0,731.9123287,BRA,Brazil,Amazonas,4.061460503,0.0,0.63,0.51,11509.0,,,,,,,,,,,,,,,,,,,,,,,,,54.229163063221655,81.22921006,0.0,3.0,24.625,3.364,3.438,0.47,0.438,0.06,0.0,0.0,0.03438,0.47,0.00657,0.09,0.0,0.0,0.6009499999999999,71.71875,9.798817042147771,98.71875,13.487783458015167,1.07578125,14.698225563221657,3.45515625,35.0,54.229163063221655,1664,66.0,3.9663461538461537,0.8556361642283762,Warning
622580,11510.0,12910.14916,BRA,Brazil,Amazonas,3.30206874,0.0,0.63,0.51,11510.0,,,,,,,,,,,,,,,,,,,,,,,,,13.14634297938048,66.0413748,0.0,,24.375,0.189,17.0,0.132,3.625,0.028,0.125,0.001,0.17,0.132,0.054375,0.042,0.003125,0.0025,0.404,66.65625,0.5163089070285397,183.09375,1.4182156053821915,0.99984375,0.7744633605428095,6.40828125,4.963754618837671,13.14634297938048,62348,,,0.1713104946832114,Information
622590,11511.0,3626.463216,BRA,Brazil,Amazonas,2.900659559,0.0,0.63,0.51,11511.0,11511.0,1.0,3.0,100.0,-9999.0,-9999.0,3.0,8.0,10.0,-999.9,-999.9,-3957.6,0.0,0.0,0.0,0.0,0.0,0.0,0.0,0.0,0.0,0.0,0.0,-3957.6,31.23897908324645,58.01319118000001,0.0,,143.188,3.948,98.688,2.721,3.75,0.103,0.0,0.0,0.98688,2.721,0.05625,0.1545,0.0,0.0,3.91863,96.1875,2.652377654421612,196.3125,5.4133321718897225,1.4428125,3.978566481632418,6.8709375,18.94666260161403,31.23897908324645,78678,,,0.3837338570611932,Advisory
622612,11513.0,46096.67644,BRA,Brazil,Amazonas,3.421087877,0.0,0.63,0.51,11513.0,11513.0,1.0,3.0,51.0,3.0,-9999.0,3.0,8.0,5.1,0.3,-999.9,-1958.0,0.0,0.0,0.0,0.0,0.0,0.0,0.0,0.0,0.0,0.0,0.0,-1958.0,51.577121335814944,68.42175754,0.0,3.0,640.938,1.39,324.125,0.703,27.562,0.06,1.438,0.003,3.24125,0.703,0.41343,0.09,0.0359499999999999,0.0075,4.49113,352.6875,0.765103966706954,1335.375,2.89690082450129,5.2903125,1.147655950060431,35.0,10.139152885754514,51.577121335814944,71559,5320.0,7.434424740423985,0.6881487856778588,Watch
622617,11518.0,3405.375429,BRA,Brazil,Amazonas,4.00851345,0.0,0.63,0.51,11518.0,11518.0,0.0,2.0,-9999.0,-9999.0,-9999.0,0.0,9.0,-999.9,-999.9,-999.9,-5981.4,0.0,0.0,0.0,0.0,0.0,0.0,0.0,0.0,0.0,0.0,0.0,-5981.4,22.06826991283325,80.17026899999999,0.0,,47.062,1.382,5.625,0.165,1.125,0.033,0.0,0.0,0.05625,0.165,0.016875,0.0495,0.0,0.0,0.287625,29.53125,0.8671951336874409,147.515625,4.331846167800598,0.44296875,1.3007927005311617,5.163046875,15.161461587302092,22.06826991283325,45448,,,0.542589028319534,Advisory
622618,11519.0,1932.479314,BRA,Brazil,Amazonas,1.223655592,0.0,0.63,0.51,11519.0,,,,,,,,,,,,,,,,,,,,,,,,,10.094186705263152,24.47311184,0.0,,3.875,0.201,3.562,0.184,0.25,0.013,0.0,0.0,0.03562,0.184,0.00375,0.0195,0.0,0.0,0.2428699999999999,17.4375,0.9023382485614028,39.234375,2.030261059263156,0.2615625,1.353507372842104,1.373203125,7.105913707421046,10.094186705263152,0,,,0.022082099159315,Information
622619,11520.0,2553.708776,BRA,Brazil,Amazonas,2.595250392,0.0,0.63,0.51,11520.0,11520.0,0.0,1.0,-9999.0,-9999.0,-9999.0,0.0,10.0,-999.9,-999.9,-999.9,-5979.4,0.0,0.0,0.0,0.0,0.0,0.0,0.0,0.0,0.0,0.0,0.0,-5979.4,17.482842514026494,51.90500784,0.0,,6.688,0.262,5.25,0.206,1.0,0.039,0.0,0.0,0.0525,0.206,0.015,0.0584999999999999,0.0,0.0,0.332,19.546875,0.7654308583233225,93.234375,3.6509399932975737,0.293203125,1.1481462874849837,3.263203125,12.778289976541508,17.482842514026494,14996,,,0.1557790471000554,Information
622621,11521.0,3941.046405,BRA,Brazil,Amazonas,1.980221378,0.0,0.63,0.51,11521.0,,,,,,,,,,,,,,,,,,,,,,,,,14.037939586077483,39.60442756,0.0,,55.125,1.399,16.125,0.409,1.875,0.048,0.0,0.0,0.16125,0.409,0.028125,0.072,0.0,0.0,0.6703749999999999,32.90625,0.8349622566059999,99.28125,2.519159628905282,0.49359375,1.2524433849089998,3.47484375,8.817058701168486,14.037939586077483,6918,,,0.0722616158367671,Information
622622,11522.0,5913.252987,BRA,Brazil,Amazonas,0.033306564,0.0,0.63,0.51,11522.0,,,,,,,,,,,,,,,,,,,,,,,,,0.7057873643474193,0.6661312799999999,0.0,,9.688,0.164,4.438,0.075,0.25,0.004,0.0,0.0,0.0443799999999999,0.075,0.00375,0.006,0.0,0.0,0.12913,1.40625,0.023781326506564,6.890625,0.1165284998821638,0.02109375,0.035671989759846,0.241171875,0.4078497495875732,0.7057873643474193,18308,,,3.769695103961125e-07,Information
622623,11523.0,6805.511727,BRA,Brazil,Amazonas,3.441590873,0.0,0.63,0.51,11523.0,11523.0,0.0,1.0,-9999.0,-9999.0,-9999.0,0.0,10.0,-999.9,-999.9,-999.9,-5979.4,0.0,0.0,0.0,0.0,0.0,0.0,0.0,0.0,0.0,0.0,0.0,-5979.4,8.820378188530377,68.83181746,0.0,,49.25,0.724,20.5,0.301,2.062,0.03,0.0,0.0,0.205,0.301,0.03093,0.045,0.0,0.0,0.5819300000000001,52.734375,0.7748774392515317,79.453125,1.167482008472308,0.791015625,1.1623161588772977,2.780859375,4.086187029653078,8.820378188530377,909,,,0.1034144869097441,Information
622624,11524.0,71127.20255,BRA,Brazil,Mato Grosso,0.517988468,0.0,0.63,0.51,11524.0,11524.0,0.0,1.0,-9999.0,-9999.0,-9999.0,0.0,10.0,-999.9,-999.9,-999.9,-5979.9,0.0,0.0,0.0,0.0,0.0,0.0,0.0,0.0,0.0,0.0,0.0,-5979.9,15.479809925081568,10.35976936,0.0,,389.812,0.548,108.125,0.152,0.438,0.001,0.062,0.0,1.08125,0.152,0.00657,0.0015,0.00155,0.0,1.24287,100.546875,0.1413620547283515,344.671875,0.4845851694254399,1.508203125,0.2120430820925272,12.063515625,1.6960480929890396,15.479809925081568,74008,,,0.0395213606254709,Information
622625,11525.0,4826.571665,BRA,Brazil,Amazonas,2.800917109,0.0,0.63,0.51,11525.0,11525.0,0.0,1.0,-9999.0,-9999.0,-9999.0,0.0,10.0,-999.9,-999.9,-999.9,-5979.4,0.0,0.0,0.0,0.0,0.0,0.0,0.0,0.0,0.0,0.0,0.0,-5979.4,4.252851692792406,56.01834218,0.0,,73.25,1.518,29.875,0.619,0.062,0.001,0.0,0.0,0.29875,0.619,0.0009299999999999,0.0015,0.0,0.0,0.92018,21.09375,0.4370338092116414,30.515625,0.6322422439928412,0.31640625,0.6555507138174621,1.068046875,2.212847853974944,4.252851692792406,243,,,0.0097408546613438,Information
622628,11528.0,12459.64698,BRA,Brazil,Mato Grosso,0.488512491,0.0,0.63,0.51,11528.0,,,,,,,,,,,,,,,,,,,,,,,,,8.982395236794593,9.77024982,0.0,,117.438,0.943,26.5,0.213,0.0,0.0,0.0,0.0,0.265,0.213,0.0,0.0,0.0,0.0,0.478,20.8125,0.1670392429929729,133.453125,1.0710827135157526,0.3121875,0.2505588644894593,4.670859375,3.748789497305134,8.982395236794593,16755,,,0.0105248286342272,Information
622629,11529.0,25394.30918,BRA,Brazil,Rondônia,1.262639746,0.0,0.63,0.51,11529.0,11529.0,0.0,1.0,-9999.0,-9999.0,-9999.0,0.0,10.0,-999.9,-999.9,-999.9,-5979.4,0.0,0.0,0.0,0.0,0.0,0.0,0.0,0.0,0.0,0.0,0.0,-5979.4,2.748922162822622,25.25279492,0.0,,128.0,0.504,67.75,0.267,0.0,0.0,0.0,0.0,0.6775,0.267,0.0,0.0,0.0,0.0,0.9445,4.5,0.0177205056758102,54.421875,0.2143073655168304,0.0675,0.0265807585137153,1.904765625,0.7500757793089065,2.748922162822622,4029,,,0.0004784475322009,Information
622631,11530.0,3994.277475,BRA,Brazil,Amazonas,4.020933615,0.0,0.63,0.51,11530.0,,,,,,,,,,,,,,,,,,,,,,,,,6.639013608398527,80.4186723,0.0,,20.375,0.51,17.312,0.433,0.25,0.006,0.0,0.0,0.17312,0.433,0.00375,0.009,0.0,0.0,0.61887,1.96875,0.0492892647625821,53.296875,1.3343308103584723,0.02953125,0.0739338971438731,1.865390625,4.670157836254653,6.639013608398527,0,,,0.1397122529430857,Information
622632,11531.0,8184.54594,BRA,Brazil,Amazonas,3.741762312,0.0,0.63,0.51,11531.0,,,,,,,,,,,,,,,,,,,,,,,,,4.641336564615774,74.83524624,0.0,,22.75,0.278,22.75,0.278,0.0,0.0,0.0,0.0,0.2275,0.278,0.0,0.0,0.0,0.0,0.5055000000000001,27.703125,0.3384809029648654,47.8125,0.5841802386195646,0.415546875,0.507721354447298,1.6734375,2.044630835168476,4.641336564615774,0,,,0.0454717149394713,Information
622633,11532.0,4265.425664,BRA,Brazil,Amazonas,2.136858091,0.0,0.63,0.51,11532.0,11532.0,0.0,1.0,-9999.0,-9999.0,-9999.0,0.0,10.0,-999.9,-999.9,-999.9,-5979.4,0.0,0.0,0.0,0.0,0.0,0.0,0.0,0.0,0.0,0.0,0.0,-5979.4,21.173389339497263,42.73716182,0.0,,,,,,,,,,,,,,,,,89.015625,2.0869107095517028,142.734375,3.34631022147706,1.335234375,3.1303660643275544,4.995703125,11.712085775169708,21.173389339497263,27689,,,0.1598908240220578,Information
622634,11533.0,11188.4835,BRA,Brazil,Amazonas,3.915971282,0.0,0.63,0.51,11533.0,,,,,,,,,,,,,,,,,,,,,,,,,5.151810956643435,78.31942564,0.0,,91.875,0.821,35.5,0.317,0.312,0.003,0.0,0.0,0.355,0.317,0.00468,0.0045,0.0,0.0,0.6811799999999999,41.90625,0.3745480790021936,59.765625,0.5341709180400412,0.62859375,0.5618221185032904,2.091796875,1.8695982131401443,5.151810956643435,1202,,,0.0753492832492311,Information
622635,11534.0,3704.451047,BRA,Brazil,Amazonas,3.585995766,0.0,0.63,0.51,11534.0,11534.0,1.0,1.0,100.0,5.0,-9999.0,3.0,10.0,10.0,0.5,-999.9,-1952.8,0.0,0.0,0.0,0.0,0.0,0.0,0.0,0.0,0.0,0.0,0.0,-1952.8,7.772324362425371,71.71991532,0.0,,5.688,0.154,5.625,0.152,1.938,0.052,0.312,0.008,0.05625,0.152,0.02907,0.078,0.0078,0.02,0.34312,13.078125,0.3530381380224628,54.421875,1.4690941872547647,0.196171875,0.5295572070336942,1.904765625,5.1418296553916765,7.772324362425371,2077,,,0.0982498322259414,Information
622636,11535.0,27633.64355,BRA,Brazil,Amazonas,1.474938173,0.0,0.63,0.51,11535.0,11535.0,0.0,1.0,-9999.0,-9999.0,-9999.0,0.0,10.0,-999.9,-999.9,-999.9,-5979.4,0.0,0.0,0.0,0.0,0.0,0.0,0.0,0.0,0.0,0.0,0.0,-5979.4,7.77355548282476,29.49876346,0.0,,,,,,,,,,,,,,,,,92.109375,0.333323308696777,123.609375,0.4473147913655984,1.381640625,0.4999849630451655,4.326328125,1.5656017697795943,7.77355548282476,6680,,,0.0137304650720307,Information
622637,11536.0,160.4056269,BRA,Brazil,Amazonas,1.545586935,0.0,0.63,0.51,11536.0,,,,,,,,,,,,,,,,,,,,,,,,,17.993073435374747,30.9117387,0.0,,0.562,0.351,0.562,0.351,0.0,0.0,0.0,0.0,0.00562,0.351,0.0,0.0,0.0,0.0,0.35662,0.5625,0.3506734838688068,7.875,4.909428774163296,0.0084375,0.5260102258032102,0.275625,17.183000709571537,17.993073435374747,0,,,0.0892483765655838,Information
622639,11538.0,15001.93875,BRA,Brazil,Amazonas,3.965221282,0.0,0.63,0.51,11538.0,11538.0,0.0,1.0,-9999.0,-9999.0,-9999.0,0.0,10.0,-999.9,-999.9,-999.9,-4637.4,0.0,0.0,0.0,0.0,0.0,0.0,0.0,0.0,0.0,0.0,0.0,-4637.4,12.186869987971516,79.30442564,0.0,,,,,,,,,,,,,,,,,88.171875,0.587736535088104,171.140625,1.140790052954103,1.322578125,0.8816048026321559,5.989921875,3.9927651853393606,12.186869987971516,47520,,,0.2982082615293994,Information
622643,11541.0,5368.490644,BRA,Brazil,Rondônia,2.381751115,0.0,0.63,0.51,11541.0,11541.0,0.0,3.0,-9999.0,-9999.0,-9999.0,0.0,8.0,-999.9,-999.9,-999.9,-5983.4,0.0,0.0,0.0,0.0,0.0,0.0,0.0,0.0,0.0,0.0,0.0,-5983.4,7.882323220006531,47.6350223,0.0,,2.625,0.049,2.625,0.049,1.0,0.019,0.0,0.0,0.02625,0.049,0.015,0.0284999999999999,0.0,0.0,0.11875,22.78125,0.4243511167727569,68.90625,1.2835311556706843,0.34171875,0.6365266751591353,2.41171875,4.492359044847396,7.882323220006531,4192,,,0.0291380443915561,Information
622645,11543.0,6829.128778,BRA,Brazil,Rondônia,1.090541031,0.0,0.63,0.51,11543.0,,,,,,,,,,,,,,,,,,,,,,,,,4.14293812617964,21.81082062,0.0,,47.75,0.699,10.812,0.158,0.0,0.0,0.0,0.0,0.10812,0.158,0.0,0.0,0.0,0.0,0.26612,12.65625,0.1853274467638374,42.609375,0.6239357374382527,0.18984375,0.2779911701457561,1.491328125,2.1837750810338843,4.14293812617964,6423,,,0.0016531452546563,Information
622646,11544.0,7338.231713,BRA,Brazil,Rondônia,2.577277031,0.0,0.63,0.51,11544.0,,,,,,,,,,,,,,,,,,,,,,,,,0.8173555657226406,51.54554062,0.0,,37.125,0.506,16.875,0.23,0.875,0.012,0.0,0.0,0.16875,0.23,0.013125,0.018,0.0,0.0,0.429875,1.40625,0.0191633360049853,9.28125,0.1264780176329036,0.02109375,0.0287450040074779,0.32484375,0.4426730617151626,0.8173555657226406,61038,,,2.2295568720791383e-05,Information
622647,11545.0,23343.56876,BRA,Brazil,Rondônia,2.27845329,0.0,0.63,0.51,11545.0,11545.0,0.0,2.0,-9999.0,-9999.0,-9999.0,0.0,9.0,-999.9,-999.9,-999.9,-5981.4,0.0,0.0,0.0,0.0,0.0,0.0,0.0,0.0,0.0,0.0,0.0,-5981.4,2.9205979148733894,45.5690658,0.0,,73.875,0.316,29.188,0.125,0.0,0.0,0.0,0.0,0.29188,0.125,0.0,0.0,0.0,0.0,0.41688,18.84375,0.0807235182895695,50.34375,0.2156643249825814,0.28265625,0.1210852774343542,1.76203125,0.7548251374390349,2.9205979148733894,397678,,,0.0017214827922558,Information
622649,11547.0,10124.0224,BRA,Brazil,Rondônia,4.010499346,0.0,0.63,0.51,11547.0,11547.0,0.0,1.0,-9999.0,-9999.0,-9999.0,0.0,10.0,-999.9,-999.9,-999.9,-5979.4,0.0,0.0,0.0,0.0,0.0,0.0,0.0,0.0,0.0,0.0,0.0,-5979.4,0.7113969793622792,80.20998691999999,0.0,,26.125,0.258,13.312,0.131,0.0,0.0,0.0,0.0,0.13312,0.131,0.0,0.0,0.0,0.0,0.26412,4.5,0.0444487361084201,8.296875,0.0819523571998997,0.0675,0.0666731041626301,0.290390625,0.2868332501996489,0.7113969793622792,29818,,,0.0004409806999387,Information
622651,11548.0,3667.315871,BRA,Brazil,Rondônia,3.417171917,0.0,0.63,0.51,11548.0,,,,,,,,,,,,,,,,,,,,,,,,,12.554332431930566,68.34343834,0.0,,29.062,0.792,24.688,0.673,0.0,0.0,0.0,0.0,0.24688,0.673,0.0,0.0,0.0,0.0,0.91988,32.625,0.8896152156993912,82.265625,2.243210780966137,0.489375,1.3344228235490867,2.879296875,7.851237733381479,12.554332431930566,102,,,0.1775142625891772,Information
622652,11549.0,29450.38993,BRA,Brazil,Rondônia,1.576201889,0.0,0.63,0.51,11549.0,11549.0,0.0,1.0,-9999.0,-9999.0,-9999.0,0.0,10.0,-999.9,-999.9,-999.9,-5979.4,0.0,0.0,0.0,0.0,0.0,0.0,0.0,0.0,0.0,0.0,0.0,-5979.4,9.797372943103516,31.52403778,0.0,,16.375,0.056,15.0,0.051,0.875,0.003,0.125,0.0,0.15,0.051,0.013125,0.0045,0.003125,0.0,0.2217499999999999,63.984375,0.2172615545783693,181.546875,0.6164498174959886,0.959765625,0.3258923318675539,6.354140625,2.15757436123596,9.797372943103516,292118,,,0.0259255157442103,Information
622653,11550.0,3166.073713,BRA,Brazil,Rondônia,0.470211036,0.0,0.63,0.51,11550.0,11550.0,0.0,1.0,-9999.0,-9999.0,-9999.0,0.0,10.0,-999.9,-999.9,-999.9,-5979.4,0.0,0.0,0.0,0.0,0.0,0.0,0.0,0.0,0.0,0.0,0.0,-5979.4,34.61354940201605,9.40422072,0.0,,67.125,2.12,55.688,1.759,5.688,0.18,2.75,0.087,0.55688,1.759,0.08532,0.27,0.06875,0.2174999999999999,2.95745,80.4375,2.540607304097513,203.34375,6.422584198819938,1.2065625,3.8109109561462695,7.11703125,22.47904469586978,34.61354940201605,436084,,,0.167984011805606,Information
622655,11552.0,3089.213608,BRA,Brazil,Rondônia,2.46270984,0.0,0.63,0.51,11552.0,,,,,,,,,,,,,,,,,,,,,,,,,42.6202876444533,49.2541968,0.0,,7.938,0.257,2.188,0.071,9.125,0.295,2.625,0.085,0.02188,0.071,0.136875,0.4425,0.065625,0.2125,0.95038,125.578125,4.065051528763707,233.578125,7.561086886087925,1.883671875,6.0975772931455605,8.175234375,26.463804101307737,42.6202876444533,5277,,,0.4307368377654935,Advisory
622656,11553.0,3607.339419,BRA,Brazil,Rondônia,4.028367921,0.0,0.63,0.51,11553.0,,,,,,,,,,,,,,,,,,,,,,,,,20.82302054016616,80.56735842,0.0,,7.625,0.211,2.25,0.062,30.312,0.84,11.5,0.319,0.0225,0.062,0.45468,1.26,0.2875,0.7975,2.88418,100.265625,2.779489628267348,114.75,3.181014777932898,1.503984375,4.169234442401022,4.01625,11.133551722765144,20.82302054016616,906,,,0.5275469490385597,Advisory
622657,11554.0,1574.618057,BRA,Brazil,Rondônia,4.009397095,0.0,0.63,0.51,11554.0,,,,,,,,,,,,,,,,,,,,,,,,,37.34236612350456,80.1879419,0.0,3.0,5.688,0.361,1.938,0.123,16.125,1.024,7.5,0.476,0.0193799999999999,0.123,0.241875,1.536,0.1875,1.19,3.297755,60.75,3.858078454077224,119.109375,7.564334376396779,0.91125,5.787117681115836,4.168828125,26.475170317388727,37.34236612350456,0,0.0,0.0,0.7369066448013257,Watch
622659,11556.0,3715.704553,BRA,Brazil,Rondônia,4.00536178,0.0,0.63,0.51,11556.0,11556.0,0.0,1.0,-9999.0,-9999.0,-9999.0,0.0,10.0,-999.9,-999.9,-999.9,-5979.4,0.0,0.0,0.0,0.0,0.0,0.0,0.0,0.0,0.0,0.0,0.0,-5979.4,9.213780030456409,80.10723560000001,0.0,,,,,,,,,,,,,,,,,25.3125,0.6812301580181148,60.46875,1.6273831552654965,0.3796875,1.0218452370271722,2.11640625,5.695841043429238,9.213780030456409,16655,,,0.2207520255943457,Information
622673,11568.0,62.36072112,BRA,Brazil,Rondônia,4.034684599,0.0,0.63,0.51,11568.0,,,,,,,,,,,,,,,,,,,,,,,,,24.95996512064085,80.69369198000001,0.0,3.0,0.062,0.1,0.062,0.1,0.0,0.0,0.0,0.0,0.00062,0.1,0.0,0.0,0.0,0.0,0.10062,1.125,1.8040201905920616,3.9375,6.314070667072216,0.016875,2.7060302858880925,0.1378125,22.09924733475276,24.95996512064085,179,0.0,0.0,0.6013493425609746,Watch
622675,11570.0,1363.439173,BRA,Brazil,Rondônia,3.039736442,0.0,0.63,0.51,11570.0,11570.0,0.0,1.0,-9999.0,-9999.0,-9999.0,0.0,10.0,-999.9,-999.9,-999.9,-5979.4,0.0,0.0,0.0,0.0,0.0,0.0,0.0,0.0,0.0,0.0,0.0,-5979.4,10.102848146566044,60.794728840000005,0.0,,1.375,0.101,1.25,0.092,0.062,0.005,0.0,0.0,0.0125,0.092,0.0009299999999999,0.0075,0.0,0.0,0.11293,16.171875,1.1861090189734282,27.703125,2.031856319458829,0.242578125,1.7791635284601424,0.969609375,7.111497118105902,10.102848146566044,76998,,,0.0875505660203537,Information
622700,11593.0,6231.1027,BRA,Brazil,Amazonas,1.279992484,0.0,0.63,0.51,11593.0,11593.0,2.0,15.0,100.0,39.0,-9999.0,7.0,1.0,10.0,3.9,-999.9,-1956.0,0.0,0.0,0.0,0.0,0.0,0.0,0.0,0.0,0.0,0.0,0.0,-1956.0,24.646991119643538,25.59984968,0.0,,,,,,,,,,,,,,,,,16.875,0.2708188391702794,263.109375,4.2225170673966055,0.253125,0.406228258755419,9.208828125,14.77880973588812,24.646991119643538,196811,,,0.1346224512652624,Information
622812,11595.0,8754.771244,BRA,Brazil,Amazonas,1.601874686,0.0,0.63,0.51,11595.0,,,,,,,,,,,,,,,,,,,,,,,,,8.123252046992635,32.03749372,0.0,,8.625,0.099,8.625,0.099,2.5,0.029,0.0,0.0,0.08625,0.099,0.0375,0.0435,0.0,0.0,0.26625,0.140625,0.0016062669838652,108.28125,1.2368255775762391,0.002109375,0.0024094004757978,3.78984375,4.328889521516837,8.123252046992635,1724,,,0.0168256416706747,Information
622814,11597.0,11858.60047,BRA,Brazil,Amazonas,3.790952528,0.0,0.63,0.51,11597.0,11597.0,1.0,1.0,100.0,3.0,-9999.0,3.0,10.0,10.0,0.3,-999.9,-2446.25,0.0,0.0,0.0,0.0,0.0,0.0,0.0,0.0,0.0,0.0,0.0,-2446.25,4.022936403568969,75.81905056,0.0,,87.0,0.734,42.062,0.355,0.0,0.0,0.0,0.0,0.42062,0.355,0.0,0.0,0.0,0.0,0.77562,4.078125,0.0343895977471005,60.609375,0.5111005734138052,0.061171875,0.0515843966206507,2.121328125,1.7888520069483185,4.022936403568969,3620,,,0.0364422699862788,Information
622818,11601.0,18939.78914,BRA,Brazil,Amazonas,4.022320532,0.0,0.63,0.51,11601.0,11601.0,1.0,14.0,100.0,11.0,2.0,3.0,1.0,10.0,1.1,0.2,-1169.84,0.0,0.0,0.0,0.0,0.0,0.0,0.0,0.0,0.0,0.0,0.0,-1169.84,9.64244609933682,80.44641064000001,0.0,,544.375,2.874,413.438,2.183,0.0,0.0,0.0,0.0,4.13438,2.183,0.0,0.0,0.0,0.0,6.31738,56.8125,0.2999637407536659,155.953125,0.8234153180589494,0.8521875,0.4499456111304988,5.458359375,2.881953613206323,9.64244609933682,275,,,0.2397881957206175,Information
622821,11603.0,4447.91339,BRA,Brazil,Amazonas,3.842617292,0.0,0.63,0.51,11603.0,11603.0,1.0,15.0,100.0,2.0,-9999.0,3.0,1.0,10.0,0.2,-999.9,-1971.4,0.0,0.0,0.0,0.0,0.0,0.0,0.0,0.0,0.0,0.0,0.0,-1971.4,29.8622856087608,76.85234584,0.0,3.0,6.312,0.142,4.812,0.108,1.125,0.025,0.0,0.0,0.04812,0.108,0.016875,0.0375,0.0,0.0,0.210495,96.75,2.1751772464745582,221.203125,4.973188675442558,1.45125,3.2627658697118376,7.742109375,17.406160364048954,29.8622856087608,0,0.0,0.0,0.6005237080738044,Watch
622824,11606.0,16989.94536,BRA,Brazil,Roraima,3.060070199,0.0,0.63,0.51,11606.0,11606.0,1.0,15.0,45.0,2.0,-9999.0,3.0,1.0,4.5,0.2,-999.9,-1960.24,0.0,0.0,0.0,0.0,0.0,0.0,0.0,0.0,0.0,0.0,0.0,-1960.24,10.18567415306222,61.20140398,0.0,,43.062,0.253,39.5,0.232,0.0,0.0,0.0,0.0,0.395,0.232,0.0,0.0,0.0,0.0,0.627,52.734375,0.3103857833695212,160.59375,0.9452281722879818,0.791015625,0.4655786750542818,5.62078125,3.3082986030079367,10.18567415306222,3081,,,0.0905457549158092,Information
622826,11608.0,1514.485707,BRA,Brazil,Roraima,2.89797895,0.0,0.63,0.51,11608.0,,,,,,,,,,,,,,,,,,,,,,,,,47.050021745425646,57.959579000000005,0.0,,12.75,0.842,12.5,0.825,0.0,0.0,0.0,0.0,0.125,0.825,0.0,0.0,0.0,0.0,0.95,0.140625,0.0092853302837645,343.828125,22.70263254380444,0.002109375,0.0139279954256467,12.033984375,35.0,47.050021745425646,131,,,0.5448181370622418,Advisory
622827,11609.0,1746.358874,BRA,Brazil,Roraima,4.090310801,0.0,0.63,0.51,11609.0,,,,,,,,,,,,,,,,,,,,,,,,,8.068286965822374,81.80621602000001,0.0,,41.438,2.373,1.938,0.111,0.0,0.0,0.0,0.0,0.0193799999999999,0.111,0.0,0.0,0.0,0.0,0.13038,1.546875,0.0885771546002885,33.609375,1.9245399954062687,0.023203125,0.1328657319004327,1.176328125,6.735889983921941,8.068286965822374,14,,,0.2080692391243385,Information
622829,11611.0,8319.684453,BRA,Brazil,Roraima,1.870237418,0.0,0.63,0.51,11611.0,11611.0,1.0,14.0,100.0,3.0,2.0,3.0,1.0,10.0,0.3,0.2,29.0,0.0,0.0,0.0,0.0,0.0,0.0,0.0,0.0,0.0,0.0,0.0,29.0,29.0,37.40474836,0.0,,,,,,,,,,,,,,,,,20.671875,0.2484694595794024,69.609375,0.8366828740939062,0.310078125,0.3727041893691036,2.436328125,2.928390059328672,6.047500498697776,15968,,,0.2208298455099579,Information
622830,11612.0,28540.80813,BRA,Brazil,Amazonas,3.922206401,0.0,0.63,0.51,11612.0,11612.0,1.0,14.0,100.0,5.0,-9999.0,3.0,1.0,10.0,0.5,-999.9,-1976.7,0.0,0.0,0.0,0.0,0.0,0.0,0.0,0.0,0.0,0.0,0.0,-1976.7,19.55934517369476,78.44412802,0.0,,1023.25,3.585,503.938,1.766,1.938,0.007,0.312,0.001,5.03938,1.766,0.02907,0.0105,0.0078,0.0025,6.85525,104.625,0.366580369828049,369.0,1.2928856054150544,1.569375,0.5498705547420735,12.915,4.52509961895269,19.55934517369476,1310,,,0.4612857396004074,Advisory
622841,11613.0,12334.7251,BRA,Brazil,Roraima,4.00888938,0.0,0.63,0.51,11613.0,11613.0,0.0,15.0,29.0,2.0,-9999.0,0.0,1.0,2.9,0.2,-999.9,-1991.6,0.0,0.0,0.0,0.0,0.0,0.0,0.0,0.0,0.0,0.0,0.0,-1991.6,41.30519558270451,80.1777876,0.0,3.0,380.625,3.086,200.25,1.623,0.0,0.0,0.0,0.0,2.0025,1.623,0.0,0.0,0.0,0.0,3.6255,249.609375,2.023631439365997,544.78125,4.416646871044435,3.744140625,3.035447159048996,19.06734375,15.458264048655522,41.30519558270451,4433,43.0,0.9699977441912927,0.7685820473137989,Watch
622842,11614.0,21714.375,BRA,Brazil,Roraima,4.076746621,0.0,0.63,0.51,11614.0,11614.0,1.0,15.0,43.0,11.0,-9999.0,3.0,1.0,4.3,1.1,-999.9,-641.1333333333333,0.0,0.0,0.0,0.0,0.0,0.0,0.0,0.0,0.0,0.0,0.0,-641.1333333333333,33.52108934983097,81.53493241999999,0.0,3.0,186.188,0.857,102.062,0.47,0.0,0.0,0.0,0.0,1.02062,0.47,0.0,0.0,0.0,0.0,1.49062,218.25,1.005094551249168,562.21875,2.589154649416349,3.27375,1.507641826873752,19.67765625,9.06204127295722,33.52108934983097,0,0.0,0.0,0.7245106025286554,Watch
622843,11615.0,692.5577197,BRA,Brazil,Roraima,3.131248566,0.0,0.63,0.51,11615.0,,,,,,,,,,,,,,,,,,,,,,,,,16.055592704933762,62.62497132,0.0,,0.75,0.108,0.75,0.108,0.0,0.0,0.0,0.0,0.0075,0.108,0.0,0.0,0.0,0.0,0.1154999999999999,11.25,1.624413341980664,24.890625,3.5940145191322186,0.16875,2.436620012970996,0.871171875,12.579050816962765,16.055592704933762,0,,,0.1990706190138336,Information
622844,11616.0,21351.16107,BRA,Brazil,Roraima,2.911445153,0.0,0.63,0.51,11616.0,11616.0,1.0,15.0,60.0,3.0,-9999.0,3.0,1.0,6.0,0.3,-999.9,-1479.05,0.0,0.0,0.0,0.0,0.0,0.0,0.0,0.0,0.0,0.0,0.0,-1479.05,29.6764451164478,58.22890305999999,0.0,,1555.875,7.287,479.125,2.244,1.812,0.008,0.0,0.0,4.79125,2.244,0.02718,0.012,0.0,0.0,7.07443,112.640625,0.5275620590923104,529.171875,2.478422007945523,1.689609375,0.7913430886384656,18.521015625,8.674477027809331,29.6764451164478,38395,,,0.3662315125265016,Advisory
622845,11617.0,14096.50164,BRA,Brazil,Roraima,4.029158813,0.0,0.63,0.51,11617.0,11617.0,1.0,15.0,86.0,23.0,2.0,3.0,1.0,8.6,2.3,0.2,-368.76,0.0,0.0,0.0,0.0,0.0,0.0,0.0,0.0,0.0,0.0,0.0,-368.76,9.10093043190932,80.58317625999999,0.0,,191.125,1.356,50.25,0.356,0.0,0.0,0.0,0.0,0.5025,0.356,0.0,0.0,0.0,0.0,0.8584999999999999,37.96875,0.2693487431631052,135.84375,0.963669947761332,0.56953125,0.4040231147446578,4.75453125,3.372844817164662,9.10093043190932,27456,,,0.2242963663135405,Information
622846,11618.0,20403.74146,BRA,Brazil,Roraima,0.578123802,0.0,0.63,0.51,11618.0,11618.0,1.0,15.0,39.0,11.0,3.0,3.0,1.0,3.9,1.1,0.3,10.0,0.0,0.0,0.0,0.0,0.0,0.0,0.0,0.0,0.0,0.0,0.0,10.0,10.0,11.56247604,0.0,,82.938,0.406,23.375,0.115,0.0,0.0,0.0,0.0,0.23375,0.115,0.0,0.0,0.0,0.0,0.34875,15.1875,0.0744348776928731,58.640625,0.287401333314149,0.2278125,0.1116523165393096,2.052421875,1.0059046665995215,3.397791358138831,19383,,,0.0146394354753524,Information
622847,11619.0,8212.368696,BRA,Brazil,Roraima,0.828747282,0.0,0.63,0.51,11619.0,11619.0,2.0,14.0,100.0,100.0,9.0,7.0,1.0,10.0,10.0,0.9,-622.2,0.0,0.0,0.0,0.0,0.0,0.0,0.0,0.0,0.0,0.0,0.0,-622.2,11.54352064494948,16.57494564,0.0,,46.5,0.566,10.75,0.131,0.312,0.004,0.188,0.002,0.1075,0.131,0.00468,0.006,0.0046999999999999,0.005,0.25888,45.140625,0.549666322478396,129.375,1.57536765320911,0.677109375,0.824499483717594,4.528125,5.5137867862318855,11.54352064494948,406890,,,0.0239742610750652,Information
622848,11620.0,42482.13935,BRA,Brazil,Roraima,3.464622219,0.0,0.63,0.51,11620.0,11620.0,3.0,1.0,100.0,100.0,100.0,10.0,10.0,10.0,10.0,10.0,-803.0,0.0,0.0,0.0,0.0,0.0,0.0,0.0,0.0,0.0,0.0,0.0,-803.0,15.21328621851394,69.29244437999999,0.0,,493.125,1.161,111.188,0.262,1.0,0.002,0.062,0.0,1.11188,0.262,0.015,0.003,0.00155,0.0,1.3934299999999995,65.953125,0.1552490670587001,323.578125,0.7616803908359683,0.989296875,0.2328736005880501,11.325234375,2.665881367925889,15.21328621851394,55228,,,0.2412337026199372,Information
622849,11621.0,49930.27539,BRA,Brazil,Roraima,2.244349164,0.0,0.63,0.51,11621.0,11621.0,0.0,15.0,7.0,3.0,-9999.0,0.0,1.0,0.7,0.3,-999.9,-839.9714285714286,0.0,0.0,0.0,0.0,0.0,0.0,0.0,0.0,0.0,0.0,0.0,-839.9714285714286,9.380463950499983,44.88698328,0.0,,241.5,0.484,55.562,0.111,0.125,0.0,0.0,0.0,0.55562,0.111,0.001875,0.0,0.0,0.0,0.668495,75.09375,0.1503972277673398,191.109375,0.3827524953854211,1.12640625,0.2255958416510097,6.688828125,1.339633733848974,9.380463950499983,14173,,,0.0383005843632189,Information
622851,11622.0,398.1508865,BRA,Brazil,Amazonas,1.708846413,0.0,0.63,0.51,11622.0,,,,,,,,,,,,,,,,,,,,,,,,,20.97041725372617,34.176928260000004,0.0,,6.25,1.57,4.25,1.067,0.25,0.063,0.0,0.0,0.0425,1.067,0.00375,0.0945,0.0,0.0,1.20775,7.59375,1.9072543243453823,19.6875,4.944733433488029,0.11390625,2.8608814865180734,0.6890625,17.306567017208103,20.97041725372617,188,,,0.1263413344626761,Information
622852,11623.0,12617.90582,BRA,Brazil,Amazonas,4.035721106,0.0,0.63,0.51,11623.0,11623.0,1.0,13.0,100.0,7.0,-9999.0,3.0,1.0,10.0,0.7,-999.9,-1970.4,0.0,0.0,0.0,0.0,0.0,0.0,0.0,0.0,0.0,0.0,0.0,-1970.4,70.81760308061126,80.71442212,0.0,3.0,844.125,6.69,398.25,3.156,8.062,0.064,5.125,0.041,3.9825,3.156,0.12093,0.096,0.128125,0.1025,7.586055000000001,474.75,3.762510251304324,925.3125,7.333328629615655,7.12125,5.643765376956486,32.3859375,25.66665020365479,70.81760308061126,3080,0.0,0.0,0.9033279868129832,Warning
622853,11624.0,719.4346413,BRA,Brazil,Amazonas,4.005430236,0.0,0.63,0.51,11624.0,,,,,,,,,,,,,,,,,,,,,,,,,9.083059776160454,80.10860471999999,0.0,,31.25,4.344,12.875,1.79,0.0,0.0,0.0,0.0,0.12875,1.79,0.0,0.0,0.0,0.0,1.91875,0.28125,0.0390931967758267,17.296875,2.404231601713347,0.00421875,0.05863979516374,0.605390625,8.414810605996713,9.083059776160454,0,,,0.2165564002035009,Information
622854,11625.0,7349.100955,BRA,Brazil,Amazonas,4.075546591,0.0,0.63,0.51,11625.0,,,,,,,,,,,,,,,,,,,,,,,,,8.284434536739095,81.51093182,0.0,,141.5,1.925,83.75,1.14,0.125,0.002,0.0,0.0,0.8375,1.14,0.001875,0.003,0.0,0.0,1.982375,35.4375,0.482201839614607,85.078125,1.157667114947767,0.5315625,0.7233027594219105,2.977734375,4.051834902317185,8.284434536739095,0,,,0.2110448094564455,Information
622855,11626.0,35.92450543,BRA,Brazil,Amazonas,4.142317057,0.0,0.63,0.51,11626.0,,,,,,,,,,,,,,,,,,,,,,,,,35.241171875,82.84634113999999,0.0,3.0,0.062,0.174,0.062,0.174,0.0,0.0,0.0,0.0,0.00062,0.174,0.0,0.0,0.0,0.0,0.17462,0.0,0.0,6.890625,19.18084860973985,0.0,0.0,0.241171875,35.0,35.241171875,0,0.0,0.0,0.7642385979131077,Watch
622856,11627.0,1481.390424,BRA,Brazil,Amazonas,1.346219864,0.0,0.63,0.51,11627.0,,,,,,,,,,,,,,,,,,,,,,,,,49.26326870619607,26.92439728,0.0,,66.312,4.476,56.562,3.818,3.562,0.24,1.812,0.122,0.56562,3.818,0.05343,0.36,0.0453,0.305,5.14735,60.75,4.100877054130715,205.734375,13.88792391248434,0.91125,6.151315581196072,7.200703125,35.0,49.26326870619607,0,,,0.346673945287006,Advisory
622857,11628.0,1265.930057,BRA,Brazil,Amazonas,3.038739656,0.0,0.63,0.51,11628.0,,,,,,,,,,,,,,,,,,,,,,,,,59.728696588539535,60.774793120000005,0.0,3.0,222.75,17.596,125.438,9.909,8.188,0.647,1.688,0.133,1.25438,9.909,0.12282,0.9705,0.0421999999999999,0.3325,12.6314,104.90625,8.286891475693023,306.421875,24.20527684388083,1.57359375,12.430337213539534,10.724765625,35.0,59.728696588539535,0,0.0,0.0,0.6629373333793587,Watch
622858,11629.0,11802.49252,BRA,Brazil,Amazonas,0.579799478,0.0,0.63,0.51,11629.0,,,,,,,,,,,,,,,,,,,,,,,,,19.57004122146472,11.59598956,0.0,,183.812,1.557,138.5,1.173,2.625,0.022,0.125,0.001,1.385,1.173,0.039375,0.033,0.003125,0.0025,2.636,155.671875,1.3189745707886698,235.96875,1.999312854366204,2.335078125,1.9784618561830047,8.25890625,6.997594990281714,19.57004122146472,12069,,,0.0657878282512214,Information
622859,11630.0,228.9663905,BRA,Brazil,Amazonas,1.192220847,0.0,0.63,0.51,11630.0,,,,,,,,,,,,,,,,,,,,,,,,,39.65955331537588,23.84441694,0.0,,13.062,5.705,9.25,4.04,0.062,0.027,0.062,0.027,0.0925,4.04,0.0009299999999999,0.0405,0.00155,0.0675,4.24298,5.484375,2.395275126917252,28.125,12.283462189319238,0.082265625,3.5929126903758783,0.984375,35.0,39.65955331537588,0,,,0.2570565769727274,Advisory
622861,11631.0,637.9758423,BRA,Brazil,Amazonas,4.020290304,0.0,0.63,0.51,11631.0,,,,,,,,,,,,,,,,,,,,,,,,,51.22256070428845,80.40580608,0.0,3.0,31.812,4.986,28.688,4.497,1.312,0.206,0.688,0.108,0.2868799999999999,4.497,0.01968,0.309,0.0171999999999999,0.27,5.399760000000001,53.859375,8.442227969525632,78.609375,12.321685208785452,0.807890625,12.663341954288448,2.751328125,35.0,51.22256070428845,0,0.0,0.0,0.8317105360769292,Warning
622862,11632.0,16768.75845,BRA,Brazil,Amazonas,3.558109992,0.0,0.63,0.51,11632.0,,,,,,,,,,,,,,,,,,,,,,,,,44.93093434026196,71.16219984,0.0,3.0,252.062,1.503,192.312,1.147,1.25,0.007,0.375,0.002,1.92312,1.147,0.01875,0.0105,0.009375,0.005,3.113745,399.515625,2.382499731048425,632.953125,3.774597426768377,5.992734375,3.573749596572638,22.153359375,13.21109099368932,44.93093434026196,1706,190.0,11.137162954279015,0.6712760598006754,Watch
622863,11633.0,1363.142881,BRA,Brazil,Amazonas,4.062402545,0.0,0.63,0.51,11633.0,,,,,,,,,,,,,,,,,,,,,,,,,2.754783579147074,81.24805090000001,0.0,,33.188,2.435,23.688,1.738,0.0,0.0,0.0,0.0,0.2368799999999999,1.738,0.0,0.0,0.0,0.0,1.97488,3.65625,0.2682220662035061,7.875,0.57770906566909,0.05484375,0.4023330993052591,0.275625,2.021981729841815,2.754783579147074,0,,,0.0275581167724844,Information
622865,11635.0,5188.966448,BRA,Brazil,Amazonas,4.01601433,0.0,0.63,0.51,11635.0,11635.0,0.0,14.0,3.0,-9999.0,-9999.0,0.0,1.0,0.3,-999.9,-999.9,-3997.0,0.0,0.0,0.0,0.0,0.0,0.0,0.0,0.0,0.0,0.0,0.0,-3997.0,6.036593934113084,80.3202866,0.0,,242.062,4.665,74.625,1.438,0.0,0.0,0.0,0.0,0.74625,1.438,0.0,0.0,0.0,0.0,2.18425,16.734375,0.3224991945342359,51.75,0.9973084335176372,0.251015625,0.4837487918013539,1.81125,3.49057951731173,6.036593934113084,0,,,0.1186527749984828,Information
622871,11640.0,11063.3643,BRA,Brazil,Amazonas,4.061533379,0.0,0.63,0.51,11640.0,,,,,,,,,,,,,,,,,,,,,,,,,40.69954040771712,81.23066758,0.0,3.0,450.562,4.073,177.062,1.6,7.625,0.069,0.938,0.008,1.77062,1.6,0.114375,0.1035,0.02345,0.02,3.631945,272.109375,2.459553599862358,494.15625,4.466600180835311,4.081640625,3.689330399793537,17.29546875,15.633100632923588,40.69954040771712,74,0.0,0.0,0.7805323916578547,Watch
622872,11641.0,17423.00181,BRA,Brazil,Amazonas,4.002717558,0.0,0.63,0.51,11641.0,,,,,,,,,,,,,,,,,,,,,,,,,6.069067901680528,80.05435116,0.0,,329.438,1.891,225.438,1.294,1.688,0.01,0.062,0.0,2.25438,1.294,0.02532,0.015,0.00155,0.0,3.59025,51.328125,0.2945997799465327,88.171875,0.5060659233602083,0.769921875,0.441899669919799,3.086015625,1.771230731760729,6.069067901680528,512,,,0.1170613290928295,Information
622873,11642.0,17542.72494,BRA,Brazil,Amazonas,4.016426923,0.0,0.63,0.51,11642.0,11642.0,0.0,15.0,13.0,3.0,-9999.0,0.0,1.0,1.3,0.3,-999.9,-1994.4,0.0,0.0,0.0,0.0,0.0,0.0,0.0,0.0,0.0,0.0,0.0,-1994.4,30.53034818998111,80.32853846,0.0,3.0,299.5,1.707,125.688,0.716,18.875,0.108,0.125,0.001,1.25688,0.716,0.283125,0.162,0.003125,0.0025,2.42363,270.984375,1.544710846622332,439.453125,2.505044834299319,4.064765625,2.3170662699334983,15.380859375,8.767656920047616,30.53034818998111,206,0.0,0.0,0.669869294941659,Watch
622874,11643.0,12502.40896,BRA,Brazil,Amazonas,3.500405263,0.0,0.63,0.51,11643.0,,,,,,,,,,,,,,,,,,,,,,,,,9.778646903999212,70.00810526000001,0.0,,44.438,0.355,29.125,0.233,0.125,0.001,0.0,0.0,0.29125,0.233,0.001875,0.0015,0.0,0.0,0.5276249999999999,66.234375,0.5297729037553071,126.84375,1.0145544781046432,0.993515625,0.7946593556329606,4.43953125,3.550940673366251,9.778646903999212,1229,,,0.131202245355564,Information
622875,11644.0,33578.75943,BRA,Brazil,Amazonas,2.477530237,0.0,0.63,0.51,11644.0,,,,,,,,,,,,,,,,,,,,,,,,,12.48784666142069,49.55060474,0.0,,40.75,0.121,22.562,0.067,0.438,0.001,0.062,0.0,0.22562,0.067,0.00657,0.0015,0.00155,0.0,0.30224,98.4375,0.2931540702220652,232.734375,0.6930999803107398,1.4765625,0.4397311053330978,8.145703125,2.4258499310875896,12.48784666142069,22001,,,0.0813249022523555,Information
622876,11645.0,25435.81084,BRA,Brazil,Amazonas,1.170591166,0.0,0.63,0.51,11645.0,,,,,,,,,,,,,,,,,,,,,,,,,11.164001243459424,23.41182332,0.0,,208.562,0.82,170.125,0.669,0.125,0.0,0.0,0.0,1.70125,0.669,0.001875,0.0,0.0,0.0,2.372125,77.484375,0.3046271081462037,195.75,0.7695842732114619,1.162265625,0.4569406622193055,6.85125,2.6935449562401166,11.164001243459424,571,,,0.0270679057317627,Information
622878,11647.0,14234.16429,BRA,Brazil,Amazonas,0.637962141,0.0,0.63,0.51,11647.0,11647.0,0.0,13.0,9.0,2.0,2.0,0.0,1.0,0.9,0.2,0.2,4.6000000000000005,0.0,0.0,0.0,0.0,0.0,0.0,0.0,0.0,0.0,0.0,0.0,4.6000000000000005,4.6000000000000005,12.75924282,0.0,,117.125,0.823,88.812,0.624,0.0,0.0,0.0,0.0,0.88812,0.624,0.0,0.0,0.0,0.0,1.51212,34.171875,0.2400694154337376,62.296875,0.437657411675497,0.512578125,0.3601041231506064,2.180390625,1.5318009408642397,4.584873814014846,87,,,0.0016272627478491,Information
622879,11648.0,2395.508303,BRA,Brazil,Amazonas,1.989815619,0.0,0.63,0.51,11648.0,11648.0,0.0,15.0,21.0,3.0,-9999.0,0.0,1.0,2.1,0.3,-999.9,-1993.0,0.0,0.0,0.0,0.0,0.0,0.0,0.0,0.0,0.0,0.0,0.0,-1993.0,4.045796059540555,39.79631238,0.0,,,,,,,,,,,,,,,,,8.15625,0.3404809738369643,18.84375,0.7866284567957453,0.12234375,0.5107214607554464,0.65953125,2.753199598785109,4.045796059540555,24055,,,0.003466397833415,Information
622882,11650.0,35754.45386,BRA,Brazil,Amazonas,4.024982203,0.0,0.63,0.51,11650.0,11650.0,1.0,12.0,49.0,13.0,2.0,3.0,1.0,4.9,1.3,0.2,-878.7818181818183,0.0,0.0,0.0,0.0,0.0,0.0,0.0,0.0,0.0,0.0,0.0,-878.7818181818183,6.674559300343792,80.49964406000001,0.0,,10.688,0.03,9.25,0.026,2.312,0.006,0.0,0.0,0.0925,0.026,0.03468,0.009,0.0,0.0,0.16218,77.34375,0.2163192040143126,115.875,0.3240854983778065,1.16015625,0.3244788060214689,4.055625,1.1342992443223228,6.674559300343792,11387,,,0.141830926420665,Information
622883,11651.0,1933.107512,BRA,Brazil,Amazonas,4.067484249,0.0,0.63,0.51,11651.0,11651.0,0.0,14.0,9.0,-9999.0,-9999.0,0.0,1.0,0.9,-999.9,-999.9,-3995.8,0.0,0.0,0.0,0.0,0.0,0.0,0.0,0.0,0.0,0.0,0.0,-3995.8,6.002777760738525,81.34968497999999,0.0,,0.0,0.0,0.0,0.0,8.312,0.43,0.0,0.0,0.0,0.0,0.12468,0.645,0.0,0.0,0.76968,13.640625,0.7056319897565246,21.9375,1.134830828886782,0.204609375,1.058447984634787,0.7678125,3.971907901103737,6.002777760738525,780,,,0.1284726435608882,Information
622884,11652.0,8240.491315,BRA,Brazil,Amazonas,4.055948117,0.0,0.63,0.51,11652.0,,,,,,,,,,,,,,,,,,,,,,,,,5.427101114973997,81.11896234,0.0,,7.5,0.091,6.312,0.077,0.0,0.0,0.0,0.0,0.06312,0.077,0.0,0.0,0.0,0.0,0.14012,40.078125,0.4863560128434695,52.875,0.6416486344882265,0.601171875,0.7295340192652042,1.850625,2.245770220708793,5.427101114973997,618,,,0.1062440406106276,Information
622885,11653.0,7154.660234,BRA,Brazil,Amazonas,4.032839364,0.0,0.63,0.51,11653.0,11653.0,0.0,14.0,2.0,-9999.0,-9999.0,0.0,1.0,0.2,-999.9,-999.9,-3997.2,0.0,0.0,0.0,0.0,0.0,0.0,0.0,0.0,0.0,0.0,0.0,-3997.2,6.773850049007312,80.65678728,0.0,,9.25,0.129,6.0,0.084,0.188,0.003,0.0,0.0,0.06,0.084,0.00282,0.0045,0.0,0.0,0.15132,22.640625,0.3164458445197497,71.015625,0.992578580636482,0.339609375,0.4746687667796245,2.485546875,3.474025032227687,6.773850049007312,5503,,,0.1470264800084298,Information
622895,11662.0,4416.780028,BRA,Brazil,Amazonas,4.018972928,0.0,0.63,0.51,11662.0,11662.0,2.0,13.0,74.0,39.0,5.0,7.0,1.0,7.4,3.9,0.5,42.2,0.0,0.0,0.0,0.0,0.0,0.0,0.0,0.0,0.0,0.0,0.0,42.2,42.2,80.37945856,0.0,,5.812,0.132,5.812,0.132,0.0,0.0,0.0,0.0,0.05812,0.132,0.0,0.0,0.0,0.0,0.19012,1.40625,0.0318388054446219,13.5,0.3056525322683706,0.02109375,0.0477582081669328,0.4725,1.069783862939297,1.61113582110623,3582,,,0.7781151883201503,Watch
622910,11667.0,22182.74873,BRA,Brazil,Amazonas,3.126758263,0.0,0.63,0.51,11667.0,11667.0,2.0,1.0,100.0,100.0,2.0,7.0,10.0,10.0,10.0,0.2,-935.55,0.0,0.0,0.0,0.0,0.0,0.0,0.0,0.0,0.0,0.0,0.0,-935.55,66.91947797608985,62.53516526,0.0,3.0,390.125,1.759,240.875,1.086,46.0,0.207,11.25,0.051,2.40875,1.086,0.69,0.3105,0.28125,0.1275,4.904,635.90625,2.866670211173599,1145.953125,5.16596540266556,9.53859375,4.300005316760399,35.0,18.08087890932946,66.91947797608985,175994,6813.0,3.871154698455629,0.7190721337905672,Watch
622921,11668.0,61974.74393,BRA,Brazil,Amazonas,4.020688484,0.0,0.63,0.51,11668.0,11668.0,0.0,1.0,-9999.0,-9999.0,-9999.0,0.0,10.0,-999.9,-999.9,-999.9,-2381.6857142857143,0.0,0.0,0.0,0.0,0.0,0.0,0.0,0.0,0.0,0.0,0.0,-2381.6857142857143,40.81830818075913,80.41376968,0.0,3.0,147.625,0.238,96.938,0.156,2.438,0.004,0.188,0.0,0.96938,0.156,0.03657,0.006,0.0046999999999999,0.0,1.17265,97.453125,0.1572465149895403,962.4375,1.5529511523642336,1.461796875,0.2358697724843104,33.6853125,5.435329033274818,40.81830818075913,32460,679.0,2.0918052988293283,0.7686182371744492,Watch
622922,11669.0,63305.65835,BRA,Brazil,Amazonas,4.022886738,0.0,0.63,0.51,11669.0,11669.0,0.0,1.0,-9999.0,-9999.0,-9999.0,0.0,10.0,-999.9,-999.9,-999.9,-5979.4,0.0,0.0,0.0,0.0,0.0,0.0,0.0,0.0,0.0,0.0,0.0,-5979.4,13.322644488865148,80.45773476000001,0.0,,,,,,,,,,,,,,,,,46.125,0.0728607855952782,308.953125,0.4880339815634948,0.691875,0.1092911783929173,10.813359375,1.708118935472232,13.322644488865148,0,,,0.3508174761133778,Advisory
622923,11670.0,26196.60751,BRA,Brazil,Amazonas,4.007640246,0.0,0.63,0.51,11670.0,11670.0,0.0,1.0,-9999.0,-9999.0,-9999.0,0.0,10.0,-999.9,-999.9,-999.9,-5979.4,0.0,0.0,0.0,0.0,0.0,0.0,0.0,0.0,0.0,0.0,0.0,-5979.4,8.579564426543243,80.15280492000001,0.0,,,,,,,,,,,,,,,,,44.15625,0.1685571308310674,158.484375,0.6049805300847548,0.66234375,0.2528356962466011,5.546953125,2.117431855296642,8.579564426543243,44075,,,0.2008245798358727,Information
622924,11671.0,44027.9225,BRA,Brazil,Amazonas,1.378526967,0.0,0.63,0.51,11671.0,11671.0,1.0,2.0,100.0,2.0,-9999.0,3.0,9.0,10.0,0.2,-999.9,-1955.4,0.0,0.0,0.0,0.0,0.0,0.0,0.0,0.0,0.0,0.0,0.0,-1955.4,15.85440552596108,27.57053934,0.0,,14.625,0.033,10.812,0.025,4.75,0.011,0.438,0.001,0.10812,0.025,0.07125,0.0165,0.01095,0.0025,0.23432,151.59375,0.3443127483794331,304.171875,0.6908612938262653,2.27390625,0.5164691225691497,10.646015625,2.4180145283919283,15.85440552596108,20579,,,0.0643603939338457,Information
622925,11672.0,78098.63745,BRA,Brazil,Amazonas,4.006745986,0.0,0.63,0.51,11672.0,11672.0,0.0,1.0,-9999.0,-9999.0,-9999.0,0.0,10.0,-999.9,-999.9,-999.9,-5980.733333333333,0.0,0.0,0.0,0.0,0.0,0.0,0.0,0.0,0.0,0.0,0.0,-5980.733333333333,23.145860296414074,80.13491972,0.0,,45.875,0.059,38.5,0.049,7.812,0.01,1.312,0.002,0.385,0.049,0.11718,0.015,0.0328,0.005,0.6039800000000001,200.109375,0.2562264612122011,500.484375,0.6408362441702207,3.001640625,0.3843396918183016,17.516953125,2.242926854595773,23.145860296414074,23447,,,0.5607427076084379,Advisory
622926,11673.0,36756.56672,BRA,Brazil,Acre,3.648185652,0.0,0.63,0.51,11673.0,11673.0,0.0,1.0,-9999.0,-9999.0,-9999.0,0.0,10.0,-999.9,-999.9,-999.9,-5979.4,0.0,0.0,0.0,0.0,0.0,0.0,0.0,0.0,0.0,0.0,0.0,-5979.4,10.69186499374552,72.96371304,0.0,,,,,,,,,,,,,,,,,86.203125,0.2345244202636777,203.203125,0.5528348895285716,1.293046875,0.3517866303955165,7.112109375,1.9349221133500007,10.69186499374552,634520,,,0.1767824464076806,Information
622927,11674.0,5727.364561,BRA,Brazil,Amazonas,4.028419768,0.0,0.63,0.51,11674.0,11674.0,1.0,2.0,100.0,-9999.0,-9999.0,3.0,9.0,10.0,-999.9,-999.9,-3955.6,0.0,0.0,0.0,0.0,0.0,0.0,0.0,0.0,0.0,0.0,0.0,-3955.6,3.3557023948402995,80.56839536,0.0,,,,,,,,,,,,,,,,,12.234375,0.2136126462613418,29.671875,0.518072050128082,0.183515625,0.3204189693920127,1.038515625,1.8132521754482869,3.3557023948402995,1981,,,0.0395237409196909,Information
622928,11675.0,26634.34796,BRA,Brazil,Acre,3.721829813,0.0,0.63,0.51,11675.0,11675.0,0.0,3.0,-9999.0,-9999.0,-9999.0,0.0,8.0,-999.9,-999.9,-999.9,-5983.4,0.0,0.0,0.0,0.0,0.0,0.0,0.0,0.0,0.0,0.0,0.0,-5983.4,7.751441314421876,74.43659626,0.0,,,,,,,,,,,,,,,,,49.21875,0.1847942741853167,139.921875,0.5253437223268289,0.73828125,0.277191411277975,4.897265625,1.8387030281439007,7.751441314421876,41128,,,0.1163792819206946,Information
622931,11677.0,4336.126197,BRA,Brazil,Amazonas,4.039421911,0.0,0.63,0.51,11677.0,,,,,,,,,,,,,,,,,,,,,,,,,40.9049998242898,80.78843821999999,0.0,3.0,163.188,3.763,132.625,3.059,9.0,0.208,2.812,0.065,1.32625,3.059,0.135,0.312,0.0702999999999999,0.1625,5.065049999999999,86.203125,1.988021590678523,316.546875,7.30022283950629,1.293046875,2.9820323860177846,11.079140625,25.55077993827201,40.9049998242898,38856,426.0,1.0963557751698578,0.7750974597422153,Watch
622932,11678.0,19781.09579,BRA,Brazil,Amazonas,4.040340769,0.0,0.63,0.51,11678.0,,,,,,,,,,,,,,,,,,,,,,,,,16.305277058481195,80.80681538,0.0,,581.5,2.94,369.062,1.866,34.375,0.174,2.0,0.01,3.69062,1.866,0.515625,0.261,0.05,0.025,6.408245000000001,30.65625,0.1549775115235864,296.296875,1.4978789760559477,0.45984375,0.2324662672853796,10.370390625,5.242576416195817,16.305277058481195,1786,,,0.4352330587941018,Advisory
622936,11682.0,35821.49504,BRA,Brazil,Amazonas,1.050551339,0.0,0.63,0.51,11682.0,11682.0,1.0,7.0,45.0,7.0,-9999.0,3.0,4.0,4.5,0.7,-999.9,-950.5,0.0,0.0,0.0,0.0,0.0,0.0,0.0,0.0,0.0,0.0,0.0,-950.5,13.3481553470575,21.01102678,0.0,,,,,,,,,,,,,,,,,13.5,0.0376868692564544,292.359375,0.8161562623350908,0.2025,0.0565303038846815,10.232578125,2.8565469181728176,13.3481553470575,60432,,,0.0377076708910639,Information
622938,11684.0,10555.09755,BRA,Brazil,Amazonas,4.019845972,0.0,0.63,0.51,11684.0,,,,,,,,,,,,,,,,,,,,,,,,,26.8459532058462,80.39691943999999,0.0,3.0,228.688,2.167,200.75,1.902,8.5,0.081,0.125,0.001,2.0075,1.902,0.1275,0.1215,0.003125,0.0025,4.164125,145.96875,1.3829218469007811,331.3125,3.138886195855722,2.18953125,2.074382770351172,11.5959375,10.986101685495028,26.8459532058462,750,0.0,0.0,0.6234021424551127,Watch
622939,11685.0,7020.194122,BRA,Brazil,Amazonas,3.541945154,0.0,0.63,0.51,11685.0,11685.0,1.0,7.0,66.0,7.0,-9999.0,3.0,4.0,6.6,0.7,-999.9,-1971.2,0.0,0.0,0.0,0.0,0.0,0.0,0.0,0.0,0.0,0.0,0.0,-1971.2,15.935534365244008,70.83890308,0.0,,50.688,0.722,41.125,0.586,4.562,0.065,0.25,0.004,0.41125,0.586,0.06843,0.0975,0.00625,0.01,1.17943,38.53125,0.5488630276159302,171.28125,2.4398363782343178,0.57796875,0.8232945414238952,5.99484375,8.539427323820112,15.935534365244008,3464,,,0.2728274069296912,Information
622941,11686.0,41015.14634,BRA,Brazil,Amazonas,4.035052968,0.0,0.63,0.51,11686.0,11686.0,2.0,15.0,88.0,66.0,21.0,7.0,1.0,8.8,6.6,2.1,51.0,0.0,0.0,0.0,0.0,0.0,0.0,0.0,0.0,0.0,0.0,0.0,51.0,51.368004794513794,80.70105935999999,0.0,3.0,171.0,0.417,114.0,0.278,18.375,0.045,0.688,0.002,1.14,0.278,0.275625,0.0675,0.0171999999999999,0.005,1.7833249999999998,405.84375,0.9894972618552164,1030.78125,2.5131721862088487,6.08765625,1.4842458927828246,35.0,8.79610265173097,51.368004794513794,9174,0.0,0.0,0.8362014370590377,Warning
622942,11687.0,15474.30105,BRA,Brazil,Amazonas,4.017353071,0.0,0.63,0.51,11687.0,,,,,,,,,,,,,,,,,,,,,,,,,8.753070935536824,80.34706141999999,0.0,,82.875,0.536,55.5,0.359,21.312,0.138,1.625,0.011,0.555,0.359,0.31968,0.207,0.040625,0.0274999999999999,1.5088050000000002,55.546875,0.3589620935697026,128.109375,0.8278847271949346,0.833203125,0.5384431403545539,4.483828125,2.897596545182271,8.753070935536824,679,,,0.209308692150683,Information
622943,11688.0,6475.111891,BRA,Brazil,Amazonas,4.011760791,0.0,0.63,0.51,11688.0,,,,,,,,,,,,,,,,,,,,,,,,,13.864855177588158,80.23521582000001,0.0,,19.438,0.3,11.625,0.18,2.062,0.032,0.5,0.008,0.11625,0.18,0.03093,0.048,0.0125,0.02,0.40768,29.25,0.4517296456615063,143.15625,2.210869131170257,0.43875,0.6775944684922595,5.01046875,7.7380419590958995,13.864855177588158,0,,,0.3614654140825782,Advisory
622952,11696.0,24430.09162,BRA,Brazil,Amazonas,3.224245311,0.0,0.63,0.51,11696.0,11696.0,0.0,3.0,-9999.0,-9999.0,-9999.0,0.0,8.0,-999.9,-999.9,-999.9,-5983.4,0.0,0.0,0.0,0.0,0.0,0.0,0.0,0.0,0.0,0.0,0.0,-5983.4,10.010435844278057,64.48490622,0.0,,11.438,0.047,11.25,0.046,2.25,0.009,0.0,0.0,0.1125,0.046,0.03375,0.0134999999999999,0.0,0.0,0.20575,53.859375,0.2204632542285675,179.859375,0.7362206322672009,0.807890625,0.3306948813428512,6.295078125,2.576772212935204,10.010435844278057,53722,,,0.10269754301011,Information
622953,11697.0,1166.819622,BRA,Brazil,Amazonas,3.930294632,0.0,0.63,0.51,11697.0,,,,,,,,,,,,,,,,,,,,,,,,,20.981398280388376,78.60589264,0.0,,0.0,0.0,0.0,0.0,1.25,0.107,0.0,0.0,0.0,0.0,0.01875,0.1605,0.0,0.0,0.17925,35.578125,3.04915381410408,47.390625,4.061521088352074,0.533671875,4.573730721156119,1.658671875,14.21532380923226,20.981398280388376,11544,,,0.4922293837946032,Advisory
622958,11702.0,754.6138332,BRA,Brazil,Amazonas,4.050217144,0.0,0.63,0.51,11702.0,,,,,,,,,,,,,,,,,,,,,,,,,25.102115791171403,81.00434288000001,0.0,3.0,0.5,0.066,0.062,0.008,0.75,0.099,0.0,0.0,0.00062,0.008,0.01125,0.1485,0.0,0.0,0.16837,22.921875,3.037563584499752,40.5,5.366983511263364,0.343828125,4.556345376749627,1.4175,18.784442289421776,25.102115791171403,1576,0.0,0.0,0.6097784925812461,Watch
622959,11703.0,1003.397445,BRA,Brazil,Amazonas,4.024710967,0.0,0.63,0.51,11703.0,,,,,,,,,,,,,,,,,,,,,,,,,16.477482957803076,80.49421934,0.0,,1.312,0.131,0.938,0.093,0.812,0.081,0.0,0.0,0.00938,0.093,0.01218,0.1215,0.0,0.0,0.23606,12.234375,1.2192950121234138,37.6875,3.755989232747988,0.183515625,1.8289425181851209,1.3190625,13.145962314617956,16.477482957803076,897,,,0.4330099826581207,Advisory
622961,11704.0,24.79670399,BRA,Brazil,Amazonas,4.134789143,0.0,0.63,0.51,11704.0,,,,,,,,,,,,,,,,,,,,,,,,,47.94423113668043,82.69578286,0.0,3.0,0.0,0.0,0.0,0.0,0.125,0.504,0.0,0.0,0.0,0.0,0.001875,0.756,0.0,0.0,0.757875,2.109375,8.506674924453622,4.359375,17.580461510537482,0.031640625,12.760012386680431,0.152578125,35.0,47.94423113668043,0,0.0,0.0,0.8459194633231519,Warning
622962,11705.0,7894.55186,BRA,Brazil,Amazonas,4.028584775,0.0,0.63,0.51,11705.0,,,,,,,,,,,,,,,,,,,,,,,,,13.292049045629131,80.57169549999999,0.0,,93.25,1.181,92.688,1.174,12.812,0.162,0.0,0.0,0.92688,1.174,0.19218,0.243,0.0,0.0,2.53606,93.65625,1.186340297215588,127.40625,1.6138503142302143,1.40484375,1.779510445823382,4.45921875,5.64847609980575,13.292049045629131,0,,,0.3521341887152239,Advisory
622963,11706.0,45529.69382,BRA,Brazil,Amazonas,4.047365493,0.0,0.63,0.51,11706.0,11706.0,1.0,3.0,100.0,-9999.0,-9999.0,3.0,8.0,10.0,-999.9,-999.9,-4461.883333333332,0.0,0.0,0.0,0.0,0.0,0.0,0.0,0.0,0.0,0.0,0.0,-4461.883333333332,50.3622713657637,80.94730986,0.0,3.0,388.5,0.853,334.188,0.734,81.688,0.179,0.562,0.001,3.34188,0.734,1.2253200000000002,0.2684999999999999,0.01405,0.0025,5.58625,401.625,0.8821166282082864,1042.59375,2.2899204067003622,6.024375,1.3231749423124295,35.0,8.014721423451268,50.3622713657637,39858,318.0,0.7978323046816197,0.8344831839839686,Warning
622964,11707.0,55063.77565,BRA,Brazil,Acre,4.036264562,0.0,0.63,0.51,11707.0,11707.0,0.0,2.0,-9999.0,-9999.0,-9999.0,0.0,9.0,-999.9,-999.9,-999.9,-5982.733333333333,0.0,0.0,0.0,0.0,0.0,0.0,0.0,0.0,0.0,0.0,0.0,-5982.733333333333,10.345343767705684,80.72529124,0.0,,10.375,0.019,9.812,0.018,1.5,0.003,0.0,0.0,0.09812,0.018,0.0225,0.0045,0.0,0.0,0.14312,101.671875,0.184643849430005,206.578125,0.3751615695887655,1.525078125,0.2769657741450075,7.230234375,1.3130654935606794,10.345343767705684,72913,,,0.2668863571824396,Information
622965,11708.0,8859.32138,BRA,Brazil,Amazonas,4.127100923,0.0,0.63,0.51,11708.0,11708.0,1.0,2.0,100.0,-9999.0,-9999.0,3.0,9.0,10.0,-999.9,-999.9,-4630.2,0.0,0.0,0.0,0.0,0.0,0.0,0.0,0.0,0.0,0.0,0.0,-4630.2,13.316856972766674,82.54201846000001,0.0,,33.562,0.379,28.188,0.318,7.375,0.083,0.0,0.0,0.2818799999999999,0.318,0.110625,0.1245,0.0,0.0,0.835005,62.015625,0.700004236678679,152.15625,1.7174707122139017,0.930234375,1.0500063550180183,5.32546875,6.011147492748656,13.316856972766674,27113,,,0.3932854039183731,Advisory
622966,11709.0,8813.112472,BRA,Brazil,Amazonas,2.963324537,0.0,0.63,0.51,11709.0,11709.0,1.0,1.0,100.0,-9999.0,-9999.0,3.0,10.0,10.0,-999.9,-999.9,-3954.6,0.0,0.0,0.0,0.0,0.0,0.0,0.0,0.0,0.0,0.0,0.0,-3954.6,1.25328647967138,59.26649074,0.0,,,,,,,,,,,,,,,,,1.40625,0.0159563378364402,16.171875,0.1834978851190628,0.02109375,0.0239345067546603,0.566015625,0.6422425979167198,1.25328647967138,0,,,0.0002495100973249,Information
622967,11710.0,25816.0926,BRA,Brazil,Amazonas,3.151558623,0.0,0.63,0.51,11710.0,11710.0,1.0,2.0,100.0,-9999.0,-9999.0,3.0,9.0,10.0,-999.9,-999.9,-4533.828571428571,0.0,0.0,0.0,0.0,0.0,0.0,0.0,0.0,0.0,0.0,0.0,-4533.828571428571,7.658526354313668,63.03117246,0.0,,10.312,0.04,10.312,0.04,2.875,0.011,0.188,0.001,0.1031199999999999,0.04,0.043125,0.0165,0.0046999999999999,0.0025,0.209945,16.59375,0.0642767681974303,150.609375,0.5833933791478637,0.24890625,0.0964151522961454,5.271328125,2.041876827017523,7.658526354313668,106297,,,0.0577141993986269,Information
622969,11712.0,30985.37675,BRA,Brazil,Acre,2.605451835,0.0,0.63,0.51,11712.0,11712.0,0.0,3.0,-9999.0,-9999.0,-9999.0,0.0,8.0,-999.9,-999.9,-999.9,-5983.4,0.0,0.0,0.0,0.0,0.0,0.0,0.0,0.0,0.0,0.0,0.0,-5983.4,8.01607129260406,52.1090367,0.0,,,,,,,,,,,,,,,,,101.8125,0.3285824175299546,129.515625,0.417989511802608,1.5271875,0.4928736262949319,4.533046875,1.4629632913091282,8.01607129260406,32907,,,0.0369301008186756,Information
622971,11713.0,4131.90274,BRA,Brazil,Amazonas,2.216520912,0.0,0.63,0.51,11713.0,,,,,,,,,,,,,,,,,,,,,,,,,27.843038930987085,44.33041824,0.0,,43.312,1.048,37.312,0.903,5.938,0.144,0.312,0.008,0.3731199999999999,0.903,0.08907,0.2159999999999999,0.0078,0.02,1.60899,66.9375,1.6200163510364227,203.90625,4.934923758409271,1.0040625,2.430024526554634,7.13671875,17.27223315443245,27.843038930987085,12016,,,0.2442015618925149,Information
622972,11714.0,78627.28374,BRA,Brazil,Amazonas,4.014804484,0.0,0.63,0.51,11714.0,11714.0,0.0,4.0,-9999.0,-9999.0,-9999.0,0.0,7.0,-999.9,-999.9,-999.9,-4779.88,0.0,0.0,0.0,0.0,0.0,0.0,0.0,0.0,0.0,0.0,0.0,-4779.88,28.714088873718712,80.29608968,0.0,3.0,157.688,0.201,114.875,0.146,15.312,0.019,0.062,0.0,1.14875,0.146,0.22968,0.0284999999999999,0.00155,0.0,1.5544799999999996,172.828125,0.2198068110433506,653.765625,0.8314742591867674,2.592421875,0.3297102165650258,22.881796875,2.910159907153686,28.714088873718712,11361,178.0,1.5667634891294782,0.6467537023273819,Watch
622973,11715.0,8683.104023,BRA,Brazil,Amazonas,3.591072133,0.0,0.63,0.51,11715.0,11715.0,1.0,1.0,100.0,15.0,-9999.0,3.0,10.0,10.0,1.5,-999.9,-1950.8,0.0,0.0,0.0,0.0,0.0,0.0,0.0,0.0,0.0,0.0,0.0,-1950.8,22.219775293753425,71.82144266,0.0,,74.312,0.856,49.938,0.575,16.125,0.186,0.438,0.005,0.49938,0.575,0.241875,0.279,0.01095,0.0125,1.6187050000000005,103.078125,1.1871114837538312,250.875,2.8892317694636223,1.546171875,1.7806672256307468,8.780625,10.11231119312268,22.219775293753425,14039,,,0.4061039597761853,Advisory
622975,11717.0,29340.87931,BRA,Brazil,Amazonas,4.00905592,0.0,0.63,0.51,11717.0,11717.0,1.0,2.0,100.0,11.0,-9999.0,3.0,9.0,10.0,1.1,-999.9,-2750.6,0.0,0.0,0.0,0.0,0.0,0.0,0.0,0.0,0.0,0.0,0.0,-2750.6,38.00945881688818,80.1811184,0.0,3.0,75.938,0.259,52.062,0.177,18.875,0.064,9.75,0.033,0.52062,0.177,0.283125,0.096,0.24375,0.0825,1.402995,302.0625,1.029493686344511,680.484375,2.3192364749632626,4.5309375,1.5442405295167665,23.816953125,8.11732766237142,38.00945881688818,60699,3997.0,6.584951976144582,0.7425412872413635,Watch
622976,11718.0,109924.0372,BRA,Brazil,Amazonas,4.000767203,0.0,0.63,0.51,11718.0,11718.0,0.0,3.0,2.0,-9999.0,-9999.0,0.0,8.0,0.2,-999.9,-999.9,-3102.871428571428,0.0,0.0,0.0,0.0,0.0,0.0,0.0,0.0,0.0,0.0,0.0,-3102.871428571428,36.76123617691687,80.01534405999999,0.0,3.0,574.438,0.523,366.312,0.333,34.125,0.031,0.25,0.0,3.66312,0.333,0.511875,0.0465,0.00625,0.0,4.560745,234.984375,0.2137697821923958,862.03125,0.7842063224652224,3.524765625,0.3206546732885937,30.17109375,2.744722128628278,36.76123617691687,70455,7303.0,10.365481513022496,0.7288965553639688,Watch
623020,11741.0,7602.829654,BRA,Brazil,Pará,4.025387412,4.003668848,0.63,0.51,11741.0,11741.0,1.0,1.0,100.0,-9999.0,-9999.0,3.0,10.0,10.0,-999.9,-999.9,-1959.4,0.0,0.0,0.0,0.0,0.0,0.0,0.0,0.0,0.0,0.0,0.0,-1959.4,12.111911856134745,80.50774824,80.07337696,,6.062,0.08,6.062,0.08,0.0,0.0,0.0,0.0,0.06062,0.08,0.0,0.0,0.0,0.0,0.14062,32.765625,0.4309661861503749,135.421875,1.781203593402623,0.491484375,0.6464492792255624,4.739765625,6.23421257690918,12.111911856134745,14078,,,0.3170985948554368,Information
623040,11743.0,5477.992864,BRA,Brazil,Pará,3.497610833,0.0,0.63,0.51,11743.0,11743.0,1.0,1.0,100.0,-9999.0,-9999.0,3.0,10.0,10.0,-999.9,-999.9,-2939.7,0.0,0.0,0.0,0.0,0.0,0.0,0.0,0.0,0.0,0.0,0.0,-2939.7,5.262688660709535,69.95221666,0.0,,8.062,0.147,7.75,0.141,0.0,0.0,0.0,0.0,0.0775,0.141,0.0,0.0,0.0,0.0,0.2184999999999999,15.890625,0.2900811555569478,46.40625,0.8471396578211751,0.238359375,0.4351217333354217,1.62421875,2.964988802374113,5.262688660709535,18725,,,0.0407413762469748,Information
623050,11744.0,6633.579115,BRA,Brazil,Pará,4.022852365,3.293684467,0.63,0.51,11744.0,11744.0,1.0,1.0,100.0,-9999.0,-9999.0,3.0,10.0,10.0,-999.9,-999.9,-2953.5,0.0,0.0,0.0,0.0,0.0,0.0,0.0,0.0,0.0,0.0,0.0,-2953.5,33.04704337531143,80.4570473,65.87368934,3.0,62.625,0.944,44.125,0.665,2.812,0.042,0.125,0.002,0.44125,0.665,0.04218,0.063,0.003125,0.005,1.219555,181.6875,2.738906054300296,298.6875,4.502659798245997,2.7253125,4.108359081450444,10.4540625,15.759309293860989,33.04704337531143,21292,1122.0,5.269584820589893,0.7003187034656515,Watch
623060,11745.0,6409.597034,BRA,Brazil,Pará,4.018949249,1.147752541,0.63,0.51,11745.0,11745.0,1.0,1.0,100.0,-9999.0,-9999.0,3.0,10.0,10.0,-999.9,-999.9,-3953.6,0.0,0.0,0.0,0.0,0.0,0.0,0.0,0.0,0.0,0.0,0.0,-3953.6,85.64105478335483,80.37898498000001,22.95505082,3.0,32.5,0.507,21.438,0.334,3.875,0.06,0.375,0.006,0.21438,0.334,0.058125,0.09,0.009375,0.015,0.72088,500.484375,7.808359438903222,897.75,14.006340729968578,7.507265625,11.712539158354833,31.42125,35.0,85.64105478335483,15603,5909.0,37.87092225854003,0.9297004351230992,Warning
623070,11746.0,17663.20562,BRA,Brazil,Pará,4.039762701,3.135545329,0.63,0.51,11746.0,11746.0,1.0,1.0,100.0,-9999.0,-9999.0,3.0,10.0,10.0,-999.9,-999.9,-3953.6,0.0,0.0,0.0,0.0,0.0,0.0,0.0,0.0,0.0,0.0,0.0,-3953.6,93.85752830362584,80.79525402,62.71090658,3.0,853.188,4.83,512.938,2.904,43.188,0.245,1.062,0.006,5.12938,2.904,0.6478200000000001,0.3675,0.02655,0.015,9.09025,1043.015625,5.90501886908388,1877.484375,10.629352422966006,15.0,8.85752830362582,35.0,35.0,93.85752830362584,231003,19014.0,8.231061934260595,0.9437006938548872,Warning
623081,11747.0,1013.666345,BRA,Brazil,Pará,4.040819546,4.02978517,0.63,0.51,11747.0,,,,,,,,,,,,,,,,,,,,,,,,,38.06802229335777,80.81639092,80.5957034,3.0,6.5,0.641,3.938,0.388,0.0,0.0,0.0,0.0,0.03938,0.388,0.0,0.0,0.0,0.0,0.42738,40.640625,4.009270427816735,82.6875,8.157269936180763,0.609609375,6.013905641725103,2.8940625,28.55044477663267,38.06802229335777,14399,2871.0,19.938884644766997,0.7534284880663811,Watch
623082,11748.0,22190.54628,BRA,Brazil,Pará,2.737149621,0.0,0.63,0.51,11748.0,,,,,,,,,,,,,,,,,,,,,,,,,10.176369440242828,54.74299242,0.0,,149.312,0.673,58.0,0.261,1.312,0.006,0.0,0.0,0.58,0.261,0.01968,0.009,0.0,0.0,0.86968,84.09375,0.3789620540273051,164.390625,0.7408137812005345,1.26140625,0.5684430810409576,5.753671875,2.592848234201871,10.176369440242828,34251,,,0.0678116719693094,Information
623083,11749.0,8080.464005,BRA,Brazil,Pará,2.79419704,0.0,0.63,0.51,11749.0,,,,,,,,,,,,,,,,,,,,,,,,,6.5920400079006,55.8839408,0.0,,281.5,3.484,107.938,1.336,0.375,0.005,0.0,0.0,1.07938,1.336,0.005625,0.0075,0.0,0.0,2.428505,33.328125,0.4124531088889939,69.890625,0.8649333127334596,0.499921875,0.6186796633334908,2.446171875,3.027266594567109,6.5920400079006,56143,,,0.0286535599963692,Information
623084,11750.0,3641.792272,BRA,Brazil,Pará,1.231401683,0.0,0.63,0.51,11750.0,,,,,,,,,,,,,,,,,,,,,,,,,0.11725,24.62803366,0.0,,10.0,0.275,3.125,0.086,0.0,0.0,0.0,0.0,0.03125,0.086,0.0,0.0,0.0,0.0,0.11725,,,,,,,,,,4659,,,5.0354730032208425e-11,Information
623085,11751.0,2099.888516,BRA,Brazil,Pará,2.236745114,0.0,0.63,0.51,11751.0,,,,,,,,,,,,,,,,,,,,,,,,,2.9170922716363075,44.73490228,0.0,,19.312,0.92,7.188,0.342,0.5,0.024,0.062,0.003,0.07188,0.342,0.0075,0.036,0.00155,0.0075,0.46643,4.21875,0.2009035226363589,12.65625,0.6027105679090767,0.06328125,0.3013552839545383,0.44296875,2.109486987681769,2.9170922716363075,635,,,0.0016328482151481,Information
623086,11752.0,3404.764538,BRA,Brazil,Pará,1.422452475,0.0,0.63,0.51,11752.0,,,,,,,,,,,,,,,,,,,,,,,,,0.19256,28.4490495,0.0,,27.188,0.799,4.438,0.13,0.312,0.009,0.0,0.0,0.0443799999999999,0.13,0.00468,0.0134999999999999,0.0,0.0,0.19256,,,,,,,,,,9576,,,1.6318055727018454e-09,Information
623088,11754.0,4502.202943,BRA,Brazil,Pará,2.826725268,0.0,0.63,0.51,11754.0,,,,,,,,,,,,,,,,,,,,,,,,,0.46518,56.53450536,0.0,,47.562,1.056,14.375,0.319,0.062,0.001,0.0,0.0,0.14375,0.319,0.0009299999999999,0.0015,0.0,0.0,0.46518,0.28125,0.0062469418544404,0.84375,0.0187408255633213,0.00421875,0.0093704127816606,0.02953125,0.0655928894716245,0.1087133022532851,24524,,,2.848974864903777e-06,Information
623089,11755.0,7505.32639,BRA,Brazil,Pará,1.812237482,0.0,0.63,0.51,11755.0,,,,,,,,,,,,,,,,,,,,,,,,,0.9544565301086668,36.24474964,0.0,,68.312,0.91,8.938,0.119,1.312,0.017,0.0,0.0,0.08938,0.119,0.01968,0.0255,0.0,0.0,0.25356,5.625,0.0749467738980985,9.28125,0.1236621769318626,0.084375,0.1124201608471477,0.32484375,0.432817619261519,0.9544565301086668,31686,,,1.3247967699643636e-05,Information
623090,11756.0,11085.06053,BRA,Brazil,Pará,4.007120661,3.298637257,0.63,0.51,11756.0,,,,,,,,,,,,,,,,,,,,,,,,,29.280237834620927,80.14241322000001,65.97274514,3.0,195.438,1.763,78.0,0.704,4.188,0.038,0.0,0.0,0.78,0.704,0.06282,0.0569999999999999,0.0,0.0,1.60382,195.75,1.765890222061146,355.921875,3.2108248218654887,2.93625,2.648835333091719,12.457265625,11.23788687652921,29.280237834620927,126414,20206.0,15.983989115129654,0.6511128492860117,Watch
624101,11757.0,39.78451872,BRA,Brazil,Pará,4.133843924,4.055559482,0.63,0.51,11757.0,,,,,,,,,,,,,,,,,,,,,,,,,46.350761535300606,82.67687848,81.11118963999999,3.0,1.938,4.87,0.0,0.0,0.312,0.785,0.0,0.0,0.0,0.0,0.00468,1.1775,0.0,0.0,1.18218,2.953125,7.422799356867071,4.921875,12.37133226144512,0.044296875,11.134199035300608,0.172265625,35.0,46.350761535300606,0,0.0,0.0,0.8374903277543879,Warning
624102,11758.0,4410.454281,BRA,Brazil,Pará,3.570472849,1.07961897,0.63,0.51,11758.0,,,,,,,,,,,,,,,,,,,,,,,,,2.8582,71.40945698,21.5923794,,257.938,5.848,65.438,1.484,14.688,0.333,0.0,0.0,0.6543800000000001,1.484,0.22032,0.4995,0.0,0.0,2.8582,2.109375,0.0478267059521783,19.6875,0.4463825888869979,0.031640625,0.0717400589282674,0.6890625,1.5623390611044927,2.3547822450327605,31565,,,0.0106426869011478,Information
624103,11759.0,7103.91971,BRA,Brazil,Pará,3.052499607,2.957461982,0.63,0.51,11759.0,11759.0,0.0,1.0,-9999.0,-9999.0,-9999.0,0.0,10.0,-999.9,-999.9,-999.9,-5979.4,0.0,0.0,0.0,0.0,0.0,0.0,0.0,0.0,0.0,0.0,0.0,-5979.4,40.86311102323496,61.04999214,59.14923964,,141.5,1.992,65.625,0.924,8.188,0.115,0.5,0.007,0.65625,0.924,0.12282,0.1725,0.0125,0.0175,1.90557,214.03125,3.0128613319134643,393.1875,5.534796507247075,3.21046875,4.519291997870196,13.7615625,19.37178777536476,40.86311102323496,227338,,,0.5191214568085363,Advisory
624104,11760.0,3744.004056,BRA,Brazil,Pará,2.583840488,0.0,0.63,0.51,11760.0,,,,,,,,,,,,,,,,,,,,,,,,,52.17749793289239,51.67680976,0.0,,16.812,0.449,9.875,0.264,2.0,0.053,0.438,0.012,0.09875,0.264,0.03,0.0795,0.01095,0.03,0.5132000000000001,185.34375,4.950415309849337,326.671875,8.72520088374811,2.78015625,7.425622964774005,11.433515625,30.538203093118387,52.17749793289239,38499,,,0.5305847103727387,Advisory
624105,11761.0,3996.380029,BRA,Brazil,Pará,1.132475548,0.0,0.63,0.51,11761.0,,,,,,,,,,,,,,,,,,,,,,,,,51.597385821010704,22.64951096,0.0,,19.375,0.485,11.938,0.299,3.625,0.091,0.688,0.017,0.11938,0.299,0.054375,0.1365,0.0171999999999999,0.0425,0.668955,137.25,3.4343580691363007,362.109375,9.060934454944643,2.05875,5.151537103704451,12.673828125,31.71327059230625,51.597385821010704,47062,,,0.3427843705114035,Advisory
624106,11762.0,2325.768273,BRA,Brazil,Pará,3.284081525,0.0,0.63,0.51,11762.0,,,,,,,,,,,,,,,,,,,,,,,,,25.141478101737658,65.6816305,0.0,,18.688,0.803,7.75,0.333,1.375,0.059,0.25,0.011,0.0775,0.333,0.020625,0.0885,0.00625,0.0274999999999999,0.553375,44.578125,1.9167053538982768,116.4375,5.006410198825783,0.668671875,2.8750580308474154,4.0753125,17.52243569589024,25.141478101737658,4426,,,0.3778388228118878,Advisory
624107,11763.0,358.4852344,BRA,Brazil,Pará,1.329578862,0.0,0.63,0.51,11763.0,,,,,,,,,,,,,,,,,,,,,,,,,49.2001553392883,26.59157724,0.0,,2.062,0.575,1.75,0.488,0.5,0.139,0.375,0.105,0.0175,0.488,0.0075,0.2085,0.009375,0.2625,0.993375,28.265625,7.884738976192203,55.6875,15.534112609811505,0.423984375,11.827108464288305,1.9490625,35.0,49.2001553392883,1351,,,0.3445260024358114,Advisory
624108,11764.0,6009.250782,BRA,Brazil,Pará,1.719048259,0.0,0.63,0.51,11764.0,,,,,,,,,,,,,,,,,,,,,,,,,0.98717428567419,34.380965180000004,0.0,,63.375,1.055,8.812,0.147,0.25,0.004,0.0,0.0,0.0881199999999999,0.147,0.00375,0.006,0.0,0.0,0.24487,3.375,0.0561634074238351,9.140625,0.1521092284395535,0.050625,0.0842451111357526,0.319921875,0.5323822995384372,0.98717428567419,19252,,,1.353716361190919e-05,Information
624109,11765.0,3456.898028,BRA,Brazil,Pará,2.024925535,0.0,0.63,0.51,11765.0,11765.0,0.0,1.0,-9999.0,-9999.0,-9999.0,0.0,10.0,-999.9,-999.9,-999.9,-5979.4,0.0,0.0,0.0,0.0,0.0,0.0,0.0,0.0,0.0,0.0,0.0,-5979.4,5.200493206475574,40.4985107,0.0,,15.25,0.441,4.375,0.127,0.312,0.009,0.188,0.005,0.04375,0.127,0.00468,0.0134999999999999,0.0046999999999999,0.0125,0.20613,11.953125,0.3457760368951829,33.046875,0.9559690431807998,0.179296875,0.5186640553427744,1.156640625,3.345891651132799,5.200493206475574,40377,,,0.0073997653464731,Information
624201,11766.0,97.57528057,BRA,Brazil,Pará,2.640545001,0.0,0.63,0.51,11766.0,,,,,,,,,,,,,,,,,,,,,,,,,9.095358959635826,52.81090002,0.0,,1.25,1.281,0.125,0.128,0.0,0.0,0.0,0.0,0.00125,0.128,0.0,0.0,0.0,0.0,0.12925,1.265625,1.2970754401875588,1.96875,2.017672906958425,0.018984375,1.9456131602813385,0.06890625,7.061855174354488,9.095358959635826,173692,,,0.0498408549846425,Information
624202,11767.0,3607.444586,BRA,Brazil,Pará,0.995458158,0.0,0.63,0.51,11767.0,,,,,,,,,,,,,,,,,,,,,,,,,0.2355,19.90916316,0.0,,79.0,2.19,6.25,0.173,0.0,0.0,0.0,0.0,0.0625,0.173,0.0,0.0,0.0,0.0,0.2355,,,,,,,,,,10002,,,2.784589078336666e-09,Information
624203,11768.0,573.5540653,BRA,Brazil,Pará,3.950643334,0.0,0.63,0.51,11768.0,11768.0,0.0,1.0,-9999.0,-9999.0,-9999.0,0.0,10.0,-999.9,-999.9,-999.9,-5979.4,0.0,0.0,0.0,0.0,0.0,0.0,0.0,0.0,0.0,0.0,0.0,-5979.4,3.305364421907554,79.01286668,0.0,,0.438,0.076,0.438,0.076,0.188,0.033,0.125,0.022,0.00438,0.076,0.00282,0.0495,0.003125,0.0549999999999999,0.1908249999999999,2.109375,0.3677726525773593,4.21875,0.7355453051547187,0.031640625,0.551658978866039,0.14765625,2.574408568041516,3.305364421907554,9908,,,0.0322749367771582,Information
624204,11769.0,6980.253194,BRA,Brazil,Pará,1.82537997,0.0,0.63,0.51,11769.0,,,,,,,,,,,,,,,,,,,,,,,,,0.2305,36.5075994,0.0,,63.875,0.915,8.688,0.124,0.438,0.006,0.062,0.001,0.08688,0.124,0.00657,0.009,0.00155,0.0025,0.2305,0.28125,0.004029223470566,2.53125,0.0362630112350942,0.00421875,0.006043835205849,0.08859375,0.1269205393228297,0.2257768745286787,50831,,,9.63532065037398e-09,Information
624206,11771.0,10016.05024,BRA,Brazil,Pará,2.343403375,0.0,0.63,0.51,11771.0,,,,,,,,,,,,,,,,,,,,,,,,,1.5582817133596991,46.8680675,0.0,,139.438,1.392,16.188,0.162,2.188,0.022,0.0,0.0,0.16188,0.162,0.03282,0.033,0.0,0.0,0.3897,4.078125,0.0407159000224188,20.53125,0.2049834966645917,0.061171875,0.0610738500336282,0.71859375,0.717442238326071,1.5582817133596991,403694,,,0.0002084134351028,Information
624207,11772.0,11147.70547,BRA,Brazil,Pará,1.055925144,0.0,0.63,0.51,11772.0,,,,,,,,,,,,,,,,,,,,,,,,,2.3636002362934896,21.11850288,0.0,,72.25,0.648,11.0,0.099,0.875,0.008,0.375,0.003,0.11,0.099,0.013125,0.012,0.009375,0.0075,0.251,4.640625,0.041628521780683,33.609375,0.3014914153207043,0.069609375,0.0624427826710245,1.176328125,1.055219953622465,2.3636002362934896,19654,,,0.000225947662512,Information
624208,11773.0,3445.223955,BRA,Brazil,Pará,0.552153396,0.0,0.63,0.51,11773.0,,,,,,,,,,,,,,,,,,,,,,,,,2.203427003211335,11.04306792,0.0,,187.688,5.448,34.75,1.009,0.0,0.0,0.0,0.0,0.3475,1.009,0.0,0.0,0.0,0.0,1.3564999999999998,1.546875,0.0448991131016804,15.46875,0.448991131016804,0.023203125,0.0673486696525205,0.54140625,1.571468958558814,2.203427003211335,3921,,,0.000108593205259,Information
624209,11774.0,4318.128056,BRA,Brazil,Pará,2.220941563,0.0,0.63,0.51,11774.0,,,,,,,,,,,,,,,,,,,,,,,,,0.9582196807952194,44.41883126,0.0,,104.438,2.419,17.875,0.414,0.0,0.0,0.0,0.0,0.17875,0.414,0.0,0.0,0.0,0.0,0.59275,0.5625,0.0130264779716831,8.015625,0.1856273110964842,0.0084375,0.0195397169575246,0.280546875,0.6496955888376947,0.9582196807952194,11634,,,2.4481491546377726e-05,Information
624300,11775.0,5173.810305,BRA,Brazil,Pará,3.489424393,0.0,0.63,0.51,11775.0,11775.0,0.0,1.0,-9999.0,-9999.0,-9999.0,0.0,10.0,-999.9,-999.9,-999.9,-5979.4,0.0,0.0,0.0,0.0,0.0,0.0,0.0,0.0,0.0,0.0,0.0,-5979.4,4.518133574541567,69.78848786,0.0,,223.125,4.313,78.188,1.511,0.688,0.013,0.125,0.002,0.78188,1.511,0.01032,0.0195,0.003125,0.005,2.3308249999999995,13.78125,0.2663655833455715,38.109375,0.736582378435203,0.20671875,0.3995483750183572,1.333828125,2.5780383245232104,4.518133574541567,136085,,,0.0287084200934499,Information
624411,11776.0,9937.449814,BRA,Brazil,Maranhão,1.33936656,0.0,0.63,0.51,11776.0,11776.0,0.0,1.0,-9999.0,-9999.0,-9999.0,0.0,10.0,-999.9,-999.9,-999.9,-5979.4,0.0,0.0,0.0,0.0,0.0,0.0,0.0,0.0,0.0,0.0,0.0,-5979.4,9.461402208534247,26.7873312,0.0,,24.062,0.242,7.562,0.076,1.125,0.011,0.375,0.004,0.07562,0.076,0.016875,0.0165,0.009375,0.01,0.20437,29.25,0.2943411091024673,122.203125,1.2297231913944426,0.43875,0.441511663653701,4.277109375,4.304031169880549,9.461402208534247,473121,,,0.0203709117254411,Information
624413,11778.0,2415.102759,BRA,Brazil,Maranhão,0.421726689,0.0,0.63,0.51,11778.0,,,,,,,,,,,,,,,,,,,,,,,,,3.0614745572883084,8.434533779999999,0.0,,36.375,1.506,13.625,0.564,0.5,0.021,0.0,0.0,0.13625,0.564,0.0075,0.0315,0.0,0.0,0.7392499999999999,2.953125,0.1222774057333045,15.75,0.6521461639109576,0.044296875,0.1834161085999567,0.55125,2.2825115736883514,3.0614745572883084,9709,,,0.0003392067384287,Information
624414,11779.0,3757.658578,BRA,Brazil,Maranhão,1.482502876,0.0,0.63,0.51,11779.0,,,,,,,,,,,,,,,,,,,,,,,,,1.0631873518891772,29.65005752,0.0,,6.375,0.17,2.688,0.072,0.062,0.002,0.0,0.0,0.02688,0.072,0.0009299999999999,0.003,0.0,0.0,0.10281,0.0,0.0,8.296875,0.2207990648254792,0.0,0.0,0.290390625,0.7727967268891772,1.0631873518891772,18818,,,1.3812466251265977e-05,Information
624415,11780.0,2394.098906,BRA,Brazil,Tocantins,0.92102701,0.0,0.63,0.51,11780.0,11780.0,0.0,1.0,-9999.0,-9999.0,-9999.0,0.0,10.0,-999.9,-999.9,-999.9,-5979.4,0.0,0.0,0.0,0.0,0.0,0.0,0.0,0.0,0.0,0.0,0.0,-5979.4,5.023246560834838,18.4205402,0.0,,5.438,0.227,3.0,0.125,0.375,0.016,0.062,0.003,0.03,0.125,0.005625,0.024,0.00155,0.0075,0.1936749999999999,2.671875,0.1116025321099448,26.578125,1.1101515036199772,0.040078125,0.1674037981649171,0.930234375,3.88553026266992,5.023246560834838,62520,,,0.0026558140072738,Information
624416,11781.0,1299.88031,BRA,Brazil,Maranhão,1.140356958,0.0,0.63,0.51,11781.0,,,,,,,,,,,,,,,,,,,,,,,,,0.3422875042732526,22.80713916,0.0,,9.688,0.745,1.375,0.106,0.062,0.005,0.0,0.0,0.01375,0.106,0.0009299999999999,0.0075,0.0,0.0,0.12818,0.0,0.0,1.125,0.0865464297923579,0.0,0.0,0.039375,0.3029125042732526,0.3422875042732526,714,,,3.0065493314114995e-08,Information
624417,11782.0,2626.717269,BRA,Brazil,Tocantins,1.873927049,0.0,0.63,0.51,11782.0,,,,,,,,,,,,,,,,,,,,,,,,,16.717209251209713,37.47854098,0.0,,7.438,0.283,3.25,0.124,0.562,0.021,0.312,0.012,0.0325,0.124,0.00843,0.0315,0.0078,0.03,0.23423,22.5,0.8565824828926624,89.71875,3.415622650534491,0.3375,1.2848737243389936,3.14015625,11.95467927687072,16.717209251209713,66795,,,0.0935726619979031,Information
624418,11783.0,5212.138766,BRA,Brazil,Maranhão,0.688659014,0.0,0.63,0.51,11783.0,,,,,,,,,,,,,,,,,,,,,,,,,0.8721592246327118,13.773180279999998,0.0,,70.125,1.345,20.062,0.385,2.938,0.056,0.0,0.0,0.20062,0.385,0.04407,0.084,0.0,0.0,0.71369,1.546875,0.0296783157456933,7.875,0.1510896074326205,0.023203125,0.0445174736185399,0.275625,0.5288136260141718,0.8721592246327118,11358,,,2.17660277724427e-06,Information
624419,11784.0,4343.21095,BRA,Brazil,Maranhão,1.715502174,0.0,0.63,0.51,11784.0,11784.0,0.0,1.0,-9999.0,-9999.0,-9999.0,0.0,10.0,-999.9,-999.9,-999.9,-5979.4,0.0,0.0,0.0,0.0,0.0,0.0,0.0,0.0,0.0,0.0,0.0,-5979.4,19.92999154846557,34.310043480000004,0.0,,52.812,1.216,25.875,0.596,1.125,0.026,0.5,0.012,0.25875,0.596,0.016875,0.039,0.0125,0.03,0.953125,47.953125,1.1040938503208106,151.875,3.496836827995529,0.719296875,1.656140775481216,5.315625,12.238928897984351,19.92999154846557,33792,,,0.116489459493024,Information
624420,11785.0,16601.09525,BRA,Brazil,Maranhão,0.98968028,0.0,0.63,0.51,11785.0,11785.0,0.0,1.0,-9999.0,-9999.0,-9999.0,0.0,10.0,-999.9,-999.9,-999.9,-5979.4,0.0,0.0,0.0,0.0,0.0,0.0,0.0,0.0,0.0,0.0,0.0,-5979.4,0.9847063743636412,19.7936056,0.0,,105.125,0.633,17.125,0.103,12.812,0.077,0.0,0.0,0.17125,0.103,0.19218,0.1154999999999999,0.0,0.0,0.5819300000000001,1.265625,0.0076237439800292,17.015625,0.1024970023981707,0.018984375,0.0114356159700438,0.595546875,0.3587395083935974,0.9847063743636412,26374,,,5.412169241514668e-06,Information
624430,11786.0,21813.97298,BRA,Brazil,Tocantins,1.030634589,0.0,0.63,0.51,11786.0,11786.0,0.0,1.0,-9999.0,-9999.0,-9999.0,0.0,10.0,-999.9,-999.9,-999.9,-5979.4,0.0,0.0,0.0,0.0,0.0,0.0,0.0,0.0,0.0,0.0,0.0,-5979.4,6.966926348527879,20.61269178,0.0,,357.0,1.637,61.125,0.28,24.688,0.113,0.75,0.003,0.61125,0.28,0.37032,0.1695,0.01875,0.0075,1.45732,22.5,0.1031448971929528,126.84375,0.5814793579252716,0.3375,0.1547173457894292,4.43953125,2.0351777527384507,6.966926348527879,111793,,,0.0074837523822233,Information
624441,11787.0,1653.116291,BRA,Brazil,Tocantins,1.903098121,0.0,0.63,0.51,11787.0,11787.0,0.0,1.0,-9999.0,-9999.0,-9999.0,0.0,10.0,-999.9,-999.9,-999.9,-5979.4,0.0,0.0,0.0,0.0,0.0,0.0,0.0,0.0,0.0,0.0,0.0,-5979.4,0.5551230199754306,38.06196242,0.0,,12.438,0.752,1.0,0.06,0.625,0.038,0.0,0.0,0.01,0.06,0.009375,0.0569999999999999,0.0,0.0,0.1363749999999999,0.0,0.0,2.25,0.1361065771358373,0.0,0.0,0.07875,0.4763730199754305,0.5551230199754306,15894,,,1.2103355306736167e-06,Information
624442,11788.0,9687.225881,BRA,Brazil,Tocantins,1.438205898,0.0,0.63,0.51,11788.0,,,,,,,,,,,,,,,,,,,,,,,,,0.42782,28.76411796,0.0,,148.125,1.529,13.625,0.141,4.938,0.051,0.0,0.0,0.13625,0.141,0.07407,0.0765,0.0,0.0,0.42782,,,,,,,,,,7664,,,1.5682944056122104e-07,Information
624444,11790.0,12437.5805,BRA,Brazil,Tocantins,0.935653497,0.0,0.63,0.51,11790.0,,,,,,,,,,,,,,,,,,,,,,,,,0.4541043747099346,18.71306994,0.0,,55.938,0.45,10.125,0.081,7.188,0.058,0.0,0.0,0.10125,0.081,0.10782,0.087,0.0,0.0,0.37707,0.703125,0.0056532297405009,6.890625,0.0554016514569095,0.010546875,0.0084798446107513,0.241171875,0.1939057800991832,0.4541043747099346,20542,,,1.06617486498023e-07,Information
624445,11791.0,8570.310254,BRA,Brazil,Tocantins,1.291073108,0.0,0.63,0.51,11791.0,11791.0,0.0,1.0,-9999.0,-9999.0,-9999.0,0.0,10.0,-999.9,-999.9,-999.9,-5979.4,0.0,0.0,0.0,0.0,0.0,0.0,0.0,0.0,0.0,0.0,0.0,-5979.4,0.407,25.82146216,0.0,,58.125,0.678,12.75,0.149,4.0,0.047,0.0,0.0,0.1275,0.149,0.06,0.0705,0.0,0.0,0.407,0.0,0.0,5.0625,0.0590702069110034,0.0,0.0,0.1771875,0.2067457241885119,0.3839332241885119,4746,,,9.678074816712189e-08,Information
624446,11792.0,3175.413812,BRA,Brazil,Tocantins,0.959074013,0.0,0.63,0.51,11792.0,,,,,,,,,,,,,,,,,,,,,,,,,0.6784450000000001,19.18148026,0.0,,43.25,1.362,10.0,0.315,3.188,0.1,0.625,0.02,0.1,0.315,0.04782,0.15,0.015625,0.05,0.6784450000000001,,,,,,,,,,1437,,,8.757873864929058e-07,Information
624447,11793.0,1948.417612,BRA,Brazil,Tocantins,2.331910575,0.0,0.63,0.51,11793.0,,,,,,,,,,,,,,,,,,,,,,,,,1.78937,46.6382115,0.0,,68.438,3.512,16.812,0.863,8.25,0.423,0.0,0.0,0.16812,0.863,0.12375,0.6345,0.0,0.0,1.78937,0.0,0.0,0.703125,0.0360869761993392,0.0,0.0,0.024609375,0.1263044166976872,0.1509137916976871,0,,,0.0003428532012337,Information
624448,11794.0,2427.804769,BRA,Brazil,Tocantins,1.660846942,0.0,0.63,0.51,11794.0,,,,,,,,,,,,,,,,,,,,,,,,,2.278331484603246,33.21693884,0.0,,74.938,3.087,19.375,0.798,5.312,0.219,0.625,0.026,0.19375,0.798,0.07968,0.3285,0.015625,0.065,1.480555,3.09375,0.127429933368946,11.390625,0.4691738455856649,0.04640625,0.191144900053419,0.398671875,1.642108459549827,2.278331484603246,81,,,0.0003650673012152,Information
624449,11795.0,2487.198252,BRA,Brazil,Tocantins,0.909641,0.0,0.63,0.51,11795.0,,,,,,,,,,,,,,,,,,,,,,,,,0.9147,18.19282,0.0,,40.375,1.623,8.938,0.359,6.188,0.249,0.0,0.0,0.08938,0.359,0.09282,0.3735,0.0,0.0,0.9147,,,,,,,,,,2069,,,3.5027036185694413e-06,Information
624451,11796.0,19995.45322,BRA,Brazil,Tocantins,1.05568441,0.0,0.63,0.51,11796.0,11796.0,0.0,1.0,-9999.0,-9999.0,-9999.0,0.0,10.0,-999.9,-999.9,-999.9,-5979.4,0.0,0.0,0.0,0.0,0.0,0.0,0.0,0.0,0.0,0.0,0.0,-5979.4,21.972915350842342,21.1136882,0.0,,298.562,1.493,44.25,0.221,20.625,0.103,3.062,0.015,0.4425,0.221,0.309375,0.1545,0.0765499999999999,0.0375,1.241425,128.953125,0.6449122385486205,363.234375,1.8165848551484045,1.934296875,0.9673683578229306,12.713203125,6.358046993019416,21.972915350842342,507139,,,0.1005899603346476,Information
624452,11797.0,3449.334093,BRA,Brazil,Tocantins,0.405894369,0.0,0.63,0.51,11797.0,,,,,,,,,,,,,,,,,,,,,,,,,1.1788716300808515,8.117887379999999,0.0,,95.125,2.758,10.312,0.299,2.938,0.085,0.0,0.0,0.1031199999999999,0.299,0.04407,0.1275,0.0,0.0,0.57369,0.140625,0.0040768738608411,8.578125,0.2486893055113114,0.002109375,0.0061153107912616,0.300234375,0.8704125692895899,1.1788716300808515,9776,,,6.624592281963903e-06,Information
624453,11798.0,2366.70105,BRA,Brazil,Tocantins,2.022870508,0.0,0.63,0.51,11798.0,,,,,,,,,,,,,,,,,,,,,,,,,4.06347999199552,40.45741016,0.0,,75.25,3.18,11.125,0.47,0.312,0.013,0.0,0.0,0.11125,0.47,0.00468,0.0195,0.0,0.0,0.6054299999999999,2.953125,0.1247781167846399,20.953125,0.8853304476624455,0.044296875,0.1871671751769598,0.733359375,3.09865656681856,4.06347999199552,4408,,,0.0036302668849124,Information
624454,11799.0,15055.05794,BRA,Brazil,Tocantins,1.247844401,0.0,0.63,0.51,11799.0,11799.0,0.0,1.0,-9999.0,-9999.0,-9999.0,0.0,10.0,-999.9,-999.9,-999.9,-5979.4,0.0,0.0,0.0,0.0,0.0,0.0,0.0,0.0,0.0,0.0,0.0,-5979.4,3.191028315548962,24.95688802,0.0,,360.0,2.391,43.062,0.286,23.312,0.155,0.25,0.002,0.43062,0.286,0.34968,0.2324999999999999,0.00625,0.005,1.31005,15.609375,0.1036819324539308,48.09375,0.319452440533733,0.234140625,0.1555228986808962,1.68328125,1.1180835418680657,3.191028315548962,32719,,,0.0007950422413637,Information
624455,11800.0,2813.801312,BRA,Brazil,Tocantins,2.449036691,0.0,0.63,0.51,11800.0,,,,,,,,,,,,,,,,,,,,,,,,,5.930046241493601,48.98073382,0.0,,73.625,2.617,7.625,0.271,2.0,0.071,0.0,0.0,0.07625,0.271,0.03,0.1064999999999999,0.0,0.0,0.4837499999999999,8.71875,0.3098566327997875,33.46875,1.18944965494112,0.13078125,0.4647849491996812,1.17140625,4.16307379229392,5.930046241493601,5533,,,0.0156919318481856,Information
624456,11801.0,3042.958511,BRA,Brazil,Tocantins,0.62789211,0.0,0.63,0.51,11801.0,,,,,,,,,,,,,,,,,,,,,,,,,1.699776127774206,12.5578422,0.0,,116.5,3.829,7.438,0.244,2.188,0.072,0.125,0.004,0.07438,0.244,0.03282,0.1079999999999999,0.003125,0.01,0.472325,1.828125,0.0600772239754066,10.546875,0.3465993690888846,0.027421875,0.0901158359631099,0.369140625,1.213097791811096,1.699776127774206,97083,,,4.065920119114109e-05,Information
624457,11802.0,641.6290525,BRA,Brazil,Tocantins,3.102230658,0.0,0.63,0.51,11802.0,,,,,,,,,,,,,,,,,,,,,,,,,8.314691984364623,62.04461316,0.0,,37.938,5.913,5.25,0.818,3.375,0.526,0.0,0.0,0.0525,0.818,0.050625,0.789,0.0,0.0,1.710125,1.265625,0.1972518225365543,13.78125,2.1478531787313693,0.018984375,0.2958777338048314,0.48234375,7.517486125559793,8.314691984364623,90,,,0.0644583867522292,Information
624458,11803.0,14708.23389,BRA,Brazil,Goiás,1.009893372,0.0,0.63,0.51,11803.0,11803.0,0.0,1.0,-9999.0,-9999.0,-9999.0,0.0,10.0,-999.9,-999.9,-999.9,-5979.4,0.0,0.0,0.0,0.0,0.0,0.0,0.0,0.0,0.0,0.0,0.0,-5979.4,2.396601149007138,20.197867440000003,0.0,,448.938,3.052,32.75,0.223,21.5,0.146,0.25,0.002,0.3275,0.223,0.3225,0.2189999999999999,0.00625,0.005,1.10325,5.203125,0.0353755932856225,38.53125,0.2619706097367727,0.078046875,0.0530633899284337,1.34859375,0.9168971340787044,2.396601149007138,71681,,,0.0002278763787633,Information
624459,11804.0,4188.174744,BRA,Brazil,Tocantins,1.516582282,0.0,0.63,0.51,11804.0,11804.0,0.0,1.0,-9999.0,-9999.0,-9999.0,0.0,10.0,-999.9,-999.9,-999.9,-5979.4,0.0,0.0,0.0,0.0,0.0,0.0,0.0,0.0,0.0,0.0,0.0,-5979.4,20.69207750336416,30.33164564,0.0,,109.438,2.613,20.812,0.497,9.938,0.237,0.188,0.004,0.20812,0.497,0.14907,0.3555,0.0046999999999999,0.01,1.22439,48.234375,1.151680097969127,153.84375,3.6732887089744177,0.723515625,1.7275201469536907,5.38453125,12.856510481410462,20.69207750336416,9810,,,0.1123747612643262,Information
624461,11805.0,1792.921136,BRA,Brazil,Tocantins,0.936843466,0.0,0.63,0.51,11805.0,,,,,,,,,,,,,,,,,,,,,,,,,14.780853676686384,18.73686932,0.0,,58.062,3.238,8.562,0.478,3.625,0.202,0.188,0.01,0.0856199999999999,0.478,0.054375,0.303,0.0046999999999999,0.025,0.950695,28.40625,1.584355799556101,52.03125,2.902037850672066,0.42609375,2.376533699334152,1.82109375,10.157132477352231,14.780853676686384,823,,,0.0441569499064996,Information
624462,11806.0,17966.24194,BRA,Brazil,Tocantins,0.807567343,0.0,0.63,0.51,11806.0,,,,,,,,,,,,,,,,,,,,,,,,,3.1389800353539408,16.15134686,0.0,,367.938,2.048,59.312,0.33,31.688,0.176,0.125,0.001,0.59312,0.33,0.4753199999999999,0.264,0.003125,0.0025,1.668065,24.1875,0.1346274868067488,47.25,0.2629932300410907,0.3628125,0.2019412302101232,1.65375,0.9204763051438176,3.1389800353539408,67768,,,0.0005097028545118,Information
624463,11807.0,13234.80969,BRA,Brazil,Tocantins,0.831174814,0.0,0.63,0.51,11807.0,,,,,,,,,,,,,,,,,,,,,,,,,1.5286300000000002,16.62349628,0.0,,352.875,2.666,59.688,0.451,18.25,0.138,0.0,0.0,0.5968800000000001,0.451,0.27375,0.207,0.0,0.0,1.5286300000000002,2.390625,0.0180631611265491,10.6875,0.0807529556245727,0.035859375,0.0270947416898236,0.3740625,0.2826353446860044,0.7196519613758281,35332,,,3.18060615754106e-05,Information
624464,11808.0,4146.150869,BRA,Brazil,Goiás,0.909224099,0.0,0.63,0.51,11808.0,,,,,,,,,,,,,,,,,,,,,,,,,1.2406199999999998,18.18448198,0.0,,78.688,1.898,8.875,0.214,18.188,0.439,0.062,0.002,0.08875,0.214,0.2728199999999999,0.6585,0.00155,0.005,1.2406199999999998,0.0,0.0,2.390625,0.057658900401482,0.0,0.0,0.083671875,0.2018061514051869,0.285478026405187,14628,,,1.401823118051304e-05,Information
624465,11809.0,5980.411563,BRA,Brazil,Goiás,1.312503402,0.0,0.63,0.51,11809.0,11809.0,0.0,1.0,-9999.0,-9999.0,-9999.0,0.0,10.0,-999.9,-999.9,-999.9,-5979.4,0.0,0.0,0.0,0.0,0.0,0.0,0.0,0.0,0.0,0.0,0.0,-5979.4,0.523125,26.25006804,0.0,,116.562,1.949,9.625,0.161,6.625,0.111,0.0,0.0,0.09625,0.161,0.099375,0.1665,0.0,0.0,0.523125,,,,,,,,,,27664,,,3.737172939200266e-07,Information
624466,11810.0,8190.622688,BRA,Brazil,Goiás,2.814922756,0.0,0.63,0.51,11810.0,,,,,,,,,,,,,,,,,,,,,,,,,1.61225,56.29845512,0.0,,337.938,4.126,48.25,0.589,16.25,0.198,0.0,0.0,0.4825,0.589,0.24375,0.297,0.0,0.0,1.61225,1.6875,0.0206028291647284,8.71875,0.1064479506844304,0.0253125,0.0309042437470926,0.30515625,0.3725678273955064,0.7339408211425991,72429,,,0.0004838502480487,Information
624467,11811.0,1918.537269,BRA,Brazil,Goiás,3.745052242,0.0,0.63,0.51,11811.0,,,,,,,,,,,,,,,,,,,,,,,,,3.054875,74.90104484,0.0,,95.0,4.952,13.375,0.697,23.875,1.244,0.0,0.0,0.13375,0.697,0.358125,1.866,0.0,0.0,3.054875,0.421875,0.0219894086444751,1.546875,0.0806278316964087,0.006328125,0.0329841129667126,0.054140625,0.2821974109374304,0.3756502739041431,9091,,,0.0175983743521527,Information
624468,11812.0,3053.275277,BRA,Brazil,Goiás,0.609209197,0.0,0.63,0.51,11812.0,,,,,,,,,,,,,,,,,,,,,,,,,1.4939720213466932,12.18418394,0.0,,6.312,0.207,2.25,0.074,0.875,0.029,0.0,0.0,0.0225,0.074,0.013125,0.0435,0.0,0.0,0.153125,2.953125,0.0967199067335233,8.71875,0.2855540103561166,0.044296875,0.1450798601002849,0.30515625,0.999439036246408,1.4939720213466932,10487,,,2.3125778412019663e-05,Information
624469,11813.0,4186.25312,BRA,Brazil,Goiás,0.777649783,0.0,0.63,0.51,11813.0,,,,,,,,,,,,,,,,,,,,,,,,,4.524803511769055,15.55299566,0.0,,20.75,0.496,10.875,0.26,0.562,0.013,0.375,0.009,0.10875,0.26,0.00843,0.0195,0.009375,0.0225,0.4285550000000001,18.140625,0.4333379869860012,30.375,0.7255891875114439,0.272109375,0.6500069804790017,1.063125,2.539562156290053,4.524803511769055,29528,,,0.0017137219437487,Information
624471,11814.0,3899.298592,BRA,Brazil,Tocantins,1.183213135,0.0,0.63,0.51,11814.0,11814.0,0.0,1.0,-9999.0,-9999.0,-9999.0,0.0,10.0,-999.9,-999.9,-999.9,-5979.4,0.0,0.0,0.0,0.0,0.0,0.0,0.0,0.0,0.0,0.0,0.0,-5979.4,24.27133767432172,23.6642627,0.0,,54.062,1.386,9.562,0.245,2.875,0.074,0.312,0.008,0.09562,0.245,0.043125,0.1109999999999999,0.0078,0.02,0.522545,99.5625,2.553343829702557,151.875,3.894931265647968,1.4934375,3.830015744553835,5.315625,13.632259429767888,24.27133767432172,10829,,,0.1259296308473798,Information
624473,11816.0,1444.104062,BRA,Brazil,Goiás,0.351251564,0.0,0.63,0.51,11816.0,,,,,,,,,,,,,,,,,,,,,,,,,25.230291400891826,7.02503128,0.0,,9.062,0.628,7.875,0.545,1.188,0.082,0.5,0.035,0.07875,0.545,0.01782,0.123,0.0125,0.0875,0.86457,32.765625,2.268924092936305,76.921875,5.326615788996391,0.491484375,3.4033861394044576,2.692265625,18.64315526148737,25.230291400891826,24904,,,0.0960682153948839,Information
624474,11817.0,1391.078592,BRA,Brazil,Goiás,1.478924098,0.0,0.63,0.51,11817.0,,,,,,,,,,,,,,,,,,,,,,,,,3.6158080292275487,29.57848196,0.0,,9.562,0.687,5.188,0.373,0.062,0.004,0.062,0.004,0.0518799999999999,0.373,0.0009299999999999,0.006,0.00155,0.01,0.44336,4.5,0.3234899902397501,10.6875,0.7682887268194067,0.0675,0.4852349853596251,0.3740625,2.689010543867924,3.6158080292275487,162,,,0.0014929610593709,Information
624475,11818.0,109.8526655,BRA,Brazil,Goiás,0.684354798,0.0,0.63,0.51,11818.0,,,,,,,,,,,,,,,,,,,,,,,,,33.32529449300319,13.68709596,0.0,,0.625,0.569,0.625,0.569,0.0,0.0,0.0,0.0,0.00625,0.569,0.0,0.0,0.0,0.0,0.5752499999999999,2.8125,2.5602473878060734,9.140625,8.320804010369738,0.0421875,3.84037108170911,0.319921875,29.12281403629408,33.32529449300319,0,,,0.1706341097048534,Information
624476,11819.0,3843.061508,BRA,Brazil,Goiás,1.12736324,0.0,0.63,0.51,11819.0,,,,,,,,,,,,,,,,,,,,,,,,,0.4888151548567167,22.5472648,0.0,,10.188,0.265,3.938,0.102,1.5,0.039,0.125,0.003,0.03938,0.102,0.0225,0.0584999999999999,0.003125,0.0075,0.233005,0.84375,0.0219551521154435,3.515625,0.0914798004810147,0.01265625,0.0329327281731652,0.123046875,0.3201793016835514,0.4888151548567167,897,,,2.037303895949831e-07,Information
624477,11820.0,1241.435466,BRA,Brazil,Goiás,0.425002501,0.0,0.63,0.51,11820.0,,,,,,,,,,,,,,,,,,,,,,,,,28.47928365507889,8.50005002,0.0,,5.688,0.458,5.062,0.408,1.375,0.111,0.25,0.02,0.05062,0.408,0.020625,0.1665,0.00625,0.05,0.701995,45.28125,3.647491250027008,70.453125,5.675133901439537,0.67921875,5.471236875040512,2.465859375,19.86296865503838,28.47928365507889,1561,,,0.1215725793681168,Information
624478,11821.0,9441.030658,BRA,Brazil,Goiás,0.884214795,0.0,0.63,0.51,11821.0,,,,,,,,,,,,,,,,,,,,,,,,,22.78093594146946,17.6842959,0.0,,37.5,0.397,13.875,0.147,8.688,0.092,0.312,0.003,0.13875,0.147,0.13032,0.138,0.0078,0.0075,0.56937,162.984375,1.7263409145688444,246.234375,2.6081302341760537,2.444765625,2.5895113718532667,8.618203125,9.128455819616187,22.78093594146946,54547,,,0.0994594308124054,Information
624479,11822.0,6729.993642,BRA,Brazil,Goiás,0.145604246,0.0,0.63,0.51,11822.0,11822.0,0.0,1.0,-9999.0,-9999.0,-9999.0,0.0,10.0,-999.9,-999.9,-999.9,-5979.4,0.0,0.0,0.0,0.0,0.0,0.0,0.0,0.0,0.0,0.0,0.0,-5979.4,52.40518537882916,2.91208492,0.0,,65.875,0.979,47.125,0.7,10.25,0.152,1.125,0.017,0.47125,0.7,0.15375,0.2279999999999999,0.028125,0.0425,1.623625,347.203125,5.159040906649269,453.515625,6.738722933958645,5.208046875,7.738561359973903,15.873046875,23.58553026885526,52.40518537882916,53894,,,0.2687455482288887,Advisory
624480,11823.0,15734.47175,BRA,Brazil,Goiás,0.254327826,0.0,0.63,0.51,11823.0,11823.0,0.0,1.0,-9999.0,-9999.0,-9999.0,0.0,10.0,-999.9,-999.9,-999.9,-5979.4,0.0,0.0,0.0,0.0,0.0,0.0,0.0,0.0,0.0,0.0,0.0,-5979.4,1.8514905797260748,5.086556519999999,0.0,,119.812,0.761,15.188,0.097,3.312,0.021,0.0,0.0,0.15188,0.097,0.04968,0.0315,0.0,0.0,0.33006,10.828125,0.0688178489303202,27.703125,0.1760664446658842,0.162421875,0.1032267733954803,0.969609375,0.6162325563305947,1.8514905797260748,265662,,,4.125771640128957e-05,Information
624490,11824.0,19011.5777,BRA,Brazil,Goiás,0.995419789,0.0,0.63,0.51,11824.0,11824.0,0.0,1.0,-9999.0,-9999.0,-9999.0,0.0,10.0,-999.9,-999.9,-999.9,-5979.4,0.0,0.0,0.0,0.0,0.0,0.0,0.0,0.0,0.0,0.0,0.0,-5979.4,2.7639589380258096,19.90839578,0.0,,289.375,1.522,38.5,0.203,19.625,0.103,3.188,0.017,0.385,0.203,0.294375,0.1545,0.0797,0.0425,1.1590750000000003,25.59375,0.1346219151558209,40.78125,0.2145074472263081,0.38390625,0.2019328727337313,1.42734375,0.7507760652920783,2.7639589380258096,342407,,,0.0003806332745275,Information
624511,11825.0,10037.67923,BRA,Brazil,Tocantins,2.34016798,0.0,0.63,0.51,11825.0,11825.0,0.0,1.0,-9999.0,-9999.0,-9999.0,0.0,10.0,-999.9,-999.9,-999.9,-5979.4,0.0,0.0,0.0,0.0,0.0,0.0,0.0,0.0,0.0,0.0,0.0,-5979.4,10.67024796408065,46.8033596,0.0,,196.812,1.961,29.25,0.291,3.188,0.032,0.75,0.007,0.2925,0.291,0.04782,0.048,0.01875,0.0175,0.7155699999999999,28.546875,0.2843971633671066,140.484375,1.3995702768657114,0.428203125,0.4265957450506599,4.916953125,4.89849596902999,10.67024796408065,71361,,,0.0540781024676099,Information
624513,11827.0,2170.87757,BRA,Brazil,Pará,1.555265866,0.0,0.63,0.51,11827.0,11827.0,0.0,1.0,-9999.0,-9999.0,-9999.0,0.0,10.0,-999.9,-999.9,-999.9,-5979.4,0.0,0.0,0.0,0.0,0.0,0.0,0.0,0.0,0.0,0.0,0.0,-5979.4,6.149555147506578,31.10531732,0.0,,23.688,1.091,3.75,0.173,0.188,0.009,0.062,0.003,0.0375,0.173,0.00282,0.0134999999999999,0.00155,0.0075,0.2358699999999999,6.1875,0.2850229826798582,28.6875,1.3214701924247974,0.0928125,0.4275344740197873,1.0040625,4.625145673486791,6.149555147506578,29400,,,0.0078417381327523,Information
624514,11828.0,3802.236974,BRA,Brazil,Tocantins,0.567063633,0.0,0.63,0.51,11828.0,,,,,,,,,,,,,,,,,,,,,,,,,0.57838,11.34127266,0.0,,81.75,2.15,15.938,0.419,0.0,0.0,0.0,0.0,0.15938,0.419,0.0,0.0,0.0,0.0,0.57838,0.0,0.0,4.5,0.1183513818671249,0.0,0.0,0.1575,0.4142298365349371,0.5717298365349371,209401,,,2.4229145059399625e-07,Information
624515,11829.0,531.5938481,BRA,Brazil,Tocantins,0.178324159,0.0,0.63,0.51,11829.0,,,,,,,,,,,,,,,,,,,,,,,,,5.822680727836628,3.56648318,0.0,,1.812,0.341,1.0,0.188,0.0,0.0,0.0,0.0,0.01,0.188,0.0,0.0,0.0,0.0,0.198,2.53125,0.4761623952203794,7.3125,1.375580252858874,0.03796875,0.714243592830569,0.2559375,4.814530885006059,5.822680727836628,1056,,,0.002499539849566,Information
624516,11830.0,2971.881007,BRA,Brazil,Tocantins,0.521520899,0.0,0.63,0.51,11830.0,,,,,,,,,,,,,,,,,,,,,,,,,0.9851653122737972,10.43041798,0.0,,30.5,1.026,3.688,0.124,0.0,0.0,0.0,0.0,0.03688,0.124,0.0,0.0,0.0,0.0,0.16088,0.28125,0.0094637032682093,6.328125,0.2129333235347095,0.00421875,0.0141955549023139,0.221484375,0.7452666323714833,0.9851653122737972,9989,,,3.241968105376558e-06,Information
624517,11831.0,6368.951472,BRA,Brazil,Pará,1.378520161,0.0,0.63,0.51,11831.0,,,,,,,,,,,,,,,,,,,,,,,,,11.388430085917872,27.57040322,0.0,,65.188,1.024,8.688,0.136,0.875,0.014,0.188,0.003,0.08688,0.136,0.013125,0.021,0.0046999999999999,0.0075,0.269205,45.703125,0.7175926084332939,107.015625,1.6802706923622666,0.685546875,1.0763889126499409,3.745546875,5.880947423267933,11.388430085917872,14264,,,0.0321555442446504,Information
624518,11832.0,4578.208956,BRA,Brazil,Pará,0.732064103,0.0,0.63,0.51,11832.0,,,,,,,,,,,,,,,,,,,,,,,,,0.8104937506904139,14.64128206,0.0,,73.812,1.612,15.75,0.344,3.188,0.07,0.0,0.0,0.1575,0.344,0.04782,0.105,0.0,0.0,0.6543199999999999,1.546875,0.0337877762850527,6.609375,0.1443659532179528,0.023203125,0.050681664427579,0.231328125,0.5052808362628348,0.8104937506904139,67716,,,1.6044529219356443e-06,Information
624519,11833.0,2240.471791,BRA,Brazil,Tocantins,1.045598637,0.0,0.63,0.51,11833.0,,,,,,,,,,,,,,,,,,,,,,,,,12.849532849836908,20.911972740000003,0.0,,10.75,0.48,3.188,0.142,1.062,0.047,0.625,0.028,0.03188,0.142,0.01593,0.0705,0.015625,0.07,0.345935,18.0,0.8034022151145733,59.484375,2.6549932577614417,0.27,1.20510332267186,2.081953125,9.292476402165049,12.849532849836908,7245,,,0.0345891115506921,Information
624520,11834.0,13534.71673,BRA,Brazil,Pará,0.791299576,0.0,0.63,0.51,11834.0,,,,,,,,,,,,,,,,,,,,,,,,,1.8107037578405576,15.82599152,0.0,,517.688,3.825,70.125,0.518,16.25,0.12,0.062,0.0,0.70125,0.518,0.24375,0.18,0.00155,0.0,1.64455,4.78125,0.0353258224396745,27.703125,0.2046819711945846,0.07171875,0.0529887336595117,0.969609375,0.716386899181046,1.8107037578405576,100107,,,6.172531635353393e-05,Information
624530,11835.0,14843.03504,BRA,Brazil,Tocantins,2.59559011,0.0,0.63,0.51,11835.0,11835.0,0.0,1.0,-9999.0,-9999.0,-9999.0,0.0,10.0,-999.9,-999.9,-999.9,-5979.4,0.0,0.0,0.0,0.0,0.0,0.0,0.0,0.0,0.0,0.0,0.0,-5979.4,10.658567667133935,51.9118022,0.0,,449.375,3.028,61.438,0.414,11.25,0.076,0.375,0.003,0.61438,0.414,0.16875,0.1139999999999999,0.009375,0.0075,1.328005,40.640625,0.2738026615163316,164.53125,1.1084744428169826,0.609609375,0.4107039922744974,5.75859375,3.879660549859439,10.658567667133935,74776,,,0.0659472818274661,Information
624540,11836.0,6051.359331,BRA,Brazil,Tocantins,0.872257948,0.0,0.63,0.51,11836.0,11836.0,0.0,1.0,-9999.0,-9999.0,-9999.0,0.0,10.0,-999.9,-999.9,-999.9,-5979.4,0.0,0.0,0.0,0.0,0.0,0.0,0.0,0.0,0.0,0.0,0.0,-5979.4,0.71244,17.44515896,0.0,,178.688,2.953,13.062,0.216,9.188,0.152,0.0,0.0,0.1306199999999999,0.216,0.13782,0.2279999999999999,0.0,0.0,0.71244,0.421875,0.0069715741034695,7.03125,0.116192901724493,0.006328125,0.0104573611552042,0.24609375,0.4066751560357254,0.6695543921909297,6993,,,1.004472558033205e-06,Information
624550,11837.0,6624.354199,BRA,Brazil,Tocantins,1.248348306,0.0,0.63,0.51,11837.0,,,,,,,,,,,,,,,,,,,,,,,,,6.4494274056284295,24.96696612,0.0,,351.312,5.303,41.562,0.627,42.062,0.635,0.688,0.01,0.41562,0.627,0.63093,0.9525,0.0171999999999999,0.025,2.66825,18.421875,0.278093146107975,65.53125,0.989247374704705,0.276328125,0.4171397191619624,2.29359375,3.4623658114664675,6.4494274056284295,11395,,,0.0070650844500333,Information
624560,11838.0,6228.786809,BRA,Brazil,Pará,1.932260138,0.0,0.63,0.51,11838.0,,,,,,,,,,,,,,,,,,,,,,,,,1.564490747247098,38.64520276,0.0,,215.438,3.459,22.0,0.353,4.25,0.068,0.0,0.0,0.22,0.353,0.06375,0.102,0.0,0.0,0.7387499999999999,3.9375,0.063214557196531,15.46875,0.2483429032720862,0.0590625,0.0948218357947965,0.54140625,0.8692001614523017,1.564490747247098,11276,,,0.0001216967461012,Information
624570,11839.0,2363.406622,BRA,Brazil,Pará,3.009201906,0.0,0.63,0.51,11839.0,,,,,,,,,,,,,,,,,,,,,,,,,27.450210963418264,60.18403812,0.0,,112.312,4.752,20.312,0.859,14.812,0.627,1.25,0.053,0.20312,0.859,0.22218,0.9405,0.03125,0.1325,2.38855,49.921875,2.112284637917321,128.53125,5.438389180440652,0.748828125,3.1684269568759813,4.49859375,19.03436213154228,27.450210963418264,250,,,0.3549858747969568,Advisory
624580,11840.0,6711.70229,BRA,Brazil,Tocantins,0.502562887,0.0,0.63,0.51,11840.0,,,,,,,,,,,,,,,,,,,,,,,,,8.407032019919333,10.05125774,0.0,,281.062,4.188,32.5,0.484,25.688,0.383,0.312,0.005,0.325,0.484,0.3853199999999999,0.5745,0.0078,0.0125,1.7891199999999998,11.8125,0.1759985692100058,91.40625,1.3618936903155214,0.1771875,0.2639978538150087,3.19921875,4.766627916104325,8.407032019919333,66660,,,0.0088899184961597,Information
624590,11841.0,12179.26792,BRA,Brazil,Pará,2.475650683,0.0,0.63,0.51,11841.0,,,,,,,,,,,,,,,,,,,,,,,,,17.799368979348404,49.51301366,0.0,,378.625,3.109,29.375,0.241,12.25,0.101,0.688,0.006,0.29375,0.241,0.18375,0.1515,0.0171999999999999,0.015,0.9022,74.109375,0.6084879278816788,247.5,2.032141846435968,1.111640625,0.9127318918225182,8.6625,7.112496462525887,17.799368979348404,81157,,,0.1485777758349358,Information
624601,11842.0,435.2801122,BRA,Brazil,Tocantins,4.054137305,0.0,0.63,0.51,11842.0,,,,,,,,,,,,,,,,,,,,,,,,,30.99913357407476,81.08274610000001,0.0,3.0,8.812,2.025,2.25,0.517,0.5,0.115,0.312,0.072,0.0225,0.517,0.0075,0.1725,0.0078,0.18,0.9073,3.515625,0.8076695676746806,35.4375,8.141309242160782,0.052734375,1.211504351512021,1.2403125,28.494582347562737,30.99913357407476,0,0.0,0.0,0.6893062457603176,Watch
624602,11843.0,6682.949904,BRA,Brazil,Tocantins,3.726423188,0.0,0.63,0.51,11843.0,,,,,,,,,,,,,,,,,,,,,,,,,15.756813875951789,74.52846376,0.0,,808.438,12.097,130.688,1.956,83.875,1.255,1.5,0.022,1.3068799999999998,1.956,1.258125,1.8825,0.0375,0.0549999999999999,6.496004999999999,8.015625,0.1199414198071186,176.90625,2.64712817749746,0.120234375,0.1799121297106779,6.19171875,9.26494862124111,15.756813875951789,0,,,0.3155110599386135,Information
624603,11844.0,643.9716088,BRA,Brazil,Tocantins,4.007046998,0.0,0.63,0.51,11844.0,,,,,,,,,,,,,,,,,,,,,,,,,20.547159262941925,80.14093996,0.0,,59.188,9.191,9.25,1.436,1.625,0.252,0.5,0.078,0.0925,1.436,0.024375,0.378,0.0125,0.195,2.138375,5.765625,0.8953228560866728,33.046875,5.131728565374832,0.086484375,1.3429842841300093,1.156640625,17.961049978811914,20.547159262941925,328,,,0.513586291403675,Advisory
624604,11845.0,5211.035345,BRA,Brazil,Tocantins,2.051268225,0.0,0.63,0.51,11845.0,,,,,,,,,,,,,,,,,,,,,,,,,9.01219818221272,41.0253645,0.0,,335.312,6.435,43.438,0.834,33.5,0.643,0.125,0.002,0.43438,0.834,0.5025,0.9645,0.003125,0.005,2.743505,14.203125,0.2725586003318082,82.125,1.5759824019185742,0.213046875,0.4088379004977123,2.874375,5.5159384067150095,9.01219818221272,21275,,,0.0301544556944939,Information
624605,11846.0,405.0771602,BRA,Brazil,Tocantins,4.108994086,0.0,0.63,0.51,11846.0,11846.0,0.0,1.0,-9999.0,-9999.0,-9999.0,0.0,10.0,-999.9,-999.9,-999.9,-5979.4,0.0,0.0,0.0,0.0,0.0,0.0,0.0,0.0,0.0,0.0,0.0,-5979.4,20.77006848643885,82.17988172,0.0,,36.375,8.98,9.0,2.222,5.5,1.358,0.0,0.0,0.09,2.222,0.0825,2.037,0.0,0.0,4.4315,2.390625,0.5901653400338442,22.078125,5.4503504932537385,0.035859375,0.8852480100507664,0.772734375,19.07622672638809,20.77006848643885,98,,,0.5608737578462074,Advisory
624606,11847.0,21655.47102,BRA,Brazil,Tocantins,2.482343488,0.0,0.63,0.51,11847.0,11847.0,0.0,1.0,-9999.0,-9999.0,-9999.0,0.0,10.0,-999.9,-999.9,-999.9,-5979.4,0.0,0.0,0.0,0.0,0.0,0.0,0.0,0.0,0.0,0.0,0.0,-5979.4,10.007805481103762,49.64686976,0.0,,1101.375,5.086,170.312,0.786,62.562,0.289,0.812,0.004,1.7031200000000002,0.786,0.93843,0.4335,0.0203,0.01,3.89135,27.5625,0.1272773054937531,183.796875,0.848731827960895,0.4134375,0.1909159582406296,6.432890625,2.970561397863132,10.007805481103762,40012,,,0.0530800875866616,Information
624607,11848.0,173.9271848,BRA,Brazil,Tocantins,4.104728541,0.0,0.63,0.51,11848.0,,,,,,,,,,,,,,,,,,,,,,,,,4.3186001579756645,82.09457082,0.0,,25.438,14.625,3.625,2.084,0.25,0.144,0.0,0.0,0.03625,2.084,0.00375,0.2159999999999999,0.0,0.0,2.34,0.0,0.0,2.109375,1.2127920094216182,0.0,0.0,0.073828125,4.244772032975664,4.3186001579756645,0,,,0.0774880666608449,Information
624608,11849.0,6185.937642,BRA,Brazil,Tocantins,4.004564259,0.0,0.63,0.51,11849.0,,,,,,,,,,,,,,,,,,,,,,,,,9.929269146572976,80.09128518,0.0,,226.125,3.655,19.5,0.315,2.562,0.041,0.125,0.002,0.195,0.315,0.03843,0.0615,0.003125,0.005,0.618055,4.921875,0.0795655450268868,106.3125,1.7186157725807556,0.073828125,0.1193483175403302,3.7209375,6.015155204032645,9.929269146572976,0,,,0.2433175419927175,Information
624609,11850.0,11483.35728,BRA,Brazil,Tocantins,4.00297812,0.0,0.63,0.51,11850.0,11850.0,0.0,1.0,-9999.0,-9999.0,-9999.0,0.0,10.0,-999.9,-999.9,-999.9,-5979.4,0.0,0.0,0.0,0.0,0.0,0.0,0.0,0.0,0.0,0.0,0.0,-5979.4,11.127172956140392,80.0595624,0.0,,447.0,3.893,44.0,0.383,20.125,0.175,0.188,0.002,0.44,0.383,0.301875,0.2624999999999999,0.0046999999999999,0.005,1.3970749999999996,14.90625,0.1298074215866844,163.546875,1.4242078425029618,0.22359375,0.1947111323800266,5.724140625,4.984727448760366,11.127172956140392,6130,,,0.2798256312121469,Information
624701,11851.0,594.093284,BRA,Brazil,Mato Grosso,4.076832255,0.0,0.63,0.51,11851.0,,,,,,,,,,,,,,,,,,,,,,,,,25.277389317163493,81.5366451,0.0,3.0,10.0,1.683,1.0,0.168,0.938,0.158,0.312,0.053,0.01,0.168,0.01407,0.237,0.0078,0.1325,0.5693699999999999,12.796875,2.15401778557726,35.015625,5.893960753942173,0.191953125,3.2310266783658905,1.225546875,20.628862638797603,25.277389317163493,0,0.0,0.0,0.6232859392864101,Watch
624702,11852.0,1862.320896,BRA,Brazil,Mato Grosso,1.033744149,0.0,0.63,0.51,11852.0,,,,,,,,,,,,,,,,,,,,,,,,,1.0256121902701334,20.67488298,0.0,,55.25,2.967,3.312,0.178,0.312,0.017,0.0,0.0,0.03312,0.178,0.00468,0.0255,0.0,0.0,0.2412999999999999,0.5625,0.030204246821664,4.359375,0.2340829128678964,0.0084375,0.045306370232496,0.152578125,0.8192901950376374,1.0256121902701334,10998,,,6.860933421679814e-06,Information
624703,11853.0,1162.617813,BRA,Brazil,Mato Grosso,4.006580361,0.0,0.63,0.51,11853.0,,,,,,,,,,,,,,,,,,,,,,,,,20.36071195845849,80.13160722,0.0,,36.125,3.107,2.625,0.226,3.938,0.339,0.562,0.048,0.02625,0.226,0.05907,0.5085000000000001,0.01405,0.12,0.95387,17.015625,1.4635613540938184,53.296875,4.584212836376506,0.255234375,2.1953420311407275,1.865390625,16.04474492731777,20.36071195845849,0,,,0.5097639324417498,Advisory
624704,11854.0,3735.769495,BRA,Brazil,Mato Grosso,1.200877594,0.0,0.63,0.51,11854.0,,,,,,,,,,,,,,,,,,,,,,,,,2.55945,24.01755188,0.0,,276.5,7.401,26.188,0.701,28.938,0.775,0.0,0.0,0.26188,0.701,0.4340699999999999,1.1625,0.0,0.0,2.55945,0.28125,0.007528569425273,12.9375,0.3463141935625599,0.00421875,0.0112928541379095,0.4528125,1.2120996774689596,1.6804237816068692,16702,,,0.0003485591494956,Information
624705,11855.0,1076.576541,BRA,Brazil,Mato Grosso,3.088467551,0.0,0.63,0.51,11855.0,,,,,,,,,,,,,,,,,,,,,,,,,28.155679439579067,61.76935102,0.0,,69.25,6.432,27.375,2.543,4.875,0.453,0.062,0.006,0.27375,2.543,0.073125,0.6795,0.00155,0.015,3.5859250000000005,24.609375,2.285891811113226,67.640625,6.282936920831209,0.369140625,3.4288377166698387,2.367421875,21.99027922290923,28.155679439579067,3607,,,0.3798447967316783,Advisory
624706,11856.0,21713.96145,BRA,Brazil,Mato Grosso,3.251057517,0.0,0.63,0.51,11856.0,,,,,,,,,,,,,,,,,,,,,,,,,11.05087337613072,65.02115034,0.0,,1494.562,6.883,141.688,0.653,46.188,0.213,1.562,0.007,1.41688,0.653,0.6928200000000001,0.3195,0.03905,0.0175,3.1387500000000004,29.953125,0.1379440829831508,203.34375,0.9364654647588552,0.449296875,0.2069161244747262,7.11703125,3.277629126655993,11.05087337613072,53095,,,0.1246124402129965,Information
624707,11857.0,1007.79056,BRA,Brazil,Mato Grosso,4.014382687,0.0,0.63,0.51,11857.0,,,,,,,,,,,,,,,,,,,,,,,,,33.6231322507008,80.28765374000001,0.0,3.0,129.188,12.819,21.062,2.09,42.875,4.254,1.062,0.105,0.21062,2.09,0.643125,6.380999999999999,0.02655,0.2625,9.613795,34.59375,3.432632867141342,73.125,7.255971914282511,0.51890625,5.1489493007120135,2.559375,25.395901699988787,33.6231322507008,1814,197.0,10.859977949283351,0.7033185563411076,Watch
624708,11858.0,723.6301805,BRA,Brazil,Mato Grosso,3.776565273,0.0,0.63,0.51,11858.0,,,,,,,,,,,,,,,,,,,,,,,,,23.8508295694832,75.53130546,0.0,,41.688,5.761,2.75,0.38,0.188,0.026,0.0,0.0,0.0275,0.38,0.00282,0.039,0.0,0.0,0.44932,3.9375,0.5441315338099866,44.296875,6.121479755362349,0.0590625,0.8161973007149799,1.550390625,21.42517914376822,23.8508295694832,101,,,0.4897979531116272,Advisory
624709,11859.0,633.6936397,BRA,Brazil,Tocantins,3.982381019,0.0,0.63,0.51,11859.0,11859.0,0.0,1.0,-9999.0,-9999.0,-9999.0,0.0,10.0,-999.9,-999.9,-999.9,-5979.4,0.0,0.0,0.0,0.0,0.0,0.0,0.0,0.0,0.0,0.0,0.0,-5979.4,29.34358155174352,79.64762038,0.0,3.0,68.062,10.741,3.25,0.513,3.312,0.523,0.062,0.01,0.0325,0.513,0.04968,0.7845,0.00155,0.025,1.40623,15.1875,2.396662842853478,43.453125,6.85711868927523,0.2278125,3.594994264280217,1.520859375,23.999915412463302,29.34358155174352,5229,648.0,12.392426850258175,0.642771195697115,Watch
624801,11860.0,2762.468202,BRA,Brazil,Mato Grosso,2.579760821,0.0,0.63,0.51,11860.0,11860.0,0.0,1.0,-9999.0,-9999.0,-9999.0,0.0,10.0,-999.9,-999.9,-999.9,-5979.4,0.0,0.0,0.0,0.0,0.0,0.0,0.0,0.0,0.0,0.0,0.0,-5979.4,9.020815594063864,51.59521642,0.0,,260.312,9.423,20.875,0.756,11.562,0.419,0.0,0.0,0.20875,0.756,0.17343,0.6285,0.0,0.0,1.76668,13.359375,0.4836028516824394,50.0625,1.8122380547257728,0.200390625,0.7254042775236591,1.7521875,6.342833191540205,9.020815594063864,1090,,,0.0464724425878113,Information
624802,11861.0,8051.434773,BRA,Brazil,Mato Grosso,2.143945496,0.0,0.63,0.51,11861.0,,,,,,,,,,,,,,,,,,,,,,,,,0.6368722885712896,42.878909920000005,0.0,,268.438,3.334,11.812,0.147,6.875,0.085,0.125,0.002,0.1181199999999999,0.147,0.103125,0.1275,0.003125,0.005,0.5038699999999999,2.53125,0.031438496011303,7.03125,0.0873291555869529,0.03796875,0.0471577440169544,0.24609375,0.3056520445543351,0.6368722885712896,11541,,,3.456340492211075e-06,Information
624803,11862.0,10738.94719,BRA,Brazil,Mato Grosso,2.070818938,0.0,0.63,0.51,11862.0,11862.0,0.0,1.0,-9999.0,-9999.0,-9999.0,0.0,10.0,-999.9,-999.9,-999.9,-5979.4,0.0,0.0,0.0,0.0,0.0,0.0,0.0,0.0,0.0,0.0,0.0,-5979.4,6.756750935005119,41.41637876,0.0,,625.438,5.824,85.938,0.8,26.75,0.249,2.875,0.027,0.85938,0.8,0.40125,0.3735,0.071875,0.0675,2.573505,36.703125,0.3417758215580129,84.234375,0.7843820579051712,0.550546875,0.5126637323370193,2.948203125,2.7453372026681,6.756750935005119,5975,,,0.0153897020976954,Information
624804,11863.0,10069.72853,BRA,Brazil,Mato Grosso,1.23251799,0.0,0.63,0.51,11863.0,,,,,,,,,,,,,,,,,,,,,,,,,1.2486306156571805,24.6503598,0.0,,348.125,3.457,54.375,0.54,2.188,0.022,0.0,0.0,0.54375,0.54,0.03282,0.033,0.0,0.0,1.14957,0.421875,0.0041895369741224,17.71875,0.1759605529131419,0.006328125,0.0062843054611836,0.62015625,0.6158619351959966,1.2486306156571805,2548,,,2.0649322561221987e-05,Information
624805,11864.0,1023.373665,BRA,Brazil,Mato Grosso,3.274838047,0.0,0.63,0.51,11864.0,,,,,,,,,,,,,,,,,,,,,,,,,2.650823892559097,65.49676094,0.0,,51.125,4.996,6.438,0.629,0.0,0.0,0.0,0.0,0.0643799999999999,0.629,0.0,0.0,0.0,0.0,0.69338,0.0,0.0,7.03125,0.6870657550168848,0.0,0.0,0.24609375,2.404730142559097,2.650823892559097,0,,,0.0051412324780604,Information
624806,11865.0,3575.578443,BRA,Brazil,Mato Grosso,0.000218725,0.0,0.63,0.51,11865.0,,,,,,,,,,,,,,,,,,,,,,,,,1.23318,0.0043745,0.0,,129.188,3.613,30.5,0.853,1.312,0.037,0.0,0.0,0.305,0.853,0.01968,0.0554999999999999,0.0,0.0,1.23318,0.421875,0.0117987902302021,1.546875,0.0432622308440746,0.006328125,0.0176981853453031,0.054140625,0.1514178079542611,0.2295847432995642,27011,,,5.525133888761293e-06,Information
624807,11866.0,1724.210861,BRA,Brazil,Mato Grosso,3.116523941,0.0,0.63,0.51,11866.0,11866.0,0.0,1.0,-9999.0,-9999.0,-9999.0,0.0,10.0,-999.9,-999.9,-999.9,-5979.4,0.0,0.0,0.0,0.0,0.0,0.0,0.0,0.0,0.0,0.0,0.0,-5979.4,1.07512,62.33047882,0.0,,95.062,5.513,15.812,0.917,0.0,0.0,0.0,0.0,0.1581199999999999,0.917,0.0,0.0,0.0,0.0,1.07512,0.0,0.0,1.828125,0.1060267651348013,0.0,0.0,0.063984375,0.3710936779718046,0.4350780529718046,17460,,,0.0001879721406094,Information
624808,11867.0,3043.795277,BRA,Brazil,Mato Grosso,0.486601265,0.0,0.63,0.51,11867.0,,,,,,,,,,,,,,,,,,,,,,,,,0.195854895514895,9.7320253,0.0,,26.375,0.867,3.0,0.099,0.0,0.0,0.0,0.0,0.03,0.099,0.0,0.0,0.0,0.0,0.129,0.421875,0.0138601634321441,1.125,0.0369604358190511,0.006328125,0.0207902451482161,0.039375,0.1293615253666788,0.195854895514895,3713,,,4.307413784414055e-10,Information
624809,11868.0,20762.33826,BRA,Brazil,Mato Grosso,1.029928435,0.0,0.63,0.51,11868.0,11868.0,0.0,1.0,-9999.0,-9999.0,-9999.0,0.0,10.0,-999.9,-999.9,-999.9,-5979.4,0.0,0.0,0.0,0.0,0.0,0.0,0.0,0.0,0.0,0.0,0.0,-5979.4,1.618995,20.5985687,0.0,,389.688,1.877,108.312,0.522,0.625,0.003,0.0,0.0,1.08312,0.522,0.009375,0.0045,0.0,0.0,1.618995,0.28125,0.0013546162115206,14.765625,0.0711173511048345,0.00421875,0.0020319243172809,0.516796875,0.2489107288669207,0.7719582781842016,65054,,,4.956514748717204e-05,Information
624910,11869.0,2942.989814,BRA,Brazil,Mato Grosso,4.048250044,0.0,0.63,0.51,11869.0,11869.0,0.0,1.0,-9999.0,-9999.0,-9999.0,0.0,10.0,-999.9,-999.9,-999.9,-5979.4,0.0,0.0,0.0,0.0,0.0,0.0,0.0,0.0,0.0,0.0,0.0,-5979.4,11.129104922675968,80.96500088,0.0,,411.562,13.985,21.312,0.724,30.75,1.045,0.0,0.0,0.21312,0.724,0.46125,1.5675,0.0,0.0,2.96587,24.328125,0.8266465919688483,61.875,2.10245375992077,0.364921875,1.2399698879532723,2.165625,7.358588159722695,11.129104922675968,118,,,0.295732038700099,Information
624920,11870.0,11830.63493,BRA,Brazil,Mato Grosso,3.631528571,0.0,0.63,0.51,11870.0,,,,,,,,,,,,,,,,,,,,,,,,,5.122335234973496,72.63057142,0.0,,673.812,5.695,54.188,0.458,41.562,0.351,6.0,0.051,0.54188,0.458,0.6234299999999999,0.5265,0.15,0.1275,2.42731,13.78125,0.116487830814287,73.40625,0.6204759967863043,0.20671875,0.1747317462214305,2.56921875,2.171665988752065,5.122335234973496,934,,,0.0468870990381394,Information
624930,11871.0,2896.300434,BRA,Brazil,Goiás,3.362148429,0.0,0.63,0.51,11871.0,11871.0,0.0,1.0,-9999.0,-9999.0,-9999.0,0.0,10.0,-999.9,-999.9,-999.9,-5979.4,0.0,0.0,0.0,0.0,0.0,0.0,0.0,0.0,0.0,0.0,0.0,-5979.4,8.352950304678842,67.24296858,0.0,,169.312,5.846,17.5,0.604,1.812,0.063,0.0,0.0,0.175,0.604,0.02718,0.0945,0.0,0.0,0.9006799999999999,12.515625,0.4321245424410921,48.234375,1.6653788545763435,0.187734375,0.6481868136616382,1.688203125,5.828825991017203,8.352950304678842,18438,,,0.0858905962155555,Information
624940,11872.0,23248.23121,BRA,Brazil,Goiás,1.144272646,0.0,0.63,0.51,11872.0,11872.0,0.0,1.0,-9999.0,-9999.0,-9999.0,0.0,10.0,-999.9,-999.9,-999.9,-5979.4,0.0,0.0,0.0,0.0,0.0,0.0,0.0,0.0,0.0,0.0,0.0,-5979.4,2.14875,22.88545292,0.0,,1077.375,4.634,108.75,0.468,27.375,0.118,0.125,0.001,1.0875,0.468,0.410625,0.177,0.003125,0.0025,2.14875,7.03125,0.0302442363782191,36.84375,0.1584797986218685,0.10546875,0.0453663545673286,1.28953125,0.5546792951765398,1.9950456497438684,73433,,,0.000171530593211,Information
624951,11873.0,2675.464347,BRA,Brazil,Goiás,1.439494658,0.0,0.63,0.51,11873.0,11873.0,0.0,1.0,-9999.0,-9999.0,-9999.0,0.0,10.0,-999.9,-999.9,-999.9,-5979.4,0.0,0.0,0.0,0.0,0.0,0.0,0.0,0.0,0.0,0.0,0.0,-5979.4,10.549826399874409,28.78989316,0.0,,98.875,3.696,15.625,0.584,1.625,0.061,0.0,0.0,0.15625,0.584,0.024375,0.0915,0.0,0.0,0.856125,20.8125,0.7779023490252052,54.703125,2.0446217146676,0.3121875,1.1668535235378077,1.914609375,7.1561760013366005,10.549826399874409,2559,,,0.0280971771438685,Information
624952,11874.0,11360.23941,BRA,Brazil,Goiás,0.985858363,0.0,0.63,0.51,11874.0,,,,,,,,,,,,,,,,,,,,,,,,,3.627875,19.71716726,0.0,,528.438,4.652,178.5,1.571,9.625,0.085,0.0,0.0,1.785,1.571,0.144375,0.1275,0.0,0.0,3.627875,3.09375,0.0272331408514875,45.0,0.396118412385274,0.04640625,0.0408497112772312,1.575,1.386414443348459,3.0486704046256903,30461,,,0.0009777503535036,Information
624953,11875.0,3119.308796,BRA,Brazil,Mato Grosso,3.269685606,0.0,0.63,0.51,11875.0,11875.0,0.0,1.0,-9999.0,-9999.0,-9999.0,0.0,10.0,-999.9,-999.9,-999.9,-5979.4,0.0,0.0,0.0,0.0,0.0,0.0,0.0,0.0,0.0,0.0,0.0,-5979.4,11.193116090590248,65.39371212,0.0,,172.438,5.528,17.875,0.573,4.312,0.138,0.375,0.012,0.17875,0.573,0.06468,0.207,0.009375,0.03,1.0628049999999998,10.40625,0.333607561138007,71.578125,2.2946790353952102,0.15609375,0.5004113417070105,2.505234375,8.031376623883236,11.193116090590248,15596,,,0.1295045158063045,Information
624954,11876.0,10970.91129,BRA,Brazil,Goiás,0.584442976,0.0,0.63,0.51,11876.0,,,,,,,,,,,,,,,,,,,,,,,,,3.0265,11.68885952,0.0,,517.438,4.716,121.438,1.107,24.438,0.223,0.062,0.001,1.21438,1.107,0.3665699999999999,0.3345,0.00155,0.0025,3.0265,5.0625,0.0461447537675842,34.453125,0.3140406853627264,0.0759375,0.0692171306513763,1.205859375,1.0991423987695423,2.4501564044209188,59688,,,0.000371149922113,Information
624955,11877.0,3126.99302,BRA,Brazil,Goiás,1.605011531,0.0,0.63,0.51,11877.0,,,,,,,,,,,,,,,,,,,,,,,,,8.872782965837569,32.10023062,0.0,,178.0,5.692,57.312,1.833,1.875,0.06,0.875,0.028,0.57312,1.833,0.028125,0.09,0.021875,0.07,2.61612,11.953125,0.3822562098111731,55.265625,1.7673728288916597,0.179296875,0.5733843147167597,1.934296875,6.185804901120809,8.872782965837569,816,,,0.0209232158752638,Information
624956,11878.0,10363.8153,BRA,Brazil,Goiás,0.480653002,0.0,0.63,0.51,11878.0,,,,,,,,,,,,,,,,,,,,,,,,,2.7951200000000003,9.61306004,0.0,,314.562,3.035,138.062,1.332,2.625,0.025,0.125,0.001,1.3806200000000002,1.332,0.039375,0.0375,0.003125,0.0025,2.7951200000000003,1.265625,0.0122119602078574,9.0,0.0868406059225418,0.018984375,0.0183179403117861,0.315,0.3039421207288962,0.6562444360406824,81224,,,0.0002542629670652,Information
624957,11879.0,474.4621057,BRA,Brazil,Goiás,1.257244469,0.0,0.63,0.51,11879.0,,,,,,,,,,,,,,,,,,,,,,,,,11.952354426924249,25.14488938,0.0,,13.5,2.845,13.5,2.845,0.0,0.0,0.0,0.0,0.135,2.845,0.0,0.0,0.0,0.0,2.9800000000000004,5.90625,1.244830710209918,12.9375,2.726772031888392,0.08859375,1.8672460653148768,0.4528125,9.543702111609372,11.952354426924249,102,,,0.0332805540322338,Information
624958,11880.0,1542.944296,BRA,Brazil,Goiás,0.009372068,0.0,0.63,0.51,11880.0,,,,,,,,,,,,,,,,,,,,,,,,,5.54756,0.18744136,0.0,,209.875,13.602,70.688,4.581,2.312,0.15,0.0,0.0,0.7068800000000001,4.581,0.03468,0.2249999999999999,0.0,0.0,5.54756,0.28125,0.0182281369896558,3.09375,0.2005095068862145,0.00421875,0.0273422054844837,0.10828125,0.7017832741017507,0.8416254795862343,3627,,,0.0019266024112823,Information
624959,11881.0,218.0286048,BRA,Brazil,Mato Grosso,2.684698811,0.0,0.63,0.51,11881.0,11881.0,0.0,4.0,-9999.0,-9999.0,-9999.0,0.0,7.0,-999.9,-999.9,-999.9,-5985.4,0.0,0.0,0.0,0.0,0.0,0.0,0.0,0.0,0.0,0.0,0.0,-5985.4,17.33292757945282,53.69397622,0.0,,0.375,0.172,0.375,0.172,0.0,0.0,0.0,0.0,0.00375,0.172,0.0,0.0,0.0,0.0,0.17575,2.671875,1.225469934447162,9.421875,4.3213939793663085,0.040078125,1.8382049016707431,0.329765625,15.12487892778208,17.33292757945282,2110,,,0.1628864085071402,Information
624960,11882.0,12204.67281,BRA,Brazil,Goiás,0.461550221,0.0,0.63,0.51,11882.0,11882.0,0.0,8.0,-9999.0,-9999.0,-9999.0,0.0,3.0,-999.9,-999.9,-999.9,-5993.4,0.0,0.0,0.0,0.0,0.0,0.0,0.0,0.0,0.0,0.0,0.0,-5993.4,2.289832989092666,9.23100442,0.0,,137.125,1.124,81.562,0.668,0.625,0.005,0.0,0.0,0.81562,0.668,0.009375,0.0075,0.0,0.0,1.500495,8.4375,0.0691333568106815,32.34375,0.2650112011076125,0.1265625,0.1037000352160222,1.13203125,0.9275392038766438,2.289832989092666,67352,,,0.0001166906791452,Information
624970,11883.0,1074.445606,BRA,Brazil,Goiás,3.75015185,0.0,0.63,0.51,11883.0,11883.0,0.0,4.0,-9999.0,-9999.0,-9999.0,0.0,7.0,-999.9,-999.9,-999.9,-5985.4,0.0,0.0,0.0,0.0,0.0,0.0,0.0,0.0,0.0,0.0,0.0,-5985.4,4.123655407077653,75.003037,0.0,,11.875,1.105,10.438,0.971,0.0,0.0,0.0,0.0,0.10438,0.971,0.0,0.0,0.0,0.0,1.07538,0.421875,0.0392644353118908,11.25,1.0470516083170904,0.006328125,0.0588966529678361,0.39375,3.664680629109816,4.123655407077653,21522,,,0.0357715752906074,Information
624980,11884.0,13514.79881,BRA,Brazil,Mato Grosso,2.552479923,0.0,0.63,0.51,11884.0,,,,,,,,,,,,,,,,,,,,,,,,,0.28862,51.04959846,0.0,,26.438,0.196,16.562,0.123,0.0,0.0,0.0,0.0,0.16562,0.123,0.0,0.0,0.0,0.0,0.28862,1.40625,0.0104052603348873,2.671875,0.0197699946362859,0.02109375,0.0156078905023309,0.093515625,0.0691949812270006,0.1994122467293316,81760,,,1.4223787360306924e-07,Information
624990,11885.0,23435.8053,BRA,Brazil,Goiás,2.862778649,0.0,0.63,0.51,11885.0,11885.0,0.0,3.0,-9999.0,-9999.0,-9999.0,0.0,8.0,-999.9,-999.9,-999.9,-5983.4,0.0,0.0,0.0,0.0,0.0,0.0,0.0,0.0,0.0,0.0,0.0,-5983.4,0.4754915328121919,57.25557298,0.0,,84.062,0.359,21.438,0.091,0.438,0.002,0.0,0.0,0.21438,0.091,0.00657,0.003,0.0,0.0,0.31495,0.5625,0.0024001735495728,9.28125,0.0396028635679522,0.0084375,0.0036002603243591,0.32484375,0.1386100224878327,0.4754915328121919,64944,,,3.419396787476601e-06,Information
625001,11886.0,1039.211267,BRA,Brazil,Pará,4.010852361,3.723498168,0.63,0.51,11886.0,11886.0,1.0,1.0,100.0,-9999.0,-9999.0,3.0,10.0,10.0,-999.9,-999.9,-3953.6,0.0,0.0,0.0,0.0,0.0,0.0,0.0,0.0,0.0,0.0,0.0,-3953.6,35.231620105421364,80.21704722000001,74.46996336,3.0,6.812,0.656,4.0,0.385,1.75,0.168,0.062,0.006,0.04,0.385,0.02625,0.252,0.00155,0.015,0.7198,37.6875,3.626548442125472,78.609375,7.564330519209474,0.5653125,5.439822663188208,2.751328125,26.47515681723316,35.231620105421364,12296,2926.0,23.796356538711777,0.7180719448459527,Watch
625002,11887.0,907.3196733,BRA,Brazil,Pará,4.115738543,0.0,0.63,0.51,11887.0,,,,,,,,,,,,,,,,,,,,,,,,,14.42013348447326,82.31477086,0.0,,26.5,2.921,8.438,0.93,2.688,0.296,0.0,0.0,0.08438,0.93,0.04032,0.4439999999999999,0.0,0.0,1.4987,7.453125,0.8214442185546105,31.078125,3.425267401897527,0.111796875,1.2321663278319157,1.087734375,11.988435906641344,14.42013348447326,40528,,,0.4191359616765578,Advisory
625003,11888.0,1255.368187,BRA,Brazil,Pará,4.027248832,2.094144683,0.63,0.51,11888.0,,,,,,,,,,,,,,,,,,,,,,,,,17.28576393560018,80.54497663999999,41.88289366,,24.688,1.967,11.25,0.896,1.438,0.115,0.125,0.01,0.1125,0.896,0.02157,0.1725,0.003125,0.025,1.230695,19.265625,1.5346593292685808,46.828125,3.730230340484945,0.288984375,2.301988993902872,1.638984375,13.055806191697307,17.28576393560018,261412,,,0.4529458641802399,Advisory
625004,11889.0,26370.24673,BRA,Brazil,Pará,3.057942935,1.121864067,0.63,0.51,11889.0,,,,,,,,,,,,,,,,,,,,,,,,,8.889796616364144,61.1588587,22.43728134,,243.375,0.923,58.062,0.22,8.312,0.032,0.0,0.0,0.58062,0.22,0.12468,0.048,0.0,0.0,0.9733,41.203125,0.1562485380647308,166.5,0.6313934097905849,0.618046875,0.2343728070970961,5.8275,2.2098769342670472,8.889796616364144,428658,,,0.0701633049566693,Information
625005,11890.0,12.57274685,BRA,Brazil,Pará,4.092464687,0.0,0.63,0.51,11890.0,,,,,,,,,,,,,,,,,,,,,,,,,15.6785568224445,81.84929374,0.0,,0.062,0.497,0.062,0.497,0.0,0.0,0.0,0.0,0.00062,0.497,0.0,0.0,0.0,0.0,0.49762,0.0,0.0,0.5625,4.473962663555572,0.0,0.0,0.0196875,15.6588693224445,15.6785568224445,0,,,0.4417966955554873,Advisory
625006,11891.0,49739.49675,BRA,Brazil,Pará,2.698348998,2.10584067,0.63,0.51,11891.0,11891.0,0.0,1.0,-9999.0,-9999.0,-9999.0,0.0,10.0,-999.9,-999.9,-999.9,-4628.866666666666,0.0,0.0,0.0,0.0,0.0,0.0,0.0,0.0,0.0,0.0,0.0,-4628.866666666666,15.643267974648236,53.96697996,42.1168134,,832.625,1.674,174.625,0.351,21.75,0.044,0.0,0.0,1.74625,0.351,0.32625,0.066,0.0,0.0,2.4895,104.765625,0.2106286389130789,327.234375,0.6578964332224625,1.571484375,0.3159429583696183,11.453203125,2.302637516278619,15.643267974648236,1250165,,,0.14022292821865,Information
625007,11892.0,2180.63464,BRA,Brazil,Pará,3.13126492,0.978934741,0.63,0.51,11892.0,,,,,,,,,,,,,,,,,,,,,,,,,11.49588133531795,62.6252984,19.57869482,,17.312,0.794,12.625,0.579,0.312,0.014,0.0,0.0,0.12625,0.579,0.00468,0.021,0.0,0.0,0.73093,25.3125,1.1607859261067517,47.953125,2.1990444489022347,0.3796875,1.7411788891601274,1.678359375,7.696655571157821,11.49588133531795,1948362,,,0.1191980483770783,Information
631010,11894.0,18945.2252,BRA,Brazil,Pará,2.277498384,2.19535035,0.63,0.51,11894.0,,,,,,,,,,,,,,,,,,,,,,,,,44.397047486156005,45.54996768,43.907007,,307.625,1.624,67.938,0.359,4.312,0.023,0.0,0.0,0.67938,0.359,0.06468,0.0345,0.0,0.0,1.13756,252.0,1.3301504595040436,722.25,3.812306227685697,3.78,1.9952256892560656,25.27875,13.34307179689994,44.397047486156005,720958,,,0.4191335848672091,Advisory
631021,11895.0,9148.556764,BRA,Brazil,Pará,2.941731655,0.0,0.63,0.51,11895.0,11895.0,0.0,1.0,-9999.0,-9999.0,-9999.0,0.0,10.0,-999.9,-999.9,-999.9,-5979.4,0.0,0.0,0.0,0.0,0.0,0.0,0.0,0.0,0.0,0.0,0.0,-5979.4,11.454154312215197,58.8346331,0.0,,113.688,1.243,31.312,0.342,1.438,0.016,0.0,0.0,0.31312,0.342,0.02157,0.024,0.0,0.0,0.70069,66.234375,0.7239871458122464,127.96875,1.3987862052848072,0.993515625,1.0859807187183697,4.47890625,4.895751718496825,11.454154312215197,49778,,,0.1004054308255685,Information
631022,11896.0,5078.845424,BRA,Brazil,Pará,0.732898056,0.0,0.63,0.51,11896.0,,,,,,,,,,,,,,,,,,,,,,,,,1.9748166048007103,14.65796112,0.0,,12.062,0.238,2.688,0.053,0.562,0.011,0.062,0.001,0.02688,0.053,0.00843,0.0165,0.00155,0.0025,0.10886,2.671875,0.0526079212287811,17.859375,0.3516424208450111,0.040078125,0.0789118818431716,0.625078125,1.2307484729575389,1.9748166048007103,113801,,,8.287829261678932e-05,Information
631023,11897.0,4439.890468,BRA,Brazil,Maranhão,3.529331182,0.0,0.63,0.51,11897.0,,,,,,,,,,,,,,,,,,,,,,,,,4.2442616988621324,70.58662364,0.0,,20.5,0.462,6.562,0.148,0.812,0.018,0.0,0.0,0.06562,0.148,0.01218,0.0269999999999999,0.0,0.0,0.2527999999999999,2.671875,0.06017884943791,36.140625,0.8139981213443621,0.040078125,0.090268274156865,1.264921875,2.8489934247052675,4.2442616988621324,4468,,,0.0264410977964824,Information
631025,11899.0,1211.682773,BRA,Brazil,Maranhão,2.289271196,0.0,0.63,0.51,11899.0,11899.0,0.0,1.0,-9999.0,-9999.0,-9999.0,0.0,10.0,-999.9,-999.9,-999.9,-5979.4,0.0,0.0,0.0,0.0,0.0,0.0,0.0,0.0,0.0,0.0,0.0,-5979.4,2.036379634861156,45.78542392,0.0,,5.062,0.418,1.625,0.134,0.188,0.015,0.0,0.0,0.01625,0.134,0.00282,0.0225,0.0,0.0,0.1755699999999999,1.546875,0.1276633649103687,5.625,0.4642304178558865,0.023203125,0.191495047365553,0.196875,1.624806462495603,2.036379634861156,1918,,,0.0005157771016145,Information
631032,11904.0,6224.889811,BRA,Brazil,Maranhão,1.385949125,0.0,0.63,0.51,11904.0,,,,,,,,,,,,,,,,,,,,,,,,,7.068581446535688,27.7189825,0.0,,50.75,0.815,36.875,0.592,0.125,0.002,0.0,0.0,0.36875,0.592,0.001875,0.003,0.0,0.0,0.965625,18.703125,0.3004571256231509,69.46875,1.1159836094574178,0.280546875,0.4506856884347263,2.43140625,3.9059426331009615,7.068581446535688,110833,,,0.0100386078069739,Information
631033,11905.0,2062.587031,BRA,Brazil,Maranhão,4.008708527,4.00360149,0.63,0.51,11905.0,,,,,,,,,,,,,,,,,,,,,,,,,35.31858694111836,80.17417053999999,80.07202980000001,3.0,80.125,3.885,6.625,0.321,0.0,0.0,0.0,0.0,0.06625,0.321,0.0,0.0,0.0,0.0,0.38725,94.5,4.581624851421944,132.046875,6.40200258256727,1.4175,6.872437277132916,4.621640625,22.407009038985446,35.31858694111836,20519,448.0,2.1833422681417223,0.7181733869308062,Watch
631034,11906.0,13373.5416,BRA,Brazil,Maranhão,1.613901596,0.0,0.63,0.51,11906.0,,,,,,,,,,,,,,,,,,,,,,,,,15.99391566852081,32.278031920000004,0.0,,266.812,1.995,154.125,1.152,12.875,0.096,0.0,0.0,1.54125,1.152,0.193125,0.144,0.0,0.0,3.0303750000000003,96.890625,0.7244948864749653,219.9375,1.6445718468023889,1.453359375,1.086742329712448,7.6978125,5.756001463808361,15.99391566852081,150866,,,0.0744817544076226,Information
631035,11907.0,4513.221657,BRA,Brazil,Maranhão,3.133115499,4.006866308,0.63,0.51,11907.0,,,,,,,,,,,,,,,,,,,,,,,,,58.60861473165366,62.66230998,80.13732616,3.0,5.375,0.119,3.812,0.084,16.562,0.367,0.125,0.003,0.03812,0.084,0.24843,0.5505,0.003125,0.0075,0.931675,232.3125,5.147376256640705,421.171875,9.33195634905503,3.4846875,7.721064384961057,14.741015625,32.661847221692604,58.60861473165366,90314,2461.0,2.7249374404854176,0.860382491853971,Warning
631036,11908.0,3767.466685,BRA,Brazil,Maranhão,2.064105931,0.0,0.63,0.51,11908.0,,,,,,,,,,,,,,,,,,,,,,,,,38.15092851534103,41.28211862,0.0,,28.0,0.743,14.75,0.392,11.188,0.297,0.312,0.008,0.1475,0.392,0.16782,0.4455,0.0078,0.02,1.18062,108.0,2.866647777449072,252.0,6.688844814047834,1.62,4.299971666173608,8.82,23.41095684916742,38.15092851534103,107640,,,0.3331635826408083,Advisory
631037,11909.0,1456.548946,BRA,Brazil,Maranhão,1.782191052,3.026386796,0.63,0.51,11909.0,,,,,,,,,,,,,,,,,,,,,,,,,36.86051723538114,35.64382104,60.527735920000005,,5.625,0.386,4.0,0.275,0.625,0.043,0.062,0.004,0.04,0.275,0.009375,0.0645,0.00155,0.01,0.400425,67.640625,4.643896462743684,104.90625,7.202384118933032,1.014609375,6.965844694115527,3.67171875,25.20834441626561,36.86051723538114,23703,,,0.4727108187100081,Advisory
631038,11910.0,1196.173907,BRA,Brazil,Maranhão,4.016756244,0.0,0.63,0.51,11910.0,,,,,,,,,,,,,,,,,,,,,,,,,70.441953125,80.33512488,0.0,3.0,70.688,5.909,38.062,3.182,38.625,3.229,7.938,0.664,0.3806199999999999,3.182,0.579375,4.843500000000001,0.19845,1.66,10.843945,351.84375,29.41409671579713,433.265625,36.22095602772621,5.27765625,15.0,15.164296875,35.0,70.441953125,69059,3371.0,4.881333352640495,0.8990142786238327,Warning
631039,11911.0,2041.939994,BRA,Brazil,Maranhão,3.807028054,3.135866835,0.63,0.51,11911.0,,,,,,,,,,,,,,,,,,,,,,,,,76.885390625,76.14056108,62.7173367,3.0,47.375,2.32,32.75,1.604,11.5,0.563,2.625,0.129,0.3275,1.604,0.1725,0.8444999999999999,0.065625,0.3225,3.336625,335.8125,16.445757516679368,624.234375,30.57065226823272,5.0371875,15.0,21.848203125,35.0,76.885390625,53628,4394.0,8.193481017378982,0.8790268741602087,Warning
631041,11912.0,309.6183667,BRA,Brazil,Maranhão,4.050350783,0.0,0.63,0.51,11912.0,,,,,,,,,,,,,,,,,,,,,,,,,55.849296875,81.00701566,0.0,3.0,5.5,1.776,4.062,1.312,1.0,0.323,0.0,0.0,0.04062,1.312,0.015,0.4845,0.0,0.0,1.85212,88.734375,28.65927365227453,129.09375,41.6944741882536,1.331015625,15.0,4.51828125,35.0,55.849296875,1446,392.0,27.10926694329184,0.8596141206985535,Warning
631042,11913.0,2569.276253,BRA,Brazil,Maranhão,3.331972997,0.0,0.63,0.51,11913.0,,,,,,,,,,,,,,,,,,,,,,,,,47.661738890824765,66.63945994,0.0,3.0,28.062,1.092,22.188,0.864,3.562,0.139,0.938,0.036,0.22188,0.864,0.05343,0.2085,0.02345,0.09,1.46126,119.25,4.641384898876934,227.25,8.844903297859819,1.78875,6.962077348315401,7.95375,30.95716154250937,47.661738890824765,120169,5382.0,4.478692508051161,0.6393624576199832,Watch
631043,11914.0,2418.310117,BRA,Brazil,Maranhão,2.382088957,0.0,0.63,0.51,11914.0,11914.0,0.0,1.0,-9999.0,-9999.0,-9999.0,0.0,10.0,-999.9,-999.9,-999.9,-5979.4,0.0,0.0,0.0,0.0,0.0,0.0,0.0,0.0,0.0,0.0,0.0,-5979.4,42.385191609344695,47.64177914,0.0,,28.125,1.163,24.188,1.0,2.375,0.098,0.125,0.005,0.2418799999999999,1.0,0.035625,0.147,0.003125,0.0125,1.44013,66.9375,2.7679452497739288,207.140625,8.565511245623943,1.0040625,4.151917874660893,7.249921875,29.9792893596838,42.385191609344695,170609,,,0.416322723380338,Advisory
631044,11915.0,10004.27687,BRA,Brazil,Maranhão,1.797602864,0.0,0.63,0.51,11915.0,,,,,,,,,,,,,,,,,,,,,,,,,2.425262734052187,35.95205728,0.0,,13.938,0.139,12.625,0.126,0.375,0.004,0.0,0.0,0.12625,0.126,0.005625,0.006,0.0,0.0,0.2638749999999999,9.0,0.0899615246137275,30.796875,0.3078370920375989,0.135,0.1349422869205912,1.077890625,1.077429822131596,2.425262734052187,85187,,,0.0005307611497398,Information
631045,11916.0,2673.713272,BRA,Brazil,Maranhão,1.634758317,0.0,0.63,0.51,11916.0,,,,,,,,,,,,,,,,,,,,,,,,,4.736043288849006,32.69516634,0.0,,4.625,0.173,2.5,0.094,0.438,0.016,0.0,0.0,0.025,0.094,0.00657,0.024,0.0,0.0,0.1495699999999999,12.796875,0.4786180751727789,23.0625,0.8625644431685249,0.191953125,0.7179271127591683,0.8071875,3.018975551089837,4.736043288849006,31885,,,0.0039768375408829,Information
631046,11917.0,3011.330245,BRA,Brazil,Maranhão,3.078123688,0.0,0.63,0.51,11917.0,,,,,,,,,,,,,,,,,,,,,,,,,0.38194,61.56247376,0.0,,7.125,0.237,7.062,0.235,1.188,0.039,0.0,0.0,0.07062,0.235,0.01782,0.0584999999999999,0.0,0.0,0.38194,0.140625,0.0046698631017066,0.703125,0.0233493155085332,0.002109375,0.0070047946525599,0.024609375,0.0817226042798662,0.1154461489324261,15370,,,1.9986184446058435e-06,Information
631049,11920.0,10480.23449,BRA,Brazil,Maranhão,1.045904135,0.0,0.63,0.51,11920.0,,,,,,,,,,,,,,,,,,,,,,,,,0.1387771098174852,20.9180827,0.0,,16.438,0.157,6.875,0.066,0.0,0.0,0.0,0.0,0.06875,0.066,0.0,0.0,0.0,0.0,0.13475,0.140625,0.0013418115805442,1.96875,0.0187853621276197,0.002109375,0.0020127173708163,0.06890625,0.0657487674466689,0.1387771098174852,91907,,,1.1094546106628061e-10,Information
631061,11922.0,1049.345899,BRA,Brazil,Maranhão,3.093985456,0.0,0.63,0.51,11922.0,,,,,,,,,,,,,,,,,,,,,,,,,41.08870813925306,61.87970912,0.0,,8.562,0.816,3.688,0.351,0.438,0.042,0.0,0.0,0.03688,0.351,0.00657,0.063,0.0,0.0,0.45745,11.8125,1.125701259502038,120.65625,11.4982342934851,0.1771875,1.6885518892530569,4.22296875,35.0,41.08870813925306,66659,,,0.5298873264531524,Advisory
631062,11923.0,21815.92222,BRA,Brazil,Maranhão,2.32475651,0.0,0.63,0.51,11923.0,11923.0,0.0,1.0,-9999.0,-9999.0,-9999.0,0.0,10.0,-999.9,-999.9,-999.9,-5979.4,0.0,0.0,0.0,0.0,0.0,0.0,0.0,0.0,0.0,0.0,0.0,-5979.4,5.181467491231471,46.4951302,0.0,,30.562,0.14,9.375,0.043,0.125,0.001,0.0,0.0,0.09375,0.043,0.001875,0.0015,0.0,0.0,0.1401249999999999,13.078125,0.0599476147079069,95.90625,0.4396158411913173,0.196171875,0.0899214220618603,3.35671875,1.5386554441696103,5.181467491231471,262371,,,0.0097799579891667,Information
631063,11924.0,4081.926442,BRA,Brazil,Maranhão,3.146092986,0.0,0.63,0.51,11924.0,,,,,,,,,,,,,,,,,,,,,,,,,44.49140555728644,62.92185972,0.0,,22.312,0.547,9.688,0.237,7.938,0.194,1.5,0.037,0.09688,0.237,0.11907,0.291,0.0375,0.0925,0.8739500000000001,125.4375,3.072997561018374,314.71875,7.7100544187882525,1.8815625,4.609496341527561,11.01515625,26.985190465758883,44.49140555728644,78860,,,0.57231397211772,Advisory
631064,11925.0,3098.206355,BRA,Brazil,Maranhão,2.614938688,0.0,0.63,0.51,11925.0,,,,,,,,,,,,,,,,,,,,,,,,,12.404589940038289,52.29877376,0.0,,8.25,0.266,4.938,0.159,0.062,0.002,0.0,0.0,0.04938,0.159,0.0009299999999999,0.003,0.0,0.0,0.21231,23.34375,0.7534601420064011,73.828125,2.3829311720081963,0.35015625,1.1301902130096018,2.583984375,8.340259102028687,12.404589940038289,88782,,,0.089007743667422,Information
631065,11926.0,2777.903319,BRA,Brazil,Maranhão,2.500430646,0.0,0.63,0.51,11926.0,11926.0,0.0,1.0,-9999.0,-9999.0,-9999.0,0.0,10.0,-999.9,-999.9,-999.9,-5979.4,0.0,0.0,0.0,0.0,0.0,0.0,0.0,0.0,0.0,0.0,0.0,-5979.4,3.987843326383577,50.00861292,0.0,,,,,,,,,,,,,,,,,2.671875,0.0961831530029001,23.625,0.8504615633940649,0.040078125,0.1442747295043501,0.826875,2.976615471879227,3.987843326383577,158031,,,0.0057259201788904,Information
631066,11927.0,6085.639862,BRA,Brazil,Maranhão,0.337045157,0.0,0.63,0.51,11927.0,,,,,,,,,,,,,,,,,,,,,,,,,5.497469171662386,6.74090314,0.0,,11.062,0.182,6.438,0.106,0.75,0.012,0.0,0.0,0.0643799999999999,0.106,0.01125,0.018,0.0,0.0,0.1996299999999999,19.546875,0.321196709676181,51.046875,0.83880867347089,0.293203125,0.4817950645142715,1.786640625,2.9358303571481152,5.497469171662386,106258,,,0.0023194559354949,Information
631068,11929.0,4713.872924,BRA,Brazil,Maranhão,1.022562968,0.0,0.63,0.51,11929.0,,,,,,,,,,,,,,,,,,,,,,,,,0.4696728363723644,20.45125936,0.0,,11.875,0.252,3.75,0.08,0.75,0.016,0.0,0.0,0.0375,0.08,0.01125,0.024,0.0,0.0,0.15275,1.828125,0.038781804886362,3.515625,0.0745803940122347,0.027421875,0.058172707329543,0.123046875,0.2610313790428214,0.4696728363723644,10965,,,1.4327208908175606e-07,Information
631069,11930.0,8551.544597,BRA,Brazil,Maranhão,1.726326398,0.0,0.63,0.51,11930.0,,,,,,,,,,,,,,,,,,,,,,,,,0.596409849355807,34.52652796,0.0,,22.625,0.265,5.312,0.062,2.062,0.024,0.0,0.0,0.05312,0.062,0.03093,0.036,0.0,0.0,0.18205,2.25,0.0263110362644138,6.890625,0.0805775485597675,0.03375,0.0394665543966206,0.241171875,0.2820214199591862,0.596409849355807,42433,,,1.3105740678735972e-06,Information
631070,11931.0,3094.338738,BRA,Brazil,Maranhão,4.023492539,3.057980439,0.63,0.51,11931.0,,,,,,,,,,,,,,,,,,,,,,,,,66.70138760092838,80.46985078,61.15960878,3.0,45.312,1.464,30.062,0.972,7.75,0.25,0.0,0.0,0.30062,0.972,0.11625,0.375,0.0,0.0,1.7638699999999998,166.78125,5.389883400618921,603.28125,19.49628987239053,2.50171875,8.084825100928382,21.11484375,35.0,66.70138760092838,1674695,10192.0,0.6085884295349302,0.8903265046432732,Warning
631081,11932.0,3642.835847,BRA,Brazil,Maranhão,2.67872454,0.080759811,0.63,0.51,11932.0,11932.0,0.0,1.0,-9999.0,-9999.0,-9999.0,0.0,10.0,-999.9,-999.9,-999.9,-5979.4,0.0,0.0,0.0,0.0,0.0,0.0,0.0,0.0,0.0,0.0,0.0,-5979.4,10.983424821477763,53.57449080000001,1.61519622,,68.25,1.874,47.625,1.307,0.75,0.021,0.562,0.015,0.47625,1.307,0.01125,0.0315,0.01405,0.0375,1.87755,11.109375,0.3049650181116007,79.03125,2.169497976945818,0.166640625,0.457447527167401,2.76609375,7.593242919310362,10.983424821477763,186158,,,0.0747271346694651,Information
631082,11933.0,3065.436001,BRA,Brazil,Maranhão,0.519512637,0.0,0.63,0.51,11933.0,,,,,,,,,,,,,,,,,,,,,,,,,4.042743085063506,10.39025274,0.0,,6.125,0.2,5.938,0.194,0.0,0.0,0.0,0.0,0.0593799999999999,0.194,0.0,0.0,0.0,0.0,0.25338,10.40625,0.3394704700440317,22.640625,0.7385776442849881,0.15609375,0.5092057050660476,0.792421875,2.585021754997458,4.042743085063506,86941,,,0.0009723814197135,Information
631083,11934.0,3476.542362,BRA,Brazil,Maranhão,2.412949687,0.0,0.63,0.51,11934.0,,,,,,,,,,,,,,,,,,,,,,,,,2.788297623703047,48.25899374,0.0,,53.938,1.551,34.0,0.978,0.0,0.0,0.0,0.0,0.34,0.978,0.0,0.0,0.0,0.0,1.318,2.671875,0.0768543777621855,19.40625,0.5582054805885054,0.040078125,0.1152815666432782,0.67921875,1.9537191820597688,2.788297623703047,85876,,,0.0017455607710164,Information
631085,11936.0,12561.45978,BRA,Brazil,Maranhão,3.36103386,0.0,0.63,0.51,11936.0,11936.0,0.0,1.0,-9999.0,-9999.0,-9999.0,0.0,10.0,-999.9,-999.9,-999.9,-5979.4,0.0,0.0,0.0,0.0,0.0,0.0,0.0,0.0,0.0,0.0,0.0,-5979.4,2.725279592137108,67.2206772,0.0,,,,,,,,,,,,,,,,,4.359375,0.0347043661781745,41.484375,0.3302512265342418,0.065390625,0.0520565492672617,1.451953125,1.1558792928698465,2.725279592137108,323232,,,0.0064371631092449,Information
631088,11939.0,6969.265046,BRA,Brazil,Maranhão,1.645229947,0.0,0.63,0.51,11939.0,,,,,,,,,,,,,,,,,,,,,,,,,0.4742292753675514,32.90459894,0.0,,15.812,0.227,7.125,0.102,3.688,0.053,0.0,0.0,0.07125,0.102,0.05532,0.0795,0.0,0.0,0.30807,0.84375,0.0121067285357784,5.203125,0.0746581593039668,0.01265625,0.0181600928036676,0.182109375,0.2613035575638838,0.4742292753675514,7860,,,3.6693360434884085e-07,Information
631089,11940.0,7967.285804,BRA,Brazil,Maranhão,1.081207086,0.0,0.63,0.51,11940.0,,,,,,,,,,,,,,,,,,,,,,,,,0.4455648671080504,21.62414172,0.0,,13.938,0.175,4.188,0.053,2.062,0.026,0.0,0.0,0.04188,0.053,0.03093,0.039,0.0,0.0,0.1648099999999999,0.703125,0.0088251509646993,5.34375,0.0670711473317147,0.010546875,0.0132377264470489,0.18703125,0.2347490156610014,0.4455648671080504,29627,,,1.170918588403376e-07,Information
631091,11941.0,77.66044502,BRA,Brazil,Maranhão,4.02485848,0.0,0.63,0.51,11941.0,,,,,,,,,,,,,,,,,,,,,,,,,25.27389373839695,80.49716959999999,0.0,3.0,0.188,0.241,0.188,0.241,0.062,0.08,0.0,0.0,0.00188,0.241,0.0009299999999999,0.12,0.0,0.0,0.3638099999999999,2.8125,3.621534745616888,4.359375,5.613378855706176,0.0421875,5.432302118425332,0.152578125,19.646825994971618,25.27389373839695,1223,0.0,0.0,0.6022643145087031,Watch
631092,11942.0,15911.41076,BRA,Brazil,Maranhão,2.149125286,0.0,0.63,0.51,11942.0,11942.0,0.0,1.0,-9999.0,-9999.0,-9999.0,0.0,10.0,-999.9,-999.9,-999.9,-5979.4,0.0,0.0,0.0,0.0,0.0,0.0,0.0,0.0,0.0,0.0,0.0,-5979.4,4.799944163636928,42.98250572,0.0,,,,,,,,,,,,,,,,,26.859375,0.1688057420108079,72.703125,0.4569244430344905,0.402890625,0.2532086130162118,2.544609375,1.5992355506207168,4.799944163636928,289108,,,0.0066664015643741,Information
631093,11943.0,4238.519624,BRA,Brazil,Maranhão,3.141653746,3.283455171,0.63,0.51,11943.0,,,,,,,,,,,,,,,,,,,,,,,,,37.26555599692948,62.83307492,65.66910342,,22.875,0.54,16.0,0.377,8.625,0.203,0.062,0.001,0.16,0.377,0.129375,0.3045,0.00155,0.0025,0.974925,130.21875,3.072269602510832,261.140625,6.161128133760923,1.95328125,4.608404403766247,9.139921875,21.56394846816323,37.26555599692948,71129,,,0.5326860842177557,Advisory
631094,11944.0,1676.38418,BRA,Brazil,Maranhão,4.016372516,0.0,0.63,0.51,11944.0,,,,,,,,,,,,,,,,,,,,,,,,,41.69173756433685,80.32745032,0.0,3.0,11.688,0.697,4.938,0.295,1.25,0.075,0.0,0.0,0.04938,0.295,0.01875,0.1124999999999999,0.0,0.0,0.4756299999999999,40.078125,2.390748223942442,153.84375,9.177117743835195,0.601171875,3.5861223359136627,5.38453125,32.11991210342318,41.69173756433685,18913,5541.0,29.297308729445355,0.7736973598987334,Watch
631095,11945.0,1122.134325,BRA,Brazil,Maranhão,1.454485411,3.012504396,0.63,0.51,11945.0,,,,,,,,,,,,,,,,,,,,,,,,,17.143951740257258,29.08970822,60.250087920000006,,4.75,0.423,1.0,0.089,0.75,0.067,0.0,0.0,0.01,0.089,0.01125,0.1005,0.0,0.0,0.21075,18.84375,1.679277567637783,41.34375,3.684385111085881,0.28265625,2.5189163514566744,1.44703125,12.895347888800584,17.143951740257258,5826,,,0.2001845593708989,Information
631096,11946.0,3775.12568,BRA,Brazil,Maranhão,2.106562071,1.215203251,0.63,0.51,11946.0,,,,,,,,,,,,,,,,,,,,,,,,,13.018086652799605,42.13124142,24.30406502,,3.062,0.081,3.0,0.079,0.125,0.003,0.0,0.0,0.03,0.079,0.001875,0.0045,0.0,0.0,0.115375,51.46875,1.3633652059222134,79.875,2.1158235982617954,0.77203125,2.04504780888332,2.795625,7.4053825939162845,13.018086652799605,66796,,,0.0678708107581106,Information
631097,11947.0,87.06675847,BRA,Brazil,Maranhão,4.022786789,4.06637435,0.63,0.51,11947.0,,,,,,,,,,,,,,,,,,,,,,,,,47.3290130139296,80.45573578000001,81.327487,3.0,1.375,1.579,0.75,0.861,0.125,0.144,0.0,0.0,0.0075,0.861,0.001875,0.2159999999999999,0.0,0.0,1.086375,6.890625,7.914185759286404,10.125,11.62900764629839,0.103359375,11.871278638929606,0.354375,35.0,47.3290130139296,212,0.0,0.0,0.8238328223818593,Warning
631099,11949.0,2324.643375,BRA,Brazil,Maranhão,2.999858008,4.005504528,0.63,0.51,11949.0,,,,,,,,,,,,,,,,,,,,,,,,,58.23568125390325,59.99716016,80.11009056,3.0,16.5,0.71,16.062,0.691,0.375,0.016,0.0,0.0,0.16062,0.691,0.005625,0.024,0.0,0.0,0.881245,186.46875,8.021391669268835,240.1875,10.33222999329651,2.79703125,12.032087503903252,8.4065625,35.0,58.23568125390325,85010,3055.0,3.593694859428303,0.85865267547433,Warning
632101,11950.0,2718.817135,BRA,Brazil,Maranhão,3.080048313,1.841196974,0.63,0.51,11950.0,,,,,,,,,,,,,,,,,,,,,,,,,10.476318693910931,61.60096625999999,36.82393948,,5.0,0.184,4.062,0.149,0.062,0.002,0.0,0.0,0.04062,0.149,0.0009299999999999,0.003,0.0,0.0,0.19355,31.5,1.1585920800226368,50.484375,1.8568506996791367,0.4725,1.737888120033955,1.766953125,6.498977448876978,10.476318693910931,214778,,,0.0969865594608352,Information
632103,11952.0,50.33851215,BRA,Brazil,Maranhão,1.781083121,0.0,0.63,0.51,11952.0,,,,,,,,,,,,,,,,,,,,,,,,,11.651744341215188,35.62166242,0.0,,0.312,0.621,0.188,0.372,0.0,0.0,0.0,0.0,0.00188,0.372,0.0,0.0,0.0,0.0,0.37388,0.28125,0.5587173477694066,1.546875,3.0729454127317366,0.00421875,0.8380760216541099,0.054140625,10.755308944561078,11.651744341215188,1787,,,0.0436957244171441,Information
632104,11953.0,24247.22919,BRA,Brazil,Piauí,1.133611367,0.0,0.63,0.51,11953.0,11953.0,0.0,1.0,-9999.0,-9999.0,-9999.0,0.0,10.0,-999.9,-999.9,-999.9,-5979.4,0.0,0.0,0.0,0.0,0.0,0.0,0.0,0.0,0.0,0.0,0.0,-5979.4,9.148497879301168,22.672227340000003,0.0,,22.312,0.092,8.062,0.033,0.562,0.002,0.125,0.001,0.08062,0.033,0.00843,0.003,0.003125,0.0025,0.1306749999999999,63.0,0.2598235019381074,158.0625,0.6518786075411446,0.945,0.389735252907161,5.5321875,2.281575126394006,9.148497879301168,523607,,,0.0164024301995269,Information
632105,11954.0,429.585365,BRA,Brazil,Maranhão,2.933066068,0.0,0.63,0.51,11954.0,,,,,,,,,,,,,,,,,,,,,,,,,2.8678695121192845,58.66132136,0.0,,0.875,0.204,0.5,0.116,0.0,0.0,0.0,0.0,0.005,0.116,0.0,0.0,0.0,0.0,0.121,0.0,0.0,3.375,0.7856412891769384,0.0,0.0,0.118125,2.7497445121192845,2.8678695121192845,6399,,,0.0038126113913943,Information
632107,11956.0,301.4940405,BRA,Brazil,Piauí,2.870386006,0.0,0.63,0.51,11956.0,,,,,,,,,,,,,,,,,,,,,,,,,8.961131598597515,57.40772012,0.0,,0.812,0.269,0.562,0.187,0.0,0.0,0.0,0.0,0.00562,0.187,0.0,0.0,0.0,0.0,0.19262,0.421875,0.1399281389854828,7.3125,2.4254210757483685,0.006328125,0.2098922084782241,0.2559375,8.48897376511929,8.961131598597515,14485,,,0.0595246440744076,Information
632109,11958.0,9404.066976,BRA,Brazil,Piauí,1.7738878,0.0,0.63,0.51,11958.0,11958.0,0.0,1.0,-9999.0,-9999.0,-9999.0,0.0,10.0,-999.9,-999.9,-999.9,-5979.4,0.0,0.0,0.0,0.0,0.0,0.0,0.0,0.0,0.0,0.0,0.0,-5979.4,9.879994507755876,35.477756,0.0,,6.25,0.066,4.5,0.048,1.875,0.02,0.0,0.0,0.045,0.048,0.028125,0.03,0.0,0.0,0.151125,38.671875,0.4112250061330002,120.234375,1.2785359281589643,0.580078125,0.6168375091995003,4.208203125,4.474875748556375,9.879994507755876,327344,,,0.0302934592753587,Information
632201,11959.0,4537.75865,BRA,Brazil,Piauí,1.797081308,0.0,0.63,0.51,11959.0,11959.0,0.0,4.0,-9999.0,-9999.0,-9999.0,0.0,7.0,-999.9,-999.9,-999.9,-5985.4,0.0,0.0,0.0,0.0,0.0,0.0,0.0,0.0,0.0,0.0,0.0,-5985.4,0.5293665110584065,35.94162616,0.0,,,,,,,,,,,,,,,,,0.84375,0.0185939814157484,4.359375,0.0960689039813668,0.01265625,0.0278909721236225,0.152578125,0.3362411639347838,0.5293665110584065,633825,,,8.098555155470368e-07,Information
632202,11960.0,3874.557312,BRA,Brazil,Piauí,0.204266331,0.0,0.63,0.51,11960.0,,,,,,,,,,,,,,,,,,,,,,,,,0.31938,4.08532662,0.0,,14.0,0.361,8.438,0.218,0.125,0.003,0.125,0.003,0.08438,0.218,0.001875,0.0045,0.003125,0.0075,0.31938,0.84375,0.0217766813633912,0.84375,0.0217766813633912,0.01265625,0.0326650220450868,0.02953125,0.0762183847718692,0.151070906816956,72372,,,5.822872816553119e-09,Information
632203,11961.0,325.8195235,BRA,Brazil,Piauí,2.759584261,0.0,0.63,0.51,11961.0,11961.0,0.0,1.0,-9999.0,-9999.0,-9999.0,0.0,10.0,-999.9,-999.9,-999.9,-5979.4,0.0,0.0,0.0,0.0,0.0,0.0,0.0,0.0,0.0,0.0,0.0,-5979.4,0.5347997646446767,55.19168522,0.0,,,,,,,,,,,,,,,,,0.140625,0.043160397053723,0.421875,0.1294811911611692,0.002109375,0.0647405955805845,0.014765625,0.4531841690640922,0.5347997646446767,3616,,,4.749892283640422e-06,Information
632204,11962.0,16570.55979,BRA,Brazil,Piauí,0.521374394,0.0,0.63,0.51,11962.0,11962.0,0.0,7.0,-9999.0,-9999.0,-9999.0,0.0,4.0,-999.9,-999.9,-999.9,-5991.4,0.0,0.0,0.0,0.0,0.0,0.0,0.0,0.0,0.0,0.0,0.0,-5991.4,1.029358941801915,10.42748788,0.0,,28.188,0.17,17.75,0.107,0.625,0.004,0.0,0.0,0.1775,0.107,0.009375,0.006,0.0,0.0,0.299875,5.0625,0.030551170656887,16.171875,0.097594017376167,0.0759375,0.0458267559853304,0.566015625,0.3415790608165845,1.029358941801915,77382,,,3.98269109751787e-06,Information
632205,11963.0,11564.85092,BRA,Brazil,Piauí,0.693185499,0.0,0.63,0.51,11963.0,11963.0,0.0,1.0,-9999.0,-9999.0,-9999.0,0.0,10.0,-999.9,-999.9,-999.9,-5979.4,0.0,0.0,0.0,0.0,0.0,0.0,0.0,0.0,0.0,0.0,0.0,-5979.4,0.6398214317018144,13.86370998,0.0,,27.812,0.24,17.625,0.152,0.375,0.003,0.0,0.0,0.17625,0.152,0.005625,0.0045,0.0,0.0,0.338375,0.5625,0.0048638759295379,9.5625,0.082685890802145,0.0084375,0.0072958138943068,0.3346875,0.2894006178075075,0.6398214317018144,50285,,,4.731303900520183e-07,Information
632206,11964.0,3495.202717,BRA,Brazil,Ceará,0.226885857,0.0,0.63,0.51,11964.0,,,,,,,,,,,,,,,,,,,,,,,,,0.70811,4.53771714,0.0,,25.875,0.74,15.438,0.442,1.812,0.052,0.062,0.002,0.15438,0.442,0.02718,0.078,0.00155,0.005,0.70811,,,,,,,,,,85350,,,4.697926376481488e-07,Information
632207,11965.0,5938.333055,BRA,Brazil,Ceará,2.539640333,0.0,0.63,0.51,11965.0,,,,,,,,,,,,,,,,,,,,,,,,,1.1926910609403365,50.79280666,0.0,,11.188,0.188,4.75,0.08,1.25,0.021,0.188,0.003,0.0475,0.08,0.01875,0.0315,0.0046999999999999,0.0075,0.18995,1.40625,0.023680888004441,12.09375,0.2036556368381928,0.02109375,0.0355213320066615,0.42328125,0.7127947289336748,1.1926910609403365,93869,,,9.967937849096834e-05,Information
632208,11966.0,3656.712529,BRA,Brazil,Ceará,0.554688862,0.0,0.63,0.51,11966.0,,,,,,,,,,,,,,,,,,,,,,,,,0.7247645949838136,11.09377724,0.0,,4.438,0.121,4.062,0.111,0.0,0.0,0.0,0.0,0.04062,0.111,0.0,0.0,0.0,0.0,0.15162,0.140625,0.0038456673549551,5.484375,0.1499810268432517,0.002109375,0.0057685010324326,0.191953125,0.524933593951381,0.7247645949838136,20636,,,7.565773936747925e-07,Information
632209,11967.0,2352.63344,BRA,Brazil,Ceará,0.824723443,0.0,0.63,0.51,11967.0,,,,,,,,,,,,,,,,,,,,,,,,,0.8786477175837732,16.49446886,0.0,,4.562,0.194,2.438,0.104,0.0,0.0,0.0,0.0,0.02438,0.104,0.0,0.0,0.0,0.0,0.12838,0.0,0.0,4.78125,0.2032297050239352,0.0,0.0,0.16734375,0.7113039675837732,0.8786477175837732,52255,,,2.628213800663759e-06,Information
632300,11968.0,10376.04634,BRA,Brazil,Piauí,2.070440745,0.0,0.63,0.51,11968.0,11968.0,0.0,3.0,-9999.0,-9999.0,-9999.0,0.0,8.0,-999.9,-999.9,-999.9,-5983.4,0.0,0.0,0.0,0.0,0.0,0.0,0.0,0.0,0.0,0.0,0.0,-5983.4,1.956547549723909,41.4088149,0.0,,25.562,0.246,23.5,0.226,1.938,0.019,0.0,0.0,0.235,0.226,0.02907,0.0284999999999999,0.0,0.0,0.51857,4.078125,0.039303265091028,26.71875,0.2575041505963907,0.061171875,0.058954897636542,0.93515625,0.9012645270873676,1.956547549723909,587990,,,0.0003376659012911,Information
632402,11970.0,36246.77891,BRA,Brazil,Piauí,1.502371592,0.0,0.63,0.51,11970.0,11970.0,0.0,10.0,-9999.0,-9999.0,-9999.0,0.0,1.0,-999.9,-999.9,-999.9,-5993.4,0.0,0.0,0.0,0.0,0.0,0.0,0.0,0.0,0.0,0.0,0.0,-5993.4,1.9583862272036712,30.04743184,0.0,,,,,,,,,,,,,,,,,17.015625,0.0469438264925737,36.5625,0.100871032132803,0.255234375,0.0704157397388605,1.2796875,0.3530486124648105,1.9583862272036712,346862,,,0.0001746482584239,Information
632403,11971.0,4259.166373,BRA,Brazil,Piauí,1.244002555,0.0,0.63,0.51,11971.0,11971.0,0.0,1.0,-9999.0,-9999.0,-9999.0,0.0,10.0,-999.9,-999.9,-999.9,-5979.4,0.0,0.0,0.0,0.0,0.0,0.0,0.0,0.0,0.0,0.0,0.0,-5979.4,0.1224067634065914,24.8800511,0.0,,,,,,,,,,,,,,,,,0.140625,0.003301702438715,0.984375,0.0231119170710054,0.002109375,0.0049525536580725,0.034453125,0.0808917097485188,0.1224067634065914,13807,,,6.836500659620743e-11,Information
632404,11972.0,4983.769075,BRA,Brazil,Piauí,0.365510119,0.0,0.63,0.51,11972.0,,,,,,,,,,,,,,,,,,,,,,,,,0.431955,7.310202380000001,0.0,,3.188,0.064,3.188,0.064,3.375,0.068,2.438,0.049,0.03188,0.064,0.050625,0.102,0.06095,0.1225,0.431955,0.84375,0.0169299577738927,3.375,0.0677198310955709,0.01265625,0.025394936660839,0.118125,0.2370194088344981,0.3931955954953372,16492,,,3.9654804911859056e-08,Information
632406,11974.0,6597.158319,BRA,Brazil,Piauí,0.678457642,0.0,0.63,0.51,11974.0,,,,,,,,,,,,,,,,,,,,,,,,,0.130375,13.56915284,0.0,,8.188,0.124,3.125,0.047,1.375,0.021,0.0,0.0,0.03125,0.047,0.020625,0.0315,0.0,0.0,0.130375,,,,,,,,,,22389,,,4.1054563994191836e-11,Information
632409,11977.0,11580.39671,BRA,Brazil,Piauí,0.943190581,0.0,0.63,0.51,11977.0,,,,,,,,,,,,,,,,,,,,,,,,,0.4088115153824267,18.86381162,0.0,,13.75,0.119,6.438,0.056,5.062,0.044,0.938,0.008,0.0643799999999999,0.056,0.07593,0.066,0.02345,0.02,0.30576,1.828125,0.0157863762818689,5.484375,0.0473591288456067,0.027421875,0.0236795644228033,0.191953125,0.1657569509596234,0.4088115153824267,88639,,,6.094782054151702e-08,Information
632500,11978.0,14795.3334,BRA,Brazil,Piauí,1.879043015,0.0,0.63,0.51,11978.0,11978.0,0.0,2.0,-9999.0,-9999.0,-9999.0,0.0,9.0,-999.9,-999.9,-999.9,-5981.4,0.0,0.0,0.0,0.0,0.0,0.0,0.0,0.0,0.0,0.0,0.0,-5981.4,0.4642735666131582,37.5808603,0.0,,17.688,0.12,9.875,0.067,0.875,0.006,0.375,0.003,0.09875,0.067,0.013125,0.009,0.009375,0.0075,0.20475,1.40625,0.0095046861224953,7.3125,0.0494243678369758,0.02109375,0.0142570291837429,0.2559375,0.1729852874294153,0.4642735666131582,96324,,,4.763784257136978e-07,Information
632601,11979.0,1587.201598,BRA,Brazil,Piauí,2.449055651,0.0,0.63,0.51,11979.0,11979.0,0.0,1.0,-9999.0,-9999.0,-9999.0,0.0,10.0,-999.9,-999.9,-999.9,-5979.4,0.0,0.0,0.0,0.0,0.0,0.0,0.0,0.0,0.0,0.0,0.0,-5979.4,-5979.4,48.98111302,0.0,,,,,,,,,,,,,,,,,,,,,,,,,,3301,,,,
632605,11983.0,9594.284487,BRA,Brazil,Piauí,1.984327371,0.0,0.63,0.51,11983.0,,,,,,,,,,,,,,,,,,,,,,,,,0.9132853112686264,39.68654742,0.0,,15.812,0.165,3.75,0.039,3.0,0.031,0.0,0.0,0.0375,0.039,0.045,0.0465,0.0,0.0,0.1679999999999999,6.1875,0.0644915210560363,10.125,0.1055315799098777,0.0928125,0.0967372815840544,0.354375,0.3693605296845719,0.9132853112686264,60115,,,1.3931619395644318e-05,Information
632606,11984.0,4837.042029,BRA,Brazil,Piauí,1.073376501,0.0,0.63,0.51,11984.0,,,,,,,,,,,,,,,,,,,,,,,,,0.8368193834756282,21.46753002,0.0,,9.5,0.196,3.188,0.066,3.5,0.072,0.0,0.0,0.03188,0.066,0.0525,0.1079999999999999,0.0,0.0,0.2583799999999999,2.109375,0.0436087796501774,6.890625,0.1424553468572463,0.031640625,0.0654131694752661,0.241171875,0.4985937140003621,0.8368193834756282,10042,,,2.79066084878966e-06,Information
632607,11985.0,1609.350148,BRA,Brazil,Piauí,1.935421977,0.0,0.63,0.51,11985.0,,,,,,,,,,,,,,,,,,,,,,,,,1.724522331583456,38.70843954,0.0,,4.562,0.283,1.188,0.074,0.625,0.039,0.25,0.016,0.01188,0.074,0.009375,0.0584999999999999,0.00625,0.04,0.200005,3.796875,0.2359259732514901,5.203125,0.3233059633446346,0.056953125,0.3538889598772351,0.182109375,1.131570871706221,1.724522331583456,544,,,0.0001780196429794,Information
632609,11987.0,8767.835109,BRA,Brazil,Piauí,1.023502585,0.0,0.63,0.51,11987.0,,,,,,,,,,,,,,,,,,,,,,,,,1.0956850211041904,20.4700517,0.0,,29.188,0.333,6.188,0.071,1.25,0.014,0.25,0.003,0.06188,0.071,0.01875,0.021,0.00625,0.0075,0.18638,5.90625,0.0673626947427912,12.09375,0.1379331368542867,0.08859375,0.1010440421141868,0.42328125,0.4827659789900035,1.0956850211041904,37857,,,9.147078913839013e-06,Information
632700,11988.0,11536.31957,BRA,Brazil,Piauí,1.249734649,0.0,0.63,0.51,11988.0,,,,,,,,,,,,,,,,,,,,,,,,,10.632166466129938,24.994692980000004,0.0,,35.188,0.305,24.562,0.213,5.125,0.044,0.438,0.004,0.24562,0.213,0.076875,0.066,0.01095,0.01,0.6224450000000001,50.90625,0.441269416231861,140.90625,1.2214142405091843,0.76359375,0.6619041243477914,4.93171875,4.274949841782146,10.632166466129938,59655,,,0.0253698386735672,Information
632801,11989.0,140.90028,BRA,Brazil,Maranhão,0.615347896,0.0,0.63,0.51,11989.0,,,,,,,,,,,,,,,,,,,,,,,,,0.8602924610940674,12.30695792,0.0,,0.062,0.044,0.062,0.044,0.062,0.044,0.0,0.0,0.00062,0.044,0.0009299999999999,0.066,0.0,0.0,0.11155,0.140625,0.0998046277757726,0.28125,0.1996092555515453,0.002109375,0.1497069416636589,0.00984375,0.6986323944304085,0.8602924610940674,4603,,,1.879097154803614e-06,Information
632802,11990.0,16048.30396,BRA,Brazil,Piauí,1.114995637,0.0,0.63,0.51,11990.0,11990.0,0.0,1.0,-9999.0,-9999.0,-9999.0,0.0,10.0,-999.9,-999.9,-999.9,-5979.4,0.0,0.0,0.0,0.0,0.0,0.0,0.0,0.0,0.0,0.0,0.0,-5979.4,0.11268,22.29991274,0.0,,26.312,0.164,5.0,0.031,1.312,0.008,0.0,0.0,0.05,0.031,0.01968,0.012,0.0,0.0,0.11268,,,,,,,,,,10068,,,3.1580352616431296e-11,Information
632803,11991.0,10486.91591,BRA,Brazil,Piauí,1.616305018,0.0,0.63,0.51,11991.0,11991.0,0.0,1.0,-9999.0,-9999.0,-9999.0,0.0,10.0,-999.9,-999.9,-999.9,-5979.4,0.0,0.0,0.0,0.0,0.0,0.0,0.0,0.0,0.0,0.0,0.0,-5979.4,0.4477946896688859,32.32610036,0.0,,25.562,0.244,6.75,0.064,1.125,0.011,0.0,0.0,0.0675,0.064,0.016875,0.0165,0.0,0.0,0.164875,2.8125,0.0268191337017038,5.34375,0.0509563540332372,0.0421875,0.0402287005525557,0.18703125,0.1783472391163302,0.4477946896688859,21252,,,2.6089653925469217e-07,Information
632804,11992.0,3470.662352,BRA,Brazil,Piauí,0.725565911,0.0,0.63,0.51,11992.0,,,,,,,,,,,,,,,,,,,,,,,,,0.3192971096393032,14.51131822,0.0,,8.438,0.243,2.688,0.077,1.125,0.032,0.0,0.0,0.02688,0.077,0.016875,0.048,0.0,0.0,0.168755,0.5625,0.016207281000978,2.109375,0.0607773037536675,0.0084375,0.024310921501467,0.073828125,0.2127205631378362,0.3192971096393032,531,,,1.13523546421159e-08,Information
632805,11993.0,9914.315345,BRA,Brazil,Maranhão,1.805873409,0.0,0.63,0.51,11993.0,,,,,,,,,,,,,,,,,,,,,,,,,0.401185,36.11746818,0.0,,65.562,0.661,10.188,0.103,6.312,0.064,0.125,0.001,0.10188,0.103,0.09468,0.096,0.003125,0.0025,0.401185,0.703125,0.007092017708715,2.390625,0.024112860209631,0.010546875,0.0106380265630725,0.083671875,0.0843950107337085,0.189251787296781,21242,,,1.9851258541128058e-07,Information
632806,11994.0,5319.506503,BRA,Brazil,Maranhão,0.467151443,0.0,0.63,0.51,11994.0,,,,,,,,,,,,,,,,,,,,,,,,,0.36032,9.34302886,0.0,,58.688,1.103,5.5,0.103,4.688,0.088,0.0,0.0,0.055,0.103,0.07032,0.132,0.0,0.0,0.36032,,,,,,,,,,1421,,,1.620935919662608e-08,Information
632808,11996.0,3164.489634,BRA,Brazil,Piauí,1.487580948,0.0,0.63,0.51,11996.0,,,,,,,,,,,,,,,,,,,,,,,,,0.11975,29.75161896,0.0,,6.188,0.196,2.875,0.091,0.0,0.0,0.0,0.0,0.02875,0.091,0.0,0.0,0.0,0.0,0.11975,,,,,,,,,,11036,,,9.184851541349072e-11,Information
632900,11998.0,25703.32795,BRA,Brazil,Maranhão,1.537432671,0.0,0.63,0.51,11998.0,11998.0,0.0,1.0,-9999.0,-9999.0,-9999.0,0.0,10.0,-999.9,-999.9,-999.9,-5979.4,0.0,0.0,0.0,0.0,0.0,0.0,0.0,0.0,0.0,0.0,0.0,-5979.4,1.2590499999999998,30.74865342,0.0,,283.375,1.102,63.875,0.249,17.75,0.069,0.062,0.0,0.63875,0.249,0.26625,0.1035,0.00155,0.0,1.2590499999999998,3.375,0.0131305954122212,20.390625,0.0793306806155032,0.050625,0.0196958931183318,0.713671875,0.2776573821542612,1.061650150272593,174786,,,3.069735362661097e-05,Information
633010,11999.0,12660.27736,BRA,Brazil,Ceará,1.211957212,2.04922737,0.63,0.51,11999.0,,,,,,,,,,,,,,,,,,,,,,,,,10.999323453486186,24.23914424,40.9845474,,17.562,0.139,12.125,0.096,0.812,0.006,0.0,0.0,0.12125,0.096,0.01218,0.009,0.0,0.0,0.23843,108.140625,0.8541726368949373,129.234375,1.0207862851839369,1.622109375,1.281258955342406,4.523203125,3.572751998143779,10.999323453486186,395144,,,0.0464820091977176,Information
633020,12000.0,14611.15978,BRA,Brazil,Ceará,2.596104208,0.0,0.63,0.51,12000.0,,,,,,,,,,,,,,,,,,,,,,,,,6.910680108037862,51.92208416,0.0,,26.188,0.179,18.312,0.125,1.562,0.011,0.125,0.001,0.18312,0.125,0.02343,0.0165,0.003125,0.0025,0.353675,44.15625,0.3022090694683423,98.296875,0.6727520368100997,0.66234375,0.4533136042025134,3.440390625,2.3546321288353487,6.910680108037862,678265,,,0.026204742945203,Information
633031,12001.0,1973.524153,BRA,Brazil,Ceará,1.240433694,0.089611809,0.63,0.51,12001.0,,,,,,,,,,,,,,,,,,,,,,,,,0.9385010638952108,24.80867388,1.79223618,,5.062,0.257,3.375,0.171,0.688,0.035,0.062,0.003,0.03375,0.171,0.01032,0.0525,0.00155,0.0075,0.27662,3.09375,0.1567627127790422,3.09375,0.1567627127790422,0.04640625,0.2351440691685632,0.10828125,0.5486694947266477,0.9385010638952108,68605,,,5.839190184660759e-06,Information
633032,12002.0,3461.789347,BRA,Brazil,Ceará,2.127921815,0.0,0.63,0.51,12002.0,,,,,,,,,,,,,,,,,,,,,,,,,2.887344545896947,42.5584363,0.0,,8.188,0.237,7.312,0.211,0.062,0.002,0.0,0.0,0.07312,0.211,0.0009299999999999,0.003,0.0,0.0,0.28805,9.140625,0.264043362657768,17.296875,0.4996512862600842,0.137109375,0.396065043986652,0.605390625,1.7487795019102947,2.887344545896947,68232,,,0.0013929207130416,Information
633033,12003.0,3240.967239,BRA,Brazil,Ceará,0.612927147,0.0,0.63,0.51,12003.0,,,,,,,,,,,,,,,,,,,,,,,,,1.8499648518930671,12.258542939999998,0.0,,20.688,0.638,20.125,0.621,1.125,0.035,0.0,0.0,0.20125,0.621,0.016875,0.0525,0.0,0.0,0.891625,1.96875,0.0607457544301333,12.09375,0.3731524914993906,0.02953125,0.0911186316451999,0.42328125,1.3060337202478671,1.8499648518930671,229900,,,5.687292191403499e-05,Information
633034,12004.0,8591.193346,BRA,Brazil,Ceará,0.912670615,0.0,0.63,0.51,12004.0,,,,,,,,,,,,,,,,,,,,,,,,,4.37597866572467,18.2534123,0.0,,74.75,0.87,74.312,0.865,5.188,0.06,0.062,0.001,0.74312,0.865,0.07782,0.09,0.00155,0.0025,1.77999,9.140625,0.1063952891321999,53.859375,0.6269137805789627,0.137109375,0.1595929336982998,1.885078125,2.1941982320263698,4.37597866572467,304688,,,0.0017085289376563,Information
633035,12005.0,5527.481151,BRA,Brazil,Ceará,2.205358712,0.020708534,0.63,0.51,12005.0,,,,,,,,,,,,,,,,,,,,,,,,,3.298547568015397,44.107174240000006,0.41417068,,96.625,1.748,96.625,1.748,0.25,0.005,1.062,0.019,0.96625,1.748,0.00375,0.0075,0.02655,0.0475,2.7995499999999995,7.734375,0.1399258502884393,30.234375,0.5469828693093538,0.116015625,0.2098887754326589,1.058203125,1.9144400425827384,3.298547568015397,4228337,,,0.0023277363759389,Information
633036,12006.0,4768.482198,BRA,Brazil,Ceará,0.787778932,0.0,0.63,0.51,12006.0,,,,,,,,,,,,,,,,,,,,,,,,,2.4585677467491243,15.75557864,0.0,,12.5,0.262,12.5,0.262,0.438,0.009,0.375,0.008,0.125,0.262,0.00657,0.0134999999999999,0.009375,0.02,0.4364450000000001,7.3125,0.1533506826057652,19.546875,0.4099181708115647,0.1096875,0.2300260239086478,0.684140625,1.4347135978404764,2.4585677467491243,288807,,,0.0002045495381556,Information
633037,12007.0,513.7635479,BRA,Brazil,Ceará,0.807764002,0.0,0.63,0.51,12007.0,,,,,,,,,,,,,,,,,,,,,,,,,2.4173344415664904,16.15528004,0.0,,5.75,1.119,5.688,1.107,0.938,0.182,0.125,0.024,0.05688,1.107,0.01407,0.273,0.003125,0.06,1.5140750000000005,0.984375,0.1916007867972075,2.953125,0.5748023603916226,0.014765625,0.2874011801958112,0.103359375,2.011808261370679,2.4173344415664904,28281,,,0.0001953398042479,Information
633038,12008.0,4441.8897,BRA,Brazil,Ceará,0.187381158,0.633495202,0.63,0.51,12008.0,,,,,,,,,,,,,,,,,,,,,,,,,3.9663247739944727,3.74762316,12.66990404,,110.75,2.493,72.75,1.638,0.312,0.007,0.0,0.0,0.7275,1.638,0.00468,0.0105,0.0,0.0,2.38068,12.09375,0.2722658781712099,29.671875,0.6680011662107593,0.18140625,0.4083988172568148,1.038515625,2.3380040817376577,3.9663247739944727,66050,,,0.000994549155217,Information
633039,12009.0,23.89981593,BRA,Brazil,Ceará,0.0,1.708680443,0.63,0.51,12009.0,,,,,,,,,,,,,,,,,,,,,,,,,18.57869694268842,0.0,34.17360886,,0.062,0.262,0.062,0.262,0.062,0.262,0.0,0.0,0.00062,0.262,0.0009299999999999,0.393,0.0,0.0,0.65655,0.0,0.0,1.265625,5.295542876482406,0.0,0.0,0.044296875,18.53440006768842,18.57869694268842,4232,,,0.1029347246678143,Information
633041,12010.0,5298.784967,BRA,Brazil,Ceará,1.885829131,0.0,0.63,0.51,12010.0,,,,,,,,,,,,,,,,,,,,,,,,,10.239724276435844,37.71658262,0.0,,30.188,0.57,17.625,0.333,1.938,0.037,0.188,0.004,0.17625,0.333,0.02907,0.0554999999999999,0.0046999999999999,0.01,0.6085200000000001,33.328125,0.6289767410845738,87.046875,1.6427704756597097,0.499921875,0.9434651116268606,3.046640625,5.749696664808984,10.239724276435844,281379,,,0.035504450973684,Information
633042,12011.0,19692.76244,BRA,Brazil,Ceará,1.693318606,0.0,0.63,0.51,12011.0,12011.0,0.0,1.0,-9999.0,-9999.0,-9999.0,0.0,10.0,-999.9,-999.9,-999.9,-5979.4,0.0,0.0,0.0,0.0,0.0,0.0,0.0,0.0,0.0,0.0,0.0,-5979.4,5.4662489918954975,33.86637212,0.0,,13.0,0.066,12.125,0.062,1.188,0.006,0.0,0.0,0.12125,0.062,0.01782,0.009,0.0,0.0,0.21007,24.46875,0.1242525017803788,93.09375,0.4727307826356942,0.36703125,0.1863787526705682,3.25828125,1.6545577392249295,5.4662489918954975,426203,,,0.0063319312832186,Information
633043,12012.0,10488.37254,BRA,Brazil,Ceará,1.973856735,0.0,0.63,0.51,12012.0,12012.0,0.0,1.0,-9999.0,-9999.0,-9999.0,0.0,10.0,-999.9,-999.9,-999.9,-5979.4,0.0,0.0,0.0,0.0,0.0,0.0,0.0,0.0,0.0,0.0,0.0,-5979.4,14.17050500603596,39.4771347,0.0,,27.25,0.26,7.812,0.074,3.188,0.03,2.188,0.021,0.07812,0.074,0.04782,0.045,0.0547,0.0525,0.35214,78.046875,0.7441276013327434,173.8125,1.6571922797248124,1.170703125,1.116191401999115,6.0834375,5.800172979036844,14.17050500603596,171903,,,0.073270471289051,Information
633044,12013.0,13092.3582,BRA,Brazil,Ceará,0.636858112,0.0,0.63,0.51,12013.0,12013.0,0.0,4.0,-9999.0,-9999.0,-9999.0,0.0,7.0,-999.9,-999.9,-999.9,-5985.4,0.0,0.0,0.0,0.0,0.0,0.0,0.0,0.0,0.0,0.0,0.0,-5985.4,2.9528564981799983,12.73716224,0.0,,,,,,,,,,,,,,,,,11.53125,0.0880761878208818,42.890625,0.3276004546996216,0.17296875,0.1321142817313227,1.501171875,1.1466015914486758,2.9528564981799983,921863,,,0.0003544009709151,Information
633045,12014.0,5159.048019,BRA,Brazil,Ceará,2.417093816,0.0,0.63,0.51,12014.0,,,,,,,,,,,,,,,,,,,,,,,,,25.279842659921787,48.34187632,0.0,,9.812,0.19,8.188,0.159,6.438,0.125,5.25,0.102,0.08188,0.159,0.09657,0.1875,0.13125,0.255,0.9112,130.921875,2.5377138286837497,189.703125,3.6770955476846177,1.963828125,3.806570743025625,6.639609375,12.86983441689616,25.279842659921787,178063,,,0.2374157232906784,Information
633049,12018.0,9285.756027,BRA,Brazil,Ceará,0.366915657,0.0,0.63,0.51,12018.0,,,,,,,,,,,,,,,,,,,,,,,,,2.2386906954164534,7.33831314,0.0,,8.0,0.086,5.25,0.057,0.0,0.0,0.0,0.0,0.0525,0.057,0.0,0.0,0.0,0.0,0.1095,0.0,0.0,30.796875,0.3316571629761295,0.0,0.0,1.077890625,1.1608000704164534,2.2386906954164534,107211,,,9.840984115971256e-05,Information
633050,12019.0,18615.1699,BRA,Brazil,Rio Grande do Norte,1.72746582,3.007704698,0.63,0.51,12019.0,,,,,,,,,,,,,,,,,,,,,,,,,14.824816988687015,34.549316399999995,60.15409396,,405.688,2.179,327.938,1.762,2.062,0.011,1.125,0.006,3.27938,1.762,0.03093,0.0165,0.028125,0.015,5.131935,69.046875,0.3709172432116253,245.953125,1.3212510353913087,1.035703125,0.556375864817438,8.608359375,4.62437862386958,14.824816988687015,768649,,,0.1614007953914318,Information
633061,12020.0,7520.934702,BRA,Brazil,Rio Grande do Norte,2.044242134,1.768192852,0.63,0.51,12020.0,,,,,,,,,,,,,,,,,,,,,,,,,11.45464201542296,40.884842680000006,35.36385704,,115.625,1.537,94.125,1.252,4.25,0.057,9.875,0.131,0.94125,1.252,0.06375,0.0855,0.246875,0.3275,2.916875000000001,12.796875,0.1701500612122091,135.0,1.7949896567441843,0.191953125,0.2552250918183136,4.725,6.282463798604645,11.45464201542296,178266,,,0.0503891288028139,Information
633062,12021.0,9988.861944,BRA,Brazil,Rio Grande do Norte,2.002946577,0.0,0.63,0.51,12021.0,,,,,,,,,,,,,,,,,,,,,,,,,1.3352752829132015,40.05893154,0.0,,37.625,0.377,16.062,0.161,1.312,0.013,0.125,0.001,0.16062,0.161,0.01968,0.0195,0.003125,0.0025,0.366425,1.828125,0.0183016344633753,18.28125,0.1830163446337539,0.027421875,0.0274524516950629,0.63984375,0.6405572062181387,1.3352752829132015,307274,,,7.112458961007857e-05,Information
633063,12022.0,2271.135106,BRA,Brazil,Paraíba,1.527962288,0.0,0.63,0.51,12022.0,12022.0,0.0,2.0,-9999.0,-9999.0,-9999.0,0.0,9.0,-999.9,-999.9,-999.9,-5981.4,0.0,0.0,0.0,0.0,0.0,0.0,0.0,0.0,0.0,0.0,0.0,-5981.4,8.544049632671218,30.55924576,0.0,,4.75,0.209,2.062,0.091,1.062,0.047,1.0,0.044,0.02062,0.091,0.01593,0.0705,0.025,0.1099999999999999,0.3330499999999999,12.234375,0.5386898809847898,39.9375,1.7584819103411526,0.183515625,0.8080348214771846,1.3978125,6.154686686194034,8.544049632671218,63204,,,0.0180748830678348,Information
633065,12024.0,2919.340067,BRA,Brazil,Paraíba,1.591203368,0.0,0.63,0.51,12024.0,,,,,,,,,,,,,,,,,,,,,,,,,1.1761967680908594,31.82406736,0.0,,3.812,0.131,2.562,0.088,0.0,0.0,0.0,0.0,0.0256199999999999,0.088,0.0,0.0,0.0,0.0,0.11362,0.984375,0.0337190932626244,7.171875,0.2456676794848351,0.014765625,0.0505786398939366,0.251015625,0.8598368781969228,1.1761967680908594,96255,,,2.4556810018165197e-05,Information
633066,12025.0,6023.303185,BRA,Brazil,Paraíba,2.524064287,0.0,0.63,0.51,12025.0,,,,,,,,,,,,,,,,,,,,,,,,,5.304642158123871,50.48128574,0.0,,3.562,0.059,3.562,0.059,2.0,0.033,1.062,0.018,0.03562,0.059,0.03,0.0495,0.02655,0.045,0.24567,24.328125,0.4039000570207542,46.546875,0.7727798778836398,0.364921875,0.6058500855311313,1.629140625,2.7047295725927394,5.304642158123871,290763,,,0.0127491595986218,Information
633080,12038.0,19798.04465,BRA,Brazil,Paraíba,1.094912783,0.0,0.63,0.51,12038.0,12038.0,0.0,1.0,3.0,-9999.0,-9999.0,0.0,10.0,0.3,-999.9,-999.9,-3979.0,0.0,0.0,0.0,0.0,0.0,0.0,0.0,0.0,0.0,0.0,0.0,-3979.0,1.118595310442343,21.89825566,0.0,,75.625,0.382,36.938,0.187,0.625,0.003,0.062,0.0,0.36938,0.187,0.009375,0.0045,0.00155,0.0,0.5718050000000001,10.828125,0.0546929011902751,16.59375,0.0838150953305515,0.162421875,0.0820393517854126,0.58078125,0.2933528336569302,1.118595310442343,1398745,,,1.0884008099863453e-05,Information
633092,12039.0,7545.657104,BRA,Brazil,Pernambuco,3.001000603,0.0,0.63,0.51,12039.0,,,,,,,,,,,,,,,,,,,,,,,,,0.2133699999999999,60.02001206,0.0,,10.625,0.141,6.562,0.087,1.75,0.023,0.0,0.0,0.06562,0.087,0.02625,0.0345,0.0,0.0,0.2133699999999999,0.140625,0.0018636547892498,1.40625,0.0186365478924985,0.002109375,0.0027954821838747,0.04921875,0.0652279176237447,0.1193515248076194,1787863,,,8.334229086518523e-08,Information
633093,12040.0,7214.07131,BRA,Brazil,Pernambuco,3.683138265,0.024139243,0.63,0.51,12040.0,,,,,,,,,,,,,,,,,,,,,,,,,7.848667372720444,73.6627653,0.48278486,,13.875,0.192,8.812,0.122,4.562,0.063,0.0,0.0,0.0881199999999999,0.122,0.06843,0.0945,0.0,0.0,0.37305,18.140625,0.2514616812017688,86.203125,1.1949303145479402,0.272109375,0.3771925218026532,3.017109375,4.18225610091779,7.848667372720444,2746919,,,0.113016713062781,Information
633099,12046.0,4405.260352,BRA,Brazil,Alagoas,2.61873076,0.112229174,0.63,0.51,12046.0,,,,,,,,,,,,,,,,,,,,,,,,,14.538019700025488,52.3746152,2.24458348,,2.25,0.051,2.0,0.045,0.938,0.021,0.438,0.01,0.02,0.045,0.01407,0.0315,0.01095,0.025,0.14652,15.1875,0.3447582840748861,120.515625,2.7357208282609022,0.2278125,0.5171374261123292,4.218046875,9.575022898913158,14.538019700025488,474977,,,0.1176929849149102,Information
634112,12048.0,2691.773175,BRA,Brazil,Alagoas,0.051088918,0.0,0.63,0.51,12048.0,,,,,,,,,,,,,,,,,,,,,,,,,1.0774564908844602,1.02177836,0.0,,17.5,0.65,10.188,0.378,1.0,0.037,0.0,0.0,0.10188,0.378,0.015,0.0554999999999999,0.0,0.0,0.5503800000000001,1.125,0.0417940118589272,6.046875,0.2246428137417341,0.016875,0.0626910177883908,0.211640625,0.7862498480960693,1.0774564908844602,136511,,,3.0876514264278197e-06,Information
634113,12049.0,2370.314843,BRA,Brazil,Sergipe,0.543121676,0.0,0.63,0.51,12049.0,,,,,,,,,,,,,,,,,,,,,,,,,0.7889431627565894,10.862433520000002,0.0,,10.188,0.43,6.438,0.272,1.5,0.063,0.5,0.021,0.0643799999999999,0.272,0.0225,0.0945,0.0125,0.0525,0.5183800000000001,0.5625,0.0237310246607103,4.078125,0.1720499287901497,0.0084375,0.0355965369910654,0.142734375,0.602174750765524,0.7889431627565894,67011,,,1.1379505685284363e-06,Information
634114,12050.0,7935.267866,BRA,Brazil,Pernambuco,2.043498304,0.0,0.63,0.51,12050.0,,,,,,,,,,,,,,,,,,,,,,,,,0.2844669697610739,40.86996608,0.0,,12.0,0.151,3.312,0.042,4.875,0.061,0.125,0.002,0.03312,0.042,0.073125,0.0915,0.003125,0.005,0.2478699999999999,1.828125,0.0230379746580331,2.8125,0.0354430379354355,0.027421875,0.0345569619870496,0.0984375,0.1240506327740242,0.2844669697610739,328927,,,4.728054013932613e-08,Information
634115,12051.0,3709.399082,BRA,Brazil,Alagoas,0.797802801,0.0,0.63,0.51,12051.0,,,,,,,,,,,,,,,,,,,,,,,,,1.104425253821628,15.95605602,0.0,,18.438,0.497,14.688,0.396,2.0,0.054,0.5,0.013,0.14688,0.396,0.03,0.081,0.0125,0.0325,0.69888,1.546875,0.0417014984331195,7.875,0.2122985374776996,0.023203125,0.0625522476496792,0.275625,0.7430448811719487,1.104425253821628,146113,,,7.387552464314671e-06,Information
634116,12052.0,2392.417506,BRA,Brazil,Alagoas,1.049386285,0.0,0.63,0.51,12052.0,,,,,,,,,,,,,,,,,,,,,,,,,0.1169999999999999,20.9877257,0.0,,0.0,0.0,0.0,0.0,1.5,0.063,0.0,0.0,0.0,0.0,0.0225,0.0945,0.0,0.0,0.1169999999999999,,,,,,,,,,43520,,,3.630016979491931e-11,Information
634117,12053.0,5442.192287,BRA,Brazil,Bahia,4.029090638,0.0,0.63,0.51,12053.0,,,,,,,,,,,,,,,,,,,,,,,,,2.880943934072756,80.58181275999999,0.0,,20.25,0.372,13.625,0.25,9.25,0.17,1.25,0.023,0.13625,0.25,0.13875,0.255,0.03125,0.0574999999999999,0.86875,9.28125,0.1705424856631605,25.03125,0.4599479158794329,0.13921875,0.2558137284947407,0.87609375,1.6098177055780152,2.880943934072756,261344,,,0.0281896556238186,Information
634118,12054.0,9816.064834,BRA,Brazil,Pernambuco,0.749155428,0.0,0.63,0.51,12054.0,,,,,,,,,,,,,,,,,,,,,,,,,3.288808376400598,14.98310856,0.0,,39.125,0.399,23.312,0.237,9.0,0.092,0.062,0.001,0.23312,0.237,0.135,0.138,0.00155,0.0025,0.74717,18.703125,0.1905358747831503,38.53125,0.3925325540645352,0.280546875,0.2858038121747254,1.34859375,1.3738639392258731,3.288808376400598,218179,,,0.0005723259812046,Information
634119,12055.0,6221.529319,BRA,Brazil,Bahia,1.074258809,0.0,0.63,0.51,12055.0,,,,,,,,,,,,,,,,,,,,,,,,,6.491620309205041,21.48517618,0.0,,14.75,0.237,10.625,0.171,5.062,0.081,0.812,0.013,0.10625,0.171,0.07593,0.1215,0.0203,0.0325,0.52748,20.953125,0.3367841558579785,62.15625,0.9990509858337352,0.314296875,0.5051762337869677,2.17546875,3.496678450418073,6.491620309205041,54370,,,0.0063374517741053,Information
634120,12056.0,16951.89405,BRA,Brazil,Pernambuco,1.223565743,0.0,0.63,0.51,12056.0,,,,,,,,,,,,,,,,,,,,,,,,,2.0927119079917205,24.47131486,0.0,,65.062,0.384,34.312,0.202,15.25,0.09,0.438,0.003,0.34312,0.202,0.22875,0.135,0.01095,0.0075,0.92732,9.984375,0.0588982857557822,33.328125,0.196604136959442,0.149765625,0.0883474286336733,1.166484375,0.688114479358047,2.0927119079917205,357974,,,0.0001678611941215,Information
634130,12057.0,17407.36393,BRA,Brazil,Bahia,1.068004515,0.0,0.63,0.51,12057.0,,,,,,,,,,,,,,,,,,,,,,,,,4.491297311012905,21.3600903,0.0,,23.688,0.136,15.688,0.09,7.188,0.041,1.188,0.007,0.15688,0.09,0.10782,0.0615,0.0296999999999999,0.0175,0.4634,32.34375,0.1858049853502431,67.640625,0.3885747737107258,0.48515625,0.2787074780253646,2.367421875,1.3600117079875402,4.491297311012905,190679,,,0.0020999902538112,Information
634140,12058.0,13853.47848,BRA,Brazil,Pernambuco,0.818929942,0.0,0.63,0.51,12058.0,,,,,,,,,,,,,,,,,,,,,,,,,0.9019484112333404,16.378598840000002,0.0,,3.438,0.025,3.438,0.025,3.562,0.026,0.188,0.001,0.03438,0.025,0.05343,0.039,0.0046999999999999,0.0025,0.15901,5.0625,0.0365431686024168,12.796875,0.0923730095227758,0.0759375,0.0548147529036252,0.447890625,0.3233055333297153,0.9019484112333404,292635,,,2.9562075827158504e-06,Information
634150,12059.0,25834.59446,BRA,Brazil,Bahia,3.852405893,0.0,0.63,0.51,12059.0,12059.0,0.0,7.0,-9999.0,-9999.0,-9999.0,0.0,4.0,-999.9,-999.9,-999.9,-5992.4,0.0,0.0,0.0,0.0,0.0,0.0,0.0,0.0,0.0,0.0,0.0,-5992.4,5.003233252019834,77.04811785999999,0.0,,58.5,0.226,51.125,0.198,6.625,0.026,1.625,0.006,0.51125,0.198,0.099375,0.039,0.040625,0.015,0.90325,33.75,0.1306387838147213,88.59375,0.3429268075136436,0.50625,0.1959581757220819,3.10078125,1.2002438262977524,5.003233252019834,688024,,,0.063839884336815,Information
634160,12060.0,14528.27305,BRA,Brazil,Bahia,2.293586036,0.0,0.63,0.51,12060.0,12060.0,0.0,15.0,-9999.0,-9999.0,-9999.0,0.0,1.0,-999.9,-999.9,-999.9,-5997.4,0.0,0.0,0.0,0.0,0.0,0.0,0.0,0.0,0.0,0.0,0.0,-5997.4,-5997.4,45.871720720000006,0.0,,,,,,,,,,,,,,,,,,,,,,,,,,86087,,,,
634170,12061.0,21633.88976,BRA,Brazil,Bahia,2.951392197,0.0,0.63,0.51,12061.0,,,,,,,,,,,,,,,,,,,,,,,,,73.29791724109126,59.02784394,0.0,3.0,70.0,0.324,65.812,0.304,40.625,0.188,20.562,0.095,0.6581199999999999,0.304,0.609375,0.282,0.51405,0.2375,2.605045,903.9375,4.178340141512004,1141.734375,5.277527008235215,13.5590625,6.267510212268006,35.0,18.47134452882325,73.29791724109126,155710,12338.0,7.923704322137307,0.719595227481069,Watch
634180,12062.0,17699.5469,BRA,Brazil,Bahia,1.616103481,0.0,0.63,0.51,12062.0,,,,,,,,,,,,,,,,,,,,,,,,,6.437228452707016,32.32206962,0.0,,8.625,0.049,7.0,0.04,0.938,0.005,0.062,0.0,0.07,0.04,0.01407,0.0075,0.00155,0.0,0.13312,68.484375,0.386927277852416,88.171875,0.4981589388366834,1.027265625,0.580390916778624,3.086015625,1.743556285928392,6.437228452707016,133604,,,0.0093197829388209,Information
634191,12063.0,819.5867941,BRA,Brazil,Bahia,4.00912111,0.0,0.63,0.51,12063.0,,,,,,,,,,,,,,,,,,,,,,,,,55.9203125,80.18242219999999,0.0,3.0,10.562,1.289,10.562,1.289,8.375,1.022,6.625,0.808,0.1056199999999999,1.289,0.125625,1.533,0.165625,2.02,5.23887,98.71875,12.044941512967467,126.84375,15.476548781619169,1.48078125,15.0,4.43953125,35.0,55.9203125,11886,0.0,0.0,0.8502155650423618,Warning
634192,12064.0,13472.52853,BRA,Brazil,Bahia,1.454986849,0.0,0.63,0.51,12064.0,,,,,,,,,,,,,,,,,,,,,,,,,14.870522036679851,29.09973698,0.0,,31.188,0.231,28.938,0.215,21.438,0.159,16.438,0.122,0.2893799999999999,0.215,0.3215699999999999,0.2385,0.41095,0.305,1.7803999999999998,141.46875,1.050053445530922,183.234375,1.3600592838238486,2.12203125,1.575080168296383,6.413203125,4.76020749338347,14.870522036679851,27533,,,0.0591565663058616,Information
634193,12065.0,423.3151566,BRA,Brazil,Bahia,1.254210373,0.0,0.63,0.51,12065.0,,,,,,,,,,,,,,,,,,,,,,,,,54.81359375,25.08420746,0.0,,7.812,1.846,7.812,1.846,4.438,1.048,3.188,0.753,0.07812,1.846,0.06657,1.572,0.0797,1.8825,5.52489,78.75,18.603160969921365,103.78125,24.516308563932085,1.18125,15.0,3.63234375,35.0,54.81359375,0,,,0.3773582096734752,Advisory
634194,12066.0,11300.17244,BRA,Brazil,Bahia,1.485763247,0.0,0.63,0.51,12066.0,,,,,,,,,,,,,,,,,,,,,,,,,5.599603827187499,29.71526494,0.0,,5.938,0.053,4.438,0.039,1.75,0.015,0.625,0.006,0.0443799999999999,0.039,0.02625,0.0225,0.015625,0.015,0.1627549999999999,46.125,0.4081796119846153,65.109375,0.5761803669173076,0.691875,0.6122694179769229,2.278828125,2.016631284210576,5.599603827187499,206186,,,0.0057054221124339,Information
634195,12067.0,3106.422337,BRA,Brazil,Bahia,4.005539081,0.0,0.63,0.51,12067.0,12067.0,0.0,1.0,-9999.0,-9999.0,-9999.0,0.0,10.0,-999.9,-999.9,-999.9,-5979.4,0.0,0.0,0.0,0.0,0.0,0.0,0.0,0.0,0.0,0.0,0.0,-5979.4,10.433465062118392,80.11078162000001,0.0,,3.125,0.101,3.125,0.101,1.0,0.032,0.125,0.004,0.03125,0.101,0.015,0.048,0.003125,0.01,0.2083749999999999,29.671875,0.9551783942177882,57.9375,1.8650876702262027,0.445078125,1.4327675913266822,2.0278125,6.5278068457917096,10.433465062118392,7770,,,0.2594119596036244,Information
634197,12069.0,69.86925228,BRA,Brazil,Bahia,4.048142801,0.0,0.63,0.51,12069.0,,,,,,,,,,,,,,,,,,,,,,,,,35.36679482002352,80.96285602,0.0,3.0,0.875,1.252,0.875,1.252,0.062,0.089,0.0,0.0,0.00875,1.252,0.0009299999999999,0.1335,0.0,0.0,1.39518,3.234375,4.629182214816854,5.625,8.050751677942355,0.048515625,6.943773322225281,0.196875,28.17763087279824,35.36679482002352,0,0.0,0.0,0.7321674222537127,Watch
634199,12071.0,1257.315308,BRA,Brazil,Bahia,4.000371266,0.0,0.63,0.51,12071.0,,,,,,,,,,,,,,,,,,,,,,,,,8.794670504170561,80.00742532000001,0.0,,1.938,0.154,1.938,0.154,0.875,0.07,0.25,0.02,0.0193799999999999,0.154,0.013125,0.105,0.00625,0.05,0.347755,12.65625,1.0066090753405164,22.640625,1.8007117903313676,0.18984375,1.5099136130107746,0.792421875,6.3024912661597865,8.794670504170561,16091,,,0.2057618998028288,Information
634202,12073.0,23013.77649,BRA,Brazil,Bahia,2.009811242,0.0,0.63,0.51,12073.0,12073.0,0.0,1.0,-9999.0,-9999.0,-9999.0,0.0,10.0,-999.9,-999.9,-999.9,-5979.4,0.0,0.0,0.0,0.0,0.0,0.0,0.0,0.0,0.0,0.0,0.0,-5979.4,1.34675,40.19622484,0.0,,222.0,0.965,50.375,0.219,29.0,0.126,0.0,0.0,0.50375,0.219,0.435,0.189,0.0,0.0,1.34675,,,,,,,,,,53296,,,7.43068774298781e-05,Information
634203,12074.0,13531.84315,BRA,Brazil,Bahia,1.227918676,0.0,0.63,0.51,12074.0,12074.0,0.0,1.0,-9999.0,-9999.0,-9999.0,0.0,10.0,-999.9,-999.9,-999.9,-5979.4,0.0,0.0,0.0,0.0,0.0,0.0,0.0,0.0,0.0,0.0,0.0,-5979.4,0.8669174898615215,24.55837352,0.0,,,,,,,,,,,,,,,,,4.359375,0.0322156778863389,12.375,0.0914509565805752,0.065390625,0.0483235168295083,0.433125,0.3200783480320132,0.8669174898615215,44544,,,3.981604537574493e-06,Information
634204,12075.0,8308.341238,BRA,Brazil,Bahia,1.19554847,0.0,0.63,0.51,12075.0,,,,,,,,,,,,,,,,,,,,,,,,,0.7041900000000001,23.910969400000003,0.0,,84.5,1.017,22.312,0.269,6.438,0.077,0.0,0.0,0.22312,0.269,0.09657,0.1154999999999999,0.0,0.0,0.7041900000000001,1.828125,0.0220034895981148,5.765625,0.0693956210402082,0.027421875,0.0330052343971722,0.201796875,0.2428846736407287,0.505108658037901,43917,,,1.4162173286662404e-06,Information
634206,12077.0,5508.660681,BRA,Brazil,Bahia,1.056957929,0.0,0.63,0.51,12077.0,,,,,,,,,,,,,,,,,,,,,,,,,0.1415,21.13915858,0.0,,15.938,0.289,3.125,0.057,1.25,0.023,0.0,0.0,0.03125,0.057,0.01875,0.0345,0.0,0.0,0.1415,,,,,,,,,,82260,,,1.2815014609581958e-10,Information
634208,12079.0,6375.065948,BRA,Brazil,Bahia,0.125268066,0.0,0.63,0.51,12079.0,,,,,,,,,,,,,,,,,,,,,,,,,0.22237,2.5053613200000004,0.0,,24.188,0.379,5.312,0.083,2.25,0.035,0.0,0.0,0.05312,0.083,0.03375,0.0525,0.0,0.0,0.22237,0.421875,0.0066175786016078,1.6875,0.0264703144064313,0.006328125,0.0099263679024117,0.0590625,0.0926461004225095,0.1679630933249212,8942,,,5.889994316004495e-10,Information
634209,12080.0,5069.335962,BRA,Brazil,Bahia,0.762015259,0.0,0.63,0.51,12080.0,,,,,,,,,,,,,,,,,,,,,,,,,0.179,15.24030518,0.0,,22.062,0.435,5.25,0.104,0.5,0.01,0.0,0.0,0.0525,0.104,0.0075,0.015,0.0,0.0,0.179,,,,,,,,,,8428,,,3.632894840590914e-10,Information
634301,12081.0,1513.368911,BRA,Brazil,Bahia,3.690302783,0.0,0.63,0.51,12081.0,,,,,,,,,,,,,,,,,,,,,,,,,11.976895104851682,73.80605566,0.0,,3.5,0.231,3.5,0.231,0.875,0.058,0.0,0.0,0.035,0.231,0.013125,0.087,0.0,0.0,0.366125,20.953125,1.384535181999018,36.0,2.3787987019580443,0.314296875,2.076802772998527,1.26,8.325795456853156,11.976895104851682,5856,,,0.2169460394722898,Information
634302,12082.0,17266.81414,BRA,Brazil,Bahia,1.425705206,0.0,0.63,0.51,12082.0,12082.0,0.0,1.0,-9999.0,-9999.0,-9999.0,0.0,10.0,-999.9,-999.9,-999.9,-5979.4,0.0,0.0,0.0,0.0,0.0,0.0,0.0,0.0,0.0,0.0,0.0,-5979.4,0.2942392448579571,28.51410412,0.0,,,,,,,,,,,,,,,,,2.25,0.0130307767375646,4.359375,0.0252471299290315,0.03375,0.0195461651063469,0.152578125,0.0883649547516102,0.2942392448579571,149960,,,1.9773562240280925e-08,Information
634303,12083.0,2460.367611,BRA,Brazil,Bahia,3.511319875,0.0,0.63,0.51,12083.0,,,,,,,,,,,,,,,,,,,,,,,,,5.473148873212461,70.22639749999999,0.0,,2.438,0.099,2.438,0.099,0.625,0.025,0.062,0.003,0.02438,0.099,0.009375,0.0375,0.00155,0.0075,0.179305,14.625,0.5944233673573142,24.609375,1.0002316277647114,0.219375,0.8916350510359712,0.861328125,3.50081069717649,5.473148873212461,4821,,,0.0451546823043266,Information
634305,12085.0,2295.780659,BRA,Brazil,Bahia,3.01376062,0.0,0.63,0.51,12085.0,,,,,,,,,,,,,,,,,,,,,,,,,6.428235448280269,60.2752124,0.0,,3.312,0.144,3.312,0.144,1.312,0.057,0.062,0.003,0.03312,0.144,0.01968,0.0855,0.00155,0.0075,0.29135,17.015625,0.7411694550286027,27.0,1.1760705402106757,0.255234375,1.111754182542904,0.945,4.116246890737365,6.428235448280269,27016,,,0.0342825103284453,Information
634307,12087.0,869.6323839,BRA,Brazil,Bahia,2.401549658,0.0,0.63,0.51,12087.0,,,,,,,,,,,,,,,,,,,,,,,,,4.807275574332428,48.03099316,0.0,,1.0,0.115,1.0,0.115,0.25,0.029,0.0,0.0,0.01,0.115,0.00375,0.0435,0.0,0.0,0.17225,6.609375,0.7600194199949694,8.15625,0.9378963055257068,0.099140625,1.140029129992454,0.28546875,3.282637069339974,4.807275574332428,11334,,,0.0086441815710433,Information
634309,12089.0,5886.662067,BRA,Brazil,Bahia,1.916262033,0.0,0.63,0.51,12089.0,12089.0,0.0,1.0,-9999.0,-9999.0,-9999.0,0.0,10.0,-999.9,-999.9,-999.9,-5979.4,0.0,0.0,0.0,0.0,0.0,0.0,0.0,0.0,0.0,0.0,0.0,-5979.4,3.41181739872329,38.32524066,0.0,,3.25,0.055,3.25,0.055,1.0,0.017,1.812,0.031,0.0325,0.055,0.015,0.0255,0.0453,0.0775,0.2508,20.953125,0.3559423789318913,27.140625,0.4610528800929866,0.314296875,0.5339135683978369,0.949921875,1.6136850803254532,3.41181739872329,25871,,,0.001898030556335,Information
634404,12093.0,19771.29638,BRA,Brazil,Bahia,1.291728635,0.0,0.63,0.51,12093.0,,,,,,,,,,,,,,,,,,,,,,,,,1.48955,25.8345727,0.0,,272.812,1.38,44.062,0.223,36.562,0.185,0.0,0.0,0.4406199999999999,0.223,0.54843,0.2774999999999999,0.0,0.0,1.48955,0.984375,0.0049788085781265,4.078125,0.0206264926808098,0.014765625,0.0074682128671897,0.142734375,0.0721927243828343,0.237160937250024,32866,,,4.656554512818943e-05,Information
634406,12095.0,3677.183171,BRA,Brazil,Bahia,0.010803832,0.0,0.63,0.51,12095.0,,,,,,,,,,,,,,,,,,,,,,,,,0.60057,0.21607664,0.0,,31.625,0.86,8.75,0.238,4.938,0.134,0.0,0.0,0.0875,0.238,0.07407,0.201,0.0,0.0,0.60057,0.140625,0.0038242587724957,2.953125,0.080309434222411,0.002109375,0.0057363881587435,0.103359375,0.2810830197784385,0.3922881579371821,366,,,1.5863928196346253e-07,Information
634501,12099.0,3327.667722,BRA,Brazil,Bahia,2.796169847,0.0,0.63,0.51,12099.0,12099.0,0.0,1.0,-9999.0,-9999.0,-9999.0,0.0,10.0,-999.9,-999.9,-999.9,-5979.4,0.0,0.0,0.0,0.0,0.0,0.0,0.0,0.0,0.0,0.0,0.0,-5979.4,7.966722496194425,55.92339694,0.0,,6.312,0.19,6.312,0.19,0.812,0.024,0.188,0.006,0.06312,0.19,0.01218,0.036,0.0046999999999999,0.015,0.321,31.21875,0.9381570699223488,43.453125,1.305813218945972,0.46828125,1.4072356048835233,1.520859375,4.570346266310902,7.966722496194425,97780,,,0.0435723246696262,Information
634502,12100.0,3683.388832,BRA,Brazil,Bahia,1.253156168,0.0,0.63,0.51,12100.0,,,,,,,,,,,,,,,,,,,,,,,,,0.27768,25.06312336,0.0,,6.25,0.17,6.25,0.17,0.812,0.022,0.0,0.0,0.0625,0.17,0.01218,0.033,0.0,0.0,0.27768,0.28125,0.0076356315568053,0.703125,0.0190890788920132,0.00421875,0.0114534473352079,0.024609375,0.0668117761220462,0.1070933484572541,17375,,,1.0846188602893925e-08,Information
634503,12101.0,230.649643,BRA,Brazil,Bahia,3.750077478,0.0,0.63,0.51,12101.0,,,,,,,,,,,,,,,,,,,,,,,,,11.352312794385869,75.00154956,0.0,,0.875,0.379,0.875,0.379,0.125,0.054,0.0,0.0,0.00875,0.379,0.001875,0.081,0.0,0.0,0.470625,3.9375,1.7071346606747486,5.625,2.438763800963927,0.0590625,2.560701991012123,0.196875,8.535673303373745,11.352312794385869,1764,,,0.2149413637363931,Information
634505,12103.0,139.249495,BRA,Brazil,Bahia,3.54068665,0.0,0.63,0.51,12103.0,,,,,,,,,,,,,,,,,,,,,,,,,13.976787672269976,70.813733,0.0,,0.438,0.314,0.438,0.314,0.125,0.09,0.0,0.0,0.00438,0.314,0.001875,0.135,0.0,0.0,0.455255,2.953125,2.120743776503073,4.21875,3.0296339664329617,0.044296875,3.1811156647546097,0.14765625,10.603718882515366,13.976787672269976,139,,,0.2307739635110219,Information
634507,12105.0,1688.774114,BRA,Brazil,Bahia,3.085505159,0.0,0.63,0.51,12105.0,12105.0,0.0,1.0,-9999.0,-9999.0,-9999.0,0.0,10.0,-999.9,-999.9,-999.9,-5979.4,0.0,0.0,0.0,0.0,0.0,0.0,0.0,0.0,0.0,0.0,0.0,-5979.4,7.0761063087464695,61.71010318,0.0,,2.562,0.152,2.562,0.152,0.562,0.033,0.0,0.0,0.0256199999999999,0.152,0.00843,0.0495,0.0,0.0,0.2355499999999999,17.296875,1.0242266777521536,21.796875,1.2906921548909254,0.259453125,1.5363400166282304,0.762890625,4.517422542118239,7.0761063087464695,30139,,,0.0456612628136127,Information
634508,12106.0,17322.79897,BRA,Brazil,Bahia,2.779621465,0.0,0.63,0.51,12106.0,12106.0,0.0,1.0,-9999.0,-9999.0,-9999.0,0.0,10.0,-999.9,-999.9,-999.9,-5979.4,0.0,0.0,0.0,0.0,0.0,0.0,0.0,0.0,0.0,0.0,0.0,-5979.4,0.73382,55.5924293,0.0,,104.875,0.605,32.75,0.189,9.188,0.053,0.0,0.0,0.3275,0.189,0.13782,0.0795,0.0,0.0,0.73382,,,,,,,,,,39546,,,2.0400050913525574e-05,Information
634509,12107.0,2088.129452,BRA,Brazil,Minas Gerais,2.018406012,0.0,0.63,0.51,12107.0,,,,,,,,,,,,,,,,,,,,,,,,,4.233188058979602,40.36812024,0.0,,1.062,0.051,1.062,0.051,0.562,0.027,0.0,0.0,0.01062,0.051,0.00843,0.0405,0.0,0.0,0.11055,13.640625,0.6532461379250412,15.046875,0.7205911005977258,0.204609375,0.9798692068875616,0.526640625,2.5220688520920405,4.233188058979602,8020,,,0.004081710789515,Information
634602,12109.0,6065.287982,BRA,Brazil,Minas Gerais,1.737041108,0.0,0.63,0.51,12109.0,,,,,,,,,,,,,,,,,,,,,,,,,1.1397800492324734,34.74082216,0.0,,3.125,0.052,3.125,0.052,1.562,0.026,0.438,0.007,0.03125,0.052,0.02343,0.039,0.01095,0.0175,0.17413,7.03125,0.1159260701360251,9.28125,0.1530224125795531,0.10546875,0.1738891052040376,0.32484375,0.5355784440284358,1.1397800492324734,56830,,,2.588032132892994e-05,Information
634701,12117.0,11867.17876,BRA,Brazil,Minas Gerais,1.150596054,0.0,0.63,0.51,12117.0,12117.0,0.0,1.0,-9999.0,-9999.0,-9999.0,0.0,10.0,-999.9,-999.9,-999.9,-5979.4,0.0,0.0,0.0,0.0,0.0,0.0,0.0,0.0,0.0,0.0,0.0,-5979.4,7.64934342435553,23.01192108,0.0,,8.25,0.07,8.25,0.07,2.938,0.025,0.062,0.001,0.0825,0.07,0.04407,0.0375,0.00155,0.0025,0.23812,71.015625,0.5984204536922573,88.171875,0.7429893553763273,1.065234375,0.8976306805383859,3.086015625,2.600462743817145,7.64934342435553,150512,,,0.0104709368268112,Information
634703,12119.0,539.3770986,BRA,Brazil,Minas Gerais,1.544489249,0.0,0.63,0.51,12119.0,,,,,,,,,,,,,,,,,,,,,,,,,7.542708521845871,30.88978498,0.0,,0.688,0.127,0.688,0.127,0.125,0.023,0.0,0.0,0.00688,0.127,0.001875,0.0345,0.0,0.0,0.170255,5.0625,0.9385826749961796,8.859375,1.6425196812433145,0.0759375,1.4078740124942697,0.310078125,5.748818884351601,7.542708521845871,128,,,0.0133758729422558,Information
634708,12124.0,25322.71167,BRA,Brazil,Minas Gerais,0.954742368,0.0,0.63,0.51,12124.0,12124.0,0.0,1.0,-9999.0,-9999.0,-9999.0,0.0,10.0,-999.9,-999.9,-999.9,-5979.4,0.0,0.0,0.0,0.0,0.0,0.0,0.0,0.0,0.0,0.0,0.0,-5979.4,1.241681103076564,19.09484736,0.0,,112.25,0.443,38.688,0.153,6.375,0.025,0.0,0.0,0.38688,0.153,0.095625,0.0375,0.0,0.0,0.673005,4.21875,0.016659945643439,23.625,0.0932956956032587,0.06328125,0.0249899184651585,0.826875,0.3265349346114055,1.241681103076564,81208,,,1.4781201925907349e-05,Information
634709,12125.0,3773.698644,BRA,Brazil,Minas Gerais,0.696703596,0.0,0.63,0.51,12125.0,12125.0,0.0,1.0,-9999.0,-9999.0,-9999.0,0.0,10.0,-999.9,-999.9,-999.9,-5979.4,0.0,0.0,0.0,0.0,0.0,0.0,0.0,0.0,0.0,0.0,0.0,-5979.4,3.757136533488744,13.93407192,0.0,,18.875,0.5,5.5,0.146,0.125,0.003,0.0,0.0,0.055,0.146,0.001875,0.0045,0.0,0.0,0.2073749999999999,10.546875,0.2794837636771254,24.890625,0.659581682278016,0.158203125,0.4192256455156881,0.871171875,2.308535887973056,3.757136533488744,52834,,,0.0008697077577712,Information
634801,12126.0,4226.446986,BRA,Brazil,Minas Gerais,0.853977437,0.0,0.63,0.51,12126.0,12126.0,0.0,1.0,-9999.0,-9999.0,-9999.0,0.0,10.0,-999.9,-999.9,-999.9,-5979.4,0.0,0.0,0.0,0.0,0.0,0.0,0.0,0.0,0.0,0.0,0.0,-5979.4,1.628328416747331,17.07954874,0.0,,,,,,,,,,,,,,,,,1.40625,0.0332726283938177,13.21875,0.312762706901887,0.02109375,0.0499089425907265,0.46265625,1.0946694741566043,1.628328416747331,2934,,,4.241507342564524e-05,Information
634805,12130.0,2786.622883,BRA,Brazil,Minas Gerais,1.234667161,0.0,0.63,0.51,12130.0,12130.0,0.0,1.0,-9999.0,-9999.0,-9999.0,0.0,10.0,-999.9,-999.9,-999.9,-5979.4,0.0,0.0,0.0,0.0,0.0,0.0,0.0,0.0,0.0,0.0,0.0,-5979.4,0.4516876673837605,24.69334322,0.0,,,,,,,,,,,,,,,,,0.0,0.0,2.8125,0.100928619252503,0.0,0.0,0.0984375,0.3532501673837605,0.4516876673837605,17459,,,1.5576653360163304e-07,Information
634806,12131.0,18431.39743,BRA,Brazil,Minas Gerais,0.610550751,0.0,0.63,0.51,12131.0,12131.0,0.0,1.0,-9999.0,-9999.0,-9999.0,0.0,10.0,-999.9,-999.9,-999.9,-5979.4,0.0,0.0,0.0,0.0,0.0,0.0,0.0,0.0,0.0,0.0,0.0,-5979.4,2.4154202293937126,12.21101502,0.0,,182.938,0.993,98.0,0.532,1.625,0.009,0.062,0.0,0.98,0.532,0.024375,0.0134999999999999,0.00155,0.0,1.551425,2.671875,0.0144963235145761,43.59375,0.2365189626062424,0.040078125,0.0217444852718641,1.52578125,0.8278163691218483,2.4154202293937126,178043,,,0.0001634069182794,Information
634807,12132.0,7258.050086,BRA,Brazil,Minas Gerais,0.621203005,0.0,0.63,0.51,12132.0,,,,,,,,,,,,,,,,,,,,,,,,,2.8940189589681355,12.4240601,0.0,,20.875,0.288,4.625,0.064,0.0,0.0,0.0,0.0,0.04625,0.064,0.0,0.0,0.0,0.0,0.11025,6.328125,0.0871876733432306,32.0625,0.4417508782723685,0.094921875,0.1307815100148459,1.1221875,1.5461280739532897,2.8940189589681355,94861,,,0.0003249810271642,Information
634808,12133.0,1664.958799,BRA,Brazil,Distrito Federal,1.029322206,0.0,0.63,0.51,12133.0,,,,,,,,,,,,,,,,,,,,,,,,,0.4138010079631445,20.58644412,0.0,,21.188,1.273,2.438,0.146,0.0,0.0,0.0,0.0,0.02438,0.146,0.0,0.0,0.0,0.0,0.17038,0.0,0.0,1.6875,0.1013538594180413,0.0,0.0,0.0590625,0.3547385079631445,0.4138010079631445,99422,,,7.319657438823123e-08,Information
634809,12134.0,1441.723819,BRA,Brazil,Goiás,0.223391486,0.0,0.63,0.51,12134.0,,,,,,,,,,,,,,,,,,,,,,,,,1.7075103833596472,4.46782972,0.0,,20.5,1.422,2.0,0.139,2.062,0.143,0.0,0.0,0.02,0.139,0.03093,0.2144999999999999,0.0,0.0,0.4044299999999999,2.53125,0.1755710745128997,5.0625,0.3511421490257994,0.03796875,0.2633566117693495,0.1771875,1.2289975215902975,1.7075103833596472,2671,,,2.855714470432045e-05,Information
634910,12135.0,7237.620977,BRA,Brazil,Minas Gerais,0.845640764,0.0,0.63,0.51,12135.0,12135.0,0.0,8.0,-9999.0,-9999.0,-9999.0,0.0,3.0,-999.9,-999.9,-999.9,-5993.4,0.0,0.0,0.0,0.0,0.0,0.0,0.0,0.0,0.0,0.0,0.0,-5993.4,1.4719833783729026,16.91281528,0.0,,,,,,,,,,,,,,,,,1.828125,0.0252586451509618,16.875,0.2331567244704171,0.027421875,0.0378879677264427,0.590625,0.8160485356464598,1.4719833783729026,50380,,,2.75018672739517e-05,Information
634940,12138.0,27990.19341,BRA,Brazil,Minas Gerais,0.597433163,0.0,0.63,0.51,12138.0,12138.0,0.0,7.0,-9999.0,-9999.0,-9999.0,0.0,4.0,-999.9,-999.9,-999.9,-5991.4,0.0,0.0,0.0,0.0,0.0,0.0,0.0,0.0,0.0,0.0,0.0,-5991.4,1.1518751657671804,11.94866326,0.0,,,,,,,,,,,,,,,,,1.125,0.0040192648320421,23.765625,0.0849069695768906,0.016875,0.0060288972480631,0.831796875,0.2971743935191171,1.1518751657671804,4779620,,,7.237522674580462e-06,Information
634950,12139.0,5424.634678,BRA,Brazil,Minas Gerais,3.553141858,0.0,0.63,0.51,12139.0,12139.0,0.0,15.0,-9999.0,-9999.0,-9999.0,0.0,1.0,-999.9,-999.9,-999.9,-5997.4,0.0,0.0,0.0,0.0,0.0,0.0,0.0,0.0,0.0,0.0,0.0,-5997.4,1.063625064486766,71.06283716,0.0,,,,,,,,,,,,,,,,,0.0,0.0,10.6875,0.1970178755676474,0.0,0.0,0.3740625,0.6895625644867659,1.063625064486766,82449,,,0.0004775256633385,Information
634980,12142.0,29460.81494,BRA,Brazil,Minas Gerais,1.850603626,0.0,0.63,0.51,12142.0,12142.0,0.0,6.0,-9999.0,-9999.0,-9999.0,0.0,5.0,-999.9,-999.9,-999.9,-5989.4,0.0,0.0,0.0,0.0,0.0,0.0,0.0,0.0,0.0,0.0,0.0,-5989.4,8.100331294580526,37.01207252,0.0,,,,,,,,,,,,,,,,,26.15625,0.0887831855695797,161.578125,0.548450968921759,0.39234375,0.1331747783543695,5.655234375,1.9195783912261568,8.100331294580526,1216233,,,0.0201316173367682,Information
635110,12144.0,5885.186644,BRA,Brazil,Sergipe,2.66810672,1.115930152,0.63,0.51,12144.0,,,,,,,,,,,,,,,,,,,,,,,,,21.43824869972136,53.3621344,22.31860304,,15.312,0.26,12.875,0.219,2.688,0.046,0.875,0.015,0.12875,0.219,0.04032,0.069,0.021875,0.0375,0.516445,70.453125,1.197126433881091,196.734375,3.342874013971349,1.056796875,1.7956896508216365,6.885703125,11.70005904889972,21.43824869972136,1389074,,,0.2185097352232914,Information
635120,12145.0,16250.18001,BRA,Brazil,Bahia,1.182517049,1.021948446,0.63,0.51,12145.0,12145.0,0.0,11.0,-9999.0,-9999.0,-9999.0,0.0,1.0,-999.9,-999.9,-999.9,-5997.4,0.0,0.0,0.0,0.0,0.0,0.0,0.0,0.0,0.0,0.0,0.0,-5997.4,4.448977619535768,23.650340980000003,20.43896892,,38.812,0.239,28.25,0.174,8.562,0.053,0.688,0.004,0.2825,0.174,0.12843,0.0795,0.0171999999999999,0.01,0.69163,33.328125,0.205093881901954,64.40625,0.3963417633379534,0.499921875,0.307640822852931,2.25421875,1.387196171682837,4.448977619535768,334089,,,0.0022370139252435,Information
635130,12146.0,9625.667122,BRA,Brazil,Sergipe,0.439918003,1.043118483,0.63,0.51,12146.0,,,,,,,,,,,,,,,,,,,,,,,,,17.568692640454337,8.79836006,20.86236966,,8.625,0.09,6.938,0.072,3.125,0.032,0.562,0.006,0.06938,0.072,0.046875,0.048,0.01405,0.015,0.265305,76.359375,0.7932891718713512,213.46875,2.217703430756374,1.145390625,1.1899337578070268,7.47140625,7.761962007647309,17.568692640454337,579265,,,0.066153040199851,Information
635141,12147.0,5530.182479,BRA,Brazil,Bahia,1.372774902,0.0,0.63,0.51,12147.0,12147.0,0.0,15.0,-9999.0,-9999.0,-9999.0,0.0,1.0,-999.9,-999.9,-999.9,-5997.4,0.0,0.0,0.0,0.0,0.0,0.0,0.0,0.0,0.0,0.0,0.0,-5997.4,1.1215482763569318,27.45549804,0.0,,,,,,,,,,,,,,,,,2.671875,0.0483144093337384,10.265625,0.1856290463875212,0.040078125,0.0724716140006076,0.359296875,0.6497016623563242,1.1215482763569318,107250,,,1.5264095573726242e-05,Information
635143,12149.0,3980.678711,BRA,Brazil,Bahia,1.54207258,0.0,0.63,0.51,12149.0,,,,,,,,,,,,,,,,,,,,,,,,,0.1728628659152223,30.8414516,0.0,,2.938,0.074,2.938,0.074,0.25,0.006,0.0,0.0,0.02938,0.074,0.00375,0.009,0.0,0.0,0.11613,0.0,0.0,1.40625,0.0353268902614921,0.0,0.0,0.04921875,0.1236441159152223,0.1728628659152223,135893,,,1.0385596681269156e-09,Information
635144,12150.0,1952.099022,BRA,Brazil,Bahia,0.001285501,0.0,0.63,0.51,12150.0,,,,,,,,,,,,,,,,,,,,,,,,,1.898512530965861,0.02571002,0.0,,5.25,0.269,3.688,0.189,1.875,0.096,0.0,0.0,0.03688,0.189,0.028125,0.144,0.0,0.0,0.398005,0.0,0.0,8.859375,0.4538384017045317,0.0,0.0,0.310078125,1.588434405965861,1.898512530965861,86441,,,3.687648377688869e-05,Information
635145,12151.0,7063.178938,BRA,Brazil,Bahia,0.719409628,0.0,0.63,0.51,12151.0,,,,,,,,,,,,,,,,,,,,,,,,,0.4552260121479778,14.38819256,0.0,,4.0,0.057,3.625,0.051,5.562,0.079,0.0,0.0,0.03625,0.051,0.08343,0.1185,0.0,0.0,0.28918,2.390625,0.0338463037799673,4.359375,0.0617197304222934,0.035859375,0.0507694556699509,0.152578125,0.2160190564780269,0.4552260121479778,111785,,,8.16991604804965e-08,Information
635146,12152.0,3248.92468,BRA,Brazil,Bahia,3.424254707,0.0,0.63,0.51,12152.0,,,,,,,,,,,,,,,,,,,,,,,,,1.528272282951106,68.48509414,0.0,,25.875,0.796,20.938,0.644,4.188,0.129,0.625,0.019,0.2093799999999999,0.644,0.06282,0.1935,0.015625,0.0475,1.1728250000000002,4.640625,0.1428357212472289,8.71875,0.2683580217372179,0.069609375,0.2142535818708433,0.30515625,0.9392530760802626,1.528272282951106,31116,,,0.0012377394945368,Information
635147,12153.0,1807.153469,BRA,Brazil,Bahia,0.331496619,0.0,0.63,0.51,12153.0,12153.0,0.0,10.0,-9999.0,-9999.0,-9999.0,0.0,1.0,-999.9,-999.9,-999.9,-5997.4,0.0,0.0,0.0,0.0,0.0,0.0,0.0,0.0,0.0,0.0,0.0,-5997.4,1.21312,6.62993238,0.0,,7.25,0.401,6.75,0.374,6.938,0.384,0.562,0.031,0.0675,0.374,0.10407,0.5760000000000001,0.01405,0.0775,1.21312,1.125,0.0622525988760244,1.6875,0.0933788983140366,0.016875,0.0933788983140365,0.0590625,0.3268261440991281,0.4961425424131647,69522,,,7.015507856364806e-06,Information
635148,12154.0,6646.347681,BRA,Brazil,Bahia,1.190617072,0.0,0.63,0.51,12154.0,,,,,,,,,,,,,,,,,,,,,,,,,0.5969914936538359,23.81234144,0.0,,19.875,0.299,16.625,0.25,1.75,0.026,0.0,0.0,0.16625,0.25,0.02625,0.039,0.0,0.0,0.4815,2.109375,0.0317373556330828,5.90625,0.0888645957726319,0.031640625,0.0476060334496242,0.20671875,0.3110260852042116,0.5969914936538359,203594,,,6.202648114938666e-07,Information
635149,12155.0,3525.115857,BRA,Brazil,Bahia,2.997487279,0.0,0.63,0.51,12155.0,,,,,,,,,,,,,,,,,,,,,,,,,0.890254296960421,59.94974558,0.0,,11.312,0.321,9.625,0.273,4.312,0.122,0.062,0.002,0.09625,0.273,0.06468,0.183,0.00155,0.005,0.62348,2.671875,0.0757953811651394,5.484375,0.1555799929179177,0.040078125,0.1136930717477091,0.191953125,0.544529975212712,0.890254296960421,86709,,,7.050693292987168e-05,Information
635150,12156.0,17027.42425,BRA,Brazil,Bahia,4.022189738,0.437755309,0.63,0.51,12156.0,,,,,,,,,,,,,,,,,,,,,,,,,13.338054515206007,80.44379476,8.75510618,,34.312,0.202,24.5,0.144,9.625,0.057,2.875,0.017,0.245,0.144,0.144375,0.0855,0.071875,0.0425,0.7332500000000001,44.71875,0.2626278017882202,220.921875,1.2974474107210503,0.67078125,0.3939417026823303,7.732265625,4.541065937523676,13.338054515206007,5050228,,,0.3509816934769525,Advisory
635161,12157.0,695.4907868,BRA,Brazil,Bahia,3.79223713,0.0,0.63,0.51,12157.0,,,,,,,,,,,,,,,,,,,,,,,,,8.736816962647755,75.8447426,0.0,,0.188,0.027,0.125,0.018,0.188,0.027,0.188,0.027,0.00125,0.018,0.00282,0.0405,0.0046999999999999,0.0675,0.13477,1.125,0.1617562764880743,15.75,2.264587870833041,0.016875,0.2426344147321114,0.55125,7.926057547915644,8.736816962647755,151870,,,0.1545871514860419,Information
635162,12158.0,12403.98422,BRA,Brazil,Bahia,0.435106778,0.0,0.63,0.51,12158.0,12158.0,0.0,13.0,-9999.0,-9999.0,-9999.0,0.0,1.0,-999.9,-999.9,-999.9,-5997.4,0.0,0.0,0.0,0.0,0.0,0.0,0.0,0.0,0.0,0.0,0.0,-5997.4,1.1048818650997627,8.70213556,0.0,,10.0,0.081,9.438,0.076,12.562,0.101,1.125,0.009,0.09438,0.076,0.18843,0.1515,0.028125,0.0225,0.560935,2.390625,0.0192730412797608,16.453125,0.1326438723371776,0.035859375,0.0289095619196411,0.575859375,0.4642535531801215,1.1048818650997627,620192,,,5.064784200949856e-06,Information
635163,12159.0,3886.924117,BRA,Brazil,Bahia,0.316468496,0.0,0.63,0.51,12159.0,12159.0,0.0,15.0,-9999.0,-9999.0,-9999.0,0.0,1.0,-999.9,-999.9,-999.9,-5997.4,0.0,0.0,0.0,0.0,0.0,0.0,0.0,0.0,0.0,0.0,0.0,-5997.4,1.1429939633906243,6.32936992,0.0,,4.688,0.121,2.0,0.051,2.062,0.053,1.062,0.027,0.02,0.051,0.03093,0.0795,0.02655,0.0675,0.27548,0.0,0.0,9.140625,0.2351634538258927,0.0,0.0,0.319921875,0.8230720883906245,1.1429939633906243,115901,,,5.261603889414096e-06,Information
635164,12160.0,4841.270693,BRA,Brazil,Bahia,0.946923561,0.0,0.63,0.51,12160.0,,,,,,,,,,,,,,,,,,,,,,,,,1.2487,18.93847122,0.0,,16.812,0.347,13.688,0.283,15.938,0.329,1.25,0.026,0.13688,0.283,0.23907,0.4935,0.03125,0.065,1.2487,,,,,,,,,,77099,,,1.5023787877583074e-05,Information
635165,12161.0,930.8683526,BRA,Brazil,Bahia,2.571408211,0.0,0.63,0.51,12161.0,12161.0,0.0,1.0,-9999.0,-9999.0,-9999.0,0.0,10.0,-999.9,-999.9,-999.9,-5979.4,0.0,0.0,0.0,0.0,0.0,0.0,0.0,0.0,0.0,0.0,0.0,-5979.4,0.11038,51.42816422,0.0,,0.0,0.0,0.0,0.0,0.312,0.034,0.188,0.02,0.0,0.0,0.00468,0.051,0.0046999999999999,0.05,0.11038,,,,,,,,,,17139,,,5.756962970179049e-10,Information
635167,12163.0,16959.63295,BRA,Brazil,Bahia,1.507928609,0.0,0.63,0.51,12163.0,,,,,,,,,,,,,,,,,,,,,,,,,2.486910073050102,30.15857218,0.0,,5.188,0.031,3.0,0.018,1.875,0.011,1.75,0.01,0.03,0.018,0.028125,0.0165,0.04375,0.025,0.161375,20.953125,0.1235470429298563,35.71875,0.2106103953300906,0.314296875,0.1853205643947844,1.25015625,0.7371363836553171,2.486910073050102,170888,,,0.0004262112739444,Information
635170,12166.0,3676.356986,BRA,Brazil,Bahia,2.996833167,3.287860429,0.63,0.51,12166.0,,,,,,,,,,,,,,,,,,,,,,,,,20.95162962419016,59.93666334,65.75720858,,1.562,0.043,1.188,0.032,0.75,0.02,0.312,0.009,0.01188,0.032,0.01125,0.03,0.0078,0.0225,0.11543,26.015625,0.7076468662235157,149.765625,4.073750878529968,0.390234375,1.0614702993352736,5.241796875,14.25812807485489,20.95162962419016,336154,,,0.3116214096429505,Information
635190,12168.0,7442.079407,BRA,Brazil,Bahia,4.002958038,1.314547831,0.63,0.51,12168.0,,,,,,,,,,,,,,,,,,,,,,,,,32.68652141655494,80.05916076,26.290956620000003,3.0,2.625,0.035,2.312,0.031,1.25,0.017,0.625,0.008,0.0231199999999999,0.031,0.01875,0.0255,0.015625,0.02,0.133995,91.40625,1.2282353493330689,359.296875,4.827909719301524,1.37109375,1.8423530239996035,12.575390625,16.897684017555335,32.68652141655494,291447,7386.0,2.5342515105662438,0.6894150415655107,Watch
635203,12171.0,3378.717872,BRA,Brazil,Bahia,4.012047316,0.0,0.63,0.51,12171.0,12171.0,0.0,8.0,-9999.0,-9999.0,-9999.0,0.0,3.0,-999.9,-999.9,-999.9,-5993.4,0.0,0.0,0.0,0.0,0.0,0.0,0.0,0.0,0.0,0.0,0.0,-5993.4,0.5234231847297035,80.24094632,0.0,,,,,,,,,,,,,,,,,0.28125,0.0083241635048873,3.65625,0.108214125563535,0.00421875,0.0124862452573309,0.12796875,0.3787494394723725,0.5234231847297035,131420,,,0.0001411752870527,Information
635205,12173.0,4871.677147,BRA,Brazil,Bahia,4.026265291,0.0,0.63,0.51,12173.0,,,,,,,,,,,,,,,,,,,,,,,,,4.769337363941791,80.52530582,0.0,,5.812,0.119,5.25,0.108,1.062,0.022,0.375,0.008,0.0525,0.108,0.01593,0.033,0.009375,0.02,0.238805,17.859375,0.3665960296765143,36.984375,0.7591713055505769,0.267890625,0.5498940445147714,1.294453125,2.657099569427019,4.769337363941791,177407,,,0.0797272598169576,Information
635208,12176.0,19567.13502,BRA,Brazil,Bahia,1.557891067,0.0,0.63,0.51,12176.0,,,,,,,,,,,,,,,,,,,,,,,,,0.5174203479994979,31.15782134,0.0,,7.25,0.037,5.875,0.03,2.25,0.011,0.25,0.001,0.05875,0.03,0.03375,0.0165,0.00625,0.0025,0.14775,2.8125,0.0143735912114577,8.578125,0.0438394531949461,0.0421875,0.0215603868171865,0.300234375,0.1534380861823113,0.5174203479994979,285933,,,5.023484216305367e-07,Information
635307,12183.0,435.6796659,BRA,Brazil,Bahia,4.001987254,2.225230862,0.63,0.51,12183.0,,,,,,,,,,,,,,,,,,,,,,,,,40.43538703533687,80.03974508,44.50461724,3.0,1.812,0.416,1.625,0.373,0.5,0.115,0.188,0.043,0.01625,0.373,0.0075,0.1725,0.0046999999999999,0.1074999999999999,0.6814500000000001,7.59375,1.7429663568912432,77.34375,17.752435116484886,0.11390625,2.614449535336865,2.70703125,35.0,40.43538703533687,17627,628.0,3.562716287513474,0.7598942012154101,Watch
635309,12185.0,46.98398713,BRA,Brazil,Bahia,2.298398689,0.0,0.63,0.51,12185.0,,,,,,,,,,,,,,,,,,,,,,,,,36.502599801162894,45.96797378,0.0,,0.0,0.0,0.0,0.0,0.188,0.399,0.0,0.0,0.0,0.0,0.00282,0.5985,0.0,0.0,0.6013200000000001,0.28125,0.5986082007752618,17.15625,36.515100247290974,0.00421875,0.8979123011628927,0.60046875,35.0,36.502599801162894,782,,,0.3474576367393345,Advisory
635401,12186.0,30407.98302,BRA,Brazil,Minas Gerais,2.126954746,0.0,0.63,0.51,12186.0,12186.0,0.0,10.0,-9999.0,-9999.0,-9999.0,0.0,1.0,-999.9,-999.9,-999.9,-5997.4,0.0,0.0,0.0,0.0,0.0,0.0,0.0,0.0,0.0,0.0,0.0,-5997.4,5.507090712706353,42.53909492,0.0,,,,,,,,,,,,,,,,,20.671875,0.0679817368570865,109.546875,0.3602569592630638,0.310078125,0.1019726052856297,3.834140625,1.2608993574207232,5.507090712706353,305606,,,0.0095117966246508,Information
635407,12192.0,784.170571,BRA,Brazil,Minas Gerais,0.817853695,0.0,0.63,0.51,12192.0,12192.0,0.0,7.0,-9999.0,-9999.0,-9999.0,0.0,4.0,-999.9,-999.9,-999.9,-5991.4,0.0,0.0,0.0,0.0,0.0,0.0,0.0,0.0,0.0,0.0,0.0,-5991.4,1.2473790875414414,16.3570739,0.0,,0.625,0.08,0.625,0.08,0.25,0.032,0.062,0.008,0.00625,0.08,0.00375,0.048,0.00155,0.02,0.15955,1.125,0.1434636852764578,2.109375,0.2689944098933585,0.016875,0.2151955279146867,0.073828125,0.9414804346267548,1.2473790875414414,6997,,,1.3024574582022758e-05,Information
635408,12193.0,5150.133221,BRA,Brazil,Minas Gerais,0.967586295,0.0,0.63,0.51,12193.0,,,,,,,,,,,,,,,,,,,,,,,,,2.734399610012695,19.3517259,0.0,,4.312,0.084,1.75,0.034,1.625,0.032,0.0,0.0,0.0175,0.034,0.024375,0.048,0.0,0.0,0.123875,13.078125,0.2539376058716802,20.953125,0.406846271772907,0.196171875,0.3809064088075202,0.733359375,1.4239619512051744,2.734399610012695,15861,,,0.0003569487489623,Information
635409,12194.0,10767.02613,BRA,Brazil,Minas Gerais,1.152761804,0.0,0.63,0.51,12194.0,,,,,,,,,,,,,,,,,,,,,,,,,6.8119940540930655,23.05523608,0.0,,6.75,0.063,4.625,0.043,4.125,0.038,1.0,0.009,0.04625,0.043,0.061875,0.0569999999999999,0.025,0.0225,0.255625,41.203125,0.3826787869696469,83.25,0.7731939996110273,0.618046875,0.5740181804544704,2.91375,2.706178998638596,6.8119940540930655,74997,,,0.0076667911416983,Information
635503,12197.0,50.35515634,BRA,Brazil,Bahia,4.021316471,1.578294317,0.63,0.51,12197.0,,,,,,,,,,,,,,,,,,,,,,,,,24.558851257134016,80.42632941999999,31.56588634,,0.125,0.248,0.125,0.248,0.0,0.0,0.0,0.0,0.00125,0.248,0.0,0.0,0.0,0.0,0.24925,0.0,0.0,3.515625,6.981658394895433,0.0,0.0,0.123046875,24.435804382134016,24.558851257134016,7224,,,0.5897441960216269,Advisory
635505,12199.0,5815.783992,BRA,Brazil,Bahia,2.206457447,2.220299016,0.63,0.51,12199.0,,,,,,,,,,,,,,,,,,,,,,,,,17.348658882901034,44.12914894,44.40598032,,0.875,0.015,0.812,0.014,2.562,0.044,1.188,0.02,0.00812,0.014,0.03843,0.066,0.0296999999999999,0.05,0.20625,58.78125,1.0107192784751753,157.078125,2.7008933829109347,0.88171875,1.516078917712763,5.497734375,9.453126840188272,17.348658882901034,220159,,,0.1220984844241546,Information
635601,12204.0,11408.32772,BRA,Brazil,Espírito Santo,2.293713986,0.0,0.63,0.51,12204.0,12204.0,0.0,9.0,-9999.0,-9999.0,-9999.0,0.0,2.0,-999.9,-999.9,-999.9,-5995.4,0.0,0.0,0.0,0.0,0.0,0.0,0.0,0.0,0.0,0.0,0.0,-5995.4,2.8209864269831684,45.87427972,0.0,,,,,,,,,,,,,,,,,1.125,0.00986121741428,42.46875,0.372260957389071,0.016875,0.01479182612142,1.48640625,1.3029133508617483,2.8209864269831684,516577,,,0.0015672876977747,Information
635603,12206.0,9120.627408,BRA,Brazil,Minas Gerais,1.745765748,0.0,0.63,0.51,12206.0,12206.0,0.0,7.0,-9999.0,-9999.0,-9999.0,0.0,4.0,-999.9,-999.9,-999.9,-5991.4,0.0,0.0,0.0,0.0,0.0,0.0,0.0,0.0,0.0,0.0,0.0,-5991.4,0.9183283900790328,34.91531496,0.0,,,,,,,,,,,,,,,,,0.0,0.0,12.515625,0.1372232900225808,0.0,0.0,0.438046875,0.4802815150790328,0.9183283900790328,265524,,,1.0180744722910365e-05,Information
635605,12208.0,6070.790523,BRA,Brazil,Minas Gerais,2.076683866,0.0,0.63,0.51,12208.0,12208.0,0.0,7.0,-9999.0,-9999.0,-9999.0,0.0,4.0,-999.9,-999.9,-999.9,-5991.4,0.0,0.0,0.0,0.0,0.0,0.0,0.0,0.0,0.0,0.0,0.0,-5991.4,1.394139878991942,41.53367732,0.0,,,,,,,,,,,,,,,,,0.0,0.0,15.046875,0.2478569297119834,0.0,0.0,0.526640625,0.8674992539919418,1.394139878991942,375777,,,9.342097827017172e-05,Information
635801,12214.0,1347.68482,BRA,Brazil,Rio de Janeiro,1.746372794,0.0,0.63,0.51,12214.0,12214.0,0.0,6.0,-9999.0,-9999.0,-9999.0,0.0,5.0,-999.9,-999.9,-999.9,-5989.4,0.0,0.0,0.0,0.0,0.0,0.0,0.0,0.0,0.0,0.0,0.0,-5989.4,8.702996375330054,34.92745588,0.0,,,,,,,,,,,,,,,,,0.0,0.0,29.53125,2.191257892951444,0.0,0.0,1.03359375,7.669402625330054,8.702996375330054,407604,,,0.0221186489728417,Information
635809,12222.0,21670.89113,BRA,Brazil,São Paulo,2.158517879,0.0,0.63,0.51,12222.0,12222.0,0.0,8.0,-9999.0,-9999.0,-9999.0,0.0,3.0,-999.9,-999.9,-999.9,-5993.4,0.0,0.0,0.0,0.0,0.0,0.0,0.0,0.0,0.0,0.0,0.0,-5993.4,6.006210769244087,43.17035758,0.0,,,,,,,,,,,,,,,,,0.0,0.0,117.421875,0.5418414697840249,0.0,0.0,4.109765625,1.8964451442440875,6.006210769244087,3864587,,,0.0123115800394116,Information
641102,12224.0,24809.54574,BRA,Brazil,São Paulo,2.017064084,0.0,0.63,0.51,12224.0,12224.0,0.0,1.0,-9999.0,-9999.0,-9999.0,0.0,10.0,-999.9,-999.9,-999.9,-5979.4,0.0,0.0,0.0,0.0,0.0,0.0,0.0,0.0,0.0,0.0,0.0,-5979.4,6.498299843621604,40.34128168,0.0,,,,,,,,,,,,,,,,,0.0,0.0,132.328125,0.5333758481776012,0.0,0.0,4.631484375,1.866815468621604,6.498299843621604,469495,,,0.0133081391177972,Information
641104,12226.0,15082.70697,BRA,Brazil,Santa Catarina,3.775724365,0.0,0.63,0.51,12226.0,12226.0,0.0,15.0,-9999.0,-9999.0,-9999.0,0.0,1.0,-999.9,-999.9,-999.9,-5997.4,0.0,0.0,0.0,0.0,0.0,0.0,0.0,0.0,0.0,0.0,0.0,-5997.4,0.9354436640753327,75.5144873,0.0,,20.75,0.138,8.375,0.056,0.0,0.0,0.0,0.0,0.08375,0.056,0.0,0.0,0.0,0.0,0.13975,1.40625,0.0093235916018833,15.46875,0.1025595076207165,0.02109375,0.0139853874028249,0.54140625,0.3589582766725077,0.9354436640753327,1425242,,,0.0005476760699778,Information
641105,12227.0,6923.794887,BRA,Brazil,Santa Catarina,1.536843029,2.038491034,0.63,0.51,12227.0,,,,,,,,,,,,,,,,,,,,,,,,,11.894739861961138,30.73686058,40.76982068,,40.75,0.589,34.0,0.491,3.188,0.046,0.0,0.0,0.34,0.491,0.04782,0.069,0.0,0.0,0.94782,0.5625,0.0081241574766203,138.796875,2.00463585735606,0.0084375,0.0121862362149304,4.857890625,7.016225500746209,11.894739861961138,1751477,,,0.0542100586861638,Information
641107,12229.0,17850.17247,BRA,Brazil,Rio Grande do Sul,2.286900351,0.039077154,0.63,0.51,12229.0,,,,,,,,,,,,,,,,,,,,,,,,,34.63758597307213,45.73800702,0.7815430800000001,,45.188,0.253,42.188,0.236,1.562,0.009,0.625,0.004,0.42188,0.236,0.02343,0.0134999999999999,0.015625,0.01,0.7204349999999999,6.75,0.0378147606706443,631.40625,3.537255737733189,0.10125,0.0567221410059664,22.09921875,12.38039508206616,34.63758597307213,3417196,,,0.3267574368729584,Information
641201,12232.0,3071.967926,BRA,Brazil,Rio Grande do Sul,2.107347614,0.0,0.63,0.51,12232.0,12232.0,0.0,11.0,-9999.0,-9999.0,-9999.0,0.0,1.0,-999.9,-999.9,-999.9,-5997.4,0.0,0.0,0.0,0.0,0.0,0.0,0.0,0.0,0.0,0.0,0.0,-5997.4,7.707307653025456,42.14695228,0.0,,,,,,,,,,,,,,,,,0.0,0.0,51.75,1.684587900864416,0.0,0.0,1.81125,5.896057653025456,7.707307653025456,108656,,,0.0219137311855461,Information
641202,12233.0,26475.15851,BRA,Brazil,Rio Grande do Sul,1.084494076,0.0,0.63,0.51,12233.0,12233.0,0.0,10.0,-9999.0,-9999.0,-9999.0,0.0,1.0,-999.9,-999.9,-999.9,-5997.4,0.0,0.0,0.0,0.0,0.0,0.0,0.0,0.0,0.0,0.0,0.0,-5997.4,5.464460090054204,21.68988152,0.0,,12.688,0.048,6.812,0.026,0.312,0.001,0.0,0.0,0.06812,0.026,0.00468,0.0015,0.0,0.0,0.1003,1.265625,0.0047804246358758,112.78125,0.4259889508858259,0.018984375,0.0071706369538137,3.94734375,1.4909613281003906,5.464460090054204,1337979,,,0.0038791484147305,Information
641204,12235.0,3638.867963,BRA,Brazil,Rio Grande do Sul,1.323292407,0.0,0.63,0.51,12235.0,12235.0,0.0,12.0,-9999.0,-9999.0,-9999.0,0.0,1.0,-999.9,-999.9,-999.9,-5997.4,0.0,0.0,0.0,0.0,0.0,0.0,0.0,0.0,0.0,0.0,0.0,-5997.4,1.5865035880667768,26.46584814,0.0,,,,,,,,,,,,,,,,,0.0,0.0,12.09375,0.3323492394476505,0.0,0.0,0.42328125,1.1632223380667768,1.5865035880667768,216701,,,6.247191937404906e-05,Information
641205,12236.0,4964.760814,BRA,Brazil,Rio Grande do Sul,1.364451321,0.0,0.63,0.51,12236.0,12236.0,0.0,15.0,-9999.0,-9999.0,-9999.0,0.0,1.0,-999.9,-999.9,-999.9,-5997.4,0.0,0.0,0.0,0.0,0.0,0.0,0.0,0.0,0.0,0.0,0.0,-5997.4,17.535554589282388,27.28902642,0.0,,,,,,,,,,,,,,,,,0.0,0.0,166.21875,3.3479709540806826,0.0,0.0,5.81765625,11.717898339282389,17.535554589282388,108626,,,0.0774751311609573,Information
641207,12238.0,263.904127,BRA,Brazil,Rio Grande do Sul,3.610659869,0.0,0.63,0.51,12238.0,12238.0,0.0,11.0,-9999.0,-9999.0,-9999.0,0.0,1.0,-999.9,-999.9,-999.9,-5997.4,0.0,0.0,0.0,0.0,0.0,0.0,0.0,0.0,0.0,0.0,0.0,-5997.4,31.39357920612376,72.21319738,0.0,,,,,,,,,,,,,,,,,0.0,0.0,23.0625,8.7389690588925,0.0,0.0,0.8071875,30.586391706123752,31.39357920612376,2475,,,0.5485672037552367,Advisory
641300,12241.0,24413.96873,BRA,Brazil,Rio Grande do Sul,1.327579449,0.0,0.63,0.51,12241.0,,,,,,,,,,,,,,,,,,,,,,,,,13.133412032494046,26.55158898,0.0,,63.875,0.262,34.312,0.141,0.125,0.001,0.125,0.001,0.34312,0.141,0.001875,0.0015,0.003125,0.0025,0.49312,0.0,0.0,266.203125,1.0903721878554418,0.0,0.0,9.317109375,3.816302657494046,13.133412032494046,363785,,,0.0425869789051796,Information
641401,12242.0,1969.378724,BRA,Brazil,Rio Grande do Sul,2.241750683,0.0,0.63,0.51,12242.0,,,,,,,,,,,,,,,,,,,,,,,,,4.576825744366827,44.83501366,0.0,,42.5,2.158,27.938,1.419,0.0,0.0,0.0,0.0,0.2793799999999999,1.419,0.0,0.0,0.0,0.0,1.69838,0.0,0.0,21.515625,1.092508248390522,0.0,0.0,0.753046875,3.823778869366827,4.576825744366827,350289,,,0.0063993358438647,Information
641402,12243.0,5603.244082,BRA,Brazil,Rio Grande do Sul,1.821567321,0.0,0.63,0.51,12243.0,,,,,,,,,,,,,,,,,,,,,,,,,1.1689131168140894,36.43134642,0.0,,34.875,0.622,23.75,0.424,0.0,0.0,0.0,0.0,0.2375,0.424,0.0,0.0,0.0,0.0,0.6615,1.40625,0.025097068402482,11.390625,0.2032862540601047,0.02109375,0.037645602603723,0.398671875,0.7115018892103664,1.1689131168140894,63574,,,3.220459513758499e-05,Information
641403,12244.0,8483.425341,BRA,Brazil,Rio Grande do Sul,0.664225495,0.0,0.63,0.51,12244.0,,,,,,,,,,,,,,,,,,,,,,,,,21.26495702997296,13.284509900000002,0.0,,50.812,0.599,24.0,0.283,0.0,0.0,0.0,0.0,0.24,0.283,0.0,0.0,0.0,0.0,0.5229999999999999,4.921875,0.0580175436458545,276.75,3.2622435970011945,0.073828125,0.0870263154687817,9.68625,11.41785258950418,21.26495702997296,24022,,,0.0799256242530922,Information
641404,12245.0,7558.076448,BRA,Brazil,Rio Grande do Sul,0.338969604,0.0,0.63,0.51,12245.0,12245.0,0.0,15.0,-9999.0,-9999.0,-9999.0,0.0,1.0,-999.9,-999.9,-999.9,-5997.4,0.0,0.0,0.0,0.0,0.0,0.0,0.0,0.0,0.0,0.0,0.0,-5997.4,7.316093673823756,6.779392079999999,0.0,,,,,,,,,,,,,,,,,5.203125,0.0688419207664563,87.75,1.1610096907640204,0.078046875,0.1032628811496844,3.07125,4.063533917674072,7.316093673823756,56714,,,0.005465572713967,Information
641501,12251.0,1581.761161,BRA,Brazil,Rio Grande do Sul,2.716121084,1.519394393,0.63,0.51,12251.0,,,,,,,,,,,,,,,,,,,,,,,,,27.080207076367,54.322421680000005,30.38788786,,62.438,3.947,40.125,2.537,0.188,0.012,0.625,0.04,0.40125,2.537,0.00282,0.018,0.015625,0.1,3.074695,1.125,0.0711232534642342,105.1875,6.650024198905899,0.016875,0.1066848801963513,3.6815625,23.275084696170648,27.080207076367,202255,,,0.3005551695123385,Information
641502,12252.0,1955.694546,BRA,Brazil,Rio Grande do Sul,0.017066632,0.0,0.63,0.51,12252.0,,,,,,,,,,,,,,,,,,,,,,,,,36.05923595865124,0.34133264,0.0,,12.375,0.633,10.5,0.537,0.125,0.006,0.312,0.016,0.105,0.537,0.001875,0.009,0.0078,0.04,0.700675,0.140625,0.0071905400723927,168.46875,8.614267006726472,0.002109375,0.010785810108589,5.89640625,30.14993452354265,36.05923595865124,1457,,,0.1546747346197652,Advisory
641861,12283.0,5044.115084,BRA,Brazil,Rio Grande do Sul,2.041292354,0.0,0.63,0.51,12283.0,12283.0,0.0,15.0,-9999.0,-9999.0,-9999.0,0.0,1.0,-999.9,-999.9,-999.9,-5997.4,0.0,0.0,0.0,0.0,0.0,0.0,0.0,0.0,0.0,0.0,0.0,-5997.4,55.62939096617616,40.82584708,0.0,,55.0,1.09,13.562,0.269,1.688,0.033,1.938,0.038,0.13562,0.269,0.02532,0.0495,0.04845,0.095,0.6228899999999999,46.6875,0.9255835607841052,529.734375,10.502027932149772,0.7003125,1.388375341176158,18.540703125,35.0,55.62939096617616,5103,,,0.4753717371923149,Advisory
641862,12284.0,7989.467825,BRA,Brazil,Rio Grande do Sul,1.855868129,0.0,0.63,0.51,12284.0,,,,,,,,,,,,,,,,,,,,,,,,,10.77835666680533,37.117362580000005,0.0,,28.312,0.354,8.562,0.107,0.312,0.004,0.188,0.002,0.0856199999999999,0.107,0.00468,0.006,0.0046999999999999,0.005,0.213,3.796875,0.0475235032325922,135.140625,1.6914846891304118,0.056953125,0.0712852548488883,4.729921875,5.920196411956441,10.77835666680533,66238,,,0.038888725564423,Information
641863,12285.0,6762.253526,BRA,Brazil,Rio Grande do Sul,1.529413439,0.0,0.63,0.51,12285.0,12285.0,0.0,15.0,-9999.0,-9999.0,-9999.0,0.0,1.0,-999.9,-999.9,-999.9,-5997.4,0.0,0.0,0.0,0.0,0.0,0.0,0.0,0.0,0.0,0.0,0.0,-5997.4,12.294445640995884,30.58826878,0.0,,30.75,0.455,26.062,0.385,1.0,0.015,0.25,0.004,0.26062,0.385,0.015,0.0225,0.00625,0.01,0.69937,9.421875,0.139330401671881,137.671875,2.0358875109965897,0.141328125,0.2089956025078214,4.818515625,7.125606288488064,12.294445640995884,31183,,,0.041734060119274,Information
641868,12290.0,6056.644783,BRA,Brazil,Rio Grande do Sul,0.585885331,0.0,0.63,0.51,12290.0,,,,,,,,,,,,,,,,,,,,,,,,,18.87526941150559,11.71770662,0.0,,17.688,0.292,7.5,0.124,0.0,0.0,0.125,0.002,0.075,0.124,0.0,0.0,0.003125,0.005,0.207125,25.453125,0.4202512432811598,192.515625,3.178585370452529,0.381796875,0.6303768649217397,6.738046875,11.125048796583853,18.87526941150559,89198,,,0.0614533698798395,Information
641873,12294.0,16154.79446,BRA,Brazil,Rio Grande do Sul,1.434669362,0.0,0.63,0.51,12294.0,12294.0,0.0,15.0,-9999.0,-9999.0,-9999.0,0.0,1.0,-999.9,-999.9,-999.9,-5997.4,0.0,0.0,0.0,0.0,0.0,0.0,0.0,0.0,0.0,0.0,0.0,-5997.4,43.561901716552526,28.69338724,0.0,,433.812,2.685,190.312,1.178,1.125,0.007,1.188,0.007,1.90312,1.178,0.016875,0.0105,0.0296999999999999,0.0175,3.1556950000000006,20.25,0.1253497842623442,760.078125,4.704969332902575,0.30375,0.1880246763935162,26.602734375,16.46739266515901,43.561901716552526,186622,,,0.3110747950686239,Advisory
641874,12295.0,5623.280319,BRA,Brazil,Rio Grande do Sul,0.312810421,0.0,0.63,0.51,12295.0,,,,,,,,,,,,,,,,,,,,,,,,,1.3536800000000002,6.25620842,0.0,,94.312,1.677,48.625,0.865,0.062,0.001,0.0,0.0,0.48625,0.865,0.0009299999999999,0.0015,0.0,0.0,1.3536800000000002,0.0,0.0,9.140625,0.1625496948721712,0.0,0.0,0.319921875,0.5689239320525992,0.8888458070525992,56126,,,1.1289119609119734e-05,Information
641876,12297.0,10818.01226,BRA,Brazil,Rio Grande do Sul,0.327257334,0.0,0.63,0.51,12297.0,,,,,,,,,,,,,,,,,,,,,,,,,7.046854526131534,6.54514668,0.0,,8.75,0.081,4.688,0.043,0.062,0.001,1.0,0.009,0.04688,0.043,0.0009299999999999,0.0015,0.025,0.0225,0.13981,0.0,0.0,104.625,0.9671370074661524,0.0,0.0,3.661875,3.3849795261315334,7.046854526131534,326623,,,0.004870402937981,Information
641877,12298.0,36334.73779,BRA,Brazil,Rio Grande do Sul,0.583201942,0.0,0.63,0.51,12298.0,12298.0,0.0,15.0,-9999.0,-9999.0,-9999.0,0.0,1.0,-999.9,-999.9,-999.9,-5997.4,0.0,0.0,0.0,0.0,0.0,0.0,0.0,0.0,0.0,0.0,0.0,-5997.4,12.157516838814374,11.66403884,0.0,,37.188,0.102,21.312,0.059,6.5,0.018,0.0,0.0,0.21312,0.059,0.0975,0.0269999999999999,0.0,0.0,0.3966200000000001,0.0,0.0,272.390625,0.7496699896612496,0.0,0.0,9.533671875,2.6238449638143737,12.157516838814374,1031951,,,0.0236725671913142,Information
641878,12299.0,8382.398168,BRA,Brazil,Santa Catarina,0.843005392,0.0,0.63,0.51,12299.0,,,,,,,,,,,,,,,,,,,,,,,,,3.5726663228600675,16.86010784,0.0,,7.312,0.087,5.938,0.071,0.0,0.0,0.0,0.0,0.0593799999999999,0.071,0.0,0.0,0.0,0.0,0.13038,0.0,0.0,46.546875,0.5552930565314479,0.0,0.0,1.629140625,1.943525697860068,3.5726663228600675,189506,,,0.0008241757337972,Information
641879,12300.0,24880.60434,BRA,Brazil,Rio Grande do Sul,1.687820392,0.0,0.63,0.51,12300.0,12300.0,0.0,9.0,-9999.0,-9999.0,-9999.0,0.0,2.0,-999.9,-999.9,-999.9,-5995.4,0.0,0.0,0.0,0.0,0.0,0.0,0.0,0.0,0.0,0.0,0.0,-5995.4,20.52180142245302,33.756407839999994,0.0,,100.188,0.403,36.312,0.146,1.5,0.006,0.25,0.001,0.36312,0.146,0.0225,0.009,0.00625,0.0025,0.5493699999999999,31.21875,0.1254742431946367,404.859375,1.6272087664745905,0.46828125,0.188211364791955,14.170078125,5.695230682661067,20.52180142245302,1210546,,,0.1206284548232796,Information
641880,12301.0,13409.15142,BRA,Brazil,Santa Catarina,0.22685291,0.0,0.63,0.51,12301.0,,,,,,,,,,,,,,,,,,,,,,,,,5.343251086916455,4.5370582,0.0,,14.812,0.11,11.5,0.086,0.125,0.001,0.0,0.0,0.115,0.086,0.001875,0.0015,0.0,0.0,0.204375,6.1875,0.046143859556317,84.796875,0.6323806207377085,0.0928125,0.0692157893344755,2.967890625,2.21333217258198,5.343251086916455,98712,,,0.0019701385055112,Information
641890,12302.0,14917.41791,BRA,Brazil,Santa Catarina,0.838425008,0.0,0.63,0.51,12302.0,12302.0,0.0,15.0,-9999.0,-9999.0,-9999.0,0.0,1.0,-999.9,-999.9,-999.9,-5997.4,0.0,0.0,0.0,0.0,0.0,0.0,0.0,0.0,0.0,0.0,0.0,-5997.4,11.747048708158314,16.76850016,0.0,,325.625,2.183,163.438,1.096,15.688,0.105,0.062,0.0,1.63438,1.096,0.23532,0.1575,0.00155,0.0,3.1247500000000006,14.0625,0.0942689953640934,194.90625,1.3065682757463355,0.2109375,0.1414034930461401,6.82171875,4.572988965112174,11.747048708158314,394013,,,0.0251136073991105,Information
642459,12401.0,23434.46925,BRA,Brazil,Mato Grosso do Sul,4.008260006,0.0,0.63,0.51,12401.0,,,,,,,,,,,,,,,,,,,,,,,,,5.53799,80.16520012000001,0.0,,427.5,1.824,330.062,1.408,37.438,0.16,0.812,0.003,3.3006200000000003,1.408,0.56157,0.24,0.0203,0.0075,5.53799,0.0,0.0,30.09375,0.1284166058300495,0.0,0.0,1.05328125,0.4494581204051732,1.5027393704051732,3622,,,0.1010119919263036,Information
642473,12413.0,4277.905653,BRA,Brazil,Mato Grosso do Sul,3.690426175,0.0,0.63,0.51,12413.0,12413.0,0.0,3.0,-9999.0,-9999.0,-9999.0,0.0,8.0,-999.9,-999.9,-999.9,-5983.4,0.0,0.0,0.0,0.0,0.0,0.0,0.0,0.0,0.0,0.0,0.0,-5983.4,5.963078279441291,73.80852349999999,0.0,,19.188,0.449,14.0,0.327,0.0,0.0,0.0,0.0,0.14,0.327,0.0,0.0,0.0,0.0,0.467,0.0,0.0,51.046875,1.1932679012689404,0.0,0.0,1.786640625,4.176437654441291,5.963078279441291,2340,,,0.0694570151100143,Information
642474,12414.0,42671.62239,BRA,Brazil,Mato Grosso do Sul,2.476370364,0.0,0.63,0.51,12414.0,12414.0,0.0,2.0,-9999.0,-9999.0,-9999.0,0.0,9.0,-999.9,-999.9,-999.9,-5982.733333333333,0.0,0.0,0.0,0.0,0.0,0.0,0.0,0.0,0.0,0.0,0.0,-5982.733333333333,12.647050213052466,49.527407280000006,0.0,,310.375,0.727,225.625,0.529,1.938,0.005,1.188,0.003,2.25625,0.529,0.02907,0.0075,0.0296999999999999,0.0075,2.85902,68.484375,0.1604916128543167,263.390625,0.6172500839345694,1.027265625,0.240737419281475,9.218671875,2.160375293770993,12.647050213052466,233839,,,0.083178237233126,Information
642475,12415.0,1023.421963,BRA,Brazil,Mato Grosso do Sul,1.675027502,0.0,0.63,0.51,12415.0,12415.0,0.0,1.0,-9999.0,-9999.0,-9999.0,0.0,10.0,-999.9,-999.9,-999.9,-5979.4,0.0,0.0,0.0,0.0,0.0,0.0,0.0,0.0,0.0,0.0,0.0,-5979.4,26.219312661639307,33.50055004,0.0,,5.25,0.513,3.625,0.354,0.5,0.049,0.0,0.0,0.03625,0.354,0.0075,0.0735,0.0,0.0,0.47125,0.84375,0.0824439996937237,69.1875,6.76040797488535,0.01265625,0.1236659995405855,2.4215625,23.661427912098723,26.219312661639307,221,,,0.1760050542336375,Information
642476,12416.0,32010.77406,BRA,Brazil,Mato Grosso do Sul,2.180155473,0.0,0.63,0.51,12416.0,12416.0,0.0,1.0,-9999.0,-9999.0,-9999.0,0.0,10.0,-999.9,-999.9,-999.9,-5979.4,0.0,0.0,0.0,0.0,0.0,0.0,0.0,0.0,0.0,0.0,0.0,-5979.4,12.069008332740284,43.60310946,0.0,,545.312,1.704,278.125,0.869,0.062,0.0,1.25,0.004,2.78125,0.869,0.0009299999999999,0.0,0.03125,0.01,3.69243,34.59375,0.1080690830497912,247.921875,0.7744950951901702,0.51890625,0.1621036245746868,8.677265625,2.710732833165596,12.069008332740284,9490,,,0.0615643641356716,Information
642478,12418.0,37989.39754,BRA,Brazil,Mato Grosso do Sul,2.66009783,0.0,0.63,0.51,12418.0,12418.0,0.0,2.0,-9999.0,-9999.0,-9999.0,0.0,9.0,-999.9,-999.9,-999.9,-5981.4,0.0,0.0,0.0,0.0,0.0,0.0,0.0,0.0,0.0,0.0,0.0,-5981.4,6.6713418214582045,53.2019566,0.0,,87.75,0.231,32.375,0.085,0.312,0.001,0.0,0.0,0.32375,0.085,0.00468,0.0015,0.0,0.0,0.41493,21.65625,0.0570060369470279,141.609375,0.3727602545821896,0.32484375,0.0855090554205418,4.956328125,1.3046608910376636,6.6713418214582045,109103,,,0.0257062621950162,Information
642479,12419.0,23090.94977,BRA,Brazil,Mato Grosso do Sul,3.607171451,0.0,0.63,0.51,12419.0,12419.0,0.0,1.0,-9999.0,-9999.0,-9999.0,0.0,10.0,-999.9,-999.9,-999.9,-5979.4,0.0,0.0,0.0,0.0,0.0,0.0,0.0,0.0,0.0,0.0,0.0,-5979.4,52.63442571931071,72.14342902,0.0,3.0,128.125,0.555,36.188,0.157,3.438,0.015,0.25,0.001,0.36188,0.157,0.05157,0.0225,0.00625,0.0025,0.6016999999999999,120.515625,0.5219171415862348,997.734375,4.3208892876946745,1.807734375,0.7828757123793522,34.920703125,15.12311250693136,52.63442571931071,170999,63.0,0.03684232071532582,0.737710038432684,Watch
642483,12422.0,14019.49563,BRA,Brazil,Mato Grosso,1.96608186,0.0,0.63,0.51,12422.0,,,,,,,,,,,,,,,,,,,,,,,,,26.34588652817325,39.3216372,0.0,,81.188,0.579,50.375,0.359,1.0,0.007,0.062,0.0,0.50375,0.359,0.015,0.0105,0.00155,0.0,0.8898,90.0,0.6419631804326362,400.78125,2.858742287864083,1.35,0.9629447706489545,14.02734375,10.005598007524291,26.34588652817325,30297,,,0.2020630126482002,Information
642484,12423.0,8028.536994,BRA,Brazil,Mato Grosso,2.711678835,0.0,0.63,0.51,12423.0,,,,,,,,,,,,,,,,,,,,,,,,,10.619730001638043,54.2335767,0.0,,38.812,0.483,8.062,0.1,0.0,0.0,0.0,0.0,0.08062,0.1,0.0,0.0,0.0,0.0,0.18062,12.09375,0.1506345428608003,129.9375,1.6184455535276692,0.18140625,0.2259518142912004,4.5478125,5.664559437346842,10.619730001638043,2691,,,0.0720300738524138,Information
642485,12424.0,2313.690301,BRA,Brazil,Mato Grosso,4.008787464,0.0,0.63,0.51,12424.0,,,,,,,,,,,,,,,,,,,,,,,,,10.058768306152803,80.17574928,0.0,,2.188,0.095,2.188,0.095,0.0,0.0,0.0,0.0,0.02188,0.095,0.0,0.0,0.0,0.0,0.11688,2.953125,0.1276370047836375,52.734375,2.2792322282792417,0.044296875,0.1914555071754562,1.845703125,7.977312798977346,10.058768306152803,950,,,0.2487396426494238,Information
642487,12426.0,8926.862924,BRA,Brazil,Mato Grosso,1.319947067,0.0,0.63,0.51,12426.0,12426.0,0.0,3.0,-9999.0,-9999.0,-9999.0,0.0,8.0,-999.9,-999.9,-999.9,-5983.4,0.0,0.0,0.0,0.0,0.0,0.0,0.0,0.0,0.0,0.0,0.0,-5983.4,6.088328036281172,26.39894134,0.0,,,,,,,,,,,,,,,,,28.6875,0.3213614933405284,69.75,0.7813495132201081,0.4303125,0.4820422400107925,2.44125,2.7347232962703787,6.088328036281172,104523,,,0.0063461911343889,Information
642488,12427.0,9960.916051,BRA,Brazil,Mato Grosso,1.260216471,0.0,0.63,0.51,12427.0,,,,,,,,,,,,,,,,,,,,,,,,,2.485491651797912,25.20432942,0.0,,18.188,0.183,11.125,0.112,0.0,0.0,0.0,0.0,0.11125,0.112,0.0,0.0,0.0,0.0,0.22325,3.9375,0.0395294968824733,33.75,0.3388242589926289,0.0590625,0.0592942453237099,1.18125,1.1858849064742012,2.485491651797912,116386,,,0.0003316820153975,Information
642489,12428.0,16618.9439,BRA,Brazil,Mato Grosso,1.406885057,0.0,0.63,0.51,12428.0,,,,,,,,,,,,,,,,,,,,,,,,,4.940689637607226,28.13770114,0.0,,112.125,0.675,33.562,0.202,0.0,0.0,0.0,0.0,0.33562,0.202,0.0,0.0,0.0,0.0,0.53762,13.359375,0.080386425779661,82.40625,0.4958573211250668,0.200390625,0.1205796386694915,2.88421875,1.7355006239377335,4.940689637607226,111509,,,0.0037114961822806,Information
642491,12429.0,5481.818414,BRA,Brazil,Mato Grosso,3.743955529,0.0,0.63,0.51,12429.0,12429.0,0.0,1.0,-9999.0,-9999.0,-9999.0,0.0,10.0,-999.9,-999.9,-999.9,-5979.4,0.0,0.0,0.0,0.0,0.0,0.0,0.0,0.0,0.0,0.0,0.0,-5979.4,22.27641497010505,74.87911058,0.0,,626.125,11.422,193.312,3.526,0.0,0.0,0.0,0.0,1.93312,3.526,0.0,0.0,0.0,0.0,5.45912,64.828125,1.182602561948374,197.578125,3.604244250623569,0.972421875,1.7739038429225609,6.915234375,12.614854877182491,22.27641497010505,88,,,0.4521737444777858,Advisory
642492,12430.0,7592.521566,BRA,Brazil,Mato Grosso do Sul,0.460491574,0.0,0.63,0.51,12430.0,,,,,,,,,,,,,,,,,,,,,,,,,6.707419431771066,9.20983148,0.0,,452.125,5.955,187.5,2.47,0.0,0.0,0.0,0.0,1.875,2.47,0.0,0.0,0.0,0.0,4.345000000000001,5.625,0.0740860589122383,80.296875,1.0575784909722024,0.084375,0.1111290883683574,2.810390625,3.701524718402708,6.707419431771066,281,,,0.0045892005566231,Information
642493,12431.0,367.5616128,BRA,Brazil,Mato Grosso do Sul,4.111476091,0.0,0.63,0.51,12431.0,12431.0,0.0,1.0,-9999.0,-9999.0,-9999.0,0.0,10.0,-999.9,-999.9,-999.9,-5979.4,0.0,0.0,0.0,0.0,0.0,0.0,0.0,0.0,0.0,0.0,0.0,-5979.4,7.457046672037791,82.22952182,0.0,,,,,,,,,,,,,,,,,0.5625,0.1530355674901657,7.3125,1.989462377372155,0.0084375,0.2295533512352485,0.2559375,6.9631183208025424,7.457046672037791,0,,,0.1925934151905662,Information
642494,12432.0,55226.20489,BRA,Brazil,Mato Grosso,2.181362275,0.0,0.63,0.51,12432.0,12432.0,0.0,3.0,-9999.0,-9999.0,-9999.0,0.0,8.0,-999.9,-999.9,-999.9,-5980.733333333333,0.0,0.0,0.0,0.0,0.0,0.0,0.0,0.0,0.0,0.0,0.0,-5980.733333333333,16.567323416805383,43.6272455,0.0,,726.562,1.316,258.25,0.468,0.0,0.0,0.0,0.0,2.5825,0.468,0.0,0.0,0.0,0.0,3.0505,60.046875,0.1087289541579848,375.046875,0.6791103530195446,0.900703125,0.1630934312369772,13.126640625,2.376886235568406,16.567323416805383,441946,,,0.1103717148034684,Information
642495,12433.0,25439.7674,BRA,Brazil,Mato Grosso,1.687471957,0.0,0.63,0.51,12433.0,12433.0,0.0,1.0,-9999.0,-9999.0,-9999.0,0.0,10.0,-999.9,-999.9,-999.9,-5980.4,0.0,0.0,0.0,0.0,0.0,0.0,0.0,0.0,0.0,0.0,0.0,-5980.4,20.565857892829445,33.74943914,0.0,,166.5,0.654,136.5,0.537,0.0,0.0,0.0,0.0,1.365,0.537,0.0,0.0,0.0,0.0,1.902,55.265625,0.2172410782417577,398.109375,1.564909650133374,0.828984375,0.3258616173626365,13.933828125,5.477183775466809,20.565857892829445,991189,,,0.1210383944795049,Information
642498,12436.0,5022.655486,BRA,Brazil,Mato Grosso,0.16169936,0.0,0.63,0.51,12436.0,,,,,,,,,,,,,,,,,,,,,,,,,12.20810009730414,3.2339872,0.0,,54.125,1.078,21.75,0.433,0.062,0.001,0.438,0.009,0.2175,0.433,0.0009299999999999,0.0015,0.01095,0.0225,0.6863799999999999,46.6875,0.9295381721980964,96.609375,1.923472061144856,0.7003125,1.3943072582971443,3.381328125,6.732152214006995,12.20810009730414,16720,,,0.0192169897681692,Information
642499,12437.0,4363.809279,BRA,Brazil,Mato Grosso,0.701044813,0.0,0.63,0.51,12437.0,,,,,,,,,,,,,,,,,,,,,,,,,7.612026329774773,14.02089626,0.0,,4.938,0.113,4.125,0.095,0.0,0.0,0.188,0.004,0.04125,0.095,0.0,0.0,0.0046999999999999,0.01,0.15095,1.265625,0.0290027569735317,65.53125,1.5016983055184214,0.018984375,0.0435041354602975,2.29359375,5.255944069314475,7.612026329774773,3504,,,0.0076673832974319,Information
642521,12447.0,14193.69844,BRA,Brazil,Paraná,0.521947839,0.0,0.63,0.51,12447.0,12447.0,0.0,15.0,-9999.0,-9999.0,-9999.0,0.0,1.0,-999.9,-999.9,-999.9,-5997.4,0.0,0.0,0.0,0.0,0.0,0.0,0.0,0.0,0.0,0.0,0.0,-5997.4,5.537085179624789,10.43895678,0.0,,51.375,0.362,26.5,0.187,0.25,0.002,0.0,0.0,0.265,0.187,0.00375,0.003,0.0,0.0,0.45875,0.0,0.0,92.8125,0.6538993370356542,0.0,0.0,3.2484375,2.288647679624789,5.537085179624789,474055,,,0.0026891891916576,Information
642523,12449.0,6817.62969,BRA,Brazil,Paraná,2.078678485,0.0,0.63,0.51,12449.0,12449.0,0.0,2.0,-9999.0,-9999.0,-9999.0,0.0,9.0,-999.9,-999.9,-999.9,-5981.4,0.0,0.0,0.0,0.0,0.0,0.0,0.0,0.0,0.0,0.0,0.0,-5981.4,3.120290870516717,41.57356970000001,0.0,,9.062,0.133,6.312,0.093,0.0,0.0,0.0,0.0,0.06312,0.093,0.0,0.0,0.0,0.0,0.15612,0.0,0.0,36.140625,0.5301054272904906,0.0,0.0,1.264921875,1.855368995516717,3.120290870516717,131865,,,0.0016956712243851,Information
642524,12450.0,4734.191726,BRA,Brazil,Paraná,0.151016221,0.0,0.63,0.51,12450.0,,,,,,,,,,,,,,,,,,,,,,,,,4.319765412118806,3.02032442,0.0,,7.875,0.166,7.875,0.166,0.0,0.0,0.0,0.0,0.07875,0.166,0.0,0.0,0.0,0.0,0.24475,0.0,0.0,39.65625,0.8376561891768018,0.0,0.0,1.38796875,2.9317966621188063,4.319765412118806,204298,,,0.0009313269703579,Information
642525,12451.0,10924.32465,BRA,Brazil,Paraná,3.604722263,0.0,0.63,0.51,12451.0,12451.0,0.0,3.0,-9999.0,-9999.0,-9999.0,0.0,8.0,-999.9,-999.9,-999.9,-5983.4,0.0,0.0,0.0,0.0,0.0,0.0,0.0,0.0,0.0,0.0,0.0,-5983.4,6.490024221516073,72.09444526,0.0,,36.562,0.335,31.125,0.285,0.0,0.0,0.0,0.0,0.31125,0.285,0.0,0.0,0.0,0.0,0.59625,0.140625,0.0012872649290375,96.75,0.885638271177862,0.002109375,0.0019308973935562,3.38625,3.099733949122517,6.490024221516073,169578,,,0.0723431936142362,Information
642527,12453.0,4640.520743,BRA,Brazil,Paraná,1.49315545,0.0,0.63,0.51,12453.0,,,,,,,,,,,,,,,,,,,,,,,,,2.0807753011868537,29.863109,0.0,,5.562,0.12,5.25,0.113,0.0,0.0,0.0,0.0,0.0525,0.113,0.0,0.0,0.0,0.0,0.1655,0.0,0.0,18.84375,0.4060697289105296,0.0,0.0,0.65953125,1.4212440511868536,2.0807753011868537,81488,,,0.0002176452407943,Information
642528,12454.0,9824.293393,BRA,Brazil,Santa Catarina,1.811263871,0.0,0.63,0.51,12454.0,,,,,,,,,,,,,,,,,,,,,,,,,0.6952244105335456,36.22527742,0.0,,39.562,0.403,27.438,0.279,0.438,0.004,0.0,0.0,0.27438,0.279,0.00657,0.006,0.0,0.0,0.56595,0.0,0.0,9.84375,0.1001980458667273,0.0,0.0,0.34453125,0.3506931605335455,0.6952244105335456,430988,,,3.1084173721336187e-06,Information
642540,12457.0,26107.4374,BRA,Brazil,Paraná,0.321735872,0.0,0.63,0.51,12457.0,12457.0,0.0,2.0,-9999.0,-9999.0,-9999.0,0.0,9.0,-999.9,-999.9,-999.9,-5981.4,0.0,0.0,0.0,0.0,0.0,0.0,0.0,0.0,0.0,0.0,0.0,-5981.4,7.195119126519431,6.43471744,0.0,,,,,,,,,,,,,,,,,0.0,0.0,148.640625,0.5693420718626947,0.0,0.0,5.202421875,1.992697251519432,7.195119126519431,646018,,,0.0051549778183923,Information
642550,12458.0,23523.9133,BRA,Brazil,Mato Grosso do Sul,0.503207363,0.0,0.63,0.51,12458.0,,,,,,,,,,,,,,,,,,,,,,,,,7.883916750332153,10.06414726,0.0,,100.375,0.427,63.0,0.268,0.0,0.0,0.0,0.0,0.63,0.268,0.0,0.0,0.0,0.0,0.898,0.0,0.0,158.0625,0.6719226429520437,0.0,0.0,5.5321875,2.351729250332153,7.883916750332153,240753,,,0.0074608919646123,Information
642561,12459.0,14105.86864,BRA,Brazil,Paraná,0.162700693,0.0,0.63,0.51,12459.0,12459.0,0.0,2.0,-9999.0,-9999.0,-9999.0,0.0,9.0,-999.9,-999.9,-999.9,-5982.4,0.0,0.0,0.0,0.0,0.0,0.0,0.0,0.0,0.0,0.0,0.0,-5982.4,0.8795622291789645,3.25401386,0.0,,61.625,0.437,42.312,0.3,0.0,0.0,0.0,0.0,0.42312,0.3,0.0,0.0,0.0,0.0,0.72312,2.8125,0.0199385097912002,13.5,0.0957048469977612,0.0421875,0.0299077646868003,0.4725,0.3349669644921642,0.8795622291789645,723523,,,1.2981359979270478e-06,Information
642569,12467.0,9827.565397,BRA,Brazil,Paraná,0.553206179,0.0,0.63,0.51,12467.0,,,,,,,,,,,,,,,,,,,,,,,,,0.48788,11.06412358,0.0,,27.25,0.277,24.188,0.246,0.0,0.0,0.0,0.0,0.2418799999999999,0.246,0.0,0.0,0.0,0.0,0.48788,0.0,0.0,5.90625,0.0600988114713664,0.0,0.0,0.20671875,0.2103458401497824,0.4170645901497823,160592,,,9.668464702687897e-08,Information
642581,12469.0,1978.832266,BRA,Brazil,Mato Grosso do Sul,0.838338218,0.0,0.63,0.51,12469.0,,,,,,,,,,,,,,,,,,,,,,,,,0.1055,16.76676436,0.0,,2.938,0.148,1.75,0.088,0.0,0.0,0.0,0.0,0.0175,0.088,0.0,0.0,0.0,0.0,0.1055,,,,,,,,,,3973,,,1.2730083765321791e-11,Information
642583,12471.0,6130.325583,BRA,Brazil,Mato Grosso do Sul,0.816748777,0.0,0.63,0.51,12471.0,12471.0,0.0,3.0,-9999.0,-9999.0,-9999.0,0.0,8.0,-999.9,-999.9,-999.9,-5983.4,0.0,0.0,0.0,0.0,0.0,0.0,0.0,0.0,0.0,0.0,0.0,-5983.4,0.6216292050711466,16.334975540000002,0.0,,,,,,,,,,,,,,,,,0.0,0.0,6.75,0.1101083443060419,0.0,0.0,0.23625,0.3853792050711466,0.6216292050711466,31951,,,4.737679275518481e-07,Information
642584,12472.0,6623.491165,BRA,Brazil,Mato Grosso do Sul,0.950832023,0.0,0.63,0.51,12472.0,,,,,,,,,,,,,,,,,,,,,,,,,3.681138175429032,19.01664046,0.0,,7.062,0.107,5.562,0.084,0.0,0.0,0.0,0.0,0.05562,0.084,0.0,0.0,0.0,0.0,0.13962,0.0,0.0,41.90625,0.6326912644082947,0.0,0.0,1.46671875,2.2144194254290315,3.681138175429032,66072,,,0.0009973452638894,Information
642586,12474.0,10982.40435,BRA,Brazil,Mato Grosso do Sul,0.353704106,0.0,0.63,0.51,12474.0,,,,,,,,,,,,,,,,,,,,,,,,,1.716805975435462,7.07408212,0.0,,72.938,0.664,62.875,0.573,0.0,0.0,0.0,0.0,0.62875,0.573,0.0,0.0,0.0,0.0,1.20175,0.84375,0.0076827439008024,25.3125,0.2304823170240738,0.01265625,0.0115241158512036,0.8859375,0.8066881095842583,1.716805975435462,187562,,,3.285091669141774e-05,Information
642587,12475.0,6143.86752,BRA,Brazil,Mato Grosso do Sul,0.463250669,0.0,0.63,0.51,12475.0,,,,,,,,,,,,,,,,,,,,,,,,,4.610180000000001,9.26501338,0.0,,214.125,3.485,175.375,2.854,0.062,0.001,0.0,0.0,1.75375,2.854,0.0009299999999999,0.0015,0.0,0.0,4.610180000000001,0.0,0.0,2.390625,0.0389107511197227,0.0,0.0,0.083671875,0.1361876289190294,0.2198595039190294,218261,,,0.0014427664900258,Information
642588,12476.0,1175.651844,BRA,Brazil,Mato Grosso do Sul,0.129332307,0.0,0.63,0.51,12476.0,,,,,,,,,,,,,,,,,,,,,,,,,1.777904014976195,2.58664614,0.0,,6.188,0.526,4.688,0.399,0.0,0.0,0.0,0.0,0.04688,0.399,0.0,0.0,0.0,0.0,0.44588,0.0,0.0,5.34375,0.4545350757074844,0.0,0.0,0.18703125,1.5908727649761951,1.777904014976195,92935,,,3.120238537608845e-05,Information
642590,12478.0,2655.97172,BRA,Brazil,Mato Grosso do Sul,0.340249749,0.0,0.63,0.51,12478.0,12478.0,0.0,2.0,-9999.0,-9999.0,-9999.0,0.0,9.0,-999.9,-999.9,-999.9,-5981.4,0.0,0.0,0.0,0.0,0.0,0.0,0.0,0.0,0.0,0.0,0.0,-5981.4,0.2747378158776984,6.80499498,0.0,,,,,,,,,,,,,,,,,0.5625,0.0211786893539218,1.40625,0.0529467233848045,0.0084375,0.0317680340308827,0.04921875,0.1853135318468157,0.2747378158776984,68705,,,2.827854105336308e-09,Information
642620,12480.0,24948.49564,BRA,Brazil,Paraná,0.268687965,0.0,0.63,0.51,12480.0,12480.0,0.0,1.0,-9999.0,-9999.0,-9999.0,0.0,10.0,-999.9,-999.9,-999.9,-5979.4,0.0,0.0,0.0,0.0,0.0,0.0,0.0,0.0,0.0,0.0,0.0,-5979.4,5.350278929329008,5.3737593,0.0,,,,,,,,,,,,,,,,,0.0,0.0,109.125,0.4374011226654308,0.0,0.0,3.819375,1.530903929329008,5.350278929329008,1758965,,,0.0020343472744406,Information
642721,12489.0,2966.284459,BRA,Brazil,Mato Grosso do Sul,0.563033282,0.0,0.63,0.51,12489.0,12489.0,0.0,2.0,-9999.0,-9999.0,-9999.0,0.0,9.0,-999.9,-999.9,-999.9,-5981.4,0.0,0.0,0.0,0.0,0.0,0.0,0.0,0.0,0.0,0.0,0.0,-5981.4,5.228048430955461,11.26066564,0.0,,,,,,,,,,,,,,,,,0.0,0.0,34.171875,1.1520093731301315,0.0,0.0,1.196015625,4.032032805955461,5.228048430955461,20706,,,0.002315315418917,Information
642722,12490.0,13843.149,BRA,Brazil,Mato Grosso do Sul,0.086659768,0.0,0.63,0.51,12490.0,12490.0,0.0,2.0,-9999.0,-9999.0,-9999.0,0.0,9.0,-999.9,-999.9,-999.9,-5981.4,0.0,0.0,0.0,0.0,0.0,0.0,0.0,0.0,0.0,0.0,0.0,-5981.4,1.5125986118664172,1.73319536,0.0,,64.75,0.468,25.062,0.181,0.0,0.0,0.0,0.0,0.25062,0.181,0.0,0.0,0.0,0.0,0.43162,0.140625,0.0010158454553505,25.03125,0.1808204910523976,0.002109375,0.0015237681830257,0.87609375,0.6328717186833915,1.5125986118664172,870176,,,1.497427766566737e-05,Information
642723,12491.0,7528.450258,BRA,Brazil,Mato Grosso do Sul,0.245528933,0.0,0.63,0.51,12491.0,,,,,,,,,,,,,,,,,,,,,,,,,3.34619592909622,4.9105786600000005,0.0,,40.75,0.541,21.5,0.286,0.0,0.0,0.0,0.0,0.215,0.286,0.0,0.0,0.0,0.0,0.501,0.0,0.0,41.0625,0.5454309797417771,0.0,0.0,1.4371875,1.90900842909622,3.34619592909622,5420,,,0.0004084655276868,Information
642726,12494.0,4549.116309,BRA,Brazil,Mato Grosso do Sul,0.346491219,0.0,0.63,0.51,12494.0,,,,,,,,,,,,,,,,,,,,,,,,,0.1574128401459936,6.92982438,0.0,,2.938,0.065,2.938,0.065,0.25,0.005,0.062,0.001,0.02938,0.065,0.00375,0.0075,0.00155,0.0025,0.10968,0.0,0.0,1.40625,0.0309125971845696,0.0,0.0,0.04921875,0.1081940901459936,0.1574128401459936,91960,,,8.725970528682844e-11,Information
642740,12499.0,22521.32769,BRA,Brazil,Mato Grosso do Sul,1.611496168,0.0,0.63,0.51,12499.0,12499.0,0.0,1.0,-9999.0,-9999.0,-9999.0,0.0,10.0,-999.9,-999.9,-999.9,-5979.4,0.0,0.0,0.0,0.0,0.0,0.0,0.0,0.0,0.0,0.0,0.0,-5979.4,4.888809436486798,32.22992336,0.0,,,,,,,,,,,,,,,,,0.28125,0.0012488162504563,96.609375,0.4289683820317466,0.00421875,0.0018732243756844,3.381328125,1.501389337111113,4.888809436486798,20427,,,0.004279653543217,Information
642760,12501.0,25275.82284,BRA,Brazil,Mato Grosso do Sul,1.36997954,0.0,0.63,0.51,12501.0,12501.0,0.0,2.0,-9999.0,-9999.0,-9999.0,0.0,9.0,-999.9,-999.9,-999.9,-5981.4,0.0,0.0,0.0,0.0,0.0,0.0,0.0,0.0,0.0,0.0,0.0,-5981.4,4.835875251985867,27.3995908,0.0,,,,,,,,,,,,,,,,,0.0,0.0,99.0,0.3916786434245337,0.0,0.0,3.465,1.3708752519858678,4.835875251985867,38439,,,0.0033752484888104,Information
642790,12512.0,12333.89765,BRA,Brazil,São Paulo,0.376448854,0.0,0.63,0.51,12512.0,,,,,,,,,,,,,,,,,,,,,,,,,9.295635151108762,7.52897708,0.0,,40.938,0.332,33.75,0.274,0.0,0.0,0.0,0.0,0.3375,0.274,0.0,0.0,0.0,0.0,0.6115,0.0,0.0,146.671875,1.1891770074596462,0.0,0.0,5.133515625,4.162119526108762,9.295635151108762,235628,,,0.0107993950324903,Information
642811,12513.0,5948.052299,BRA,Brazil,Mato Grosso do Sul,0.634650064,0.0,0.63,0.51,12513.0,,,,,,,,,,,,,,,,,,,,,,,,,6.234470975836118,12.69300128,0.0,,53.875,0.906,51.375,0.864,0.125,0.002,0.0,0.0,0.51375,0.864,0.001875,0.003,0.0,0.0,1.382625,17.859375,0.3002558502002945,58.78125,0.9882436644387648,0.267890625,0.4503837753004417,2.05734375,3.4588528255356765,6.234470975836118,56984,,,0.0041534191863373,Information
642812,12514.0,7214.438259,BRA,Brazil,Goiás,2.374160003,0.0,0.63,0.51,12514.0,,,,,,,,,,,,,,,,,,,,,,,,,2.934355200467833,47.48320006,0.0,,17.562,0.243,8.312,0.115,0.0,0.0,0.0,0.0,0.08312,0.115,0.0,0.0,0.0,0.0,0.19812,5.203125,0.0721209997625041,32.90625,0.4561165930925935,0.078046875,0.1081814996437561,1.15171875,1.5964080758240773,2.934355200467833,70427,,,0.0019592739180209,Information
642813,12515.0,1096.221049,BRA,Brazil,Minas Gerais,0.341569596,0.0,0.63,0.51,12515.0,,,,,,,,,,,,,,,,,,,,,,,,,9.487234865270446,6.83139192,0.0,,44.375,4.048,44.188,4.031,1.312,0.12,0.0,0.0,0.44188,4.031,0.01968,0.18,0.0,0.0,4.67256,7.03125,0.6414080450315414,23.765625,2.16795919220661,0.10546875,0.962112067547312,0.831796875,7.587857172723135,9.487234865270446,7035,,,0.011172148411765,Information
642814,12516.0,7504.053808,BRA,Brazil,Goiás,0.650238363,0.0,0.63,0.51,12516.0,,,,,,,,,,,,,,,,,,,,,,,,,3.030939076256035,13.00476726,0.0,,69.938,0.932,30.0,0.4,1.312,0.017,0.0,0.0,0.3,0.4,0.01968,0.0255,0.0,0.0,0.74518,0.0,0.0,37.125,0.49473259321601,0.0,0.0,1.299375,1.731564076256035,3.030939076256035,3109,,,0.0003939928884673,Information
642817,12519.0,72.77543548,BRA,Brazil,Goiás,2.914938371,0.0,0.63,0.51,12519.0,,,,,,,,,,,,,,,,,,,,,,,,,6.131086285334884,58.29876742,0.0,,0.438,0.601,0.438,0.601,0.0,0.0,0.0,0.0,0.00438,0.601,0.0,0.0,0.0,0.0,0.60538,0.0,0.0,1.265625,1.7390826886671096,0.0,0.0,0.044296875,6.086789410334884,6.131086285334884,0,,,0.0276088837422634,Information
642819,12521.0,8843.569143,BRA,Brazil,Goiás,0.30565885,0.0,0.63,0.51,12521.0,,,,,,,,,,,,,,,,,,,,,,,,,3.691550663696504,6.113176999999999,0.0,,18.125,0.205,12.5,0.141,0.0,0.0,0.0,0.0,0.125,0.141,0.0,0.0,0.0,0.0,0.266,0.0,0.0,49.5,0.5597287610561438,0.0,0.0,1.7325,1.9590506636965035,3.691550663696504,98523,,,0.0006059946863444,Information
642820,12522.0,14462.81993,BRA,Brazil,Minas Gerais,0.666063273,0.0,0.63,0.51,12522.0,,,,,,,,,,,,,,,,,,,,,,,,,1.027542566264868,13.32126546,0.0,,49.375,0.341,32.688,0.226,0.875,0.006,0.0,0.0,0.32688,0.226,0.013125,0.009,0.0,0.0,0.5750050000000001,4.078125,0.0281973019020397,15.609375,0.1079276038319453,0.061171875,0.0422959528530595,0.546328125,0.3777466134118085,1.027542566264868,169011,,,4.602792138502753e-06,Information
642830,12523.0,153.2388566,BRA,Brazil,Goiás,0.078578501,0.0,0.63,0.51,12523.0,,,,,,,,,,,,,,,,,,,,,,,,,4.8916743717729085,1.5715700199999998,0.0,,0.375,0.245,0.375,0.245,0.0,0.0,0.0,0.0,0.00375,0.245,0.0,0.0,0.0,0.0,0.24875,0.0,0.0,2.109375,1.3765274990779737,0.0,0.0,0.073828125,4.817846246772908,4.8916743717729085,2975,,,0.001341964104759,Information
642841,12524.0,2268.218983,BRA,Brazil,Goiás,0.467427279,0.0,0.63,0.51,12524.0,,,,,,,,,,,,,,,,,,,,,,,,,7.598442167145888,9.34854558,0.0,,13.25,0.584,8.062,0.355,0.0,0.0,0.0,0.0,0.08062,0.355,0.0,0.0,0.0,0.0,0.43562,0.140625,0.0061997982153612,40.078125,1.766942491377956,0.002109375,0.0092996973230417,1.402734375,6.184298719822846,7.598442167145888,36309,,,0.0065861113226052,Information
642844,12527.0,12933.0894,BRA,Brazil,Goiás,0.695097898,0.0,0.63,0.51,12527.0,12527.0,0.0,1.0,-9999.0,-9999.0,-9999.0,0.0,10.0,-999.9,-999.9,-999.9,-5979.4,0.0,0.0,0.0,0.0,0.0,0.0,0.0,0.0,0.0,0.0,0.0,-5979.4,2.9237192779305192,13.90195796,0.0,,16.062,0.124,13.25,0.102,0.0,0.0,0.062,0.0,0.1325,0.102,0.0,0.0,0.00155,0.0,0.2360499999999999,0.0,0.0,47.109375,0.3642546151230055,0.0,0.0,1.648828125,1.2748911529305191,2.9237192779305192,337457,,,0.0003589762614725,Information
642845,12528.0,511.8113585,BRA,Brazil,Goiás,0.948669635,0.0,0.63,0.51,12528.0,12528.0,0.0,1.0,-9999.0,-9999.0,-9999.0,0.0,10.0,-999.9,-999.9,-999.9,-5979.4,0.0,0.0,0.0,0.0,0.0,0.0,0.0,0.0,0.0,0.0,0.0,-5979.4,15.466414653326998,18.9733927,0.0,,,,,,,,,,,,,,,,,0.0,0.0,21.515625,4.203819365236285,0.0,0.0,0.753046875,14.713367778326996,15.466414653326998,4295,,,0.0488501054276449,Information
642846,12529.0,8138.267686,BRA,Brazil,Goiás,0.2188919,0.0,0.63,0.51,12529.0,,,,,,,,,,,,,,,,,,,,,,,,,2.872492087360877,4.377838,0.0,,75.312,0.925,19.75,0.243,0.0,0.0,0.0,0.0,0.1975,0.243,0.0,0.0,0.0,0.0,0.4405,0.28125,0.0034558951715458,36.703125,0.4509943198867309,0.00421875,0.0051838427573187,1.284609375,1.578480119603558,2.872492087360877,111496,,,0.0002281110836968,Information
642847,12530.0,5390.451413,BRA,Brazil,Goiás,0.521414901,0.0,0.63,0.51,12530.0,,,,,,,,,,,,,,,,,,,,,,,,,1.7987332872232136,10.42829802,0.0,,39.125,0.726,1.812,0.034,2.0,0.037,0.0,0.0,0.01812,0.034,0.03,0.0554999999999999,0.0,0.0,0.13762,0.0,0.0,18.0,0.3339237963494896,0.0,0.0,0.63,1.1687332872232137,1.7987332872232136,58494,,,4.653998034734308e-05,Information
642848,12531.0,2143.370086,BRA,Brazil,Goiás,0.130579063,0.0,0.63,0.51,12531.0,,,,,,,,,,,,,,,,,,,,,,,,,0.37394,2.61158126,0.0,,44.875,2.094,5.562,0.26,0.688,0.032,0.0,0.0,0.05562,0.26,0.01032,0.048,0.0,0.0,0.37394,,,,,,,,,,172674,,,1.3306975682391557e-08,Information
642850,12533.0,19759.68027,BRA,Brazil,Goiás,1.239365425,0.0,0.63,0.51,12533.0,12533.0,0.0,1.0,-9999.0,-9999.0,-9999.0,0.0,10.0,-999.9,-999.9,-999.9,-5979.4,0.0,0.0,0.0,0.0,0.0,0.0,0.0,0.0,0.0,0.0,0.0,-5979.4,8.508769693574537,24.7873085,0.0,,,,,,,,,,,,,,,,,12.09375,0.061204178568117,156.234375,0.7906725859206749,0.18140625,0.0918062678521755,5.468203125,2.7673540507223624,8.508769693574537,2876019,,,0.0146575669289618,Information
642868,12541.0,5497.610009,BRA,Brazil,Goiás,0.025303449,0.0,0.63,0.51,12541.0,,,,,,,,,,,,,,,,,,,,,,,,,0.6719284616097485,0.50606898,0.0,,70.438,1.281,15.438,0.281,3.0,0.055,0.0,0.0,0.15438,0.281,0.045,0.0825,0.0,0.0,0.56288,2.109375,0.0383689457176768,5.90625,0.1074330480094952,0.031640625,0.0575534185765152,0.20671875,0.3760156680332332,0.6719284616097485,1921210,,,2.900906895980666e-07,Information
642869,12542.0,8961.035308,BRA,Brazil,Goiás,0.06682224,0.0,0.63,0.51,12542.0,,,,,,,,,,,,,,,,,,,,,,,,,13.392924074935037,1.3364448000000002,0.0,,64.938,0.725,24.188,0.27,3.25,0.036,0.0,0.0,0.2418799999999999,0.27,0.04875,0.0539999999999999,0.0,0.0,0.61463,64.96875,0.7250138824972195,153.0,1.707392000339773,0.97453125,1.0875208237458294,5.355,5.975872001189205,13.392924074935037,2546653,,,0.0229131826384553,Information
642899,12553.0,12077.30328,BRA,Brazil,Goiás,0.367756355,0.0,0.63,0.51,12553.0,,,,,,,,,,,,,,,,,,,,,,,,,11.455986621699466,7.3551271,0.0,,39.0,0.323,28.188,0.233,0.875,0.007,0.5,0.004,0.2818799999999999,0.233,0.013125,0.0105,0.0125,0.01,0.561005,14.203125,0.1176017913534491,172.96875,1.4321802313340837,0.213046875,0.1764026870301736,6.05390625,5.012630809669293,11.455986621699466,47812,,,0.0182971726431639,Information
642910,12554.0,8344.060478,BRA,Brazil,São Paulo,0.157081731,0.0,0.63,0.51,12554.0,,,,,,,,,,,,,,,,,,,,,,,,,6.962239389265145,3.14163462,0.0,,26.625,0.319,11.625,0.139,0.0,0.0,0.0,0.0,0.11625,0.139,0.0,0.0,0.0,0.0,0.25525,5.0625,0.0606718996507749,88.3125,1.0583875827968523,0.0759375,0.0910078494761623,3.0909375,3.704356539788983,6.962239389265145,307483,,,0.0042348508525297,Information
642942,12558.0,12672.40364,BRA,Brazil,São Paulo,0.493064818,0.0,0.63,0.51,12558.0,12558.0,0.0,7.0,-9999.0,-9999.0,-9999.0,0.0,4.0,-999.9,-999.9,-999.9,-5991.4,0.0,0.0,0.0,0.0,0.0,0.0,0.0,0.0,0.0,0.0,0.0,-5991.4,2.746153712428944,9.86129636,0.0,,,,,,,,,,,,,,,,,0.28125,0.0022193895326228,43.734375,0.34511507232286,0.00421875,0.0033290842989342,1.530703125,1.20790275313001,2.746153712428944,1586135,,,0.0002404745586024,Information
642945,12561.0,6138.70716,BRA,Brazil,São Paulo,0.554822778,0.0,0.63,0.51,12561.0,12561.0,0.0,9.0,-9999.0,-9999.0,-9999.0,0.0,2.0,-999.9,-999.9,-999.9,-5995.4,0.0,0.0,0.0,0.0,0.0,0.0,0.0,0.0,0.0,0.0,0.0,-5995.4,4.593574431415866,11.09645556,0.0,,20.562,0.335,8.25,0.134,0.0,0.0,0.0,0.0,0.0825,0.134,0.0,0.0,0.0,0.0,0.2165,0.0,0.0,49.921875,0.8132310875473902,0.0,0.0,1.747265625,2.8463088064158657,4.593574431415866,471733,,,0.0015238097340786,Information
642970,12568.0,16524.09651,BRA,Brazil,Minas Gerais,1.787813057,0.0,0.63,0.51,12568.0,,,,,,,,,,,,,,,,,,,,,,,,,14.893532698613802,35.75626114,0.0,,92.25,0.558,31.438,0.19,1.25,0.008,0.0,0.0,0.31438,0.19,0.01875,0.012,0.0,0.0,0.5351300000000001,62.71875,0.3795593298850796,238.21875,1.4416446296531948,0.94078125,0.5693389948276194,8.33765625,5.045756203786182,14.893532698613802,648234,,,0.0719038785392776,Information
642980,12569.0,25256.60136,BRA,Brazil,Minas Gerais,2.740440753,0.0,0.63,0.51,12569.0,,,,,,,,,,,,,,,,,,,,,,,,,13.827619435661742,54.80881506,0.0,,10.0,0.04,8.25,0.033,0.188,0.001,0.0,0.0,0.0825,0.033,0.00282,0.0015,0.0,0.0,0.11982,52.03125,0.2060104970464004,260.71875,1.032279625740612,0.78046875,0.3090157455696006,9.12515625,3.6129786900921417,13.827619435661742,1565905,,,0.1181602146473675,Information
642990,12570.0,26491.18589,BRA,Brazil,Minas Gerais,1.416796172,0.0,0.63,0.51,12570.0,,,,,,,,,,,,,,,,,,,,,,,,,6.706194979358813,28.33592344,0.0,,19.125,0.072,9.125,0.034,0.312,0.001,0.0,0.0,0.09125,0.034,0.00468,0.0015,0.0,0.0,0.13143,42.046875,0.1587202444622429,121.078125,0.4570506036186995,0.630703125,0.2380803666933643,4.237734375,1.599677112665448,6.706194979358813,989592,,,0.0089191425293895,Information
625009,16254.0,1056.617791,BRA,Brazil,Pará,1.189031664,1.945257906,0.63,0.51,16254.0,,,,,,,,,,,,,,,,,,,,,,,,,16.996085132054624,23.78063328,38.90515812,,11.125,1.053,9.25,0.875,0.125,0.012,0.0,0.0,0.0925,0.875,0.001875,0.018,0.0,0.0,0.987375,31.5,2.981210449853018,32.90625,3.1143002020786,0.4725,4.471815674779527,1.15171875,10.9000507072751,16.996085132054624,63465,,,0.1003703016869146,Information
631031,16255.0,1486.10267,BRA,Brazil,Maranhão,4.000983784,4.012000461,0.63,0.51,16255.0,,,,,,,,,,,,,,,,,,,,,,,,,29.98191739818738,80.01967567999999,80.24000922,3.0,17.188,1.157,13.312,0.896,0.125,0.008,0.0,0.0,0.13312,0.896,0.001875,0.012,0.0,0.0,1.042995,59.765625,4.021634993150132,85.21875,5.734378366703481,0.896484375,6.032452489725197,2.98265625,20.070324283462185,29.98191739818738,41535,451.0,1.085831226676297,0.6616371046803577,Watch
633091,16257.0,5482.866321,BRA,Brazil,Pernambuco,3.334104665,0.958406843,0.63,0.51,16257.0,,,,,,,,,,,,,,,,,,,,,,,,,2.585158828962408,66.68209329999999,19.16813686,,39.188,0.715,29.438,0.537,0.75,0.014,0.0,0.0,0.29438,0.537,0.01125,0.021,0.0,0.0,0.86363,4.921875,0.0897682838151832,24.046875,0.4385821866398952,0.073828125,0.1346524257227748,0.841640625,1.535037653239633,2.585158828962408,2662100,,,0.0052894710749506,Information
635900,16259.0,22559.19714,BRA,Brazil,Rio de Janeiro,2.419923632,1.055197865,0.63,0.51,16259.0,,,,,,,,,,,,,,,,,,,,,,,,,30.35484641274797,48.39847264,21.1039573,,65.375,0.29,31.875,0.141,8.75,0.039,0.875,0.004,0.31875,0.141,0.13125,0.0584999999999999,0.021875,0.01,0.681375,128.671875,0.5703743542835247,545.765625,2.4192599660921954,1.930078125,0.855561531425287,19.101796875,8.467409881322684,30.35484641274797,15422534,,,0.2978497018052873,Information
622658,11555.0,32171.39233,BOL,Bolivia,Pando,2.678785391,0.0,0.55,0.63,11555.0,11555.0,1.0,1.0,100.0,3.0,-9999.0,3.0,10.0,10.0,0.3,-999.9,-3295.2666666666664,0.0,0.0,0.0,0.0,0.0,0.0,0.0,0.0,0.0,0.0,0.0,-3295.2666666666664,9.17625578164171,53.57570782,0.0,,,,,,,,,,,,,,,,,68.34375,0.2124364071671095,170.71875,0.5306539059688703,1.02515625,0.3186546107506642,5.97515625,1.857288670891046,9.17625578164171,51875,,,0.0524869898302349,Information
622661,11557.0,3525.10307,BOL,Bolivia,El Beni,2.79763177,0.0,0.55,0.63,11557.0,,,,,,,,,,,,,,,,,,,,,,,,,11.20374548778387,55.952635400000005,0.0,,2.0,0.057,2.0,0.057,0.812,0.023,0.438,0.012,0.02,0.057,0.01218,0.0345,0.01095,0.03,0.16463,27.0,0.7659350511218411,71.859375,2.0385042246003167,0.405,1.1489025766827616,2.515078125,7.134764786101108,11.20374548778387,21962,,,0.0854969207645142,Information
622662,11558.0,33784.10942,BOL,Bolivia,Pando,4.076652379,0.0,0.55,0.63,11558.0,11558.0,1.0,1.0,100.0,21.0,-9999.0,3.0,10.0,10.0,2.1,-999.9,-1949.6,0.0,0.0,0.0,0.0,0.0,0.0,0.0,0.0,0.0,0.0,0.0,-1949.6,17.229877069496983,81.53304758000002,0.0,,47.375,0.14,11.812,0.035,0.812,0.002,0.062,0.0,0.1181199999999999,0.035,0.01218,0.003,0.00155,0.0,0.1698499999999999,113.90625,0.3371592501896081,331.03125,0.9798430554893056,1.70859375,0.5057388752844121,11.58609375,3.4294506942125698,17.229877069496983,54318,,,0.4723603439112917,Advisory
622663,11559.0,267.8135128,BOL,Bolivia,El Beni,3.105933438,0.0,0.55,0.63,11559.0,,,,,,,,,,,,,,,,,,,,,,,,,21.323304540679416,62.118668760000006,0.0,,0.812,0.303,0.25,0.093,0.562,0.21,0.25,0.093,0.0025,0.093,0.00843,0.315,0.00625,0.2324999999999999,0.65768,0.984375,0.3675598701890162,15.46875,5.775940817255969,0.014765625,0.5513398052835243,0.54140625,20.21579286039589,21.323304540679416,36832,,,0.2827613674399598,Information
622665,11561.0,66294.37413,BOL,Bolivia,La Paz,4.0342193,0.0,0.55,0.63,11561.0,,,,,,,,,,,,,,,,,,,,,,,,,46.435158322817166,80.684386,0.0,3.0,246.562,0.372,74.875,0.113,47.0,0.071,2.5,0.004,0.74875,0.113,0.705,0.1064999999999999,0.0625,0.01,1.74575,299.953125,0.4524563794844871,1185.1875,1.78776482245441,4.499296875,0.6786845692267306,35.0,6.257176878590435,46.435158322817166,140051,1820.0,1.2995266010239128,0.809795544271977,Warning
622668,11564.0,13003.21159,BOL,Bolivia,La Paz,0.630732017,0.0,0.55,0.63,11564.0,,,,,,,,,,,,,,,,,,,,,,,,,1.9478797476375127,12.61464034,0.0,,4.625,0.036,2.062,0.016,2.312,0.018,1.312,0.01,0.02062,0.016,0.03468,0.0269999999999999,0.0328,0.025,0.1561,8.4375,0.0648878159109205,27.84375,0.2141297925060377,0.1265625,0.0973317238663807,0.97453125,0.7494542737711319,1.9478797476375127,1191140,,,7.130814265164705e-05,Information
622674,11569.0,20760.84301,BOL,Bolivia,El Beni,4.025119481,0.0,0.55,0.63,11569.0,,,,,,,,,,,,,,,,,,,,,,,,,42.53266739212621,80.50238962,0.0,3.0,81.0,0.39,21.125,0.102,16.375,0.079,2.188,0.011,0.21125,0.102,0.245625,0.1185,0.0547,0.0274999999999999,0.759575,203.203125,0.9787807022668094,733.078125,3.531061453921714,3.048046875,1.468171053400214,25.657734375,12.358715088726,42.53266739212621,7925,0.0,0.0,0.7822988268806678,Watch
622677,11572.0,2634.989511,BOL,Bolivia,El Beni,3.073720645,0.0,0.55,0.63,11572.0,,,,,,,,,,,,,,,,,,,,,,,,,11.850969053216405,61.4744129,0.0,,2.375,0.09,2.25,0.085,0.062,0.002,0.0,0.0,0.0225,0.085,0.0009299999999999,0.003,0.0,0.0,0.11143,21.375,0.8111986748727701,61.453125,2.3321961902592143,0.320625,1.216798012309155,2.150859375,8.16268666590725,11.850969053216405,127,,,0.1192164143643966,Information
622682,11576.0,217661.3313,BOL,Bolivia,Santa Cruz,3.287612385,0.0,0.55,0.63,11576.0,11576.0,0.0,1.0,-9999.0,-9999.0,-9999.0,0.0,10.0,-999.9,-999.9,-999.9,-5979.4,0.0,0.0,0.0,0.0,0.0,0.0,0.0,0.0,0.0,0.0,0.0,-5979.4,57.44178606486319,65.7522477,0.0,3.0,691.125,0.318,241.625,0.111,42.438,0.019,7.938,0.004,2.41625,0.111,0.6365700000000001,0.0284999999999999,0.19845,0.01,3.40077,2137.078125,0.9818363747686412,3712.078125,1.7054375722029231,15.0,1.4727545621529616,35.0,5.969031502710231,57.44178606486319,332828,2166.0,0.6507865924741909,0.6974746515842829,Watch
622684,11578.0,19077.5148,BOL,Bolivia,El Beni,4.21103083,0.0,0.55,0.63,11578.0,,,,,,,,,,,,,,,,,,,,,,,,,66.14131625144631,84.2206166,0.0,3.0,11.0,0.058,10.5,0.055,17.0,0.089,7.25,0.038,0.105,0.055,0.255,0.1335,0.18125,0.095,0.82475,603.984375,3.165948926246801,981.0,5.142179210593175,9.059765625,4.748923389370201,34.335,17.997627237076113,66.14131625144631,12629,0.0,0.0,0.9240838503449078,Warning
622685,11579.0,48717.29645,BOL,Bolivia,Santa Cruz,4.038987415,0.0,0.55,0.63,11579.0,,,,,,,,,,,,,,,,,,,,,,,,,41.908225493225416,80.77974830000001,0.0,3.0,6.125,0.013,6.125,0.013,49.438,0.101,74.875,0.154,0.06125,0.013,0.7415700000000001,0.1515,1.871875,0.385,3.224195,82.546875,0.1694405909578306,958.078125,1.966607744796764,1.238203125,0.2541608864367459,33.532734375,6.883127106788674,41.908225493225416,138159,4308.0,3.1181464833995616,0.7821625691304676,Watch
622686,11580.0,15231.82049,BOL,Bolivia,Santa Cruz,2.220930018,0.0,0.55,0.63,11580.0,,,,,,,,,,,,,,,,,,,,,,,,,2.918840609388317,44.41860036,0.0,,11.875,0.078,10.188,0.067,1.438,0.009,1.188,0.008,0.10188,0.067,0.02157,0.0134999999999999,0.0296999999999999,0.02,0.25365,0.0,0.0,50.34375,0.3305169598252335,0.0,0.0,1.76203125,1.1568093593883173,2.918840609388317,43014,,,0.001606119920839,Information
622688,11582.0,17718.23523,BOL,Bolivia,Santa Cruz,1.161299561,0.0,0.55,0.63,11582.0,,,,,,,,,,,,,,,,,,,,,,,,,2.6044950000000004,23.22599122,0.0,,172.375,0.973,162.562,0.917,2.625,0.015,0.0,0.0,1.62562,0.917,0.039375,0.0225,0.0,0.0,2.6044950000000004,0.0,0.0,9.84375,0.0555571696127159,0.0,0.0,0.34453125,0.1944500936445056,0.5389813436445057,262,,,0.0003576751084939,Information
622691,11584.0,19369.71819,BOL,Bolivia,El Beni,4.141722118,0.0,0.55,0.63,11584.0,,,,,,,,,,,,,,,,,,,,,,,,,90.54960146346303,82.83444236,0.0,3.0,160.0,0.826,50.562,0.261,49.688,0.257,11.875,0.061,0.50562,0.261,0.7453200000000001,0.3855,0.296875,0.1525,2.346815,903.515625,4.664578058975366,2258.859375,11.661808149621992,13.552734375,6.996867088463048,35.0,35.0,90.54960146346303,7963,1180.0,14.8185357277408,0.9518430685953196,Warning
622692,11585.0,21511.3874,BOL,Bolivia,El Beni,4.1201444,0.0,0.55,0.63,11585.0,,,,,,,,,,,,,,,,,,,,,,,,,64.63154757884635,82.402888,0.0,3.0,114.062,0.53,25.188,0.117,50.5,0.235,12.875,0.06,0.25188,0.117,0.7575,0.3525,0.321875,0.15,1.950755,379.828125,1.765707241507948,1308.234375,6.0815899547384085,5.697421875,2.648560862261922,35.0,21.28556484158443,64.63154757884635,65217,49.0,0.07513378413603815,0.9033652695871804,Warning
622693,11586.0,44028.79109,BOL,Bolivia,El Beni,4.232319727,0.0,0.55,0.63,11586.0,,,,,,,,,,,,,,,,,,,,,,,,,71.80358213261778,84.64639454,0.0,3.0,224.25,0.509,88.812,0.202,167.125,0.38,57.812,0.131,0.88812,0.202,2.506875,0.5700000000000001,1.4453,0.3275,5.939794999999999,754.453125,1.7135449469860504,2882.8125,6.547562239182486,11.316796875,2.570317420479076,35.0,22.916467837138704,71.80358213261778,171253,2188.0,1.2776418515296084,0.938534133008624,Warning
622694,11587.0,21164.38648,BOL,Bolivia,El Beni,4.038465576,0.0,0.55,0.63,11587.0,,,,,,,,,,,,,,,,,,,,,,,,,15.67513583506496,80.76931152,0.0,,95.0,0.449,82.688,0.391,6.375,0.03,1.0,0.005,0.8268800000000001,0.391,0.095625,0.045,0.025,0.0125,1.396005,0.28125,0.001328883311774,304.03125,1.4365228600278,0.00421875,0.001993324967661,10.64109375,5.0278300100973,15.67513583506496,118320,,,0.419008115594301,Advisory
622695,11588.0,3278.202433,BOL,Bolivia,El Beni,4.213391097,0.0,0.55,0.63,11588.0,,,,,,,,,,,,,,,,,,,,,,,,,54.761328125,84.26782193999999,0.0,3.0,0.0,0.0,0.0,0.0,17.25,0.526,0.625,0.019,0.0,0.0,0.25875,0.789,0.015625,0.0475,1.110875,0.0,0.0,564.609375,17.223139403741726,0.0,0.0,19.761328125,35.0,54.761328125,1478,215.0,14.546684709066307,0.8938518576413764,Warning
622696,11589.0,20251.19749,BOL,Bolivia,Santa Cruz,4.002399326,0.0,0.55,0.63,11589.0,,,,,,,,,,,,,,,,,,,,,,,,,15.72477,80.04798652,0.0,,1012.188,4.998,1008.312,4.979,32.938,0.163,0.188,0.001,10.0,4.979,0.49407,0.2445,0.0046999999999999,0.0025,15.72477,0.0,0.0,272.671875,1.3464481550042804,0.0,0.0,9.543515625,4.7125685425149815,14.25608416751498,192506,,,0.4059045251703444,Advisory
622697,11590.0,1852.307576,BOL,Bolivia,Santa Cruz,4.369565168,0.0,0.55,0.63,11590.0,,,,,,,,,,,,,,,,,,,,,,,,,20.092828095784466,87.39130336000001,0.0,3.0,0.0,0.0,0.0,0.0,1.25,0.067,0.0,0.0,0.0,0.0,0.01875,0.1005,0.0,0.0,0.11925,0.0,0.0,89.71875,4.843620527366989,0.0,0.0,3.14015625,16.95267184578446,20.092828095784466,0,0.0,0.0,0.6793837156202851,Watch
622698,11591.0,25370.03639,BOL,Bolivia,Santa Cruz,3.535518746,0.0,0.55,0.63,11591.0,,,,,,,,,,,,,,,,,,,,,,,,,15.864735140368492,70.71037492,0.0,,168.812,0.665,168.812,0.665,12.312,0.049,2.688,0.011,1.68812,0.665,0.18468,0.0735,0.0672,0.0274999999999999,2.7060000000000004,0.0,0.0,325.125,1.281531468676712,0.0,0.0,11.379375,4.485360140368492,15.864735140368492,1259724,,,0.2698936619348445,Information
622699,11592.0,79413.94459,BOL,Bolivia,Cochabamba,1.334782522,0.0,0.55,0.63,11592.0,,,,,,,,,,,,,,,,,,,,,,,,,23.293928486712943,26.69565044,0.0,,32.438,0.041,27.188,0.034,15.875,0.02,7.688,0.01,0.27188,0.034,0.238125,0.03,0.1921999999999999,0.025,0.791205,3.09375,0.0038957263939426,589.78125,0.7426671134634375,0.04640625,0.0058435895909139,20.64234375,2.599334897122031,23.293928486712943,3750337,,,0.1258092168490246,Information
642472,12412.0,70999.954,BOL,Bolivia,Santa Cruz,3.036639896,0.0,0.55,0.63,12412.0,,,,,,,,,,,,,,,,,,,,,,,,,3.85993,60.73279792,0.0,,570.938,0.804,331.125,0.466,4.812,0.007,0.0,0.0,3.31125,0.466,0.07218,0.0105,0.0,0.0,3.85993,0.0,0.0,85.359375,0.1202245497222703,0.0,0.0,2.987578125,0.420785924027946,3.4083640490279463,28286,,,0.0101774578916202,Information
642481,12420.0,1988.546253,BOL,Bolivia,Santa Cruz,1.190783982,0.0,0.55,0.63,12420.0,,,,,,,,,,,,,,,,,,,,,,,,,7.087607174461232,23.81567964,0.0,,16.062,0.808,15.312,0.77,0.312,0.016,0.25,0.013,0.15312,0.77,0.00468,0.024,0.00625,0.0325,0.99055,7.171875,0.3606591996381852,30.515625,1.5345695357154157,0.107578125,0.5409887994572778,1.068046875,5.3709933750039545,7.087607174461232,0,,,0.0087790431618935,Information
642482,12421.0,53412.80956,BOL,Bolivia,Santa Cruz,2.670797911,0.0,0.55,0.63,12421.0,,,,,,,,,,,,,,,,,,,,,,,,,17.24373586716416,53.41595822000001,0.0,,143.375,0.268,120.312,0.225,2.688,0.005,20.625,0.039,1.20312,0.225,0.04032,0.0075,0.515625,0.0975,2.089065,186.046875,0.3483188331203158,335.25,0.6276584264239099,2.790703125,0.5224782496804737,11.73375,2.1968044924836847,17.24373586716416,29818,,,0.16015790943906,Information
653440,12755.0,8463.107281,BOL,Bolivia,Santa Cruz,0.14047878,0.0,0.55,0.63,12755.0,,,,,,,,,,,,,,,,,,,,,,,,,3.76581501993372,2.8095756,0.0,,141.938,1.677,119.375,1.411,3.562,0.042,0.5,0.006,1.19375,1.411,0.05343,0.063,0.0125,0.015,2.7486800000000007,2.53125,0.0299092273798834,48.234375,0.5699369439611129,0.03796875,0.0448638410698251,1.688203125,1.9947793038638952,3.76581501993372,16044,,,0.0005755903676201,Information
653603,12764.0,4053.065823,BOL,Bolivia,Santa Cruz,0.675454878,0.0,0.55,0.63,12764.0,,,,,,,,,,,,,,,,,,,,,,,,,5.460947252993346,13.50909756,0.0,,44.5,1.098,38.438,0.948,1.125,0.028,0.0,0.0,0.38438,0.948,0.016875,0.042,0.0,0.0,1.391255,18.703125,0.4614562362929598,36.984375,0.912503685301116,0.280546875,0.6921843544394397,1.294453125,3.193762898553906,5.460947252993346,5137,,,0.0028687576400725,Information
653605,12766.0,3116.867928,BOL,Bolivia,Santa Cruz,3.037647536,0.0,0.55,0.63,12766.0,,,,,,,,,,,,,,,,,,,,,,,,,8.193458173336953,60.75295072,0.0,,149.938,4.811,129.062,4.141,17.812,0.571,0.0,0.0,1.29062,4.141,0.26718,0.8564999999999999,0.0,0.0,6.5553,19.546875,0.6271319622382351,47.25,1.5159448871370285,0.293203125,0.9406979433573526,1.65375,5.3058071049796,8.193458173336953,1052,,,0.0586111011673905,Information
653608,12769.0,1571.867812,BOL,Bolivia,Santa Cruz,0.725595317,0.0,0.55,0.63,12769.0,,,,,,,,,,,,,,,,,,,,,,,,,24.16299869259415,14.51190634,0.0,,5.812,0.37,1.25,0.08,0.562,0.036,0.0,0.0,0.0125,0.08,0.00843,0.0539999999999999,0.0,0.0,0.1549299999999999,50.484375,3.2117443094007285,72.140625,4.589484208140874,0.757265625,4.817616464101093,2.524921875,16.06319472849306,24.16299869259415,273,,,0.103194963858108,Information
653706,12776.0,2581.349585,BOL,Bolivia,Santa Cruz,2.209033501,0.0,0.55,0.63,12776.0,,,,,,,,,,,,,,,,,,,,,,,,,13.420096195890403,44.18067002,0.0,,41.75,1.617,25.438,0.985,3.75,0.145,0.0,0.0,0.25438,0.985,0.05625,0.2174999999999999,0.0,0.0,1.51313,59.203125,2.293495051567855,53.296875,2.064690319582464,0.888046875,3.4402425773517824,1.865390625,7.226416118538623,13.420096195890403,6,,,0.0770255818076617,Information
653707,12777.0,8923.994984,BOL,Bolivia,Santa Cruz,3.450151364,0.0,0.55,0.63,12777.0,,,,,,,,,,,,,,,,,,,,,,,,,38.38653772748857,69.00302728,0.0,,58.062,0.651,53.188,0.596,0.25,0.003,0.0,0.0,0.53188,0.596,0.00375,0.0045,0.0,0.0,1.13613,162.703125,1.8232095074833392,447.46875,5.014220097503877,2.440546875,2.734814261225009,15.66140625,17.549770341263567,38.38653772748857,275,,,0.5846552225730919,Advisory
653800,12797.0,28967.12901,BOL,Bolivia,Santa Cruz,2.261500905,2.654993564,0.55,0.63,12797.0,12797.0,0.0,1.0,-9999.0,-9999.0,-9999.0,0.0,10.0,-999.9,-999.9,-999.9,-5979.4,0.0,0.0,0.0,0.0,0.0,0.0,0.0,0.0,0.0,0.0,0.0,-5979.4,48.28377011548176,45.2300181,53.09987128,,,,,,,,,,,,,,,,,0.421875,0.0014563921744586,1098.703125,3.792930686348591,0.006328125,0.0021845882616879,35.0,13.275257402220069,48.28377011548176,43046,,,0.511597637376165,Advisory
664028,12896.0,10434.70429,BOL,Bolivia,Potosí,0.031292593,0.0,0.55,0.63,12896.0,,,,,,,,,,,,,,,,,,,,,,,,,11.494846909901998,0.62585186,0.0,,51.188,0.491,28.688,0.275,10.875,0.104,0.0,0.0,0.2868799999999999,0.275,0.163125,0.156,0.0,0.0,0.8810049999999999,47.109375,0.4514682324669787,147.515625,1.4137020174861514,0.706640625,0.677202348700468,5.163046875,4.94795706120153,11.494846909901998,468,,,0.0155030986751126,Information
664041,12898.0,48334.15385,BOL,Bolivia,Potosí,2.329639037,0.0,0.55,0.63,12898.0,,,,,,,,,,,,,,,,,,,,,,,,,4.517080065767058,46.59278074,0.0,,19.188,0.04,15.688,0.032,5.875,0.012,0.312,0.001,0.15688,0.032,0.088125,0.018,0.0078,0.0025,0.305305,33.609375,0.0695354574838725,92.53125,0.1914407155832138,0.504140625,0.1043031862258087,3.23859375,0.6700425045412483,4.517080065767058,77016,,,0.0067541391823448,Information
664052,12903.0,16658.68395,BOL,Bolivia,Oruro,3.061790037,0.0,0.55,0.63,12903.0,,,,,,,,,,,,,,,,,,,,,,,,,4.749478314456231,61.23580074,0.0,,11.75,0.071,7.188,0.043,3.5,0.021,1.438,0.009,0.07188,0.043,0.0525,0.0315,0.0359499999999999,0.0225,0.25733,29.53125,0.1772724069110677,72.140625,0.4330511654541797,0.44296875,0.2659086103666015,2.524921875,1.515679079089629,4.749478314456231,42034,,,0.0178880822379235,Information
664053,12904.0,53246.44228,BOL,Bolivia,Oruro,2.873468997,0.0,0.55,0.63,12904.0,,,,,,,,,,,,,,,,,,,,,,,,,6.4784608220442745,57.46937994,0.0,,21.25,0.04,20.5,0.039,5.688,0.011,0.812,0.002,0.205,0.039,0.08532,0.0165,0.0203,0.005,0.37112,61.734375,0.1159408447859834,129.375,0.2429739799615142,0.926015625,0.1739112671789751,4.528125,0.8504089298652997,6.4784608220442745,670453,,,0.0299355723426941,Information
664055,12906.0,16844.70752,BOL,Bolivia,La Paz,1.769618776,0.0,0.55,0.63,12906.0,,,,,,,,,,,,,,,,,,,,,,,,,5.667696247418181,35.39237552,0.0,,12.5,0.074,11.188,0.066,3.125,0.019,1.125,0.007,0.11188,0.066,0.046875,0.0284999999999999,0.028125,0.0175,0.29888,37.265625,0.2212304663170493,85.640625,0.5084126565550305,0.558984375,0.3318456994755739,2.997421875,1.7794442979426068,5.667696247418181,1417695,,,0.0074757913211222,Information
664057,12908.0,131.1564002,BOL,Bolivia,La Paz,4.212271421,0.0,0.55,0.63,12908.0,,,,,,,,,,,,,,,,,,,,,,,,,14.12132405739435,84.24542842,0.0,,0.438,0.334,0.438,0.334,0.0,0.0,0.0,0.0,0.00438,0.334,0.0,0.0,0.0,0.0,0.33838,1.6875,1.286631836067171,4.5,3.431018229512455,0.0253125,1.9299477541007564,0.1575,12.008563803293594,14.12132405739435,7694,,,0.4564249370849714,Advisory
622664,11560.0,125835.6812,PER,Peru,Madre de Dios,3.121758228,0.0,0.59,0.57,11560.0,11560.0,2.0,1.0,100.0,100.0,-9999.0,7.0,10.0,10.0,10.0,-999.9,-912.9,0.0,0.0,0.0,0.0,0.0,0.0,0.0,0.0,0.0,0.0,0.0,-912.9,40.55875999531097,62.43516456,0.0,,398.75,0.317,241.375,0.192,42.625,0.034,4.875,0.004,2.41375,0.192,0.639375,0.051,0.121875,0.01,3.428,244.40625,0.1942265084342488,968.765625,0.7698656021884579,3.66609375,0.2913397626513732,33.906796875,2.694529607659603,40.55875999531097,390602,,,0.5305622953581085,Advisory
622929,11676.0,36871.28497,PER,Peru,Ucayali,3.868855105,0.0,0.59,0.57,11676.0,11676.0,0.0,1.0,-9999.0,-9999.0,-9999.0,0.0,10.0,-999.9,-999.9,-999.9,-5981.4,0.0,0.0,0.0,0.0,0.0,0.0,0.0,0.0,0.0,0.0,0.0,-5981.4,8.799679344418218,77.3771021,0.0,,,,,,,,,,,,,,,,,108.421875,0.2940550487905427,151.3125,0.4103803274949726,1.626328125,0.441082573185814,5.2959375,1.4363311462324042,8.799679344418218,18547,,,0.1725216467210921,Information
622977,11719.0,33013.60099,PER,Peru,Loreto,3.889850313,0.0,0.59,0.57,11719.0,11719.0,1.0,3.0,100.0,11.0,2.0,3.0,8.0,10.0,1.1,0.2,-712.3538461538462,0.0,0.0,0.0,0.0,0.0,0.0,0.0,0.0,0.0,0.0,0.0,-712.3538461538462,28.629209908820545,77.79700626,0.0,3.0,151.812,0.46,67.812,0.205,21.938,0.066,10.062,0.03,0.67812,0.205,0.32907,0.099,0.25155,0.075,1.6377399999999998,69.046875,0.2091467544786334,598.21875,1.8120372577435977,1.035703125,0.3137201317179501,20.93765625,6.342130402102592,28.629209908820545,232185,18118.0,7.803260331201413,0.6003296250187802,Watch
622979,11721.0,27894.13656,PER,Peru,Loreto,3.835304005,0.0,0.59,0.57,11721.0,11721.0,2.0,3.0,100.0,51.0,-9999.0,7.0,8.0,10.0,5.1,-999.9,-1225.4363636363637,0.0,0.0,0.0,0.0,0.0,0.0,0.0,0.0,0.0,0.0,0.0,-1225.4363636363637,23.047878526363128,76.7060801,0.0,,50.375,0.181,37.875,0.136,6.375,0.023,0.062,0.0,0.37875,0.136,0.095625,0.0345,0.00155,0.0,0.646425,158.484375,0.56816375957033,416.8125,1.4942656462878956,2.377265625,0.8522456393554951,14.5884375,5.229929762007634,23.047878526363128,248100,,,0.4957638508771891,Advisory
622981,11722.0,2227.383096,PER,Peru,Loreto,3.638317105,0.0,0.59,0.57,11722.0,11722.0,1.0,8.0,41.0,3.0,-9999.0,3.0,3.0,4.1,0.3,-999.9,-1979.0,0.0,0.0,0.0,0.0,0.0,0.0,0.0,0.0,0.0,0.0,0.0,-1979.0,16.304033130688637,72.7663421,0.0,,16.688,0.749,15.625,0.701,0.0,0.0,0.25,0.011,0.15625,0.701,0.0,0.0,0.00625,0.0274999999999999,0.8909999999999999,20.8125,0.9343924731732568,75.9375,3.4092698345510724,0.3121875,1.4015887097598851,2.6578125,11.932444420928752,16.304033130688637,28687,,,0.3039612776787709,Information
622982,11723.0,43192.54138,PER,Peru,Loreto,4.020638943,0.0,0.59,0.57,11723.0,11723.0,2.0,15.0,98.0,45.0,7.0,7.0,1.0,9.8,4.5,0.7,42.84210526315789,0.0,0.0,0.0,0.0,0.0,0.0,0.0,0.0,0.0,0.0,0.0,42.84210526315789,42.84210526315789,80.41277886,0.0,,,,,,,,,,,,,,,,,60.75,0.1406492835520085,151.453125,0.3506464777442434,0.91125,0.2109739253280127,5.300859375,1.2272626721048518,7.650345972432865,27441,,,0.7830819068353136,Watch
622983,11724.0,36423.99043,PER,Peru,Loreto,4.025740903,0.0,0.59,0.57,11724.0,11724.0,1.0,15.0,82.0,23.0,2.0,3.0,1.0,8.2,2.3,0.2,-2367.72,0.0,0.0,0.0,0.0,0.0,0.0,0.0,0.0,0.0,0.0,0.0,-2367.72,14.649592599244995,80.51481806,0.0,,21.188,0.058,9.125,0.025,0.062,0.0,0.625,0.002,0.09125,0.025,0.0009299999999999,0.0,0.015625,0.005,0.137805,103.78125,0.284925536121956,283.921875,0.779491405732018,1.55671875,0.4273883041829339,9.937265625,2.728219920062063,14.649592599244995,29148,,,0.3877294682173068,Advisory
622984,11725.0,90274.41672,PER,Peru,San Martín,3.155560974,0.0,0.59,0.57,11725.0,11725.0,1.0,3.0,100.0,15.0,-9999.0,3.0,8.0,10.0,1.5,-999.9,-2547.0941176470587,0.0,0.0,0.0,0.0,0.0,0.0,0.0,0.0,0.0,0.0,0.0,-2547.0941176470587,39.01626120678239,63.11121948,0.0,,13.125,0.015,10.938,0.012,0.938,0.001,1.438,0.002,0.10938,0.012,0.01407,0.0015,0.0359499999999999,0.005,0.1779,232.171875,0.257184575021928,904.078125,1.0014776697855694,3.482578125,0.385776862532892,31.642734375,3.505171844249493,39.01626120678239,2004345,,,0.5223574005389651,Advisory
622985,11726.0,4295.200149,PER,Peru,Loreto,4.036988724,0.0,0.59,0.57,11726.0,11726.0,1.0,4.0,100.0,13.0,-9999.0,3.0,7.0,10.0,1.3,-999.9,-461.85,0.0,0.0,0.0,0.0,0.0,0.0,0.0,0.0,0.0,0.0,0.0,-461.85,21.524485502416688,80.73977448000001,0.0,,0.0,0.0,0.0,0.0,0.0,0.0,1.25,0.029,0.0,0.0,0.0,0.0,0.03125,0.0725,0.10375,37.40625,0.8708849110986822,168.75,3.928804110219619,0.56109375,1.3063273666480233,5.90625,13.750814385768669,21.524485502416688,4547,,,0.5442509162255629,Advisory
622987,11728.0,31867.06685,PER,Peru,Loreto,3.64066584,0.0,0.59,0.57,11728.0,11728.0,0.0,5.0,9.0,3.0,2.0,0.0,6.0,0.9,0.3,0.2,-388.8857142857143,0.0,0.0,0.0,0.0,0.0,0.0,0.0,0.0,0.0,0.0,0.0,-388.8857142857143,16.24353914348134,72.8133168,0.0,,,,,,,,,,,,,,,,,59.0625,0.1853402457077072,327.9375,1.0290796499770791,0.8859375,0.2780103685615608,11.4778125,3.6017787749197767,16.24353914348134,100197,,,0.3032653201356164,Information
622991,11731.0,4607.210683,PER,Peru,Loreto,3.470181231,0.0,0.59,0.57,11731.0,11731.0,1.0,1.0,100.0,-9999.0,-9999.0,3.0,10.0,10.0,-999.9,-999.9,-2449.45,0.0,0.0,0.0,0.0,0.0,0.0,0.0,0.0,0.0,0.0,0.0,-2449.45,23.4897687092429,69.40362462,0.0,,30.938,0.672,21.812,0.473,0.062,0.001,0.0,0.0,0.21812,0.473,0.0009299999999999,0.0015,0.0,0.0,0.6935499999999999,92.953125,2.0175575071053538,171.84375,3.729886949595677,1.394296875,3.026336260658031,6.01453125,13.054604323584869,23.4897687092429,12076,,,0.3957679857786174,Advisory
622992,11732.0,18829.29874,PER,Peru,Loreto,4.028006719,0.0,0.59,0.57,11732.0,11732.0,2.0,1.0,100.0,100.0,-9999.0,7.0,10.0,10.0,10.0,-999.9,-2181.5,0.0,0.0,0.0,0.0,0.0,0.0,0.0,0.0,0.0,0.0,0.0,-2181.5,3.880947264274975,80.56013438000001,0.0,,,,,,,,,,,,,,,,,10.828125,0.0575067884738824,67.78125,0.3599775590183289,0.162421875,0.0862601827108236,2.37234375,1.2599214565641512,3.880947264274975,34711,,,0.0535629898773324,Information
622993,11733.0,87889.73514,PER,Peru,Loreto,2.752972125,0.0,0.59,0.57,11733.0,11733.0,1.0,3.0,100.0,-9999.0,-9999.0,3.0,8.0,10.0,-999.9,-999.9,-2276.376190476192,0.0,0.0,0.0,0.0,0.0,0.0,0.0,0.0,0.0,0.0,0.0,-2276.376190476192,55.85225827603432,55.0594425,0.0,,226.688,0.258,148.875,0.169,87.438,0.099,88.375,0.101,1.48875,0.169,1.31157,0.1485,2.209375,0.2525,5.579695,714.234375,0.8126482277639338,2239.875,2.548505802682405,10.713515625,1.2189723416459006,35.0,8.919770309388417,55.85225827603432,639373,,,0.5860397178990461,Advisory
622994,11734.0,29090.52451,PER,Peru,Pasco,1.756477978,0.0,0.59,0.57,11734.0,11734.0,1.0,1.0,100.0,-9999.0,-9999.0,3.0,10.0,10.0,-999.9,-999.9,-3953.6,0.0,0.0,0.0,0.0,0.0,0.0,0.0,0.0,0.0,0.0,0.0,-3953.6,5.515902443190075,35.12955956,0.0,,218.875,0.752,176.188,0.606,2.438,0.008,1.375,0.005,1.76188,0.606,0.03657,0.012,0.034375,0.0125,2.463325,43.3125,0.148888687051231,98.71875,0.3393501893180655,0.6496875,0.2233330305768465,3.45515625,1.187725662613229,5.515902443190075,139417,,,0.0068553141348003,Information
622995,11735.0,22094.77141,PER,Peru,Ucayali,3.155660365,0.0,0.59,0.57,11735.0,11735.0,2.0,1.0,100.0,100.0,-9999.0,7.0,10.0,10.0,10.0,-999.9,-3953.2666666666655,0.0,0.0,0.0,0.0,0.0,0.0,0.0,0.0,0.0,0.0,0.0,-3953.2666666666655,34.55555102236775,63.1132073,0.0,,59.312,0.268,40.438,0.183,19.25,0.087,20.562,0.093,0.40438,0.183,0.28875,0.1305,0.51405,0.2324999999999999,1.75318,198.28125,0.8974125430962981,594.703125,2.691601166492372,2.97421875,1.3461188146444472,20.814609375,9.4206040827233,34.55555102236775,21989,,,0.4739733984912367,Advisory
622996,11736.0,59722.35011,PER,Peru,Cusco,1.720006637,0.0,0.59,0.57,11736.0,11736.0,0.0,1.0,-9999.0,-9999.0,-9999.0,0.0,10.0,-999.9,-999.9,-999.9,-4291.233333333334,0.0,0.0,0.0,0.0,0.0,0.0,0.0,0.0,0.0,0.0,0.0,-4291.233333333334,8.559899987288212,34.400132740000004,0.0,,13.188,0.022,9.875,0.017,3.438,0.006,1.438,0.002,0.09875,0.017,0.05157,0.009,0.0359499999999999,0.005,0.21727,57.65625,0.0965404909451797,184.78125,0.3094005002486979,0.86484375,0.1448107364177695,6.46734375,1.0829017508704428,8.559899987288212,1122807,,,0.0208508305799264,Information
622998,11738.0,65046.88784,PER,Peru,Apurímac,1.653508399,0.0,0.59,0.57,11738.0,,,,,,,,,,,,,,,,,,,,,,,,,5.898381364340596,33.07016798,0.0,,21.25,0.033,18.0,0.028,2.062,0.003,0.938,0.001,0.18,0.028,0.03093,0.0045,0.02345,0.0025,0.26938,51.75,0.0795579953451627,123.890625,0.1904635703779576,0.77625,0.119336993017744,4.336171875,0.6666224963228516,5.898381364340596,965899,,,0.0075709590167615,Information
622999,11739.0,34747.32781,PER,Peru,Junín,1.226072426,0.0,0.59,0.57,11739.0,,,,,,,,,,,,,,,,,,,,,,,,,9.30107710387346,24.52144852,0.0,,28.812,0.083,20.0,0.058,3.5,0.01,2.625,0.008,0.2,0.058,0.0525,0.015,0.065625,0.02,0.411125,58.21875,0.1675488553355941,181.40625,0.5220725202485904,0.87328125,0.2513232830033911,6.34921875,1.8272538208700664,9.30107710387346,1842496,,,0.0181425400604747,Information
664056,12907.0,11980.83349,PER,Peru,Puno,1.162675683,0.0,0.59,0.57,12907.0,12907.0,0.0,9.0,-9999.0,-9999.0,-9999.0,0.0,2.0,-999.9,-999.9,-999.9,-5995.4,0.0,0.0,0.0,0.0,0.0,0.0,0.0,0.0,0.0,0.0,0.0,-5995.4,9.420868990162967,23.25351366,0.0,,30.312,0.253,24.875,0.208,5.0,0.042,2.625,0.022,0.24875,0.208,0.075,0.063,0.065625,0.0549999999999999,0.7153749999999999,34.875,0.2910899314146012,131.765625,1.0998034908688763,0.523125,0.4366348971219018,4.611796875,3.8493122180410673,9.420868990162967,257008,,,0.0179711197035394,Information
664058,12909.0,10382.47398,PER,Peru,Puno,2.287295967,0.0,0.59,0.57,12909.0,12909.0,0.0,12.0,-9999.0,-9999.0,-9999.0,0.0,1.0,-999.9,-999.9,-999.9,-5997.4,0.0,0.0,0.0,0.0,0.0,0.0,0.0,0.0,0.0,0.0,0.0,-5997.4,1.7558026346339282,45.74591934,0.0,,7.875,0.076,7.875,0.076,1.875,0.018,0.875,0.008,0.07875,0.076,0.028125,0.0269999999999999,0.021875,0.02,0.25175,7.453125,0.071785636219494,22.359375,0.2153569086584821,0.111796875,0.107678454329241,0.782578125,0.7537491803046873,1.7558026346339282,147195,,,0.0003009551780279,Information
664059,12910.0,27359.78378,PER,Peru,Puno,3.319479096,0.0,0.59,0.57,12910.0,12910.0,0.0,1.0,-9999.0,-9999.0,-9999.0,0.0,10.0,-999.9,-999.9,-999.9,-5979.4,0.0,0.0,0.0,0.0,0.0,0.0,0.0,0.0,0.0,0.0,0.0,-5979.4,11.969780665038504,66.38958192,0.0,,59.062,0.216,53.438,0.195,10.562,0.039,5.438,0.02,0.5343800000000001,0.195,0.15843,0.0584999999999999,0.13595,0.05,1.13226,81.703125,0.2986248928390745,215.4375,0.7874239859371123,1.225546875,0.4479373392586118,7.5403125,2.755983950779893,11.969780665038504,952931,,,0.150930472369636,Information
671020,12920.0,13611.97791,PER,Peru,Arequipa,3.223959274,0.0,0.59,0.57,12920.0,12920.0,0.0,1.0,-9999.0,-9999.0,-9999.0,0.0,10.0,-999.9,-999.9,-999.9,-5979.4,0.0,0.0,0.0,0.0,0.0,0.0,0.0,0.0,0.0,0.0,0.0,-5979.4,4.535966629056572,64.47918548,0.0,,,,,,,,,,,,,,,,,27.984375,0.205586397449453,62.71875,0.4607614736806837,0.419765625,0.3083795961741795,2.19515625,1.612665157882393,4.535966629056572,1206660,,,0.0197911965732413,Information
671040,12922.0,17132.15155,PER,Peru,Arequipa,2.53859212,0.0,0.59,0.57,12922.0,12922.0,0.0,1.0,-9999.0,-9999.0,-9999.0,0.0,10.0,-999.9,-999.9,-999.9,-5979.4,0.0,0.0,0.0,0.0,0.0,0.0,0.0,0.0,0.0,0.0,0.0,-5979.4,5.710220555299099,50.7718424,0.0,,8.75,0.051,8.438,0.049,1.562,0.009,0.5,0.003,0.08438,0.049,0.02343,0.0134999999999999,0.0125,0.0075,0.19031,33.328125,0.1945355485982396,88.734375,0.5179406378290684,0.499921875,0.2918033228973594,3.105703125,1.81279223240174,5.710220555299099,192167,,,0.0156119271957809,Information
671060,12924.0,16098.68144,PER,Peru,Arequipa,1.016035621,0.0,0.59,0.57,12924.0,12924.0,0.0,9.0,-9999.0,-9999.0,-9999.0,0.0,2.0,-999.9,-999.9,-999.9,-5995.4,0.0,0.0,0.0,0.0,0.0,0.0,0.0,0.0,0.0,0.0,0.0,-5995.4,6.275063469279172,20.320712420000003,0.0,,8.062,0.05,7.312,0.045,0.625,0.004,0.375,0.002,0.07312,0.045,0.009375,0.006,0.009375,0.005,0.14787,26.71875,0.1659685614579628,99.140625,0.6158307148834938,0.40078125,0.2489528421869442,3.469921875,2.1554075020922285,6.275063469279172,61837,,,0.0055200645334273,Information
671071,12925.0,22399.68202,PER,Peru,Arequipa,1.798826721,0.0,0.59,0.57,12925.0,,,,,,,,,,,,,,,,,,,,,,,,,3.9287658184775065,35.97653442,0.0,,20.438,0.091,12.312,0.055,0.438,0.002,0.125,0.001,0.12312,0.055,0.00657,0.003,0.003125,0.0025,0.193315,26.859375,0.1199096263029789,66.09375,0.2950655725780109,0.402890625,0.1798644394544683,2.31328125,1.0327295040230382,3.9287658184775065,134375,,,0.0026278878991932,Information
671073,12927.0,143.2207437,PER,Peru,Ica,0.458438548,0.0,0.59,0.57,12927.0,,,,,,,,,,,,,,,,,,,,,,,,,9.85979039485489,9.16877096,0.0,,0.312,0.218,0.312,0.218,0.0,0.0,0.0,0.0,0.00312,0.218,0.0,0.0,0.0,0.0,0.22112,1.40625,0.9818759237227164,3.375,2.3565022169345187,0.02109375,1.4728138855840744,0.118125,8.247757759270815,9.85979039485489,0,,,0.0131911261578365,Information
671075,12929.0,67047.68295,PER,Peru,Lima,3.758784168,0.0,0.59,0.57,12929.0,12929.0,0.0,1.0,-9999.0,-9999.0,-9999.0,0.0,10.0,-999.9,-999.9,-999.9,-5986.4,0.0,0.0,0.0,0.0,0.0,0.0,0.0,0.0,0.0,0.0,0.0,-5986.4,8.736035407198278,75.17568336,0.0,,15.375,0.023,8.625,0.013,4.75,0.007,4.438,0.007,0.08625,0.013,0.07125,0.0105,0.11095,0.0175,0.30945,44.15625,0.0658579805512873,198.28125,0.2957316961060993,0.66234375,0.0987869708269309,6.93984375,1.0350609363713474,8.736035407198278,14050951,,,0.148157764010262,Information
671076,12930.0,12006.30651,PER,Peru,Ancash,0.745215813,0.0,0.59,0.57,12930.0,12930.0,0.0,1.0,-9999.0,-9999.0,-9999.0,0.0,10.0,-999.9,-999.9,-999.9,-5979.4,0.0,0.0,0.0,0.0,0.0,0.0,0.0,0.0,0.0,0.0,0.0,-5979.4,8.375616968278658,14.904316259999998,0.0,,5.688,0.047,4.812,0.04,8.438,0.07,5.5,0.046,0.04812,0.04,0.12657,0.105,0.1375,0.1149999999999999,0.57219,19.828125,0.1651475829057672,122.0625,1.0166532054057165,0.297421875,0.2477213743586508,4.2721875,3.558286218920008,8.375616968278658,417490,,,0.0102123960156556,Information
671077,12931.0,46982.31978,PER,Peru,La Libertad,4.002740063,0.486082264,0.59,0.57,12931.0,12931.0,0.0,15.0,-9999.0,-9999.0,-9999.0,0.0,1.0,-999.9,-999.9,-999.9,-5987.4,0.0,0.0,0.0,0.0,0.0,0.0,0.0,0.0,0.0,0.0,0.0,-5987.4,18.811526105346623,80.05480126,9.72164528,,1.562,0.003,1.5,0.003,4.0,0.009,0.875,0.002,0.015,0.003,0.06,0.0134999999999999,0.021875,0.005,0.118375,9.28125,0.0197547716762208,439.171875,0.9347598779520846,0.13921875,0.0296321575143312,15.371015625,3.271659572832296,18.811526105346623,3398435,,,0.4766677429351287,Advisory
671078,12932.0,9590.625177,PER,Peru,Piura,3.539763086,0.0,0.59,0.57,12932.0,12932.0,0.0,1.0,-9999.0,-9999.0,-9999.0,0.0,10.0,-999.9,-999.9,-999.9,-5979.4,0.0,0.0,0.0,0.0,0.0,0.0,0.0,0.0,0.0,0.0,0.0,-5979.4,1.0082564970902108,70.79526172,0.0,,,,,,,,,,,,,,,,,3.375,0.0351906151856554,12.65625,0.1319648069462079,0.050625,0.0527859227784831,0.44296875,0.4618768243117276,1.0082564970902108,1102089,,,0.0003811837595885,Information
671080,12934.0,17801.51659,PER,Peru,Piura,1.704184965,0.0,0.59,0.57,12934.0,12934.0,0.0,1.0,-9999.0,-9999.0,-9999.0,0.0,10.0,-999.9,-999.9,-999.9,-5979.4,0.0,0.0,0.0,0.0,0.0,0.0,0.0,0.0,0.0,0.0,0.0,-5979.4,2.703535475059711,34.0836993,0.0,,,,,,,,,,,,,,,,,12.375,0.0695165489888339,44.15625,0.2480476861647029,0.185625,0.1042748234832508,1.54546875,0.8681669015764601,2.703535475059711,742095,,,0.0007020049936889,Information
671090,12935.0,11259.65853,PER,Peru,Tumbes,2.379603122,0.379675952,0.59,0.57,12935.0,12935.0,0.0,1.0,-9999.0,-9999.0,-9999.0,0.0,10.0,-999.9,-999.9,-999.9,-5979.4,0.0,0.0,0.0,0.0,0.0,0.0,0.0,0.0,0.0,0.0,0.0,-5979.4,1.5678824613940865,47.59206243999999,7.593519039999999,,,,,,,,,,,,,,,,,8.4375,0.0749356650019393,20.109375,0.1785966682546221,0.1265625,0.1124034975029089,0.703828125,0.6250883388911773,1.5678824613940865,371981,,,0.0002246167949219,Information
622978,11720.0,102875.352,ECU,Ecuador,Orellana,3.744630589,0.0,0.57,0.6,11720.0,11720.0,0.0,6.0,23.0,5.0,2.0,0.0,5.0,2.3,0.5,0.2,38.8054054054054,0.0,0.0,0.0,0.0,0.0,0.0,0.0,0.0,0.0,0.0,0.0,38.8054054054054,38.8054054054054,74.89261178,0.0,,28.5,0.028,16.312,0.016,9.312,0.009,0.312,0.0,0.16312,0.016,0.13968,0.0134999999999999,0.0078,0.0,0.3400999999999999,190.265625,0.1849477267978742,676.546875,0.6576374823537126,2.853984375,0.2774215901968113,23.679140625,2.301731188237994,29.112277778434805,683327,,,0.6683630003794874,Watch
622986,11727.0,42554.07429,ECU,Ecuador,Morona Santiago,1.961583459,0.0,0.57,0.6,11727.0,11727.0,3.0,13.0,100.0,100.0,80.0,10.0,1.0,10.0,10.0,8.0,-325.76250000000005,0.0,0.0,0.0,0.0,0.0,0.0,0.0,0.0,0.0,0.0,0.0,-325.76250000000005,13.6878947947008,39.23166918,0.0,,,,,,,,,,,,,,,,,66.234375,0.1556475522018748,288.28125,0.6774468832565675,0.993515625,0.2334713283028122,10.08984375,2.3710640913979866,13.6878947947008,1472130,,,0.0680389298929385,Information
622988,11729.0,33171.17161,ECU,Ecuador,Morona Santiago,1.688855418,0.0,0.57,0.6,11729.0,11729.0,0.0,5.0,5.0,2.0,-9999.0,0.0,6.0,0.5,0.2,-999.9,-728.675,0.0,0.0,0.0,0.0,0.0,0.0,0.0,0.0,0.0,0.0,0.0,-728.675,4.928694648271182,33.77710836,0.0,,,,,,,,,,,,,,,,,10.96875,0.0330671166227821,103.5,0.312017920953431,0.16453125,0.0496006749341731,3.6225,1.0920627233370086,4.928694648271182,1275204,,,0.0046890798110759,Information
672022,12939.0,18790.06237,ECU,Ecuador,Bolivar,3.321078062,0.0,0.57,0.6,12939.0,12939.0,0.0,1.0,-9999.0,-9999.0,-9999.0,0.0,10.0,-999.9,-999.9,-999.9,-5979.4,0.0,0.0,0.0,0.0,0.0,0.0,0.0,0.0,0.0,0.0,0.0,-5979.4,35.20268675871202,66.42156124,0.0,,,,,,,,,,,,,,,,,153.5625,0.8172538064948908,590.625,3.143283871134195,2.3034375,1.225880709742336,20.671875,11.001493548969682,35.20268675871202,2088726,,,0.5188383290355545,Advisory
672025,12942.0,2816.056647,ECU,Ecuador,Guayas,3.338080932,0.0,0.57,0.6,12942.0,12942.0,0.0,2.0,-9999.0,-9999.0,-9999.0,0.0,9.0,-999.9,-999.9,-999.9,-5981.4,0.0,0.0,0.0,0.0,0.0,0.0,0.0,0.0,0.0,0.0,0.0,-5981.4,17.401423423949588,66.76161864,0.0,,,,,,,,,,,,,,,,,4.21875,0.1498105517537652,107.4375,3.815175384662554,0.06328125,0.2247158276306478,3.7603125,13.35311384631894,17.401423423949588,407901,,,0.2587663776340612,Information
672030,12947.0,21089.6456,ECU,Ecuador,Manabi,3.252708554,3.267401295,0.57,0.6,12947.0,12947.0,0.0,1.0,-9999.0,-9999.0,-9999.0,0.0,10.0,-999.9,-999.9,-999.9,-5979.4,0.0,0.0,0.0,0.0,0.0,0.0,0.0,0.0,0.0,0.0,0.0,-5979.4,21.802229106311103,65.05417108,65.3480259,,,,,,,,,,,,,,,,,89.859375,0.4260829067398304,384.046875,1.8210209989146744,1.347890625,0.6391243601097456,13.441640625,6.37357349620136,21.802229106311103,3306562,,,0.3215594507921339,Information
672040,12948.0,21675.48566,ECU,Ecuador,Pichincha,0.927465963,0.0,0.57,0.6,12948.0,12948.0,0.0,1.0,-9999.0,-9999.0,-9999.0,0.0,10.0,-999.9,-999.9,-999.9,-5983.9,0.0,0.0,0.0,0.0,0.0,0.0,0.0,0.0,0.0,0.0,0.0,-5983.9,0.402784780576142,18.54931926,0.0,,,,,,,,,,,,,,,,,0.0,0.0,7.875,0.0363313658788977,0.0,0.0,0.275625,0.1271597805761419,0.402784780576142,3895936,,,5.500826254060301e-08,Information
672050,12949.0,22718.71045,ECU,Ecuador,Esmeraldas,2.314925836,3.71430211,0.57,0.6,12949.0,12949.0,0.0,5.0,-9999.0,-9999.0,-9999.0,0.0,6.0,-999.9,-999.9,-999.9,-4650.6,0.0,0.0,0.0,0.0,0.0,0.0,0.0,0.0,0.0,0.0,0.0,-4650.6,18.09647122125236,46.29851672,74.2860422,,,,,,,,,,,,,,,,,1.96875,0.0086657647414843,358.171875,1.5765501997543236,0.02953125,0.0129986471122264,12.536015625,5.517925699140132,18.09647122125236,992535,,,0.3626752749052715,Advisory
641406,12247.0,7577.392833,URY,Uruguay,Rocha,1.032962643,0.0,0.73,0.38,12247.0,,,,,,,,,,,,,,,,,,,,,,,,,60.92949273273527,20.65925286,0.0,3.0,123.125,1.625,41.25,0.544,3.312,0.044,5.875,0.078,0.4125,0.544,0.04968,0.066,0.146875,0.195,1.4140550000000005,0.84375,0.0111350964448234,750.09375,9.899100739448008,0.01265625,0.0167026446672351,26.25328125,34.64685258806803,60.92949273273527,37097,3575.0,9.636897862360838,0.3958766699301699,Watch
641408,12249.0,5454.146757,URY,Uruguay,Treinta y Tres,0.606839033,0.0,0.73,0.38,12249.0,12249.0,0.0,1.0,-9999.0,-9999.0,-9999.0,0.0,10.0,-999.9,-999.9,-999.9,-5979.4,0.0,0.0,0.0,0.0,0.0,0.0,0.0,0.0,0.0,0.0,0.0,-5979.4,3.695682609799235,12.13678066,0.0,,,,,,,,,,,,,,,,,0.0,0.0,37.265625,0.6832530670854957,0.0,0.0,1.304296875,2.391385734799235,3.695682609799235,39818,,,0.0007658330596732,Information
641409,12250.0,9282.809173,URY,Uruguay,Lavalleja,2.04600471,0.0,0.73,0.38,12250.0,12250.0,0.0,14.0,2.0,-9999.0,-9999.0,0.0,1.0,0.2,-999.9,-999.9,-3997.2,0.0,0.0,0.0,0.0,0.0,0.0,0.0,0.0,0.0,0.0,0.0,-3997.2,15.755206479389033,40.9200942,0.0,,309.812,3.337,250.188,2.695,2.25,0.024,0.0,0.0,2.50188,2.695,0.03375,0.036,0.0,0.0,5.26663,0.984375,0.0106042791750668,216.28125,2.329911624464695,0.014765625,0.0159064187626002,7.56984375,8.154690685626433,15.755206479389033,10476,,,0.0931307060517545,Information
641503,12253.0,10920.27049,URY,Uruguay,Maldonado,0.480896184,0.069496433,0.73,0.38,12253.0,12253.0,0.0,15.0,2.0,2.0,-9999.0,0.0,1.0,0.2,0.2,-999.9,-1997.0,0.0,0.0,0.0,0.0,0.0,0.0,0.0,0.0,0.0,0.0,0.0,-1997.0,31.915733028739,9.61792368,1.3899286599999998,,257.625,2.359,172.125,1.576,13.938,0.128,16.125,0.148,1.72125,1.576,0.20907,0.192,0.403125,0.37,4.471445,74.109375,0.6786404701523974,444.234375,4.067979592431543,1.111640625,1.017960705228596,15.548203125,14.237928573510402,31.915733028739,1918935,,,0.1489500988424966,Information
641504,12254.0,13490.49633,URY,Uruguay,Florida,0.765248928,0.009443543,0.73,0.38,12254.0,12254.0,0.0,15.0,2.0,-9999.0,-9999.0,0.0,1.0,0.2,-999.9,-999.9,-3997.2,0.0,0.0,0.0,0.0,0.0,0.0,0.0,0.0,0.0,0.0,0.0,-3997.2,8.859217477333189,15.30497856,0.18887086,,240.688,1.784,42.125,0.312,0.062,0.0,0.562,0.004,0.42125,0.312,0.0009299999999999,0.0,0.01405,0.01,0.75823,43.875,0.325228953269197,126.5625,0.9381604421226836,0.658125,0.4878434299037955,4.4296875,3.2835615474293927,8.859217477333189,394232,,,0.0119853548346652,Information
641505,12255.0,1892.241597,URY,Uruguay,San José,0.561316015,0.289850412,0.73,0.38,12255.0,,,,,,,,,,,,,,,,,,,,,,,,,7.54315790580838,11.2263203,5.79700824,,83.0,4.386,47.312,2.5,0.0,0.0,0.5,0.026,0.47312,2.5,0.0,0.0,0.0125,0.065,3.05062,6.1875,0.3269931287118556,31.640625,1.6721239536401706,0.0928125,0.4904896930677834,1.107421875,5.852433837740597,7.54315790580838,46509,,,0.0068420771414935,Information
641507,12257.0,4653.367172,URY,Uruguay,Colonia,0.336873921,2.036569229,0.73,0.38,12257.0,,,,,,,,,,,,,,,,,,,,,,,,,5.701378627452611,6.73747842,40.73138458,,59.688,1.283,16.25,0.349,2.938,0.063,0.062,0.001,0.1625,0.349,0.04407,0.0945,0.00155,0.0025,0.6541199999999999,11.109375,0.2387384143252475,46.96875,1.0093497517042112,0.166640625,0.3581076214878712,1.64390625,3.532724130964739,5.701378627452611,96675,,,0.0096065088592208,Information
641602,12261.0,2755.557101,URY,Uruguay,Río Negro,1.579769268,0.0,0.73,0.38,12261.0,,,,,,,,,,,,,,,,,,,,,,,,,1.19775,31.59538536,0.0,,25.875,0.939,25.875,0.939,0.0,0.0,0.0,0.0,0.25875,0.939,0.0,0.0,0.0,0.0,1.19775,0.0,0.0,3.796875,0.1377897412839564,0.0,0.0,0.132890625,0.4822640944938474,0.6151547194938475,1388,,,2.6162065583359715e-05,Information
641606,12265.0,13786.23295,URY,Uruguay,Florida,1.035326112,0.0,0.73,0.38,12265.0,12265.0,0.0,15.0,2.0,-9999.0,-9999.0,0.0,1.0,0.2,-999.9,-999.9,-3997.2,0.0,0.0,0.0,0.0,0.0,0.0,0.0,0.0,0.0,0.0,0.0,-3997.2,5.791552662174063,20.70652224,0.0,,366.562,2.659,171.938,1.247,0.0,0.0,0.0,0.0,1.71938,1.247,0.0,0.0,0.0,0.0,2.96638,0.0,0.0,95.90625,0.6956668320497321,0.0,0.0,3.35671875,2.4348339121740623,5.791552662174063,80439,,,0.0044384955958091,Information
641607,12266.0,14375.47666,URY,Uruguay,Durazno,3.55161216,0.0,0.73,0.38,12266.0,,,,,,,,,,,,,,,,,,,,,,,,,33.32427833678729,71.0322432,0.0,,324.625,2.258,266.875,1.856,0.062,0.0,0.75,0.005,2.66875,1.856,0.0009299999999999,0.0,0.01875,0.0125,4.55693,0.0,0.0,561.515625,3.906066131939225,0.0,0.0,19.653046875,13.671231461787286,33.32427833678729,23817,,,0.5557106290914264,Advisory
641608,12267.0,16276.86246,URY,Uruguay,Rivera,0.2368994,0.0,0.73,0.38,12267.0,12267.0,0.0,15.0,-9999.0,-9999.0,-9999.0,0.0,1.0,-999.9,-999.9,-999.9,-5997.4,0.0,0.0,0.0,0.0,0.0,0.0,0.0,0.0,0.0,0.0,0.0,-5997.4,29.82370188158304,4.7379880000000005,0.0,,148.25,0.911,54.875,0.337,3.375,0.021,0.188,0.001,0.54875,0.337,0.050625,0.0315,0.0046999999999999,0.0025,0.975075,17.859375,0.10972246671318,520.171875,3.195774837575221,0.267890625,0.16458370006977,18.206015625,11.185211931513273,29.82370188158304,165374,,,0.1227543347594904,Information
641609,12268.0,14420.44324,URY,Uruguay,Cerro Largo,0.262683929,0.0,0.73,0.38,12268.0,12268.0,0.0,15.0,-9999.0,-9999.0,-9999.0,0.0,1.0,-999.9,-999.9,-999.9,-5991.4,0.0,0.0,0.0,0.0,0.0,0.0,0.0,0.0,0.0,0.0,0.0,-5991.4,30.13697222301368,5.25367858,0.0,,,,,,,,,,,,,,,,,1.546875,0.0107269587675346,507.796875,3.521368009960681,0.023203125,0.0160904381513019,17.772890625,12.324788034862385,30.13697222301368,130207,,,0.1260113385084197,Information
641811,12270.0,5092.468083,URY,Uruguay,Paysand,0.267012293,0.0,0.73,0.38,12270.0,,,,,,,,,,,,,,,,,,,,,,,,,31.18675805454503,5.3402458600000005,0.0,,9.562,0.188,5.312,0.104,0.0,0.0,0.0,0.0,0.05312,0.104,0.0,0.0,0.0,0.0,0.1571199999999999,0.0,0.0,300.65625,5.90393980129858,0.0,0.0,10.52296875,20.66378930454503,31.18675805454503,224766,,,0.1334358894442639,Information
641812,12271.0,8615.367877,URY,Uruguay,Paysand,0.26620809,0.0,0.73,0.38,12271.0,,,,,,,,,,,,,,,,,,,,,,,,,8.295125845182291,5.324161800000001,0.0,,359.562,4.174,125.625,1.458,0.312,0.004,0.125,0.001,1.25625,1.458,0.00468,0.006,0.003125,0.0025,2.7305549999999994,0.0,0.0,109.6875,1.2731609557663688,0.0,0.0,3.8390625,4.456063345182291,8.295125845182291,11966,,,0.0074502021765866,Information
641816,12275.0,12022.30039,URY,Uruguay,Salto,0.478536184,0.0,0.73,0.38,12275.0,,,,,,,,,,,,,,,,,,,,,,,,,12.015524684256972,9.57072368,0.0,,14.125,0.117,5.75,0.048,0.0,0.0,0.938,0.008,0.0575,0.048,0.0,0.0,0.02345,0.02,0.14895,9.421875,0.0783699848794548,183.375,1.5252904519822257,0.141328125,0.1175549773191822,6.418125,5.33851658193779,12.015524684256972,5311,,,0.021776447140226,Information
641817,12276.0,1337.03259,URY,Uruguay,Artigas,1.085115849,0.0,0.73,0.38,12276.0,,,,,,,,,,,,,,,,,,,,,,,,,13.968900701410169,21.70231698,0.0,,35.875,2.683,14.062,1.052,1.812,0.136,0.25,0.019,0.14062,1.052,0.02718,0.204,0.00625,0.0475,1.47755,2.53125,0.1893184966926018,45.984375,3.439286023248933,0.03796875,0.2839777450389027,1.609453125,12.037501081371266,13.968900701410169,7537,,,0.0423824045109671,Information
641820,12279.0,14673.93749,URY,Uruguay,Artigas,1.454874641,0.0,0.73,0.38,12279.0,,,,,,,,,,,,,,,,,,,,,,,,,39.578369106287006,29.09749282,0.0,,228.312,1.556,56.938,0.388,20.438,0.139,10.188,0.069,0.56938,0.388,0.3065699999999999,0.2085,0.2547,0.1725,1.89965,177.609375,1.2103729832560934,596.390625,4.0642848946865335,2.664140625,1.81555947488414,20.873671875,14.224997131402867,39.578369106287006,74900,,,0.2799388880833285,Advisory
641813,12272.0,4766.380842,ARG,Argentina,Entre Ríos,2.265608277,0.0,0.65,0.49,12272.0,,,,,,,,,,,,,,,,,,,,,,,,,14.211234868033994,45.31216554,0.0,,216.625,4.545,140.188,2.941,2.0,0.042,0.625,0.013,1.4018799999999998,2.941,0.03,0.063,0.015625,0.0325,4.484004999999999,0.0,0.0,131.0625,2.749727819438284,0.0,0.0,4.5871875,9.624047368033994,14.211234868033994,60685,,,0.088892177237584,Information
641815,12274.0,4671.293838,ARG,Argentina,Entre Ríos,3.64174687,0.0,0.65,0.49,12274.0,12274.0,0.0,1.0,-9999.0,-9999.0,-9999.0,0.0,10.0,-999.9,-999.9,-999.9,-5979.4,0.0,0.0,0.0,0.0,0.0,0.0,0.0,0.0,0.0,0.0,0.0,-5979.4,27.03877983021972,72.8349374,0.0,,63.75,1.365,43.438,0.93,2.938,0.063,2.125,0.045,0.43438,0.93,0.04407,0.0945,0.053125,0.1124999999999999,1.6685750000000004,2.671875,0.0571977506164937,244.828125,5.241120201227137,0.040078125,0.0857966259247405,8.568984375,18.34392070429498,27.03877983021972,314544,,,0.4981411116724645,Advisory
641818,12277.0,3791.769444,ARG,Argentina,Corrientes,0.513595908,0.0,0.65,0.49,12277.0,12277.0,0.0,14.0,-9999.0,-9999.0,-9999.0,0.0,1.0,-999.9,-999.9,-999.9,-5997.4,0.0,0.0,0.0,0.0,0.0,0.0,0.0,0.0,0.0,0.0,0.0,-5997.4,18.11711988959179,10.27191816,0.0,,226.188,5.965,48.25,1.272,4.312,0.114,4.125,0.109,0.4825,1.272,0.06468,0.171,0.103125,0.2725,2.365805,13.78125,0.3634516866685476,136.40625,3.5974299598825628,0.20671875,0.5451775300028214,4.77421875,12.59100485958897,18.11711988959179,63433,,,0.0548074512311687,Information
641819,12278.0,2818.059875,ARG,Argentina,Corrientes,0.661473845,0.0,0.65,0.49,12278.0,,,,,,,,,,,,,,,,,,,,,,,,,25.646306772638944,13.229476899999998,0.0,,79.688,2.828,4.312,0.153,2.5,0.089,3.125,0.111,0.04312,0.153,0.0375,0.1335,0.078125,0.2775,0.722745,11.671875,0.4141812280843078,156.09375,5.539050158717853,0.175078125,0.6212718421264617,5.46328125,19.386675555512483,25.646306772638944,43193,,,0.1114472637744252,Information
641840,12281.0,12501.69425,ARG,Argentina,Corrientes,0.91939365,0.0,0.65,0.49,12281.0,12281.0,0.0,15.0,2.0,-9999.0,-9999.0,0.0,1.0,0.2,-999.9,-999.9,-5330.666666666666,0.0,0.0,0.0,0.0,0.0,0.0,0.0,0.0,0.0,0.0,0.0,-5330.666666666666,27.11438238231204,18.387873,0.0,,35.312,0.282,23.0,0.184,5.875,0.047,8.062,0.064,0.23,0.184,0.088125,0.0705,0.2015499999999999,0.16,0.934175,103.921875,0.8312623310295071,385.875,3.0865816459336504,1.558828125,1.2468934965442606,13.505625,10.803035760767775,27.11438238231204,47005,,,0.1352496255955489,Information
641850,12282.0,6664.30676,ARG,Argentina,Corrientes,1.343243249,0.0,0.65,0.49,12282.0,12282.0,0.0,15.0,-9999.0,-9999.0,-9999.0,0.0,1.0,-999.9,-999.9,-999.9,-5997.4,0.0,0.0,0.0,0.0,0.0,0.0,0.0,0.0,0.0,0.0,0.0,-5997.4,47.17740431485572,26.86486498,0.0,,191.188,2.869,77.5,1.163,3.5,0.053,5.312,0.08,0.775,1.163,0.0525,0.0795,0.1328,0.2,2.4028000000000005,150.046875,2.2515001244419968,474.75,7.123771715197921,2.250703125,3.377250186662996,16.61625,24.933201003192725,47.17740431485572,171726,,,0.3305504060249644,Advisory
641871,12292.0,726.2427358,ARG,Argentina,Corrientes,0.478291795,0.0,0.65,0.49,12292.0,12292.0,0.0,15.0,-9999.0,-9999.0,-9999.0,0.0,1.0,-999.9,-999.9,-999.9,-5997.4,0.0,0.0,0.0,0.0,0.0,0.0,0.0,0.0,0.0,0.0,0.0,-5997.4,34.924100277854365,9.5658359,0.0,,11.25,1.549,5.688,0.783,0.188,0.026,0.25,0.034,0.05688,0.783,0.00282,0.039,0.00625,0.085,0.97295,5.0625,0.6970809827551337,65.390625,9.003962693920476,0.0759375,1.0456214741327006,2.288671875,31.513869428721662,34.924100277854365,30987,,,0.1706892695079684,Information
641872,12293.0,7104.483664,ARG,Argentina,Corrientes,0.309439824,0.0,0.65,0.49,12293.0,,,,,,,,,,,,,,,,,,,,,,,,,10.40913117373887,6.18879648,0.0,,155.312,2.186,45.875,0.646,1.312,0.018,0.375,0.005,0.45875,0.646,0.01968,0.0269999999999999,0.009375,0.0125,1.1733049999999998,1.125,0.015835070544775,123.046875,1.7319608408347735,0.016875,0.0237526058171625,4.306640625,6.061862942921708,10.40913117373887,23412,,,0.0139531574959886,Information
641900,12303.0,12667.10573,ARG,Argentina,Entre Ríos,1.57897664,0.0,0.65,0.49,12303.0,12303.0,0.0,14.0,2.0,-9999.0,-9999.0,0.0,1.0,0.2,-999.9,-999.9,-3997.2,0.0,0.0,0.0,0.0,0.0,0.0,0.0,0.0,0.0,0.0,0.0,-3997.2,15.560214354740197,31.579532800000003,0.0,,,,,,,,,,,,,,,,,0.5625,0.004440635549278,248.203125,1.9594304361189363,0.0084375,0.006660953323917,8.687109375,6.858006526416277,15.560214354740197,144050,,,0.0693093208558783,Information
642110,12304.0,1411.133834,ARG,Argentina,Entre Ríos,4.012557098,0.0,0.65,0.49,12304.0,,,,,,,,,,,,,,,,,,,,,,,,,28.707706974516583,80.25114196000001,0.0,3.0,27.688,1.962,18.0,1.276,0.0,0.0,0.188,0.013,0.18,1.276,0.0,0.0,0.0046999999999999,0.0325,1.4932,6.328125,0.4484425819878178,98.71875,6.995704279009958,0.094921875,0.6726638729817267,3.45515625,24.48496497653485,28.707706974516583,2669,185.0,6.931434994379917,0.6458238638769008,Watch
642120,12305.0,21705.7409,ARG,Argentina,Buenos Aires,0.571410719,0.0,0.65,0.49,12305.0,,,,,,,,,,,,,,,,,,,,,,,,,16.524430000000002,11.42821438,0.0,,1978.375,9.115,1273.0,5.865,30.062,0.139,0.0,0.0,10.0,5.865,0.45093,0.2085,0.0,0.0,16.524430000000002,3.375,0.0155488818134964,192.515625,0.8869341334448576,0.050625,0.0233233227202446,6.738046875,3.104269467057001,9.916264664777248,692849,,,0.0465786073477539,Information
642140,12307.0,21843.21007,ARG,Argentina,Entre Ríos,0.619837598,0.0,0.65,0.49,12307.0,,,,,,,,,,,,,,,,,,,,,,,,,13.52413193796744,12.39675196,0.0,,674.375,3.087,135.125,0.619,1.688,0.008,1.562,0.007,1.35125,0.619,0.02532,0.012,0.03905,0.0175,2.06412,0.28125,0.0012875854745997,264.9375,1.212905517073011,0.00421875,0.0019313782118995,9.2728125,4.245169309755538,13.52413193796744,206251,,,0.0308571776785307,Information
642160,12309.0,9355.661382,ARG,Argentina,Entre Ríos,0.377516149,0.0,0.65,0.49,12309.0,12309.0,0.0,13.0,3.0,-9999.0,-9999.0,0.0,1.0,0.3,-999.9,-999.9,-3997.0,0.0,0.0,0.0,0.0,0.0,0.0,0.0,0.0,0.0,0.0,0.0,-3997.0,11.129720623386673,7.550322980000001,0.0,,18.375,0.196,17.75,0.19,0.0,0.0,0.0,0.0,0.1775,0.19,0.0,0.0,0.0,0.0,0.3675,0.0,0.0,153.703125,1.642888928110477,0.0,0.0,5.379609375,5.75011124838667,11.129720623386673,78802,,,0.0171279974208712,Information
642170,12310.0,13053.69268,ARG,Argentina,Santa Fe,1.295996494,0.0,0.65,0.49,12310.0,12310.0,0.0,1.0,-9999.0,-9999.0,-9999.0,0.0,10.0,-999.9,-999.9,-999.9,-5979.4,0.0,0.0,0.0,0.0,0.0,0.0,0.0,0.0,0.0,0.0,0.0,-5979.4,17.662875137356778,25.91992988,0.0,,651.938,4.994,371.25,2.844,5.562,0.043,0.0,0.0,3.7125,2.844,0.08343,0.0645,0.0,0.0,6.70443,0.0,0.0,285.75,2.189035753530508,0.0,0.0,10.00125,7.661625137356777,17.662875137356778,1580931,,,0.0758315798237363,Information
642182,12313.0,15128.07603,ARG,Argentina,Santa Fe,0.914905552,0.0,0.65,0.49,12313.0,12313.0,0.0,14.0,2.0,-9999.0,-9999.0,0.0,1.0,0.2,-999.9,-999.9,-3997.2,0.0,0.0,0.0,0.0,0.0,0.0,0.0,0.0,0.0,0.0,0.0,-3997.2,2.9159299999999995,18.29811104,0.0,,189.562,1.253,175.438,1.16,0.0,0.0,0.062,0.0,1.7543799999999998,1.16,0.0,0.0,0.00155,0.0,2.9159299999999995,0.0,0.0,45.140625,0.2983897285114806,0.0,0.0,1.579921875,1.044364049790182,2.6242859247901817,284051,,,0.0004297471865919,Information
642183,12314.0,5288.27883,ARG,Argentina,Santa Fe,1.829343835,0.0,0.65,0.49,12314.0,,,,,,,,,,,,,,,,,,,,,,,,,4.103689999999999,36.5868767,0.0,,195.25,3.692,141.312,2.672,0.438,0.008,0.0,0.0,1.4131200000000002,2.672,0.00657,0.012,0.0,0.0,4.103689999999999,0.0,0.0,8.296875,0.1568917840097331,0.0,0.0,0.290390625,0.5491212440340659,0.8395118690340659,135652,,,0.0030927318852787,Information
642190,12321.0,2656.359567,ARG,Argentina,Entre Ríos,0.364052829,0.0,0.65,0.49,12321.0,12321.0,0.0,1.0,-9999.0,-9999.0,-9999.0,0.0,10.0,-999.9,-999.9,-999.9,-5979.4,0.0,0.0,0.0,0.0,0.0,0.0,0.0,0.0,0.0,0.0,0.0,-5979.4,31.1657443785918,7.28105658,0.0,,13.312,0.501,11.938,0.449,0.562,0.021,0.562,0.021,0.11938,0.449,0.00843,0.0315,0.01405,0.0525,0.67486,0.0,0.0,186.890625,7.0355921438833695,0.0,0.0,6.541171875,24.6245725035918,31.1657443785918,81693,,,0.1378008015487295,Information
642220,12323.0,15293.92027,ARG,Argentina,Santa Fe,1.509755139,0.0,0.65,0.49,12323.0,12323.0,0.0,15.0,2.0,-9999.0,-9999.0,0.0,1.0,0.2,-999.9,-999.9,-3997.2,0.0,0.0,0.0,0.0,0.0,0.0,0.0,0.0,0.0,0.0,0.0,-3997.2,58.74702822242749,30.19510278,0.0,,314.062,2.054,58.875,0.385,0.5,0.003,3.562,0.023,0.58875,0.385,0.0075,0.0045,0.0890499999999999,0.0574999999999999,1.1323,0.0,0.0,1037.671875,6.7848652064078525,0.0,0.0,35.0,23.747028222427485,58.74702822242749,308278,,,0.4315365378667792,Advisory
642230,12324.0,26672.31813,ARG,Argentina,Santa Fe,1.711891748,0.0,0.65,0.49,12324.0,,,,,,,,,,,,,,,,,,,,,,,,,49.63516985641294,34.23783496,0.0,,811.812,3.044,528.688,1.982,42.125,0.158,96.75,0.363,5.28688,1.982,0.631875,0.237,2.41875,0.9075,11.464005000000002,0.0,0.0,1115.296875,4.181477101832271,0.0,0.0,35.0,14.635169856412949,49.63516985641294,691620,,,0.3892228910650195,Advisory
642241,12325.0,14300.59115,ARG,Argentina,Santa Fe,2.736904824,0.0,0.65,0.49,12325.0,,,,,,,,,,,,,,,,,,,,,,,,,70.0,54.73809648,0.0,3.0,620.562,4.339,210.625,1.473,12.625,0.088,374.25,2.617,2.10625,1.473,0.189375,0.132,9.35625,6.5425,19.799375,0.0,0.0,2204.859375,15.417959662996797,0.0,0.0,35.0,35.0,70.0,10407,122.0,1.1722878831555685,0.6685923532847757,Watch
642242,12326.0,6746.132466,ARG,Argentina,Chaco,0.304111221,0.0,0.65,0.49,12326.0,,,,,,,,,,,,,,,,,,,,,,,,,40.245176113096335,6.082224419999999,0.0,,146.125,2.166,26.875,0.398,4.125,0.061,29.562,0.438,0.26875,0.398,0.061875,0.0915,0.73905,1.095,2.654175,0.0,0.0,463.21875,6.866434246598953,0.0,0.0,16.21265625,24.032519863096333,40.245176113096335,101154,,,0.198377877264663,Advisory
642243,12327.0,5978.859591,ARG,Argentina,Santa Fe,1.183125477,0.0,0.65,0.49,12327.0,,,,,,,,,,,,,,,,,,,,,,,,,70.0,23.66250954,0.0,3.0,258.5,4.324,35.312,0.591,8.0,0.134,43.312,0.724,0.35312,0.591,0.12,0.201,1.0828,1.81,4.157920000000001,0.0,0.0,1053.703125,17.623814523499764,0.0,0.0,35.0,35.0,70.0,7410,455.0,6.140350877192982,0.4654673362562317,Watch
642245,12329.0,3520.331653,ARG,Argentina,Santa Fe,0.350028629,0.0,0.65,0.49,12329.0,,,,,,,,,,,,,,,,,,,,,,,,,34.15800491990283,7.00057258,0.0,,53.75,1.527,12.812,0.364,0.0,0.0,0.0,0.0,0.1281199999999999,0.364,0.0,0.0,0.0,0.0,0.49212,0.0,0.0,254.109375,7.218336227115095,0.0,0.0,8.893828125,25.26417679490283,34.15800491990283,14694,,,0.15826928668856,Information
642246,12330.0,8682.796404,ARG,Argentina,Chaco,0.909202944,0.0,0.65,0.49,12330.0,,,,,,,,,,,,,,,,,,,,,,,,,12.909711851549773,18.18405888,0.0,,91.438,1.053,25.25,0.291,0.0,0.0,0.0,0.0,0.2525,0.291,0.0,0.0,0.0,0.0,0.5435,0.0,0.0,171.421875,1.974270350442792,0.0,0.0,5.999765625,6.909946226549772,12.909711851549773,38302,,,0.0324103840674237,Information
642247,12331.0,1002.270449,ARG,Argentina,Santa Fe,0.209416261,0.0,0.65,0.49,12331.0,,,,,,,,,,,,,,,,,,,,,,,,,38.9375,4.188325219999999,0.0,,22.938,2.289,4.5,0.449,0.0,0.0,0.0,0.0,0.045,0.449,0.0,0.0,0.0,0.0,0.494,0.0,0.0,112.5,11.224515309542005,0.0,0.0,3.9375,35.0,38.9375,2429,,,0.1839465960223522,Advisory
642248,12332.0,8282.049475,ARG,Argentina,Santiago del Estero,2.804662555,0.0,0.65,0.49,12332.0,,,,,,,,,,,,,,,,,,,,,,,,,18.054023052388093,56.0932511,0.0,,173.812,2.099,159.312,1.924,0.875,0.011,0.0,0.0,1.59312,1.924,0.013125,0.0165,0.0,0.0,3.5467450000000005,5.484375,0.0662200221876092,231.328125,2.793126576887623,0.082265625,0.0993300332814138,8.096484375,9.77594301910668,18.054023052388093,2847,,,0.1870823004742682,Information
642249,12333.0,12983.50775,ARG,Argentina,Santiago del Estero,3.56188137,0.0,0.65,0.49,12333.0,,,,,,,,,,,,,,,,,,,,,,,,,2.69569,71.23762740000001,0.0,,226.188,1.742,107.312,0.827,29.938,0.231,0.0,0.0,1.07312,0.827,0.4490699999999999,0.3465,0.0,0.0,2.69569,0.0,0.0,24.75,0.1906264506295731,0.0,0.0,0.86625,0.6671925772035058,1.533442577203506,41615,,,0.0089564455385002,Information
642250,12334.0,15751.82415,ARG,Argentina,Santiago del Estero,1.858315138,0.0,0.65,0.49,12334.0,,,,,,,,,,,,,,,,,,,,,,,,,57.27163179236276,37.16630276,0.0,,545.625,3.464,193.188,1.226,6.688,0.042,22.375,0.142,1.93188,1.226,0.10032,0.063,0.559375,0.355,4.235574999999999,58.921875,0.3740638191347368,975.65625,6.193925482474474,0.883828125,0.5610957287021052,34.14796875,21.678739188660657,57.27163179236276,74234,,,0.463076473666382,Advisory
642260,12335.0,21271.18242,ARG,Argentina,Santiago del Estero,2.931228099,0.0,0.65,0.49,12335.0,,,,,,,,,,,,,,,,,,,,,,,,,3.61218,58.62456198,0.0,,626.062,2.943,243.75,1.146,1.312,0.006,0.0,0.0,2.4375,1.146,0.01968,0.009,0.0,0.0,3.61218,2.109375,0.0099165855381857,33.890625,0.1593264743135181,0.031640625,0.0148748783072785,1.186171875,0.5576426600973133,1.790330038404592,53776,,,0.007376710664564,Information
642270,12336.0,3079.53583,ARG,Argentina,Santiago del Estero,3.173076614,0.0,0.65,0.49,12336.0,,,,,,,,,,,,,,,,,,,,,,,,,3.42162,63.46153228,0.0,,218.375,7.091,80.562,2.616,0.0,0.0,0.0,0.0,0.80562,2.616,0.0,0.0,0.0,0.0,3.42162,0.28125,0.009132869872979,15.328125,0.4977414080773564,0.00421875,0.0136993048094685,0.536484375,1.7420949282707474,2.296497358080216,60936,,,0.0089361912287175,Information
642293,12340.0,16955.1866,ARG,Argentina,Salta,3.555398962,0.0,0.65,0.49,12340.0,12340.0,0.0,1.0,-9999.0,-9999.0,-9999.0,0.0,10.0,-999.9,-999.9,-999.9,-5980.6,0.0,0.0,0.0,0.0,0.0,0.0,0.0,0.0,0.0,0.0,0.0,-5980.6,2.034434427892177,71.10797923999999,0.0,,,,,,,,,,,,,,,,,0.0,0.0,36.5625,0.2156419793977648,0.0,0.0,1.2796875,0.7547469278921768,2.034434427892177,66875,,,0.0039848875369949,Information
642296,12343.0,13268.12096,ARG,Argentina,Salta,3.575441507,0.0,0.65,0.49,12343.0,12343.0,0.0,1.0,-9999.0,-9999.0,-9999.0,0.0,10.0,-999.9,-999.9,-999.9,-5979.4,0.0,0.0,0.0,0.0,0.0,0.0,0.0,0.0,0.0,0.0,0.0,-5979.4,2.235538916693556,71.50883014,0.0,,,,,,,,,,,,,,,,,1.96875,0.0148381975551128,35.578125,0.2681474272459675,0.02953125,0.0222572963326692,1.245234375,0.9385159953608864,2.235538916693556,21126,,,0.0054621364569174,Information
642297,12344.0,5239.186669,ARG,Argentina,Tucumán,4.004552317,0.0,0.65,0.49,12344.0,,,,,,,,,,,,,,,,,,,,,,,,,0.4294867311804117,80.09104633999999,0.0,,11.562,0.221,8.062,0.154,0.0,0.0,0.0,0.0,0.08062,0.154,0.0,0.0,0.0,0.0,0.23462,0.0,0.0,4.21875,0.0805229946229748,0.0,0.0,0.14765625,0.2818304811804117,0.4294867311804117,42317,,,6.244227134459554e-05,Information
642310,12347.0,25254.32878,ARG,Argentina,Entre Ríos,1.05521363,0.0,0.65,0.49,12347.0,12347.0,0.0,15.0,2.0,-9999.0,-9999.0,0.0,1.0,0.2,-999.9,-999.9,-5497.35,0.0,0.0,0.0,0.0,0.0,0.0,0.0,0.0,0.0,0.0,0.0,-5497.35,28.005373906631736,21.1042726,0.0,,411.375,1.629,178.688,0.708,6.562,0.026,3.312,0.013,1.7868799999999998,0.708,0.09843,0.039,0.0828,0.0325,2.7476100000000003,5.90625,0.0233870797054908,570.65625,2.259637367735285,0.08859375,0.0350806195582362,19.97296875,7.908730787073497,28.005373906631736,395830,,,0.150163907847396,Information
642320,12348.0,26933.01685,ARG,Argentina,Corrientes,1.568232549,0.0,0.65,0.49,12348.0,12348.0,0.0,1.0,-9999.0,-9999.0,-9999.0,0.0,10.0,-999.9,-999.9,-999.9,-5979.4,0.0,0.0,0.0,0.0,0.0,0.0,0.0,0.0,0.0,0.0,0.0,-5979.4,70.32368631609873,31.36465098,0.0,3.0,770.625,2.861,310.812,1.154,14.812,0.055,21.438,0.08,3.10812,1.154,0.22218,0.0825,0.53595,0.2,5.302749999999999,289.40625,1.074540782639262,2260.125,8.391651826325667,4.34109375,1.611811173958893,35.0,29.37078139213984,70.32368631609873,109968,1397.0,1.270369562054416,0.5096937343484611,Watch
642330,12349.0,11437.94571,ARG,Argentina,Santa Fe,1.531583405,0.0,0.65,0.49,12349.0,12349.0,0.0,14.0,2.0,-9999.0,-9999.0,0.0,1.0,0.2,-999.9,-999.9,-5193.72,0.0,0.0,0.0,0.0,0.0,0.0,0.0,0.0,0.0,0.0,0.0,-5193.72,41.544065523955645,30.6316681,0.0,,145.5,1.272,48.938,0.428,0.625,0.005,6.188,0.054,0.48938,0.428,0.009375,0.0075,0.1546999999999999,0.135,1.223955,4.078125,0.035654348286684,631.546875,5.521506143293035,0.061171875,0.053481522430026,22.104140625,19.32527150152562,41.544065523955645,226176,,,0.3040890718376738,Advisory
642340,12350.0,17479.77911,ARG,Argentina,Chaco,0.585953182,0.0,0.65,0.49,12350.0,12350.0,0.0,1.0,-9999.0,-9999.0,-9999.0,0.0,10.0,-999.9,-999.9,-999.9,-5979.4,0.0,0.0,0.0,0.0,0.0,0.0,0.0,0.0,0.0,0.0,0.0,-5979.4,15.049687520165037,11.71906364,0.0,,439.875,2.516,107.25,0.614,0.0,0.0,0.0,0.0,1.0725,0.614,0.0,0.0,0.0,0.0,1.6865,11.8125,0.0675780850817279,268.453125,1.535792433583555,0.1771875,0.1013671276225918,9.395859375,5.375273517542443,15.049687520165037,151834,,,0.0384330081037345,Information
642351,12351.0,65.96777032,ARG,Argentina,Santa Fe,1.095220581,0.0,0.65,0.49,12351.0,,,,,,,,,,,,,,,,,,,,,,,,,35.6221021698647,21.90441162,0.0,,0.125,0.189,0.125,0.189,0.0,0.0,0.0,0.0,0.00125,0.189,0.0,0.0,0.0,0.0,0.19025,0.140625,0.213172279909797,8.578125,13.003509074497622,0.002109375,0.3197584198646955,0.300234375,35.0,35.6221021698647,23043,,,0.2162363777223835,Advisory
642352,12352.0,6978.931917,ARG,Argentina,Corrientes,1.577513976,0.0,0.65,0.49,12352.0,,,,,,,,,,,,,,,,,,,,,,,,,72.91259831831891,31.550279520000004,0.0,3.0,228.375,3.272,72.812,1.043,2.812,0.04,6.688,0.096,0.72812,1.043,0.04218,0.06,0.1672,0.24,2.2805,194.0625,2.78069054554594,880.875,12.621917084999833,2.9109375,4.171035818318909,30.830625,35.0,72.91259831831891,71420,1800.0,2.520302436292355,0.5251812370254796,Watch
642353,12353.0,3753.37194,ARG,Argentina,Santa Fe,2.375456829,0.0,0.65,0.49,12353.0,,,,,,,,,,,,,,,,,,,,,,,,,46.17754388006745,47.50913658,0.0,,49.562,1.32,32.688,0.871,0.875,0.023,1.375,0.037,0.32688,0.871,0.013125,0.0345,0.034375,0.0925,1.3723800000000002,51.328125,1.3675203475254831,338.0625,9.006901138222634,0.769921875,2.051280521288225,11.8321875,31.52415398377922,46.17754388006745,52314,,,0.4490169115040062,Advisory
642354,12354.0,11534.52048,ARG,Argentina,Chaco,3.222138333,0.0,0.65,0.49,12354.0,,,,,,,,,,,,,,,,,,,,,,,,,13.0811372965748,64.44276666,0.0,,107.75,0.934,68.688,0.595,0.25,0.002,0.5,0.004,0.68688,0.595,0.00375,0.003,0.0125,0.01,1.31113,12.65625,0.10972497750963,194.765625,1.6885454872315293,0.18984375,0.164587466264445,6.816796875,5.909909205310353,13.0811372965748,147000,,,0.1586619533459004,Information
642356,12356.0,7049.916614,ARG,Argentina,Chaco,2.252329742,0.0,0.65,0.49,12356.0,,,,,,,,,,,,,,,,,,,,,,,,,13.818077906492396,45.04659484,0.0,,97.125,1.378,52.5,0.745,0.312,0.004,0.5,0.007,0.525,0.745,0.00468,0.006,0.0125,0.0175,1.31068,16.03125,0.2273963066306013,156.375,2.218111341870427,0.24046875,0.341094459945902,5.473125,7.763389696546494,13.818077906492396,214034,,,0.0837151565299203,Information
642357,12357.0,4548.839974,ARG,Argentina,Corrientes,2.238706597,0.0,0.65,0.49,12357.0,12357.0,0.0,15.0,-9999.0,-9999.0,-9999.0,0.0,1.0,-999.9,-999.9,-999.9,-5997.4,0.0,0.0,0.0,0.0,0.0,0.0,0.0,0.0,0.0,0.0,0.0,-5997.4,28.832489872294403,44.77413194,0.0,,221.5,4.869,95.25,2.094,1.375,0.03,1.75,0.038,0.9525,2.094,0.020625,0.045,0.04375,0.095,3.250875,21.515625,0.4729914686586137,248.34375,5.45949629837328,0.322734375,0.7094872029879206,8.69203125,19.10823704430648,28.832489872294403,21663,,,0.2578691728818398,Information
642358,12358.0,2928.770526,ARG,Argentina,Corrientes,1.963225468,0.0,0.65,0.49,12358.0,,,,,,,,,,,,,,,,,,,,,,,,,44.66478169222942,39.264509360000005,0.0,,123.75,4.225,74.25,2.535,1.25,0.043,2.0,0.068,0.7425,2.535,0.01875,0.0645,0.05,0.17,3.58075,25.171875,0.8594690085697102,278.296875,9.502174122678529,0.377578125,1.2892035128545654,9.740390625,33.25760942937485,44.66478169222942,100465,,,0.3792911899705646,Advisory
642360,12360.0,21168.18197,ARG,Argentina,Chaco,4.05065168,0.0,0.65,0.49,12360.0,,,,,,,,,,,,,,,,,,,,,,,,,8.866191533026468,81.0130336,0.0,,350.125,1.654,124.375,0.588,2.875,0.014,0.375,0.002,1.24375,0.588,0.043125,0.021,0.009375,0.005,1.91025,11.953125,0.0564674142473726,166.921875,0.7885508319015456,0.179296875,0.0847011213710589,5.842265625,2.7599279116554096,8.866191533026468,402504,,,0.2231770226527287,Information
642370,12361.0,40.69350721,ARG,Argentina,Corrientes,0.51505035,0.0,0.65,0.49,12361.0,12361.0,0.0,15.0,-9999.0,-9999.0,-9999.0,0.0,1.0,-999.9,-999.9,-999.9,-5997.4,0.0,0.0,0.0,0.0,0.0,0.0,0.0,0.0,0.0,0.0,0.0,-5997.4,10.92978648583734,10.301007,0.0,,0.5,1.229,0.5,1.229,0.125,0.307,0.0,0.0,0.005,1.229,0.001875,0.4605,0.0,0.0,1.6963750000000002,0.0,0.0,1.265625,3.1101398888106684,0.0,0.0,0.044296875,10.88548961083734,10.92978648583734,129613,,,0.0176470566111912,Information
642380,12362.0,21705.58568,ARG,Argentina,Chaco,3.483179253,0.0,0.65,0.49,12362.0,,,,,,,,,,,,,,,,,,,,,,,,,6.947049764816169,69.66358506,0.0,,577.375,2.66,131.562,0.606,0.062,0.0,0.188,0.001,1.31562,0.606,0.0009299999999999,0.0,0.0046999999999999,0.0025,1.92975,10.265625,0.0472948537349439,131.484375,0.6057628526325011,0.153984375,0.0709422806024158,4.601953125,2.120169984213754,6.947049764816169,48098,,,0.0702365242366457,Information
642390,12363.0,208.6527665,ARG,Argentina,Corrientes,0.337714883,0.0,0.65,0.49,12363.0,,,,,,,,,,,,,,,,,,,,,,,,,36.77515651892519,6.754297660000001,0.0,,7.312,3.505,2.812,1.348,0.062,0.03,0.125,0.06,0.02812,1.348,0.0009299999999999,0.045,0.003125,0.15,1.575175,2.53125,1.2131399178496791,20.390625,9.772516004900192,0.03796875,1.8197098767745188,0.713671875,34.20380601715067,36.77515651892519,16955,,,0.176078011784693,Advisory
642400,12364.0,21524.29329,ARG,Argentina,Jujuy,2.993593599,0.0,0.65,0.49,12364.0,,,,,,,,,,,,,,,,,,,,,,,,,0.303788279310503,59.87187198,0.0,,77.562,0.36,8.312,0.039,1.688,0.008,0.0,0.0,0.08312,0.039,0.02532,0.012,0.0,0.0,0.15944,1.6875,0.0078399786557697,5.203125,0.0241732675219567,0.0253125,0.0117599679836545,0.182109375,0.0846064363268484,0.303788279310503,23312,,,5.21090976554293e-07,Information
642410,12365.0,5168.230779,ARG,Argentina,Chaco,2.737180012,0.0,0.65,0.49,12365.0,12365.0,0.0,5.0,-9999.0,-9999.0,-9999.0,0.0,6.0,-999.9,-999.9,-999.9,-5987.4,0.0,0.0,0.0,0.0,0.0,0.0,0.0,0.0,0.0,0.0,0.0,-5987.4,13.198787123834531,54.74360024,0.0,,154.25,2.985,53.188,1.029,0.812,0.016,0.625,0.012,0.53188,1.029,0.01218,0.024,0.015625,0.03,1.6426850000000002,12.375,0.2394436419316569,123.1875,2.3835526174105848,0.185625,0.3591654628974853,4.3115625,8.342434160937046,13.198787123834531,51268,,,0.1089336157498316,Information
642421,12366.0,3897.556356,ARG,Argentina,Formosa,4.045424624,0.0,0.65,0.49,12366.0,12366.0,0.0,1.0,-9999.0,-9999.0,-9999.0,0.0,10.0,-999.9,-999.9,-999.9,-5979.4,0.0,0.0,0.0,0.0,0.0,0.0,0.0,0.0,0.0,0.0,0.0,-5979.4,10.815801816287,80.90849247999999,0.0,,183.938,4.719,38.875,0.997,1.25,0.032,1.5,0.038,0.38875,0.997,0.01875,0.048,0.0375,0.095,1.5850000000000002,7.3125,0.1876175565354307,83.53125,2.1431697804239587,0.1096875,0.281426334803146,2.92359375,7.501094231483855,10.815801816287,46144,,,0.2849375659101787,Information
642422,12367.0,32883.66281,ARG,Argentina,Salta,3.496876151,0.0,0.65,0.49,12367.0,,,,,,,,,,,,,,,,,,,,,,,,,2.163077933633112,69.93752302,0.0,,148.0,0.45,77.125,0.235,0.0,0.0,0.0,0.0,0.77125,0.235,0.0,0.0,0.0,0.0,1.00625,0.984375,0.0029935077663686,46.96875,0.1428330848524454,0.014765625,0.0044902616495529,1.64390625,0.4999157969835588,2.163077933633112,54296,,,0.0042473721564258,Information
642423,12368.0,18438.67422,ARG,Argentina,Salta,2.296441832,0.0,0.65,0.49,12368.0,12368.0,0.0,3.0,-9999.0,-9999.0,-9999.0,0.0,8.0,-999.9,-999.9,-999.9,-5983.4,0.0,0.0,0.0,0.0,0.0,0.0,0.0,0.0,0.0,0.0,0.0,-5983.4,11.71213178139055,45.92883664,0.0,,,,,,,,,,,,,,,,,4.21875,0.022879898785503,215.15625,1.1668748380606555,0.06328125,0.0343198481782544,7.53046875,4.084061933212294,11.71213178139055,17021,,,0.0630484970751251,Information
642424,12369.0,25563.8448,ARG,Argentina,Salta,4.024172281,0.0,0.65,0.49,12369.0,12369.0,0.0,1.0,-9999.0,-9999.0,-9999.0,0.0,10.0,-999.9,-999.9,-999.9,-5980.066666666666,0.0,0.0,0.0,0.0,0.0,0.0,0.0,0.0,0.0,0.0,0.0,-5980.066666666666,0.9723026250209426,80.48344562,0.0,,,,,,,,,,,,,,,,,0.0,0.0,19.96875,0.0781132500059836,0.0,0.0,0.69890625,0.2733963750209426,0.9723026250209426,516610,,,0.0013527760889272,Information
642427,12372.0,8844.330033,ARG,Argentina,Jujuy,3.138626536,0.0,0.65,0.49,12372.0,12372.0,0.0,1.0,-9999.0,-9999.0,-9999.0,0.0,10.0,-999.9,-999.9,-999.9,-5979.4,0.0,0.0,0.0,0.0,0.0,0.0,0.0,0.0,0.0,0.0,0.0,-5979.4,1.0576768585789975,62.77253072,0.0,,,,,,,,,,,,,,,,,0.28125,0.0031800034480396,14.0625,0.1590001724019823,0.00421875,0.0047700051720594,0.4921875,0.5565006034069381,1.0576768585789975,177606,,,0.0001847422082419,Information
642433,12377.0,2499.522063,ARG,Argentina,Formosa,1.261805214,0.0,0.65,0.49,12377.0,,,,,,,,,,,,,,,,,,,,,,,,,44.98593774468729,25.23610428,0.0,,110.0,4.401,62.938,2.518,2.562,0.103,5.188,0.208,0.62938,2.518,0.03843,0.1545,0.1296999999999999,0.52,3.99001,13.640625,0.5457293297915254,256.078125,10.24508360361204,0.204609375,0.8185939946872882,8.962734375,35.0,44.98593774468729,8503,,,0.3057318806722873,Advisory
642436,12380.0,9206.844003,ARG,Argentina,Formosa,4.031627487,0.0,0.65,0.49,12380.0,,,,,,,,,,,,,,,,,,,,,,,,,12.82003458512608,80.63254974,0.0,,126.625,1.375,59.188,0.643,0.062,0.001,0.562,0.006,0.5918800000000001,0.643,0.0009299999999999,0.0015,0.01405,0.015,1.26636,3.796875,0.0412397016701153,173.953125,1.889389295034545,0.056953125,0.0618595525051729,6.088359375,6.612862532620907,12.82003458512608,15712,,,0.3399554615142746,Information
642437,12381.0,10911.58017,ARG,Argentina,Formosa,2.872031238,0.0,0.65,0.49,12381.0,12381.0,0.0,4.0,-9999.0,-9999.0,-9999.0,0.0,7.0,-999.9,-999.9,-999.9,-5985.4,0.0,0.0,0.0,0.0,0.0,0.0,0.0,0.0,0.0,0.0,0.0,-5985.4,46.750484642439424,57.44062476,0.0,,417.125,3.823,228.125,2.091,8.375,0.077,8.75,0.08,2.28125,2.091,0.125625,0.1154999999999999,0.21875,0.2,5.032125000000001,44.71875,0.4098283595893087,677.8125,6.211863815158704,0.67078125,0.6147425393839631,23.7234375,21.741523353055463,46.750484642439424,326067,,,0.5374154170610592,Advisory
642438,12382.0,56344.58639,ARG,Argentina,Formosa,3.000509911,0.0,0.65,0.49,12382.0,,,,,,,,,,,,,,,,,,,,,,,,,33.521456949058134,60.01019822,0.0,,184.812,0.328,106.125,0.188,0.938,0.002,1.438,0.003,1.06125,0.188,0.01407,0.003,0.0359499999999999,0.0075,1.30977,17.4375,0.0309479598993903,805.921875,1.4303448240597267,0.2615625,0.0464219398490854,28.207265625,5.006206884209044,33.521456949058134,361762,,,0.4299746413093612,Advisory
642439,12383.0,8770.930646,ARG,Argentina,Formosa,0.445474177,0.0,0.65,0.49,12383.0,12383.0,0.0,4.0,-9999.0,-9999.0,-9999.0,0.0,7.0,-999.9,-999.9,-999.9,-5985.4,0.0,0.0,0.0,0.0,0.0,0.0,0.0,0.0,0.0,0.0,0.0,-5985.4,52.39037916980853,8.90948354,0.0,,397.062,4.527,60.812,0.693,3.75,0.043,3.25,0.037,0.60812,0.693,0.05625,0.0645,0.08125,0.0925,1.59562,6.46875,0.0737521508393378,696.65625,7.942785983871293,0.09703125,0.1106282262590067,24.38296875,27.79975094354953,52.39037916980853,1043550,,,0.2900869485618705,Advisory
642511,12438.0,10428.79877,ARG,Argentina,Corrientes,2.481659077,0.0,0.65,0.49,12438.0,12438.0,0.0,15.0,-9999.0,-9999.0,-9999.0,0.0,1.0,-999.9,-999.9,-999.9,-5997.4,0.0,0.0,0.0,0.0,0.0,0.0,0.0,0.0,0.0,0.0,0.0,-5997.4,58.20500067004215,49.63318154,0.0,,307.875,2.952,147.438,1.414,8.562,0.082,3.188,0.031,1.4743799999999998,1.414,0.12843,0.123,0.0797,0.0775,3.29701,228.375,2.1898495214344136,751.078125,7.201962003683008,3.425625,3.2847742821516204,26.287734375,25.206867012890527,58.20500067004215,150938,,,0.5575019214846688,Advisory
643000,12571.0,19455.23382,ARG,Argentina,Buenos Aires,2.18115506,0.029133223,0.65,0.49,12571.0,,,,,,,,,,,,,,,,,,,,,,,,,29.323587586835,43.6231012,0.5826644599999999,,1479.0,7.602,527.125,2.709,0.875,0.004,3.438,0.018,5.27125,2.709,0.013125,0.006,0.08595,0.045,8.130325,166.078125,0.8536424006245645,482.203125,2.4785264959708995,2.491171875,1.2804636009368469,16.877109375,8.674842735898148,29.323587586835,17259544,,,0.2566631037352981,Information
644011,12572.0,10082.75923,ARG,Argentina,Santiago del Estero,0.535332987,0.0,0.65,0.49,12572.0,,,,,,,,,,,,,,,,,,,,,,,,,100.0,10.70665974,0.0,3.0,578.562,5.738,315.438,3.128,87.0,0.863,345.25,3.424,3.15438,3.128,1.305,1.2945,8.63125,8.56,26.07313,1047.515625,10.389176229568497,1944.703125,19.28741013272959,15.0,15.0,35.0,35.0,100.0,77183,2780.0,3.6018294183952424,0.5450811572965067,Warning
644015,12576.0,11792.59958,ARG,Argentina,Santiago del Estero,2.487497027,0.0,0.65,0.49,12576.0,,,,,,,,,,,,,,,,,,,,,,,,,81.86582474025482,49.74994054,0.0,3.0,834.438,7.076,228.25,1.936,146.438,1.242,273.062,2.316,2.2825,1.936,2.19657,1.863,6.82655,5.789999999999999,20.89462,428.0625,3.6299248268365454,2117.671875,17.957634023433496,6.4209375,5.444887240254819,35.0,35.0,81.86582474025482,69497,10.0,0.014389110321308832,0.6872498323222131,Warning
644016,12577.0,25554.67931,ARG,Argentina,Santiago del Estero,1.531864196,0.0,0.65,0.49,12577.0,,,,,,,,,,,,,,,,,,,,,,,,,21.100312179940587,30.63728392,0.0,,138.938,0.544,89.25,0.349,2.25,0.009,0.0,0.0,0.8925,0.349,0.03375,0.0134999999999999,0.0,0.0,1.2887499999999998,223.875,0.8760626468974374,337.359375,1.32014716702698,3.358125,1.314093970346156,11.807578125,4.62051508459443,21.100312179940587,72506,,,0.1170110799481494,Information
644017,12578.0,9107.470407,ARG,Argentina,Santiago del Estero,3.140341926,0.0,0.65,0.49,12578.0,,,,,,,,,,,,,,,,,,,,,,,,,4.42546816943525,62.80683852,0.0,,184.0,2.02,39.125,0.43,0.0,0.0,0.0,0.0,0.39125,0.43,0.0,0.0,0.0,0.0,0.82125,10.6875,0.1173487205847193,55.6875,0.6114485967309061,0.1603125,0.1760230808770789,1.9490625,2.140070088558172,4.42546816943525,485511,,,0.0166375228755002,Information
644018,12579.0,10092.4836,ARG,Argentina,Tucumán,3.451294225,0.0,0.65,0.49,12579.0,12579.0,0.0,8.0,-9999.0,-9999.0,-9999.0,0.0,3.0,-999.9,-999.9,-999.9,-5991.4,0.0,0.0,0.0,0.0,0.0,0.0,0.0,0.0,0.0,0.0,0.0,-5991.4,4.049641174611415,69.02588449999999,0.0,,39.938,0.396,23.875,0.237,2.375,0.024,0.0,0.0,0.23875,0.237,0.035625,0.036,0.0,0.0,0.5473750000000001,1.40625,0.0139336367066119,57.515625,0.5698857413004279,0.02109375,0.0209004550599178,2.013046875,1.9946000945514977,4.049641174611415,176942,,,0.0209494161321149,Information
644019,12580.0,14176.72728,ARG,Argentina,Tucumán,1.221187617,0.0,0.65,0.49,12580.0,12580.0,0.0,8.0,-9999.0,-9999.0,-9999.0,0.0,3.0,-999.9,-999.9,-999.9,-5982.2,0.0,0.0,0.0,0.0,0.0,0.0,0.0,0.0,0.0,0.0,0.0,-5982.2,5.171702384281887,24.42375234,0.0,,,,,,,,,,,,,,,,,18.421875,0.1299444831745547,78.75,0.55548786700573,0.276328125,0.194916724761832,2.75625,1.9442075345200551,5.171702384281887,1401380,,,0.0036598278655344,Information
644021,12582.0,16417.94215,ARG,Argentina,Catamarca,0.546000014,0.0,0.65,0.49,12582.0,,,,,,,,,,,,,,,,,,,,,,,,,4.27100185001388,10.92000028,0.0,,119.938,0.731,67.5,0.411,0.312,0.002,0.562,0.003,0.675,0.411,0.00468,0.003,0.01405,0.0075,1.11523,27.0,0.1644542279219417,64.265625,0.391435323751705,0.405,0.2466813418829125,2.249296875,1.3700236331309674,4.27100185001388,60134,,,0.0011920094970515,Information
644024,12585.0,12261.08884,ARG,Argentina,Catamarca,1.708940371,0.0,0.65,0.49,12585.0,12585.0,0.0,1.0,-9999.0,-9999.0,-9999.0,0.0,10.0,-999.9,-999.9,-999.9,-5979.4,0.0,0.0,0.0,0.0,0.0,0.0,0.0,0.0,0.0,0.0,0.0,-5979.4,0.8948864278204272,34.17880742,0.0,,152.0,1.24,21.875,0.178,0.0,0.0,0.0,0.0,0.21875,0.178,0.0,0.0,0.0,0.0,0.39675,7.59375,0.0619337328168418,10.828125,0.0883129153129041,0.11390625,0.0929005992252627,0.378984375,0.3090952035951643,0.8948864278204272,254937,,,8.617295449578365e-06,Information
644026,12587.0,21468.44162,ARG,Argentina,La Rioja,1.865772532,0.0,0.65,0.49,12587.0,,,,,,,,,,,,,,,,,,,,,,,,,1.317158714233674,37.31545064,0.0,,103.5,0.482,45.688,0.213,0.0,0.0,0.0,0.0,0.45688,0.213,0.0,0.0,0.0,0.0,0.66988,12.65625,0.0589528118638977,20.25,0.0943244989822364,0.18984375,0.0884292177958465,0.70875,0.3301357464378274,1.317158714233674,298363,,,5.608456592219059e-05,Information
644027,12588.0,4690.775979,ARG,Argentina,La Rioja,2.732946314,0.0,0.65,0.49,12588.0,12588.0,0.0,1.0,-9999.0,-9999.0,-9999.0,0.0,10.0,-999.9,-999.9,-999.9,-5979.4,0.0,0.0,0.0,0.0,0.0,0.0,0.0,0.0,0.0,0.0,0.0,-5979.4,0.28038,54.65892628,0.0,,112.812,2.405,8.938,0.191,0.0,0.0,0.0,0.0,0.08938,0.191,0.0,0.0,0.0,0.0,0.28038,0.984375,0.020985333863615,0.984375,0.020985333863615,0.014765625,0.0314780007954225,0.034453125,0.0734486685226525,0.154145419318075,3179,,,1.8301786427292573e-07,Information
644028,12589.0,23928.38329,ARG,Argentina,Catamarca,2.245187468,0.0,0.65,0.49,12589.0,,,,,,,,,,,,,,,,,,,,,,,,,1.5911650679974,44.903749360000006,0.0,,48.562,0.203,27.062,0.113,0.688,0.003,0.0,0.0,0.27062,0.113,0.01032,0.0045,0.0,0.0,0.39844,13.78125,0.0575937364207333,26.15625,0.1093105609618,0.20671875,0.0863906046310999,0.91546875,0.3825869633663,1.5911650679974,46767,,,0.0001965933421999,Information
644029,12590.0,23442.51378,ARG,Argentina,Catamarca,1.378273117,0.0,0.65,0.49,12590.0,,,,,,,,,,,,,,,,,,,,,,,,,0.9649445254710758,27.56546234,0.0,,19.312,0.082,10.562,0.045,37.812,0.161,0.062,0.0,0.1056199999999999,0.045,0.56718,0.2415,0.00155,0.0,0.96085,2.109375,0.0089980751186406,18.421875,0.0785831893694614,0.031640625,0.0134971126779609,0.644765625,0.2750411627931149,0.9649445254710758,61472,,,7.859363203288844e-06,Information
644030,12591.0,23294.7224,ARG,Argentina,La Rioja,2.122120521,0.0,0.65,0.49,12591.0,,,,,,,,,,,,,,,,,,,,,,,,,1.2240458531948044,42.44241042,0.0,,21.75,0.093,21.75,0.093,0.312,0.001,0.0,0.0,0.2175,0.093,0.00468,0.0015,0.0,0.0,0.31668,9.84375,0.0422574256545752,20.25,0.0869295613465547,0.14765625,0.0633861384818628,0.70875,0.3042534647129414,1.2240458531948044,27068,,,5.890854359495353e-05,Information
651010,12592.0,27605.93805,ARG,Argentina,Buenos Aires,2.077906956,0.0,0.65,0.49,12592.0,,,,,,,,,,,,,,,,,,,,,,,,,41.56675915715596,41.55813912,0.0,,15.812,0.057,15.438,0.056,1.125,0.004,0.562,0.002,0.15438,0.056,0.016875,0.006,0.01405,0.005,0.252305,478.265625,1.7324737310349745,666.84375,2.4155808387438547,7.173984375,2.5987105965524617,23.33953125,8.454532935603492,41.56675915715596,122550,,,0.3666528086688138,Advisory
651030,12594.0,24082.82816,ARG,Argentina,La Pampa,2.868234797,0.0,0.65,0.49,12594.0,,,,,,,,,,,,,,,,,,,,,,,,,11.594675,57.36469594,0.0,,266.562,1.107,112.062,0.465,469.562,1.95,1.125,0.005,1.12062,0.465,7.043430000000001,2.925,0.028125,0.0125,11.594675,38.953125,0.161746472370944,91.96875,0.3818851730346477,0.584296875,0.242619708556416,3.21890625,1.336598105621267,5.382420939177683,79982,,,0.0964348291786473,Information
651040,12595.0,23638.50766,ARG,Argentina,San Luis,2.823382014,0.0,0.65,0.49,12595.0,,,,,,,,,,,,,,,,,,,,,,,,,4.61965006726111,56.46764028,0.0,,104.0,0.44,104.0,0.44,7.25,0.031,0.0,0.0,1.04,0.44,0.10875,0.0465,0.0,0.0,1.63525,40.21875,0.1701408167583614,75.515625,0.3194602048924478,0.60328125,0.2552112251375421,2.643046875,1.1181107171235674,4.61965006726111,38854,,,0.0124424241220716,Information
651053,12598.0,9198.902313,ARG,Argentina,San Luis,2.267725471,0.0,0.65,0.49,12598.0,,,,,,,,,,,,,,,,,,,,,,,,,3.850674087227405,45.35450942,0.0,,260.188,2.828,131.5,1.43,0.062,0.001,0.062,0.001,1.315,1.43,0.0009299999999999,0.0015,0.00155,0.0025,2.75148,14.0625,0.1528715005508693,46.6875,0.5075333818288861,0.2109375,0.2293072508263039,1.6340625,1.7763668364011012,3.850674087227405,162925,,,0.0039935046228748,Information
651061,12600.0,23435.68273,ARG,Argentina,Buenos Aires,2.158439753,0.0,0.65,0.49,12600.0,,,,,,,,,,,,,,,,,,,,,,,,,37.29203667342853,43.16879506,0.0,,587.875,2.508,145.75,0.622,0.938,0.004,0.125,0.001,1.4575,0.622,0.01407,0.006,0.003125,0.0025,2.105195,158.0625,0.6744522950065188,679.078125,2.897624673119644,2.3709375,1.0116784425097782,23.767734375,10.141686355918754,37.29203667342853,141250,,,0.3367659168196165,Advisory
651062,12601.0,13113.1468,ARG,Argentina,Buenos Aires,0.508022485,0.0,0.65,0.49,12601.0,,,,,,,,,,,,,,,,,,,,,,,,,68.62597758986887,10.1604497,0.0,3.0,806.375,6.149,157.5,1.201,0.188,0.001,0.188,0.001,1.575,1.201,0.00282,0.0015,0.0046999999999999,0.0025,2.78752,47.25,0.3603254103337983,1213.03125,9.25049699267662,0.70875,0.5404881155006974,35.0,32.37673947436817,68.62597758986887,72832,16.0,0.02196836555360281,0.3938285790816149,Watch
651063,12602.0,10677.39313,ARG,Argentina,Buenos Aires,3.05765943,0.0,0.65,0.49,12602.0,,,,,,,,,,,,,,,,,,,,,,,,,79.41575774010764,61.15318860000001,0.0,3.0,64.438,0.603,63.125,0.591,3.5,0.033,3.688,0.035,0.63125,0.591,0.0525,0.0495,0.0922,0.0875,1.50395,324.140625,3.035765576738428,1288.265625,12.065357244468863,4.862109375,4.553648365107642,35.0,35.0,79.41575774010764,79126,453.0,0.5725046128958876,0.7627173550877693,Watch
651064,12603.0,491.9325855,ARG,Argentina,Buenos Aires,4.060277263,0.0,0.65,0.49,12603.0,,,,,,,,,,,,,,,,,,,,,,,,,57.3096875,81.20554526,0.0,3.0,11.0,2.236,11.0,2.236,1.562,0.318,1.812,0.368,0.11,2.236,0.02343,0.477,0.0453,0.92,3.81173,100.125,20.353398607112265,165.9375,33.73175611852876,1.501875,15.0,5.8078125,35.0,57.3096875,803,195.0,24.283935242839352,0.8675550352283441,Warning
651070,12604.0,7506.278713,ARG,Argentina,Buenos Aires,4.002583721,0.0,0.65,0.49,12604.0,,,,,,,,,,,,,,,,,,,,,,,,,36.64388290528875,80.05167442,0.0,3.0,1116.562,14.875,208.75,2.781,1.875,0.025,0.25,0.003,2.0875,2.781,0.028125,0.0375,0.00625,0.0075,4.947875,105.75,1.408820589347278,403.59375,5.376748791790808,1.58625,2.113230884020917,14.12578125,18.818620771267828,36.64388290528875,89197,127.0,0.14238147022881936,0.7284398548547157,Watch
651080,12605.0,18166.44897,ARG,Argentina,Santa Fe,1.238659791,0.0,0.65,0.49,12605.0,,,,,,,,,,,,,,,,,,,,,,,,,31.25083966452608,24.77319582,0.0,,2669.188,14.693,1019.25,5.611,109.812,0.604,1.375,0.008,10.0,5.611,1.64718,0.906,0.034375,0.02,18.218555,5.625,0.0309636738003937,573.46875,3.1567465439501383,0.084375,0.0464455107005905,20.07140625,11.048612903825484,31.25083966452608,193331,,,0.1898466987790187,Information
651202,12608.0,10397.66108,ARG,Argentina,Buenos Aires,2.233845459,0.0,0.65,0.49,12608.0,,,,,,,,,,,,,,,,,,,,,,,,,28.94446533615597,44.67690918,0.0,,12.375,0.119,12.312,0.118,0.0,0.0,1.75,0.017,0.12312,0.118,0.0,0.0,0.04375,0.0425,0.32737,187.59375,1.804191813613426,341.15625,3.2810864616388096,2.81390625,2.706287720420139,11.94046875,11.483802615735833,28.94446533615597,25766,,,0.2585534798691667,Information
651203,12609.0,7823.676675,ARG,Argentina,Buenos Aires,1.702804846,0.0,0.65,0.49,12609.0,,,,,,,,,,,,,,,,,,,,,,,,,19.793928061652167,34.05609692,0.0,,8.375,0.107,8.375,0.107,0.312,0.004,1.5,0.019,0.08375,0.107,0.00468,0.006,0.0375,0.0475,0.28643,99.84375,1.276174286642881,205.453125,2.626043144767956,1.49765625,1.9142614299643208,7.190859375,9.191151006687846,19.793928061652167,116042,,,0.1144051369028048,Information
651204,12610.0,23193.07889,ARG,Argentina,Buenos Aires,3.2163327,0.0,0.65,0.49,12610.0,,,,,,,,,,,,,,,,,,,,,,,,,33.79613414966115,64.326654,0.0,,45.5,0.196,40.062,0.173,10.688,0.046,10.438,0.045,0.40062,0.173,0.16032,0.069,0.26095,0.1124999999999999,1.17639,369.421875,1.59281084125561,516.375,2.2264185036507804,5.541328125,2.3892162618834147,18.073125,7.7924647627777315,33.79613414966115,248838,,,0.4784447251516982,Advisory
651206,12612.0,15948.03996,ARG,Argentina,Buenos Aires,1.268544181,0.0,0.65,0.49,12612.0,,,,,,,,,,,,,,,,,,,,,,,,,15.221805,25.37088362,0.0,,1489.375,9.339,864.875,5.423,46.062,0.289,0.625,0.004,8.64875,5.423,0.6909299999999999,0.4335,0.015625,0.01,15.221805,64.546875,0.404732337958523,229.359375,1.4381665429419412,0.968203125,0.6070985069377844,8.027578125,5.033582900296794,14.63646265723458,371953,,,0.0559397449483473,Information
651207,12613.0,18316.19856,ARG,Argentina,Buenos Aires,1.182895627,0.0,0.65,0.49,12613.0,,,,,,,,,,,,,,,,,,,,,,,,,67.50310440641961,23.65791254,0.0,3.0,34.062,0.186,33.875,0.185,0.875,0.005,0.875,0.005,0.33875,0.185,0.013125,0.0075,0.021875,0.0125,0.5787499999999999,701.015625,3.82729867644128,947.109375,5.170883969073625,10.515234375,5.74094801466192,33.148828125,18.098093891757685,67.50310440641961,82924,43.0,0.05185471033717621,0.4510334342510425,Watch
651300,12616.0,1784.234912,ARG,Argentina,Buenos Aires,4.044837666,2.041346892,0.65,0.49,12616.0,,,,,,,,,,,,,,,,,,,,,,,,,62.604921875,80.89675332,40.82693784,3.0,5.125,0.287,5.125,0.287,0.0,0.0,0.562,0.032,0.05125,0.287,0.0,0.0,0.01405,0.08,0.4323,179.15625,10.041068513393771,283.359375,15.881281832408517,2.68734375,15.0,9.917578125,35.0,62.604921875,473,0.0,0.0,0.8823833488044102,Warning
651400,12617.0,17460.29853,ARG,Argentina,Buenos Aires,0.917379717,0.097129509,0.65,0.49,12617.0,,,,,,,,,,,,,,,,,,,,,,,,,43.890166472194814,18.34759434,1.94259018,,336.688,1.928,43.625,0.25,0.0,0.0,5.062,0.029,0.43625,0.25,0.0,0.0,0.12655,0.0725,0.8853000000000001,330.75,1.8942975078156807,655.59375,3.754768274420369,4.96125,2.841446261723521,22.94578125,13.141688960471292,43.890166472194814,212055,,,0.2673718678528406,Advisory
651500,12618.0,17690.6916,ARG,Argentina,Buenos Aires,1.078530615,1.886936446,0.65,0.49,12618.0,,,,,,,,,,,,,,,,,,,,,,,,,69.96940987595036,21.5706123,37.73872892,3.0,604.5,3.417,160.312,0.906,0.375,0.002,6.0,0.034,1.60312,0.906,0.005625,0.003,0.15,0.085,2.7527450000000004,362.25,2.0476870449038684,1337.625,7.561179802455588,5.43375,3.0715305673558024,35.0,26.46412930859456,69.96940987595036,987416,86837.0,8.794368331078289,0.5464584606711207,Watch
651600,12619.0,10345.28311,ARG,Argentina,Buenos Aires,2.093020107,0.0,0.65,0.49,12619.0,,,,,,,,,,,,,,,,,,,,,,,,,18.03010195546232,41.860402140000005,0.0,,18.375,0.178,18.375,0.178,0.75,0.007,1.25,0.012,0.18375,0.178,0.01125,0.0105,0.03125,0.03,0.44475,115.734375,1.1187163634052446,212.34375,2.0525658672441303,1.736015625,1.678074545107867,7.43203125,7.183980535354456,18.03010195546232,122816,,,0.1208387272450331,Information
651700,12620.0,11756.41703,ARG,Argentina,Buenos Aires,3.223733607,0.0,0.65,0.49,12620.0,,,,,,,,,,,,,,,,,,,,,,,,,50.41769818842611,64.47467214,0.0,3.0,137.938,1.173,118.25,1.006,33.125,0.282,9.25,0.079,1.1825,1.006,0.496875,0.4229999999999999,0.23125,0.1975,3.5371250000000005,340.03125,2.892303404179128,632.671875,5.381502487759262,5.10046875,4.338455106268692,22.143515625,18.83525870715741,50.41769818842611,87531,2280.0,2.604791445316516,0.6368668106149427,Watch
651800,12621.0,9919.135743,ARG,Argentina,Buenos Aires,0.361334737,0.0,0.65,0.49,12621.0,,,,,,,,,,,,,,,,,,,,,,,,,21.6682776198978,7.22669474,0.0,,6.625,0.067,6.625,0.067,13.125,0.132,0.562,0.006,0.06625,0.067,0.196875,0.198,0.01405,0.015,0.557175,148.078125,1.492853095595253,244.828125,2.4682404932871185,2.221171875,2.23927964339288,8.568984375,8.638841726504914,21.6682776198978,23511,,,0.0729302437382342,Information
651900,12622.0,22905.87403,ARG,Argentina,La Pampa,2.114569859,0.0,0.65,0.49,12622.0,,,,,,,,,,,,,,,,,,,,,,,,,15.161417072203538,42.29139718,0.0,,25.25,0.11,24.0,0.105,21.625,0.094,0.938,0.004,0.24,0.105,0.324375,0.141,0.02345,0.01,0.843825,154.96875,0.6765458928805195,235.125,1.026483423680788,2.32453125,1.014818839320779,8.229375,3.592691982882758,15.161417072203538,15293,,,0.0906680618135774,Information
651901,12623.0,2521.803039,ARG,Argentina,Buenos Aires,0.939007063,0.0,0.65,0.49,12623.0,,,,,,,,,,,,,,,,,,,,,,,,,31.156438386609548,18.78014126,0.0,,13.75,0.545,12.0,0.476,2.25,0.089,1.625,0.064,0.12,0.476,0.03375,0.1335,0.040625,0.16,0.963875,94.78125,3.758471559295122,138.65625,5.498298156476247,1.42171875,5.637707338942683,4.85296875,19.244043547666863,31.156438386609548,12966,,,0.1689963688260115,Information
651902,12624.0,4643.322291,ARG,Argentina,Buenos Aires,2.106062271,0.0,0.65,0.49,12624.0,,,,,,,,,,,,,,,,,,,,,,,,,11.091416635438923,42.12124542,0.0,,7.5,0.162,7.5,0.162,0.312,0.007,0.0,0.0,0.075,0.162,0.00468,0.0105,0.0,0.0,0.2521799999999999,29.390625,0.6329654320498741,87.890625,1.8928392106754608,0.440859375,0.9494481480748111,3.076171875,6.624937237364112,11.091416635438923,7822,,,0.0492490482115786,Information
651903,12625.0,333.9560396,ARG,Argentina,Buenos Aires,4.007262981,0.0,0.65,0.49,12625.0,,,,,,,,,,,,,,,,,,,,,,,,,52.599453125,80.14525962,0.0,3.0,1.75,0.524,1.625,0.487,0.125,0.037,0.0,0.0,0.01625,0.487,0.001875,0.0554999999999999,0.0,0.0,0.5606249999999999,40.078125,12.001018172476869,57.09375,17.096187291317925,0.601171875,15.0,1.99828125,35.0,52.599453125,12801,5119.0,39.98906335442543,0.8350369981972342,Warning
651904,12626.0,1338.227658,ARG,Argentina,Buenos Aires,3.817114044,0.0,0.65,0.49,12626.0,,,,,,,,,,,,,,,,,,,,,,,,,10.252471756142585,76.34228088,0.0,,1.5,0.112,1.5,0.112,0.062,0.005,0.0,0.0,0.015,0.112,0.0009299999999999,0.0075,0.0,0.0,0.13543,11.109375,0.8301558359793888,29.8125,2.2277599649067144,0.166640625,1.2452337539690832,1.0434375,7.797159877173501,10.252471756142585,6961,,,0.2015294598140622,Information
651905,12627.0,833.7485843,ARG,Argentina,Buenos Aires,4.025647404,2.002250285,0.65,0.49,12627.0,,,,,,,,,,,,,,,,,,,,,,,,,50.57497459565864,80.51294808,40.0450057,3.0,1.938,0.232,1.562,0.187,0.0,0.0,0.0,0.0,0.01562,0.187,0.0,0.0,0.0,0.0,0.20262,62.15625,7.455035147105759,98.859375,11.857216534876354,0.93234375,11.182552720658638,3.460078125,35.0,50.57497459565864,219677,4107.0,1.8695630402818681,0.8298839208844416,Warning
651908,12630.0,1637.863215,ARG,Argentina,Buenos Aires,3.982022378,0.038214817,0.65,0.49,12630.0,,,,,,,,,,,,,,,,,,,,,,,,,5.280841667720011,79.64044756,0.76429634,,9.0,0.549,7.938,0.485,0.0,0.0,0.0,0.0,0.0793799999999999,0.485,0.0,0.0,0.0,0.0,0.56438,9.84375,0.6010117275125844,17.015625,1.03889170041461,0.14765625,0.9015175912688764,0.595546875,3.6361209514511352,5.280841667720011,12394,,,0.0885938728734783,Information
652001,12631.0,16466.64982,ARG,Argentina,La Pampa,0.658950657,0.0,0.65,0.49,12631.0,,,,,,,,,,,,,,,,,,,,,,,,,2.105421803259074,13.17901314,0.0,,4.938,0.03,4.0,0.024,6.188,0.038,0.0,0.0,0.04,0.024,0.09282,0.0569999999999999,0.0,0.0,0.21382,2.671875,0.0162259781394765,36.28125,0.2203317031571027,0.040078125,0.0243389672092147,1.26984375,0.7711609610498595,2.105421803259074,1009,,,9.987496083408328e-05,Information
652003,12633.0,3229.010418,ARG,Argentina,Mendoza,0.136610845,0.0,0.65,0.49,12633.0,,,,,,,,,,,,,,,,,,,,,,,,,12.32341949316442,2.7322169,0.0,,33.125,1.026,28.875,0.894,21.5,0.666,1.875,0.058,0.28875,0.894,0.3225,0.999,0.046875,0.145,2.696125,51.890625,1.6070132418081675,63.703125,1.972837394414905,0.778359375,2.410519862712252,2.229609375,6.904930880452168,12.32341949316442,26,,,0.0194158285381263,Information
652005,12635.0,8392.827771,ARG,Argentina,Mendoza,0.523987845,0.0,0.65,0.49,12635.0,,,,,,,,,,,,,,,,,,,,,,,,,3.4808792958954333,10.479756899999998,0.0,,19.75,0.235,16.0,0.191,75.188,0.896,7.625,0.091,0.16,0.191,1.12782,1.344,0.190625,0.2274999999999999,3.240945,16.3125,0.1943623823141835,38.390625,0.4574218135497594,0.2446875,0.2915435734712752,1.343671875,1.600976347424158,3.4808792958954333,16584,,,0.0005827735655888,Information
652100,12636.0,27443.19788,ARG,Argentina,Río Negro,4.029230426,0.0,0.65,0.49,12636.0,12636.0,0.0,1.0,-9999.0,-9999.0,-9999.0,0.0,10.0,-999.9,-999.9,-999.9,-5979.4,0.0,0.0,0.0,0.0,0.0,0.0,0.0,0.0,0.0,0.0,0.0,-5979.4,29.3950153003885,80.58460851999999,0.0,3.0,17.0,0.062,12.438,0.045,0.875,0.003,0.0,0.0,0.12438,0.045,0.013125,0.0045,0.0,0.0,0.187005,261.28125,0.9520801881055992,503.578125,1.8349833980657435,3.91921875,1.428120282158399,17.625234375,6.422441893230102,29.3950153003885,32099,22.0,0.06853796068413347,0.6608408264985295,Watch
652202,12639.0,953.134686,ARG,Argentina,La Pampa,0.740326154,0.0,0.65,0.49,12639.0,,,,,,,,,,,,,,,,,,,,,,,,,6.383278378192427,14.80652308,0.0,,1.438,0.151,1.438,0.151,3.438,0.361,1.375,0.144,0.0143799999999999,0.151,0.05157,0.5415,0.034375,0.36,1.152825,5.203125,0.5458960917547337,13.640625,1.4311329973029507,0.078046875,0.8188441376321006,0.477421875,5.008965490560327,6.383278378192427,188,,,0.0047814962572314,Information
652203,12640.0,3307.2948,ARG,Argentina,Río Negro,0.226546452,0.0,0.65,0.49,12640.0,,,,,,,,,,,,,,,,,,,,,,,,,4.653881406662036,4.53092904,0.0,,3.625,0.11,3.625,0.11,8.0,0.242,2.562,0.077,0.03625,0.11,0.12,0.363,0.06405,0.1925,0.8858,16.734375,0.5059837726659967,25.875,0.7823614636180117,0.251015625,0.7589756589989951,0.905625,2.738265122663041,4.653881406662036,5575,,,0.0012592877173774,Information
652204,12641.0,2461.691556,ARG,Argentina,Neuquén,0.568849289,0.0,0.65,0.49,12641.0,,,,,,,,,,,,,,,,,,,,,,,,,0.4983149735692201,11.37698578,0.0,,3.938,0.16,3.938,0.16,0.562,0.023,0.25,0.01,0.03938,0.16,0.00843,0.0345,0.00625,0.025,0.27356,0.0,0.0,2.8125,0.1142507067340629,0.0,0.0,0.0984375,0.3998774735692201,0.4983149735692201,738,,,1.1040034334732897e-07,Information
652205,12642.0,11932.06694,ARG,Argentina,Mendoza,4.017911538,0.0,0.65,0.49,12642.0,12642.0,0.0,1.0,-9999.0,-9999.0,-9999.0,0.0,10.0,-999.9,-999.9,-999.9,-5979.4,0.0,0.0,0.0,0.0,0.0,0.0,0.0,0.0,0.0,0.0,0.0,-5979.4,7.891384808124471,80.35823076,0.0,,64.5,0.541,64.188,0.538,14.0,0.117,0.188,0.002,0.64188,0.538,0.21,0.1755,0.0046999999999999,0.005,1.5750799999999998,18.140625,0.1520325447094846,114.890625,0.9628727831600696,0.272109375,0.2280488170642269,4.021171875,3.370054741060244,7.891384808124471,85035,,,0.1809141690042309,Information
652206,12643.0,3567.432769,ARG,Argentina,Neuquén,1.015649707,0.0,0.65,0.49,12643.0,12643.0,0.0,3.0,-9999.0,-9999.0,-9999.0,0.0,8.0,-999.9,-999.9,-999.9,-5983.4,0.0,0.0,0.0,0.0,0.0,0.0,0.0,0.0,0.0,0.0,0.0,-5983.4,13.651179182859526,20.31299414,0.0,,11.875,0.333,10.0,0.28,7.25,0.203,2.875,0.081,0.1,0.28,0.10875,0.3045,0.071875,0.2025,1.067625,37.828125,1.0603738725031195,86.34375,2.4203329283156703,0.567421875,1.5905608087546792,3.02203125,8.471165249104846,13.651179182859526,1226,,,0.0388423717882917,Information
652207,12644.0,5342.885988,ARG,Argentina,Mendoza,2.900606928,0.0,0.65,0.49,12644.0,12644.0,0.0,1.0,-9999.0,-9999.0,-9999.0,0.0,10.0,-999.9,-999.9,-999.9,-5979.4,0.0,0.0,0.0,0.0,0.0,0.0,0.0,0.0,0.0,0.0,0.0,-5979.4,12.85376409599245,58.01213856,0.0,,55.375,1.036,38.875,0.728,30.062,0.563,5.688,0.106,0.38875,0.728,0.45093,0.8444999999999999,0.1422,0.265,2.81938,65.109375,1.2186180867717575,99.984375,1.8713552045242323,0.976640625,1.8279271301576363,3.499453125,6.549743215834813,12.85376409599245,5654,,,0.118257233858898,Information
652209,12646.0,4058.818668,ARG,Argentina,Mendoza,2.560108501,0.0,0.65,0.49,12646.0,,,,,,,,,,,,,,,,,,,,,,,,,22.90066828564117,51.20217002,0.0,,26.25,0.647,3.812,0.094,5.875,0.145,1.562,0.038,0.03812,0.094,0.088125,0.2174999999999999,0.03905,0.095,0.5717949999999999,60.46875,1.4898115668564726,162.984375,4.015561874387562,0.90703125,2.234717350284709,5.704453125,14.054466560356468,22.90066828564117,140,,,0.224668817431856,Information
652306,12653.0,9649.648195,ARG,Argentina,La Pampa,0.840397264,0.0,0.65,0.49,12653.0,,,,,,,,,,,,,,,,,,,,,,,,,1.0165627400861936,16.807945280000002,0.0,,0.625,0.006,0.625,0.006,24.562,0.255,0.125,0.001,0.00625,0.006,0.36843,0.3825,0.003125,0.0025,0.768805,0.140625,0.0014573070143273,14.203125,0.1471880084470579,0.002109375,0.0021859605214909,0.497109375,0.5151580295647027,1.0165627400861936,1508,,,5.29591333968546e-06,Information
652401,12657.0,10873.78675,ARG,Argentina,Mendoza,1.508829935,0.0,0.65,0.49,12657.0,,,,,,,,,,,,,,,,,,,,,,,,,2.699875,30.1765987,0.0,,3.375,0.031,3.375,0.031,91.125,0.838,0.25,0.002,0.03375,0.031,1.366875,1.257,0.00625,0.005,2.699875,0.0,0.0,17.296875,0.1590694704122065,0.0,0.0,0.605390625,0.5567431464427228,1.162133771442723,19031,,,0.0005714423976254,Information
652402,12658.0,3527.228965,ARG,Argentina,Mendoza,0.433162542,0.0,0.65,0.49,12658.0,,,,,,,,,,,,,,,,,,,,,,,,,0.6417777934013071,8.66325084,0.0,,5.25,0.149,4.375,0.124,0.375,0.011,0.0,0.0,0.04375,0.124,0.005625,0.0165,0.0,0.0,0.189875,0.0,0.0,4.78125,0.1355525838289449,0.0,0.0,0.16734375,0.4744340434013071,0.6417777934013071,504,,,3.559912165398027e-07,Information
652404,12660.0,6037.141246,ARG,Argentina,Mendoza,0.226784599,0.0,0.65,0.49,12660.0,12660.0,0.0,1.0,-9999.0,-9999.0,-9999.0,0.0,10.0,-999.9,-999.9,-999.9,-5979.4,0.0,0.0,0.0,0.0,0.0,0.0,0.0,0.0,0.0,0.0,0.0,-5979.4,7.984804296988591,4.53569198,0.0,,23.438,0.388,15.875,0.263,4.75,0.079,2.188,0.036,0.15875,0.263,0.07125,0.1185,0.0547,0.09,0.7561999999999999,32.0625,0.5310874583454498,72.140625,1.1949467812772618,0.4809375,0.7966311875181746,2.524921875,4.182313734470417,7.984804296988591,46410,,,0.006546820543813,Information
652405,12661.0,1752.107909,ARG,Argentina,Mendoza,2.555212007,0.0,0.65,0.49,12661.0,,,,,,,,,,,,,,,,,,,,,,,,,3.2258454907098346,51.10424014,0.0,,3.188,0.182,3.188,0.182,0.062,0.004,0.0,0.0,0.03188,0.182,0.0009299999999999,0.006,0.0,0.0,0.2208099999999999,7.453125,0.4253804780924597,10.546875,0.6019535067346129,0.111796875,0.6380707171386896,0.369140625,2.106837273571145,3.2258454907098346,9749,,,0.0032789764111919,Information
652406,12662.0,1441.962622,ARG,Argentina,Mendoza,2.355014256,0.0,0.65,0.49,12662.0,,,,,,,,,,,,,,,,,,,,,,,,,2.120130813903001,47.10028512,0.0,,4.688,0.325,4.438,0.308,0.75,0.052,0.312,0.022,0.0443799999999999,0.308,0.01125,0.078,0.0078,0.0549999999999999,0.5044299999999999,4.359375,0.3023223301631212,5.765625,0.3998456624738055,0.065390625,0.4534834952446818,0.201796875,1.3994598186583191,2.120130813903001,0,,,0.0006478732636508,Information
652408,12664.0,2368.651374,ARG,Argentina,Mendoza,4.005642387,0.0,0.65,0.49,12664.0,,,,,,,,,,,,,,,,,,,,,,,,,0.9839851355079684,80.11284774,0.0,,9.625,0.406,7.188,0.303,2.938,0.124,0.062,0.003,0.07188,0.303,0.04407,0.186,0.00155,0.0075,0.614,0.421875,0.0178107679591336,5.203125,0.219666138162648,0.006328125,0.0267161519387004,0.182109375,0.768831483569268,0.9839851355079684,273,,,0.0013225946846224,Information
652409,12665.0,5271.487632,ARG,Argentina,Mendoza,3.643683918,0.0,0.65,0.49,12665.0,12665.0,0.0,1.0,-9999.0,-9999.0,-9999.0,0.0,10.0,-999.9,-999.9,-999.9,-5979.4,0.0,0.0,0.0,0.0,0.0,0.0,0.0,0.0,0.0,0.0,0.0,-5979.4,3.8966882562937206,72.87367836,0.0,,48.625,0.922,9.625,0.183,35.188,0.668,5.688,0.108,0.09625,0.183,0.5278200000000001,1.002,0.1422,0.27,2.22127,11.25,0.2134122430773629,33.609375,0.6375690761936217,0.16875,0.3201183646160443,1.176328125,2.231491766677676,3.8966882562937206,473,,,0.026166914038507,Information
652501,12667.0,13769.6224,ARG,Argentina,Mendoza,1.21940465,0.0,0.65,0.49,12667.0,,,,,,,,,,,,,,,,,,,,,,,,,2.081598258898292,24.388093,0.0,,0.0,0.0,0.0,0.0,47.5,0.345,0.0,0.0,0.0,0.0,0.7125,0.5175,0.0,0.0,1.23,0.0,0.0,34.453125,0.2502111096852262,0.0,0.0,1.205859375,0.8757388838982917,2.081598258898292,5394,,,0.0001637742968951,Information
652502,12668.0,9092.403725,ARG,Argentina,Mendoza,0.513324844,0.0,0.65,0.49,12668.0,,,,,,,,,,,,,,,,,,,,,,,,,0.4650771384722438,10.26649688,0.0,,1.688,0.019,1.688,0.019,11.938,0.131,0.0,0.0,0.01688,0.019,0.17907,0.1965,0.0,0.0,0.41145,0.0,0.0,6.328125,0.0695979324206411,0.0,0.0,0.221484375,0.2435927634722438,0.4650771384722438,135033,,,7.109497173612108e-08,Information
652504,12670.0,11972.89986,ARG,Argentina,Mendoza,0.601570047,0.0,0.65,0.49,12670.0,,,,,,,,,,,,,,,,,,,,,,,,,1.7962211320344172,12.03140094,0.0,,9.938,0.083,9.938,0.083,2.375,0.02,0.0,0.0,0.09938,0.083,0.035625,0.03,0.0,0.0,0.248005,0.28125,0.0023490549771103,27.84375,0.2325564427339291,0.00421875,0.0035235824656654,0.97453125,0.8139475495687518,1.7962211320344172,12185,,,4.985534081548774e-05,Information
652506,12672.0,15378.87155,ARG,Argentina,Mendoza,2.131191813,0.0,0.65,0.49,12672.0,12672.0,0.0,1.0,-9999.0,-9999.0,-9999.0,0.0,10.0,-999.9,-999.9,-999.9,-5979.4,0.0,0.0,0.0,0.0,0.0,0.0,0.0,0.0,0.0,0.0,0.0,-5979.4,5.137927716969934,42.62383626,0.0,,23.062,0.15,21.562,0.14,0.125,0.001,0.0,0.0,0.21562,0.14,0.001875,0.0015,0.0,0.0,0.358995,13.640625,0.0886971775275897,83.109375,0.5404127001938713,0.204609375,0.1330457662913845,2.908828125,1.8914444506785493,5.137927716969934,204151,,,0.0079113629716377,Information
652507,12673.0,4903.781707,ARG,Argentina,Mendoza,2.102720785,0.0,0.65,0.49,12673.0,12673.0,0.0,2.0,-9999.0,-9999.0,-9999.0,0.0,9.0,-999.9,-999.9,-999.9,-5981.4,0.0,0.0,0.0,0.0,0.0,0.0,0.0,0.0,0.0,0.0,0.0,-5981.4,1.4189463357110914,42.05441569999999,0.0,,2.562,0.052,2.562,0.052,0.75,0.015,0.0,0.0,0.0256199999999999,0.052,0.01125,0.0225,0.0,0.0,0.11137,7.171875,0.146251922052005,10.265625,0.2093409864665954,0.107578125,0.2193778830780074,0.359296875,0.7326934526330839,1.4189463357110914,27446,,,0.0001037976630853,Information
652602,12678.0,9832.220778,ARG,Argentina,Mendoza,0.820674473,0.0,0.65,0.49,12678.0,12678.0,0.0,1.0,-9999.0,-9999.0,-9999.0,0.0,10.0,-999.9,-999.9,-999.9,-5979.4,0.0,0.0,0.0,0.0,0.0,0.0,0.0,0.0,0.0,0.0,0.0,-5979.4,8.628622552608807,16.41348946,0.0,,5.75,0.058,3.938,0.04,0.938,0.01,0.312,0.003,0.03938,0.04,0.01407,0.015,0.0078,0.0075,0.12375,27.28125,0.2774678337298186,110.53125,1.124173800575451,0.40921875,0.4162017505947278,3.86859375,3.934608302014078,8.628622552608807,166355,,,0.0115796266790176,Information
652604,12680.0,9520.157313,ARG,Argentina,Mendoza,0.160705101,0.0,0.65,0.49,12680.0,,,,,,,,,,,,,,,,,,,,,,,,,5.775408041890151,3.21410202,0.0,,8.25,0.087,8.25,0.087,0.312,0.003,0.0,0.0,0.0825,0.087,0.00468,0.0045,0.0,0.0,0.1786799999999999,15.1875,0.1595299268717604,73.96875,0.7769698290235743,0.2278125,0.2392948903076406,2.58890625,2.71939440158251,5.775408041890151,1317508,,,0.002409483525724,Information
652605,12681.0,7256.863461,ARG,Argentina,San Juan,0.109216969,0.0,0.65,0.49,12681.0,12681.0,0.0,1.0,-9999.0,-9999.0,-9999.0,0.0,10.0,-999.9,-999.9,-999.9,-5979.4,0.0,0.0,0.0,0.0,0.0,0.0,0.0,0.0,0.0,0.0,0.0,-5979.4,10.672601537498824,2.18433938,0.0,,10.188,0.14,9.812,0.135,0.688,0.009,0.312,0.004,0.09812,0.135,0.01032,0.0134999999999999,0.0078,0.01,0.27474,40.640625,0.560030173104233,110.8125,1.5270026865264208,0.609609375,0.8400452596563495,3.8784375,5.344509402842473,10.672601537498824,520284,,,0.0133661447235554,Information
652606,12682.0,7337.189783,ARG,Argentina,San Juan,2.546147104,0.0,0.65,0.49,12682.0,,,,,,,,,,,,,,,,,,,,,,,,,13.12029586088264,50.92294208,0.0,,3.812,0.052,2.938,0.04,1.938,0.026,1.688,0.023,0.02938,0.04,0.02907,0.039,0.0421999999999999,0.0574999999999999,0.2371499999999999,51.890625,0.7072275153958956,136.40625,1.8591075607967984,0.778359375,1.0608412730938437,4.77421875,6.506876462788794,13.12029586088264,4608,,,0.0935458919550886,Information
652607,12683.0,7134.3634,ARG,Argentina,San Juan,2.112332966,0.0,0.65,0.49,12683.0,12683.0,0.0,1.0,-9999.0,-9999.0,-9999.0,0.0,10.0,-999.9,-999.9,-999.9,-5979.4,0.0,0.0,0.0,0.0,0.0,0.0,0.0,0.0,0.0,0.0,0.0,-5979.4,8.885791735509995,42.24665932,0.0,,1.875,0.026,1.875,0.026,0.75,0.011,0.562,0.008,0.01875,0.026,0.01125,0.0165,0.01405,0.02,0.10655,27.140625,0.3804211179032417,94.078125,1.318661802472895,0.407109375,0.5706316768548625,3.292734375,4.6153163086551325,8.885791735509995,3710,,,0.0306221476050778,Information
652608,12684.0,3579.111188,ARG,Argentina,San Juan,3.340916036,0.0,0.65,0.49,12684.0,12684.0,0.0,1.0,-9999.0,-9999.0,-9999.0,0.0,10.0,-999.9,-999.9,-999.9,-5979.4,0.0,0.0,0.0,0.0,0.0,0.0,0.0,0.0,0.0,0.0,0.0,-5979.4,9.118024446552663,66.81832072,0.0,,16.125,0.451,12.5,0.349,5.688,0.159,3.688,0.103,0.125,0.349,0.08532,0.2385,0.0922,0.2575,1.14752,19.125,0.5343505410948873,60.46875,1.6894906814029524,0.286875,0.8015258116423309,2.11640625,5.913217384910333,9.118024446552663,747,,,0.0982227804482314,Information
652609,12685.0,4878.642499,ARG,Argentina,San Juan,3.101790775,0.0,0.65,0.49,12685.0,12685.0,0.0,1.0,-9999.0,-9999.0,-9999.0,0.0,10.0,-999.9,-999.9,-999.9,-5979.4,0.0,0.0,0.0,0.0,0.0,0.0,0.0,0.0,0.0,0.0,0.0,-5979.4,13.852538690980154,62.0358155,0.0,,2.812,0.058,2.062,0.042,1.25,0.026,0.438,0.009,0.02062,0.042,0.01875,0.039,0.01095,0.0225,0.1538199999999999,49.5,1.0146265075000045,108.5625,2.225260408494328,0.7425,1.5219397612500067,3.7996875,7.788411429730146,13.852538690980154,94,,,0.1566853037417399,Information
652800,12687.0,27559.49729,ARG,Argentina,La Rioja,2.9007299,0.0,0.65,0.49,12687.0,,,,,,,,,,,,,,,,,,,,,,,,,4.799898468963786,58.014598,0.0,,82.188,0.298,20.812,0.076,6.812,0.025,0.375,0.001,0.20812,0.076,0.1021799999999999,0.0375,0.009375,0.0025,0.435675,31.359375,0.1137879064499597,87.1875,0.3163609955110988,0.470390625,0.1706818596749395,3.0515625,1.1072634842888458,4.799898468963786,16699,,,0.0150516997402562,Information
652900,12688.0,1474.860907,ARG,Argentina,San Juan,0.218339705,0.0,0.65,0.49,12688.0,,,,,,,,,,,,,,,,,,,,,,,,,0.8862248426169509,4.3667941,0.0,,3.938,0.267,3.938,0.267,0.188,0.013,0.0,0.0,0.03938,0.267,0.00282,0.0195,0.0,0.0,0.3287,1.6875,0.1144175692765853,2.53125,0.171626353914878,0.0253125,0.1716263539148779,0.08859375,0.600692238702073,0.8862248426169509,264,,,1.4252744832698717e-06,Information
652902,12690.0,3993.767251,ARG,Argentina,San Juan,3.226078996,0.0,0.65,0.49,12690.0,,,,,,,,,,,,,,,,,,,,,,,,,3.1091651389155124,64.52157992,0.0,,10.812,0.271,10.812,0.271,0.062,0.002,0.062,0.002,0.10812,0.271,0.0009299999999999,0.003,0.00155,0.005,0.3896,4.359375,0.1091544580925212,23.484375,0.588025629079066,0.065390625,0.1637316871387817,0.821953125,2.058089701776731,3.1091651389155124,9690,,,0.0074547400244111,Information
652903,12691.0,5866.134004,ARG,Argentina,San Juan,4.035743519,0.0,0.65,0.49,12691.0,,,,,,,,,,,,,,,,,,,,,,,,,4.644054821054654,80.71487038000001,0.0,,18.062,0.308,17.938,0.306,0.875,0.015,0.438,0.007,0.1793799999999999,0.306,0.013125,0.0225,0.01095,0.0175,0.5494549999999999,14.0625,0.2397234701928463,43.03125,0.7335538187901098,0.2109375,0.3595852052892694,1.50609375,2.5674383657653843,4.644054821054654,9645,,,0.0772599419130504,Information
652905,12693.0,5637.306291,ARG,Argentina,San Juan,2.674629196,0.0,0.65,0.49,12693.0,,,,,,,,,,,,,,,,,,,,,,,,,12.9135734963794,53.49258392,0.0,,0.375,0.007,0.25,0.004,3.062,0.054,0.0,0.0,0.0025,0.004,0.04593,0.081,0.0,0.0,0.13343,49.5,0.8780789520391324,111.796875,1.9831612695202,0.7425,1.3171184280586987,3.912890625,6.9410644433207,12.9135734963794,3404,,,0.1000383951642759,Information
652906,12694.0,5636.247937,ARG,Argentina,San Juan,0.891403426,0.0,0.65,0.49,12694.0,,,,,,,,,,,,,,,,,,,,,,,,,8.297981919614111,17.82806852,0.0,,9.188,0.163,7.562,0.134,0.25,0.004,0.0,0.0,0.07562,0.134,0.00375,0.006,0.0,0.0,0.21937,28.125,0.4990021786190983,73.40625,1.3023956861958468,0.421875,0.7485032679286474,2.56921875,4.558384901685463,8.297981919614111,310,,,0.0109297197006686,Information
652907,12695.0,7614.159613,ARG,Argentina,San Juan,0.357609675,0.0,0.65,0.49,12695.0,,,,,,,,,,,,,,,,,,,,,,,,,5.670219529430321,7.1521935,0.0,,13.812,0.181,8.688,0.114,11.062,0.145,1.5,0.02,0.08688,0.114,0.16593,0.2174999999999999,0.0375,0.05,0.6718099999999999,19.6875,0.2585643196329575,61.59375,0.8089369428516815,0.2953125,0.3878464794494363,2.15578125,2.8312792999808853,5.670219529430321,354,,,0.002589101393102,Information
653010,12699.0,3314.439467,ARG,Argentina,Chubut,0.776026798,0.0,0.65,0.49,12699.0,,,,,,,,,,,,,,,,,,,,,,,,,0.28362,15.52053596,0.0,,7.562,0.228,7.062,0.213,0.0,0.0,0.0,0.0,0.07062,0.213,0.0,0.0,0.0,0.0,0.28362,0.0,0.0,0.84375,0.0254567931747905,0.0,0.0,0.02953125,0.0890987761117667,0.1186300261117667,0,,,6.109992002716102e-09,Information
653020,12700.0,25563.13819,ARG,Argentina,Chubut,2.511021067,0.0,0.65,0.49,12700.0,12700.0,0.0,1.0,3.0,2.0,-9999.0,0.0,10.0,0.3,0.2,-999.9,-1978.8,0.0,0.0,0.0,0.0,0.0,0.0,0.0,0.0,0.0,0.0,0.0,-1978.8,16.130175960648483,50.22042134,0.0,,267.438,1.046,219.562,0.859,37.688,0.147,10.812,0.042,2.19562,0.859,0.56532,0.2204999999999999,0.2703,0.105,4.21574,193.5,0.7569493173865751,248.34375,0.971491638448177,2.9025,1.1354239760798626,8.69203125,3.40022073456862,16.130175960648483,760,,,0.129889626457432,Information
653030,12701.0,4511.400271,ARG,Argentina,Río Negro,1.656879105,0.0,0.65,0.49,12701.0,,,,,,,,,,,,,,,,,,,,,,,,,5.057175000000001,33.1375821,0.0,,129.812,2.877,110.812,2.456,22.812,0.506,4.875,0.108,1.10812,2.456,0.34218,0.759,0.121875,0.27,5.057175000000001,6.609375,0.1465038480898504,14.0625,0.3117103150847882,0.099140625,0.2197557721347756,0.4921875,1.090986102796759,1.9020699999315345,205,,,0.0049139131211047,Information
653040,12702.0,3499.524562,ARG,Argentina,Río Negro,0.222390779,0.0,0.65,0.49,12702.0,,,,,,,,,,,,,,,,,,,,,,,,,2.26207,4.44781558,0.0,,44.125,1.261,36.75,1.05,7.938,0.227,4.0,0.114,0.3675,1.05,0.11907,0.3405,0.1,0.285,2.26207,3.515625,0.1004600750028614,13.5,0.3857666880109878,0.052734375,0.1506901125042921,0.4725,1.3501834080384572,2.026107895542749,268,,,9.07762528138618e-05,Information
653050,12703.0,15744.72894,ARG,Argentina,Chubut,1.005241262,0.0,0.65,0.49,12703.0,,,,,,,,,,,,,,,,,,,,,,,,,7.712207910724442,20.10482524,0.0,,219.25,1.393,202.312,1.285,20.062,0.127,3.5,0.022,2.02312,1.285,0.30093,0.1905,0.0875,0.0549999999999999,3.94205,71.296875,0.4528301202257878,104.203125,0.6618286372530746,1.069453125,0.6792451803386816,3.647109375,2.316400230385761,7.712207910724442,1709,,,0.0096959342233728,Information
653060,12704.0,19077.01742,ARG,Argentina,Río Negro,4.004219915,0.0,0.65,0.49,12704.0,,,,,,,,,,,,,,,,,,,,,,,,,6.177625,80.0843983,0.0,,321.5,1.685,281.0,1.473,44.125,0.231,23.25,0.122,2.81,1.473,0.661875,0.3465,0.58125,0.305,6.177625,30.65625,0.1606972899333558,33.046875,0.1732287299740303,0.45984375,0.2410459349000337,1.156640625,0.6063005549091061,2.46383086480914,10256,,,0.1208859242068753,Information
653070,12705.0,26605.05636,ARG,Argentina,Río Negro,3.191032197,0.0,0.65,0.49,12705.0,,,,,,,,,,,,,,,,,,,,,,,,,1.67837,63.82064394,0.0,,125.0,0.47,107.625,0.405,8.188,0.031,0.812,0.003,1.07625,0.405,0.12282,0.0465,0.0203,0.0075,1.67837,7.3125,0.0274853768405076,10.6875,0.0401709353822803,0.1096875,0.0412280652607614,0.3740625,0.140598273837981,0.6655763390987425,21373,,,0.0010679110585952,Information
653080,12706.0,3808.169789,ARG,Argentina,Río Negro,3.463219202,0.0,0.65,0.49,12706.0,,,,,,,,,,,,,,,,,,,,,,,,,1.5775,69.26438404,0.0,,53.688,1.41,42.75,1.123,0.5,0.013,0.0,0.0,0.4275,1.123,0.0075,0.0195,0.0,0.0,1.5775,,,,,,,,,,61,,,0.001491031907533,Information
653090,12707.0,21999.15769,ARG,Argentina,Río Negro,2.219189653,0.0,0.65,0.49,12707.0,,,,,,,,,,,,,,,,,,,,,,,,,0.59,44.38379306,0.0,,43.062,0.196,37.75,0.172,1.625,0.007,0.125,0.001,0.3775,0.172,0.024375,0.0105,0.003125,0.0025,0.59,,,,,,,,,,855,,,2.732358041046821e-06,Information
653100,12708.0,9590.915217,ARG,Argentina,Buenos Aires,1.255421842,0.0,0.65,0.49,12708.0,,,,,,,,,,,,,,,,,,,,,,,,,68.68964511030646,25.108436840000003,0.0,3.0,688.312,7.177,222.75,2.323,12.125,0.126,0.25,0.003,2.2275,2.323,0.181875,0.189,0.00625,0.0075,4.935124999999999,536.90625,5.598071068818216,730.6875,7.618537787736892,8.05359375,8.397106603227325,25.5740625,26.66488225707912,68.68964511030646,6064,794.0,13.093667546174142,0.4655572198845746,Watch
653200,12709.0,9386.712601,ARG,Argentina,Neuquén,0.556241325,0.0,0.65,0.49,12709.0,,,,,,,,,,,,,,,,,,,,,,,,,9.23301868653269,11.1248265,0.0,,10.375,0.111,10.375,0.111,2.812,0.03,0.438,0.005,0.10375,0.111,0.04218,0.045,0.01095,0.0125,0.32538,52.59375,0.5602999925332576,105.1875,1.1205999850665151,0.78890625,0.8404499887998864,3.6815625,3.922099947732803,9.23301868653269,4521,,,0.0117733243502877,Information
653210,12710.0,26636.51056,ARG,Argentina,Río Negro,3.598068746,0.0,0.65,0.49,12710.0,12710.0,0.0,1.0,-9999.0,-9999.0,-9999.0,0.0,10.0,-999.9,-999.9,-999.9,-5982.4,0.0,0.0,0.0,0.0,0.0,0.0,0.0,0.0,0.0,0.0,0.0,-5982.4,16.13792072223553,71.96137492,0.0,,841.438,3.159,455.688,1.711,18.062,0.068,0.625,0.002,4.55688,1.711,0.27093,0.102,0.015625,0.005,6.661435,103.640625,0.3890923503820443,290.8125,1.09178152047499,1.554609375,0.5836385255730665,10.1784375,3.821235321662465,16.13792072223553,417005,,,0.290333329495673,Information
653221,12712.0,1033.513944,ARG,Argentina,Neuquén,4.033954311,0.0,0.65,0.49,12712.0,12712.0,0.0,1.0,-9999.0,-9999.0,-9999.0,0.0,10.0,-999.9,-999.9,-999.9,-5979.4,0.0,0.0,0.0,0.0,0.0,0.0,0.0,0.0,0.0,0.0,0.0,-5979.4,4.969217854409507,80.67908621999999,0.0,,0.125,0.012,0.125,0.012,0.688,0.067,0.062,0.006,0.00125,0.012,0.01032,0.1005,0.00155,0.015,0.14062,6.75,0.6531116526031914,10.40625,1.00688046442992,0.10125,0.979667478904787,0.36421875,3.5240816255047203,4.969217854409507,135651,,,0.0872436354679451,Information
653222,12713.0,2216.861028,ARG,Argentina,Neuquén,0.415088181,0.0,0.65,0.49,12713.0,,,,,,,,,,,,,,,,,,,,,,,,,6.238491400243847,8.30176362,0.0,,5.812,0.262,5.812,0.262,1.062,0.048,0.0,0.0,0.05812,0.262,0.01593,0.072,0.0,0.0,0.40805,13.78125,0.6216560182905553,26.4375,1.1925646065165754,0.20671875,0.9324840274358328,0.9253125,4.173976122808014,6.238491400243847,10226,,,0.0035966026394513,Information
653223,12714.0,2176.488194,ARG,Argentina,Neuquén,2.984530119,0.0,0.65,0.49,12714.0,12714.0,0.0,15.0,-9999.0,-9999.0,-9999.0,0.0,1.0,-999.9,-999.9,-999.9,-5997.4,0.0,0.0,0.0,0.0,0.0,0.0,0.0,0.0,0.0,0.0,0.0,-5997.4,5.47567308421203,59.69060238,0.0,,24.562,1.129,24.562,1.129,7.875,0.362,0.438,0.02,0.24562,1.129,0.118125,0.5429999999999999,0.01095,0.05,2.0966949999999995,8.15625,0.3747435903510026,24.46875,1.1242307710530075,0.12234375,0.5621153855265039,0.85640625,3.934807698685528,5.47567308421203,11464,,,0.022952301970934,Information
653224,12715.0,5446.596831,ARG,Argentina,Neuquén,0.418443621,0.0,0.65,0.49,12715.0,,,,,,,,,,,,,,,,,,,,,,,,,5.621279734821362,8.368872419999999,0.0,,42.688,0.784,35.938,0.66,3.375,0.062,0.375,0.007,0.35938,0.66,0.050625,0.093,0.009375,0.0175,1.1898799999999998,16.3125,0.2994989441215169,49.640625,0.9114062696111678,0.2446875,0.4492484161822753,1.737421875,3.189921943639088,5.621279734821362,36786,,,0.0026255558407877,Information
653226,12717.0,9687.212575,ARG,Argentina,Neuquén,3.02042958,0.0,0.65,0.49,12717.0,12717.0,0.0,15.0,-9999.0,-9999.0,-9999.0,0.0,1.0,-999.9,-999.9,-999.9,-5997.4,0.0,0.0,0.0,0.0,0.0,0.0,0.0,0.0,0.0,0.0,0.0,-5997.4,12.551923035215586,60.4085916,0.0,,102.125,1.054,92.875,0.959,27.625,0.285,6.0,0.062,0.92875,0.959,0.414375,0.4275,0.15,0.155,3.034625,53.4375,0.5516292698957018,153.5625,1.585208322963438,0.8015625,0.8274439048435527,5.3746875,5.548229130372032,12.551923035215586,19372,,,0.1253319639756727,Information
653227,12718.0,5521.621115,ARG,Argentina,Neuquén,0.631201052,0.0,0.65,0.49,12718.0,,,,,,,,,,,,,,,,,,,,,,,,,3.650647586368396,12.62402104,0.0,,58.688,1.063,56.312,1.02,18.188,0.329,1.0,0.018,0.56312,1.02,0.2728199999999999,0.4935,0.025,0.045,2.41944,15.046875,0.2725082849122018,30.65625,0.5552037954285981,0.225703125,0.4087624273683027,1.07296875,1.9432132840000933,3.650647586368396,8514,,,0.0007483674862227,Information
653228,12719.0,2219.534456,ARG,Argentina,Neuquén,1.610170912,0.0,0.65,0.49,12719.0,,,,,,,,,,,,,,,,,,,,,,,,,7.025899578206697,32.203418240000005,0.0,,10.0,0.451,5.812,0.262,0.875,0.039,0.188,0.008,0.05812,0.262,0.013125,0.0584999999999999,0.0046999999999999,0.02,0.416445,11.25,0.5068630482165682,31.640625,1.4255523231090983,0.16875,0.7602945723248524,1.107421875,4.989433130881844,7.025899578206697,8955,,,0.011697907438179,Information
653229,12720.0,8579.483911,ARG,Argentina,Neuquén,1.164990233,0.0,0.65,0.49,12720.0,,,,,,,,,,,,,,,,,,,,,,,,,20.78440868059505,23.29980466,0.0,,58.75,0.685,25.938,0.302,27.75,0.323,3.625,0.042,0.25938,0.302,0.41625,0.4845,0.090625,0.105,1.657755,88.59375,1.032623301285697,236.25,2.753662136761858,1.32890625,1.5489349519285454,8.26875,9.637817478666504,20.78440868059505,7571,,,0.0958271064065835,Information
653230,12721.0,12025.3086,ARG,Argentina,Río Negro,3.278879373,0.0,0.65,0.49,12721.0,,,,,,,,,,,,,,,,,,,,,,,,,8.955565155953463,65.57758746,0.0,,24.75,0.206,24.75,0.206,5.125,0.043,0.312,0.003,0.2475,0.206,0.076875,0.0645,0.0078,0.0075,0.610175,79.875,0.6642241180850064,105.46875,0.8770564939502725,1.198125,0.9963361771275095,3.69140625,3.069697728825954,8.955565155953463,339849,,,0.0890814998375165,Information
653240,12722.0,4290.244701,ARG,Argentina,Neuquén,4.011886651,0.0,0.65,0.49,12722.0,,,,,,,,,,,,,,,,,,,,,,,,,7.768472152944235,80.23773302000001,0.0,,14.875,0.347,13.125,0.306,0.875,0.02,0.688,0.016,0.13125,0.306,0.013125,0.03,0.0171999999999999,0.04,0.537575,33.75,0.7866684152587378,52.171875,1.2160582585874653,0.50625,1.1800026228881066,1.826015625,4.256203905056129,7.768472152944235,4182,,,0.175229100184777,Information
653250,12723.0,14143.49214,ARG,Argentina,Río Negro,2.449420012,0.0,0.65,0.49,12723.0,,,,,,,,,,,,,,,,,,,,,,,,,9.085981598663595,48.98840024,0.0,,102.625,0.726,98.0,0.693,23.438,0.166,2.75,0.019,0.98,0.693,0.3515699999999999,0.249,0.06875,0.0475,2.38982,73.96875,0.5229878820071473,120.375,0.8510981501865362,1.10953125,0.7844818230107209,4.213125,2.9788435256528767,9.085981598663595,5318,,,0.0422348817791569,Information
653260,12724.0,4541.114646,ARG,Argentina,Río Negro,4.015861425,0.0,0.65,0.49,12724.0,,,,,,,,,,,,,,,,,,,,,,,,,3.9265782138612,80.3172285,0.0,,43.438,0.957,42.688,0.94,4.812,0.106,1.875,0.041,0.42688,0.94,0.07218,0.159,0.046875,0.1025,1.747435,24.328125,0.5357302534380592,24.609375,0.5419236667726033,0.364921875,0.8035953801570889,0.861328125,1.896732833704112,3.9265782138612,1099,,,0.0534836522695824,Information
653280,12726.0,10032.38037,ARG,Argentina,Neuquén,1.10897554,0.0,0.65,0.49,12726.0,12726.0,0.0,2.0,-9999.0,-9999.0,-9999.0,0.0,9.0,-999.9,-999.9,-999.9,-5981.4,0.0,0.0,0.0,0.0,0.0,0.0,0.0,0.0,0.0,0.0,0.0,-5981.4,64.36268281000473,22.179510800000003,0.0,3.0,190.562,1.899,144.562,1.441,45.375,0.452,27.938,0.278,1.44562,1.441,0.680625,0.678,0.69845,0.6950000000000001,5.638695000000001,408.515625,4.071971056810799,745.875,7.434676242796723,6.127734375,6.107956585216199,26.105625,26.021366849788528,64.36268281000473,168195,3980.0,2.366301019649811,0.4247052075328976,Watch
653290,12727.0,16228.17649,ARG,Argentina,Neuquén,1.486560068,0.0,0.65,0.49,12727.0,12727.0,0.0,1.0,-9999.0,-9999.0,-9999.0,0.0,10.0,-999.9,-999.9,-999.9,-5979.4,0.0,0.0,0.0,0.0,0.0,0.0,0.0,0.0,0.0,0.0,0.0,-5979.4,42.19791107149064,29.73120136,0.0,,261.125,1.609,225.5,1.39,67.125,0.414,14.625,0.09,2.255,1.39,1.006875,0.621,0.365625,0.2249999999999999,5.863499999999998,257.484375,1.5866500787722166,635.625,3.916798665237805,3.862265625,2.379975118158325,22.246875,13.708795328332316,42.19791107149064,30916,,,0.3050407412177188,Advisory
653300,12728.0,15644.21977,ARG,Argentina,Chubut,3.581269126,0.0,0.65,0.49,12728.0,,,,,,,,,,,,,,,,,,,,,,,,,3.241032887289642,71.62538252,0.0,,52.688,0.337,45.562,0.291,9.688,0.062,3.562,0.023,0.4556199999999999,0.291,0.14532,0.093,0.0890499999999999,0.0574999999999999,1.13149,19.265625,0.12314851924515,48.234375,0.3083207452634048,0.288984375,0.1847227788677249,1.688203125,1.0791226084219168,3.241032887289642,1008,,,0.0150184698643861,Information
653301,12729.0,7349.656162,ARG,Argentina,Río Negro,4.048496249,1.2728903,0.65,0.49,12729.0,,,,,,,,,,,,,,,,,,,,,,,,,17.573987886133644,80.96992498,25.457806,,412.75,5.616,141.312,1.923,17.125,0.233,1.25,0.017,1.4131200000000002,1.923,0.256875,0.3495,0.03125,0.0425,4.0162450000000005,84.515625,1.149926243306823,176.484375,2.4012602917638315,1.267734375,1.7248893649602344,6.176953125,8.40441102117341,17.573987886133644,28615,,,0.4682773891166443,Advisory
653302,12730.0,1862.001082,ARG,Argentina,Río Negro,4.0709902,0.0,0.65,0.49,12730.0,,,,,,,,,,,,,,,,,,,,,,,,,1.6268000000000002,81.419804,0.0,,52.75,2.833,25.062,1.346,0.312,0.017,0.0,0.0,0.25062,1.346,0.00468,0.0255,0.0,0.0,1.6268000000000002,0.84375,0.0453141519669087,0.84375,0.0453141519669087,0.01265625,0.067971227950363,0.02953125,0.1585995318841804,0.2687582598345435,881,,,0.0074359948486857,Information
653303,12731.0,1828.095431,ARG,Argentina,Río Negro,2.79465218,0.0,0.65,0.49,12731.0,,,,,,,,,,,,,,,,,,,,,,,,,7.228902940560782,55.8930436,0.0,,32.688,1.788,31.375,1.716,4.25,0.232,0.375,0.021,0.31375,1.716,0.06375,0.348,0.009375,0.0525,2.503375,19.6875,1.0769404961340583,23.484375,1.2846361632456271,0.2953125,1.6154107442010874,0.821953125,4.496226571359695,7.228902940560782,569,,,0.0352620085997001,Information
653304,12732.0,4542.877355,ARG,Argentina,Río Negro,1.161573054,0.0,0.65,0.49,12732.0,,,,,,,,,,,,,,,,,,,,,,,,,1.300425,23.23146108,0.0,,30.188,0.665,25.875,0.57,5.125,0.113,2.812,0.062,0.25875,0.57,0.076875,0.1695,0.0702999999999999,0.155,1.300425,1.96875,0.0433370713384802,3.234375,0.0711966171989317,0.02953125,0.0650056070077203,0.113203125,0.2491881601962609,0.4569281422039812,9959,,,2.270225061521349e-05,Information
653305,12733.0,850.0922497,ARG,Argentina,Río Negro,2.7282504,2.201127428,0.65,0.49,12733.0,,,,,,,,,,,,,,,,,,,,,,,,,7.017891778781745,54.565008,44.02254856,,2.75,0.323,2.0,0.235,1.0,0.118,0.438,0.051,0.02,0.235,0.015,0.177,0.01095,0.1275,0.58545,9.421875,1.1083355957247492,11.671875,1.373012752912749,0.141328125,1.6625033935871238,0.408515625,4.805544635194622,7.017891778781745,1576,,,0.0308936032511942,Information
653306,12734.0,3931.553203,ARG,Argentina,Río Negro,3.807369174,0.0,0.65,0.49,12734.0,,,,,,,,,,,,,,,,,,,,,,,,,2.0350550000000003,76.14738348,0.0,,47.938,1.219,41.5,1.056,7.062,0.18,2.125,0.054,0.415,1.056,0.10593,0.27,0.053125,0.135,2.0350550000000003,3.515625,0.0894207662668878,11.953125,0.3040306053074187,0.052734375,0.1341311494003317,0.418359375,1.0641071185759654,1.6693320179762972,267,,,0.0069203566320155,Information
653401,12737.0,5163.469561,ARG,Argentina,Chubut,2.451722241,0.0,0.65,0.49,12737.0,,,,,,,,,,,,,,,,,,,,,,,,,8.021960617845052,49.03444482,0.0,,65.062,1.26,53.438,1.035,3.688,0.071,0.438,0.008,0.5343800000000001,1.035,0.05532,0.1064999999999999,0.01095,0.02,1.76215,37.40625,0.7244402152364395,62.015625,1.2010456199972548,0.56109375,1.0866603228546592,2.170546875,4.203659669990392,8.021960617845052,31,,,0.032231277577682,Information
653402,12738.0,4217.370026,ARG,Argentina,Chubut,1.332247763,0.0,0.65,0.49,12738.0,,,,,,,,,,,,,,,,,,,,,,,,,20.384898370534973,26.64495526,0.0,,56.312,1.335,50.188,1.19,3.188,0.076,0.75,0.018,0.50188,1.19,0.04782,0.1139999999999999,0.01875,0.045,1.91745,80.578125,1.9106249747247763,138.234375,3.277738830985088,1.208671875,2.8659374620871647,4.838203125,11.47208590844781,20.384898370534973,28,,,0.1001816976090568,Information
653403,12739.0,3722.117891,ARG,Argentina,Chubut,1.676792134,0.0,0.65,0.49,12739.0,,,,,,,,,,,,,,,,,,,,,,,,,11.656990674430348,33.53584268,0.0,,134.562,3.615,101.562,2.729,12.812,0.344,4.312,0.116,1.01562,2.729,0.19218,0.516,0.1078,0.29,4.8506,44.4375,1.1938767469957705,71.296875,1.9154921225533403,0.6665625,1.7908151204936558,2.495390625,6.704222428936691,11.656990674430348,20,,,0.0408631124400264,Information
653404,12740.0,4396.715897,ARG,Argentina,Chubut,4.039519712,0.0,0.65,0.49,12740.0,,,,,,,,,,,,,,,,,,,,,,,,,22.27964730914756,80.79039424,0.0,,121.938,2.773,96.375,2.192,12.375,0.281,8.312,0.189,0.96375,2.192,0.185625,0.4215,0.2077999999999999,0.4725,4.443175,109.40625,2.4883629637835694,147.515625,3.355132068134916,1.64109375,3.732544445675354,5.163046875,11.742962238472206,22.27964730914756,36,,,0.5589324445644157,Advisory
653406,12742.0,7656.951458,ARG,Argentina,Chubut,2.405032747,0.0,0.65,0.49,12742.0,,,,,,,,,,,,,,,,,,,,,,,,,7.051504325728573,48.10065494,0.0,,164.812,2.152,133.062,1.738,19.375,0.253,7.188,0.094,1.33062,1.738,0.290625,0.3795,0.1797,0.235,4.1534450000000005,50.625,0.6611639145837142,65.671875,0.8576765225294292,0.759375,0.9917458718755712,2.298515625,3.001867828853002,7.051504325728573,943,,,0.0229634133231108,Information
653407,12743.0,6184.137609,ARG,Argentina,Chubut,2.530693469,0.0,0.65,0.49,12743.0,,,,,,,,,,,,,,,,,,,,,,,,,8.48657113726976,50.61386938,0.0,,164.062,2.653,145.125,2.347,14.25,0.23,4.562,0.074,1.45125,2.347,0.21375,0.345,0.11405,0.185,4.656049999999999,40.640625,0.6571753018954727,75.234375,1.2165701955504429,0.609609375,0.985762952843209,2.633203125,4.25799568442655,8.48657113726976,324,,,0.0391035835325954,Information
653410,12744.0,6095.870395,ARG,Argentina,Chubut,4.061414348,0.0,0.65,0.49,12744.0,12744.0,0.0,1.0,-9999.0,-9999.0,-9999.0,0.0,10.0,-999.9,-999.9,-999.9,-5979.4,0.0,0.0,0.0,0.0,0.0,0.0,0.0,0.0,0.0,0.0,0.0,-5979.4,3.772549830891503,81.22828695999999,0.0,,5.438,0.089,4.625,0.076,0.438,0.007,0.0,0.0,0.04625,0.076,0.00657,0.0105,0.0,0.0,0.13932,10.265625,0.1684029406053934,36.421875,0.5974844057095465,0.153984375,0.2526044109080901,1.274765625,2.091195419983413,3.772549830891503,153568,,,0.054290931747556,Information
653422,12746.0,3144.021544,ARG,Argentina,Chubut,3.13607707,0.0,0.65,0.49,12746.0,,,,,,,,,,,,,,,,,,,,,,,,,0.7260595497433453,62.72154139999999,0.0,,9.062,0.288,7.438,0.237,0.125,0.004,0.0,0.0,0.07438,0.237,0.001875,0.006,0.0,0.0,0.319255,2.390625,0.0760371698027277,3.9375,0.1252376914397868,0.035859375,0.1140557547040915,0.1378125,0.4383319200392538,0.7260595497433453,14,,,4.098965472173921e-05,Information
653423,12747.0,13215.04238,ARG,Argentina,Chubut,4.017388093,0.0,0.65,0.49,12747.0,12747.0,0.0,1.0,-9999.0,-9999.0,-9999.0,0.0,10.0,-999.9,-999.9,-999.9,-5979.4,0.0,0.0,0.0,0.0,0.0,0.0,0.0,0.0,0.0,0.0,0.0,-5979.4,38.58854355231636,80.34776186,0.0,3.0,159.562,1.207,109.438,0.828,5.875,0.044,3.75,0.028,1.09438,0.828,0.088125,0.066,0.09375,0.07,2.2402549999999994,328.78125,2.4879318631968026,486.703125,3.682947895006045,4.93171875,3.731897794795204,17.034609375,12.890317632521157,38.58854355231636,1041,10.0,0.9606147934678195,0.750087206017237,Watch
653425,12749.0,1530.033627,ARG,Argentina,Chubut,4.008530898,0.0,0.65,0.49,12749.0,,,,,,,,,,,,,,,,,,,,,,,,,42.97704381676751,80.17061796,0.0,3.0,40.0,2.614,16.688,1.091,2.75,0.18,1.75,0.114,0.16688,1.091,0.04125,0.27,0.04375,0.285,1.89788,76.359375,4.9906991343557525,130.21875,8.510842354352537,1.145390625,7.486048701533629,4.55765625,29.78794824023388,42.97704381676751,0,0.0,0.0,0.7803871288100698,Watch
653426,12750.0,10608.10499,ARG,Argentina,Chubut,1.366175155,0.0,0.65,0.49,12750.0,12750.0,0.0,1.0,-9999.0,-9999.0,-9999.0,0.0,10.0,-999.9,-999.9,-999.9,-5979.4,0.0,0.0,0.0,0.0,0.0,0.0,0.0,0.0,0.0,0.0,0.0,-5979.4,20.96996716630779,27.323503100000003,0.0,,208.375,1.964,176.562,1.664,10.062,0.095,3.5,0.033,1.7656200000000002,1.664,0.15093,0.1425,0.0875,0.0825,3.89305,158.203125,1.49134199936116,240.609375,2.2681654763617285,2.373046875,2.23701299904174,8.421328125,7.93857916726605,20.96996716630779,2961,,,0.1069474110178255,Information
653427,12751.0,743.164931,ARG,Argentina,Chubut,4.024440574,0.0,0.65,0.49,12751.0,,,,,,,,,,,,,,,,,,,,,,,,,3.9742605214931377,80.48881148,0.0,,11.25,1.514,10.188,1.371,0.25,0.034,0.125,0.017,0.10188,1.371,0.00375,0.051,0.003125,0.0425,1.5732549999999998,6.1875,0.8325877260649517,5.203125,0.7001305878273457,0.0928125,1.2488815890974276,0.182109375,2.45045705739571,3.9742605214931377,106,,,0.0557879816916748,Information
653428,12752.0,5357.027162,ARG,Argentina,Chubut,1.199705008,0.0,0.65,0.49,12752.0,12752.0,0.0,1.0,-9999.0,-9999.0,-9999.0,0.0,10.0,-999.9,-999.9,-999.9,-5979.4,0.0,0.0,0.0,0.0,0.0,0.0,0.0,0.0,0.0,0.0,0.0,-5979.4,25.824550667358427,23.99410016,0.0,,114.5,2.137,95.312,1.779,11.188,0.209,5.188,0.097,0.95312,1.779,0.16782,0.3135,0.1296999999999999,0.2425,3.58564,97.875,1.827039457458861,215.4375,4.021586851762896,1.468125,2.740559186188292,7.5403125,14.075553981170136,25.824550667358427,15259,,,0.1401857103294106,Information
653429,12753.0,4869.07128,ARG,Argentina,Río Negro,2.315654441,0.0,0.65,0.49,12753.0,,,,,,,,,,,,,,,,,,,,,,,,,6.697082139354315,46.31308882,0.0,,48.562,0.997,44.875,0.922,4.375,0.09,0.125,0.003,0.44875,0.922,0.065625,0.135,0.003125,0.0075,1.5820000000000003,24.46875,0.5025342327654061,52.171875,1.07149540434463,0.36703125,0.7538013491481091,1.826015625,3.750233915206205,6.697082139354315,445,,,0.0186942053888779,Information
653430,12754.0,10803.31241,ARG,Argentina,Chubut,1.080360482,0.0,0.65,0.49,12754.0,,,,,,,,,,,,,,,,,,,,,,,,,11.967714758828762,21.60720964,0.0,,89.688,0.83,80.25,0.743,2.438,0.023,1.438,0.013,0.8025,0.743,0.03657,0.0345,0.0359499999999999,0.0325,1.68502,34.03125,0.3150075524123906,162.984375,1.5086518729171932,0.51046875,0.4725113286185859,5.704453125,5.280281555210176,11.967714758828762,6801,,,0.0300868051848282,Information
653450,12756.0,9442.559308,ARG,Argentina,Chubut,4.085375576,0.0,0.65,0.49,12756.0,,,,,,,,,,,,,,,,,,,,,,,,,26.350660194339973,81.70751152,0.0,3.0,274.438,2.906,233.938,2.477,5.5,0.058,2.438,0.026,2.33938,2.477,0.0825,0.087,0.06095,0.065,5.111829999999999,148.359375,1.5711775817981068,302.0625,3.198947341897947,2.225390625,2.35676637269716,10.5721875,11.196315696642811,26.350660194339973,8990,0.0,0.0,0.6424453491999448,Watch
653460,12757.0,8750.795491,ARG,Argentina,Chubut,4.048978237,0.0,0.65,0.49,12757.0,,,,,,,,,,,,,,,,,,,,,,,,,13.68616678347102,80.97956474,0.0,,241.625,2.761,225.188,2.573,25.875,0.296,0.0,0.0,2.25188,2.573,0.388125,0.4439999999999999,0.0,0.0,5.657005,77.34375,0.8838482179456323,149.34375,1.7066305590150206,1.16015625,1.3257723269184485,5.22703125,5.973206956552572,13.68616678347102,4000,,,0.3710293412529855,Advisory
653470,12758.0,5714.053622,ARG,Argentina,Chubut,0.819052558,0.0,0.65,0.49,12758.0,,,,,,,,,,,,,,,,,,,,,,,,,3.971704219162592,16.38105116,0.0,,121.625,2.129,109.75,1.921,7.438,0.13,0.0,0.0,1.0975,1.921,0.11157,0.195,0.0,0.0,3.32507,18.84375,0.3297790193454599,33.1875,0.5808048400412578,0.28265625,0.4946685290181898,1.1615625,2.0328169401444023,3.971704219162592,68,,,0.0011554006925695,Information
653480,12759.0,8497.513188,ARG,Argentina,Chubut,3.469172154,0.0,0.65,0.49,12759.0,12759.0,0.0,1.0,-9999.0,-9999.0,-9999.0,0.0,10.0,-999.9,-999.9,-999.9,-5979.4,0.0,0.0,0.0,0.0,0.0,0.0,0.0,0.0,0.0,0.0,0.0,-5979.4,32.56447041657316,69.38344307999999,0.0,,116.188,1.367,90.0,1.059,12.5,0.147,0.0,0.0,0.9,1.059,0.1875,0.2204999999999999,0.0,0.0,2.367,118.265625,1.391767478176163,376.734375,4.433466199802546,1.773984375,2.0876512172642445,13.185703125,15.517131699308912,32.56447041657316,2364,,,0.5245915211465443,Advisory
653490,12760.0,5031.285826,ARG,Argentina,Chubut,4.009923517,0.0,0.65,0.49,12760.0,,,,,,,,,,,,,,,,,,,,,,,,,10.461140271700888,80.19847034,0.0,,92.125,1.831,88.125,1.752,8.625,0.171,0.312,0.006,0.88125,1.752,0.129375,0.2565,0.0078,0.015,3.041925,55.265625,1.0984393832443569,76.359375,1.517691056238386,0.828984375,1.6476590748665352,2.672578125,5.311918696834352,10.461140271700888,3674,,,0.2617069864568833,Information
661902,12830.0,11414.83709,ARG,Argentina,Chubut,3.59561747,0.0,0.65,0.49,12830.0,12830.0,0.0,1.0,-9999.0,-9999.0,-9999.0,0.0,10.0,-999.9,-999.9,-999.9,-5979.4,0.0,0.0,0.0,0.0,0.0,0.0,0.0,0.0,0.0,0.0,0.0,-5979.4,81.69381818106743,71.9123494,0.0,3.0,376.312,3.297,118.375,1.037,97.875,0.857,4.688,0.041,1.18375,1.037,1.468125,1.2855,0.1171999999999999,0.1025,5.194075,415.546875,3.6404100373782873,1170.5625,10.254745567220596,6.233203125,5.460615056067431,35.0,35.0,81.69381818106743,51701,5194.0,10.046227345699311,0.8571604140727238,Warning
661904,12832.0,9170.135092,ARG,Argentina,Río Negro,2.525541021,0.0,0.65,0.49,12832.0,12832.0,0.0,1.0,-9999.0,-9999.0,-9999.0,0.0,10.0,-999.9,-999.9,-999.9,-5979.4,0.0,0.0,0.0,0.0,0.0,0.0,0.0,0.0,0.0,0.0,0.0,-5979.4,69.92073763247036,50.51082042,0.0,3.0,258.938,2.824,91.688,1.0,64.188,0.7,47.5,0.518,0.91688,1.0,0.96282,1.0499999999999998,1.1875,1.295,6.4122,258.75,2.821659631009501,844.734375,9.211798588844603,3.88125,4.232489446514252,29.565703125,32.24129506095611,69.92073763247036,34732,119.0,0.3426235172175515,0.6351814198256975,Watch
664021,12889.0,8854.752002,ARG,Argentina,Catamarca,1.126361321,0.0,0.65,0.49,12889.0,,,,,,,,,,,,,,,,,,,,,,,,,2.9419786499389424,22.52722642,0.0,,26.625,0.301,8.562,0.097,9.5,0.107,1.25,0.014,0.0856199999999999,0.097,0.1425,0.1605,0.03125,0.035,0.55187,20.25,0.2286907639605167,30.796875,0.3478005368566192,0.30375,0.3430361459407751,1.077890625,1.217301878998167,2.9419786499389424,1334,,,0.0005361348306447,Information
664022,12890.0,12749.03983,ARG,Argentina,Catamarca,2.021703764,0.0,0.65,0.49,12890.0,,,,,,,,,,,,,,,,,,,,,,,,,2.144174840276396,40.43407528,0.0,,356.0,2.792,36.312,0.285,6.25,0.049,0.562,0.004,0.36312,0.285,0.09375,0.0735,0.01405,0.01,0.83942,8.578125,0.0672844787967936,30.65625,0.2404592848803443,0.128671875,0.1009267181951903,1.07296875,0.8416074970812051,2.144174840276396,142,,,0.0004431580206179,Information
664023,12891.0,5326.059995,ARG,Argentina,Catamarca,1.704052307,0.0,0.65,0.49,12891.0,,,,,,,,,,,,,,,,,,,,,,,,,3.759263054383157,34.08104614,0.0,,5.75,0.108,2.188,0.041,2.312,0.043,0.0,0.0,0.02188,0.041,0.03468,0.0645,0.0,0.0,0.16206,9.0,0.1689804472341464,33.46875,0.628396038151982,0.135,0.2534706708512196,1.17140625,2.199386133531937,3.759263054383157,104,,,0.0020902994928328,Information
664025,12893.0,16712.78662,ARG,Argentina,Salta,0.141309428,0.0,0.65,0.49,12893.0,,,,,,,,,,,,,,,,,,,,,,,,,5.610188365203387,2.82618856,0.0,,592.438,3.545,89.062,0.533,10.062,0.06,0.0,0.0,0.89062,0.533,0.15093,0.09,0.0,0.0,1.6645500000000002,17.4375,0.1043362809636298,92.8125,0.5553382696451264,0.2615625,0.1565044214454447,3.2484375,1.9436839437579423,5.610188365203387,163,,,0.0021728226370805,Information
664026,12894.0,9464.879559,ARG,Argentina,Salta,2.37341484,0.0,0.65,0.49,12894.0,,,,,,,,,,,,,,,,,,,,,,,,,1.2833750000000002,47.468296800000005,0.0,,291.188,3.077,58.125,0.614,2.875,0.03,0.0,0.0,0.58125,0.614,0.043125,0.045,0.0,0.0,1.2833750000000002,0.0,0.0,11.953125,0.1262892456822855,0.0,0.0,0.418359375,0.4420123598879992,0.8603717348879992,1282,,,0.0001028450676101,Information
664027,12895.0,10312.33297,ARG,Argentina,Jujuy,0.613733363,0.0,0.65,0.49,12895.0,,,,,,,,,,,,,,,,,,,,,,,,,2.220081623224039,12.27466726,0.0,,118.625,1.15,32.438,0.315,1.688,0.016,0.062,0.001,0.32438,0.315,0.02532,0.024,0.00155,0.0025,0.6927500000000001,10.828125,0.1050017007027461,27.5625,0.2672770563342628,0.162421875,0.1575025510541191,0.9646875,0.9354696971699198,2.220081623224039,4412,,,0.0001181507050566,Information
651909,16260.0,7567.727138,ARG,Argentina,Buenos Aires,4.051732066,1.190244653,0.65,0.49,16260.0,,,,,,,,,,,,,,,,,,,,,,,,,100.0,81.03464131999999,23.80489306,3.0,30.875,0.408,24.75,0.327,0.688,0.009,0.0,0.0,0.2475,0.327,0.01032,0.0134999999999999,0.0,0.0,0.59832,1084.359375,14.32873246092814,1567.96875,20.71915016720902,15.0,15.0,35.0,35.0,100.0,24535,112.0,0.456490727532097,0.9517993373975976,Warning
653307,16261.0,8051.369038,ARG,Argentina,Chubut,0.460279219,2.21896897,0.65,0.49,16261.0,,,,,,,,,,,,,,,,,,,,,,,,,25.62634343618188,9.20558438,44.379379400000005,,26.688,0.331,23.688,0.294,17.125,0.213,7.625,0.095,0.2368799999999999,0.294,0.256875,0.3195,0.190625,0.2375,1.53538,124.453125,1.5457386738460832,273.234375,3.393638692975073,1.866796875,2.318608010769125,9.563203125,11.877735425412755,25.62634343618188,121439,,,0.2191895830790402,Information
642431,12375.0,105.4941018,PRY,Paraguay,Ñeembucú,1.874576946,0.0,0.6,0.56,12375.0,,,,,,,,,,,,,,,,,,,,,,,,,22.42880563643449,37.49153892,0.0,,1.062,1.007,0.062,0.059,0.062,0.059,0.0,0.0,0.00062,0.059,0.0009299999999999,0.0885,0.0,0.0,0.14905,1.828125,1.7329167876795697,5.90625,5.59865423711861,0.027421875,2.5993751815193544,0.20671875,19.59528982991513,22.42880563643449,17582,,,0.1526920156639487,Information
642432,12376.0,4435.285942,PRY,Paraguay,Ñeembucú,4.027401942,0.0,0.6,0.56,12376.0,,,,,,,,,,,,,,,,,,,,,,,,,77.50975207915812,80.54803884,0.0,3.0,228.562,5.153,74.125,1.671,9.188,0.207,8.812,0.199,0.74125,1.671,0.13782,0.3105,0.2202999999999999,0.4975,3.57837,341.15625,7.691865969438748,738.703125,16.655140947016385,5.11734375,11.537798954158122,25.854609375,35.0,77.50975207915812,19153,97.0,0.5064480760194225,0.9165841136074406,Warning
642434,12378.0,29656.13146,PRY,Paraguay,Paraguar,2.738555381,0.0,0.6,0.56,12378.0,12378.0,0.0,15.0,-9999.0,-9999.0,-9999.0,0.0,1.0,-999.9,-999.9,-999.9,-5997.4,0.0,0.0,0.0,0.0,0.0,0.0,0.0,0.0,0.0,0.0,0.0,-5997.4,61.469832249797626,54.77110762,0.0,3.0,423.938,1.43,155.75,0.525,26.125,0.088,47.312,0.16,1.5575,0.525,0.391875,0.132,1.1828,0.4,4.1891750000000005,510.609375,1.721766629013226,1375.03125,4.636583337507939,7.659140625,2.582649943519839,35.0,16.228041681277787,61.469832249797626,667365,1703.0,0.25518269612580824,0.6205061645362938,Watch
642435,12379.0,55.22314192,PRY,Paraguay,Ñeembucú,4.07956743,0.0,0.6,0.56,12379.0,,,,,,,,,,,,,,,,,,,,,,,,,36.38339915437902,81.5913486,0.0,3.0,5.0,9.054,4.562,8.262,0.0,0.0,0.062,0.113,0.04562,8.262,0.0,0.0,0.00155,0.2825,8.59167,0.28125,0.5092973529193457,17.578125,31.831084557459103,0.00421875,0.7639460293790186,0.615234375,35.0,36.38339915437902,0,0.0,0.0,0.7521565849886146,Watch
642451,12393.0,35976.19492,PRY,Paraguay,Presidente Hayes,1.241656795,0.0,0.6,0.56,12393.0,12393.0,0.0,4.0,-9999.0,-9999.0,-9999.0,0.0,7.0,-999.9,-999.9,-999.9,-5985.4,0.0,0.0,0.0,0.0,0.0,0.0,0.0,0.0,0.0,0.0,0.0,-5985.4,25.5992677499502,24.8331359,0.0,,253.5,0.705,60.188,0.167,1.938,0.005,1.625,0.005,0.60188,0.167,0.02907,0.0075,0.040625,0.0125,0.858575,25.875,0.0719225589519348,561.234375,1.56001593900637,0.388125,0.1078838384279022,19.643203125,5.460055786522295,25.5992677499502,2636429,,,0.1407073552984288,Information
642452,12394.0,20347.83716,PRY,Paraguay,Canindey,2.429341268,0.0,0.6,0.56,12394.0,,,,,,,,,,,,,,,,,,,,,,,,,1.4241043120201202,48.58682536,0.0,,55.562,0.273,43.188,0.212,0.25,0.001,0.0,0.0,0.43188,0.212,0.00375,0.0015,0.0,0.0,0.64913,0.0,0.0,27.28125,0.1340744462914629,0.0,0.0,0.95484375,0.4692605620201201,1.4241043120201202,452412,,,0.0001676685107032,Information
642453,12395.0,2512.348076,PRY,Paraguay,San Pedro,4.001416663,0.0,0.6,0.56,12395.0,,,,,,,,,,,,,,,,,,,,,,,,,4.97606020327062,80.02833326,0.0,,4.25,0.169,2.75,0.109,0.0,0.0,0.0,0.0,0.0275,0.109,0.0,0.0,0.0,0.0,0.1365,0.0,0.0,28.546875,1.1362627366487486,0.0,0.0,0.999140625,3.97691957827062,4.97606020327062,6444,,,0.0823136198393892,Information
642455,12397.0,32541.79324,PRY,Paraguay,Concepción,2.361877973,0.0,0.6,0.56,12397.0,,,,,,,,,,,,,,,,,,,,,,,,,3.242913968324261,47.23755946,0.0,,26.25,0.081,11.125,0.034,2.062,0.006,0.25,0.001,0.11125,0.034,0.03093,0.009,0.00625,0.0025,0.19393,3.9375,0.0120998248940358,69.1875,0.2126112088523449,0.0590625,0.0181497373410537,2.4215625,0.7441392309832072,3.242913968324261,387040,,,0.0026408829860911,Information
642457,12399.0,93242.49606,PRY,Paraguay,Alto Paraguay,4.001120996,0.0,0.6,0.56,12399.0,12399.0,0.0,7.0,-9999.0,-9999.0,-9999.0,0.0,4.0,-999.9,-999.9,-999.9,-5988.4,0.0,0.0,0.0,0.0,0.0,0.0,0.0,0.0,0.0,0.0,0.0,-5988.4,27.211292859504013,80.02241992,0.0,3.0,163.562,0.175,125.625,0.135,12.25,0.013,0.062,0.0,1.25625,0.135,0.18375,0.0195,0.00155,0.0,1.5960500000000002,108.0,0.1158270151121011,655.875,0.703407810524531,1.62,0.1737405226681516,22.955625,2.4619273368358585,27.211292859504013,189429,409.0,0.21591203036493883,0.6213473824022726,Watch
642458,12400.0,16379.83938,PRY,Paraguay,Alto Paraguay,4.079926989,0.0,0.6,0.56,12400.0,,,,,,,,,,,,,,,,,,,,,,,,,7.974272431078548,81.59853978,0.0,,38.562,0.235,21.625,0.132,0.0,0.0,0.0,0.0,0.21625,0.132,0.0,0.0,0.0,0.0,0.34825,0.0,0.0,141.46875,0.8636760517367279,0.0,0.0,4.95140625,3.022866181078548,7.974272431078548,2266,,,0.2015184971001953,Information
642462,12403.0,22990.45667,PRY,Paraguay,Alto Paraguay,2.517470244,0.0,0.6,0.56,12403.0,,,,,,,,,,,,,,,,,,,,,,,,,1.5820468031805837,50.34940488,0.0,,0.0,0.0,0.0,0.0,0.188,0.001,2.812,0.012,0.0,0.0,0.00282,0.0015,0.0702999999999999,0.03,0.1046199999999999,0.0,0.0,31.5,0.1370133723373096,0.0,0.0,1.1025,0.4795468031805835,1.5820468031805837,286,,,0.0002841690783354,Information
642512,12439.0,2880.091505,PRY,Paraguay,Itapúa,0.1079473,0.0,0.6,0.56,12439.0,,,,,,,,,,,,,,,,,,,,,,,,,14.13431930422256,2.158946,0.0,,32.688,1.135,11.812,0.41,0.0,0.0,0.438,0.015,0.1181199999999999,0.41,0.0,0.0,0.01095,0.0375,0.5765699999999999,32.203125,1.118128536726125,76.5,2.6561656068952497,0.483046875,1.6771928050891876,2.6775,9.296579624133374,14.13431930422256,84541,,,0.0265112009253562,Information
642513,12440.0,23477.82906,PRY,Paraguay,Itapúa,0.216097239,0.0,0.6,0.56,12440.0,12440.0,0.0,9.0,-9999.0,-9999.0,-9999.0,0.0,2.0,-999.9,-999.9,-999.9,-5996.9,0.0,0.0,0.0,0.0,0.0,0.0,0.0,0.0,0.0,0.0,0.0,-5996.9,15.26372968841991,4.32194478,0.0,,48.438,0.206,17.625,0.075,0.688,0.003,1.312,0.006,0.17625,0.075,0.01032,0.0045,0.0328,0.015,0.31387,47.53125,0.2024516401321504,285.46875,1.2159077794919098,0.71296875,0.3036774601982256,9.99140625,4.255677228221684,15.26372968841991,1372047,,,0.03321511205381,Information
642515,12442.0,691.9347669,PRY,Paraguay,Alto Paraná,1.682604331,0.0,0.6,0.56,12442.0,12442.0,0.0,15.0,-9999.0,-9999.0,-9999.0,0.0,1.0,-999.9,-999.9,-999.9,-5997.4,0.0,0.0,0.0,0.0,0.0,0.0,0.0,0.0,0.0,0.0,0.0,-5997.4,2.8139958432195007,33.65208662,0.0,,,,,,,,,,,,,,,,,0.0,0.0,5.203125,0.7519675623484288,0.0,0.0,0.182109375,2.6318864682195007,2.8139958432195007,40235,,,0.0007880153619618,Information
642517,12444.0,845.7281841,PRY,Paraguay,Alto Paraná,0.451269139,0.0,0.6,0.56,12444.0,,,,,,,,,,,,,,,,,,,,,,,,,5.112619955665247,9.02538278,0.0,,2.5,0.296,2.5,0.296,0.0,0.0,0.0,0.0,0.025,0.296,0.0,0.0,0.0,0.0,0.321,0.0,0.0,11.390625,1.3468423087614991,0.0,0.0,0.398671875,4.713948080665247,5.112619955665247,18034,,,0.0019955232272983,Information
642530,12456.0,28963.63983,PRY,Paraguay,Alto Paraná,1.348306996,0.0,0.6,0.56,12456.0,12456.0,0.0,4.0,-9999.0,-9999.0,-9999.0,0.0,7.0,-999.9,-999.9,-999.9,-5985.4,0.0,0.0,0.0,0.0,0.0,0.0,0.0,0.0,0.0,0.0,0.0,-5985.4,22.51020146269603,26.96613992,0.0,,213.188,0.736,128.375,0.443,2.0,0.007,0.0,0.0,1.28375,0.443,0.03,0.0105,0.0,0.0,1.76725,3.515625,0.012138063519405,476.578125,1.6454358906905502,0.052734375,0.0182070952791075,16.680234375,5.759025617416926,22.51020146269603,1654215,,,0.1196068206112497,Information
661100,12810.0,19202.8524,CHL,Chile,Magallanes y Antártica Chilena,2.701375011,0.0,0.7,0.42,12810.0,,,,,,,,,,,,,,,,,,,,,,,,,30.81348614634,54.02750022,0.0,,37.688,0.196,33.438,0.174,11.0,0.057,0.0,0.0,0.33438,0.174,0.165,0.0855,0.0,0.0,0.7588800000000001,33.046875,0.1720935739330881,564.75,2.940969331554391,0.495703125,0.2581403608996321,19.76625,10.293392660440368,30.81348614634,213,,,0.3445447718975678,Information
661400,12819.0,29358.01365,CHL,Chile,Aisén del General Carlos Ibáñez del Campo,1.492820584,0.0,0.7,0.42,12819.0,12819.0,0.0,1.0,-9999.0,-9999.0,-9999.0,0.0,10.0,-999.9,-999.9,-999.9,-5979.4,0.0,0.0,0.0,0.0,0.0,0.0,0.0,0.0,0.0,0.0,0.0,-5979.4,88.24262540254577,29.85641168,0.0,3.0,440.312,1.5,167.188,0.569,68.25,0.232,0.0,0.0,1.6718799999999998,0.569,1.02375,0.348,0.0,0.0,3.6126299999999993,907.171875,3.090031518363844,3108.515625,10.588303629426877,13.607578125,4.635047277545766,35.0,35.0,88.24262540254577,19000,1141.0,6.0052631578947375,0.5907776069793714,Warning
661506,12823.0,1701.927884,CHL,Chile,Aisén del General Carlos Ibáñez del Campo,0.589544819,0.0,0.7,0.42,12823.0,,,,,,,,,,,,,,,,,,,,,,,,,46.82666927850397,11.79089638,0.0,,35.0,2.056,33.438,1.965,15.312,0.9,0.0,0.0,0.33438,1.965,0.22968,1.35,0.0,0.0,3.87906,123.609375,7.262903213825106,141.609375,8.320527345076089,1.854140625,10.89435482073766,4.956328125,29.12184570776631,46.82666927850397,0,,,0.2632828240563159,Advisory
661508,12824.0,1817.057363,CHL,Chile,Aisén del General Carlos Ibáñez del Campo,0.681661197,0.0,0.7,0.42,12824.0,,,,,,,,,,,,,,,,,,,,,,,,,20.732647386388862,13.63322394,0.0,,25.0,1.376,21.438,1.18,0.5,0.028,0.0,0.0,0.21438,1.18,0.0075,0.042,0.0,0.0,1.44388,32.0625,1.7645287733112751,77.34375,4.256538707549129,0.4809375,2.646793159966913,2.70703125,14.897885476421951,20.732647386388862,0,,,0.0768053061098465,Information
661509,12825.0,5146.995175,CHL,Chile,Aisén del General Carlos Ibáñez del Campo,0.437513187,0.0,0.7,0.42,12825.0,,,,,,,,,,,,,,,,,,,,,,,,,41.32632845875082,8.750263740000001,0.0,,196.188,3.812,113.875,2.212,2.812,0.055,0.0,0.0,1.13875,2.212,0.04218,0.0825,0.0,0.0,3.47543,233.015625,4.52721669774185,301.359375,5.855054546325157,3.495234375,6.790825046612776,10.547578125,20.49269091213805,41.32632845875082,3189,,,0.2141510939943181,Advisory
661600,12826.0,12321.70755,CHL,Chile,Aisén del General Carlos Ibáñez del Campo,2.563290436,3.086975916,0.7,0.42,12826.0,12826.0,0.0,1.0,-9999.0,-9999.0,-9999.0,0.0,10.0,-999.9,-999.9,-999.9,-5979.4,0.0,0.0,0.0,0.0,0.0,0.0,0.0,0.0,0.0,0.0,0.0,-5979.4,77.43170478101919,51.26580872,61.73951832,3.0,315.5,2.561,125.438,1.018,20.938,0.17,0.0,0.0,1.25438,1.018,0.3140699999999999,0.255,0.0,0.0,2.84145,387.28125,3.143081009985567,1123.3125,9.116532718868813,5.80921875,4.714621514978351,35.0,31.90786451604085,77.43170478101919,98098,2280.0,2.3242064058390586,0.7595882746036424,Watch
661700,12827.0,13048.97285,CHL,Chile,Aisén del General Carlos Ibáñez del Campo,2.600261987,2.263415446,0.7,0.42,12827.0,,,,,,,,,,,,,,,,,,,,,,,,,86.09580826917781,52.00523974,45.26830892,3.0,405.188,3.105,289.0,2.215,55.5,0.425,0.0,0.0,2.89,2.215,0.8325,0.6375,0.0,0.0,6.575,607.5,4.655538846118535,1445.625,11.078458180115405,9.1125,6.983308269177803,35.0,35.0,86.09580826917781,4478,591.0,13.19785618579723,0.7205139210402838,Warning
661800,12828.0,13191.68579,CHL,Chile,Aisén del General Carlos Ibáñez del Campo,2.005848964,0.0,0.7,0.42,12828.0,12828.0,0.0,15.0,-9999.0,-9999.0,-9999.0,0.0,1.0,-999.9,-999.9,-999.9,-5997.4,0.0,0.0,0.0,0.0,0.0,0.0,0.0,0.0,0.0,0.0,0.0,-5997.4,82.31557490697094,40.11697928,0.0,3.0,439.25,3.33,179.625,1.362,157.938,1.197,0.0,0.0,1.79625,1.362,2.36907,1.7955,0.0,0.0,7.32282,467.015625,3.54022702131396,1448.15625,10.977795201894356,7.005234375,5.31034053197094,35.0,35.0,82.31557490697094,7458,51.0,0.6838294448913919,0.624820993815477,Warning
661901,12829.0,3364.809613,CHL,Chile,Los Lagos,3.059740159,0.0,0.7,0.42,12829.0,,,,,,,,,,,,,,,,,,,,,,,,,59.55124046740404,61.19480318,0.0,3.0,123.75,3.678,108.375,3.221,53.25,1.583,0.0,0.0,1.08375,3.221,0.79875,2.3745,0.0,0.0,7.478,179.859375,5.345306144936023,395.296875,11.74797151948019,2.697890625,8.017959217404034,13.835390625,35.0,59.55124046740404,1278,125.0,9.780907668231611,0.6657774346502079,Watch
661903,12831.0,6104.624027,CHL,Chile,Los Lagos,1.449995273,2.492107025,0.7,0.42,12831.0,,,,,,,,,,,,,,,,,,,,,,,,,53.8853049815089,28.99990546,49.8421405,,109.75,1.798,97.312,1.594,23.25,0.381,0.0,0.0,0.97312,1.594,0.34875,0.5715,0.0,0.0,3.48737,186.046875,3.047638547110932,503.859375,8.253733117383574,2.790703125,4.571457820666399,17.635078125,28.888065910842503,53.8853049815089,15014,,,0.5285727417405305,Advisory
661905,12833.0,486.9058473,CHL,Chile,Los Lagos,2.000781629,0.0,0.7,0.42,12833.0,,,,,,,,,,,,,,,,,,,,,,,,,24.366377185167536,40.01563258,0.0,,5.688,1.168,5.688,1.168,4.875,1.001,2.375,0.488,0.05688,1.168,0.073125,1.5014999999999998,0.059375,1.22,4.07888,7.171875,1.4729490392399558,29.25,6.007321571802173,0.107578125,2.2094235588599336,1.02375,21.025625501307605,24.366377185167536,1073,,,0.1838261195606854,Information
661906,12834.0,2674.698745,CHL,Chile,Los Lagos,1.025124692,0.0,0.7,0.42,12834.0,,,,,,,,,,,,,,,,,,,,,,,,,27.361774056809068,20.50249384,0.0,,50.562,1.89,42.125,1.575,23.0,0.86,9.25,0.346,0.42125,1.575,0.345,1.29,0.23125,0.865,4.7275,50.90625,1.9032517251741068,143.15625,5.35223827687083,0.76359375,2.8548775877611603,5.01046875,18.732833969047903,27.361774056809068,417,,,0.1430810569644475,Information
661908,12835.0,3263.26916,CHL,Chile,Los Lagos,0.07103649,0.0,0.7,0.42,12835.0,,,,,,,,,,,,,,,,,,,,,,,,,31.895787877989004,1.4207298,0.0,,16.75,0.513,13.438,0.412,2.812,0.086,0.812,0.025,0.13438,0.412,0.04218,0.129,0.0203,0.0625,0.80036,96.609375,2.960508932945694,182.8125,5.602127529591561,1.449140625,4.440763399418541,6.3984375,19.607446353570463,31.895787877989004,292574,,,0.1295782496581303,Information
661909,12836.0,812.4082088,CHL,Chile,Los Lagos,1.760415969,1.288869834,0.7,0.42,12836.0,,,,,,,,,,,,,,,,,,,,,,,,,27.559159576470105,35.20831938,25.77739668,,7.25,0.892,7.125,0.877,0.438,0.054,0.0,0.0,0.07125,0.877,0.00657,0.081,0.0,0.0,1.03582,34.03125,4.188934778441945,44.578125,5.487158366802053,0.51046875,6.283402167662918,1.560234375,19.205054283807183,27.559159576470105,2804,,,0.1963192401252717,Information
662101,12837.0,3436.435756,CHL,Chile,Los Lagos,0.637724643,0.0,0.7,0.42,12837.0,,,,,,,,,,,,,,,,,,,,,,,,,6.672339976698085,12.75449286,0.0,,19.312,0.562,19.25,0.56,7.062,0.206,2.438,0.071,0.1925,0.56,0.10593,0.309,0.06095,0.1775,1.40588,20.25,0.5892733470494638,40.078125,1.1662701660353971,0.30375,0.8839100205741957,1.402734375,4.08194558112389,6.672339976698085,11774,,,0.005073847880407,Information
662102,12838.0,15122.65961,CHL,Chile,Los Ríos,2.242838063,0.0,0.7,0.42,12838.0,12838.0,0.0,15.0,-9999.0,-9999.0,-9999.0,0.0,1.0,-999.9,-999.9,-999.9,-5997.4,0.0,0.0,0.0,0.0,0.0,0.0,0.0,0.0,0.0,0.0,0.0,-5997.4,35.90889947506632,44.856761260000006,0.0,,86.625,0.573,79.25,0.524,11.562,0.076,1.25,0.008,0.7925,0.524,0.17343,0.1139999999999999,0.03125,0.02,1.65518,249.609375,1.650565320212915,510.609375,3.3764522127848418,3.744140625,2.4758479803193723,17.871328125,11.817582744746948,35.90889947506632,351218,,,0.3339801773599481,Advisory
662103,12839.0,1890.836533,CHL,Chile,Los Ríos,0.092892641,0.283327341,0.7,0.42,12839.0,,,,,,,,,,,,,,,,,,,,,,,,,6.172717223795283,1.85785282,5.666546820000001,,38.5,2.036,25.312,1.339,6.125,0.324,1.312,0.069,0.25312,1.339,0.091875,0.486,0.0328,0.1725,2.375295,11.953125,0.6321606755338095,22.921875,1.2122610601413053,0.179296875,0.9482410133007142,0.802265625,4.242913710494569,6.172717223795283,57390,,,0.0031985901109751,Information
662104,12840.0,10250.25185,CHL,Chile,Los Ríos,3.206139227,0.0,0.7,0.42,12840.0,,,,,,,,,,,,,,,,,,,,,,,,,30.94739698837867,64.12278454,0.0,,250.0,2.439,212.438,2.073,45.062,0.44,7.562,0.074,2.12438,2.073,0.6759299999999999,0.66,0.18905,0.185,5.90736,183.65625,1.7917242693184203,368.859375,3.59853963125744,2.75484375,2.6875864039776305,12.910078125,12.59488870940104,30.94739698837867,316303,,,0.4412449635173239,Advisory
662105,12841.0,1429.90346,CHL,Chile,Araucanía,2.271526837,0.0,0.7,0.42,12841.0,,,,,,,,,,,,,,,,,,,,,,,,,9.21748061915484,45.43053674,0.0,,42.375,2.963,35.188,2.461,13.562,0.948,2.812,0.197,0.35188,2.461,0.20343,1.422,0.0702999999999999,0.4925,5.001109999999999,14.203125,0.9932925823593156,26.859375,1.878404784461676,0.213046875,1.4899388735389734,0.940078125,6.574416745615866,9.21748061915484,13211,,,0.0376713319285835,Information
662106,12842.0,8619.220764,CHL,Chile,Araucanía,1.719915905,0.0,0.7,0.42,12842.0,,,,,,,,,,,,,,,,,,,,,,,,,24.718399572772785,34.3983181,0.0,,161.562,1.874,158.875,1.843,38.125,0.442,12.375,0.144,1.58875,1.843,0.571875,0.663,0.309375,0.36,5.336000000000001,115.453125,1.339484486665412,277.453125,3.219004740792762,1.731796875,2.009226729998118,9.710859375,11.266516592774668,24.718399572772785,232565,,,0.1645189898158814,Information
662107,12843.0,673.0987278,CHL,Chile,Araucanía,0.355367968,1.773794412,0.7,0.42,12843.0,,,,,,,,,,,,,,,,,,,,,,,,,32.49996220306933,7.107359359999999,35.47588824,,7.375,1.096,6.438,0.956,1.875,0.279,0.25,0.037,0.0643799999999999,0.956,0.028125,0.4185,0.00625,0.0925,1.565755,36.5625,5.431966885281664,42.890625,6.372115000041951,0.5484375,8.147950327922496,1.501171875,22.30240250014683,32.49996220306933,12602,,,0.2464196013435909,Information
662108,12844.0,12153.18531,CHL,Chile,Araucanía,1.787428932,0.0,0.7,0.42,12844.0,,,,,,,,,,,,,,,,,,,,,,,,,7.560612784517575,35.748578640000005,0.0,,97.75,0.804,95.438,0.785,10.375,0.085,1.812,0.015,0.95438,0.785,0.155625,0.1275,0.0453,0.0375,2.1053050000000004,34.03125,0.2800191812521624,103.921875,0.8550998964683802,0.51046875,0.4200287718782436,3.637265625,2.9928496376393308,7.560612784517575,742187,,,0.0161833806920137,Information
662109,12845.0,6761.361451,CHL,Chile,Bío-Bío,1.07948807,0.323295954,0.7,0.42,12845.0,,,,,,,,,,,,,,,,,,,,,,,,,11.033451445243305,21.5897614,6.46591908,,82.75,1.224,76.875,1.137,23.375,0.346,4.5,0.067,0.76875,1.137,0.350625,0.5189999999999999,0.1125,0.1675,3.055375,62.4375,0.9234456766786816,100.40625,1.4850004800643664,0.9365625,1.3851685150180224,3.51421875,5.197501680225282,11.033451445243305,423688,,,0.024938180785474,Information
662200,12846.0,24306.30189,CHL,Chile,Bío-Bío,0.860899189,0.0,0.7,0.42,12846.0,12846.0,0.0,1.0,-9999.0,-9999.0,-9999.0,0.0,10.0,-999.9,-999.9,-999.9,-5979.4,0.0,0.0,0.0,0.0,0.0,0.0,0.0,0.0,0.0,0.0,0.0,-5979.4,32.22725708086979,17.217983779999997,0.0,,228.188,0.939,181.188,0.745,56.375,0.232,13.312,0.055,1.81188,0.745,0.845625,0.348,0.3328,0.1375,4.220805,232.03125,0.9546135444315552,552.9375,2.2748730040635605,3.48046875,1.4319203166473329,19.3528125,7.962055514222461,32.22725708086979,1087011,,,0.1727386177742404,Information
662300,12847.0,15477.55189,CHL,Chile,Ñuble,1.35012678,0.0,0.7,0.42,12847.0,12847.0,0.0,13.0,-9999.0,-9999.0,-9999.0,0.0,1.0,-999.9,-999.9,-999.9,-5997.4,0.0,0.0,0.0,0.0,0.0,0.0,0.0,0.0,0.0,0.0,0.0,-5997.4,12.451437869006169,27.0025356,0.0,,80.062,0.517,72.438,0.468,15.938,0.103,6.25,0.04,0.72438,0.468,0.23907,0.1545,0.15625,0.1,1.8422,69.1875,0.447018368944234,186.46875,1.2047690187399478,1.0378125,0.6705275534163511,6.52640625,4.216691565589818,12.451437869006169,946659,,,0.0384812774112327,Information
662400,12848.0,21152.15023,CHL,Chile,Maule,0.951736713,0.0,0.7,0.42,12848.0,12848.0,0.0,13.0,-9999.0,-9999.0,-9999.0,0.0,1.0,-999.9,-999.9,-999.9,-5997.4,0.0,0.0,0.0,0.0,0.0,0.0,0.0,0.0,0.0,0.0,0.0,-5997.4,26.759337808081256,19.03473426,0.0,,145.0,0.686,135.562,0.641,31.562,0.149,12.0,0.057,1.35562,0.641,0.47343,0.2234999999999999,0.3,0.1425,3.13605,159.328125,0.7532478886986621,450.84375,2.1314322428666466,2.389921875,1.129871833047993,15.77953125,7.460012850033263,26.759337808081256,797816,,,0.1341174032055411,Information
662510,12849.0,11586.97725,CHL,Chile,Maule,0.815061139,0.0,0.7,0.42,12849.0,,,,,,,,,,,,,,,,,,,,,,,,,13.0955550783214,16.30122278,0.0,,174.125,1.503,164.5,1.42,24.75,0.214,11.625,0.1,1.645,1.42,0.37125,0.321,0.290625,0.25,4.297875,56.8125,0.490313381842922,176.484375,1.5231269658734337,0.8521875,0.735470072764383,6.176953125,5.330944380557018,13.0955550783214,366356,,,0.0318015761752677,Information
662520,12850.0,13816.10629,CHL,Chile,Libertador General Bernardo O'Higgins,1.59059273,0.0,0.7,0.42,12850.0,,,,,,,,,,,,,,,,,,,,,,,,,18.369707056194024,31.8118546,0.0,,291.188,2.108,289.312,2.094,30.75,0.223,8.625,0.062,2.89312,2.094,0.46125,0.3345,0.215625,0.155,6.153495,97.171875,0.7033231576049185,262.828125,1.9023313770819,1.457578125,1.0549847364073777,9.198984375,6.658159819786649,18.369707056194024,964395,,,0.0948330057359287,Information
662530,12851.0,1069.774809,CHL,Chile,Región Metropolitana de Santiago,1.748084571,0.0,0.7,0.42,12851.0,,,,,,,,,,,,,,,,,,,,,,,,,6.017061754070968,34.96169142,0.0,,12.062,1.128,12.062,1.128,2.75,0.257,1.25,0.117,0.1206199999999999,1.128,0.04125,0.3855,0.03125,0.2925,1.99912,4.640625,0.4337945671326286,14.625,1.3671101509634358,0.069609375,0.6506918506989429,0.511875,4.784885528372025,6.017061754070968,13803,,,0.0086474575174238,Information
662540,12852.0,15133.763,CHL,Chile,Región Metropolitana de Santiago,1.034044226,0.0,0.7,0.42,12852.0,12852.0,0.0,1.0,-9999.0,-9999.0,-9999.0,0.0,10.0,-999.9,-999.9,-999.9,-5988.4,0.0,0.0,0.0,0.0,0.0,0.0,0.0,0.0,0.0,0.0,0.0,-5988.4,8.686757254242998,20.68088452,0.0,,163.188,1.078,161.125,1.065,41.875,0.277,10.625,0.07,1.61125,1.065,0.628125,0.4155,0.265625,0.175,4.160500000000001,53.71875,0.3549596356689946,126.421875,0.835363121639859,0.80578125,0.5324394535034919,4.424765625,2.9237709257395066,8.686757254242998,8755988,,,0.0134944110126775,Information
662550,12853.0,26612.76709,CHL,Chile,Valparaíso,1.212217881,0.0,0.7,0.42,12853.0,,,,,,,,,,,,,,,,,,,,,,,,,15.823598811937408,24.24435762,0.0,,211.688,0.795,210.75,0.792,62.938,0.236,12.438,0.047,2.1075,0.792,0.94407,0.354,0.31095,0.1175,4.62602,126.28125,0.4745137908815003,274.5,1.0314598216043305,1.89421875,0.7117706863222505,9.6075,3.6101093756151568,15.823598811937408,2189557,,,0.0586730786902403,Information
662560,12854.0,11724.12829,CHL,Chile,Coquimbo,0.581999661,0.0,0.7,0.42,12854.0,12854.0,0.0,1.0,-9999.0,-9999.0,-9999.0,0.0,10.0,-999.9,-999.9,-999.9,-5979.4,0.0,0.0,0.0,0.0,0.0,0.0,0.0,0.0,0.0,0.0,0.0,-5979.4,11.810333056608592,11.63999322,0.0,,13.062,0.111,13.062,0.111,4.312,0.037,0.562,0.005,0.1306199999999999,0.111,0.06468,0.0554999999999999,0.01405,0.0125,0.38835,60.046875,0.5121649433638983,156.375,1.33378786187507,0.900703125,0.7682474150458474,5.473125,4.668257516562745,11.810333056608592,180952,,,0.0220865442478046,Information
662570,12855.0,20864.72421,CHL,Chile,Coquimbo,1.546968423,0.0,0.7,0.42,12855.0,12855.0,0.0,1.0,-9999.0,-9999.0,-9999.0,0.0,10.0,-999.9,-999.9,-999.9,-5979.4,0.0,0.0,0.0,0.0,0.0,0.0,0.0,0.0,0.0,0.0,0.0,-5979.4,13.656739268613263,30.93936846,0.0,,21.812,0.105,17.0,0.081,5.562,0.027,0.562,0.003,0.17,0.081,0.08343,0.0405,0.01405,0.0075,0.39648,82.265625,0.3942809125496968,228.515625,1.0952247570824911,1.233984375,0.5914213688245452,7.998046875,3.833286649788719,13.656739268613263,641579,,,0.0525354485642911,Information
662600,12858.0,18508.55329,CHL,Chile,Atacama,1.603733431,0.0,0.7,0.42,12858.0,12858.0,0.0,1.0,-9999.0,-9999.0,-9999.0,0.0,10.0,-999.9,-999.9,-999.9,-5979.4,0.0,0.0,0.0,0.0,0.0,0.0,0.0,0.0,0.0,0.0,0.0,-5979.4,9.29336826239896,32.07466862,0.0,,,,,,,,,,,,,,,,,40.640625,0.2195775346016313,154.96875,0.8372818101418609,0.609609375,0.3293663019024469,5.42390625,2.930486335496513,9.29336826239896,227573,,,0.0233446429589052,Information
662701,12860.0,6000.388185,CHL,Chile,Atacama,3.98425064,0.0,0.7,0.42,12860.0,,,,,,,,,,,,,,,,,,,,,,,,,0.5174790757727984,79.6850128,0.0,,4.062,0.068,4.062,0.068,0.0,0.0,0.0,0.0,0.04062,0.068,0.0,0.0,0.0,0.0,0.10862,2.109375,0.0351539756274781,4.640625,0.0773387463804518,0.031640625,0.0527309634412171,0.162421875,0.2706856123315813,0.5174790757727984,15058,,,0.0001212064182881,Information
662705,12864.0,4026.955879,CHL,Chile,Antofagasta,0.003032975,0.0,0.7,0.42,12864.0,,,,,,,,,,,,,,,,,,,,,,,,,0.266455,0.0606595,0.0,,6.625,0.165,6.188,0.154,0.625,0.016,0.188,0.005,0.06188,0.154,0.009375,0.024,0.0046999999999999,0.0125,0.266455,0.28125,0.0069841837967178,1.125,0.0279367351868714,0.00421875,0.0104762756950767,0.039375,0.0977785731540499,0.1518485988491266,1855,,,1.5415312195089556e-09,Information
662707,12866.0,9388.098196,CHL,Chile,Antofagasta,3.868537217,0.0,0.7,0.42,12866.0,,,,,,,,,,,,,,,,,,,,,,,,,2.2565301541880523,77.37074434,0.0,,68.75,0.732,53.812,0.573,0.562,0.006,0.125,0.001,0.5381199999999999,0.573,0.00843,0.009,0.003125,0.0025,1.1341749999999995,10.828125,0.1153388553699871,26.578125,0.2831044631808775,0.162421875,0.1730082830549806,0.930234375,0.9908656211330712,2.2565301541880523,190293,,,0.0105716637219791,Information
662708,12867.0,11642.33481,CHL,Chile,Antofagasta,3.03894019,0.0,0.7,0.42,12867.0,,,,,,,,,,,,,,,,,,,,,,,,,3.058527741925136,60.7788038,0.0,,6.688,0.057,6.688,0.057,2.25,0.019,0.0,0.0,0.06688,0.057,0.03375,0.0284999999999999,0.0,0.0,0.18613,22.078125,0.189636575198501,37.546875,0.3225029654649667,0.331171875,0.2844548627977515,1.314140625,1.1287603791273837,3.058527741925136,56756,,,0.0053663468277633,Information
662709,12868.0,7642.779406,CHL,Chile,Antofagasta,2.610838884,0.0,0.7,0.42,12868.0,,,,,,,,,,,,,,,,,,,,,,,,,2.34214916268443,52.21677768,0.0,,10.312,0.135,9.188,0.12,0.312,0.004,0.0,0.0,0.09188,0.12,0.00468,0.006,0.0,0.0,0.22256,2.671875,0.0349594677283495,27.84375,0.3643144531691159,0.040078125,0.0524392015925242,0.97453125,1.2751005860919058,2.34214916268443,212584,,,0.001282332966186,Information
662805,12873.0,37.85080442,CHL,Chile,Antofagasta,1.256862579,0.0,0.7,0.42,12873.0,12873.0,0.0,1.0,-9999.0,-9999.0,-9999.0,0.0,10.0,-999.9,-999.9,-999.9,-5979.4,0.0,0.0,0.0,0.0,0.0,0.0,0.0,0.0,0.0,0.0,0.0,-5979.4,-5979.4,25.13725158,0.0,,,,,,,,,,,,,,,,,,,,,,,,,,0,,,,
662901,12879.0,5853.209859,CHL,Chile,Tarapacá,4.00624488,0.0,0.7,0.42,12879.0,,,,,,,,,,,,,,,,,,,,,,,,,1.603495496509696,80.1248976,0.0,,10.062,0.172,9.75,0.167,2.438,0.042,0.312,0.005,0.0975,0.167,0.03657,0.063,0.0078,0.0125,0.38437,1.40625,0.0240252790144821,16.3125,0.2786932365679923,0.02109375,0.0360379185217231,0.5709375,0.9754263279879728,1.603495496509696,371713,,,0.0059132085135545,Information
662907,12885.0,94.80481481,CHL,Chile,Arica y Parinacota,4.007816258,0.0,0.7,0.42,12885.0,12885.0,0.0,1.0,-9999.0,-9999.0,-9999.0,0.0,10.0,-999.9,-999.9,-999.9,-5979.4,0.0,0.0,0.0,0.0,0.0,0.0,0.0,0.0,0.0,0.0,0.0,-5979.4,-5979.4,80.15632516,0.0,,,,,,,,,,,,,,,,,,,,,,,,,,40503,,,,
664010,12888.0,4103.949223,CHL,Chile,Atacama,0.013341381,0.0,0.7,0.42,12888.0,,,,,,,,,,,,,,,,,,,,,,,,,3.653617577033709,0.26682762,0.0,,11.125,0.271,9.938,0.242,0.688,0.017,0.0,0.0,0.09938,0.242,0.01032,0.0255,0.0,0.0,0.3772,6.890625,0.1679022966595922,27.421875,0.66818260915552,0.103359375,0.2518534449893883,0.959765625,2.33863913204432,3.653617577033709,845,,,0.0004718739709954,Information
664024,12892.0,13774.83479,CHL,Chile,Atacama,0.1206172,0.0,0.7,0.42,12892.0,,,,,,,,,,,,,,,,,,,,,,,,,6.679471082825561,2.412344,0.0,,94.25,0.684,31.062,0.226,16.312,0.118,0.125,0.001,0.31062,0.226,0.24468,0.177,0.003125,0.0025,0.963925,14.203125,0.1031092221531183,104.484375,0.7585163570273954,0.213046875,0.1546638332296774,3.656953125,2.654807249595884,6.679471082825561,1171,,,0.0036623221449169,Information
664030,12897.0,27777.70419,CHL,Chile,Antofagasta,0.812874973,0.0,0.7,0.42,12897.0,,,,,,,,,,,,,,,,,,,,,,,,,5.758541537949967,16.25749946,0.0,,35.438,0.128,16.188,0.058,1.188,0.004,0.062,0.0,0.16188,0.058,0.01782,0.006,0.00155,0.0,0.24525,25.03125,0.0901127387097622,110.25,0.3969010513958067,0.37546875,0.1351691080646433,3.85875,1.3891536798853237,5.758541537949967,68058,,,0.0037135402443136,Information
661500,16271.0,9312.477457,CHL,Chile,Aisén del General Carlos Ibáñez del Campo,2.826374581,0.0,0.7,0.42,16271.0,,,,,,,,,,,,,,,,,,,,,,,,,99.227734375,56.52749162,0.0,3.0,425.562,4.57,371.062,3.985,28.625,0.307,0.0,0.0,3.71062,3.985,0.429375,0.4605,0.0,0.0,8.585495,948.515625,10.185427340571277,1709.578125,18.357930345341,14.227734375,15.0,35.0,35.0,99.227734375,3067,826.0,26.931855233126832,0.7953961779785718,Warning
661505,16273.0,9873.499536,CHL,Chile,Aisén del General Carlos Ibáñez del Campo,1.673465688,2.363820239,0.7,0.42,16273.0,,,,,,,,,,,,,,,,,,,,,,,,,87.4671206797455,33.46931376,47.27640477999999,3.0,189.438,1.919,173.375,1.756,24.125,0.244,0.0,0.0,1.73375,1.756,0.361875,0.366,0.0,0.0,4.217625,578.53125,5.859434619830339,1079.296875,10.931249564219216,8.67796875,8.78915192974551,35.0,35.0,87.4671206797455,653,45.0,6.891271056661561,0.6936418291856521,Warning
661507,16274.0,3663.507846,CHL,Chile,Aisén del General Carlos Ibáñez del Campo,2.710081699,0.0,0.7,0.42,16274.0,,,,,,,,,,,,,,,,,,,,,,,,,46.27735300549085,54.20163398,0.0,,97.688,2.667,88.688,2.421,16.125,0.44,0.0,0.0,0.88688,2.421,0.241875,0.66,0.0,0.0,4.209755,147.65625,4.03046086439796,291.234375,7.949604238255405,2.21484375,6.0456912965969405,10.193203125,27.82361483389392,46.27735300549085,0,,,0.5041506368574805,Advisory
661900,16275.0,9824.53375,CHL,Chile,Los Lagos,2.347990955,1.796962665,0.7,0.42,16275.0,,,,,,,,,,,,,,,,,,,,,,,,,47.25906961087507,46.9598191,35.9392533,,120.938,1.231,117.688,1.198,14.25,0.145,0.0,0.0,1.17688,1.198,0.21375,0.2174999999999999,0.0,0.0,2.80613,332.859375,3.3880424605701944,526.5,5.359032941434224,4.992890625,5.082063690855292,18.4275,18.756615295019785,47.25906961087507,243573,,,0.4540619900246172,Advisory
661907,16276.0,2758.312868,CHL,Chile,Los Lagos,0.41669746,1.939221804,0.7,0.42,16276.0,,,,,,,,,,,,,,,,,,,,,,,,,58.63873656927682,8.333949200000001,38.78443608,,71.0,2.574,58.75,2.13,8.75,0.317,0.812,0.029,0.5875,2.13,0.13125,0.4755,0.0203,0.0725,3.4170500000000006,192.515625,6.979470212851216,293.765625,10.650192311648055,2.887734375,10.469205319276824,10.281796875,35.0,58.63873656927682,209600,,,0.4828483923047493,Advisory
711405,12968.0,8341.562426,CAN,Canada,Manitoba,1.337175183,0.0,0.8,0.28,12968.0,12968.0,2.0,11.0,100.0,100.0,2.0,7.0,1.0,10.0,10.0,0.2,65.35,0.0,0.0,0.0,0.0,0.0,0.0,0.0,0.0,0.0,0.0,0.0,65.35,65.35,26.74350366,0.0,,,,,,,,,,,,,,,,,0.0,0.0,2.25,0.0269733640417877,0.0,0.0,0.07875,0.0944067741462569,0.1731567741462569,345,,,0.4545358641541625,Watch
711819,12984.0,20371.3492,CAN,Canada,Manitoba,3.403098834,0.0,0.8,0.28,12984.0,12984.0,2.0,1.0,100.0,100.0,-9999.0,7.0,10.0,10.0,10.0,-999.9,-1270.111111111111,0.0,0.0,0.0,0.0,0.0,0.0,0.0,0.0,0.0,0.0,0.0,-1270.111111111111,100.0,68.06197668,0.0,3.0,3044.5,14.945,2331.875,11.447,0.0,0.0,0.0,0.0,10.0,10.0,0.0,0.0,0.0,0.0,20.0,3923.15625,19.25820529722729,5936.484375,29.141341193721782,15.0,15.0,35.0,35.0,100.0,3071,1516.0,49.36502767828069,0.8731426181697636,Warning
711822,12986.0,3703.43378,CAN,Canada,Saskatchewan,3.113014395,0.0,0.8,0.28,12986.0,12986.0,3.0,1.0,100.0,100.0,100.0,10.0,10.0,10.0,10.0,10.0,-1251.2,0.0,0.0,0.0,0.0,0.0,0.0,0.0,0.0,0.0,0.0,0.0,-1251.2,36.08298932326149,62.2602879,0.0,,589.75,15.924,537.562,14.515,0.0,0.0,0.0,0.0,5.3756200000000005,10.0,0.0,0.0,0.0,0.0,15.37562,189.421875,5.114763385472379,197.4375,5.3312010343008325,2.841328125,7.672145078208569,6.9103125,18.65920362005292,36.08298932326149,20,,,0.4820969490233929,Advisory
711823,12987.0,8341.063483,CAN,Canada,Saskatchewan,4.012408699,0.0,0.8,0.28,12987.0,12987.0,1.0,6.0,100.0,29.0,-9999.0,3.0,5.0,10.0,2.9,-999.9,-2360.92,0.0,0.0,0.0,0.0,0.0,0.0,0.0,0.0,0.0,0.0,0.0,-2360.92,98.421953125,80.24817397999999,0.0,3.0,573.312,6.873,438.312,5.255,0.0,0.0,0.0,0.0,4.38312,5.255,0.0,0.0,0.0,0.0,9.63812,894.796875,10.72761137481485,1274.0625,15.274581024017376,13.421953125,15.0,35.0,35.0,98.421953125,675,0.0,0.0,0.9458650154548134,Warning
711827,12991.0,27524.09107,CAN,Canada,Saskatchewan,3.564906475,0.0,0.8,0.28,12991.0,12991.0,2.0,6.0,98.0,66.0,-9999.0,7.0,5.0,9.8,6.6,-999.9,-561.5846153846154,0.0,0.0,0.0,0.0,0.0,0.0,0.0,0.0,0.0,0.0,0.0,-561.5846153846154,27.25634979086154,71.2981295,0.0,,282.75,1.027,194.5,0.707,0.0,0.0,0.0,0.0,1.945,0.707,0.0,0.0,0.0,0.0,2.652,103.359375,0.3755232997491195,526.921875,1.9144024546393887,1.550390625,0.5632849496236793,18.442265625,6.700408591237861,27.25634979086154,1371,,,0.4793935176876263,Advisory
711829,12993.0,4897.152245,CAN,Canada,Saskatchewan,0.303188751,0.0,0.8,0.28,12993.0,12993.0,1.0,5.0,100.0,3.0,-9999.0,3.0,6.0,10.0,0.3,-999.9,-1960.2,0.0,0.0,0.0,0.0,0.0,0.0,0.0,0.0,0.0,0.0,0.0,-1960.2,15.22261122815367,6.06377502,0.0,,132.688,2.709,119.438,2.439,0.0,0.0,0.0,0.0,1.19438,2.439,0.0,0.0,0.0,0.0,3.63338,7.453125,0.1521930425648853,139.78125,2.854337439801812,0.111796875,0.2282895638473279,4.89234375,9.990181039306345,15.22261122815367,0,,,0.0343921295869292,Information
711840,12995.0,15444.88802,CAN,Canada,Saskatchewan,3.389079314,0.0,0.8,0.28,12995.0,12995.0,0.0,6.0,-9999.0,-9999.0,-9999.0,0.0,5.0,-999.9,-999.9,-999.9,-3960.1,0.0,0.0,0.0,0.0,0.0,0.0,0.0,0.0,0.0,0.0,0.0,-3960.1,67.72996047879899,67.78158628,0.0,3.0,470.938,3.049,456.875,2.958,1.688,0.011,0.0,0.0,4.56875,2.958,0.02532,0.0165,0.0,0.0,7.568569999999999,321.1875,2.0795715678358846,1094.0625,7.083654464870046,4.8178125,3.119357351753827,35.0,24.79279062704516,67.72996047879899,4659,21.0,0.4507405022537025,0.7712562797282259,Watch
711851,12996.0,8874.729129,CAN,Canada,Saskatchewan,3.452626486,0.0,0.8,0.28,12996.0,12996.0,2.0,1.0,100.0,100.0,2.0,7.0,10.0,10.0,10.0,0.2,-1944.1,0.0,0.0,0.0,0.0,0.0,0.0,0.0,0.0,0.0,0.0,0.0,-1944.1,34.024897677695755,69.05252972000001,0.0,,249.625,2.813,228.188,2.571,0.0,0.0,0.0,0.0,2.28188,2.571,0.0,0.0,0.0,0.0,4.85288,79.875,0.9000274694265539,422.859375,4.764758099587407,1.198125,1.3500412041398309,14.800078125,16.676653348555924,34.024897677695755,1246,,,0.537763665387549,Advisory
711860,13005.0,26983.7217,CAN,Canada,Saskatchewan,3.026215356,0.0,0.8,0.28,13005.0,,,,,,,,,,,,,,,,,,,,,,,,,79.00287387729941,60.52430712,0.0,3.0,1313.688,4.868,1075.188,3.985,4.625,0.017,0.062,0.0,10.0,3.985,0.069375,0.0255,0.00155,0.0,14.081425,437.90625,1.6228534181996106,2756.671875,10.21605509215381,6.56859375,2.434280127299416,35.0,35.0,79.00287387729941,6587,59.0,0.8957036587217246,0.7560959019703832,Watch
711870,13006.0,5503.246489,CAN,Canada,Saskatchewan,2.535554128,0.0,0.8,0.28,13006.0,13006.0,0.0,15.0,15.0,-9999.0,-9999.0,0.0,1.0,1.5,-999.9,-999.9,-3994.6,0.0,0.0,0.0,0.0,0.0,0.0,0.0,0.0,0.0,0.0,0.0,-3994.6,72.56481441865012,50.71108256,0.0,3.0,103.438,1.88,88.875,1.615,4.375,0.079,0.438,0.008,0.88875,1.615,0.065625,0.1185,0.01095,0.02,2.718825,303.328125,5.511803362433413,707.0625,12.84809796305758,4.549921875,8.26770504365012,24.7471875,35.0,72.56481441865012,458,0.0,0.0,0.650540789696039,Watch
711880,13007.0,11216.70691,CAN,Canada,Saskatchewan,0.024111552,0.0,0.8,0.28,13007.0,13007.0,1.0,10.0,100.0,11.0,2.0,3.0,1.0,10.0,1.1,0.2,30.6,0.0,0.0,0.0,0.0,0.0,0.0,0.0,0.0,0.0,0.0,0.0,30.6,30.6,0.48223104,0.0,,204.5,1.823,190.812,1.701,0.062,0.001,0.0,0.0,1.90812,1.701,0.0009299999999999,0.0015,0.0,0.0,3.61155,99.140625,0.8838656997147634,353.53125,3.151827473876475,1.487109375,1.325798549572145,12.37359375,11.031396158567665,26.21789783313981,8798,,,0.1191321641432639,Information
711892,13009.0,6745.785964,CAN,Canada,Saskatchewan,0.669703433,0.0,0.8,0.28,13009.0,,,,,,,,,,,,,,,,,,,,,,,,,33.807473594587435,13.39406866,0.0,,6.812,0.101,6.812,0.101,0.25,0.004,0.0,0.0,0.06812,0.101,0.00375,0.006,0.0,0.0,0.17887,0.984375,0.0145924434185669,388.6875,5.761930515559881,0.014765625,0.0218886651278503,13.6040625,20.16675680445958,33.807473594587435,3697,,,0.173432791613676,Information
711893,13010.0,1519.048775,CAN,Canada,Saskatchewan,4.028638087,0.0,0.8,0.28,13010.0,,,,,,,,,,,,,,,,,,,,,,,,,5.481135681088278,80.57276174,0.0,,5.875,0.387,5.875,0.387,0.0,0.0,0.0,0.0,0.05875,0.387,0.0,0.0,0.0,0.0,0.44575,2.25,0.1481190095280397,19.6875,1.296041333370348,0.03375,0.2221785142920595,0.6890625,4.536144666796218,5.481135681088278,298,,,0.1028704737570866,Information
711894,13011.0,4502.919894,CAN,Canada,Saskatchewan,0.133173161,0.0,0.8,0.28,13011.0,,,,,,,,,,,,,,,,,,,,,,,,,29.718500723616792,2.66346322,0.0,,44.5,0.988,44.25,0.983,0.0,0.0,0.0,0.0,0.4425,0.983,0.0,0.0,0.0,0.0,1.4255,106.875,2.373459944364667,217.828125,4.837486123448512,1.603125,3.5601899165470003,7.623984375,16.93120143206979,29.718500723616792,8311,,,0.1177312674708143,Information
711895,13012.0,579.6567178,CAN,Canada,Saskatchewan,0.734470618,0.0,0.8,0.28,13012.0,13012.0,0.0,2.0,19.0,5.0,-9999.0,0.0,9.0,1.9,0.5,-999.9,-1977.0,0.0,0.0,0.0,0.0,0.0,0.0,0.0,0.0,0.0,0.0,0.0,-1977.0,43.20921327395171,14.68941236,0.0,,11.375,1.962,11.375,1.962,0.0,0.0,0.0,0.0,0.11375,1.962,0.0,0.0,0.0,0.0,2.07575,47.25,8.151376245944626,47.390625,8.17563629429565,0.70875,12.227064368916938,1.658671875,28.61472703003477,43.20921327395171,298,,,0.2481747265898898,Advisory
711896,13013.0,2637.020336,CAN,Canada,Saskatchewan,0.218011981,0.0,0.8,0.28,13013.0,13013.0,2.0,1.0,100.0,100.0,5.0,7.0,10.0,10.0,10.0,0.5,61.2,0.0,0.0,0.0,0.0,0.0,0.0,0.0,0.0,0.0,0.0,0.0,61.2,61.2,4.36023962,0.0,,,,,,,,,,,,,,,,,19.828125,0.7519139966875017,20.109375,0.7625794434490265,0.297421875,1.1278709950312529,0.703828125,2.6690280520715928,4.798149047102845,2263,,,0.327639199429927,Watch
711897,13014.0,6152.868945,CAN,Canada,Alberta,0.203219633,0.0,0.8,0.28,13014.0,13014.0,0.0,1.0,13.0,2.0,-9999.0,0.0,10.0,1.3,0.2,-999.9,-1976.8,0.0,0.0,0.0,0.0,0.0,0.0,0.0,0.0,0.0,0.0,0.0,-1976.8,4.444890095619226,4.06439266,0.0,,177.375,2.883,162.688,2.644,0.0,0.0,0.0,0.0,1.62688,2.644,0.0,0.0,0.0,0.0,4.27088,33.46875,0.5439535654131028,34.03125,0.5530956421427349,0.50203125,0.8159303481196543,1.19109375,1.935834747499572,4.444890095619226,16046,,,0.0010634262320209,Information
711898,13015.0,6204.366621,CAN,Canada,Alberta,1.334034295,0.0,0.8,0.28,13015.0,,,,,,,,,,,,,,,,,,,,,,,,,15.528593517874718,26.6806859,0.0,,60.125,0.969,55.562,0.896,0.0,0.0,0.0,0.0,0.55562,0.896,0.0,0.0,0.0,0.0,1.45162,116.15625,1.8721693462073123,120.09375,1.935632713875357,1.74234375,2.8082540193109686,4.20328125,6.77471449856375,15.528593517874718,12738,,,0.0603142447316621,Information
711900,13017.0,17835.70899,CAN,Canada,Manitoba,2.903017629,0.0,0.8,0.28,13017.0,13017.0,1.0,9.0,74.0,13.0,-9999.0,3.0,2.0,7.4,1.3,-999.9,-1518.4222222222222,0.0,0.0,0.0,0.0,0.0,0.0,0.0,0.0,0.0,0.0,0.0,-1518.4222222222222,0.1656995758912707,58.06035258,0.0,,,,,,,,,,,,,,,,,0.84375,0.0047306782165248,2.671875,0.0149804810189953,0.01265625,0.0070960173247872,0.093515625,0.0524316835664835,0.1656995758912707,217,,,1.5667372639146945e-08,Information
712110,13019.0,19280.97207,CAN,Canada,Manitoba,2.057960896,0.0,0.8,0.28,13019.0,13019.0,2.0,5.0,100.0,100.0,-9999.0,7.0,6.0,10.0,10.0,-999.9,-1796.0461538461536,0.0,0.0,0.0,0.0,0.0,0.0,0.0,0.0,0.0,0.0,0.0,-1796.0461538461536,14.904324537381676,41.15921792,0.0,,,,,,,,,,,,,,,,,24.609375,0.1276355513385575,269.859375,1.3996149886782394,0.369140625,0.1914533270078362,9.445078125,4.898652460373838,14.904324537381676,2436,,,0.0848476105566551,Information
712120,13020.0,20313.39789,CAN,Canada,Manitoba,2.473063174,0.0,0.8,0.28,13020.0,13020.0,1.0,1.0,100.0,2.0,-9999.0,3.0,10.0,10.0,0.2,-999.9,-2439.3333333333326,0.0,0.0,0.0,0.0,0.0,0.0,0.0,0.0,0.0,0.0,0.0,-2439.3333333333326,100.0,49.46126348,0.0,3.0,2418.438,11.906,1788.125,8.803,0.812,0.004,0.0,0.0,10.0,8.803,0.01218,0.006,0.0,0.0,18.82118,5000.625,24.61737335469542,6185.8125,30.451884677343703,15.0,15.0,35.0,35.0,100.0,12458,452.0,3.6281907208219617,0.7525164808254874,Warning
712140,13022.0,16122.90515,CAN,Canada,Manitoba,0.957883978,0.0,0.8,0.28,13022.0,13022.0,2.0,7.0,100.0,100.0,2.0,7.0,4.0,10.0,10.0,0.2,-1714.0666666666666,0.0,0.0,0.0,0.0,0.0,0.0,0.0,0.0,0.0,0.0,0.0,-1714.0666666666666,94.95361868504168,19.15767956,0.0,3.0,364.562,2.261,347.812,2.157,0.0,0.0,0.0,0.0,3.47812,2.157,0.0,0.0,0.0,0.0,5.635120000000001,1069.875,6.63574579002779,3802.21875,23.58271486208877,15.0,9.953618685041684,35.0,35.0,94.95361868504168,3678,1.0,0.02718868950516585,0.5639091741162369,Warning
712170,13025.0,25965.20089,CAN,Canada,Manitoba,3.09183102,0.0,0.8,0.28,13025.0,13025.0,1.0,1.0,100.0,-9999.0,-9999.0,3.0,10.0,10.0,-999.9,-999.9,-1571.890909090909,0.0,0.0,0.0,0.0,0.0,0.0,0.0,0.0,0.0,0.0,0.0,-1571.890909090909,72.29066015023061,61.8366204,0.0,3.0,151.5,0.583,135.125,0.52,0.0,0.0,0.0,0.0,1.35125,0.52,0.0,0.0,0.0,0.0,1.87125,110.25,0.4246067668204062,4657.078125,17.935844766315554,1.65375,0.6369101502306094,35.0,35.0,72.29066015023061,6242,71.0,1.137455943607818,0.7385295046103302,Watch
712180,13026.0,9227.088303,CAN,Canada,Manitoba,3.66205587,0.0,0.8,0.28,13026.0,,,,,,,,,,,,,,,,,,,,,,,,,70.43954428587303,73.24111740000001,0.0,3.0,429.562,4.655,380.375,4.122,0.0,0.0,0.0,0.0,3.80375,4.122,0.0,0.0,0.0,0.0,7.92575,14.0625,0.1524045239153501,2030.765625,22.008737298615703,0.2109375,0.2286067858730251,35.0,35.0,70.43954428587303,774,27.0,3.488372093023256,0.8334499299087552,Warning
712200,13028.0,9394.010878,CAN,Canada,Saskatchewan,0.026928772,0.0,0.8,0.28,13028.0,13028.0,1.0,2.0,100.0,3.0,-9999.0,3.0,9.0,10.0,0.3,-999.9,-754.4,0.0,0.0,0.0,0.0,0.0,0.0,0.0,0.0,0.0,0.0,0.0,-754.4,20.241210902445943,0.53857544,0.0,,,,,,,,,,,,,,,,,0.0,0.0,280.125,2.981953114984556,0.0,0.0,9.804375,10.436835902445946,20.241210902445943,8500,,,0.0556868243538278,Information
712210,13029.0,10828.118,CAN,Canada,Manitoba,0.106738463,0.0,0.8,0.28,13029.0,13029.0,1.0,1.0,100.0,5.0,-9999.0,3.0,10.0,10.0,0.5,-999.9,-1452.45,0.0,0.0,0.0,0.0,0.0,0.0,0.0,0.0,0.0,0.0,0.0,-1452.45,58.63119006181279,2.13476926,0.0,,,,,,,,,,,,,,,,,0.0,0.0,870.890625,8.042862339089368,0.0,0.0,30.481171875,28.150018186812787,58.63119006181279,0,,,0.3042119511367531,Advisory
712221,13030.0,8551.563262,CAN,Canada,Manitoba,2.009627038,0.0,0.8,0.28,13030.0,13030.0,1.0,7.0,37.0,-9999.0,-9999.0,3.0,4.0,3.7,-999.9,-999.9,-4987.8,0.0,0.0,0.0,0.0,0.0,0.0,0.0,0.0,0.0,0.0,0.0,-4987.8,37.06126102335097,40.19254076,0.0,,,,,,,,,,,,,,,,,0.0,0.0,488.109375,5.707837970957421,0.0,0.0,17.083828125,19.977432898350973,37.06126102335097,2446,,,0.3161265009007655,Advisory
712223,13032.0,6313.737614,CAN,Canada,Manitoba,3.080355488,0.0,0.8,0.28,13032.0,13032.0,1.0,15.0,100.0,7.0,-9999.0,3.0,1.0,10.0,0.7,-999.9,-1970.4,0.0,0.0,0.0,0.0,0.0,0.0,0.0,0.0,0.0,0.0,0.0,-1970.4,62.31640625,61.60710976,0.0,3.0,,,,,,,,,,,,,,,,0.0,0.0,780.46875,12.36143783177604,0.0,0.0,27.31640625,35.0,62.31640625,1126,18.0,1.5985790408525755,0.6859321177880247,Watch
712224,13033.0,9999.222686,CAN,Canada,Manitoba,0.907343503,0.0,0.8,0.28,13033.0,13033.0,2.0,6.0,100.0,72.0,-9999.0,7.0,5.0,10.0,7.2,-999.9,-1941.4,0.0,0.0,0.0,0.0,0.0,0.0,0.0,0.0,0.0,0.0,0.0,-1941.4,32.662832012648025,18.14687006,0.0,,,,,,,,,,,,,,,,,0.0,0.0,466.59375,4.666300217899436,0.0,0.0,16.33078125,16.332050762648027,32.662832012648025,13793,,,0.1791291986246759,Information
712229,13038.0,15291.49434,CAN,Canada,Saskatchewan,1.509983688,0.0,0.8,0.28,13038.0,13038.0,1.0,2.0,100.0,3.0,-9999.0,3.0,9.0,10.0,0.3,-999.9,-1197.8,0.0,0.0,0.0,0.0,0.0,0.0,0.0,0.0,0.0,0.0,0.0,-1197.8,70.0,30.19967376,0.0,3.0,,,,,,,,,,,,,,,,0.0,0.0,1853.015625,12.117949912222432,0.0,0.0,35.0,35.0,70.0,6182,33.0,0.5338078291814947,0.5011396003589703,Watch
712234,13042.0,19461.31584,CAN,Canada,Ontario,2.268553612,0.0,0.8,0.28,13042.0,13042.0,1.0,1.0,100.0,3.0,-9999.0,3.0,10.0,10.0,0.3,-999.9,-3555.12,0.0,0.0,0.0,0.0,0.0,0.0,0.0,0.0,0.0,0.0,0.0,-3555.12,79.75220375002888,45.37107224,0.0,3.0,908.438,4.668,791.125,4.065,1.375,0.007,0.0,0.0,7.91125,4.065,0.020625,0.0105,0.0,0.0,12.007375,429.46875,2.206781666685919,10654.171875,54.745382911959815,6.44203125,3.3101725000288784,35.0,35.0,79.75220375002888,1389,184.0,13.246940244780417,0.647418715017053,Watch
712241,13048.0,15382.12181,CAN,Canada,Manitoba,3.125145574,0.0,0.8,0.28,13048.0,13048.0,0.0,13.0,9.0,-9999.0,-9999.0,0.0,1.0,0.9,-999.9,-999.9,-4661.0,0.0,0.0,0.0,0.0,0.0,0.0,0.0,0.0,0.0,0.0,0.0,-4661.0,42.33796528619672,62.50291148,0.0,,,,,,,,,,,,,,,,,0.0,0.0,733.078125,4.76578026034192,0.0,0.0,25.657734375,16.68023091119672,42.33796528619672,11055,,,0.5483211751644023,Advisory
712242,13049.0,52031.18288,CAN,Canada,Ontario,2.242561943,0.0,0.8,0.28,13049.0,13049.0,1.0,2.0,100.0,-9999.0,-9999.0,3.0,9.0,10.0,-999.9,-999.9,-3954.6,0.0,0.0,0.0,0.0,0.0,0.0,0.0,0.0,0.0,0.0,0.0,-3954.6,79.04315221844232,44.85123886,0.0,3.0,606.25,1.165,535.125,1.028,6.875,0.013,3.062,0.006,5.35125,1.028,0.103125,0.0195,0.0765499999999999,0.015,6.593425000000001,505.6875,0.9718931456282124,13468.21875,25.88489825622815,7.5853125,1.4578397184423186,35.0,35.0,79.04315221844232,18594,734.0,3.9475099494460575,0.6405613465508527,Watch
712243,13050.0,23719.91225,CAN,Canada,Ontario,2.753232883,0.0,0.8,0.28,13050.0,13050.0,1.0,1.0,100.0,-9999.0,-9999.0,3.0,10.0,10.0,-999.9,-999.9,-3967.933333333333,0.0,0.0,0.0,0.0,0.0,0.0,0.0,0.0,0.0,0.0,0.0,-3967.933333333333,70.00599731897432,55.06465766,0.0,3.0,,,,,,,,,,,,,,,,0.28125,0.0011857126495511,2596.640625,10.94709203698055,0.00421875,0.0017785689743266,35.0,35.0,70.00599731897432,24755,1596.0,6.447182387396485,0.6712459784404776,Watch
712247,13054.0,5195.984877,CAN,Canada,Ontario,0.635448989,0.0,0.8,0.28,13054.0,13054.0,2.0,1.0,100.0,100.0,-9999.0,7.0,10.0,10.0,10.0,-999.9,-1925.8,0.0,0.0,0.0,0.0,0.0,0.0,0.0,0.0,0.0,0.0,0.0,-1925.8,66.47266737234926,12.70897978,0.0,3.0,4.375,0.084,4.312,0.083,0.0,0.0,0.062,0.001,0.04312,0.083,0.0,0.0,0.00155,0.0025,0.13017,18.5625,0.3572469982328392,875.953125,16.858269333275423,0.2784375,0.5358704973492587,30.658359375,35.0,66.47266737234926,16988,422.0,2.4841064280668705,0.3926354210498587,Watch
712248,13055.0,12937.70994,CAN,Canada,Ontario,0.038401388,0.0,0.8,0.28,13055.0,,,,,,,,,,,,,,,,,,,,,,,,,96.39913049387204,0.7680277600000001,0.0,3.0,19.375,0.15,18.75,0.145,0.312,0.002,0.062,0.0,0.1875,0.145,0.00468,0.003,0.00155,0.0,0.34173,992.671875,7.672701579248031,2232.140625,17.252980899193087,14.890078125,11.509052368872046,35.0,35.0,96.39913049387204,3000,44.0,1.4666666666666666,0.4884470175172846,Warning
712249,13056.0,20193.77911,CAN,Canada,Ontario,2.033123375,0.0,0.8,0.28,13056.0,13056.0,0.0,9.0,-9999.0,-9999.0,-9999.0,0.0,2.0,-999.9,-999.9,-999.9,-5995.4,0.0,0.0,0.0,0.0,0.0,0.0,0.0,0.0,0.0,0.0,0.0,-5995.4,91.03048351864696,40.662467500000005,0.0,3.0,117.688,0.583,79.25,0.392,1.0,0.005,2.312,0.011,0.7925,0.392,0.015,0.0075,0.0577999999999999,0.0274999999999999,1.2923,937.6875,4.643447345764638,2197.125,10.880207158102383,14.0653125,6.9651710186469575,35.0,35.0,91.03048351864696,11268,490.0,4.348597799077032,0.665657112930115,Warning
712250,13057.0,12814.99226,CAN,Canada,Manitoba,1.437098329,0.0,0.8,0.28,13057.0,13057.0,0.0,10.0,-9999.0,-9999.0,-9999.0,0.0,1.0,-999.9,-999.9,-999.9,-5997.4,0.0,0.0,0.0,0.0,0.0,0.0,0.0,0.0,0.0,0.0,0.0,-5997.4,10.515109590970408,28.74196658,0.0,,,,,,,,,,,,,,,,,0.0,0.0,168.75,1.3168170259915448,0.0,0.0,5.90625,4.608859590970407,10.515109590970408,381730,,,0.0278423992737847,Information
712261,13059.0,12578.17741,CAN,Canada,Manitoba,2.174663056,0.0,0.8,0.28,13059.0,13059.0,0.0,15.0,-9999.0,-9999.0,-9999.0,0.0,1.0,-999.9,-999.9,-999.9,-5997.4,0.0,0.0,0.0,0.0,0.0,0.0,0.0,0.0,0.0,0.0,0.0,-5997.4,1.7934851410373729,43.49326112,0.0,,,,,,,,,,,,,,,,,0.0,0.0,28.546875,0.2269555760106779,0.0,0.0,0.999140625,0.7943445160373727,1.7934851410373729,327771,,,0.0002800865531629,Information
712270,13068.0,5732.17731,CAN,Canada,Manitoba,4.006025578,0.0,0.8,0.28,13068.0,13068.0,0.0,7.0,5.0,-9999.0,-9999.0,0.0,4.0,0.5,-999.9,-999.9,-3982.6,0.0,0.0,0.0,0.0,0.0,0.0,0.0,0.0,0.0,0.0,0.0,-3982.6,3.1069025575570044,80.12051156,0.0,,,,,,,,,,,,,,,,,0.0,0.0,32.34375,0.564248945016287,0.0,0.0,1.13203125,1.9748713075570044,3.1069025575570044,268885,,,0.0317223463507186,Information
712281,13070.0,2568.457881,CAN,Canada,Manitoba,1.113187822,0.0,0.8,0.28,13070.0,13070.0,0.0,4.0,7.0,3.0,-9999.0,0.0,7.0,0.7,0.3,-999.9,-1983.8,0.0,0.0,0.0,0.0,0.0,0.0,0.0,0.0,0.0,0.0,0.0,-1983.8,2.4566330902629505,22.26375644,0.0,,,,,,,,,,,,,,,,,0.0,0.0,14.34375,0.5584576686465573,0.0,0.0,0.50203125,1.9546018402629504,2.4566330902629505,59097,,,0.0002756265908959,Information
712283,13072.0,9437.783278,CAN,Canada,Manitoba,0.81853415,0.0,0.8,0.28,13072.0,13072.0,0.0,4.0,15.0,5.0,-9999.0,0.0,7.0,1.5,0.5,-999.9,-1976.4,0.0,0.0,0.0,0.0,0.0,0.0,0.0,0.0,0.0,0.0,0.0,-1976.4,25.007856269951304,16.370683,0.0,,,,,,,,,,,,,,,,,0.0,0.0,346.921875,3.6758830414146577,0.0,0.0,12.142265625,12.865590644951302,25.007856269951304,13157,,,0.1136767732208934,Information
712284,13073.0,20891.14791,CAN,Canada,Saskatchewan,0.546790786,0.0,0.8,0.28,13073.0,13073.0,1.0,3.0,100.0,5.0,3.0,3.0,8.0,10.0,0.5,0.3,-947.0,0.0,0.0,0.0,0.0,0.0,0.0,0.0,0.0,0.0,0.0,0.0,-947.0,36.600242125538514,10.93581572,0.0,,,,,,,,,,,,,,,,,0.0,0.0,707.203125,3.385180785868146,0.0,0.0,24.752109375,11.848132750538513,36.600242125538514,36176,,,0.1869202841166178,Advisory
712285,13074.0,17525.77513,CAN,Canada,Saskatchewan,1.313943282,0.0,0.8,0.28,13074.0,13074.0,0.0,2.0,5.0,2.0,-9999.0,0.0,9.0,0.5,0.2,-999.9,-1982.4666666666665,0.0,0.0,0.0,0.0,0.0,0.0,0.0,0.0,0.0,0.0,0.0,-1982.4666666666665,4.785017730611621,26.278865640000003,0.0,,,,,,,,,,,,,,,,,0.0,0.0,87.046875,0.4966791730318916,0.0,0.0,3.046640625,1.7383771056116206,4.785017730611621,26321,,,0.003120911404825,Information
712286,13075.0,11090.28345,CAN,Canada,Saskatchewan,0.431557211,0.0,0.8,0.28,13075.0,13075.0,1.0,2.0,100.0,17.0,2.0,3.0,9.0,10.0,1.7,0.2,-952.8,0.0,0.0,0.0,0.0,0.0,0.0,0.0,0.0,0.0,0.0,0.0,-952.8,7.066710531367189,8.63114422,0.0,,,,,,,,,,,,,,,,,0.0,0.0,106.171875,0.9573414018191968,0.0,0.0,3.716015625,3.3506949063671887,7.066710531367189,14617,,,0.0052409984327526,Information
712291,13079.0,2215.352754,CAN,Canada,Manitoba,2.330445712,0.0,0.8,0.28,13079.0,13079.0,0.0,13.0,-9999.0,-9999.0,-9999.0,0.0,1.0,-999.9,-999.9,-999.9,-5997.4,0.0,0.0,0.0,0.0,0.0,0.0,0.0,0.0,0.0,0.0,0.0,-5997.4,1.3840885612871898,46.60891424,0.0,,,,,,,,,,,,,,,,,0.0,0.0,7.171875,0.3237351246534828,0.0,0.0,0.251015625,1.13307293628719,1.3840885612871898,4204,,,0.0001297982365921,Information
712292,13080.0,5509.050879,CAN,Canada,Saskatchewan,0.04211349,0.0,0.8,0.28,13080.0,13080.0,0.0,12.0,-9999.0,-9999.0,-9999.0,0.0,1.0,-999.9,-999.9,-999.9,-5997.4,0.0,0.0,0.0,0.0,0.0,0.0,0.0,0.0,0.0,0.0,0.0,-5997.4,7.080434626797928,0.8422698000000001,0.0,,,,,,,,,,,,,,,,,0.0,0.0,71.859375,1.3043875719422648,0.0,0.0,2.515078125,4.565356501797927,7.080434626797928,6140,,,0.0041529337174899,Information
712293,13081.0,13108.01348,CAN,Canada,Manitoba,0.518573366,0.0,0.8,0.28,13081.0,13081.0,0.0,11.0,2.0,-9999.0,-9999.0,0.0,1.0,0.2,-999.9,-999.9,-3997.2,0.0,0.0,0.0,0.0,0.0,0.0,0.0,0.0,0.0,0.0,0.0,-3997.2,5.041182791383433,10.37146732,0.0,,,,,,,,,,,,,,,,,0.0,0.0,81.703125,0.6233066903952664,0.0,0.0,2.859609375,2.1815734163834324,5.041182791383433,12136,,,0.0020008165151902,Information
712301,13089.0,7318.262954,CAN,Canada,Manitoba,1.36008046,0.0,0.8,0.28,13089.0,13089.0,0.0,15.0,-9999.0,-9999.0,-9999.0,0.0,1.0,-999.9,-999.9,-999.9,-5997.4,0.0,0.0,0.0,0.0,0.0,0.0,0.0,0.0,0.0,0.0,0.0,-5997.4,39.39131711544287,27.2016092,0.0,,,,,,,,,,,,,,,,,0.0,0.0,475.59375,6.498724532983677,0.0,0.0,16.64578125,22.745535865442868,39.39131711544287,1091,,,0.2695586217542743,Advisory
712303,13091.0,5649.40549,CAN,Canada,Manitoba,1.665527512,0.0,0.8,0.28,13091.0,13091.0,0.0,1.0,-9999.0,-9999.0,-9999.0,0.0,10.0,-999.9,-999.9,-999.9,-3952.6,0.0,0.0,0.0,0.0,0.0,0.0,0.0,0.0,0.0,0.0,0.0,-3952.6,53.44557364692321,33.31055024,0.0,,,,,,,,,,,,,,,,,0.0,0.0,551.25,9.757663899120915,0.0,0.0,19.29375,34.151823646923205,53.44557364692321,3791,,,0.4123971355251811,Advisory
712304,13092.0,13545.83998,CAN,Canada,Saskatchewan,0.97141249,0.0,0.8,0.28,13092.0,13092.0,3.0,2.0,100.0,100.0,100.0,10.0,9.0,10.0,10.0,10.0,96.28888888888888,0.0,0.0,0.0,0.0,0.0,0.0,0.0,0.0,0.0,0.0,0.0,96.28888888888888,96.28888888888888,19.4282498,0.0,,,,,,,,,,,,,,,,,0.0,0.0,979.3125,7.2296181092091825,0.0,0.0,34.2759375,25.303663382232138,59.579600882232135,17199,,,0.5707189446957959,Warning
712305,13093.0,3990.237429,CAN,Canada,Saskatchewan,0.358335907,0.0,0.8,0.28,13093.0,13093.0,1.0,1.0,100.0,-9999.0,-9999.0,3.0,10.0,10.0,-999.9,-999.9,-3953.6,0.0,0.0,0.0,0.0,0.0,0.0,0.0,0.0,0.0,0.0,0.0,-3953.6,55.312913578722345,7.16671814,0.0,,,,,,,,,,,,,,,,,3.65625,0.0916298858148939,574.875,14.407037431203324,0.05484375,0.1374448287223408,20.120625,35.0,55.312913578722345,1631,,,0.3022993221275958,Advisory
712306,13094.0,19815.41906,CAN,Canada,Saskatchewan,0.651557822,0.0,0.8,0.28,13094.0,13094.0,1.0,1.0,100.0,-9999.0,-9999.0,3.0,10.0,10.0,-999.9,-999.9,-3143.84,0.0,0.0,0.0,0.0,0.0,0.0,0.0,0.0,0.0,0.0,0.0,-3143.84,92.89974303620258,13.03115644,0.0,3.0,1213.75,6.125,1125.5,5.68,0.0,0.0,0.0,0.0,10.0,5.68,0.0,0.0,0.0,0.0,15.68,1043.578125,5.266495357468381,2119.21875,10.694796528371985,15.0,7.899743036202572,35.0,35.0,92.89974303620258,9841,51.0,0.5182400162585103,0.526299521320999,Warning
712309,13097.0,3531.159757,CAN,Canada,Saskatchewan,0.28504984,0.0,0.8,0.28,13097.0,13097.0,0.0,15.0,-9999.0,-9999.0,-9999.0,0.0,1.0,-999.9,-999.9,-999.9,-5997.4,0.0,0.0,0.0,0.0,0.0,0.0,0.0,0.0,0.0,0.0,0.0,-5997.4,26.913625700171583,5.7009968,0.0,,,,,,,,,,,,,,,,,0.0,0.0,200.671875,5.682888592906168,0.0,0.0,7.023515625,19.890110075171588,26.913625700171583,5565,,,0.1049504599357472,Information
712400,13098.0,18878.69397,CAN,Canada,Alberta,0.425961657,0.0,0.8,0.28,13098.0,,,,,,,,,,,,,,,,,,,,,,,,,2.133928234270813,8.51923314,0.0,,23.812,0.126,20.938,0.111,0.0,0.0,0.0,0.0,0.2093799999999999,0.111,0.0,0.0,0.0,0.0,0.32038,19.828125,0.1050291139437344,31.359375,0.166109875244346,0.297421875,0.1575436709156016,1.097578125,0.581384563355211,2.133928234270813,12689,,,8.558226467341861e-05,Information
712410,13099.0,23306.88485,CAN,Canada,Saskatchewan,1.517528001,0.0,0.8,0.28,13099.0,13099.0,0.0,5.0,-9999.0,-9999.0,-9999.0,0.0,6.0,-999.9,-999.9,-999.9,-3983.3,0.0,0.0,0.0,0.0,0.0,0.0,0.0,0.0,0.0,0.0,0.0,-3983.3,29.18962136817394,30.350560020000003,0.0,,,,,,,,,,,,,,,,,0.0,0.0,583.59375,2.5039543194782685,0.0,0.0,20.42578125,8.76384011817394,29.18962136817394,60468,,,0.1922427236649299,Information
712440,13102.0,29503.65619,CAN,Canada,Alberta,0.422592516,0.0,0.8,0.28,13102.0,13102.0,0.0,1.0,-9999.0,-9999.0,-9999.0,0.0,10.0,-999.9,-999.9,-999.9,-5988.4,0.0,0.0,0.0,0.0,0.0,0.0,0.0,0.0,0.0,0.0,0.0,-5988.4,2.32425,8.45185032,0.0,,194.5,0.659,173.625,0.588,0.0,0.0,0.0,0.0,1.73625,0.588,0.0,0.0,0.0,0.0,2.32425,6.046875,0.0204953411921772,22.921875,0.0776916421936022,0.090703125,0.0307430117882658,0.802265625,0.2719207476776076,1.1956325094658733,117999,,,0.0001196404898209,Information
712450,13103.0,13957.69528,CAN,Canada,Saskatchewan,0.111308691,0.0,0.8,0.28,13103.0,13103.0,0.0,2.0,-9999.0,-9999.0,-9999.0,0.0,9.0,-999.9,-999.9,-999.9,-5981.4,0.0,0.0,0.0,0.0,0.0,0.0,0.0,0.0,0.0,0.0,0.0,-5981.4,7.278689484655839,2.22617382,0.0,,,,,,,,,,,,,,,,,11.671875,0.0836232255352129,116.15625,0.8322022203865772,0.175078125,0.1254348383028193,4.06546875,2.9127077713530203,7.278689484655839,67666,,,0.0046924392733629,Information
712460,13104.0,8109.617503,CAN,Canada,Alberta,0.769199027,0.0,0.8,0.28,13104.0,,,,,,,,,,,,,,,,,,,,,,,,,2.17862,15.38398054,0.0,,108.5,1.338,97.562,1.203,0.0,0.0,0.0,0.0,0.97562,1.203,0.0,0.0,0.0,0.0,2.17862,4.359375,0.0537556179247984,4.359375,0.0537556179247984,0.065390625,0.0806334268871976,0.152578125,0.1881446627367944,0.486746839623992,21307,,,0.0001263874749732,Information
712470,13105.0,27306.3817,CAN,Canada,Alberta,0.558204842,0.0,0.8,0.28,13105.0,13105.0,0.0,14.0,-9999.0,-9999.0,-9999.0,0.0,1.0,-999.9,-999.9,-999.9,-5997.4,0.0,0.0,0.0,0.0,0.0,0.0,0.0,0.0,0.0,0.0,0.0,-5997.4,14.6158295350138,11.16409684,0.0,,244.688,0.896,213.0,0.78,2.0,0.007,0.625,0.002,2.13,0.78,0.03,0.0105,0.015625,0.005,2.971125,68.765625,0.2518298679916857,276.1875,1.0114393880075063,1.031484375,0.3777448019875286,9.6665625,3.540037858026272,14.6158295350138,1432833,,,0.0355619372787228,Information
712480,13106.0,7062.759261,CAN,Canada,Alberta,0.083353662,0.0,0.8,0.28,13106.0,,,,,,,,,,,,,,,,,,,,,,,,,12.614276454669533,1.66707324,0.0,,288.875,4.09,242.625,3.435,0.812,0.012,0.438,0.006,2.42625,3.435,0.01218,0.018,0.01095,0.015,5.91738,27.84375,0.3942333155196789,137.25,1.9432914946828617,0.41765625,0.5913499732795183,4.80375,6.801520231390016,12.614276454669533,477,,,0.0200106157467727,Information
712490,13107.0,13334.96541,CAN,Canada,Alberta,2.111457385,0.0,0.8,0.28,13107.0,13107.0,0.0,15.0,3.0,-9999.0,-9999.0,0.0,1.0,0.3,-999.9,-999.9,-3997.0,0.0,0.0,0.0,0.0,0.0,0.0,0.0,0.0,0.0,0.0,0.0,-3997.0,6.131104169375309,42.2291477,0.0,,133.312,1.0,119.688,0.898,0.0,0.0,0.0,0.0,1.19688,0.898,0.0,0.0,0.0,0.0,2.09488,7.171875,0.0537824792346541,97.03125,0.7276453072923792,0.107578125,0.0806737188519811,3.39609375,2.546758575523328,6.131104169375309,11830,,,0.0124448769861374,Information
712501,13109.0,4387.387822,CAN,Canada,Saskatchewan,0.515785746,0.0,0.8,0.28,13109.0,13109.0,0.0,13.0,-9999.0,-9999.0,-9999.0,0.0,1.0,-999.9,-999.9,-999.9,-5997.4,0.0,0.0,0.0,0.0,0.0,0.0,0.0,0.0,0.0,0.0,0.0,-5997.4,8.554258587753637,10.31571492,0.0,,,,,,,,,,,,,,,,,0.0,0.0,74.53125,1.6987613822153251,0.0,0.0,2.60859375,5.945664837753638,8.554258587753637,8305,,,0.0093900772328481,Information
712503,13111.0,2171.223166,CAN,Canada,Saskatchewan,0.654097471,0.0,0.8,0.28,13111.0,13111.0,0.0,11.0,-9999.0,-9999.0,-9999.0,0.0,1.0,-999.9,-999.9,-999.9,-5997.4,0.0,0.0,0.0,0.0,0.0,0.0,0.0,0.0,0.0,0.0,0.0,-5997.4,0.6897637234463955,13.08194942,0.0,,,,,,,,,,,,,,,,,0.0,0.0,3.515625,0.161919099556113,0.0,0.0,0.123046875,0.5667168484463955,0.6897637234463955,294491,,,6.611521127225456e-07,Information
712602,13120.0,3860.742551,CAN,Canada,Alberta,0.487833378,0.0,0.8,0.28,13120.0,,,,,,,,,,,,,,,,,,,,,,,,,0.9011900971074024,9.75666756,0.0,,0.0,0.0,0.0,0.0,4.0,0.104,0.0,0.0,0.0,0.0,0.06,0.156,0.0,0.0,0.216,0.0,0.0,7.171875,0.1857641348878292,0.0,0.0,0.251015625,0.6501744721074022,0.9011900971074024,345,,,2.0470353233961857e-06,Information
712604,13122.0,4229.697209,CAN,Canada,Alberta,0.504825115,0.0,0.8,0.28,13122.0,,,,,,,,,,,,,,,,,,,,,,,,,1.0242519899300473,10.0965023,0.0,,15.062,0.356,13.5,0.319,0.0,0.0,0.0,0.0,0.135,0.319,0.0,0.0,0.0,0.0,0.454,0.28125,0.0066494121471597,8.578125,0.2028070704883736,0.00421875,0.0099741182207395,0.300234375,0.7098247467093076,1.0242519899300473,32757,,,3.8246040904195125e-06,Information
712605,13123.0,14109.47627,CAN,Canada,Alberta,1.554018484,0.0,0.8,0.28,13123.0,13123.0,0.0,14.0,3.0,3.0,-9999.0,0.0,1.0,0.3,0.3,-999.9,-2663.4666666666662,0.0,0.0,0.0,0.0,0.0,0.0,0.0,0.0,0.0,0.0,0.0,-2663.4666666666662,5.01008942462094,31.08036968,0.0,,88.625,0.628,81.938,0.581,0.062,0.0,0.0,0.0,0.81938,0.581,0.0009299999999999,0.0,0.0,0.0,1.40131,4.5,0.0318934587951415,81.84375,0.5800622818366366,0.0675,0.0478401881927122,2.86453125,2.030217986428228,5.01008942462094,183816,,,0.004377351417178,Information
712606,13124.0,2819.514395,CAN,Canada,Alberta,0.6265241,0.0,0.8,0.28,13124.0,,,,,,,,,,,,,,,,,,,,,,,,,17.247305139690596,12.530482,0.0,,12.438,0.441,11.25,0.399,0.0,0.0,0.0,0.0,0.1125,0.399,0.0,0.0,0.0,0.0,0.5115000000000001,3.515625,0.1246890246959276,106.875,3.790546350756201,0.052734375,0.1870335370438914,3.740625,13.266912227646705,17.247305139690596,8480,,,0.0522269232255335,Information
712608,13126.0,2556.506093,CAN,Canada,Alberta,0.096346218,0.0,0.8,0.28,13126.0,,,,,,,,,,,,,,,,,,,,,,,,,1.039491673758817,1.92692436,0.0,,6.812,0.266,6.75,0.264,0.0,0.0,0.0,0.0,0.0675,0.264,0.0,0.0,0.0,0.0,0.3315,0.0,0.0,6.046875,0.2365288710739476,0.0,0.0,0.211640625,0.8278510487588167,1.039491673758817,17641,,,2.721044775478433e-06,Information
712609,13127.0,5541.662661,CAN,Canada,Alberta,1.41273965,0.0,0.8,0.28,13127.0,13127.0,0.0,15.0,3.0,3.0,2.0,0.0,1.0,0.3,0.3,0.2,3.6,0.0,0.0,0.0,0.0,0.0,0.0,0.0,0.0,0.0,0.0,0.0,3.6,3.6,28.254793,0.0,,5.562,0.1,5.562,0.1,0.0,0.0,0.0,0.0,0.05562,0.1,0.0,0.0,0.0,0.0,0.15562,0.0,0.0,15.046875,0.2715227526647719,0.0,0.0,0.526640625,0.9503296343267016,1.4769702593267016,7754,,,0.0013849317611487,Information
712700,13128.0,17925.93703,CAN,Canada,Alberta,2.295657394,0.0,0.8,0.28,13128.0,13128.0,0.0,15.0,-9999.0,-9999.0,-9999.0,0.0,1.0,-999.9,-999.9,-999.9,-5997.4,0.0,0.0,0.0,0.0,0.0,0.0,0.0,0.0,0.0,0.0,0.0,-5997.4,1.7251981579636957,45.91314788,0.0,,,,,,,,,,,,,,,,,0.0,0.0,31.640625,0.1765075094181988,0.0,0.0,1.107421875,0.6177762829636958,1.7251981579636957,92669,,,0.0002852665608723,Information
712800,13129.0,28621.65465,CAN,Canada,Alberta,0.466737054,0.0,0.8,0.28,13129.0,13129.0,0.0,14.0,2.0,-9999.0,-9999.0,0.0,1.0,0.2,-999.9,-999.9,-3997.1,0.0,0.0,0.0,0.0,0.0,0.0,0.0,0.0,0.0,0.0,0.0,-3997.1,12.038208159902227,9.33474108,0.0,,4.562,0.016,4.562,0.016,5.25,0.018,1.812,0.006,0.04562,0.016,0.07875,0.0269999999999999,0.0453,0.015,0.2276699999999999,2.8125,0.0098264759139414,253.6875,0.8863481274375189,0.0421875,0.0147397138709121,8.8790625,3.102218446031316,12.038208159902227,189902,,,0.021739003372095,Information
712900,13130.0,24939.36676,CAN,Canada,Alberta,1.518798282,0.0,0.8,0.28,13130.0,13130.0,0.0,12.0,7.0,2.0,-9999.0,0.0,1.0,0.7,0.2,-999.9,-1990.1333333333328,0.0,0.0,0.0,0.0,0.0,0.0,0.0,0.0,0.0,0.0,0.0,-1990.1333333333328,7.817426497069154,30.375965640000004,0.0,,80.375,0.322,78.688,0.316,0.5,0.002,0.5,0.002,0.78688,0.316,0.0075,0.003,0.0125,0.005,1.13088,1.546875,0.0062025432126413,158.765625,0.6366064806429121,0.023203125,0.0093038148189619,5.556796875,2.2281226822501923,7.817426497069154,1592221,,,0.0143802282164362,Information
713223,13136.0,6897.249564,CAN,Canada,Manitoba,0.697637146,0.0,0.8,0.28,13136.0,13136.0,3.0,7.0,100.0,100.0,92.0,10.0,4.0,10.0,10.0,9.2,-327.04,0.0,0.0,0.0,0.0,0.0,0.0,0.0,0.0,0.0,0.0,0.0,-327.04,42.47643682832966,13.95274292,0.0,,,,,,,,,,,,,,,,,35.015625,0.5076751924959719,480.375,6.964732761310201,0.525234375,0.7615127887439579,16.813125,24.376564664585704,42.47643682832966,2145,,,0.2401105016771132,Advisory
713260,13146.0,15485.49696,CAN,Canada,Manitoba,4.004601778,0.0,0.8,0.28,13146.0,13146.0,1.0,1.0,100.0,-9999.0,-9999.0,3.0,10.0,10.0,-999.9,-999.9,-1539.88,0.0,0.0,0.0,0.0,0.0,0.0,0.0,0.0,0.0,0.0,0.0,-1539.88,99.79035113519618,80.09203556,0.0,3.0,,,,,,,,,,,,,,,,1526.90625,9.860234090130788,1855.828125,11.984298147675077,15.0,14.790351135196182,35.0,35.0,99.79035113519618,874,0.0,0.0,0.9465137662136052,Warning
713270,13147.0,6751.593484,CAN,Canada,Manitoba,0.123100612,0.0,0.8,0.28,13147.0,13147.0,1.0,1.0,100.0,2.0,-9999.0,3.0,10.0,10.0,0.2,-999.9,-2621.333333333333,0.0,0.0,0.0,0.0,0.0,0.0,0.0,0.0,0.0,0.0,0.0,-2621.333333333333,42.75532887413986,2.46201224,0.0,,,,,,,,,,,,,,,,,262.546875,3.888665329322599,379.828125,5.625755251473134,3.938203125,5.8329979939838985,13.293984375,19.69014338015597,42.75532887413986,1480,,,0.2047573142892151,Advisory
713290,13149.0,18160.88106,CAN,Canada,Manitoba,2.287078857,0.0,0.8,0.28,13149.0,13149.0,2.0,7.0,100.0,84.0,2.0,7.0,4.0,10.0,8.4,0.2,-1786.1999999999998,0.0,0.0,0.0,0.0,0.0,0.0,0.0,0.0,0.0,0.0,0.0,-1786.1999999999998,100.0,45.74157714,0.0,3.0,611.25,3.366,544.938,3.001,0.0,0.0,0.0,0.0,5.44938,3.001,0.0,0.0,0.0,0.0,8.45038,7143.1875,39.33282463493362,14906.671875,82.08121524877684,15.0,15.0,35.0,35.0,100.0,7300,1082.0,14.82191780821918,0.729536551812243,Warning
713440,13154.0,14877.00467,CAN,Canada,Ontario,1.542648955,0.0,0.8,0.28,13154.0,13154.0,2.0,7.0,100.0,100.0,-9999.0,7.0,4.0,10.0,10.0,-999.9,-1941.4,0.0,0.0,0.0,0.0,0.0,0.0,0.0,0.0,0.0,0.0,0.0,-1941.4,12.502929551780507,30.8529791,0.0,,0.625,0.004,0.625,0.004,4.188,0.028,0.125,0.001,0.00625,0.004,0.06282,0.042,0.003125,0.0025,0.120695,132.609375,0.8913714686061722,156.796875,1.0539545996774995,1.989140625,1.3370572029092584,5.487890625,3.688841098871248,12.502929551780507,1040,,,0.0436077939974898,Information
713460,13156.0,20536.41792,CAN,Canada,Ontario,0.261477812,0.0,0.8,0.28,13156.0,13156.0,2.0,6.0,100.0,76.0,-9999.0,7.0,5.0,10.0,7.6,-999.9,-499.45714285714297,0.0,0.0,0.0,0.0,0.0,0.0,0.0,0.0,0.0,0.0,0.0,-499.45714285714297,96.2568498499081,5.229556239999999,0.0,3.0,67.938,0.331,55.688,0.271,0.125,0.001,0.0,0.0,0.55688,0.271,0.001875,0.0015,0.0,0.0,0.831255,1896.75,9.236031365104813,1901.25,9.257943657785962,15.0,13.854047047657218,35.0,32.40280280225087,96.2568498499081,0,0.0,0.0,0.506208309357979,Warning
713470,13157.0,14571.58411,CAN,Canada,Ontario,1.513828919,0.0,0.8,0.28,13157.0,13157.0,2.0,15.0,100.0,64.0,-9999.0,7.0,1.0,10.0,6.4,-999.9,-390.0,0.0,0.0,0.0,0.0,0.0,0.0,0.0,0.0,0.0,0.0,0.0,-390.0,100.0,30.27657838,0.0,3.0,66.5,0.456,56.375,0.387,2.188,0.015,0.0,0.0,0.56375,0.387,0.03282,0.0225,0.0,0.0,1.00607,2698.875,18.52149347138517,2713.078125,18.618964857411115,15.0,15.0,35.0,35.0,100.0,6,0.0,0.0,0.6408134243347074,Warning
713490,13159.0,24325.6984,CAN,Canada,Ontario,1.002312625,0.0,0.8,0.28,13159.0,13159.0,1.0,7.0,100.0,17.0,-9999.0,3.0,4.0,10.0,1.7,-999.9,-2865.036363636364,0.0,0.0,0.0,0.0,0.0,0.0,0.0,0.0,0.0,0.0,0.0,-2865.036363636364,100.0,20.0462525,0.0,3.0,4994.75,20.533,3781.562,15.546,18.688,0.077,0.0,0.0,10.0,10.0,0.2803199999999999,0.1154999999999999,0.0,0.0,20.39582,12454.59375,51.19932650468783,20613.234375,84.73851000425282,15.0,15.0,35.0,35.0,100.0,2432,601.0,24.71217105263158,0.5885131381306019,Warning
713525,13165.0,8602.247904,CAN,Canada,Ontario,3.040048541,0.0,0.8,0.28,13165.0,13165.0,2.0,10.0,100.0,94.0,-9999.0,7.0,1.0,10.0,9.4,-999.9,-1943.8,0.0,0.0,0.0,0.0,0.0,0.0,0.0,0.0,0.0,0.0,0.0,-1943.8,0.3071407092826302,60.80097082,0.0,,,,,,,,,,,,,,,,,0.28125,0.0032694942432204,3.9375,0.0457729194050856,0.00421875,0.0049042413648306,0.1378125,0.1602052179177996,0.3071407092826302,0,,,6.201104486270795e-07,Information
713526,13166.0,14577.01922,CAN,Canada,Ontario,0.158918224,0.0,0.8,0.28,13166.0,13166.0,2.0,10.0,100.0,100.0,2.0,7.0,1.0,10.0,10.0,0.2,-844.4545454545456,0.0,0.0,0.0,0.0,0.0,0.0,0.0,0.0,0.0,0.0,0.0,-844.4545454545456,31.370084430213044,3.17836448,0.0,,,,,,,,,,,,,,,,,289.828125,1.9882537065920247,407.390625,2.794745748664288,4.347421875,2.9823805598880373,14.258671875,9.78161012032501,31.370084430213044,0,,,0.129867908198741,Information
713529,13169.0,25770.90338,CAN,Canada,Ontario,0.106754593,0.0,0.8,0.28,13169.0,13169.0,1.0,5.0,100.0,2.0,-9999.0,3.0,6.0,10.0,0.2,-999.9,-603.5333333333333,0.0,0.0,0.0,0.0,0.0,0.0,0.0,0.0,0.0,0.0,0.0,-603.5333333333333,100.0,2.13509186,0.0,3.0,1300.125,5.045,1013.938,3.934,126.75,0.492,2.25,0.009,10.0,3.934,1.90125,0.738,0.05625,0.0225,16.652,9360.984375,36.32385033373149,12295.265625,47.7098743555988,15.0,15.0,35.0,35.0,100.0,0,0.0,0.0,0.5086093624470994,Warning
713531,13170.0,4288.553309,CAN,Canada,Ontario,4.033801192,0.0,0.8,0.28,13170.0,13170.0,2.0,7.0,94.0,60.0,2.0,7.0,4.0,9.4,6.0,0.2,52.6,0.0,0.0,0.0,0.0,0.0,0.0,0.0,0.0,0.0,0.0,0.0,52.6,52.6,80.67602384,0.0,,,,,,,,,,,,,,,,,,,,,,,,,,0,,,0.8416758996955139,Warning
713536,13175.0,2823.746608,CAN,Canada,Ontario,4.033801178,0.0,0.8,0.28,13175.0,13175.0,2.0,7.0,96.0,47.0,2.0,7.0,4.0,9.6,4.7,0.2,53.2,0.0,0.0,0.0,0.0,0.0,0.0,0.0,0.0,0.0,0.0,0.0,53.2,53.2,80.67602356,0.0,,38.438,1.361,36.938,1.308,0.0,0.0,0.0,0.0,0.36938,1.308,0.0,0.0,0.0,0.0,1.67738,0.421875,0.0149402569925031,130.640625,4.626499582011813,0.006328125,0.0224103854887546,4.572421875,16.192748537041346,20.7939089225301,0,,,0.8444010726041071,Warning
713561,13181.0,9721.455956,CAN,Canada,Ontario,1.356379227,0.0,0.8,0.28,13181.0,13181.0,2.0,8.0,100.0,98.0,5.0,7.0,3.0,10.0,9.8,0.5,60.6,0.0,0.0,0.0,0.0,0.0,0.0,0.0,0.0,0.0,0.0,0.0,60.6,96.95888990068836,27.12758454,0.0,3.0,654.062,6.728,574.0,5.904,1.25,0.013,0.0,0.0,5.74,5.904,0.01875,0.0195,0.0,0.0,11.682250000000002,885.9375,9.113218267125568,1401.46875,14.4162433730434,13.2890625,13.669827400688352,35.0,35.0,96.95888990068836,0,0.0,0.0,0.6123988988746795,Warning
713565,13185.0,13429.37265,CAN,Canada,Ontario,2.249615506,0.0,0.8,0.28,13185.0,13185.0,2.0,15.0,100.0,100.0,7.0,7.0,1.0,10.0,10.0,0.7,-336.2799999999999,0.0,0.0,0.0,0.0,0.0,0.0,0.0,0.0,0.0,0.0,0.0,-336.2799999999999,100.0,44.99231012,0.0,3.0,355.0,2.643,326.625,2.432,2.0,0.015,1.562,0.012,3.26625,2.432,0.03,0.0225,0.03905,0.03,5.8198,4381.03125,32.622754348080946,6969.375,51.89650463795633,15.0,15.0,35.0,35.0,100.0,0,0.0,0.0,0.7249790011276429,Warning
713610,13193.0,148.5250978,CAN,Canada,Ontario,4.033801197,0.0,0.8,0.28,13193.0,,,,,,,,,,,,,,,,,,,,,,,,,52.540390625,80.67602394,0.0,3.0,47.688,32.107,42.438,28.573,0.0,0.0,0.0,0.0,0.42438,10.0,0.0,0.0,0.0,0.0,10.42438,31.21875,21.01917484803017,59.203125,39.86068743703019,0.46828125,15.0,2.072109375,35.0,52.540390625,1243,0.0,0.0,0.8414017503708706,Warning
713662,13199.0,11210.00714,CAN,Canada,Ontario,1.260504454,0.0,0.8,0.28,13199.0,13199.0,2.0,7.0,100.0,98.0,3.0,7.0,4.0,10.0,9.8,0.3,-444.9,0.0,0.0,0.0,0.0,0.0,0.0,0.0,0.0,0.0,0.0,0.0,-444.9,100.0,25.210089080000003,0.0,3.0,145.0,1.293,143.188,1.277,0.0,0.0,0.25,0.002,1.4318799999999998,1.277,0.0,0.0,0.00625,0.005,2.72013,1668.375,14.882907557508371,6412.78125,57.20586230929675,15.0,15.0,35.0,35.0,100.0,289,3.0,1.0380622837370241,0.6142782256275032,Warning
713665,13202.0,4102.261092,CAN,Canada,Ontario,4.033801178,0.0,0.8,0.28,13202.0,13202.0,1.0,1.0,100.0,-9999.0,-9999.0,3.0,10.0,10.0,-999.9,-999.9,-3953.6,0.0,0.0,0.0,0.0,0.0,0.0,0.0,0.0,0.0,0.0,0.0,-3953.6,96.557265625,80.67602356,0.0,3.0,67.438,1.644,67.312,1.641,0.0,0.0,0.0,0.0,0.6731199999999999,1.641,0.0,0.0,0.0,0.0,2.31412,770.484375,18.781943854943705,2427.328125,59.17049331633205,11.557265625,15.0,35.0,35.0,96.557265625,0,0.0,0.0,0.946168825529633,Warning
713666,13203.0,8457.521344,CAN,Canada,Ontario,0.045699718,0.0,0.8,0.28,13203.0,13203.0,1.0,1.0,100.0,-9999.0,-9999.0,3.0,10.0,10.0,-999.9,-999.9,-3953.6,0.0,0.0,0.0,0.0,0.0,0.0,0.0,0.0,0.0,0.0,0.0,-3953.6,100.0,0.91399436,0.0,3.0,173.938,2.057,164.375,1.944,2.438,0.029,0.25,0.003,1.64375,1.944,0.03657,0.0435,0.00625,0.0075,3.68157,1200.515625,14.194650845450528,1981.40625,23.42774164371536,15.0,15.0,35.0,35.0,100.0,453,0.0,0.0,0.5036630242423393,Warning
713669,13206.0,13280.51646,CAN,Canada,Ontario,4.010851911,0.0,0.8,0.28,13206.0,13206.0,1.0,2.0,100.0,7.0,-9999.0,3.0,9.0,10.0,0.7,-999.9,-2280.8333333333326,0.0,0.0,0.0,0.0,0.0,0.0,0.0,0.0,0.0,0.0,0.0,-2280.8333333333326,90.24859435210584,80.21703821999999,0.0,3.0,88.125,0.664,82.312,0.62,0.062,0.0,0.062,0.0,0.82312,0.62,0.0009299999999999,0.0,0.00155,0.0,1.4456,770.0625,5.798437901403887,4222.828125,31.797167958593377,11.5509375,8.697656852105832,35.0,35.0,90.24859435210584,3420,20.0,0.5847953216374269,0.9354609009944096,Warning
713680,13208.0,22415.42968,CAN,Canada,Ontario,1.992677461,0.0,0.8,0.28,13208.0,13208.0,2.0,8.0,100.0,100.0,5.0,7.0,3.0,10.0,10.0,0.5,-339.5333333333334,0.0,0.0,0.0,0.0,0.0,0.0,0.0,0.0,0.0,0.0,0.0,-339.5333333333334,100.0,39.85354922,0.0,3.0,1499.0,6.687,1382.812,6.169,13.125,0.059,9.5,0.042,10.0,6.169,0.196875,0.0885,0.2375,0.105,16.796875,3355.875,14.971272233829565,12778.3125,57.00677025409088,15.0,15.0,35.0,35.0,100.0,22,3.0,13.636363636363635,0.6944092795286453,Warning
713693,13211.0,8649.756524,CAN,Canada,Ontario,0.03921358,0.0,0.8,0.28,13211.0,13211.0,2.0,12.0,100.0,100.0,13.0,7.0,1.0,10.0,10.0,1.3,72.64,0.0,0.0,0.0,0.0,0.0,0.0,0.0,0.0,0.0,0.0,0.0,72.64,100.0,0.7842716,0.0,3.0,361.75,4.182,337.5,3.902,9.625,0.111,6.125,0.071,3.375,3.902,0.144375,0.1665,0.153125,0.1775,7.918500000000001,3483.28125,40.27028090808884,6335.15625,73.24086212795325,15.0,15.0,35.0,35.0,100.0,0,0.0,0.0,0.503141092188805,Warning
713694,13212.0,2494.671274,CAN,Canada,Ontario,3.023646406,0.0,0.8,0.28,13212.0,,,,,,,,,,,,,,,,,,,,,,,,,70.05624311132968,60.472928120000006,0.0,3.0,289.812,11.617,279.375,11.199,2.312,0.093,0.688,0.028,2.79375,10.0,0.03468,0.1395,0.0171999999999999,0.07,13.05513,20.671875,0.8286412408864537,957.234375,38.37116276676253,0.310078125,1.242961861329681,33.503203125,35.0,70.05624311132968,0,0.0,0.0,0.7164448895089299,Watch
713695,13213.0,2476.008122,CAN,Canada,Ontario,0.315454006,0.0,0.8,0.28,13213.0,,,,,,,,,,,,,,,,,,,,,,,,,75.380703125,6.30908012,0.0,3.0,126.625,5.114,126.188,5.096,3.312,0.134,1.062,0.043,1.26188,5.096,0.04968,0.201,0.02655,0.1074999999999999,6.74261,276.1875,11.1545474154469,606.796875,24.50706318617789,4.1428125,15.0,21.237890625,35.0,75.380703125,299,0.0,0.0,0.4139288489693137,Watch
713810,13219.0,13711.30249,CAN,Canada,Ontario,4.033745925,0.0,0.8,0.28,13219.0,13219.0,1.0,6.0,68.0,-9999.0,-9999.0,3.0,5.0,6.8,-999.9,-999.9,-2453.55,0.0,0.0,0.0,0.0,0.0,0.0,0.0,0.0,0.0,0.0,0.0,-2453.55,100.0,80.67491849999999,0.0,3.0,1584.5,11.556,1479.625,10.791,19.0,0.139,29.5,0.215,10.0,10.0,0.285,0.2085,0.7375,0.5375,21.768500000000003,4566.234375,33.30270322358053,5877.703125,42.86757681118522,15.0,15.0,35.0,35.0,100.0,2374,353.0,14.869418702611625,0.9498877651832682,Warning
713820,13220.0,28844.43998,CAN,Canada,Ontario,2.553089798,0.0,0.8,0.28,13220.0,13220.0,1.0,1.0,31.0,-9999.0,-9999.0,3.0,10.0,3.1,-999.9,-999.9,-1934.0333333333328,0.0,0.0,0.0,0.0,0.0,0.0,0.0,0.0,0.0,0.0,0.0,-1934.0333333333328,100.0,51.06179596,0.0,3.0,2152.562,7.463,2034.375,7.053,173.688,0.602,85.938,0.298,10.0,7.053,2.60532,0.903,2.14845,0.745,23.45477,5551.734375,19.24715604977505,11603.109375,40.2265025158436,15.0,15.0,35.0,35.0,100.0,41334,1937.0,4.686214738471961,0.7625755323345245,Warning
713840,13222.0,24749.05111,CAN,Canada,Ontario,3.406247898,0.0,0.8,0.28,13222.0,13222.0,1.0,1.0,100.0,5.0,-9999.0,3.0,10.0,10.0,0.5,-999.9,-2721.630769230769,0.0,0.0,0.0,0.0,0.0,0.0,0.0,0.0,0.0,0.0,0.0,-2721.630769230769,93.81709940225004,68.12495796,0.0,3.0,793.0,3.204,764.625,3.09,16.375,0.066,4.062,0.016,7.64625,3.09,0.245625,0.099,0.10155,0.04,11.222425,1454.765625,5.878066268166691,5196.65625,20.99739592787162,15.0,8.817099402250037,35.0,35.0,93.81709940225004,6216,20.0,0.32175032175032175,0.859822858038728,Warning
713860,13224.0,8948.227072,CAN,Canada,Ontario,1.985976486,0.0,0.8,0.28,13224.0,13224.0,2.0,2.0,100.0,100.0,3.0,7.0,9.0,10.0,10.0,0.3,-1529.7199999999998,0.0,0.0,0.0,0.0,0.0,0.0,0.0,0.0,0.0,0.0,0.0,-1529.7199999999998,82.95785475412234,39.71952972,0.0,3.0,640.875,7.162,597.625,6.679,31.375,0.351,10.688,0.119,5.97625,6.679,0.470625,0.5265,0.2672,0.2975,14.217075,407.953125,4.559038586081555,1970.578125,22.021995072995804,6.119296875,6.838557879122332,35.0,35.0,82.95785475412234,11260,245.0,2.1758436944937833,0.6252597831200007,Warning
713880,13226.0,11795.31672,CAN,Canada,Ontario,2.168148464,0.0,0.8,0.28,13226.0,13226.0,2.0,2.0,100.0,100.0,-9999.0,7.0,9.0,10.0,10.0,-999.9,-1934.42,0.0,0.0,0.0,0.0,0.0,0.0,0.0,0.0,0.0,0.0,0.0,-1934.42,99.51397017361396,43.36296928,0.0,3.0,1019.188,8.641,936.5,7.94,88.375,0.749,24.938,0.211,9.365,7.94,1.325625,1.1235,0.62345,0.5275,20.905075,1141.3125,9.67598011574264,2091.9375,17.73532284398565,15.0,14.51397017361396,35.0,35.0,99.51397017361396,33688,179.0,0.5313464735217288,0.7134987236447923,Warning
713890,13227.0,13178.1982,CAN,Canada,Ontario,1.359116569,0.0,0.8,0.28,13227.0,13227.0,1.0,1.0,100.0,2.0,-9999.0,3.0,10.0,10.0,0.2,-999.9,-2307.7090909090907,0.0,0.0,0.0,0.0,0.0,0.0,0.0,0.0,0.0,0.0,0.0,-2307.7090909090907,84.39120670923693,27.18233138,0.0,3.0,966.125,7.331,947.562,7.19,33.375,0.253,27.812,0.211,9.47562,7.19,0.500625,0.3795,0.6953,0.5275,18.768545,545.484375,4.139294056157949,1723.078125,13.075217857721928,8.182265625,6.208941084236924,35.0,35.0,84.39120670923693,847,15.0,1.770956316410862,0.5586331189761397,Warning
721106,13234.0,29292.64484,CAN,Canada,Québec,0.351238672,0.0,0.8,0.28,13234.0,13234.0,2.0,1.0,100.0,100.0,-9999.0,7.0,10.0,10.0,10.0,-999.9,-1938.88,0.0,0.0,0.0,0.0,0.0,0.0,0.0,0.0,0.0,0.0,0.0,-1938.88,100.0,7.02477344,0.0,3.0,2319.5,7.918,2102.125,7.176,188.125,0.642,110.375,0.377,10.0,7.176,2.821875,0.963,2.759375,0.9425,24.66275,6186.796875,21.120649601381707,10465.734375,35.728198779034685,15.0,15.0,35.0,35.0,100.0,57672,2883.0,4.998959633791094,0.5290321298290411,Warning
721204,13241.0,32050.52103,CAN,Canada,Québec,0.064383452,0.0,0.8,0.28,13241.0,13241.0,2.0,3.0,100.0,78.0,-9999.0,7.0,8.0,10.0,7.8,-999.9,-1210.7181818181818,0.0,0.0,0.0,0.0,0.0,0.0,0.0,0.0,0.0,0.0,0.0,-1210.7181818181818,100.0,1.28766904,0.0,3.0,2661.625,8.304,2367.938,7.388,168.062,0.524,273.688,0.854,10.0,7.388,2.5209300000000003,0.786,6.8422,2.135,29.67213,5809.078125,18.124754104128098,11395.125,35.553634185424684,15.0,15.0,35.0,35.0,100.0,12431,1890.0,15.203925669696725,0.5051702723257914,Warning
721205,13242.0,3916.251265,CAN,Canada,Québec,1.92009627,0.0,0.8,0.28,13242.0,13242.0,2.0,1.0,100.0,100.0,-9999.0,7.0,10.0,10.0,10.0,-999.9,-1932.3,0.0,0.0,0.0,0.0,0.0,0.0,0.0,0.0,0.0,0.0,0.0,-1932.3,100.0,38.4019254,0.0,3.0,349.875,8.934,299.438,7.646,9.312,0.238,47.875,1.222,2.99438,7.646,0.13968,0.357,1.196875,3.055,15.388935,1529.015625,39.04283768729029,2267.296875,57.89457114247967,15.0,15.0,35.0,35.0,100.0,1560,466.0,29.871794871794872,0.6859985064792073,Warning
721206,13243.0,3654.15206,CAN,Canada,Québec,0.042966223,0.0,0.8,0.28,13243.0,13243.0,1.0,1.0,100.0,2.0,-9999.0,3.0,10.0,10.0,0.2,-999.9,-1932.7,0.0,0.0,0.0,0.0,0.0,0.0,0.0,0.0,0.0,0.0,0.0,-1932.7,90.621640625,0.85932446,0.0,3.0,393.25,10.762,327.0,8.949,6.312,0.173,40.312,1.103,3.27,8.949,0.09468,0.2594999999999999,1.0078,2.7575,16.338479999999997,581.203125,15.905280225953389,911.53125,24.94508260939508,8.718046875,15.0,31.90359375,35.0,90.621640625,2225,169.0,7.595505617977529,0.4642044934470198,Warning
721207,13244.0,6091.67366,CAN,Canada,Québec,0.402238837,0.0,0.8,0.28,13244.0,13244.0,1.0,1.0,100.0,3.0,-9999.0,3.0,10.0,10.0,0.3,-999.9,-1953.2,0.0,0.0,0.0,0.0,0.0,0.0,0.0,0.0,0.0,0.0,0.0,-1953.2,96.9559375,8.04477674,0.0,3.0,821.625,13.488,711.562,11.681,41.625,0.683,103.25,1.695,7.11562,10.0,0.624375,1.0245000000000002,2.58125,4.2375,25.583245,797.0625,13.084458302610896,1175.625,19.298883452686503,11.9559375,15.0,35.0,35.0,96.9559375,1237,427.0,34.518997574777686,0.521116066267538,Warning
721208,13245.0,2262.558872,CAN,Canada,Québec,4.022456155,0.0,0.8,0.28,13245.0,13245.0,1.0,1.0,100.0,2.0,-9999.0,3.0,10.0,10.0,0.2,-999.9,-1953.4,0.0,0.0,0.0,0.0,0.0,0.0,0.0,0.0,0.0,0.0,0.0,-1953.4,56.97160490848089,80.44912310000001,0.0,3.0,77.562,3.428,72.562,3.207,5.062,0.224,17.938,0.793,0.7256199999999999,3.207,0.07593,0.336,0.44845,1.9825,6.7755,132.046875,5.836174105653927,321.046875,14.18954790543974,1.980703125,8.75426115848089,11.236640625,35.0,56.97160490848089,5566,595.0,10.689902982393102,0.8575851813948563,Warning
721209,13246.0,9176.451556,CAN,Canada,Québec,0.220026823,0.0,0.8,0.28,13246.0,13246.0,1.0,1.0,100.0,-9999.0,-9999.0,3.0,10.0,10.0,-999.9,-999.9,-3953.6,0.0,0.0,0.0,0.0,0.0,0.0,0.0,0.0,0.0,0.0,0.0,-3953.6,100.0,4.4005364600000005,0.0,3.0,995.0,10.843,876.312,9.55,54.5,0.594,87.562,0.954,8.76312,9.55,0.8175,0.891,2.18905,2.385,24.59567,2182.5,23.783703174734267,2364.46875,25.766700076029764,15.0,15.0,35.0,35.0,100.0,9,0.0,0.0,0.5179475321517812,Warning
721408,13255.0,2442.661328,CAN,Canada,Québec,4.003988136,0.0,0.8,0.28,13255.0,13255.0,1.0,10.0,92.0,3.0,-9999.0,3.0,1.0,9.2,0.3,-999.9,-1972.8,0.0,0.0,0.0,0.0,0.0,0.0,0.0,0.0,0.0,0.0,0.0,-1972.8,90.208046875,80.07976272,0.0,3.0,113.75,4.657,86.188,3.528,5.812,0.238,15.312,0.627,0.86188,3.528,0.08718,0.357,0.3828,1.5675,6.78436,347.203125,14.214132801898693,1954.125,79.99983370400334,5.208046875,15.0,35.0,35.0,90.208046875,1334,3.0,0.22488755622188905,0.9345270705790264,Warning
721500,13257.0,13112.86725,CAN,Canada,Québec,3.281978611,0.0,0.8,0.28,13257.0,13257.0,1.0,7.0,78.0,-9999.0,-9999.0,3.0,4.0,7.8,-999.9,-999.9,-2530.285714285714,0.0,0.0,0.0,0.0,0.0,0.0,0.0,0.0,0.0,0.0,0.0,-2530.285714285714,70.0,65.63957222,0.0,3.0,167.625,1.278,161.875,1.234,0.562,0.004,0.5,0.004,1.61875,1.234,0.00843,0.006,0.0125,0.01,2.88968,0.0,0.0,1991.25,15.185466012971396,0.0,0.0,35.0,35.0,70.0,1669,212.0,12.702216896345117,0.7616405549483194,Watch
721602,13259.0,2124.419373,CAN,Canada,Québec,1.680218718,0.0,0.8,0.28,13259.0,13259.0,2.0,9.0,100.0,96.0,2.0,7.0,2.0,10.0,9.6,0.2,57.6,0.0,0.0,0.0,0.0,0.0,0.0,0.0,0.0,0.0,0.0,0.0,57.6,57.6,33.60437436,0.0,,4.688,0.221,4.688,0.221,0.0,0.0,0.0,0.0,0.04688,0.221,0.0,0.0,0.0,0.0,0.26788,0.0,0.0,133.453125,6.281863492027711,0.0,0.0,4.670859375,21.98652222209699,26.65738159709699,0,,,0.4434971096128579,Advisory
721603,13260.0,1850.255894,CAN,Canada,Québec,0.185172983,0.0,0.8,0.28,13260.0,,,,,,,,,,,,,,,,,,,,,,,,,41.501796875,3.70345966,0.0,,8.562,0.463,8.562,0.463,0.375,0.02,0.312,0.017,0.0856199999999999,0.463,0.005625,0.03,0.0078,0.0425,0.634545,0.0,0.0,185.765625,10.039996392685564,0.0,0.0,6.501796875,35.0,41.501796875,3,,,0.1999791619007876,Advisory
721604,13261.0,11665.8311,CAN,Canada,Québec,1.486917157,0.0,0.8,0.28,13261.0,13261.0,2.0,11.0,100.0,84.0,3.0,7.0,1.0,10.0,8.4,0.3,54.2,0.0,0.0,0.0,0.0,0.0,0.0,0.0,0.0,0.0,0.0,0.0,54.2,54.2,29.73834314,0.0,,179.875,1.542,158.125,1.355,0.5,0.004,1.438,0.012,1.58125,1.355,0.0075,0.006,0.0359499999999999,0.03,3.0157,0.0,0.0,422.015625,3.6175358735405263,0.0,0.0,14.770546875,12.661375557391844,27.431922432391843,0,,,0.397607259690468,Advisory
721700,13267.0,16139.90864,CAN,Canada,Québec,3.642362663,0.0,0.8,0.28,13267.0,13267.0,1.0,9.0,37.0,-9999.0,-9999.0,3.0,2.0,3.7,-999.9,-999.9,-2637.933333333333,0.0,0.0,0.0,0.0,0.0,0.0,0.0,0.0,0.0,0.0,0.0,-2637.933333333333,51.23662146985406,72.84725326,0.0,3.0,136.688,0.847,111.812,0.693,0.0,0.0,0.0,0.0,1.11812,0.693,0.0,0.0,0.0,0.0,1.81112,1.828125,0.011326736980557,903.09375,5.595408068395206,0.027421875,0.0169901054708355,31.60828125,19.58392823938322,51.23662146985406,4012,1939.0,48.33000997008973,0.7372780733697306,Watch
721801,13268.0,3773.939729,CAN,Canada,Québec,4.000208924,0.0,0.8,0.28,13268.0,,,,,,,,,,,,,,,,,,,,,,,,,16.63430976665695,80.00417848,0.0,,10.75,0.285,8.25,0.219,0.0,0.0,0.0,0.0,0.0825,0.219,0.0,0.0,0.0,0.0,0.3015,0.0,0.0,130.21875,3.4504724333305576,0.0,0.0,4.55765625,12.076653516656952,16.63430976665695,1626,,,0.426984796343506,Advisory
721805,13272.0,8452.825158,CAN,Canada,Québec,4.02360686,0.0,0.8,0.28,13272.0,13272.0,2.0,10.0,90.0,43.0,-9999.0,7.0,1.0,9.0,4.3,-999.9,-1456.45,0.0,0.0,0.0,0.0,0.0,0.0,0.0,0.0,0.0,0.0,0.0,-1456.45,4.491256331233877,80.4721372,0.0,,44.625,0.528,39.875,0.472,0.0,0.0,0.0,0.0,0.39875,0.472,0.0,0.0,0.0,0.0,0.8707499999999999,0.0,0.0,58.78125,0.6954035946382505,0.0,0.0,2.05734375,2.433912581233877,4.491256331233877,0,,,0.0708201785302643,Information
721806,13273.0,18271.36809,CAN,Canada,Québec,2.171907011,0.0,0.8,0.28,13273.0,13273.0,2.0,13.0,100.0,56.0,2.0,7.0,1.0,10.0,5.6,0.2,-454.1000000000001,0.0,0.0,0.0,0.0,0.0,0.0,0.0,0.0,0.0,0.0,0.0,-454.1000000000001,40.95908138355409,43.43814022,0.0,,211.625,1.158,204.438,1.119,4.625,0.025,0.438,0.002,2.04438,1.119,0.069375,0.0375,0.01095,0.005,3.286205,0.421875,0.0023089404032438,756.140625,4.138390849414065,0.006328125,0.0034634106048657,26.464921875,14.484367972949226,40.95908138355409,0,,,0.3734379932236651,Advisory
721807,13274.0,2550.008232,CAN,Canada,Québec,4.027129839,0.0,0.8,0.28,13274.0,13274.0,0.0,9.0,-9999.0,-9999.0,-9999.0,0.0,2.0,-999.9,-999.9,-999.9,-5995.4,0.0,0.0,0.0,0.0,0.0,0.0,0.0,0.0,0.0,0.0,0.0,-5995.4,10.02843927805968,80.54259678,0.0,,3.312,0.13,3.312,0.13,0.0,0.0,0.0,0.0,0.03312,0.13,0.0,0.0,0.0,0.0,0.16312,0.0,0.0,58.21875,2.283080865159908,0.0,0.0,2.03765625,7.9907830280596785,10.02843927805968,0,,,0.2537284808492998,Information
721808,13275.0,9971.289826,CAN,Canada,Québec,2.450018196,0.0,0.8,0.28,13275.0,13275.0,1.0,13.0,31.0,7.0,-9999.0,3.0,1.0,3.1,0.7,-999.9,-645.4,0.0,0.0,0.0,0.0,0.0,0.0,0.0,0.0,0.0,0.0,0.0,-645.4,12.943450897287324,49.00036392,0.0,,,,,,,,,,,,,,,,,0.0,0.0,184.640625,1.851722577796378,0.0,0.0,6.462421875,6.481029022287323,12.943450897287324,0,,,0.0851518590365011,Information
721809,13276.0,24616.29213,CAN,Canada,Québec,4.027807339,0.0,0.8,0.28,13276.0,13276.0,1.0,14.0,39.0,21.0,2.0,3.0,1.0,3.9,2.1,0.2,24.5,0.0,0.0,0.0,0.0,0.0,0.0,0.0,0.0,0.0,0.0,0.0,24.5,55.98840996941471,80.55614677999999,0.0,3.0,,,,,,,,,,,,,,,,2.953125,0.0119966280254404,1471.78125,5.978890900679016,0.044296875,0.0179949420381606,35.0,20.92611815237656,55.98840996941471,0,0.0,0.0,0.8548842062103189,Warning
722500,13330.0,11046.4106,CAN,Canada,Québec,0.076297364,0.0,0.8,0.28,13330.0,13330.0,1.0,10.0,45.0,21.0,2.0,3.0,1.0,4.5,2.1,0.2,-646.2,0.0,0.0,0.0,0.0,0.0,0.0,0.0,0.0,0.0,0.0,0.0,-646.2,0.7126905969733778,1.52594728,0.0,,,,,,,,,,,,,,,,,0.0,0.0,10.6875,0.0967508848495365,0.0,0.0,0.3740625,0.3386280969733777,0.7126905969733778,838,,,4.143145798472922e-07,Information
722690,13347.0,29693.46095,CAN,Canada,Québec,1.526283924,0.0,0.8,0.28,13347.0,,,,,,,,,,,,,,,,,,,,,,,,,70.00563951735607,30.52567848,0.0,3.0,0.375,0.001,0.25,0.001,0.062,0.0,3.375,0.011,0.0025,0.001,0.0009299999999999,0.0,0.084375,0.0274999999999999,0.116305,0.28125,0.000947178237384,3197.53125,10.768469380818734,0.00421875,0.001420767356076,35.0,35.0,70.00563951735607,0,0.0,0.0,0.5030393496909026,Watch
723020,13366.0,7723.955027,CAN,Canada,New foundland and Labrador,2.43033066,0.0,0.8,0.28,13366.0,13366.0,3.0,1.0,100.0,100.0,100.0,10.0,10.0,10.0,10.0,10.0,-1119.08,0.0,0.0,0.0,0.0,0.0,0.0,0.0,0.0,0.0,0.0,0.0,-1119.08,31.123302251863763,48.6066132,0.0,,9.812,0.127,8.875,0.115,0.0,0.0,0.0,0.0,0.08875,0.115,0.0,0.0,0.0,0.0,0.20375,0.5625,0.0072825385181394,387.28125,5.014027769739015,0.0084375,0.0109238077772091,13.55484375,17.549097194086553,31.123302251863763,10975,,,0.3079911008259096,Information
723040,13367.0,11283.28555,CAN,Canada,New foundland and Labrador,2.392253831,0.0,0.8,0.28,13367.0,13367.0,3.0,1.0,100.0,100.0,100.0,10.0,10.0,10.0,10.0,10.0,-1926.8,0.0,0.0,0.0,0.0,0.0,0.0,0.0,0.0,0.0,0.0,0.0,-1926.8,67.5804786385743,47.84507662,0.0,3.0,20.375,0.181,6.438,0.057,0.938,0.008,0.0,0.0,0.0643799999999999,0.057,0.01407,0.012,0.0,0.0,0.14745,0.0,0.0,1050.328125,9.308708182449804,0.0,0.0,35.0,32.58047863857431,67.5804786385743,18843,925.0,4.90898476887969,0.6022211808726895,Watch
723050,13368.0,2752.763118,CAN,Canada,New foundland and Labrador,1.811572372,0.0,0.8,0.28,13368.0,,,,,,,,,,,,,,,,,,,,,,,,,55.509453125,36.23144744,0.0,,3.5,0.127,3.5,0.127,0.0,0.0,0.0,0.0,0.035,0.127,0.0,0.0,0.0,0.0,0.162,0.0,0.0,585.984375,21.287134046861983,0.0,0.0,20.509453125,35.0,55.509453125,12557,,,0.4448409105865045,Advisory
723072,13371.0,1134.078315,CAN,Canada,New foundland and Labrador,0.327977795,0.0,0.8,0.28,13371.0,,,,,,,,,,,,,,,,,,,,,,,,,20.82663353507784,6.5595559,0.0,,5.625,0.496,2.438,0.215,0.0,0.0,0.0,0.0,0.02438,0.215,0.0,0.0,0.0,0.0,0.23938,0.0,0.0,60.609375,5.344372974307953,0.0,0.0,2.121328125,18.70530541007784,20.82663353507784,387,,,0.0666659296512182,Information
723079,13376.0,3100.065558,CAN,Canada,New foundland and Labrador,3.169854396,0.0,0.8,0.28,13376.0,13376.0,1.0,1.0,100.0,-9999.0,-9999.0,3.0,10.0,10.0,-999.9,-999.9,-3953.6,0.0,0.0,0.0,0.0,0.0,0.0,0.0,0.0,0.0,0.0,0.0,-3953.6,46.839512457705816,63.39708792,0.0,,,,,,,,,,,,,,,,,1.125,0.0362895551372104,336.234375,10.84604079163378,0.016875,0.0544343327058155,11.768203125,35.0,46.839512457705816,4953,,,0.5973908375623036,Advisory
723190,13393.0,21780.06019,CAN,Canada,New foundland and Labrador,2.587217727,0.0,0.8,0.28,13393.0,,,,,,,,,,,,,,,,,,,,,,,,,70.69559727733075,51.74435454,0.0,3.0,1.438,0.007,1.438,0.007,6.125,0.028,7.688,0.035,0.0143799999999999,0.007,0.091875,0.042,0.1921999999999999,0.0875,0.434955,31.78125,0.1459190182204983,3402.984375,15.6243111589285,0.47671875,0.2188785273307474,35.0,35.0,70.69559727733075,196,95.0,48.46938775510204,0.6487212784293919,Watch
723401,13396.0,12966.71463,CAN,Canada,New foundland and Labrador,0.251096665,0.0,0.8,0.28,13396.0,13396.0,1.0,1.0,100.0,-9999.0,-9999.0,3.0,10.0,10.0,-999.9,-999.9,-4966.5,0.0,0.0,0.0,0.0,0.0,0.0,0.0,0.0,0.0,0.0,0.0,-4966.5,70.03362522701855,5.0219333,0.0,3.0,,,,,,,,,,,,,,,,1.265625,0.0097605680123575,5587.03125,43.08748523677389,0.018984375,0.0146408520185362,35.0,35.0,70.03362522701855,4907,303.0,6.174852251885063,0.3803085594379385,Watch
723405,13400.0,1996.687553,CAN,Canada,New foundland and Labrador,0.671626871,0.0,0.8,0.28,13400.0,13400.0,0.0,15.0,-9999.0,-9999.0,-9999.0,0.0,1.0,-999.9,-999.9,-999.9,-5997.4,0.0,0.0,0.0,0.0,0.0,0.0,0.0,0.0,0.0,0.0,0.0,-5997.4,20.907457906644613,13.43253742,0.0,,,,,,,,,,,,,,,,,0.0,0.0,99.421875,4.979340651898461,0.0,0.0,3.479765625,17.427692281644614,20.907457906644613,9,,,0.0776848249453915,Information
723501,13405.0,14155.88311,CAN,Canada,New foundland and Labrador,4.010438073,0.0,0.8,0.28,13405.0,13405.0,1.0,1.0,100.0,-9999.0,-9999.0,3.0,10.0,10.0,-999.9,-999.9,-3953.6,0.0,0.0,0.0,0.0,0.0,0.0,0.0,0.0,0.0,0.0,0.0,-3953.6,72.35765929829509,80.20876146,0.0,3.0,20.5,0.145,18.875,0.133,4.75,0.034,9.5,0.067,0.18875,0.133,0.07125,0.051,0.2375,0.1675,0.849,92.109375,0.650679115530054,2178.984375,15.392783046012498,1.381640625,0.976018673295081,35.0,35.0,72.35765929829509,0,0.0,0.0,0.9025780397065468,Warning
723505,13409.0,23296.09423,CAN,Canada,New foundland and Labrador,2.178728154,0.0,0.8,0.28,13409.0,13409.0,2.0,1.0,100.0,100.0,-9999.0,7.0,10.0,10.0,10.0,-999.9,-2686.224999999999,0.0,0.0,0.0,0.0,0.0,0.0,0.0,0.0,0.0,0.0,0.0,-2686.224999999999,71.86919952358099,43.57456308,0.0,3.0,4.062,0.017,4.062,0.017,5.188,0.022,32.625,0.14,0.04062,0.017,0.07782,0.033,0.815625,0.35,1.334065,87.1875,0.3742580157206631,3430.40625,14.725241992725572,1.3078125,0.5613870235809946,35.0,35.0,71.86919952358099,3210,799.0,24.890965732087228,0.5955819176298703,Watch
723507,13411.0,4311.417883,CAN,Canada,Québec,2.2040033,0.0,0.8,0.28,13411.0,13411.0,2.0,1.0,100.0,100.0,-9999.0,7.0,10.0,10.0,10.0,-999.9,-1925.8,0.0,0.0,0.0,0.0,0.0,0.0,0.0,0.0,0.0,0.0,0.0,-1925.8,65.116953125,44.080066,0.0,3.0,0.0,0.0,0.0,0.0,0.438,0.01,1.0,0.023,0.0,0.0,0.00657,0.015,0.025,0.0574999999999999,0.10407,0.0,0.0,860.484375,19.95826891377721,0.0,0.0,30.116953125,35.0,65.116953125,915,210.0,22.950819672131146,0.5605106468248164,Watch
723509,13413.0,7628.335061,CAN,Canada,Québec,2.00134151,0.0,0.8,0.28,13413.0,13413.0,2.0,1.0,100.0,100.0,-9999.0,7.0,10.0,10.0,10.0,-999.9,-1925.8,0.0,0.0,0.0,0.0,0.0,0.0,0.0,0.0,0.0,0.0,0.0,-1925.8,71.66222461644651,40.0268302,0.0,3.0,0.625,0.008,0.625,0.008,1.062,0.014,2.312,0.03,0.00625,0.008,0.01593,0.021,0.0577999999999999,0.075,0.1839799999999999,47.953125,0.6286184942976778,4565.25,59.84595542193493,0.719296875,0.9429277414465168,35.0,35.0,71.66222461644651,1297,115.0,8.866615265998458,0.5706646102275122,Watch
723700,13415.0,16352.45961,CAN,Canada,Québec,0.156906114,3.074224341,0.8,0.28,13415.0,13415.0,2.0,1.0,100.0,100.0,-9999.0,7.0,10.0,10.0,10.0,-999.9,-2827.044444444444,0.0,0.0,0.0,0.0,0.0,0.0,0.0,0.0,0.0,0.0,0.0,-2827.044444444444,71.45490834474171,3.13812228,61.48448682,3.0,,,,,,,,,,,,,,,,60.1875,0.3680638964944693,4785.46875,29.26451962081026,0.9028125,0.5520958447417039,35.0,35.0,71.45490834474171,615,26.0,4.227642276422764,0.7317141429023423,Watch
723903,13420.0,6969.980837,CAN,Canada,Québec,3.352118946,0.0,0.8,0.28,13420.0,13420.0,2.0,1.0,100.0,100.0,-9999.0,7.0,10.0,10.0,10.0,-999.9,-3548.04,0.0,0.0,0.0,0.0,0.0,0.0,0.0,0.0,0.0,0.0,0.0,-3548.04,75.75203586144217,67.04237892,0.0,3.0,34.062,0.489,33.625,0.482,0.375,0.005,1.062,0.015,0.33625,0.482,0.005625,0.0075,0.02655,0.0375,0.8954249999999998,157.5,2.2596905742947806,1587.796875,22.780505602109265,2.3625,3.389535861442171,35.0,35.0,75.75203586144217,1061,373.0,35.1555136663525,0.7973640432632396,Watch
723905,13422.0,2473.168413,CAN,Canada,Québec,2.444877972,0.0,0.8,0.28,13422.0,13422.0,2.0,1.0,100.0,100.0,-9999.0,7.0,10.0,10.0,10.0,-999.9,-2939.7,0.0,0.0,0.0,0.0,0.0,0.0,0.0,0.0,0.0,0.0,0.0,-2939.7,34.51456135042732,48.89755944,0.0,,12.688,0.513,11.188,0.452,0.688,0.028,0.875,0.035,0.11188,0.452,0.01032,0.042,0.021875,0.0875,0.7255750000000001,4.078125,0.1648947551705316,193.78125,7.835343883620436,0.061171875,0.2473421327557974,6.78234375,27.42370359267153,34.51456135042732,754,,,0.3473625219997597,Information
723907,13424.0,79.64584403,CAN,Canada,Québec,0.0,4.001222408,0.8,0.28,13424.0,13424.0,1.0,1.0,100.0,-9999.0,-9999.0,3.0,10.0,10.0,-999.9,-999.9,-3953.6,0.0,0.0,0.0,0.0,0.0,0.0,0.0,0.0,0.0,0.0,0.0,-3953.6,34.88195045990668,0.0,80.02444816,3.0,0.25,0.314,0.25,0.314,0.0,0.0,0.0,0.0,0.0025,0.314,0.0,0.0,0.0,0.0,0.3165,0.0,0.0,7.875,9.887521559973338,0.0,0.0,0.275625,34.606325459906685,34.88195045990668,101,24.0,23.762376237623762,0.7113935456163827,Watch
724010,13427.0,8186.442271,CAN,Canada,Québec,3.17903469,2.194814357,0.8,0.28,13427.0,13427.0,1.0,1.0,100.0,-9999.0,-9999.0,3.0,10.0,10.0,-999.9,-999.9,-3953.6,0.0,0.0,0.0,0.0,0.0,0.0,0.0,0.0,0.0,0.0,0.0,-3953.6,60.628034081020125,63.5806938,43.89628714,3.0,2.875,0.035,2.75,0.034,4.625,0.056,1.938,0.024,0.0275,0.034,0.069375,0.084,0.04845,0.06,0.323325,288.703125,3.526600633770512,656.015625,8.013439822961246,4.330546875,5.289900950655768,22.960546875,28.04703938036436,60.628034081020125,332,132.0,39.75903614457831,0.6948545886597629,Watch
724020,13428.0,19134.18474,CAN,Canada,Québec,0.122931133,0.0,0.8,0.28,13428.0,13428.0,0.0,1.0,-9999.0,-9999.0,-9999.0,0.0,10.0,-999.9,-999.9,-999.9,-5979.4,0.0,0.0,0.0,0.0,0.0,0.0,0.0,0.0,0.0,0.0,0.0,-5979.4,77.23936732413182,2.45862266,0.0,3.0,11.312,0.059,10.438,0.055,9.438,0.049,0.812,0.004,0.10438,0.055,0.14157,0.0735,0.0203,0.01,0.40475,316.96875,1.6565573827545472,4305.65625,22.5024285471068,4.75453125,2.4848360741318207,35.0,35.0,77.23936732413182,1744,0.0,0.0,0.407738060959081,Watch
724030,13429.0,18963.42949,CAN,Canada,Québec,3.422920267,2.005888736,0.8,0.28,13429.0,13429.0,1.0,1.0,100.0,-9999.0,-9999.0,3.0,10.0,10.0,-999.9,-999.9,-3953.6,0.0,0.0,0.0,0.0,0.0,0.0,0.0,0.0,0.0,0.0,0.0,-3953.6,92.05584964142336,68.45840534,40.11777472,3.0,55.062,0.29,39.375,0.208,46.312,0.244,23.875,0.126,0.39375,0.208,0.6946799999999999,0.366,0.596875,0.315,2.5743050000000003,962.71875,5.076712260948903,2306.109375,12.160824476672666,14.44078125,7.615068391423355,35.0,35.0,92.05584964142336,56504,5123.0,9.066614752937845,0.8579351389163018,Warning
724041,13430.0,425.1581242,CAN,Canada,Québec,1.304136099,0.0,0.8,0.28,13430.0,13430.0,0.0,2.0,-9999.0,-9999.0,-9999.0,0.0,9.0,-999.9,-999.9,-999.9,-5981.4,0.0,0.0,0.0,0.0,0.0,0.0,0.0,0.0,0.0,0.0,0.0,-5981.4,53.21609375,26.08272198,0.0,,3.312,0.779,3.0,0.706,0.875,0.206,0.062,0.015,0.03,0.706,0.013125,0.309,0.00155,0.0375,1.097175,50.34375,11.841182640348777,70.3125,16.5379645814927,0.75515625,15.0,2.4609375,35.0,53.21609375,136,,,0.3712344144834275,Advisory
724045,13434.0,2031.661553,CAN,Canada,Québec,1.279348569,0.0,0.8,0.28,13434.0,13434.0,0.0,3.0,-9999.0,-9999.0,-9999.0,0.0,8.0,-999.9,-999.9,-999.9,-5983.4,0.0,0.0,0.0,0.0,0.0,0.0,0.0,0.0,0.0,0.0,0.0,-5983.4,51.31914106226145,25.58697138,0.0,,4.875,0.24,4.375,0.215,5.438,0.268,0.875,0.043,0.04375,0.215,0.08157,0.402,0.021875,0.1074999999999999,0.8716949999999999,94.78125,4.665208624840966,225.703125,11.10928760069696,1.42171875,6.9978129372614495,7.899609375,35.0,51.31914106226145,6,,,0.355107542191356,Advisory
724050,13439.0,19891.18163,CAN,Canada,Québec,3.105966639,1.131897708,0.8,0.28,13439.0,13439.0,0.0,15.0,-9999.0,-9999.0,-9999.0,0.0,1.0,-999.9,-999.9,-999.9,-5988.4,0.0,0.0,0.0,0.0,0.0,0.0,0.0,0.0,0.0,0.0,0.0,-5988.4,92.62574888941238,62.11933278,22.63795416,3.0,73.188,0.368,56.5,0.284,27.188,0.137,2.688,0.014,0.565,0.284,0.4078199999999999,0.2055,0.0672,0.035,1.5645199999999997,1011.234375,5.083832592941588,2523.515625,12.6866049061795,15.0,7.625748889412383,35.0,35.0,92.62574888941238,7782,469.0,6.026728347468517,0.8143728368416776,Warning
724060,13440.0,19017.08272,CAN,Canada,Québec,1.256519593,0.0,0.8,0.28,13440.0,13440.0,1.0,5.0,98.0,2.0,-9999.0,3.0,6.0,9.8,0.2,-999.9,-3298.444444444444,0.0,0.0,0.0,0.0,0.0,0.0,0.0,0.0,0.0,0.0,0.0,-3298.444444444444,93.41882873627014,25.13039186,0.0,3.0,49.625,0.261,47.125,0.248,15.375,0.081,1.0,0.005,0.47125,0.248,0.230625,0.1215,0.025,0.0125,1.1088749999999998,1067.34375,5.6125524908467606,5669.296875,29.81160127384548,15.0,8.418828736270141,35.0,35.0,93.41882873627014,6,0.0,0.0,0.5875880444143122,Warning
724070,13441.0,7694.954643,CAN,Canada,Québec,2.754470787,0.503993483,0.8,0.28,13441.0,,,,,,,,,,,,,,,,,,,,,,,,,83.93582904184579,55.08941573999999,10.07986966,3.0,91.625,1.191,89.688,1.166,54.062,0.703,12.625,0.164,0.89688,1.166,0.8109299999999999,1.0545,0.315625,0.41,4.653935,404.015625,5.250396444563864,1386.140625,18.013629569810654,6.060234375,7.875594666845796,35.0,35.0,83.93582904184579,9731,1624.0,16.68893227828589,0.7341388522984968,Warning
724083,13443.0,8738.842702,CAN,Canada,Québec,2.530449974,0.0,0.8,0.28,13443.0,13443.0,0.0,2.0,-9999.0,-9999.0,-9999.0,0.0,9.0,-999.9,-999.9,-999.9,-5981.4,0.0,0.0,0.0,0.0,0.0,0.0,0.0,0.0,0.0,0.0,0.0,-5981.4,56.703931237976846,50.60899948,0.0,,,,,,,,,,,,,,,,,239.765625,2.743677088336596,652.78125,7.4698821372777,3.596484375,4.115515632504894,22.84734375,26.144587480471948,56.703931237976846,134772,,,0.554909550865665,Advisory
724084,13444.0,16833.84957,CAN,Canada,Québec,1.36396982,0.0,0.8,0.28,13444.0,,,,,,,,,,,,,,,,,,,,,,,,,100.0,27.279396400000003,0.0,3.0,354.875,2.108,304.062,1.806,31.25,0.186,25.625,0.152,3.04062,1.806,0.46875,0.279,0.640625,0.38,6.614995,2817.703125,16.7383171277615,4994.296875,29.66818050568697,15.0,15.0,35.0,35.0,100.0,21607,2781.0,12.870828898042303,0.6249643823628303,Warning
724086,13446.0,22041.67903,CAN,Canada,Québec,2.248452509,0.0,0.8,0.28,13446.0,,,,,,,,,,,,,,,,,,,,,,,,,93.45791113391462,44.96905018,0.0,3.0,69.375,0.315,65.438,0.297,11.5,0.052,3.812,0.017,0.6543800000000001,0.297,0.1725,0.078,0.0953,0.0425,1.3396800000000002,1242.84375,5.638607422609748,3678.1875,16.687419749466002,15.0,8.457911133914621,35.0,35.0,93.45791113391462,22275,1591.0,7.142536475869809,0.7018107049863175,Warning
724087,13447.0,4660.349524,CAN,Canada,Québec,0.605555527,0.0,0.8,0.28,13447.0,13447.0,0.0,2.0,-9999.0,-9999.0,-9999.0,0.0,9.0,-999.9,-999.9,-999.9,-5981.4,0.0,0.0,0.0,0.0,0.0,0.0,0.0,0.0,0.0,0.0,0.0,-5981.4,42.863707963090654,12.11111054,0.0,,,,,,,,,,,,,,,,,181.265625,3.889528544305574,311.625,6.68673022046637,2.718984375,5.834292816458361,10.906875,23.40355577163229,42.863707963090654,3815,,,0.236363877212668,Advisory
724090,13450.0,7730.373935,CAN,Canada,Québec,1.604738196,0.021266291,0.8,0.28,13450.0,,,,,,,,,,,,,,,,,,,,,,,,,45.56645518551783,32.09476392,0.4253258199999999,,15.875,0.205,14.25,0.184,7.688,0.099,1.75,0.023,0.1425,0.184,0.11532,0.1485,0.04375,0.0574999999999999,0.6915699999999999,280.6875,3.630969243517507,447.328125,5.786629841497589,4.2103125,5.44645386527626,15.656484375,20.253204445241565,45.56645518551783,530153,,,0.3449682165961839,Advisory
725100,13451.0,24788.27955,CAN,Canada,Québec,1.80001856,0.0,0.8,0.28,13451.0,,,,,,,,,,,,,,,,,,,,,,,,,32.50246737435212,36.000371200000004,0.0,,12.75,0.051,4.5,0.018,2.688,0.011,0.125,0.001,0.045,0.018,0.04032,0.0165,0.003125,0.0025,0.125445,327.9375,1.3229538552425255,521.15625,2.102430097568096,4.9190625,1.984430782863788,18.24046875,7.358505341488335,32.50246737435212,677933,,,0.249024952416328,Information
725201,13452.0,2468.344805,CAN,Canada,Québec,0.291050249,0.0,0.8,0.28,13452.0,13452.0,0.0,1.0,-9999.0,-9999.0,-9999.0,0.0,10.0,-999.9,-999.9,-999.9,-5979.4,0.0,0.0,0.0,0.0,0.0,0.0,0.0,0.0,0.0,0.0,0.0,-5979.4,33.64874706746592,5.82100498,0.0,,,,,,,,,,,,,,,,,126.140625,5.110332428386517,136.265625,5.520526335681756,1.892109375,7.665498642579775,4.769296875,19.321842174886147,33.64874706746592,113784,,,0.1516878352989645,Information
725202,13453.0,5805.963704,CAN,Canada,Québec,3.484177091,0.0,0.8,0.28,13453.0,,,,,,,,,,,,,,,,,,,,,,,,,56.23814602390574,69.68354182,0.0,3.0,148.875,2.564,103.0,1.774,19.625,0.338,0.5,0.009,1.03,1.774,0.294375,0.507,0.0125,0.0225,3.6403750000000006,411.1875,7.0821576054391,414.0,7.13059917592774,6.1678125,10.62323640815865,14.49,24.95709711574709,56.23814602390574,2697,96.0,3.5595105672969964,0.731680867666687,Watch
725203,13454.0,6331.916215,CAN,Canada,Québec,1.215553954,0.0,0.8,0.28,13454.0,,,,,,,,,,,,,,,,,,,,,,,,,35.19959637318102,24.31107908,0.0,,5.062,0.08,4.688,0.074,0.875,0.014,0.125,0.002,0.04688,0.074,0.013125,0.021,0.003125,0.005,0.1631299999999999,263.390625,4.15973010498666,277.03125,4.375156597343151,3.950859375,6.2395951574799895,9.69609375,15.313048090701033,35.19959637318102,10234,,,0.2219580118322615,Advisory
725207,13458.0,4928.300252,CAN,Canada,Québec,0.542086842,0.0,0.8,0.28,13458.0,13458.0,0.0,1.0,-9999.0,-9999.0,-9999.0,0.0,10.0,-999.9,-999.9,-999.9,-5979.4,0.0,0.0,0.0,0.0,0.0,0.0,0.0,0.0,0.0,0.0,0.0,-5979.4,77.73335937499999,10.84173684,0.0,3.0,3.375,0.068,3.375,0.068,1.125,0.023,0.0,0.0,0.03375,0.068,0.016875,0.0345,0.0,0.0,0.153125,525.234375,10.657515738789918,567.28125,11.510687681466807,7.878515625,15.0,19.85484375,35.0,77.73335937499999,1131,95.0,8.399646330680813,0.4454646019005421,Watch
725209,13460.0,12435.40171,CAN,Canada,Québec,0.216030346,0.0,0.8,0.28,13460.0,,,,,,,,,,,,,,,,,,,,,,,,,100.0,4.32060692,0.0,3.0,487.938,3.924,436.812,3.513,13.25,0.107,8.562,0.069,4.36812,3.513,0.19875,0.1605,0.2140499999999999,0.1725,8.62692,2771.71875,22.28893616674236,2944.546875,23.67874350052857,15.0,15.0,35.0,35.0,100.0,1910,319.0,16.701570680628272,0.5176144519888499,Warning
725305,13465.0,113.0287734,CAN,Canada,Québec,0.962290564,0.0,0.8,0.28,13465.0,,,,,,,,,,,,,,,,,,,,,,,,,51.920234375,19.24581128,0.0,,0.188,0.166,0.188,0.166,0.188,0.166,0.188,0.166,0.00188,0.166,0.00282,0.249,0.0046999999999999,0.415,0.8393999999999999,33.1875,29.361992516394704,40.640625,35.9559993103308,0.4978125,15.0,1.422421875,35.0,51.920234375,12699,,,0.3293527036340213,Advisory
725308,13468.0,5668.589399,CAN,Canada,Québec,2.437557999,0.0,0.8,0.28,13468.0,,,,,,,,,,,,,,,,,,,,,,,,,25.63882287298881,48.75115998,0.0,,18.125,0.32,14.938,0.264,4.0,0.071,0.0,0.0,0.14938,0.264,0.06,0.1064999999999999,0.0,0.0,0.57988,180.984375,3.192758590439145,187.453125,3.3068742820943124,2.714765625,4.789137885658718,6.560859375,11.574059987330092,25.63882287298881,2140195,,,0.244284930710363,Information
725309,13469.0,3518.287942,CAN,Canada,Québec,2.143491245,0.0,0.8,0.28,13469.0,13469.0,0.0,1.0,-9999.0,-9999.0,-9999.0,0.0,10.0,-999.9,-999.9,-999.9,-5979.4,0.0,0.0,0.0,0.0,0.0,0.0,0.0,0.0,0.0,0.0,0.0,-5979.4,10.984751254890924,42.8698249,0.0,,,,,,,,,,,,,,,,,47.53125,1.3509766904343987,61.3125,1.7426799912112363,0.71296875,2.026465035651598,2.1459375,6.099379969239327,10.984751254890924,1595376,,,0.0495918097696128,Information
725410,13470.0,17118.1608,CAN,Canada,Québec,2.457752639,0.0,0.8,0.28,13470.0,13470.0,0.0,1.0,-9999.0,-9999.0,-9999.0,0.0,10.0,-999.9,-999.9,-999.9,-5979.4,0.0,0.0,0.0,0.0,0.0,0.0,0.0,0.0,0.0,0.0,0.0,-5979.4,50.02737723290672,49.155052780000005,0.0,,197.0,1.151,168.0,0.981,26.125,0.153,0.562,0.003,1.68,0.981,0.391875,0.2294999999999999,0.01405,0.0075,3.303925,623.8125,3.644156094791005,634.921875,3.70905427592006,9.3571875,5.466234142186508,22.222265625,12.98168996572021,50.02737723290672,645758,,,0.4935332888437271,Advisory
725420,13471.0,9567.745906,CAN,Canada,Québec,1.748759756,0.0,0.8,0.28,13471.0,13471.0,0.0,3.0,3.0,2.0,-9999.0,0.0,8.0,0.3,0.2,-999.9,-3981.1,0.0,0.0,0.0,0.0,0.0,0.0,0.0,0.0,0.0,0.0,0.0,-3981.1,50.96616175101608,34.97519512,0.0,,237.062,2.478,176.688,1.847,12.562,0.131,1.938,0.02,1.7668799999999998,1.847,0.18843,0.1965,0.04845,0.05,4.09726,472.21875,4.935527705683199,509.625,5.326489697854649,7.08328125,7.403291558524799,17.836875,18.64271394249128,50.96616175101608,42938,,,0.4037676445550527,Advisory
725430,13472.0,782.4356962,CAN,Canada,Québec,0.869447332,0.0,0.8,0.28,13472.0,,,,,,,,,,,,,,,,,,,,,,,,,28.138268735081155,17.38894664,0.0,,3.25,0.415,3.188,0.407,0.562,0.072,0.062,0.008,0.03188,0.407,0.00843,0.1079999999999999,0.00155,0.02,0.57686,40.640625,5.194116934874969,40.921875,5.2300623807910585,0.609609375,7.791175402312453,1.432265625,18.305218332768703,28.138268735081155,329777,,,0.1407372372618668,Information
725440,13473.0,24188.94778,CAN,Canada,Québec,2.124830375,0.0,0.8,0.28,13473.0,13473.0,1.0,1.0,100.0,5.0,-9999.0,3.0,10.0,10.0,0.5,-999.9,-1943.95,0.0,0.0,0.0,0.0,0.0,0.0,0.0,0.0,0.0,0.0,0.0,-1943.95,76.84577682823644,42.4966075,0.0,3.0,837.5,3.462,705.375,2.916,31.812,0.132,38.312,0.158,7.05375,2.916,0.47718,0.198,0.9578,0.395,11.99773,1210.640625,5.004932980656976,1336.5,5.525250673500278,15.0,7.507399470985464,35.0,19.338377357250973,76.84577682823644,121357,1030.0,0.8487355488352546,0.6140752680936319,Watch
725450,13474.0,8697.635078,CAN,Canada,Ontario,2.113045945,0.0,0.8,0.28,13474.0,13474.0,1.0,1.0,100.0,-9999.0,-9999.0,3.0,10.0,10.0,-999.9,-999.9,-3953.6,0.0,0.0,0.0,0.0,0.0,0.0,0.0,0.0,0.0,0.0,0.0,-3953.6,37.19583864221215,42.2609189,0.0,,58.562,0.673,49.562,0.57,7.938,0.091,1.25,0.014,0.4956199999999999,0.57,0.11907,0.1365,0.03125,0.035,1.38744,342.703125,3.940187440756747,347.484375,3.995159280307724,5.140546875,5.910281161135121,12.161953125,13.983057481077031,37.19583864221215,939700,,,0.3300636669653967,Advisory
725460,13475.0,8508.439876,CAN,Canada,Ontario,1.456995061,0.0,0.8,0.28,13475.0,,,,,,,,,,,,,,,,,,,,,,,,,46.01531865024526,29.13990122,0.0,,86.688,1.019,82.375,0.968,5.875,0.069,4.5,0.053,0.82375,0.968,0.088125,0.1035,0.1125,0.1325,2.228375,355.640625,4.1798570617148245,451.96875,5.31200498076372,5.334609375,6.269785592572237,15.81890625,18.59201743267302,46.01531865024526,24533,,,0.3329676897842408,Advisory
725471,13476.0,4172.437327,CAN,Canada,Ontario,2.070773642,0.0,0.8,0.28,13476.0,,,,,,,,,,,,,,,,,,,,,,,,,28.11496300668255,41.41547283999999,0.0,,30.375,0.728,29.25,0.701,3.938,0.094,5.5,0.132,0.2925,0.701,0.05907,0.141,0.1375,0.33,1.66107,150.1875,3.599514821803766,172.125,4.125286649707687,2.2528125,5.399272232705649,6.024375,14.438503273976904,28.11496300668255,30806,,,0.2314229654165678,Information
725472,13477.0,5386.872555,CAN,Canada,Québec,4.017166217,0.0,0.8,0.28,13477.0,,,,,,,,,,,,,,,,,,,,,,,,,48.00834952485532,80.34332434,0.0,3.0,228.562,4.243,220.562,4.094,17.125,0.318,34.188,0.635,2.20562,4.094,0.256875,0.477,0.8547,1.5875,9.475695000000002,269.015625,4.993911072711533,364.921875,6.774280833082293,4.035234375,7.490866609067298,12.772265625,23.709982915788025,48.00834952485532,2114,0.0,0.0,0.8140601502112463,Warning
725473,13478.0,101.1831722,CAN,Canada,Ontario,1.924487033,0.0,0.8,0.28,13478.0,,,,,,,,,,,,,,,,,,,,,,,,,49.55184918063569,38.48974066,0.0,,2.75,2.718,2.5,2.471,0.312,0.309,0.438,0.432,0.025,2.471,0.00468,0.4635,0.01095,1.08,4.05513,9.421875,9.31170153709046,12.65625,12.508255796091664,0.141328125,13.96755230563569,0.44296875,35.0,49.55184918063569,617,,,0.4144220065699895,Advisory
725474,13479.0,2916.443186,CAN,Canada,Québec,2.314791203,0.0,0.8,0.28,13479.0,,,,,,,,,,,,,,,,,,,,,,,,,42.89879481027995,46.29582406,0.0,,55.562,1.905,54.312,1.862,4.312,0.148,6.0,0.206,0.5431199999999999,1.862,0.06468,0.2219999999999999,0.15,0.515,3.3568,149.625,5.130393100774952,212.625,7.2905586168907215,2.244375,7.695589651162427,7.441875,25.51695515911753,42.89879481027995,701,,,0.4111269375223591,Advisory
725475,13480.0,1338.725902,CAN,Canada,Ontario,0.62897332,0.0,0.8,0.28,13480.0,,,,,,,,,,,,,,,,,,,,,,,,,32.34334498958677,12.5794664,0.0,,11.562,0.864,9.438,0.705,0.812,0.061,1.625,0.121,0.09438,0.705,0.01218,0.0915,0.040625,0.3025,1.246185,62.296875,4.653445107627301,82.40625,6.155572986613089,0.934453125,6.980167661440952,2.88421875,21.544505453145813,32.34334498958677,31638,,,0.1600330855012791,Information
725476,13481.0,4173.336631,CAN,Canada,Ontario,3.044897543,0.0,0.8,0.28,13481.0,,,,,,,,,,,,,,,,,,,,,,,,,32.205984693103204,60.89795086,0.0,,55.812,1.337,51.125,1.225,0.938,0.022,2.0,0.048,0.51125,1.225,0.01407,0.033,0.05,0.12,1.95332,165.9375,3.976135037497113,199.828125,4.788210074816438,2.4890625,5.96420255624567,6.993984375,16.75873526185753,32.205984693103204,9791,,,0.4230791015764159,Advisory
725477,13482.0,12697.93041,CAN,Canada,Québec,1.97001982,0.0,0.8,0.28,13482.0,13482.0,3.0,1.0,100.0,100.0,100.0,10.0,10.0,10.0,10.0,10.0,-912.9,0.0,0.0,0.0,0.0,0.0,0.0,0.0,0.0,0.0,0.0,0.0,-912.9,44.66618294630463,39.400396400000005,0.0,,238.688,1.88,216.438,1.705,22.625,0.178,14.125,0.111,2.16438,1.705,0.339375,0.267,0.353125,0.2775,5.106380000000001,417.65625,3.2891678928484867,534.9375,4.2127928162948285,6.26484375,4.93375183927273,18.7228125,14.7447748570319,44.66618294630463,24152,,,0.3801557836531831,Advisory
725478,13483.0,8056.937724,CAN,Canada,Québec,3.575669449,0.0,0.8,0.28,13483.0,,,,,,,,,,,,,,,,,,,,,,,,,94.7624369090707,71.51338898,0.0,3.0,791.25,9.821,725.0,8.998,91.812,1.14,68.0,0.844,7.25,8.998,1.3771799999999998,1.71,1.7,2.11,23.14518,736.59375,9.142353772713802,1004.765625,12.47081284956856,11.04890625,13.713530659070702,35.0,35.0,94.7624369090707,457,137.0,29.978118161925604,0.8853064006684284,Warning
725480,13485.0,8751.4627,CAN,Canada,Ontario,2.994093423,0.0,0.8,0.28,13485.0,13485.0,1.0,1.0,100.0,-9999.0,-9999.0,3.0,10.0,10.0,-999.9,-999.9,-3957.4,0.0,0.0,0.0,0.0,0.0,0.0,0.0,0.0,0.0,0.0,0.0,-3957.4,98.759453125,59.88186845999999,0.0,3.0,658.812,7.528,648.75,7.413,120.312,1.375,22.812,0.261,6.4875,7.413,1.80468,2.0625,0.5703,0.6525000000000001,18.99048,917.296875,10.481640685999032,1747.265625,19.965412467198828,13.759453125,15.0,35.0,35.0,98.759453125,2098,458.0,21.830314585319353,0.8161682835515622,Warning
725491,13486.0,1650.643763,CAN,Canada,Ontario,4.001025032,0.0,0.8,0.28,13486.0,13486.0,1.0,1.0,100.0,-9999.0,-9999.0,3.0,10.0,10.0,-999.9,-999.9,-3953.6,0.0,0.0,0.0,0.0,0.0,0.0,0.0,0.0,0.0,0.0,0.0,-3953.6,37.58348641000645,80.02050064000001,0.0,3.0,27.688,1.677,25.062,1.518,3.875,0.235,1.312,0.08,0.25062,1.518,0.058125,0.3525,0.0328,0.2,2.412045,65.25,3.953003154428362,124.171875,7.522633158103972,0.97875,5.929504731642543,4.346015625,26.3292160533639,37.58348641000645,17417,2288.0,13.136590687259575,0.7362601803186013,Watch
725492,13487.0,5047.633691,CAN,Canada,Ontario,0.8240999,0.0,0.8,0.28,13487.0,13487.0,2.0,1.0,100.0,100.0,-9999.0,7.0,10.0,10.0,10.0,-999.9,-1944.7333333333336,0.0,0.0,0.0,0.0,0.0,0.0,0.0,0.0,0.0,0.0,0.0,-1944.7333333333336,71.33988418472322,16.481998,0.0,3.0,404.812,8.02,380.938,7.547,85.188,1.688,25.312,0.501,3.80938,7.547,1.2778200000000002,2.532,0.6328,1.2525,17.0515,351.703125,6.967683206482144,588.9375,11.667595869151228,5.275546875,10.451524809723216,20.6128125,35.0,71.33988418472322,14600,726.0,4.972602739726027,0.4373833835616409,Watch
725494,13489.0,1880.734823,CAN,Canada,Québec,2.585601339,0.0,0.8,0.28,13489.0,,,,,,,,,,,,,,,,,,,,,,,,,69.1840625,51.71202678,0.0,3.0,219.562,11.674,189.188,10.059,37.812,2.011,17.812,0.947,1.89188,10.0,0.56718,3.0165,0.4453,2.3675,18.28836,270.28125,14.3710451212521,432.28125,22.984699637215893,4.05421875,15.0,15.12984375,35.0,69.1840625,1815,411.0,22.644628099173552,0.6404223696587099,Watch
725495,13490.0,3984.299814,CAN,Canada,Québec,1.836177248,0.0,0.8,0.28,13490.0,13490.0,2.0,1.0,100.0,100.0,-9999.0,7.0,10.0,10.0,10.0,-999.9,-1925.8,0.0,0.0,0.0,0.0,0.0,0.0,0.0,0.0,0.0,0.0,0.0,-1925.8,71.25041709573037,36.72354496,0.0,3.0,434.125,10.896,383.625,9.628,45.312,1.137,29.375,0.737,3.83625,9.628,0.6796799999999998,1.7055,0.734375,1.8425,18.426305,321.890625,8.07897598048691,551.53125,13.842614152673509,4.828359375,12.118463970730364,19.30359375,35.0,71.25041709573037,953,8.0,0.8394543546694648,0.5472384790247167,Watch
725496,13491.0,4117.182684,CAN,Canada,Québec,0.288405967,0.0,0.8,0.28,13491.0,13491.0,2.0,3.0,100.0,100.0,3.0,7.0,8.0,10.0,10.0,0.3,-1943.5,0.0,0.0,0.0,0.0,0.0,0.0,0.0,0.0,0.0,0.0,0.0,-1943.5,78.02922290236948,5.76811934,0.0,3.0,188.25,4.572,161.062,3.912,18.75,0.455,12.312,0.299,1.6106200000000002,3.912,0.28125,0.6825,0.3077999999999999,0.7474999999999999,7.54167,240.046875,5.830367351579652,876.65625,21.29262452826453,3.600703125,8.745551027369478,30.68296875,35.0,78.02922290236948,42008,2056.0,4.894305846505428,0.42517371416581,Watch
725497,13492.0,6967.54324,CAN,Canada,Québec,1.031826045,0.0,0.8,0.28,13492.0,13492.0,2.0,1.0,100.0,100.0,-9999.0,7.0,10.0,10.0,10.0,-999.9,-1925.8,0.0,0.0,0.0,0.0,0.0,0.0,0.0,0.0,0.0,0.0,0.0,-1925.8,96.139609375,20.6365209,0.0,3.0,638.062,9.158,592.5,8.504,37.688,0.541,87.75,1.259,5.925,8.504,0.56532,0.8115000000000001,2.19375,3.1475,21.14707,742.640625,10.658572174785183,1440.140625,20.669274312057382,11.139609375,15.0,35.0,35.0,96.139609375,122,1.0,0.819672131147541,0.576036110967639,Warning
725520,13496.0,21175.83331,CAN,Canada,Ontario,2.915443935,0.0,0.8,0.28,13496.0,,,,,,,,,,,,,,,,,,,,,,,,,62.345992446855405,58.3088787,0.0,3.0,216.625,1.023,205.5,0.97,17.25,0.081,7.375,0.035,2.055,0.97,0.25875,0.1215,0.184375,0.0875,3.6771250000000006,727.453125,3.435298693799661,898.171875,4.241494830330261,10.911796875,5.152948040699491,31.436015625,14.845231906155911,62.345992446855405,570305,16537.0,2.8996764888962923,0.6563092883129917,Watch
725554,13502.0,7889.420645,CAN,Canada,Ontario,4.007733836,0.0,0.8,0.28,13502.0,,,,,,,,,,,,,,,,,,,,,,,,,7.037461507443597,80.15467672,0.0,,26.875,0.341,17.312,0.219,0.062,0.001,0.0,0.0,0.17312,0.219,0.0009299999999999,0.0015,0.0,0.0,0.39455,57.9375,0.7343695133968111,63.84375,0.8092324249566802,0.8690625,1.1015542700952166,2.23453125,2.832313487348381,7.037461507443597,6017740,,,0.1499329854536131,Information
725574,13512.0,6670.84669,CAN,Canada,Ontario,2.10938811,0.0,0.8,0.28,13512.0,,,,,,,,,,,,,,,,,,,,,,,,,3.1171869768364653,42.1877622,0.0,,10.062,0.151,8.25,0.124,0.312,0.005,0.0,0.0,0.0825,0.124,0.00468,0.0075,0.0,0.0,0.21868,21.796875,0.3267482527166315,26.296875,0.3942059565032909,0.326953125,0.4901223790749472,0.920390625,1.3797208477615182,3.1171869768364653,688218,,,0.0017486440458123,Information
725576,13514.0,3418.697269,CAN,Canada,Ontario,2.791636197,0.0,0.8,0.28,13514.0,,,,,,,,,,,,,,,,,,,,,,,,,2.732231188302524,55.83272394,0.0,,5.562,0.163,2.688,0.079,1.375,0.04,0.0,0.0,0.02688,0.079,0.020625,0.06,0.0,0.0,0.186505,10.96875,0.3208458993688826,15.1875,0.4442481683569143,0.16453125,0.4812688490533239,0.5315625,1.5548685892492,2.732231188302524,66802,,,0.0026940561061768,Information
725602,13529.0,2490.275664,CAN,Canada,Ontario,1.562659615,0.0,0.8,0.28,13529.0,,,,,,,,,,,,,,,,,,,,,,,,,21.42414115584712,31.2531923,0.0,,3.625,0.146,3.312,0.133,0.875,0.035,0.062,0.003,0.03312,0.133,0.013125,0.0525,0.00155,0.0075,0.2407949999999999,30.796875,1.2366853777795948,108.84375,4.370751061193636,0.461953125,1.855028066669392,3.80953125,15.297628714177726,21.42414115584712,11053,,,0.1218250286453404,Information
725603,13530.0,13245.26604,CAN,Canada,Ontario,3.44166471,0.0,0.8,0.28,13530.0,,,,,,,,,,,,,,,,,,,,,,,,,31.0171965914784,68.8332942,0.0,,72.875,0.55,65.438,0.494,10.188,0.077,0.375,0.003,0.6543800000000001,0.494,0.15282,0.1154999999999999,0.009375,0.0075,1.4335749999999998,10.125,0.0764424056800163,500.625,3.77965228084525,0.151875,0.1146636085200244,17.521875,13.228782982958377,31.0171965914784,8798,,,0.4980816440472932,Advisory
725604,13531.0,33683.75604,CAN,Canada,Ontario,1.685775999,0.0,0.8,0.28,13531.0,,,,,,,,,,,,,,,,,,,,,,,,,36.29052468669012,33.71551998,0.0,,472.75,1.403,361.375,1.073,16.125,0.048,2.75,0.008,3.61375,1.073,0.241875,0.072,0.06875,0.02,5.089375,429.328125,1.2745850683308175,615.515625,1.8273366669125413,6.439921875,1.9118776024962263,21.543046875,6.395678334193894,36.29052468669012,949220,,,0.2734542533685056,Advisory
725606,13533.0,4333.932481,CAN,Canada,Ontario,0.04714619,0.0,0.8,0.28,13533.0,,,,,,,,,,,,,,,,,,,,,,,,,47.22851526141092,0.9429238,0.0,,185.438,4.279,183.562,4.235,26.125,0.603,2.125,0.049,1.83562,4.235,0.391875,0.9045,0.053125,0.1225,7.5426199999999985,55.546875,1.281673751182462,384.1875,8.864639717039207,0.833203125,1.922510626773693,13.4465625,31.026239009637223,47.22851526141092,9046,,,0.2294381757025843,Advisory
725607,13534.0,3393.094843,CAN,Canada,Ontario,1.179869258,0.0,0.8,0.28,13534.0,,,,,,,,,,,,,,,,,,,,,,,,,17.537425549967423,23.59738516,0.0,,98.188,2.894,95.438,2.813,7.938,0.234,0.375,0.011,0.95438,2.813,0.11907,0.351,0.009375,0.0274999999999999,4.274325,8.4375,0.2486667892065344,123.328125,3.634679568902178,0.1265625,0.3730001838098016,4.316484375,12.721378491157624,17.537425549967423,4049,,,0.0705536931305701,Information
725608,13535.0,2679.599461,CAN,Canada,Ontario,3.612711155,0.0,0.8,0.28,13535.0,,,,,,,,,,,,,,,,,,,,,,,,,4.361851586067578,72.2542231,0.0,,18.188,0.679,16.875,0.63,0.438,0.016,0.0,0.0,0.16875,0.63,0.00657,0.024,0.0,0.0,0.8293200000000001,17.15625,0.6402542711674212,18.984375,0.7084780869475562,0.25734375,0.9603814067511318,0.664453125,2.4796733043164467,4.361851586067578,59750,,,0.0321433008572,Information
725609,13536.0,7786.124638,CAN,Canada,Ontario,3.539859835,0.0,0.8,0.28,13536.0,,,,,,,,,,,,,,,,,,,,,,,,,61.636917055860266,70.7971967,0.0,3.0,294.125,3.778,290.312,3.729,32.125,0.413,3.812,0.049,2.90312,3.729,0.481875,0.6194999999999999,0.0953,0.1225,7.951294999999999,187.734375,2.411140120726955,690.46875,8.86793857136281,2.816015625,3.6167101810904327,24.16640625,31.03778499976984,61.636917055860266,16781,174.0,1.0368869554853704,0.772467098579934,Watch
725702,13538.0,1883.247538,CAN,Canada,Ontario,3.096306043,0.0,0.8,0.28,13538.0,,,,,,,,,,,,,,,,,,,,,,,,,5.714472387065187,61.92612086,0.0,,2.812,0.149,2.688,0.143,0.625,0.033,0.0,0.0,0.02688,0.143,0.009375,0.0495,0.0,0.0,0.228755,0.0,0.0,25.875,1.3739563963043393,0.0,0.0,0.905625,4.808847387065187,5.714472387065187,335,,,0.0289452304309682,Information
725706,13542.0,31048.35513,CAN,Canada,Ontario,1.57215188,0.0,0.8,0.28,13542.0,13542.0,1.0,1.0,100.0,-9999.0,-9999.0,3.0,10.0,10.0,-999.9,-999.9,-2953.025,0.0,0.0,0.0,0.0,0.0,0.0,0.0,0.0,0.0,0.0,0.0,-2953.025,74.31420988907539,31.4430376,0.0,3.0,1145.688,3.69,1096.125,3.53,102.75,0.331,12.5,0.04,10.0,3.53,1.54125,0.4965,0.3125,0.1,15.980249999999998,217.546875,0.70067117605026,3403.265625,10.96117849488839,3.263203125,1.05100676407539,35.0,35.0,74.31420988907539,185690,6048.0,3.2570413054014757,0.5321347657773866,Watch
725708,13544.0,2685.757308,CAN,Canada,Ontario,4.023577369,0.0,0.8,0.28,13544.0,,,,,,,,,,,,,,,,,,,,,,,,,23.54993201167237,80.47154738,0.0,,12.625,0.47,11.75,0.437,8.375,0.312,1.0,0.037,0.1175,0.437,0.125625,0.4679999999999999,0.025,0.0925,1.2656249999999998,0.0,0.0,142.453125,5.304020753334963,0.0,0.0,4.985859375,18.56407263667237,23.54993201167237,3675,,,0.574267853821172,Advisory
725911,13571.0,14495.10812,CAN,Canada,Ontario,3.000345988,0.0,0.8,0.28,13571.0,13571.0,1.0,1.0,100.0,25.0,3.0,3.0,10.0,10.0,2.5,0.3,-2972.9,0.0,0.0,0.0,0.0,0.0,0.0,0.0,0.0,0.0,0.0,0.0,-2972.9,42.60656324277954,60.00691976,0.0,,64.438,0.445,59.562,0.411,29.75,0.205,4.312,0.03,0.5956199999999999,0.411,0.44625,0.3075,0.1078,0.075,1.94317,4.78125,0.0329852662030511,718.3125,4.955551169564278,0.07171875,0.0494778993045766,25.1409375,17.34442909347497,42.60656324277954,114505,,,0.5252369338559609,Advisory
725912,13572.0,6596.657142,CAN,Canada,Ontario,1.100091963,0.0,0.8,0.28,13572.0,13572.0,0.0,3.0,-9999.0,-9999.0,-9999.0,0.0,8.0,-999.9,-999.9,-999.9,-5983.4,0.0,0.0,0.0,0.0,0.0,0.0,0.0,0.0,0.0,0.0,0.0,-5983.4,32.51609507406499,22.00183926,0.0,,109.0,1.652,106.375,1.613,10.125,0.153,0.625,0.009,1.06375,1.613,0.151875,0.2294999999999999,0.015625,0.0225,3.09625,4.21875,0.0639528462512322,367.453125,5.570292908482325,0.06328125,0.0959292693768482,12.860859375,19.49602517968814,32.51609507406499,23,,,0.1908005432873121,Information
725914,13574.0,9379.217644,CAN,Canada,Ontario,1.352315045,0.0,0.8,0.28,13574.0,,,,,,,,,,,,,,,,,,,,,,,,,85.32836344716988,27.0463009,0.0,3.0,371.938,3.966,360.0,3.838,27.188,0.29,0.875,0.009,3.6,3.838,0.4078199999999999,0.4349999999999999,0.021875,0.0225,8.325195,494.578125,5.273127714779918,1386.703125,14.784848562821942,7.418671875,7.909691572169876,35.0,35.0,85.32836344716988,3798,234.0,6.161137440758294,0.5622522364129287,Warning
725915,13575.0,16423.858,CAN,Canada,Ontario,2.402446312,0.0,0.8,0.28,13575.0,,,,,,,,,,,,,,,,,,,,,,,,,26.509406862470406,48.04892624,0.0,,23.438,0.143,21.875,0.133,9.188,0.056,0.438,0.003,0.21875,0.133,0.13782,0.084,0.01095,0.0075,0.59202,88.171875,0.5368523947272292,432.984375,2.6363134343941605,1.322578125,0.8052785920908438,15.154453125,9.227097020379562,26.509406862470406,5216,,,0.2505363970251313,Information
725920,13580.0,13448.47291,CAN,Canada,Ontario,1.144008506,0.0,0.8,0.28,13580.0,,,,,,,,,,,,,,,,,,,,,,,,,85.43598527501376,22.88017012,0.0,3.0,90.938,0.676,85.812,0.638,15.938,0.119,0.125,0.001,0.85812,0.638,0.23907,0.1785,0.003125,0.0025,1.919315,590.203125,4.388625600009178,1874.671875,13.939663539128508,8.853046875,6.582938400013767,35.0,35.0,85.43598527501376,3144,65.0,2.067430025445293,0.5407831627006218,Warning
725950,13583.0,10003.13058,CAN,Canada,Ontario,1.482211755,0.0,0.8,0.28,13583.0,,,,,,,,,,,,,,,,,,,,,,,,,33.18793094253048,29.6442351,0.0,,7.25,0.072,7.125,0.071,3.0,0.03,0.25,0.002,0.07125,0.071,0.045,0.045,0.00625,0.005,0.2434999999999999,186.046875,1.8598864980060856,394.453125,3.943296770148957,2.790703125,2.7898297470091284,13.805859375,13.80153869552135,33.18793094253048,3122,,,0.226212466466712,Information
725963,13586.0,6389.988988,CAN,Canada,Ontario,3.193180497,0.0,0.8,0.28,13586.0,13586.0,2.0,15.0,100.0,100.0,25.0,7.0,1.0,10.0,10.0,2.5,61.0,0.0,0.0,0.0,0.0,0.0,0.0,0.0,0.0,0.0,0.0,0.0,61.0,79.40874998933842,63.86360994,0.0,3.0,,,,,,,,,,,,,,,,244.546875,3.82703124289228,1131.75,17.711298126967833,3.668203125,5.74054686433842,35.0,35.0,79.40874998933842,3653,185.0,5.064330687106488,0.7844492562070634,Watch
725966,13589.0,14956.94676,CAN,Canada,Ontario,0.110012362,0.0,0.8,0.28,13589.0,,,,,,,,,,,,,,,,,,,,,,,,,100.0,2.20024724,0.0,3.0,114.25,0.764,112.375,0.751,1.5,0.01,2.188,0.015,1.12375,0.751,0.0225,0.015,0.0547,0.0375,2.00445,1608.609375,10.754931476042945,7476.890625,49.98941792549412,15.0,15.0,35.0,35.0,100.0,144,18.0,12.5,0.5088749903336841,Warning
725969,13592.0,5325.407469,CAN,Canada,Ontario,1.181727553,0.0,0.8,0.28,13592.0,,,,,,,,,,,,,,,,,,,,,,,,,86.29886159180907,23.63455106,0.0,3.0,21.25,0.399,20.938,0.393,0.062,0.001,0.188,0.004,0.2093799999999999,0.393,0.0009299999999999,0.0015,0.0046999999999999,0.01,0.61951,377.578125,7.090126477872715,1249.03125,23.454191201663114,5.663671875,10.635189716809071,35.0,35.0,86.29886159180907,204,106.0,51.9607843137255,0.54866376094376,Warning
726017,13610.0,12536.81707,CAN,Canada,Québec,1.106905508,2.36071529,0.8,0.28,13610.0,,,,,,,,,,,,,,,,,,,,,,,,,16.79567451606915,22.138110160000004,47.2143058,,15.625,0.125,15.562,0.124,3.625,0.029,2.688,0.021,0.1556199999999999,0.124,0.054375,0.0435,0.0672,0.0525,0.4971949999999999,82.125,0.6550705775714001,231.75,1.8485553284891565,1.231875,0.9826058663571,8.11125,6.469943649712048,16.79567451606915,55407,,,0.1260799688011832,Information
726018,13611.0,2383.716694,CAN,Canada,Québec,1.313417507,0.0,0.8,0.28,13611.0,,,,,,,,,,,,,,,,,,,,,,,,,0.9935684988942262,26.268350140000003,0.0,,1.688,0.071,1.688,0.071,0.312,0.013,0.0,0.0,0.01688,0.071,0.00468,0.0195,0.0,0.0,0.1120599999999999,1.265625,0.0530946065444708,4.921875,0.20647902545072,0.018984375,0.0796419098167062,0.172265625,0.72267658907752,0.9935684988942262,993,,,8.278503264411916e-06,Information
726019,13612.0,1736.228835,CAN,Canada,Québec,1.650047833,3.233369792,0.8,0.28,13612.0,,,,,,,,,,,,,,,,,,,,,,,,,2.3716723462629385,33.00095666,64.66739584,,3.188,0.184,2.125,0.122,0.562,0.032,0.0,0.0,0.02125,0.122,0.00843,0.048,0.0,0.0,0.1996799999999999,2.390625,0.1376906633726251,9.0,0.5183648503440004,0.035859375,0.2065359950589376,0.315,1.8142769762040007,2.3716723462629385,8635,,,0.0034543764224405,Information
726050,13615.0,9698.707056,CAN,Canada,New Brunswick,1.462031254,3.072332097,0.8,0.28,13615.0,,,,,,,,,,,,,,,,,,,,,,,,,31.228104542373632,29.24062508,61.44664194,,107.5,1.108,75.188,0.775,15.75,0.162,0.812,0.008,0.75188,0.775,0.23625,0.243,0.0203,0.02,2.0464300000000004,178.453125,1.839968193387034,362.8125,3.740833679226594,2.676796875,2.759952290080551,12.6984375,13.09291787729308,31.228104542373632,101726,,,0.4165510382779606,Advisory
726060,13616.0,11778.24051,CAN,Canada,New Brunswick,2.417045935,2.853887053,0.8,0.28,13616.0,,,,,,,,,,,,,,,,,,,,,,,,,13.388372854425482,48.3409187,57.07774106,,188.938,1.604,92.312,0.784,24.75,0.21,2.312,0.02,0.92312,0.784,0.37125,0.315,0.0577999999999999,0.05,2.50117,50.90625,0.432205896446305,185.0625,1.5712236456445785,0.76359375,0.6483088446694576,6.4771875,5.499282759756024,13.388372854425482,29643,,,0.1220087040729339,Information
726071,13617.0,28299.20062,CAN,Canada,Nova Scotia,1.191747992,3.081202256,0.8,0.28,13617.0,,,,,,,,,,,,,,,,,,,,,,,,,82.99265012436356,23.83495984,61.624045120000005,3.0,723.125,2.555,535.438,1.892,32.125,0.114,2.812,0.01,5.35438,1.892,0.481875,0.171,0.0702999999999999,0.025,7.994555,1098.140625,3.880465174882596,2196.984375,7.763414960582763,15.0,5.820697762323894,35.0,27.17195236203967,82.99265012436356,556639,26591.0,4.777063770235287,0.7797416449640708,Warning
726072,13618.0,1946.769419,CAN,Canada,Nova Scotia,2.210101743,0.0,0.8,0.28,13618.0,,,,,,,,,,,,,,,,,,,,,,,,,54.09868410143962,44.20203486,0.0,,129.062,6.63,94.0,4.829,2.312,0.119,0.812,0.042,0.94,4.829,0.03468,0.1785,0.0203,0.105,6.10748,118.828125,6.103862317626416,233.15625,11.976572452810174,1.782421875,9.155793476439625,8.16046875,35.0,54.09868410143962,3037,,,0.4876636635042454,Advisory
726073,13619.0,8924.873214,CAN,Canada,Nova Scotia,2.145432071,2.077382729,0.8,0.28,13619.0,,,,,,,,,,,,,,,,,,,,,,,,,89.12145064902855,42.90864142,41.54765458,3.0,340.25,3.812,191.75,2.148,36.5,0.409,1.438,0.016,1.9175,2.148,0.5475,0.6134999999999999,0.0359499999999999,0.04,5.30245,601.171875,6.7359150160190335,1020.9375,11.439238132467413,9.017578125,10.10387252402855,35.0,35.0,89.12145064902855,53709,3004.0,5.593103576681748,0.6719655999100986,Warning
726074,13620.0,1609.45711,CAN,Canada,Nova Scotia,1.396219453,0.0,0.8,0.28,13620.0,,,,,,,,,,,,,,,,,,,,,,,,,31.74968177212989,27.924389060000003,0.0,,19.625,1.219,9.375,0.582,1.188,0.074,0.062,0.004,0.09375,0.582,0.01782,0.1109999999999999,0.00155,0.01,0.81612,56.53125,3.5124421557176406,101.53125,6.308416011015265,0.84796875,5.268663233576461,3.55359375,22.079456038553428,31.74968177212989,22830,,,0.2061556529071505,Information
726075,13621.0,4229.655681,CAN,Canada,Nova Scotia,1.715436658,2.488149232,0.8,0.28,13621.0,,,,,,,,,,,,,,,,,,,,,,,,,43.290912252954826,34.30873316,49.76298464,,84.0,1.986,55.5,1.312,2.375,0.056,0.625,0.015,0.555,1.312,0.035625,0.084,0.015625,0.0375,2.03975,174.375,4.122676008815255,292.921875,6.925430747066269,2.615625,6.184014013222884,10.252265625,24.23900761473194,43.290912252954826,68111,,,0.4408520250518564,Advisory
726076,13622.0,2483.743171,CAN,Canada,Nova Scotia,0.572574014,0.0,0.8,0.28,13622.0,,,,,,,,,,,,,,,,,,,,,,,,,19.143860221883315,11.451480279999998,0.0,,35.062,1.412,22.875,0.921,0.062,0.003,0.062,0.003,0.22875,0.921,0.0009299999999999,0.0045,0.00155,0.0075,1.16423,42.609375,1.7155306351691508,90.5625,3.646210326894169,0.639140625,2.5732959527537265,3.1696875,12.761736144129593,19.143860221883315,57134,,,0.0628144632455576,Information
726078,13623.0,1986.810585,CAN,Canada,New Brunswick,1.078163128,0.0,0.8,0.28,13623.0,,,,,,,,,,,,,,,,,,,,,,,,,4.768107393199083,21.56326256,0.0,,20.75,1.044,7.688,0.387,0.75,0.038,0.0,0.0,0.07688,0.387,0.01125,0.0569999999999999,0.0,0.0,0.53213,1.828125,0.0920130491309396,21.796875,1.0970786627150495,0.027421875,0.1380195736964094,0.762890625,3.839775319502673,4.768107393199083,148734,,,0.0025524169965082,Information
726079,13624.0,2094.207711,CAN,Canada,New Brunswick,1.894322141,3.13342438,0.8,0.28,13624.0,,,,,,,,,,,,,,,,,,,,,,,,,30.30831827863024,37.88644282,62.668487600000006,,28.562,1.364,16.062,0.767,6.438,0.307,0.312,0.015,0.16062,0.767,0.09657,0.4605,0.0078,0.0375,1.5299900000000002,49.640625,2.370377338519956,128.671875,6.144179220242945,0.744609375,3.555566007779934,4.503515625,21.504627270850307,30.30831827863024,45424,,,0.4174522379913275,Advisory
726081,13625.0,6149.187059,CAN,Canada,New Brunswick,1.325818373,0.0,0.8,0.28,13625.0,,,,,,,,,,,,,,,,,,,,,,,,,26.588744578665736,26.51636746,0.0,,50.438,0.82,31.812,0.517,1.625,0.026,0.0,0.0,0.31812,0.517,0.024375,0.039,0.0,0.0,0.8984950000000002,77.765625,1.2646488756340235,255.9375,4.162135540061343,1.166484375,1.896973313451036,8.9578125,14.567474390214702,26.588744578665736,98088,,,0.1546778962882162,Information
726082,13626.0,3832.161359,CAN,Canada,New Brunswick,0.198183982,0.0,0.8,0.28,13626.0,,,,,,,,,,,,,,,,,,,,,,,,,26.934998962327047,3.96367964,0.0,,32.625,0.851,18.812,0.491,1.062,0.028,0.0,0.0,0.18812,0.491,0.01593,0.042,0.0,0.0,0.73705,45.0,1.1742720565240092,193.921875,5.060378643583152,0.675,1.761408084786014,6.787265625,17.711325252541034,26.934998962327047,7599,,,0.101810981952796,Information
726083,13627.0,11754.45599,CAN,Canada,New Brunswick,2.365553954,0.0,0.8,0.28,13627.0,13627.0,0.0,1.0,-9999.0,-9999.0,-9999.0,0.0,10.0,-999.9,-999.9,-999.9,-5979.4,0.0,0.0,0.0,0.0,0.0,0.0,0.0,0.0,0.0,0.0,0.0,-5979.4,22.71683611125765,47.31107908,0.0,,134.938,1.148,63.562,0.541,7.188,0.061,0.25,0.002,0.63562,0.541,0.10782,0.0915,0.00625,0.005,1.38719,56.390625,0.4797382800583511,326.53125,2.777935876048607,0.845859375,0.7196074200875267,11.42859375,9.722775566170125,22.71683611125765,171028,,,0.200090260161308,Information
726084,13628.0,4314.725103,CAN,Canada,New Brunswick,2.820804829,0.0,0.8,0.28,13628.0,,,,,,,,,,,,,,,,,,,,,,,,,9.340206746744377,56.41609658,0.0,,23.75,0.55,15.188,0.352,1.438,0.033,1.562,0.036,0.15188,0.352,0.02157,0.0495,0.03905,0.09,0.704,8.859375,0.2053288399325153,76.640625,1.7762574248130294,0.132890625,0.3079932598987729,2.682421875,6.216900986845603,9.340206746744377,3685,,,0.0617363730177379,Information
726087,13631.0,12432.42371,CAN,Canada,New Brunswick,2.783665788,0.0,0.8,0.28,13631.0,13631.0,0.0,1.0,-9999.0,-9999.0,-9999.0,0.0,10.0,-999.9,-999.9,-999.9,-5979.4,0.0,0.0,0.0,0.0,0.0,0.0,0.0,0.0,0.0,0.0,0.0,-5979.4,38.075698043963854,55.67331576,0.0,,,,,,,,,,,,,,,,,225.5625,1.8143083374995352,506.25,4.072013725061301,3.3834375,2.7214625062493027,17.71875,14.252048037714554,38.075698043963854,70797,,,0.4395892810053634,Advisory
726090,13634.0,44.26075925,CAN,Canada,New Brunswick,1.457753039,2.076536867,0.8,0.28,13634.0,,,,,,,,,,,,,,,,,,,,,,,,,40.482135027274325,29.15506078,41.53073734,,5.688,12.85,3.562,8.049,0.125,0.282,0.0,0.0,0.03562,8.049,0.001875,0.4229999999999999,0.0,0.0,8.509495,1.546875,3.494912934849548,6.1875,13.979651739398191,0.023203125,5.2423694022743215,0.2165625,35.0,40.482135027274325,8395,,,0.3565706838544436,Advisory
782620,14767.0,21433.74412,CAN,Canada,British Columbia,2.663856377,0.0,0.8,0.28,14767.0,14767.0,0.0,1.0,-9999.0,-9999.0,-9999.0,0.0,10.0,-999.9,-999.9,-999.9,-5979.4,0.0,0.0,0.0,0.0,0.0,0.0,0.0,0.0,0.0,0.0,0.0,-5979.4,8.775263612418987,53.27712754,0.0,,15.312,0.071,13.375,0.062,0.125,0.001,0.062,0.0,0.13375,0.062,0.001875,0.0015,0.00155,0.0,0.200675,92.109375,0.4297400140738981,131.484375,0.6134456689451827,1.381640625,0.6446100211108472,4.601953125,2.14705984130814,8.775263612418987,371065,,,0.0472328845938753,Information
782670,14780.0,989.0756229,CAN,Canada,British Columbia,0.787465793,0.0,0.8,0.28,14780.0,14780.0,0.0,1.0,-9999.0,-9999.0,-9999.0,0.0,10.0,-999.9,-999.9,-999.9,-5979.4,0.0,0.0,0.0,0.0,0.0,0.0,0.0,0.0,0.0,0.0,0.0,-5979.4,1.6327154024338142,15.74931586,0.0,,,,,,,,,,,,,,,,,2.25,0.2274851333869955,3.234375,0.327009879243806,0.03375,0.3412277000804932,0.113203125,1.1445345773533209,1.6327154024338142,22191,,,4.0141758238118174e-05,Information
782682,14782.0,3389.096721,CAN,Canada,British Columbia,2.787453281,0.0,0.8,0.28,14782.0,,,,,,,,,,,,,,,,,,,,,,,,,0.9555607396960606,55.74906562,0.0,,14.25,0.42,14.125,0.417,0.062,0.002,0.062,0.002,0.14125,0.417,0.0009299999999999,0.003,0.00155,0.005,0.56873,4.640625,0.1369280779649419,4.921875,0.1452267493567565,0.069609375,0.2053921169474128,0.172265625,0.5082936227486478,0.9555607396960606,4569,,,6.269703115603442e-05,Information
782683,14783.0,1075.048079,CAN,Canada,British Columbia,0.201776202,0.0,0.8,0.28,14783.0,14783.0,0.0,1.0,-9999.0,-9999.0,-9999.0,0.0,10.0,-999.9,-999.9,-999.9,-5979.4,0.0,0.0,0.0,0.0,0.0,0.0,0.0,0.0,0.0,0.0,0.0,-5979.4,0.7098659556859352,4.035524039999999,0.0,,6.062,0.564,6.062,0.564,0.188,0.017,0.188,0.017,0.06062,0.564,0.00282,0.0255,0.0046999999999999,0.0425,0.70014,0.0,0.0,1.96875,0.1831313444816958,0.0,0.0,0.06890625,0.6409597056859353,0.7098659556859352,15565,,,4.632087041219955e-07,Information
782684,14784.0,7070.57752,CAN,Canada,British Columbia,4.003959311,0.0,0.8,0.28,14784.0,,,,,,,,,,,,,,,,,,,,,,,,,2.1949487820244924,80.07918622,0.0,,28.188,0.399,28.188,0.399,1.938,0.027,0.0,0.0,0.2818799999999999,0.399,0.02907,0.0405,0.0,0.0,0.75045,9.421875,0.1332546736591508,21.9375,0.3102646132959332,0.141328125,0.1998820104887262,0.7678125,1.085926146535766,2.1949487820244924,2325,,,0.0137057855926227,Information
782686,14786.0,4424.872981,CAN,Canada,British Columbia,3.40531532,0.0,0.8,0.28,14786.0,,,,,,,,,,,,,,,,,,,,,,,,,0.3667445861750155,68.10630640000001,0.0,,7.438,0.168,7.438,0.168,0.062,0.001,0.062,0.001,0.07438,0.168,0.0009299999999999,0.0015,0.00155,0.0025,0.24886,1.265625,0.0286025159446892,2.671875,0.0603830892165662,0.018984375,0.0429037739170338,0.093515625,0.2113408122579817,0.3667445861750155,12432,,,3.994137402494058e-06,Information
782687,14787.0,2989.761426,CAN,Canada,British Columbia,1.472368001,0.0,0.8,0.28,14787.0,14787.0,0.0,12.0,2.0,-9999.0,-9999.0,0.0,1.0,0.2,-999.9,-999.9,-3997.2,0.0,0.0,0.0,0.0,0.0,0.0,0.0,0.0,0.0,0.0,0.0,-3997.2,1.756568235048175,29.44736002,0.0,,4.062,0.136,4.062,0.136,0.875,0.029,0.0,0.0,0.04062,0.136,0.013125,0.0435,0.0,0.0,0.233245,4.640625,0.155217234370747,9.5625,0.3198415738548727,0.069609375,0.2328258515561205,0.3346875,1.1194455084920545,1.756568235048175,1620,,,0.0001108132938184,Information
782689,14789.0,8806.56513,CAN,Canada,British Columbia,2.419142638,0.0,0.8,0.28,14789.0,,,,,,,,,,,,,,,,,,,,,,,,,0.968490099512561,48.38285276,0.0,,11.062,0.126,8.5,0.097,1.688,0.019,0.375,0.004,0.085,0.097,0.02532,0.0284999999999999,0.009375,0.01,0.255195,5.625,0.0638728030403176,10.546875,0.1197615057005956,0.084375,0.0958092045604764,0.369140625,0.4191652699520846,0.968490099512561,879,,,3.506107336124079e-05,Information
782691,14790.0,15858.63298,CAN,Canada,British Columbia,3.905009381,0.0,0.8,0.28,14790.0,14790.0,0.0,15.0,-9999.0,-9999.0,-9999.0,0.0,1.0,-999.9,-999.9,-999.9,-5997.4,0.0,0.0,0.0,0.0,0.0,0.0,0.0,0.0,0.0,0.0,0.0,-5997.4,6.0970630577574365,78.10018762,0.0,,86.312,0.544,81.062,0.511,0.25,0.002,0.188,0.001,0.81062,0.511,0.00375,0.003,0.0046999999999999,0.0025,1.3355699999999997,61.59375,0.3883925561480847,80.4375,0.507215849581517,0.92390625,0.582588834222127,2.8153125,1.7752554735353094,6.0970630577574365,13849,,,0.1005064890831441,Information
782692,14791.0,4432.603967,CAN,Canada,British Columbia,0.243800761,0.0,0.8,0.28,14791.0,,,,,,,,,,,,,,,,,,,,,,,,,1.9963412868330408,4.87601522,0.0,,14.25,0.321,12.438,0.281,0.0,0.0,0.0,0.0,0.12438,0.281,0.0,0.0,0.0,0.0,0.40538,5.765625,0.1300730911930153,15.046875,0.3394590428695765,0.086484375,0.1951096367895229,0.526640625,1.1881066500435178,1.9963412868330408,79,,,5.5803460646946586e-05,Information
782693,14792.0,2809.543479,CAN,Canada,British Columbia,0.810873323,0.0,0.8,0.28,14792.0,,,,,,,,,,,,,,,,,,,,,,,,,0.8046447018101721,16.21746646,0.0,,17.562,0.625,14.625,0.521,0.0,0.0,0.0,0.0,0.14625,0.521,0.0,0.0,0.0,0.0,0.66725,3.234375,0.1151210160687965,3.65625,0.1301368007734221,0.048515625,0.1726815241031947,0.12796875,0.4554788027069774,0.8046447018101721,3,,,1.695619671451164e-06,Information
782695,14794.0,3510.820707,CAN,Canada,British Columbia,2.822446621,0.0,0.8,0.28,14794.0,,,,,,,,,,,,,,,,,,,,,,,,,1.0552861209942086,56.448932420000006,0.0,,10.875,0.31,10.875,0.31,0.0,0.0,0.0,0.0,0.10875,0.31,0.0,0.0,0.0,0.0,0.41875,3.515625,0.1001368424351549,6.328125,0.1802463163832789,0.052734375,0.1502052636527323,0.221484375,0.6308621073414762,1.0552861209942086,228,,,9.956317161502728e-05,Information
782696,14795.0,1819.353604,CAN,Canada,British Columbia,3.612490994,0.0,0.8,0.28,14795.0,,,,,,,,,,,,,,,,,,,,,,,,,0.7080123745445095,72.24981987999999,0.0,,3.438,0.189,3.438,0.189,0.0,0.0,0.0,0.0,0.03438,0.189,0.0,0.0,0.0,0.0,0.22338,0.703125,0.038646967712549,2.8125,0.154587870850196,0.010546875,0.0579704515688235,0.0984375,0.5410575479756861,0.7080123745445095,2649,,,0.0001219716560953,Information
782697,14796.0,816.8879997,CAN,Canada,British Columbia,3.966437757,0.0,0.8,0.28,14796.0,,,,,,,,,,,,,,,,,,,,,,,,,7.513562290865112,79.32875514,0.0,,19.625,2.402,19.375,2.372,0.125,0.015,0.062,0.008,0.19375,2.372,0.001875,0.0225,0.00155,0.02,2.611675,3.375,0.4131533332856572,14.765625,1.8075458331247505,0.050625,0.6197299999284858,0.516796875,6.326410415936627,7.513562290865112,2126,,,0.1557609214321629,Information
782699,14798.0,4446.6687,CAN,Canada,British Columbia,1.782074453,0.0,0.8,0.28,14798.0,,,,,,,,,,,,,,,,,,,,,,,,,4.523042514978409,35.64148906,0.0,,62.312,1.401,56.812,1.278,0.0,0.0,0.0,0.0,0.56812,1.278,0.0,0.0,0.0,0.0,1.84612,9.140625,0.2055611878521177,35.859375,0.8064323523429234,0.137109375,0.3083417817781765,1.255078125,2.822513233200232,4.523042514978409,7348,,,0.0039620797113207,Information
783000,14834.0,10880.26527,CAN,Canada,British Columbia,0.33413331,0.324753841,0.8,0.28,14834.0,,,,,,,,,,,,,,,,,,,,,,,,,27.58099687539999,6.6826662,6.49507682,,0.0,0.0,0.0,0.0,6.938,0.064,10.625,0.098,0.0,0.0,0.10407,0.096,0.265625,0.245,0.710695,0.0,0.0,410.625,3.774034821542855,0.0,0.0,14.371875,13.209121875399992,27.58099687539999,3693,,,0.11144508728167,Information
783221,14844.0,705.4366947,CAN,Canada,British Columbia,4.00960522,0.0,0.8,0.28,14844.0,14844.0,0.0,1.0,-9999.0,-9999.0,-9999.0,0.0,10.0,-999.9,-999.9,-999.9,-5979.4,0.0,0.0,0.0,0.0,0.0,0.0,0.0,0.0,0.0,0.0,0.0,-5979.4,0.5228474098253396,80.1921044,0.0,,,,,,,,,,,,,,,,,0.0,0.0,0.984375,0.1395412242358113,0.0,0.0,0.034453125,0.4883942848253396,0.5228474098253396,209,,,0.0001392351545118,Information
783222,14845.0,7239.653087,CAN,Canada,British Columbia,3.14205962,0.0,0.8,0.28,14845.0,,,,,,,,,,,,,,,,,,,,,,,,,4.380069944664163,62.8411924,0.0,,7.25,0.1,7.25,0.1,0.0,0.0,0.0,0.0,0.0725,0.1,0.0,0.0,0.0,0.0,0.1725,8.4375,0.1165456396634937,48.9375,0.6759647100482634,0.1265625,0.1748184594952405,1.7128125,2.365876485168922,4.380069944664163,13294,,,0.0162528480854158,Information
783223,14846.0,994.4453939,CAN,Canada,British Columbia,4.002111677,0.0,0.8,0.28,14846.0,,,,,,,,,,,,,,,,,,,,,,,,,2.246584553993022,80.04223354000001,0.0,,2.562,0.258,2.562,0.258,0.0,0.0,0.0,0.0,0.0256199999999999,0.258,0.0,0.0,0.0,0.0,0.28362,1.40625,0.141410479515088,5.203125,0.5232187742058257,0.02109375,0.212115719272632,0.182109375,1.8312657097203904,2.246584553993022,1404,,,0.0144735102278238,Information
783224,14847.0,5043.229294,CAN,Canada,British Columbia,2.138158529,0.0,0.8,0.28,14847.0,,,,,,,,,,,,,,,,,,,,,,,,,12.399361624892416,42.76317058,0.0,,121.562,2.41,110.562,2.192,0.0,0.0,0.0,0.0,1.10562,2.192,0.0,0.0,0.0,0.0,3.29762,49.078125,0.9731487929930492,97.734375,1.9379324101150976,0.736171875,1.459723189489574,3.420703125,6.782763435402842,12.399361624892416,2128,,,0.0630637582652551,Information
783225,14848.0,3571.933588,CAN,Canada,British Columbia,1.975416341,0.0,0.8,0.28,14848.0,,,,,,,,,,,,,,,,,,,,,,,,,7.488485406459393,39.50832682,0.0,,22.25,0.623,22.125,0.619,0.0,0.0,0.0,0.0,0.22125,0.619,0.0,0.0,0.0,0.0,0.8402499999999999,25.734375,0.720460623444216,45.28125,1.2676957417980197,0.386015625,1.080690935166324,1.58484375,4.436935096293069,7.488485406459393,44296,,,0.0183475990585737,Information
783226,14849.0,20679.24815,CAN,Canada,British Columbia,3.092920892,0.0,0.8,0.28,14849.0,14849.0,0.0,1.0,-9999.0,-9999.0,-9999.0,0.0,10.0,-999.9,-999.9,-999.9,-5979.4,0.0,0.0,0.0,0.0,0.0,0.0,0.0,0.0,0.0,0.0,0.0,-5979.4,23.59164925471628,61.85841784,0.0,,116.75,0.565,108.125,0.523,0.188,0.001,0.0,0.0,1.08125,0.523,0.00282,0.0015,0.0,0.0,1.60857,149.90625,0.7249115100395778,390.09375,1.88640199704483,2.24859375,1.0873672650593666,13.65328125,6.602406989656905,23.59164925471628,30787,,,0.3154671327848638,Information
783227,14850.0,1997.568887,CAN,Canada,British Columbia,3.490968497,0.0,0.8,0.28,14850.0,14850.0,0.0,2.0,-9999.0,-9999.0,-9999.0,0.0,9.0,-999.9,-999.9,-999.9,-5981.4,0.0,0.0,0.0,0.0,0.0,0.0,0.0,0.0,0.0,0.0,0.0,-5981.4,3.7331573196818217,69.81936994,0.0,,,,,,,,,,,,,,,,,6.328125,0.3167913277956606,15.046875,0.7532593794252375,0.094921875,0.4751869916934909,0.526640625,2.636407827988331,3.7331573196818217,33285,,,0.0183113259318465,Information
783228,14851.0,3327.840777,CAN,Canada,British Columbia,0.066773455,0.0,0.8,0.28,14851.0,14851.0,0.0,1.0,-9999.0,-9999.0,-9999.0,0.0,10.0,-999.9,-999.9,-999.9,-5979.4,0.0,0.0,0.0,0.0,0.0,0.0,0.0,0.0,0.0,0.0,0.0,-5979.4,4.573153947575961,1.3354691,0.0,,9.0,0.27,7.875,0.237,0.125,0.004,0.0,0.0,0.07875,0.237,0.001875,0.006,0.0,0.0,0.323625,15.75,0.4732798548380635,25.875,0.7775311900911045,0.23625,0.7099197822570953,0.905625,2.721359165318866,4.573153947575961,53,,,0.0010648508820602,Information
783229,14852.0,11982.03867,CAN,Canada,British Columbia,2.462459317,0.0,0.8,0.28,14852.0,,,,,,,,,,,,,,,,,,,,,,,,,4.019455635260329,49.24918634,0.0,,22.062,0.184,20.125,0.168,0.0,0.0,0.0,0.0,0.20125,0.168,0.0,0.0,0.0,0.0,0.36925,32.203125,0.2687616514599585,48.796875,0.4072501880201117,0.483046875,0.4031424771899378,1.707890625,1.425375658070391,4.019455635260329,37505,,,0.0056098409701593,Information
783230,14853.0,16051.62279,CAN,Canada,British Columbia,1.661641005,0.0,0.8,0.28,14853.0,,,,,,,,,,,,,,,,,,,,,,,,,1.8053227492854085,33.2328201,0.0,,107.188,0.668,87.438,0.545,2.562,0.016,0.062,0.0,0.87438,0.545,0.03843,0.024,0.00155,0.0,1.48336,14.765625,0.0919883627370011,25.453125,0.1585704157656877,0.221484375,0.1379825441055016,0.890859375,0.5549964551799069,1.8053227492854085,2912,,,0.0001528199972857,Information
783240,14854.0,19751.75341,CAN,Canada,British Columbia,3.077248154,0.0,0.8,0.28,14854.0,14854.0,0.0,11.0,-9999.0,-9999.0,-9999.0,0.0,1.0,-999.9,-999.9,-999.9,-5988.4,0.0,0.0,0.0,0.0,0.0,0.0,0.0,0.0,0.0,0.0,0.0,-5988.4,18.57248376387745,61.54496308,0.0,,403.938,2.045,289.438,1.465,4.875,0.025,0.0,0.0,2.89438,1.465,0.073125,0.0375,0.0,0.0,4.470005,223.171875,1.1298838655649537,256.640625,1.2993308472942915,3.347578125,1.6948257983474306,8.982421875,4.54765796553002,18.57248376387745,858,,,0.2333653892306757,Information
783250,14855.0,25632.92584,CAN,Canada,British Columbia,2.125958849,0.0,0.8,0.28,14855.0,14855.0,0.0,1.0,-9999.0,-9999.0,-9999.0,0.0,10.0,-999.9,-999.9,-999.9,-5979.4,0.0,0.0,0.0,0.0,0.0,0.0,0.0,0.0,0.0,0.0,0.0,-5979.4,27.91834454327353,42.51917698,0.0,,307.375,1.199,241.0,0.94,0.25,0.001,0.25,0.001,2.41,0.94,0.00375,0.0015,0.00625,0.0025,3.3640000000000003,305.296875,1.191034051067594,442.96875,1.7281240261920412,4.579453125,1.7865510766013912,15.50390625,6.048434091672144,27.91834454327353,38839,,,0.2350957829953237,Information
783260,14856.0,12303.76449,CAN,Canada,British Columbia,1.740754503,0.0,0.8,0.28,14856.0,14856.0,0.0,1.0,-9999.0,-9999.0,-9999.0,0.0,10.0,-999.9,-999.9,-999.9,-5979.4,0.0,0.0,0.0,0.0,0.0,0.0,0.0,0.0,0.0,0.0,0.0,-5979.4,16.81447622483165,34.81509006,0.0,,187.438,1.523,150.562,1.224,2.062,0.017,0.188,0.002,1.5056200000000002,1.224,0.03093,0.0255,0.0046999999999999,0.005,2.7957500000000004,175.078125,1.4229638834013654,189.984375,1.5441158284941725,2.626171875,2.134445825102048,6.649453125,5.404405399729604,16.81447622483165,39,,,0.087710721369475,Information
783270,14857.0,2700.995891,CAN,Canada,British Columbia,2.245562004,0.0,0.8,0.28,14857.0,,,,,,,,,,,,,,,,,,,,,,,,,16.16134826223539,44.91124008,0.0,,26.5,0.981,26.5,0.981,0.0,0.0,0.0,0.0,0.265,0.981,0.0,0.0,0.0,0.0,1.246,66.375,2.457426914801597,69.75,2.582380825723712,0.995625,3.686140372202396,2.44125,9.038332890032994,16.16134826223539,46518,,,0.110038533434825,Information
783281,14858.0,311.7142609,CAN,Canada,British Columbia,3.038842815,0.0,0.8,0.28,14858.0,,,,,,,,,,,,,,,,,,,,,,,,,19.701085173423863,60.776856300000006,0.0,,4.875,1.564,4.875,1.564,0.0,0.0,0.0,0.0,0.04875,1.564,0.0,0.0,0.0,0.0,1.61275,10.828125,3.4737342360770667,12.375,3.969981984088076,0.162421875,5.2106013541156,0.433125,13.894936944308268,19.701085173423863,25872,,,0.2455396337724911,Information
783282,14859.0,3590.385741,CAN,Canada,British Columbia,0.368235276,0.0,0.8,0.28,14859.0,,,,,,,,,,,,,,,,,,,,,,,,,24.47230894032942,7.36470552,0.0,,29.062,0.809,26.562,0.74,0.875,0.024,0.062,0.002,0.26562,0.74,0.013125,0.036,0.00155,0.005,1.061295,122.90625,3.423204604697753,132.046875,3.6777907595093695,1.84359375,5.134806907046629,4.621640625,12.872267658282793,24.47230894032942,2030,,,0.0915734506003568,Information
783283,14860.0,707.4682075,CAN,Canada,British Columbia,3.525524433,0.0,0.8,0.28,14860.0,14860.0,0.0,15.0,-9999.0,-9999.0,-9999.0,0.0,1.0,-999.9,-999.9,-999.9,-5997.4,0.0,0.0,0.0,0.0,0.0,0.0,0.0,0.0,0.0,0.0,0.0,-5997.4,35.46889991841008,70.51048866000001,0.0,,9.312,1.316,7.875,1.113,0.0,0.0,0.0,0.0,0.07875,1.113,0.0,0.0,0.0,0.0,1.19175,45.0,6.360709855320268,47.671875,6.738377002979909,0.675,9.541064782980405,1.668515625,23.58431951042968,35.46889991841008,346,,,0.5732370791943298,Advisory
783284,14861.0,15538.49244,CAN,Canada,British Columbia,3.832981791,0.0,0.8,0.28,14861.0,14861.0,0.0,15.0,-9999.0,-9999.0,-9999.0,0.0,1.0,-999.9,-999.9,-999.9,-4975.5,0.0,0.0,0.0,0.0,0.0,0.0,0.0,0.0,0.0,0.0,0.0,-4975.5,35.43393589485953,76.65963582,0.0,3.0,845.938,5.444,393.875,2.535,62.438,0.402,35.125,0.226,3.93875,2.535,0.93657,0.603,0.878125,0.5650000000000001,9.456445,238.640625,1.5358029479372923,513.703125,3.3060036351295987,3.579609375,2.3037044219059384,17.979609375,11.571012722953595,35.43393589485953,3378,107.0,3.1675547661338075,0.6618384354461073,Watch
783285,14862.0,3138.045751,CAN,Canada,British Columbia,1.917315751,0.0,0.8,0.28,14862.0,14862.0,0.0,4.0,5.0,-9999.0,-9999.0,0.0,7.0,0.5,-999.9,-999.9,-3984.6,0.0,0.0,0.0,0.0,0.0,0.0,0.0,0.0,0.0,0.0,0.0,-3984.6,26.220169264542253,38.34631502,0.0,,20.188,0.643,19.375,0.617,0.562,0.018,0.25,0.008,0.19375,0.617,0.00843,0.0269999999999999,0.00625,0.02,0.87243,106.453125,3.392338208461544,133.3125,4.248265021957125,1.596796875,5.088507312692316,4.6659375,14.868927576849938,26.220169264542253,6851,,,0.1962744482464956,Information
783286,14863.0,6501.537154,CAN,Canada,British Columbia,3.259984603,0.0,0.8,0.28,14863.0,,,,,,,,,,,,,,,,,,,,,,,,,23.003494211870446,65.19969206,0.0,,81.0,1.246,74.75,1.15,10.188,0.157,6.0,0.092,0.7475,1.15,0.15282,0.2355,0.15,0.2299999999999999,2.66582,120.234375,1.8493222781069407,207.421875,3.190351298488582,1.803515625,2.773983417160411,7.259765625,11.166229544710037,23.003494211870446,6977,,,0.3394443371068488,Information
783287,14864.0,5355.708033,CAN,Canada,British Columbia,2.365718886,0.0,0.8,0.28,14864.0,14864.0,1.0,3.0,100.0,-9999.0,-9999.0,3.0,8.0,10.0,-999.9,-999.9,-3957.6,0.0,0.0,0.0,0.0,0.0,0.0,0.0,0.0,0.0,0.0,0.0,-3957.6,42.53105887870547,47.31437772,0.0,,82.25,1.536,81.938,1.53,10.188,0.19,4.312,0.081,0.81938,1.53,0.15282,0.285,0.1078,0.2025,3.0975000000000006,288.703125,5.390568776352783,300.09375,5.603250739764657,4.330546875,8.085853164529174,10.50328125,19.6113775891763,42.53105887870547,342,,,0.4152314225235402,Advisory
783289,14866.0,4715.603076,CAN,Canada,British Columbia,1.909152569,0.0,0.8,0.28,14866.0,,,,,,,,,,,,,,,,,,,,,,,,,34.30609201387415,38.18305138,0.0,,74.562,1.581,66.188,1.404,12.562,0.266,3.188,0.068,0.66188,1.404,0.18843,0.399,0.0797,0.17,2.90301,130.78125,2.773372734781318,258.046875,5.472192439057763,1.96171875,4.160059102171977,9.031640625,19.15267353670217,34.30609201387415,157,,,0.2779793981584696,Information
783291,14867.0,230.016221,CAN,Canada,British Columbia,0.836855394,0.0,0.8,0.28,14867.0,14867.0,0.0,1.0,2.0,-9999.0,-9999.0,0.0,10.0,0.2,-999.9,-999.9,-3979.2,0.0,0.0,0.0,0.0,0.0,0.0,0.0,0.0,0.0,0.0,0.0,-3979.2,17.29320657728875,16.73710788,0.0,,8.812,3.831,8.812,3.831,0.0,0.0,0.0,0.0,0.0881199999999999,3.831,0.0,0.0,0.0,0.0,3.91912,5.90625,2.567753688955253,8.578125,3.7293565482445343,0.08859375,3.8516305334328793,0.300234375,13.05274791885587,17.29320657728875,2458,,,0.0580113198426754,Information
783292,14868.0,4441.94071,CAN,Canada,British Columbia,3.393510397,0.0,0.8,0.28,14868.0,,,,,,,,,,,,,,,,,,,,,,,,,9.859724912874352,67.87020794,0.0,,472.125,10.629,230.75,5.195,9.5,0.214,3.688,0.083,2.3075,5.195,0.1425,0.321,0.0922,0.2075,8.265699999999999,15.46875,0.3482430543316385,80.015625,1.8013663446791124,0.23203125,0.5223645814974578,2.800546875,6.304782206376894,9.859724912874352,2439,,,0.1187367339335897,Information
783293,14869.0,17.14083712,CAN,Canada,British Columbia,3.597465691,0.0,0.8,0.28,14869.0,,,,,,,,,,,,,,,,,,,,,,,,,8.218154224786545,71.94931382,0.0,,0.562,3.282,0.562,3.282,0.0,0.0,0.0,0.0,0.00562,3.282,0.0,0.0,0.0,0.0,3.28762,0.28125,1.6408183449573093,0.28125,1.6408183449573093,0.00421875,2.461227517435964,0.00984375,5.742864207350582,8.218154224786545,0,,,0.1097859137147708,Information
783294,14870.0,3171.328354,CAN,Canada,British Columbia,1.170855647,0.0,0.8,0.28,14870.0,,,,,,,,,,,,,,,,,,,,,,,,,6.506330084007714,23.41711294,0.0,,55.188,1.74,45.812,1.445,0.0,0.0,0.0,0.0,0.4581199999999999,1.445,0.0,0.0,0.0,0.0,1.90312,22.078125,0.6961790939759525,35.296875,1.11299969801251,0.331171875,1.0442686409639288,1.235390625,3.895498943043785,6.506330084007714,224,,,0.0068392360032227,Information
783295,14871.0,934.3223891,CAN,Canada,British Columbia,2.174156814,0.0,0.8,0.28,14871.0,,,,,,,,,,,,,,,,,,,,,,,,,8.25331824014298,43.48313628,0.0,,29.5,3.157,19.688,2.107,0.0,0.0,0.0,0.0,0.19688,2.107,0.0,0.0,0.0,0.0,2.3038800000000004,5.34375,0.5719385580766363,17.859375,1.911478865150864,0.08015625,0.8579078371149544,0.625078125,6.6901760280280245,8.25331824014298,36,,,0.0271820717606844,Information
783297,14873.0,297.3929352,CAN,Canada,British Columbia,3.744939811,0.0,0.8,0.28,14873.0,,,,,,,,,,,,,,,,,,,,,,,,,21.32717260705225,74.89879622000001,0.0,,5.938,1.997,5.938,1.997,0.0,0.0,0.0,0.0,0.0593799999999999,1.997,0.0,0.0,0.0,0.0,2.0563800000000003,10.546875,3.546444367645934,13.078125,4.397591015880958,0.158203125,5.3196665514689006,0.457734375,15.391568555583351,21.32717260705225,0,,,0.4352852649917831,Advisory
783298,14874.0,3606.274055,CAN,Canada,British Columbia,3.038981541,0.0,0.8,0.28,14874.0,,,,,,,,,,,,,,,,,,,,,,,,,2.7218261818345617,60.77963082,0.0,,42.375,1.175,38.5,1.068,0.0,0.0,0.0,0.0,0.385,1.068,0.0,0.0,0.0,0.0,1.453,8.71875,0.2417661516057365,16.875,0.4679344869788448,0.13078125,0.3626492274086047,0.590625,1.6377707044259568,2.7218261818345617,13,,,0.0038164259801266,Information
783299,14875.0,14341.37236,CAN,Canada,British Columbia,1.631279818,0.0,0.8,0.28,14875.0,,,,,,,,,,,,,,,,,,,,,,,,,4.484806021384946,32.62559636,0.0,,81.375,0.567,78.438,0.547,0.0,0.0,0.062,0.0,0.7843800000000001,0.547,0.0,0.0,0.00155,0.0,1.3329300000000002,42.609375,0.2971080725011382,57.234375,0.3990857607523539,0.639140625,0.4456621087517073,2.003203125,1.3968001626332387,4.484806021384946,2508,,,0.0033685250366302,Information
783301,14876.0,1968.479037,CAN,Canada,British Columbia,1.040431669,0.0,0.8,0.28,14876.0,,,,,,,,,,,,,,,,,,,,,,,,,22.837291357599145,20.80863338,0.0,,7.75,0.394,5.75,0.292,0.688,0.035,0.0,0.0,0.0575,0.292,0.01032,0.0525,0.0,0.0,0.4123199999999999,50.90625,2.586070211138483,85.5,4.3434549402546905,0.76359375,3.879105316707725,2.9925,15.202092290891416,22.837291357599145,4050,,,0.1068468843114248,Information
783304,14878.0,1833.429758,CAN,Canada,British Columbia,3.716287508,0.0,0.8,0.28,14878.0,,,,,,,,,,,,,,,,,,,,,,,,,3.7666649722118377,74.32575016,0.0,,6.438,0.351,4.25,0.232,0.688,0.037,0.0,0.0,0.0425,0.232,0.01032,0.0554999999999999,0.0,0.0,0.34032,10.6875,0.5829238864773486,12.09375,0.6596243978559471,0.1603125,0.874385829716023,0.42328125,2.3086853924958146,3.7666649722118377,272,,,0.0274732806735387,Information
783305,14879.0,1760.329214,CAN,Canada,British Columbia,0.390176733,0.0,0.8,0.28,14879.0,,,,,,,,,,,,,,,,,,,,,,,,,5.448991266773584,7.80353466,0.0,,5.312,0.302,3.625,0.206,0.562,0.032,0.188,0.011,0.03625,0.206,0.00843,0.048,0.0046999999999999,0.0274999999999999,0.3308799999999999,5.484375,0.3115539386278789,20.953125,1.1902958168090758,0.082265625,0.4673309079418183,0.733359375,4.166035358831765,5.448991266773584,1161,,,0.00233839868455,Information
783309,14883.0,10321.97486,CAN,Canada,British Columbia,1.147685108,1.000598099,0.8,0.28,14883.0,,,,,,,,,,,,,,,,,,,,,,,,,50.516507625454025,22.95370216,20.01196198,,62.812,0.609,52.188,0.506,16.375,0.159,2.438,0.024,0.52188,0.506,0.245625,0.2385,0.06095,0.06,1.6329550000000002,437.765625,4.241103381592589,545.484375,5.28469001516147,6.566484375,6.361655072388884,19.091953125,18.496415053065142,50.516507625454025,737073,,,0.3364736983294665,Advisory
783310,14884.0,19052.10656,CAN,Canada,British Columbia,2.4342441,3.030800309,0.8,0.28,14884.0,,,,,,,,,,,,,,,,,,,,,,,,,33.36512828070653,48.684882,60.61600618,,147.875,0.776,116.5,0.611,33.25,0.175,4.0,0.021,1.165,0.611,0.49875,0.2624999999999999,0.1,0.0525,2.6897500000000005,323.71875,1.6991231335156294,486.421875,2.553113344409453,4.85578125,2.5486847002734443,17.024765625,8.935896705433086,33.36512828070653,1348422,,,0.4341382088051769,Advisory
783320,14885.0,5759.844558,CAN,Canada,British Columbia,3.338615058,0.0,0.8,0.28,14885.0,,,,,,,,,,,,,,,,,,,,,,,,,4.7480891167177095,66.77230116,0.0,,18.062,0.314,9.625,0.167,0.688,0.012,0.0,0.0,0.09625,0.167,0.01032,0.018,0.0,0.0,0.29157,32.34375,0.5615385914465747,35.71875,0.6201339227279564,0.48515625,0.842307887169862,1.25015625,2.1704687295478475,4.7480891167177095,188,,,0.0258489040588779,Information
783340,14886.0,5852.752078,CAN,Canada,British Columbia,3.170802898,0.0,0.8,0.28,14886.0,,,,,,,,,,,,,,,,,,,,,,,,,6.795195020232736,63.41605796,0.0,,17.875,0.305,14.812,0.253,2.312,0.04,0.25,0.004,0.14812,0.253,0.03468,0.06,0.00625,0.01,0.51205,39.9375,0.6823712924585745,54.5625,0.9322537375842498,0.5990625,1.0235569386878618,1.9096875,3.262888081544874,6.795195020232736,81,,,0.0461494554425278,Information
783360,14887.0,5370.059026,CAN,Canada,British Columbia,4.008821353,0.0,0.8,0.28,14887.0,,,,,,,,,,,,,,,,,,,,,,,,,13.264177575392626,80.17642706000001,0.0,,39.938,0.744,25.438,0.474,3.25,0.061,0.312,0.006,0.25438,0.474,0.04875,0.0915,0.0078,0.015,0.8914300000000001,88.453125,1.6471536824600097,94.5,1.7597571933436034,1.326796875,2.4707305236900146,3.3075,6.159150176702612,13.264177575392626,1382,,,0.3439138461266998,Information
783380,14889.0,7785.172166,CAN,Canada,British Columbia,0.663798163,0.0,0.8,0.28,14889.0,,,,,,,,,,,,,,,,,,,,,,,,,17.595237316000144,13.27596326,0.0,,271.062,3.482,264.562,3.398,16.875,0.217,0.438,0.006,2.64562,3.398,0.253125,0.3255,0.01095,0.015,6.648195,148.921875,1.91289122218261,156.234375,2.006819780778923,2.233828125,2.869336833273915,5.468203125,7.023869232726231,17.595237316000144,181,,,0.0553446216716177,Information
783390,14890.0,8328.013011,CAN,Canada,British Columbia,1.192163315,0.0,0.8,0.28,14890.0,,,,,,,,,,,,,,,,,,,,,,,,,36.68144950397644,23.8432663,0.0,,0.0,0.0,0.0,0.0,7.25,0.087,2.75,0.033,0.0,0.0,0.10875,0.1305,0.06875,0.0825,0.3905,1.125,0.0135086244279106,475.734375,5.7124595549527335,0.016875,0.0202629366418659,16.650703125,19.99360844233457,36.68144950397644,727,,,0.2325354819128584,Advisory
783397,14896.0,2702.79378,CAN,Canada,British Columbia,3.027881776,0.0,0.8,0.28,14896.0,,,,,,,,,,,,,,,,,,,,,,,,,6.222561487490564,60.557635520000005,0.0,,0.0,0.0,0.0,0.0,2.5,0.092,1.188,0.044,0.0,0.0,0.0375,0.138,0.0296999999999999,0.1099999999999999,0.3152,0.0,0.0,37.828125,1.3995934607115896,0.0,0.0,1.323984375,4.898577112490564,6.222561487490564,8,,,0.0323983001194891,Information
783404,14902.0,3079.183593,CAN,Canada,British Columbia,2.113254085,0.0,0.8,0.28,14902.0,,,,,,,,,,,,,,,,,,,,,,,,,1.17970844255482,42.2650817,0.0,,3.75,0.122,3.375,0.11,0.25,0.008,0.188,0.006,0.03375,0.11,0.00375,0.012,0.0046999999999999,0.015,0.1792,0.140625,0.004566957304075,7.875,0.2557496090282022,0.002109375,0.0068504359561125,0.275625,0.8951236315987077,1.17970844255482,74,,,4.999939239643047e-05,Information
783405,14903.0,4362.170469,CAN,Canada,British Columbia,3.206505611,0.0,0.8,0.28,14903.0,14903.0,0.0,1.0,-9999.0,-9999.0,-9999.0,0.0,10.0,-999.9,-999.9,-999.9,-5979.4,0.0,0.0,0.0,0.0,0.0,0.0,0.0,0.0,0.0,0.0,0.0,-5979.4,1.604291262650765,64.13011222,0.0,,2.875,0.066,2.812,0.064,0.0,0.0,0.188,0.004,0.02812,0.064,0.0,0.0,0.0046999999999999,0.01,0.10682,0.0,0.0,13.921875,0.3191501821859329,0.0,0.0,0.487265625,1.117025637650765,1.604291262650765,645,,,0.0009442914853016,Information
783406,14904.0,12145.92229,CAN,Canada,British Columbia,3.063709255,0.0,0.8,0.28,14904.0,,,,,,,,,,,,,,,,,,,,,,,,,8.779293436874,61.2741851,0.0,,100.562,0.828,80.125,0.66,6.0,0.049,6.438,0.053,0.80125,0.66,0.09,0.0735,0.1609499999999999,0.1325,1.9182,17.15625,0.1412511096082441,130.21875,1.0721190778461809,0.25734375,0.2118766644123661,4.55765625,3.752416772461633,8.779293436874,14410,,,0.0688898041647546,Information
783407,14905.0,2983.550871,CAN,Canada,British Columbia,3.482694921,0.0,0.8,0.28,14905.0,,,,,,,,,,,,,,,,,,,,,,,,,0.4712086967832856,69.65389842,0.0,,9.25,0.31,7.688,0.258,0.0,0.0,0.0,0.0,0.07688,0.258,0.0,0.0,0.0,0.0,0.33488,0.0,0.0,3.09375,0.1036935562237959,0.0,0.0,0.10828125,0.3629274467832856,0.4712086967832856,262,,,1.555928857140059e-05,Information
783408,14906.0,12592.94385,CAN,Canada,British Columbia,1.593220136,0.0,0.8,0.28,14906.0,14906.0,0.0,1.0,-9999.0,-9999.0,-9999.0,0.0,10.0,-999.9,-999.9,-999.9,-5979.4,0.0,0.0,0.0,0.0,0.0,0.0,0.0,0.0,0.0,0.0,0.0,-5979.4,0.5487409273290104,31.86440272,0.0,,29.375,0.233,25.438,0.202,0.0,0.0,0.0,0.0,0.25438,0.202,0.0,0.0,0.0,0.0,0.45638,2.671875,0.0212172390540285,7.59375,0.0603016267851336,0.040078125,0.0318258585810427,0.26578125,0.2110556937479676,0.5487409273290104,0,,,7.11954219299251e-07,Information
783409,14907.0,10434.80376,CAN,Canada,British Columbia,1.217540837,0.0,0.8,0.28,14907.0,,,,,,,,,,,,,,,,,,,,,,,,,22.67977242777708,24.35081674,0.0,,268.938,2.577,186.5,1.787,11.688,0.112,9.125,0.087,1.865,1.787,0.17532,0.168,0.228125,0.2174999999999999,4.440945000000001,164.390625,1.5754069632926242,260.4375,2.495854316525184,2.465859375,2.363110444938936,9.1153125,8.735490107838144,22.67977242777708,564,,,0.1141724672409199,Information
783500,14908.0,4777.234547,CAN,Canada,British Columbia,1.477496392,0.0,0.8,0.28,14908.0,,,,,,,,,,,,,,,,,,,,,,,,,10.794273486846167,29.54992784,0.0,,0.0,0.0,0.0,0.0,0.062,0.001,7.438,0.156,0.0,0.0,0.0009299999999999,0.0015,0.1859499999999999,0.39,0.57838,0.0,0.0,99.703125,2.087046889098905,0.0,0.0,3.489609375,7.304664111846168,10.794273486846167,10560,,,0.0303352959229565,Information
783600,14909.0,19873.87348,CAN,Canada,British Columbia,1.699903891,0.0,0.8,0.28,14909.0,14909.0,0.0,1.0,-9999.0,-9999.0,-9999.0,0.0,10.0,-999.9,-999.9,-999.9,-5979.4,0.0,0.0,0.0,0.0,0.0,0.0,0.0,0.0,0.0,0.0,0.0,-5979.4,1.7016390073323322,33.99807782,0.0,,,,,,,,,,,,,,,,,0.0,0.0,32.34375,0.1627450735235235,0.0,0.0,1.13203125,0.5696077573323323,1.7016390073323322,672,,,0.0001270499425974,Information
783803,14921.0,13152.52702,CAN,Canada,British Columbia,2.070443234,0.0,0.8,0.28,14921.0,14921.0,0.0,1.0,-9999.0,-9999.0,-9999.0,0.0,10.0,-999.9,-999.9,-999.9,-5979.4,0.0,0.0,0.0,0.0,0.0,0.0,0.0,0.0,0.0,0.0,0.0,-5979.4,3.413626479073379,41.40886467999999,0.0,,,,,,,,,,,,,,,,,0.0,0.0,55.40625,0.4212593511638225,0.0,0.0,1.93921875,1.4744077290733788,3.413626479073379,109,,,0.0022358986070165,Information
783904,14931.0,17459.49125,CAN,Canada,British Columbia,0.192964635,0.0,0.8,0.28,14931.0,14931.0,0.0,1.0,-9999.0,-9999.0,-9999.0,0.0,10.0,-999.9,-999.9,-999.9,-5979.4,0.0,0.0,0.0,0.0,0.0,0.0,0.0,0.0,0.0,0.0,0.0,-5979.4,6.959069495801279,3.8592927,0.0,,,,,,,,,,,,,,,,,0.0,0.0,126.421875,0.7240868202289367,0.0,0.0,4.424765625,2.534303870801278,6.959069495801279,0,,,0.0043226981361755,Information
811102,14937.0,28131.30903,CAN,Canada,Yukon,3.816970284,0.0,0.8,0.28,14937.0,14937.0,0.0,15.0,-9999.0,-9999.0,-9999.0,0.0,1.0,-999.9,-999.9,-999.9,-5997.4,0.0,0.0,0.0,0.0,0.0,0.0,0.0,0.0,0.0,0.0,0.0,-5997.4,31.93829299015092,76.33940568,0.0,3.0,0.0,0.0,0.0,0.0,73.875,0.263,53.812,0.191,0.0,0.0,1.108125,0.3945,1.3453,0.4775,3.325425,1.40625,0.0049988786459078,672.609375,2.390963656337729,0.02109375,0.0074983179688617,23.541328125,8.368372797182051,31.93829299015092,639,0.0,0.0,0.6179094083336911,Watch
812606,15085.0,8475.677495,CAN,Canada,Yukon,4.036179622,0.0,0.8,0.28,15085.0,15085.0,0.0,8.0,3.0,-9999.0,-9999.0,0.0,3.0,0.3,-999.9,-999.9,-2651.6666666666665,0.0,0.0,0.0,0.0,0.0,0.0,0.0,0.0,0.0,0.0,0.0,-2651.6666666666665,36.18409257517547,80.72359243999999,0.0,3.0,77.938,0.92,51.688,0.61,28.25,0.333,9.438,0.111,0.51688,0.61,0.42375,0.4995,0.23595,0.2775,2.56358,265.640625,3.134152109412611,360.421875,4.252425546016158,3.984609375,4.701228164118916,12.614765625,14.883489411056551,36.18409257517547,2,2.0,100.0,0.7355668770250463,Watch
812608,15087.0,6479.491855,CAN,Canada,Yukon,2.074168137,0.0,0.8,0.28,15087.0,15087.0,1.0,3.0,54.0,-9999.0,-9999.0,3.0,8.0,5.4,-999.9,-999.9,-3966.8,0.0,0.0,0.0,0.0,0.0,0.0,0.0,0.0,0.0,0.0,0.0,-3966.8,41.92263724591911,41.48336274,0.0,,29.375,0.453,19.062,0.294,13.375,0.206,2.5,0.039,0.19062,0.294,0.200625,0.309,0.0625,0.0975,1.154245,284.484375,4.39053526706218,349.03125,5.38670713437881,4.267265625,6.58580290059327,12.21609375,18.85347497032584,41.92263724591911,7,,,0.3693840440484,Advisory
812707,15095.0,4027.757948,CAN,Canada,Yukon,0.859854708,0.0,0.8,0.28,15095.0,,,,,,,,,,,,,,,,,,,,,,,,,13.010597925029147,17.19709416,0.0,,37.125,0.922,23.0,0.571,6.062,0.151,34.875,0.866,0.23,0.571,0.09093,0.2264999999999999,0.871875,2.165,4.155305,2.953125,0.0733193264824438,105.46875,2.6185473743729952,0.044296875,0.1099789897236657,3.69140625,9.164915810305484,13.010597925029147,11,,,0.032106440837842,Information
812708,15096.0,7891.923674,CAN,Canada,Yukon,4.034197813,0.0,0.8,0.28,15096.0,,,,,,,,,,,,,,,,,,,,,,,,,6.21712,80.68395625999999,0.0,,128.938,1.634,67.5,0.855,64.438,0.816,44.062,0.558,0.675,0.855,0.9665700000000002,1.224,1.10155,1.395,6.21712,0.0,0.0,22.921875,0.2904472464022835,0.0,0.0,0.802265625,1.0165653624079922,1.818830987407992,145,,,0.1284750479876723,Information
812709,15097.0,8944.402053,CAN,Canada,Yukon,2.41247957,0.0,0.8,0.28,15097.0,,,,,,,,,,,,,,,,,,,,,,,,,11.08136943456537,48.2495914,0.0,,0.188,0.002,0.125,0.001,29.062,0.325,70.375,0.787,0.00125,0.001,0.43593,0.4875,1.759375,1.9675,4.652555,0.0,0.0,149.484375,1.671261802732963,0.0,0.0,5.231953125,5.84941630956537,11.08136943456537,206,,,0.0616380662226664,Information
812804,15101.0,2977.017898,CAN,Canada,Yukon,2.141830596,0.0,0.8,0.28,15101.0,,,,,,,,,,,,,,,,,,,,,,,,,5.447175,42.83661192,0.0,,30.25,1.016,10.812,0.363,53.812,1.808,13.375,0.449,0.10812,0.363,0.8071799999999999,2.712,0.334375,1.1225,5.447175,2.53125,0.0850263615059735,14.90625,0.5007107955351778,0.03796875,0.1275395422589602,0.52171875,1.7524877843731224,2.4397148266320827,92,,,0.0093661346209779,Information
812805,15102.0,4069.661998,CAN,Canada,Yukon,0.276115916,0.0,0.8,0.28,15102.0,15102.0,0.0,13.0,2.0,-9999.0,-9999.0,0.0,1.0,0.2,-999.9,-999.9,-3997.2,0.0,0.0,0.0,0.0,0.0,0.0,0.0,0.0,0.0,0.0,0.0,-3997.2,8.30863960995166,5.52231832,0.0,,45.125,1.109,31.188,0.766,63.125,1.551,12.25,0.301,0.31188,0.766,0.946875,2.3265,0.30625,0.7525,5.410005,6.328125,0.1554951001742684,65.953125,1.6206044884829307,0.094921875,0.2332426502614026,2.308359375,5.6721157096902575,8.30863960995166,260,,,0.0075271997605451,Information
812924,15111.0,12672.03204,CAN,Canada,Yukon,3.979152119,0.0,0.8,0.28,15111.0,,,,,,,,,,,,,,,,,,,,,,,,,8.96945910365126,79.58304238,0.0,,0.0,0.0,0.0,0.0,45.875,0.362,2.625,0.021,0.0,0.0,0.688125,0.5429999999999999,0.065625,0.0525,1.34925,8.71875,0.0688030931069784,139.5,1.1008494897116547,0.13078125,0.1032046396604675,4.8825,3.852973213990792,8.96945910365126,91,,,0.2053846909333905,Information
812929,15116.0,9263.313366,CAN,Canada,Yukon,4.008551103,0.0,0.8,0.28,15116.0,,,,,,,,,,,,,,,,,,,,,,,,,18.7552245506306,80.17102206000001,0.0,,0.0,0.0,0.0,0.0,41.375,0.447,6.875,0.074,0.0,0.0,0.620625,0.6705,0.171875,0.185,1.648,0.140625,0.0015180853162283,257.625,2.781132299330357,0.002109375,0.0022771279743424,9.016875,9.73396304765625,18.7552245506306,116,,,0.4778015353830529,Advisory
812930,15117.0,5024.51538,CAN,Canada,Yukon,3.821091803,0.0,0.8,0.28,15117.0,15117.0,0.0,1.0,-9999.0,-9999.0,-9999.0,0.0,10.0,-999.9,-999.9,-999.9,-5979.4,0.0,0.0,0.0,0.0,0.0,0.0,0.0,0.0,0.0,0.0,0.0,-5979.4,9.198497397945882,76.42183606,0.0,,0.0,0.0,0.0,0.0,29.375,0.585,4.125,0.082,0.0,0.0,0.440625,0.8775,0.103125,0.205,1.62625,0.0,0.0,87.890625,1.7492358636988237,0.0,0.0,3.076171875,6.122325522945883,9.198497397945882,0,,,0.1732804685156578,Information
812941,15118.0,1365.949277,CAN,Canada,Yukon,4.034937936,0.0,0.8,0.28,15118.0,15118.0,0.0,1.0,-9999.0,-9999.0,-9999.0,0.0,10.0,-999.9,-999.9,-999.9,-5979.4,0.0,0.0,0.0,0.0,0.0,0.0,0.0,0.0,0.0,0.0,0.0,-5979.4,13.760714934563556,80.69875872,0.0,,0.0,0.0,0.0,0.0,6.0,0.439,0.375,0.027,0.0,0.0,0.09,0.6585,0.009375,0.0675,0.825375,0.0,0.0,47.25,3.45913283844673,0.0,0.0,1.65375,12.106964934563557,13.760714934563556,126,,,0.3675491138731337,Advisory
812947,15124.0,6115.658841,CAN,Canada,Yukon,2.618907208,0.0,0.8,0.28,15124.0,15124.0,1.0,1.0,100.0,-9999.0,-9999.0,3.0,10.0,10.0,-999.9,-999.9,-4966.5,0.0,0.0,0.0,0.0,0.0,0.0,0.0,0.0,0.0,0.0,0.0,-4966.5,9.001085039466359,52.37814416,0.0,,24.375,0.399,19.438,0.318,9.5,0.155,31.688,0.518,0.19438,0.318,0.1425,0.2324999999999999,0.7922,1.295,2.97458,0.0,0.0,97.59375,1.5958010827046738,0.0,0.0,3.41578125,5.585303789466359,9.001085039466359,269,,,0.0478620172558099,Information
812948,15125.0,8983.408544,CAN,Canada,Yukon,4.036179623,0.0,0.8,0.28,15125.0,15125.0,1.0,1.0,100.0,-9999.0,-9999.0,3.0,10.0,10.0,-999.9,-999.9,-3953.6,0.0,0.0,0.0,0.0,0.0,0.0,0.0,0.0,0.0,0.0,0.0,-3953.6,19.272543857389657,80.72359245999999,0.0,,235.312,2.619,113.812,1.267,64.688,0.72,109.0,1.213,1.13812,1.267,0.97032,1.08,2.725,3.0325,10.21294,150.609375,1.6765281714037967,196.03125,2.1821477786525607,2.259140625,2.514792257105695,6.86109375,7.637517225283963,19.272543857389657,0,,,0.4999200296614935,Advisory
812949,15126.0,11747.67599,CAN,Canada,Yukon,3.176858443,0.0,0.8,0.28,15126.0,,,,,,,,,,,,,,,,,,,,,,,,,12.136562558737197,63.53716886,0.0,,199.938,1.702,93.562,0.796,43.938,0.374,58.938,0.502,0.93562,0.796,0.6590700000000002,0.5609999999999999,1.47345,1.255,5.68014,106.3125,0.9049662257411673,141.75,1.206621634321556,1.5946875,1.357449338611751,4.96125,4.223175720125446,12.136562558737197,285,,,0.1356506329736889,Information
812950,15127.0,18149.73794,CAN,Canada,Yukon,2.952375893,0.0,0.8,0.28,15127.0,15127.0,2.0,1.0,100.0,100.0,-9999.0,7.0,10.0,10.0,10.0,-999.9,-3958.6,0.0,0.0,0.0,0.0,0.0,0.0,0.0,0.0,0.0,0.0,0.0,-3958.6,25.588132278439307,59.04751786,0.0,,0.125,0.001,0.125,0.001,60.375,0.333,95.875,0.528,0.00125,0.001,0.905625,0.4995,2.396875,1.32,5.12425,0.0,0.0,471.375,2.597144936696944,0.0,0.0,16.498125,9.090007278439304,25.588132278439307,280,,,0.3190761488357341,Information
812960,15128.0,15218.72652,CAN,Canada,Yukon,2.186938855,0.0,0.8,0.28,15128.0,,,,,,,,,,,,,,,,,,,,,,,,,11.32863709501822,43.73877710000001,0.0,,15.75,0.103,5.875,0.039,0.562,0.004,12.062,0.079,0.05875,0.039,0.00843,0.006,0.30155,0.1975,0.6112299999999999,0.0,0.0,195.328125,1.283472205719491,0.0,0.0,6.836484375,4.492152720018218,11.32863709501822,8,,,0.0545035703643697,Information
812970,15129.0,650.5341882,CAN,Canada,Yukon,4.036179608,0.0,0.8,0.28,15129.0,,,,,,,,,,,,,,,,,,,,,,,,,8.460989269038238,80.72359216000001,0.0,,0.0,0.0,0.0,0.0,0.25,0.038,14.5,2.229,0.0,0.0,0.00375,0.0569999999999999,0.3625,5.5725,5.99575,0.0,0.0,14.765625,2.2697692554394964,0.0,0.0,0.516796875,7.944192394038238,8.460989269038238,1,,,0.2051357749727698,Information
812981,15130.0,3340.766892,CAN,Canada,Yukon,0.513250774,0.0,0.8,0.28,15130.0,15130.0,0.0,3.0,-9999.0,-9999.0,-9999.0,0.0,8.0,-999.9,-999.9,-999.9,-5983.4,0.0,0.0,0.0,0.0,0.0,0.0,0.0,0.0,0.0,0.0,0.0,-5983.4,12.008988049396956,10.26501548,0.0,,0.0,0.0,0.0,0.0,3.375,0.101,61.562,1.843,0.0,0.0,0.050625,0.1515,1.53905,4.6075,6.348675,0.0,0.0,85.921875,2.571920692684844,0.0,0.0,3.007265625,9.001722424396954,12.008988049396956,447,,,0.0221518861767083,Information
812982,15131.0,8350.163739,CAN,Canada,Yukon,2.724054504,0.0,0.8,0.28,15131.0,15131.0,0.0,15.0,-9999.0,-9999.0,-9999.0,0.0,1.0,-999.9,-999.9,-999.9,-5997.4,0.0,0.0,0.0,0.0,0.0,0.0,0.0,0.0,0.0,0.0,0.0,-5997.4,10.02509122235817,54.48109008,0.0,,0.0,0.0,0.0,0.0,0.75,0.009,26.062,0.312,0.0,0.0,0.01125,0.0134999999999999,0.65155,0.78,1.4563,0.28125,0.0033681974243885,130.21875,1.5594754074918826,0.00421875,0.0050522961365827,4.55765625,5.458163926221589,10.02509122235817,580,,,0.0651351596055901,Information
812983,15132.0,1511.959581,CAN,Canada,Yukon,2.791926775,0.0,0.8,0.28,15132.0,15132.0,0.0,1.0,-9999.0,-9999.0,-9999.0,0.0,10.0,-999.9,-999.9,-999.9,-5979.4,0.0,0.0,0.0,0.0,0.0,0.0,0.0,0.0,0.0,0.0,0.0,-5979.4,3.6725331977942046,55.8385355,0.0,,0.0,0.0,0.0,0.0,0.188,0.012,3.25,0.215,0.0,0.0,0.00282,0.018,0.08125,0.5375,0.63957,0.0,0.0,13.78125,0.9114826993697728,0.0,0.0,0.48234375,3.1901894477942045,3.6725331977942046,24089,,,0.006441796915666,Information
812984,15133.0,1873.104641,CAN,Canada,Yukon,3.32650325,0.0,0.8,0.28,15133.0,15133.0,1.0,1.0,100.0,2.0,-9999.0,3.0,10.0,10.0,0.2,-999.9,-1953.4,0.0,0.0,0.0,0.0,0.0,0.0,0.0,0.0,0.0,0.0,0.0,-1953.4,8.29878420931668,66.53006500000001,0.0,,0.0,0.0,0.0,0.0,0.125,0.007,13.625,0.727,0.0,0.0,0.001875,0.0105,0.340625,1.8175,2.1705,0.0,0.0,37.40625,1.9970187026619088,0.0,0.0,1.30921875,6.989565459316681,8.29878420931668,50,,,0.0815775183985818,Information
812985,15134.0,1271.245197,CAN,Canada,Yukon,4.021376093,0.0,0.8,0.28,15134.0,,,,,,,,,,,,,,,,,,,,,,,,,15.186314736127825,80.42752186,0.0,,0.0,0.0,0.0,0.0,0.062,0.005,6.938,0.546,0.0,0.0,0.0009299999999999,0.0075,0.17345,1.3650000000000002,1.5468800000000005,0.0,0.0,48.9375,3.849572067465093,0.0,0.0,1.7128125,13.473502236127825,15.186314736127825,244,,,0.3998521833196189,Advisory
812986,15135.0,4262.906394,CAN,Canada,Yukon,1.061593237,0.0,0.8,0.28,15135.0,,,,,,,,,,,,,,,,,,,,,,,,,15.01853786156456,21.23186474,0.0,,0.0,0.0,0.0,0.0,0.312,0.007,10.562,0.248,0.0,0.0,0.00468,0.0105,0.2640499999999999,0.62,0.89923,0.0,0.0,128.25,3.008510817589874,0.0,0.0,4.48875,10.52978786156456,15.01853786156456,454,,,0.0487371743403571,Information
812988,15137.0,4154.77769,CAN,Canada,British Columbia,4.00865425,0.0,0.8,0.28,15137.0,,,,,,,,,,,,,,,,,,,,,,,,,19.36724408508415,80.173085,0.0,,0.0,0.0,0.0,0.0,0.0,0.0,1.688,0.041,0.0,0.0,0.0,0.0,0.0421999999999999,0.1025,0.1447,0.0,0.0,162.421875,3.909279560024043,0.0,0.0,5.684765625,13.68247846008415,19.36724408508415,213,,,0.4906428019283073,Advisory
812990,15139.0,27052.02607,CAN,Canada,Yukon,2.568383744,0.0,0.8,0.28,15139.0,15139.0,0.0,7.0,-9999.0,-9999.0,-9999.0,0.0,4.0,-999.9,-999.9,-999.9,-5991.4,0.0,0.0,0.0,0.0,0.0,0.0,0.0,0.0,0.0,0.0,0.0,-5991.4,8.858049618969575,51.36767488,0.0,,0.0,0.0,0.0,0.0,5.562,0.021,49.312,0.182,0.0,0.0,0.08343,0.0315,1.2328,0.4549999999999999,1.80273,0.0,0.0,184.78125,0.6830588197055929,0.0,0.0,6.46734375,2.390705868969575,8.858049618969575,438,,,0.0442876060199616,Information
821008,15204.0,5577.267083,CAN,Canada,Northwest Territories,4.036179624,0.0,0.8,0.28,15204.0,15204.0,1.0,15.0,37.0,3.0,-9999.0,3.0,1.0,3.7,0.3,-999.9,-1982.6,0.0,0.0,0.0,0.0,0.0,0.0,0.0,0.0,0.0,0.0,0.0,-1982.6,81.862109375,80.72359248,0.0,3.0,22.438,0.402,10.312,0.185,11.0,0.197,18.125,0.325,0.1031199999999999,0.185,0.165,0.2955,0.453125,0.8125,2.014245,568.828125,10.199047607504736,666.5625,11.951417962811483,8.532421875,15.0,23.3296875,35.0,81.862109375,469,0.0,0.0,0.925933035637758,Warning
822121,15207.0,15657.56607,CAN,Canada,Yukon,0.308900923,0.0,0.8,0.28,15207.0,15207.0,0.0,5.0,-9999.0,-9999.0,-9999.0,0.0,6.0,-999.9,-999.9,-999.9,-5987.4,0.0,0.0,0.0,0.0,0.0,0.0,0.0,0.0,0.0,0.0,0.0,-5987.4,91.26314817456912,6.17801846,0.0,3.0,314.625,2.009,169.562,1.083,182.062,1.163,123.188,0.787,1.69562,1.083,2.7309300000000003,1.7445,3.0797000000000003,1.9675,12.30125,1095.1875,6.994621610968782,1376.578125,8.791775930890267,15.0,10.491932416453173,35.0,30.771215758115936,91.26314817456912,765,66.0,8.627450980392156,0.4889698132057141,Warning
822140,15217.0,22373.73811,CAN,Canada,Northwest Territories,3.326503188,0.0,0.8,0.28,15217.0,15217.0,0.0,6.0,-9999.0,-9999.0,-9999.0,0.0,5.0,-999.9,-999.9,-999.9,-5989.4,0.0,0.0,0.0,0.0,0.0,0.0,0.0,0.0,0.0,0.0,0.0,-5989.4,44.879042999766014,66.53006376,0.0,3.0,461.062,2.061,235.812,1.054,140.312,0.627,25.688,0.115,2.35812,1.054,2.10468,0.9405,0.6422,0.2875,7.387,411.046875,1.83718461816812,710.015625,3.173433163575381,6.165703125,2.75577692725218,24.850546875,11.107016072513831,44.879042999766014,0,0.0,0.0,0.6153624875631462,Watch
822150,15218.0,28567.13518,CAN,Canada,Northwest Territories,2.575521562,0.0,0.8,0.28,15218.0,15218.0,1.0,4.0,41.0,-9999.0,-9999.0,3.0,7.0,4.1,-999.9,-999.9,-3971.4,0.0,0.0,0.0,0.0,0.0,0.0,0.0,0.0,0.0,0.0,0.0,-3971.4,75.87867781768281,51.51043124,0.0,3.0,676.062,2.367,535.625,1.875,318.438,1.115,210.0,0.735,5.35625,1.875,4.77657,1.6725,5.25,1.8375,20.76782,1164.9375,4.077894029820326,1612.96875,5.646239077986377,15.0,6.1168410447304895,35.0,19.76183677295232,75.87867781768281,123,0.0,0.0,0.672846544941228,Watch
822190,15222.0,16907.87256,CAN,Canada,Northwest Territories,3.897056001,0.0,0.8,0.28,15222.0,15222.0,0.0,1.0,2.0,-9999.0,-9999.0,0.0,10.0,0.2,-999.9,-999.9,-3979.2,0.0,0.0,0.0,0.0,0.0,0.0,0.0,0.0,0.0,0.0,0.0,-3979.2,46.74881230170825,77.94112002,0.0,3.0,319.062,1.887,182.125,1.077,39.25,0.232,9.188,0.054,1.82125,1.077,0.58875,0.348,0.2297,0.135,4.1997,469.96875,2.779585357116616,637.875,3.772650861723808,7.04953125,4.169378035674924,22.325625,13.204278016033328,46.74881230170825,520,0.0,0.0,0.773695821319251,Watch
822210,15223.0,22313.47746,CAN,Canada,Northwest Territories,3.981943791,0.0,0.8,0.28,15223.0,15223.0,0.0,15.0,-9999.0,-9999.0,-9999.0,0.0,1.0,-999.9,-999.9,-999.9,-5997.4,0.0,0.0,0.0,0.0,0.0,0.0,0.0,0.0,0.0,0.0,0.0,-5997.4,85.0067647585096,79.63887582,0.0,3.0,2707.062,12.132,2363.25,10.591,1257.688,5.636,992.875,4.45,10.0,10.0,15.0,8.454,24.821875,11.125,79.400875,1328.0625,5.951840104765641,1662.609375,7.451144171817468,15.0,8.927760157148462,35.0,26.07900460136113,85.0067647585096,657,0.0,0.0,0.9235127465851474,Warning
822296,15244.0,2723.810187,CAN,Canada,Northwest Territories,3.837914528,0.0,0.8,0.28,15244.0,,,,,,,,,,,,,,,,,,,,,,,,,17.55613,76.75829056,0.0,,81.75,3.001,69.125,2.538,105.812,3.885,59.188,2.173,0.69125,2.538,1.5871799999999998,5.8275,1.4797,5.4325,17.55613,42.75,1.5694926246297562,57.515625,2.1115871166893765,0.64125,2.3542389369446344,2.013046875,7.390554908412818,12.399090720357451,172,,,0.3895295846355446,Advisory
822310,15248.0,4451.446789,CAN,Canada,Northwest Territories,4.036179623,0.0,0.8,0.28,15248.0,,,,,,,,,,,,,,,,,,,,,,,,,34.61437204901304,80.72359245999999,0.0,3.0,278.625,6.259,199.812,4.489,5.125,0.115,0.438,0.01,1.99812,4.489,0.076875,0.1725,0.01095,0.025,6.772445000000001,204.1875,4.586991818143885,217.125,4.8776276633706335,3.0628125,6.880487727215828,7.599375,17.071696821797218,34.61437204901304,121,0.0,0.0,0.7208562468035435,Watch
822350,15252.0,16249.09634,CAN,Canada,Northwest Territories,2.65852469,0.0,0.8,0.28,15252.0,15252.0,0.0,1.0,-9999.0,-9999.0,-9999.0,0.0,10.0,-999.9,-999.9,-999.9,-5979.4,0.0,0.0,0.0,0.0,0.0,0.0,0.0,0.0,0.0,0.0,0.0,-5979.4,39.53750228227356,53.1704938,0.0,,110.875,0.682,86.125,0.53,0.125,0.001,0.0,0.0,0.86125,0.53,0.001875,0.0015,0.0,0.0,1.394625,486.84375,2.9961281526318504,490.640625,3.019494836664508,7.30265625,4.494192228947775,17.172421875,10.568231928325778,39.53750228227356,42,,,0.4327945615661646,Advisory
822390,15256.0,7123.907511,CAN,Canada,Northwest Territories,0.114444685,0.0,0.8,0.28,15256.0,15256.0,0.0,1.0,2.0,-9999.0,-9999.0,0.0,10.0,0.2,-999.9,-999.9,-3979.2,0.0,0.0,0.0,0.0,0.0,0.0,0.0,0.0,0.0,0.0,0.0,-3979.2,64.32421781338165,2.2888937,0.0,3.0,613.812,8.616,356.562,5.005,0.312,0.004,0.25,0.004,3.56562,5.005,0.00468,0.006,0.00625,0.01,8.59755,505.96875,7.102404814172584,547.734375,7.688678919177935,7.58953125,10.653607221258875,19.170703125,26.91037621712277,64.32421781338165,934,194.0,20.770877944325484,0.337944667451284,Watch
822421,15258.0,4328.820386,CAN,Canada,Northwest Territories,3.746154119,0.0,0.8,0.28,15258.0,15258.0,0.0,1.0,2.0,-9999.0,-9999.0,0.0,10.0,0.2,-999.9,-999.9,-3979.2,0.0,0.0,0.0,0.0,0.0,0.0,0.0,0.0,0.0,0.0,0.0,-3979.2,10.02882161421751,74.92308238,0.0,,238.375,5.507,206.5,4.77,1.312,0.03,0.0,0.0,2.065,4.77,0.01968,0.045,0.0,0.0,6.899679999999999,50.0625,1.15649289030468,65.109375,1.5040904725029969,0.7509375,1.7347393354570202,2.278828125,5.264316653760489,10.02882161421751,0,,,0.1797063649999987,Information
822430,15267.0,9375.5815,CAN,Canada,Northwest Territories,3.459085581,0.0,0.8,0.28,15267.0,,,,,,,,,,,,,,,,,,,,,,,,,28.60094377808033,69.18171162,0.0,,1444.938,15.412,1408.5,15.023,48.062,0.513,0.375,0.004,10.0,10.0,0.7209299999999998,0.7695000000000001,0.009375,0.01,21.509805,194.203125,2.0713715196518767,312.1875,3.3297934638864346,2.913046875,3.107057279477816,10.9265625,11.65427712360252,28.60094377808033,235,,,0.4702392053579713,Advisory
822440,15268.0,22793.44309,CAN,Canada,British Columbia,1.92972942,0.0,0.8,0.28,15268.0,15268.0,0.0,1.0,2.0,-9999.0,-9999.0,0.0,10.0,0.2,-999.9,-999.9,-3979.2,0.0,0.0,0.0,0.0,0.0,0.0,0.0,0.0,0.0,0.0,0.0,-3979.2,30.798218956225632,38.5945884,0.0,,632.688,2.776,497.562,2.183,23.0,0.101,1.188,0.005,4.97562,2.183,0.345,0.1515,0.0296999999999999,0.0125,7.69732,237.65625,1.0426518232728736,509.765625,2.236457313233235,3.56484375,1.5639777349093105,17.841796875,7.827600596316323,30.798218956225632,15,,,0.2450841688720068,Information
822450,15269.0,7463.989945,CAN,Canada,Northwest Territories,1.729446244,0.0,0.8,0.28,15269.0,,,,,,,,,,,,,,,,,,,,,,,,,18.77493,34.58892488,0.0,,954.438,12.787,861.5,11.542,4.562,0.061,0.0,0.0,8.615,10.0,0.06843,0.0915,0.0,0.0,18.77493,80.4375,1.0776742813712483,92.390625,1.2378181868197728,1.2065625,1.6165114220568726,3.233671875,4.332363653869205,10.389109450926078,5,,,0.1059845651417117,Information
822466,15275.0,20195.2454,CAN,Canada,British Columbia,0.054580908,0.0,0.8,0.28,15275.0,,,,,,,,,,,,,,,,,,,,,,,,,14.083875,1.09161816,0.0,,1124.812,5.57,938.0,4.645,2.625,0.013,0.0,0.0,9.38,4.645,0.039375,0.0195,0.0,0.0,14.083875,144.421875,0.715128101347154,152.71875,0.756211409993193,2.166328125,1.072692152020731,5.34515625,2.646739934976176,11.230916461996904,3874,,,0.0256379535693435,Information
822467,15276.0,4233.50224,CAN,Canada,British Columbia,1.331223569,0.0,0.8,0.28,15276.0,15276.0,0.0,1.0,2.0,-9999.0,-9999.0,0.0,10.0,0.2,-999.9,-999.9,-3979.2,0.0,0.0,0.0,0.0,0.0,0.0,0.0,0.0,0.0,0.0,0.0,-3979.2,14.47467360293742,26.624471380000003,0.0,,222.562,5.257,169.125,3.995,0.0,0.0,0.0,0.0,1.69125,3.995,0.0,0.0,0.0,0.0,5.68625,83.25,1.9664569730324848,87.328125,2.062786790968198,1.24875,2.949685459548727,3.056484375,7.219753768388693,14.47467360293742,199,,,0.0522743965534304,Information
822468,15277.0,7679.605741,CAN,Canada,British Columbia,0.162114935,0.0,0.8,0.28,15277.0,,,,,,,,,,,,,,,,,,,,,,,,,20.029625,3.2422987,0.0,,2158.938,28.113,1194.938,15.56,0.875,0.011,0.0,0.0,10.0,10.0,0.013125,0.0165,0.0,0.0,20.029625,82.828125,1.0785465789701505,84.796875,1.1041826606434646,1.242421875,1.617819868455226,2.967890625,3.864639312252126,9.692771680707352,1,,,0.0576285106720519,Information
822469,15278.0,11079.31876,CAN,Canada,British Columbia,3.669972801,0.0,0.8,0.28,15278.0,,,,,,,,,,,,,,,,,,,,,,,,,8.081299999999999,73.39945602,0.0,,886.75,8.004,420.562,3.796,2.812,0.025,0.0,0.0,4.20562,3.796,0.04218,0.0375,0.0,0.0,8.081299999999999,47.671875,0.4302780344149216,47.671875,0.4302780344149216,0.715078125,0.6454170516223824,1.668515625,1.5059731204522255,4.534983922074607,13,,,0.1167524332007764,Information
822474,15282.0,7281.272849,CAN,Canada,British Columbia,3.004412967,0.0,0.8,0.28,15282.0,,,,,,,,,,,,,,,,,,,,,,,,,3.3249499999999994,60.08825934,0.0,,174.312,2.394,137.938,1.894,1.438,0.02,0.0,0.0,1.3793799999999998,1.894,0.02157,0.03,0.0,0.0,3.3249499999999994,12.796875,0.1757505214572629,13.640625,0.1873384679269725,0.191953125,0.2636257821858943,0.477421875,0.6556846377444038,1.588685419930298,15,,,0.0064736443260416,Information
822475,15283.0,7589.76017,CAN,Canada,British Columbia,4.033206587,0.0,0.8,0.28,15283.0,15283.0,0.0,1.0,-9999.0,-9999.0,-9999.0,0.0,10.0,-999.9,-999.9,-999.9,-3966.3,0.0,0.0,0.0,0.0,0.0,0.0,0.0,0.0,0.0,0.0,0.0,-3966.3,2.3525,80.66413173999999,0.0,,130.0,1.713,92.5,1.219,6.0,0.079,0.0,0.0,0.925,1.219,0.09,0.1185,0.0,0.0,2.3525,9.140625,0.1204336473724754,21.515625,0.2834822776613653,0.137109375,0.1806504710587131,0.753046875,0.9921879718147786,2.062994692873492,20,,,0.0175811988243209,Information
822478,15286.0,9329.562705,CAN,Canada,Yukon,2.895578043,0.0,0.8,0.28,15286.0,15286.0,2.0,1.0,100.0,100.0,-9999.0,7.0,10.0,10.0,10.0,-999.9,-1939.6,0.0,0.0,0.0,0.0,0.0,0.0,0.0,0.0,0.0,0.0,0.0,-1939.6,2.55595,57.91156086,0.0,,166.0,1.779,112.75,1.209,5.5,0.059,0.938,0.01,1.1275,1.209,0.0825,0.0885,0.02345,0.025,2.55595,3.375,0.0361753289697695,11.53125,0.1235990406467124,0.050625,0.0542629934546542,0.40359375,0.4325966422634933,0.9410783857181476,1,,,0.002544471554877,Information
822491,15289.0,3406.464628,CAN,Canada,British Columbia,4.033206589,0.0,0.8,0.28,15289.0,15289.0,0.0,1.0,-9999.0,-9999.0,-9999.0,0.0,10.0,-999.9,-999.9,-999.9,-5979.4,0.0,0.0,0.0,0.0,0.0,0.0,0.0,0.0,0.0,0.0,0.0,-5979.4,6.212955,80.66413177999999,0.0,,162.625,4.774,96.438,2.831,26.875,0.789,8.438,0.248,0.96438,2.831,0.403125,1.1835,0.21095,0.62,6.212955,2.8125,0.0825636050023959,29.390625,0.8627896722750377,0.0421875,0.1238454075035938,1.028671875,3.019763852962632,4.2144686354662255,2,,,0.1281195437034319,Information
822494,15292.0,14578.01287,CAN,Canada,British Columbia,3.64483485,0.0,0.8,0.28,15292.0,15292.0,1.0,1.0,100.0,-9999.0,-9999.0,3.0,10.0,10.0,-999.9,-999.9,-3953.066666666666,0.0,0.0,0.0,0.0,0.0,0.0,0.0,0.0,0.0,0.0,0.0,-3953.066666666666,3.926189940149367,72.896697,0.0,,78.875,0.541,68.75,0.472,8.625,0.059,4.312,0.03,0.6875,0.472,0.129375,0.0885,0.1078,0.075,1.560175,0.703125,0.0048231882250886,66.234375,0.4543443308033526,0.010546875,0.0072347823376328,2.318203125,1.5902051578117342,3.926189940149367,175,,,0.0266806090651699,Information
822495,15293.0,2583.652921,CAN,Canada,Yukon,0.077559302,0.0,0.8,0.28,15293.0,15293.0,0.0,1.0,-9999.0,-9999.0,-9999.0,0.0,10.0,-999.9,-999.9,-999.9,-5979.4,0.0,0.0,0.0,0.0,0.0,0.0,0.0,0.0,0.0,0.0,0.0,-5979.4,7.421026982697501,1.55118604,0.0,,4.688,0.181,2.688,0.104,0.062,0.002,0.688,0.027,0.02688,0.104,0.0009299999999999,0.003,0.0171999999999999,0.0675,0.2195099999999999,9.703125,0.3755583778782903,39.375,1.524005011680019,0.145546875,0.5633375668174354,1.378125,5.334017540880066,7.421026982697501,1099,,,0.004865853844067,Information
822496,15294.0,5537.433365,CAN,Canada,British Columbia,4.009255549,0.0,0.8,0.28,15294.0,,,,,,,,,,,,,,,,,,,,,,,,,1.546747306543193,80.18511097999999,0.0,,9.0,0.163,5.5,0.099,1.125,0.02,0.125,0.002,0.055,0.099,0.016875,0.03,0.003125,0.005,0.209,0.0,0.0,15.75,0.2844278018694837,0.0,0.0,0.55125,0.9954973065431928,1.546747306543193,0,,,0.0053818307623632,Information
822499,15297.0,12471.68367,CAN,Canada,Yukon,4.001225566,0.0,0.8,0.28,15297.0,15297.0,0.0,2.0,-9999.0,-9999.0,-9999.0,0.0,9.0,-999.9,-999.9,-999.9,-5981.4,0.0,0.0,0.0,0.0,0.0,0.0,0.0,0.0,0.0,0.0,0.0,-5981.4,7.503861303470924,80.02451131999999,0.0,,320.062,2.566,135.0,1.082,72.312,0.58,65.438,0.525,1.35,1.082,1.08468,0.8699999999999999,1.63595,1.3125,7.33513,11.53125,0.0924594489733634,114.046875,0.9144465014316796,0.17296875,0.1386891734600451,3.991640625,3.2005627550108784,7.503861303470924,80,,,0.1637681939921711,Information
822513,15300.0,3804.360307,CAN,Canada,Northwest Territories,4.036179626,0.0,0.8,0.28,15300.0,,,,,,,,,,,,,,,,,,,,,,,,,41.86737817639535,80.72359252,0.0,3.0,37.625,0.989,32.75,0.861,0.125,0.003,1.438,0.038,0.3275,0.861,0.001875,0.0045,0.0359499999999999,0.095,1.3258249999999998,196.3125,5.160197356398283,245.53125,6.453943111942265,2.9446875,7.740296034597424,8.59359375,22.588800891797927,41.86737817639535,63,0.0,0.0,0.7810147891068135,Watch
822514,15301.0,8786.429565,CAN,Canada,Northwest Territories,4.036179628,0.0,0.8,0.28,15301.0,,,,,,,,,,,,,,,,,,,,,,,,,20.52393525905708,80.72359256,0.0,,29.812,0.339,19.562,0.223,1.562,0.018,1.125,0.013,0.19562,0.223,0.02343,0.0269999999999999,0.028125,0.0325,0.529675,138.234375,1.5732713041536923,215.015625,2.4471330865218675,2.073515625,2.3599069562305384,7.525546875,8.564965802826537,20.52393525905708,42,,,0.5250012203601379,Advisory
822519,15306.0,4073.70893,CAN,Canada,Northwest Territories,4.035328178,0.0,0.8,0.28,15306.0,15306.0,0.0,15.0,-9999.0,-9999.0,-9999.0,0.0,1.0,-999.9,-999.9,-999.9,-5997.4,0.0,0.0,0.0,0.0,0.0,0.0,0.0,0.0,0.0,0.0,0.0,-5997.4,95.391640625,80.70656356,0.0,3.0,1664.125,40.85,1481.188,36.36,14.312,0.351,1170.75,28.739,10.0,10.0,0.21468,0.5265,25.0,25.0,70.74118,721.6875,17.71573552413832,987.609375,24.24349387880425,10.8253125,15.0,34.566328125,35.0,95.391640625,491,87.0,17.718940936863543,0.9450036545276962,Warning
822541,15309.0,5375.83764,CAN,Canada,Northwest Territories,4.020270947,0.0,0.8,0.28,15309.0,15309.0,2.0,1.0,100.0,100.0,-9999.0,7.0,10.0,10.0,10.0,-999.9,-1925.8,0.0,0.0,0.0,0.0,0.0,0.0,0.0,0.0,0.0,0.0,0.0,-1925.8,34.04524669617102,80.40541894,0.0,3.0,603.812,11.232,579.375,10.777,47.625,0.886,92.438,1.719,5.79375,10.0,0.714375,1.329,2.31095,4.2975,24.445575,140.90625,2.621103155332668,279.703125,5.20296823947772,2.11359375,3.931654732999002,9.789609375,18.21038883817202,34.04524669617102,3456,44.0,1.2731481481481481,0.7096756346633172,Watch
822543,15311.0,1209.879918,CAN,Canada,Alberta,4.034098498,0.0,0.8,0.28,15311.0,,,,,,,,,,,,,,,,,,,,,,,,,26.286621457399395,80.68196995999999,0.0,3.0,142.188,11.752,100.375,8.296,0.0,0.0,0.0,0.0,1.00375,8.296,0.0,0.0,0.0,0.0,9.29975,50.34375,4.161053445104825,59.484375,4.916551975640616,0.75515625,6.241580167657237,2.081953125,17.207931914742158,26.286621457399395,0,0.0,0.0,0.6209669228482239,Watch
822545,15313.0,4830.271392,CAN,Canada,Alberta,4.00536017,0.0,0.8,0.28,15313.0,15313.0,1.0,1.0,100.0,3.0,2.0,3.0,10.0,10.0,0.3,0.2,-939.4,0.0,0.0,0.0,0.0,0.0,0.0,0.0,0.0,0.0,0.0,0.0,-939.4,11.629393916408002,80.1072034,0.0,,497.562,10.301,250.062,5.177,0.312,0.006,0.0,0.0,2.50062,5.177,0.00468,0.009,0.0,0.0,7.691299999999999,62.859375,1.3013632132947384,81.28125,1.6827470632759702,0.942890625,1.952044819942108,2.84484375,5.889614721465896,11.629393916408002,201,,,0.2956953438191231,Information
822547,15315.0,1859.621493,CAN,Canada,Alberta,4.024277682,0.0,0.8,0.28,15315.0,,,,,,,,,,,,,,,,,,,,,,,,,6.389894319277594,80.48555364,0.0,,73.438,3.949,51.938,2.793,0.0,0.0,0.0,0.0,0.5193800000000001,2.793,0.0,0.0,0.0,0.0,3.31238,15.609375,0.839384522897983,21.9375,1.1796755456944628,0.234140625,1.2590767843469746,0.7678125,4.128864409930619,6.389894319277594,0,,,0.1321174972917179,Information
822548,15316.0,21584.41665,CAN,Canada,Alberta,2.158743741,0.0,0.8,0.28,15316.0,15316.0,1.0,1.0,100.0,5.0,-9999.0,3.0,10.0,10.0,0.5,-999.9,-1953.0666666666664,0.0,0.0,0.0,0.0,0.0,0.0,0.0,0.0,0.0,0.0,0.0,-1953.0666666666664,59.16167777901498,43.17487482,0.0,,3125.75,14.482,2316.75,10.733,1.75,0.008,0.0,0.0,10.0,10.0,0.02625,0.012,0.0,0.0,20.03825,799.453125,3.703844019080544,812.53125,3.764434607255476,11.991796875,5.555766028620816,28.43859375,13.175521125394166,59.16167777901498,1886,,,0.5160711993602507,Advisory
822550,15318.0,7311.510271,CAN,Canada,Northwest Territories,4.006898221,0.0,0.8,0.28,15318.0,,,,,,,,,,,,,,,,,,,,,,,,,9.627425,80.13796442,0.0,,270.188,3.695,227.25,3.108,51.125,0.699,41.062,0.562,2.2725,3.108,0.766875,1.0485,1.02655,1.4050000000000002,9.627425,46.546875,0.6366246271508001,85.078125,1.1636190314991963,0.698203125,0.9549369407262004,2.977734375,4.072666610247187,8.703541050973387,0,,,0.2344732123560277,Information
822622,15325.0,16191.43656,CAN,Canada,Northwest Territories,0.117450097,0.0,0.8,0.28,15325.0,15325.0,0.0,11.0,-9999.0,-9999.0,-9999.0,0.0,1.0,-999.9,-999.9,-999.9,-3997.2,0.0,0.0,0.0,0.0,0.0,0.0,0.0,0.0,0.0,0.0,0.0,-3997.2,40.382070000000006,2.34900194,0.0,,665.438,4.11,629.562,3.888,566.75,3.5,406.688,2.512,6.29562,3.888,8.50125,5.25,10.1672,6.28,40.382070000000006,106.3125,0.6565970822394235,435.09375,2.687184355090974,1.5946875,0.9848956233591352,15.22828125,9.40514524281841,27.213009616177544,19015,,,0.1886143527566385,Advisory
822623,15326.0,11419.23019,CAN,Canada,Northwest Territories,3.699252028,0.0,0.8,0.28,15326.0,,,,,,,,,,,,,,,,,,,,,,,,,91.33787886967274,73.98504056,0.0,3.0,1692.812,14.824,1598.5,13.998,1311.75,11.487,708.5,6.204,10.0,10.0,15.0,15.0,17.7125,15.51,83.22250000000001,758.390625,6.641346329781824,1194.75,10.46261420690272,11.375859375,9.962019494672736,35.0,35.0,91.33787886967274,2513,13.0,0.5173099880620772,0.8954227705951121,Warning
822624,15327.0,30202.28946,CAN,Canada,Northwest Territories,0.887041525,0.0,0.8,0.28,15327.0,15327.0,0.0,1.0,-9999.0,-9999.0,-9999.0,0.0,10.0,-999.9,-999.9,-999.9,-5979.4,0.0,0.0,0.0,0.0,0.0,0.0,0.0,0.0,0.0,0.0,0.0,-5979.4,91.5975,17.7408305,0.0,2.0,3777.375,12.507,3169.5,10.494,3461.312,11.46,2005.25,6.639,10.0,10.0,15.0,15.0,25.0,16.5975,91.5975,1235.53125,4.09085295270706,1065.234375,3.526998761297061,15.0,6.13627942906059,35.0,12.344495664539712,68.4807750936003,482,,,0.5428153844209261,Warning
822625,15328.0,418.1748849,CAN,Canada,Northwest Territories,4.027752952,0.0,0.8,0.28,15328.0,,,,,,,,,,,,,,,,,,,,,,,,,40.937842381962966,80.55505904,0.0,3.0,52.062,12.45,40.562,9.7,42.812,10.238,21.625,5.171,0.40562,9.7,0.6421799999999999,15.0,0.540625,12.9275,39.215925,33.75,8.070785983458375,32.484375,7.768131509078686,0.50625,12.106178975187564,1.136953125,27.1884602817754,40.937842381962966,0,0.0,0.0,0.7717032867266391,Watch
822680,15346.0,20198.33341,CAN,Canada,Northwest Territories,1.503233956,0.0,0.8,0.28,15346.0,15346.0,1.0,5.0,56.0,-9999.0,-9999.0,3.0,6.0,5.6,-999.9,-999.9,-3970.4,0.0,0.0,0.0,0.0,0.0,0.0,0.0,0.0,0.0,0.0,0.0,-3970.4,10.90763,30.06467912,0.0,,222.188,1.1,184.688,0.914,145.75,0.722,130.5,0.646,1.84688,0.914,2.18625,1.083,3.2625,1.615,10.90763,27.421875,0.1357630574645413,151.03125,0.7477411472662431,0.411328125,0.2036445861968119,5.28609375,2.6170940154318507,8.518160476628664,329,,,0.031576819403139,Information
822700,15356.0,16456.53195,CAN,Canada,Alberta,4.009624011,0.0,0.8,0.28,15356.0,15356.0,1.0,1.0,100.0,-9999.0,-9999.0,3.0,10.0,10.0,-999.9,-999.9,-3953.6,0.0,0.0,0.0,0.0,0.0,0.0,0.0,0.0,0.0,0.0,0.0,-3953.6,97.38846035974832,80.19248022,0.0,3.0,3350.562,20.36,3270.25,19.872,647.438,3.934,843.5,5.126,10.0,10.0,9.71157,5.901,21.0875,12.815,69.51507000000001,1359.140625,8.258973573165541,1698.75,10.32264881157162,15.0,12.388460359748311,35.0,35.0,97.38846035974832,1767,0.0,0.0,0.9443801943719116,Warning
822810,15357.0,1011.108566,CAN,Canada,Alberta,1.429578256,0.0,0.8,0.28,15357.0,,,,,,,,,,,,,,,,,,,,,,,,,71.470625,28.59156512,0.0,3.0,465.938,46.082,446.125,44.122,44.938,4.444,200.062,19.786,4.46125,10.0,0.6740700000000001,6.666,5.00155,25.0,51.80287,373.5,36.93965341902249,453.375,44.83939857790983,5.6025,15.0,15.868125,35.0,71.470625,148,0.0,0.0,0.5003472904531324,Watch
822820,15358.0,22571.69202,CAN,Canada,Alberta,1.624950577,0.0,0.8,0.28,15358.0,15358.0,1.0,1.0,100.0,7.0,-9999.0,3.0,10.0,10.0,0.7,-999.9,-1373.6571428571428,0.0,0.0,0.0,0.0,0.0,0.0,0.0,0.0,0.0,0.0,0.0,-1373.6571428571428,100.0,32.49901154,0.0,3.0,3315.625,14.689,2975.062,13.181,186.812,0.828,730.688,3.237,10.0,10.0,2.8021800000000003,1.242,18.2672,8.092500000000001,50.40388,2333.8125,10.339554952897991,3531.375,15.645149673245024,15.0,15.0,35.0,35.0,100.0,0,0.0,0.0,0.6528505789280012,Warning
822830,15359.0,1317.209519,CAN,Canada,Alberta,0.059491878,0.0,0.8,0.28,15359.0,,,,,,,,,,,,,,,,,,,,,,,,,88.716171875,1.18983756,0.0,3.0,747.875,56.777,747.875,56.777,114.688,8.707,490.938,37.271,7.47875,10.0,1.72032,13.0605,12.27345,25.0,69.53302,732.09375,55.5791420626459,792.421875,60.15913667364764,10.98140625,15.0,27.734765625,35.0,88.716171875,1248,3.0,0.2403846153846154,0.4570937250965523,Warning
822841,15360.0,26715.8359,CAN,Canada,Saskatchewan,3.184778485,0.0,0.8,0.28,15360.0,15360.0,1.0,1.0,100.0,3.0,-9999.0,3.0,10.0,10.0,0.3,-999.9,-1343.24,0.0,0.0,0.0,0.0,0.0,0.0,0.0,0.0,0.0,0.0,0.0,-1343.24,96.62310978975135,63.69556969999999,0.0,3.0,1043.875,3.907,958.875,3.589,16.625,0.062,89.125,0.334,9.58875,3.589,0.249375,0.093,2.228125,0.8350000000000001,16.58325,2070.140625,7.748739859834242,3522.375,13.184595884051904,15.0,11.623109789751362,35.0,35.0,96.62310978975135,95,3.0,3.1578947368421053,0.8361799086354156,Warning
822843,15362.0,2232.199131,CAN,Canada,Saskatchewan,4.03439725,0.0,0.8,0.28,15362.0,,,,,,,,,,,,,,,,,,,,,,,,,4.773923483597168,80.68794499999998,0.0,,14.188,0.636,13.625,0.61,2.688,0.12,4.312,0.193,0.13625,0.61,0.04032,0.18,0.1078,0.4825,1.55687,11.8125,0.5291866587928363,19.828125,0.8882776058308324,0.1771875,0.7937799881892544,0.693984375,3.1089716204079134,4.773923483597168,726,,,0.081122466507538,Information
822845,15364.0,8715.010854,CAN,Canada,Saskatchewan,3.303269444,0.0,0.8,0.28,15364.0,15364.0,2.0,13.0,100.0,98.0,5.0,7.0,1.0,10.0,9.8,0.5,-1089.2285714285715,0.0,0.0,0.0,0.0,0.0,0.0,0.0,0.0,0.0,0.0,0.0,-1089.2285714285715,26.404016825779205,66.06538888,0.0,,113.312,1.3,105.0,1.205,17.938,0.206,29.938,0.344,1.05,1.205,0.26907,0.309,0.74845,0.8599999999999999,4.441520000000001,144.421875,1.6571623079373523,289.40625,3.320778996820908,2.166328125,2.4857434619060284,10.12921875,11.622726488873177,26.404016825779205,320,,,0.4009382436866709,Advisory
822849,15368.0,11820.36433,CAN,Canada,Saskatchewan,0.886878656,0.0,0.8,0.28,15368.0,15368.0,2.0,9.0,100.0,100.0,3.0,7.0,2.0,10.0,10.0,0.3,-688.5,0.0,0.0,0.0,0.0,0.0,0.0,0.0,0.0,0.0,0.0,0.0,-688.5,29.3885704305936,17.73757312,0.0,,904.375,7.651,498.875,4.22,13.312,0.113,4.0,0.034,4.98875,4.22,0.19968,0.1695,0.1,0.085,9.76293,238.078125,2.01413525375364,352.828125,2.984917514275182,3.571171875,3.02120288063046,12.348984375,10.447211299963136,29.3885704305936,18,,,0.1516673353210471,Information
822850,15369.0,28904.10308,CAN,Canada,Alberta,2.375413453,0.0,0.8,0.28,15369.0,15369.0,1.0,1.0,100.0,15.0,2.0,3.0,10.0,10.0,1.5,0.2,-333.11,0.0,0.0,0.0,0.0,0.0,0.0,0.0,0.0,0.0,0.0,0.0,-333.11,100.0,47.50826906,0.0,3.0,3187.125,11.027,2665.188,9.221,90.875,0.314,448.75,1.553,10.0,9.221,1.363125,0.471,11.21875,3.8825,36.156375,4248.28125,14.697848393420465,7591.5,26.26443719531315,15.0,15.0,35.0,35.0,100.0,8826,120.0,1.3596193065941535,0.7403790822119406,Warning
822861,15370.0,1528.868209,CAN,Canada,Alberta,3.269584166,0.0,0.8,0.28,15370.0,15370.0,3.0,1.0,100.0,100.0,100.0,10.0,10.0,10.0,10.0,10.0,100.0,0.0,0.0,0.0,0.0,0.0,0.0,0.0,0.0,0.0,0.0,0.0,100.0,100.0,65.39168332,0.0,,23.188,1.517,20.875,1.365,0.0,0.0,0.0,0.0,0.20875,1.365,0.0,0.0,0.0,0.0,1.57375,15.328125,1.0025798760910811,16.734375,1.094559681237052,0.229921875,1.5038698141366216,0.585703125,3.830958884329682,6.150453698466304,23523,,,0.8556723558790078,Warning
822862,15371.0,13296.34865,CAN,Canada,Alberta,0.643323874,0.0,0.8,0.28,15371.0,15371.0,1.0,1.0,100.0,5.0,2.0,3.0,10.0,10.0,0.5,0.2,-618.9777777777778,0.0,0.0,0.0,0.0,0.0,0.0,0.0,0.0,0.0,0.0,0.0,-618.9777777777778,12.6455,12.86647748,0.0,,861.312,6.478,721.75,5.428,0.0,0.0,0.0,0.0,7.2175,5.428,0.0,0.0,0.0,0.0,12.6455,43.453125,0.326804945723867,110.953125,0.834463113838612,0.651796875,0.4902074185858004,3.883359375,2.9206208984351423,7.945984567020943,2055,,,0.0267947304146044,Information
822870,15379.0,28187.95716,CAN,Canada,Alberta,2.204947653,0.0,0.8,0.28,15379.0,15379.0,1.0,1.0,100.0,11.0,-9999.0,3.0,10.0,10.0,1.1,-999.9,-944.5333333333332,0.0,0.0,0.0,0.0,0.0,0.0,0.0,0.0,0.0,0.0,0.0,-944.5333333333332,42.31586743528364,44.09895306,0.0,,1427.438,5.064,1264.312,4.485,16.812,0.06,1.5,0.005,10.0,4.485,0.25218,0.09,0.0375,0.0125,14.877179999999996,398.390625,1.413336279507623,721.6875,2.5602688974349177,5.975859375,2.1200044192614342,25.2590625,8.960941141022213,42.31586743528364,63905,,,0.3903446095037134,Advisory
822880,15380.0,20178.92206,CAN,Canada,Alberta,4.010091612,0.0,0.8,0.28,15380.0,15380.0,0.0,1.0,-9999.0,-9999.0,-9999.0,0.0,10.0,-999.9,-999.9,-999.9,-5979.4,0.0,0.0,0.0,0.0,0.0,0.0,0.0,0.0,0.0,0.0,0.0,-5979.4,47.62666922166304,80.20183224,0.0,3.0,1942.938,9.629,1593.062,7.895,281.5,1.395,2.562,0.013,10.0,7.895,4.2225,2.0925,0.06405,0.0325,24.30655,80.4375,0.3986213919891924,875.390625,4.338143645336928,1.2065625,0.5979320879837886,30.638671875,15.18350275867925,47.62666922166304,15773,35.0,0.22189818043492046,0.8099748138369456,Warning
822891,15381.0,1158.500789,CAN,Canada,Alberta,4.030785211,0.0,0.8,0.28,15381.0,,,,,,,,,,,,,,,,,,,,,,,,,22.26085078314825,80.61570422000001,0.0,,109.688,9.468,103.812,8.961,7.688,0.664,0.0,0.0,1.03812,8.961,0.11532,0.996,0.0,0.0,11.11044,11.671875,1.007498235093584,61.03125,5.268123301573679,0.175078125,1.511247352640376,2.13609375,18.43843155550788,22.26085078314825,105,,,0.5550245443437645,Advisory
822892,15382.0,14107.28395,CAN,Canada,Alberta,0.87223664,0.0,0.8,0.28,15382.0,15382.0,0.0,15.0,2.0,-9999.0,-9999.0,0.0,1.0,0.2,-999.9,-999.9,-3997.2,0.0,0.0,0.0,0.0,0.0,0.0,0.0,0.0,0.0,0.0,0.0,-3997.2,20.740944410395272,17.4447328,0.0,,556.438,3.944,449.5,3.186,4.25,0.03,1.25,0.009,4.495,3.186,0.06375,0.045,0.03125,0.0225,7.8435,140.765625,0.9978222988130768,286.453125,2.0305334891930444,2.111484375,1.4967334482196153,10.025859375,7.106867212175656,20.740944410395272,25455,,,0.0835844200541808,Information
822893,15383.0,1747.929246,CAN,Canada,Alberta,2.314074095,0.0,0.8,0.28,15383.0,,,,,,,,,,,,,,,,,,,,,,,,,20.670395761766773,46.2814819,0.0,,261.0,14.932,194.562,11.131,15.312,0.876,0.0,0.0,1.94562,10.0,0.22968,1.314,0.0,0.0,13.4893,59.34375,3.395088796966428,62.4375,3.57208394751918,0.89015625,5.0926331954496415,2.1853125,12.502293816317133,20.670395761766773,685,,,0.169774874868206,Information
822895,15385.0,1848.071748,CAN,Canada,Alberta,2.252668725,0.0,0.8,0.28,15385.0,,,,,,,,,,,,,,,,,,,,,,,,,7.709994999999999,45.0533745,0.0,,115.625,6.257,108.812,5.888,7.625,0.413,0.0,0.0,1.08812,5.888,0.114375,0.6194999999999999,0.0,0.0,7.709994999999999,10.40625,0.563086904482204,21.375,1.1566109389364188,0.15609375,0.844630356723306,0.748125,4.0481382862774655,5.796987393000771,7076,,,0.0247740505454188,Information
822896,15386.0,9707.977378,CAN,Canada,Alberta,1.617876136,0.0,0.8,0.28,15386.0,,,,,,,,,,,,,,,,,,,,,,,,,8.85119,32.35752272,0.0,,553.375,5.7,424.562,4.373,7.188,0.074,0.25,0.003,4.24562,4.373,0.10782,0.1109999999999999,0.00625,0.0075,8.85119,43.453125,0.4476022482145665,96.328125,0.9922574110905438,0.651796875,0.6714033723218498,3.371484375,3.4729009388169034,8.167585561138754,18749,,,0.0209917213563718,Information
822897,15387.0,4049.388282,CAN,Canada,Alberta,1.181193926,0.0,0.8,0.28,15387.0,15387.0,0.0,1.0,-9999.0,-9999.0,-9999.0,0.0,10.0,-999.9,-999.9,-999.9,-5979.4,0.0,0.0,0.0,0.0,0.0,0.0,0.0,0.0,0.0,0.0,0.0,-5979.4,11.507113836732566,23.62387852,0.0,,144.812,3.576,96.125,2.374,0.375,0.009,0.0,0.0,0.96125,2.374,0.005625,0.0134999999999999,0.0,0.0,3.354375000000001,15.046875,0.3715839023342738,88.3125,2.180884959494616,0.225703125,0.5573758535014107,3.0909375,7.633097358231156,11.507113836732566,320,,,0.0291985780043053,Information
822899,15389.0,11864.03316,CAN,Canada,Alberta,2.232399021,0.0,0.8,0.28,15389.0,,,,,,,,,,,,,,,,,,,,,,,,,5.183110366902465,44.64798042,0.0,,88.375,0.745,82.938,0.699,0.0,0.0,0.125,0.001,0.82938,0.699,0.0,0.0,0.003125,0.0025,1.5340049999999998,9.984375,0.0841566680250375,76.078125,0.6412501042471167,0.149765625,0.1262350020375562,2.662734375,2.2443753648649083,5.183110366902465,14172,,,0.008934830878107,Information
822910,15390.0,22035.56646,CAN,Canada,Alberta,0.509814423,0.0,0.8,0.28,15390.0,15390.0,0.0,1.0,-9999.0,-9999.0,-9999.0,0.0,10.0,-999.9,-999.9,-999.9,-5979.4,0.0,0.0,0.0,0.0,0.0,0.0,0.0,0.0,0.0,0.0,0.0,-5979.4,91.60663548317508,10.19628846,0.0,3.0,2321.875,10.537,2151.188,9.762,14.0,0.064,200.875,0.912,10.0,9.762,0.21,0.096,5.021875,2.28,27.369875,1427.203125,6.476816140724484,2007.84375,9.111831792025244,15.0,9.715224211086726,35.0,31.891411272088355,91.60663548317508,1535,148.0,9.641693811074918,0.5079294143888146,Warning
822922,15392.0,2833.54037,CAN,Canada,Alberta,0.264157457,0.0,0.8,0.28,15392.0,,,,,,,,,,,,,,,,,,,,,,,,,2.6591087058732428,5.28314914,0.0,,40.812,1.44,30.125,1.063,0.0,0.0,0.0,0.0,0.30125,1.063,0.0,0.0,0.0,0.0,1.36425,11.25,0.3970298119038549,11.953125,0.4218441751478458,0.16875,0.5955447178557823,0.418359375,1.4764546130174605,2.6591087058732428,5278,,,0.0001765241773282,Information
822923,15393.0,4866.737769,CAN,Canada,Alberta,1.496385566,0.0,0.8,0.28,15393.0,15393.0,2.0,1.0,100.0,100.0,-9999.0,7.0,10.0,10.0,10.0,-999.9,-2939.7,0.0,0.0,0.0,0.0,0.0,0.0,0.0,0.0,0.0,0.0,0.0,-2939.7,7.34112,29.92771132,0.0,,332.875,6.84,240.312,4.938,0.0,0.0,0.0,0.0,2.40312,4.938,0.0,0.0,0.0,0.0,7.34112,47.8125,0.982434276727119,48.09375,0.9882133018843374,0.7171875,1.4736514150906783,1.68328125,3.458746556595181,7.33286672168586,0,,,0.0120341887937585,Information
822924,15394.0,6928.249828,CAN,Canada,Alberta,1.644328316,0.0,0.8,0.28,15394.0,15394.0,2.0,1.0,100.0,100.0,-9999.0,7.0,10.0,10.0,10.0,-999.9,-1601.6333333333332,0.0,0.0,0.0,0.0,0.0,0.0,0.0,0.0,0.0,0.0,0.0,-1601.6333333333332,18.31894543547186,32.88656632,0.0,,973.875,14.057,729.25,10.526,6.062,0.088,0.375,0.005,7.2925,10.0,0.09093,0.132,0.009375,0.0125,17.537305,54.5625,0.787536554715011,190.828125,2.754348208114098,0.8184375,1.1813048320725166,6.678984375,9.640218728399343,18.31894543547186,817,,,0.0970666425304071,Information
822926,15396.0,2616.137016,CAN,Canada,Alberta,2.590167578,0.0,0.8,0.28,15396.0,,,,,,,,,,,,,,,,,,,,,,,,,27.57713995935521,51.80335156,0.0,,133.688,5.11,130.5,4.988,0.062,0.002,0.0,0.0,1.305,4.988,0.0009299999999999,0.003,0.0,0.0,6.296930000000001,33.75,1.290070045553978,148.921875,5.692434076006927,0.50625,1.935105068330967,5.212265625,19.923519266024247,27.57713995935521,665,,,0.2883189815122295,Information
822928,15398.0,4287.766281,CAN,Canada,Alberta,2.769003109,0.0,0.8,0.28,15398.0,,,,,,,,,,,,,,,,,,,,,,,,,35.816903607578084,55.38006218,0.0,,271.5,6.332,251.312,5.861,24.062,0.561,0.688,0.016,2.51312,5.861,0.36093,0.8415000000000001,0.0171999999999999,0.04,9.63375,48.515625,1.1314894940458478,286.3125,6.677427854716946,0.727734375,1.6972342410687715,10.0209375,23.37099749150931,35.816903607578084,2767,,,0.4130287073927873,Advisory
822929,15399.0,7332.339577,CAN,Canada,Alberta,3.548989146,0.0,0.8,0.28,15399.0,,,,,,,,,,,,,,,,,,,,,,,,,57.49404060520672,70.97978291999999,0.0,3.0,668.625,9.119,642.438,8.762,18.188,0.248,0.062,0.001,6.42438,8.762,0.2728199999999999,0.372,0.00155,0.0025,15.835249999999998,42.890625,0.5849514271847854,676.546875,9.226889561265583,0.643359375,0.8774271407771781,23.679140625,32.29411346442954,57.49404060520672,239,0.0,0.0,0.7529140796522682,Watch
822931,15400.0,2367.447516,CAN,Canada,Alberta,2.660537806,0.0,0.8,0.28,15400.0,,,,,,,,,,,,,,,,,,,,,,,,,16.348949420425285,53.21075612,0.0,,84.5,3.569,77.812,3.287,0.0,0.0,0.0,0.0,0.7781199999999999,3.287,0.0,0.0,0.0,0.0,4.06512,61.3125,2.5898145404652544,63.140625,2.6670337813506864,0.9196875,3.8847218106978816,2.209921875,9.334618234727404,16.348949420425285,193,,,0.1465168675676433,Information
822932,15401.0,9413.978322,CAN,Canada,Alberta,3.394301287,0.0,0.8,0.28,15401.0,,,,,,,,,,,,,,,,,,,,,,,,,9.62523040552723,67.88602574,0.0,,393.562,4.181,231.0,2.454,0.0,0.0,0.312,0.003,2.31,2.454,0.0,0.0,0.0078,0.0075,4.7793,74.25,0.7887207454409092,101.53125,1.078515867818819,1.11375,1.183081118161364,3.55359375,3.774805537365866,9.62523040552723,5782,,,0.1141202878282583,Information
822933,15402.0,6681.518309,CAN,Canada,Alberta,2.053650118,0.0,0.8,0.28,15402.0,15402.0,1.0,1.0,100.0,5.0,-9999.0,3.0,10.0,10.0,0.5,-999.9,-3158.4,0.0,0.0,0.0,0.0,0.0,0.0,0.0,0.0,0.0,0.0,0.0,-3158.4,9.453195968396942,41.07300236,0.0,,369.375,5.528,185.312,2.774,0.188,0.003,0.0,0.0,1.85312,2.774,0.00282,0.0045,0.0,0.0,4.63444,75.234375,1.1260071666545457,75.9375,1.136530598118607,1.128515625,1.6890107499818183,2.6578125,3.977857093415124,9.453195968396942,3189,,,0.0336289720328472,Information
822936,15405.0,9456.944024,CAN,Canada,Alberta,3.019494126,0.0,0.8,0.28,15405.0,15405.0,1.0,1.0,100.0,7.0,2.0,3.0,10.0,10.0,0.7,0.2,-619.6666666666666,0.0,0.0,0.0,0.0,0.0,0.0,0.0,0.0,0.0,0.0,0.0,-619.6666666666666,27.12424277568624,60.38988252,0.0,,298.75,3.159,229.125,2.423,7.5,0.079,0.0,0.0,2.29125,2.423,0.1125,0.1185,0.0,0.0,4.94525,174.09375,1.8409091726719544,302.0625,3.194081504765232,2.61140625,2.7613637590079314,10.5721875,11.179285266678312,27.12424277568624,635,,,0.3524714123197904,Advisory
822937,15406.0,2827.1987,CAN,Canada,Alberta,0.160156593,0.0,0.8,0.28,15406.0,,,,,,,,,,,,,,,,,,,,,,,,,24.369383339496487,3.20313186,0.0,,69.062,2.443,53.25,1.883,7.625,0.27,0.0,0.0,0.5325,1.883,0.114375,0.405,0.0,0.0,2.934875,98.859375,3.4967253984922184,111.09375,3.929463819073759,1.482890625,5.245088097738328,3.88828125,13.753123366758157,24.369383339496487,195,,,0.083903129749055,Information
822938,15407.0,4172.907608,CAN,Canada,Alberta,3.465511978,0.0,0.8,0.28,15407.0,15407.0,1.0,1.0,100.0,-9999.0,-9999.0,3.0,10.0,10.0,-999.9,-999.9,-3286.866666666667,0.0,0.0,0.0,0.0,0.0,0.0,0.0,0.0,0.0,0.0,0.0,-3286.866666666667,24.012357557475976,69.31023956,0.0,,344.438,8.254,278.688,6.678,0.375,0.009,0.0,0.0,2.78688,6.678,0.005625,0.0134999999999999,0.0,0.0,9.484005000000002,19.828125,0.4751632881609374,193.5,4.637054500067021,0.297421875,0.7127449322414061,6.7725,16.22969075023457,24.012357557475976,623,,,0.4030886682584327,Advisory
822939,15408.0,7041.015722,CAN,Canada,Alberta,3.211886453,0.0,0.8,0.28,15408.0,15408.0,1.0,1.0,100.0,2.0,-9999.0,3.0,10.0,10.0,0.2,-999.9,-3966.4,0.0,0.0,0.0,0.0,0.0,0.0,0.0,0.0,0.0,0.0,0.0,-3966.4,21.000370000000004,64.23772905999999,0.0,,1003.812,14.257,676.375,9.606,127.438,1.81,0.062,0.001,6.76375,9.606,1.91157,2.715,0.00155,0.0025,21.000370000000004,62.859375,0.8927600431287456,114.046875,1.6197503243342564,0.942890625,1.3391400646931184,3.991640625,5.669126135169897,11.942797449863017,8257,,,0.2972406280649625,Information
822942,15410.0,13374.67436,CAN,Canada,Alberta,0.154577427,0.0,0.8,0.28,15410.0,15410.0,0.0,3.0,2.0,-9999.0,-9999.0,0.0,8.0,0.2,-999.9,-999.9,-3983.2,0.0,0.0,0.0,0.0,0.0,0.0,0.0,0.0,0.0,0.0,0.0,-3983.2,16.534625,3.09154854,0.0,,1026.812,7.677,805.125,6.02,93.125,0.696,0.5,0.004,8.05125,6.02,1.396875,1.044,0.0125,0.01,16.534625,28.546875,0.2134397761161274,114.1875,0.8537591044645099,0.428203125,0.3201596641741911,3.9965625,2.9881568656257844,7.733082154799975,8173,,,0.0385045409745805,Information
822943,15411.0,3014.209367,CAN,Canada,Alberta,0.009591299,0.0,0.8,0.28,15411.0,,,,,,,,,,,,,,,,,,,,,,,,,5.279301872645169,0.1918259799999999,0.0,,115.688,3.838,87.25,2.895,0.125,0.004,0.062,0.002,0.8725,2.895,0.001875,0.006,0.00155,0.005,3.781925,15.890625,0.52719048560541,28.125,0.9330805054963012,0.238359375,0.790785728408115,0.984375,3.265781769237054,5.279301872645169,4879,,,0.0016439436040601,Information
822946,15414.0,14894.15692,CAN,Canada,Alberta,2.140235856,0.0,0.8,0.28,15414.0,15414.0,0.0,1.0,-9999.0,-9999.0,-9999.0,0.0,10.0,-999.9,-999.9,-999.9,-5979.4,0.0,0.0,0.0,0.0,0.0,0.0,0.0,0.0,0.0,0.0,0.0,-5979.4,15.819449326714384,42.80471712,0.0,,1011.5,6.791,692.625,4.65,3.625,0.024,1.938,0.013,6.92625,4.65,0.054375,0.036,0.04845,0.0325,11.747575,44.296875,0.2974110936839804,251.4375,1.6881620174824037,0.664453125,0.4461166405259705,8.8003125,5.908567061188413,15.819449326714384,88648,,,0.0993557388968453,Information
822949,15417.0,6873.059965,CAN,Canada,Alberta,4.019498456,0.0,0.8,0.28,15417.0,,,,,,,,,,,,,,,,,,,,,,,,,1.615667933346446,80.38996912,0.0,,27.625,0.402,24.688,0.359,0.0,0.0,0.0,0.0,0.24688,0.359,0.0,0.0,0.0,0.0,0.60588,1.546875,0.0225063509974592,18.140625,0.2639381162429307,0.023203125,0.0337595264961887,0.634921875,0.9237834068502574,1.615667933346446,4338,,,0.0062749488049939,Information
822950,15418.0,22839.02291,CAN,Canada,Alberta,0.318785758,0.0,0.8,0.28,15418.0,15418.0,0.0,1.0,3.0,-9999.0,-9999.0,0.0,10.0,0.3,-999.9,-999.9,-2978.7,0.0,0.0,0.0,0.0,0.0,0.0,0.0,0.0,0.0,0.0,0.0,-2978.7,15.38048,6.37571516,0.0,,1686.75,7.385,1117.125,4.891,21.312,0.093,0.812,0.004,10.0,4.891,0.31968,0.1395,0.0203,0.01,15.38048,68.34375,0.2992411289931253,172.6875,0.7561072148221356,1.02515625,0.4488616934896879,6.0440625,2.646375251877475,10.164455695367163,33992,,,0.0354442839907001,Information
822960,15419.0,15801.01044,CAN,Canada,British Columbia,1.274837734,0.0,0.8,0.28,15419.0,15419.0,0.0,1.0,3.0,-9999.0,-9999.0,0.0,10.0,0.3,-999.9,-999.9,-3979.0,0.0,0.0,0.0,0.0,0.0,0.0,0.0,0.0,0.0,0.0,0.0,-3979.0,19.047125,25.49675468,0.0,,2530.312,16.014,1393.375,8.818,9.375,0.059,0.0,0.0,10.0,8.818,0.140625,0.0885,0.0,0.0,19.047125,35.015625,0.2216037077479201,73.96875,0.4681267079333573,0.525234375,0.3324055616218802,2.58890625,1.6384434777667507,5.084989664388631,12188,,,0.0862953475116516,Information
822971,15420.0,442.8983049,CAN,Canada,British Columbia,4.013209367,0.0,0.8,0.28,15420.0,,,,,,,,,,,,,,,,,,,,,,,,,11.356385902415848,80.26418734,0.0,,22.188,5.01,5.875,1.326,0.062,0.014,0.0,0.0,0.05875,1.326,0.0009299999999999,0.021,0.0,0.0,1.4066800000000002,6.1875,1.3970475684855397,11.109375,2.5083354070535826,0.0928125,2.0955713527283093,0.388828125,8.779173924687539,11.356385902415848,1863,,,0.2902499505584667,Information
822972,15421.0,13432.60289,CAN,Canada,British Columbia,3.65335215,0.0,0.8,0.28,15421.0,15421.0,0.0,1.0,5.0,-9999.0,-9999.0,0.0,10.0,0.5,-999.9,-999.9,-2978.5,0.0,0.0,0.0,0.0,0.0,0.0,0.0,0.0,0.0,0.0,0.0,-2978.5,4.16275,73.067043,0.0,,386.562,2.878,236.375,1.76,1.5,0.011,0.0,0.0,2.36375,1.76,0.0225,0.0165,0.0,0.0,4.16275,10.6875,0.0795638796686061,62.015625,0.4616798807086223,0.1603125,0.1193458195029091,2.170546875,1.6158795824801782,4.066084776983087,6988,,,0.0309385914179674,Information
822973,15422.0,153.5247046,CAN,Canada,British Columbia,0.075396098,0.0,0.8,0.28,15422.0,15422.0,0.0,1.0,2.0,-9999.0,-9999.0,0.0,10.0,0.2,-999.9,-999.9,-3979.2,0.0,0.0,0.0,0.0,0.0,0.0,0.0,0.0,0.0,0.0,0.0,-3979.2,19.76332575854331,1.50792196,0.0,,7.188,4.682,1.812,1.181,0.0,0.0,0.0,0.0,0.01812,1.181,0.0,0.0,0.0,0.0,1.19912,4.5,2.9311243495218164,6.609375,4.305088888360167,0.0675,4.396686524282725,0.231328125,15.067811109260584,19.76332575854331,15415,,,0.0541206831343457,Information
822975,15424.0,1365.312466,CAN,Canada,British Columbia,0.129425071,0.0,0.8,0.28,15424.0,,,,,,,,,,,,,,,,,,,,,,,,,42.9437913059578,2.58850142,0.0,,108.812,7.97,53.812,3.941,17.875,1.309,2.5,0.183,0.5381199999999999,3.941,0.268125,1.9635,0.0625,0.4575,7.230745000000001,89.296875,6.540398424399128,109.125,7.992675869816887,1.339453125,9.810597636598692,3.819375,27.974365544359102,42.9437913059578,1379,,,0.2063783225031163,Advisory
822976,15425.0,9381.700252,CAN,Canada,British Columbia,1.067471845,0.0,0.8,0.28,15425.0,,,,,,,,,,,,,,,,,,,,,,,,,6.250492027425209,21.3494369,0.0,,511.25,5.449,258.688,2.757,6.25,0.067,0.0,0.0,2.58688,2.757,0.09375,0.1005,0.0,0.0,5.538130000000001,57.65625,0.6145607773619965,61.734375,0.6580297103949183,0.86484375,0.9218411660429948,2.160703125,2.3031039863822143,6.250492027425209,273,,,0.0056649673462664,Information
822977,15426.0,4886.849378,CAN,Canada,British Columbia,4.000483753,0.0,0.8,0.28,15426.0,15426.0,0.0,1.0,-9999.0,-9999.0,-9999.0,0.0,10.0,-999.9,-999.9,-999.9,-5979.4,0.0,0.0,0.0,0.0,0.0,0.0,0.0,0.0,0.0,0.0,0.0,-5979.4,15.22487724739867,80.00967506,0.0,,183.0,3.745,119.125,2.438,8.438,0.173,0.0,0.0,1.19125,2.438,0.12657,0.2594999999999999,0.0,0.0,4.01532,66.09375,1.3524818320983047,114.46875,2.3423834283574894,0.99140625,2.028722748147457,4.00640625,8.198341999251213,15.22487724739867,1031,,,0.3926888920978788,Advisory
822978,15427.0,1097.628276,CAN,Canada,British Columbia,4.033206588,0.0,0.8,0.28,15427.0,,,,,,,,,,,,,,,,,,,,,,,,,0.88218,80.66413175999999,0.0,,11.688,1.065,8.625,0.786,0.062,0.006,0.0,0.0,0.08625,0.786,0.0009299999999999,0.009,0.0,0.0,0.88218,0.421875,0.0384351432326146,0.5625,0.0512468576434861,0.006328125,0.0576527148489219,0.0196875,0.1793640017522013,0.2630323416011232,0,,,0.0010098468734577,Information
822980,15429.0,22646.68982,CAN,Canada,British Columbia,4.009071493,0.0,0.8,0.28,15429.0,15429.0,1.0,1.0,76.0,-9999.0,-9999.0,3.0,10.0,7.6,-999.9,-999.9,-2240.228571428572,0.0,0.0,0.0,0.0,0.0,0.0,0.0,0.0,0.0,0.0,0.0,-2240.228571428572,22.503965804507303,80.18142986000001,0.0,,965.25,4.262,600.562,2.652,52.062,0.23,16.625,0.073,6.00562,2.652,0.7809299999999999,0.345,0.415625,0.1825,10.381675,99.0,0.4371499798552511,403.59375,1.7821313099212654,1.485,0.6557249697828766,14.12578125,6.237459584724429,22.503965804507303,3690,,,0.5505583600672154,Advisory
822992,15431.0,11596.59457,CAN,Canada,British Columbia,3.721609995,0.0,0.8,0.28,15431.0,15431.0,1.0,1.0,100.0,2.0,-9999.0,3.0,10.0,10.0,0.2,-999.9,-953.3,0.0,0.0,0.0,0.0,0.0,0.0,0.0,0.0,0.0,0.0,0.0,-953.3,3.7450133857831176,74.4321999,0.0,,236.312,2.038,116.438,1.004,1.375,0.012,0.188,0.002,1.16438,1.004,0.020625,0.018,0.0046999999999999,0.005,2.216705,28.40625,0.24495337687286,45.28125,0.3904702344210937,0.42609375,0.36743006530929,1.58484375,1.366645820473828,3.7450133857831176,0,,,0.0273716182116529,Information
822994,15433.0,3366.337408,CAN,Canada,British Columbia,3.680084998,0.0,0.8,0.28,15433.0,,,,,,,,,,,,,,,,,,,,,,,,,1.8900617150722905,73.60169995999999,0.0,,33.875,1.006,17.562,0.522,0.688,0.02,0.125,0.004,0.17562,0.522,0.01032,0.03,0.003125,0.01,0.7510650000000001,9.421875,0.2798850458931859,9.5625,0.2840624346378604,0.141328125,0.4198275688397789,0.3346875,0.9942185212325114,1.8900617150722905,0,,,0.0041859633992505,Information
822995,15434.0,3202.592468,CAN,Canada,British Columbia,4.033206585,0.0,0.8,0.28,15434.0,,,,,,,,,,,,,,,,,,,,,,,,,4.634880522923059,80.66413170000001,0.0,,27.188,0.849,26.25,0.82,1.188,0.037,0.062,0.002,0.2625,0.82,0.01782,0.0554999999999999,0.00155,0.005,1.1623699999999997,20.8125,0.6498641399532368,23.203125,0.724510696569487,0.3121875,0.9747962099298552,0.812109375,2.5357874379932044,4.634880522923059,0,,,0.0765953685804405,Information
822996,15435.0,5524.564551,CAN,Canada,British Columbia,4.009753608,0.0,0.8,0.28,15435.0,,,,,,,,,,,,,,,,,,,,,,,,,1.41656,80.19507216,0.0,,78.75,1.425,47.688,0.863,1.812,0.033,0.0,0.0,0.47688,0.863,0.02718,0.0495,0.0,0.0,1.41656,2.8125,0.05090898972949,2.953125,0.0534544392159645,0.0421875,0.076363484594235,0.103359375,0.1870905372558757,0.4090008968501107,0,,,0.0041735269340281,Information
822997,15436.0,5860.799254,CAN,Canada,British Columbia,4.008654248,0.0,0.8,0.28,15436.0,15436.0,0.0,1.0,2.0,-9999.0,-9999.0,0.0,10.0,0.2,-999.9,-999.9,-3979.2,0.0,0.0,0.0,0.0,0.0,0.0,0.0,0.0,0.0,0.0,0.0,-3979.2,3.891294269435372,80.17308496,0.0,,116.938,1.995,107.25,1.83,0.875,0.015,0.0,0.0,1.0725,1.83,0.013125,0.0225,0.0,0.0,2.938125,28.265625,0.4822827702019654,28.96875,0.4942798540378352,0.423984375,0.7234241553029481,1.01390625,1.7299794891324232,3.891294269435372,0,,,0.0517307993851235,Information
822999,15438.0,11078.05185,CAN,Canada,British Columbia,3.230135784,0.0,0.8,0.28,15438.0,,,,,,,,,,,,,,,,,,,,,,,,,3.122485759873633,64.60271567999999,0.0,,213.938,1.931,122.812,1.109,0.0,0.0,0.0,0.0,1.22812,1.109,0.0,0.0,0.0,0.0,2.33712,27.703125,0.2500721730463631,35.015625,0.3160810715154539,0.415546875,0.3751082595695446,1.225546875,1.1062837503040883,3.122485759873633,230,,,0.0075910523209197,Information
823046,15446.0,9010.694222,CAN,Canada,Northwest Territories,1.047648743,0.0,0.8,0.28,15446.0,15446.0,1.0,11.0,60.0,5.0,-9999.0,3.0,1.0,6.0,0.5,-999.9,-1966.4,0.0,0.0,0.0,0.0,0.0,0.0,0.0,0.0,0.0,0.0,0.0,-1966.4,37.36953312395414,20.95297486,0.0,,67.625,0.75,44.75,0.497,8.625,0.096,11.812,0.131,0.4475,0.497,0.129375,0.144,0.2952999999999999,0.3275,1.840675,347.0625,3.8516732612773454,357.328125,3.9656003877251775,5.2059375,5.777509891916019,12.506484375,13.87960135703812,37.36953312395414,0,,,0.2268721974316924,Advisory
831400,15482.0,25467.99739,CAN,Canada,Nunavut,4.036179633,0.0,0.8,0.28,15482.0,15482.0,0.0,15.0,-9999.0,-9999.0,-9999.0,0.0,1.0,-999.9,-999.9,-999.9,-5997.4,0.0,0.0,0.0,0.0,0.0,0.0,0.0,0.0,0.0,0.0,0.0,-5997.4,-5997.4,80.72359266,0.0,,,,,,,,,,,,,,,,,,,,,,,,,,0,,,,
832430,15549.0,29016.13176,CAN,Canada,Nunavut,1.975503539,0.0,0.8,0.28,15549.0,15549.0,1.0,15.0,31.0,9.0,-9999.0,3.0,1.0,3.1,0.9,-999.9,-3981.6,0.0,0.0,0.0,0.0,0.0,0.0,0.0,0.0,0.0,0.0,0.0,-3981.6,-3981.6,39.51007078,0.0,,,,,,,,,,,,,,,,,,,,,,,,,,2090,,,,
723010,16285.0,8450.808881,CAN,Canada,Newfoundland and Labrador,1.088617664,0.0,0.8,0.28,16285.0,16285.0,2.0,1.0,100.0,100.0,-9999.0,7.0,10.0,10.0,10.0,-999.9,-2601.733333333333,0.0,0.0,0.0,0.0,0.0,0.0,0.0,0.0,0.0,0.0,0.0,-2601.733333333333,19.75118774156396,21.77235328,0.0,,,,,,,,,,,,,,,,,0.0,0.0,258.46875,3.058508997589702,0.0,0.0,9.04640625,10.704781491563958,19.75118774156396,40754,,,0.0843474449434147,Information
723030,16286.0,27066.57964,CAN,Canada,Newfoundland and Labrador,2.381449679,0.674330614,0.8,0.28,16286.0,16286.0,2.0,12.0,100.0,100.0,21.0,7.0,1.0,10.0,10.0,2.1,60.2,0.0,0.0,0.0,0.0,0.0,0.0,0.0,0.0,0.0,0.0,0.0,60.2,66.18975545201008,47.62899358,13.48661228,3.0,0.25,0.001,0.25,0.001,0.125,0.0,5.375,0.02,0.0025,0.001,0.001875,0.0,0.134375,0.05,0.1897499999999999,0.0,0.0,2412.0,8.911358700574306,0.0,0.0,35.0,31.189755452010072,66.18975545201008,27421,2827.0,10.30961671711462,0.592574497011391,Watch
723090,16289.0,12259.73517,CAN,Canada,Newfoundland and Labrador,1.002052682,0.0,0.8,0.28,16289.0,16289.0,2.0,1.0,100.0,100.0,-9999.0,7.0,10.0,10.0,10.0,-999.9,-3952.6,0.0,0.0,0.0,0.0,0.0,0.0,0.0,0.0,0.0,0.0,0.0,-3952.6,39.60547596753797,20.04105364,0.0,,78.438,0.64,27.625,0.225,0.125,0.001,0.0,0.0,0.27625,0.225,0.001875,0.0015,0.0,0.0,0.5046249999999999,22.921875,0.1869687613759912,613.40625,5.003421700135424,0.343828125,0.2804531420639868,21.46921875,17.511975950473982,39.60547596753797,6935,,,0.2411693807259522,Advisory
724081,16291.0,7952.630157,CAN,Canada,Québec,3.155869802,0.0,0.8,0.28,16291.0,,,,,,,,,,,,,,,,,,,,,,,,,27.25019050378001,63.11739604,0.0,,8.375,0.105,8.375,0.105,1.75,0.022,0.562,0.007,0.08375,0.105,0.02625,0.033,0.01405,0.0175,0.27955,101.25,1.2731636955640269,301.5,3.7911985601239913,1.51875,1.90974554334604,10.5525,13.26919496043397,27.25019050378001,59395,,,0.3810670646544198,Advisory
726000,16292.0,17666.10785,CAN,Canada,Nova Scotia,2.198968193,2.997107781,0.8,0.28,16292.0,,,,,,,,,,,,,,,,,,,,,,,,,88.24426812196717,43.97936385999999,59.94215562,3.0,129.5,0.733,108.688,0.615,2.0,0.011,0.75,0.004,1.08688,0.615,0.03,0.0165,0.01875,0.01,1.77713,904.21875,5.118381239265165,1615.359375,9.143832860876977,13.56328125,7.677571858897748,35.0,32.003415013069414,88.24426812196717,265478,22226.0,8.37206849531788,0.7851731031289453,Warning
726020,16293.0,3132.981332,CAN,Canada,Québec,2.925443764,0.0,0.8,0.28,16293.0,,,,,,,,,,,,,,,,,,,,,,,,,2.319598354075252,58.508875280000005,0.0,,1.938,0.062,1.625,0.052,0.062,0.002,0.312,0.01,0.01625,0.052,0.0009299999999999,0.003,0.0078,0.025,0.10498,3.09375,0.0987477955264435,14.484375,0.4623192245101676,0.04640625,0.1481216932896652,0.506953125,1.6181172857855866,2.319598354075252,670,,,0.0019627608204343,Information
726077,16294.0,5375.262216,CAN,Canada,Nova Scotia,0.214577048,3.228106959,0.8,0.28,16294.0,,,,,,,,,,,,,,,,,,,,,,,,,45.92174606603404,4.29154096,64.56213918,3.0,62.562,1.164,30.688,0.571,3.938,0.073,0.125,0.002,0.30688,0.571,0.05907,0.1094999999999999,0.003125,0.005,1.0545749999999998,210.9375,3.9242271634521138,368.296875,6.851700627387391,3.1640625,5.88634074517817,12.890390625,23.98095219585587,45.92174606603404,72543,1127.0,1.5535613360351792,0.6022433369498442,Watch
783210,16341.0,19750.8003,CAN,Canada,British Columbia,2.363562792,0.653717564,0.8,0.28,16341.0,16341.0,0.0,1.0,-9999.0,-9999.0,-9999.0,0.0,10.0,-999.9,-999.9,-999.9,-5979.4,0.0,0.0,0.0,0.0,0.0,0.0,0.0,0.0,0.0,0.0,0.0,-5979.4,14.257916957394013,47.27125584,13.07435128,,101.375,0.513,91.812,0.465,0.75,0.004,0.0,0.0,0.91812,0.465,0.01125,0.006,0.0,0.0,1.40037,174.9375,0.8857236027333456,195.46875,0.9896750866554264,2.6240625,1.3285854041000185,6.84140625,3.4638628032939924,14.257916957394013,1095551,,,0.0954623656299647,Information
783303,16342.0,14444.27465,CAN,Canada,British Columbia,3.049367185,1.056084825,0.8,0.28,16342.0,,,,,,,,,,,,,,,,,,,,,,,,,39.183722085552034,60.9873437,21.1216965,,140.438,0.972,128.188,0.887,8.812,0.061,1.188,0.008,1.28188,0.887,0.13218,0.0915,0.0296999999999999,0.02,2.44226,272.109375,1.883856279489413,544.921875,3.772580404662261,4.081640625,2.8257844192341195,19.072265625,13.204031416317914,39.183722085552034,14853,,,0.5017454840524969,Advisory
783330,16343.0,5772.951819,CAN,Canada,British Columbia,1.212834609,0.0,0.8,0.28,16343.0,,,,,,,,,,,,,,,,,,,,,,,,,41.7010883613812,24.25669218,0.0,,40.938,0.709,33.062,0.573,13.938,0.241,1.062,0.018,0.3306199999999999,0.573,0.20907,0.3615,0.02655,0.045,1.54574,195.890625,3.3932489153755934,352.125,6.099565889519372,2.938359375,5.08987337306339,12.324375,21.348480613317804,41.7010883613812,1742,,,0.2753128247056137,Advisory
783350,16344.0,19721.45026,CAN,Canada,British Columbia,3.369760294,0.0,0.8,0.28,16344.0,,,,,,,,,,,,,,,,,,,,,,,,,34.91556765711738,67.39520588,0.0,,112.312,0.569,85.5,0.434,14.188,0.072,0.75,0.004,0.855,0.434,0.21282,0.1079999999999999,0.01875,0.01,1.63857,320.625,1.6257678608939372,524.53125,2.6596991759361344,4.809375,2.438651791340906,18.35859375,9.308947115776473,34.91556765711738,151,,,0.5272956260265123,Advisory
783391,16345.0,12421.41814,CAN,Canada,British Columbia,0.119615379,0.0,0.8,0.28,16345.0,,,,,,,,,,,,,,,,,,,,,,,,,27.67327822778514,2.39230758,0.0,,36.875,0.297,34.0,0.274,14.125,0.114,1.125,0.009,0.34,0.274,0.211875,0.171,0.028125,0.0225,1.0475,180.421875,1.4525062514903997,360.703125,2.903880385871298,2.706328125,2.1787593772355995,12.624609375,10.163581350549544,27.67327822778514,1090,,,0.1037464989650203,Information
712244,13051.0,5372.894569,USA,United States,Minnesota,2.888360809,0.0,0.77,0.32,13051.0,,,,,,,,,,,,,,,,,,,,,,,,,24.113160855614204,57.76721618,0.0,,22.5,0.419,20.688,0.385,0.0,0.0,0.25,0.005,0.2068799999999999,0.385,0.0,0.0,0.00625,0.0125,0.6106299999999999,50.625,0.942229544138347,219.09375,4.077760082687624,0.759375,1.4133443162075203,7.66828125,14.272160289406685,24.113160855614204,2365,,,0.2875900174136155,Information
712246,13053.0,4785.577121,USA,United States,Minnesota,1.458096587,0.0,0.77,0.32,13053.0,,,,,,,,,,,,,,,,,,,,,,,,,12.836614271159348,29.16193174,0.0,,65.625,1.371,39.875,0.833,0.0,0.0,0.062,0.001,0.39875,0.833,0.0,0.0,0.00155,0.0025,1.2357999999999998,0.703125,0.0146925852871202,118.40625,2.474231362351048,0.010546875,0.0220388779306803,4.14421875,8.659809768228667,12.836614271159348,3942,,,0.0438093614118012,Information
712260,13058.0,10010.14028,USA,United States,North Dakota,2.033850404,0.0,0.77,0.32,13058.0,,,,,,,,,,,,,,,,,,,,,,,,,49.41027350113415,40.67700807999999,0.0,,0.0,0.0,0.0,0.0,2.375,0.024,0.625,0.006,0.0,0.0,0.035625,0.036,0.015625,0.015,0.10225,0.0,0.0,706.21875,7.0550335003240425,0.0,0.0,24.71765625,24.69261725113415,49.41027350113415,15862,,,0.4274623363137285,Advisory
712263,13061.0,347.5496939,USA,United States,Minnesota,2.179466845,0.0,0.77,0.32,13061.0,13061.0,0.0,15.0,-9999.0,-9999.0,-9999.0,0.0,1.0,-999.9,-999.9,-999.9,-5997.4,0.0,0.0,0.0,0.0,0.0,0.0,0.0,0.0,0.0,0.0,0.0,-5997.4,-5997.4,43.5893369,0.0,,,,,,,,,,,,,,,,,,,,,,,,,,1893,,,,
712265,13063.0,16216.49278,USA,United States,Minnesota,0.718890729,0.0,0.77,0.32,13063.0,13063.0,0.0,15.0,-9999.0,-9999.0,-9999.0,0.0,1.0,-999.9,-999.9,-999.9,-5997.4,0.0,0.0,0.0,0.0,0.0,0.0,0.0,0.0,0.0,0.0,0.0,-5997.4,2.04494372814006,14.37781458,0.0,,,,,,,,,,,,,,,,,0.0,0.0,36.140625,0.2228633866114455,0.0,0.0,1.264921875,0.7800218531400592,2.04494372814006,65791,,,9.401654212674865e-05,Information
712266,13064.0,14454.29715,USA,United States,Minnesota,2.418878025,0.0,0.77,0.32,13064.0,13064.0,0.0,4.0,-9999.0,-9999.0,-9999.0,0.0,7.0,-999.9,-999.9,-999.9,-5985.4,0.0,0.0,0.0,0.0,0.0,0.0,0.0,0.0,0.0,0.0,0.0,-5985.4,18.386025382069896,48.3775605,0.0,,29.188,0.202,29.188,0.202,0.0,0.0,0.125,0.001,0.29188,0.202,0.0,0.0,0.003125,0.0025,0.499505,0.0,0.0,310.5,2.1481501091628274,0.0,0.0,10.8675,7.518525382069896,18.386025382069896,38998,,,0.1509504482671488,Information
712267,13065.0,15798.7673,USA,United States,Minnesota,0.568326832,0.0,0.77,0.32,13065.0,13065.0,0.0,15.0,-9999.0,-9999.0,-9999.0,0.0,1.0,-999.9,-999.9,-999.9,-5997.4,0.0,0.0,0.0,0.0,0.0,0.0,0.0,0.0,0.0,0.0,0.0,-5997.4,10.271578428016182,11.36653664,0.0,,,,,,,,,,,,,,,,,0.0,0.0,179.71875,1.1375491937189093,0.0,0.0,6.29015625,3.981422178016184,10.271578428016182,58157,,,0.0155758794135549,Information
712268,13066.0,17673.83039,USA,United States,Minnesota,0.861783244,0.0,0.77,0.32,13066.0,13066.0,0.0,4.0,-9999.0,-9999.0,-9999.0,0.0,7.0,-999.9,-999.9,-999.9,-5993.4,0.0,0.0,0.0,0.0,0.0,0.0,0.0,0.0,0.0,0.0,0.0,-5993.4,42.286732839080486,17.235664879999998,0.0,,,,,,,,,,,,,,,,,9.84375,0.0556967549264825,767.390625,4.341959880483074,0.14765625,0.0835451323897237,26.858671875,15.19685958169076,42.286732839080486,223167,,,0.2509434384428853,Advisory
712269,13067.0,19154.36864,USA,United States,North Dakota,3.18341472,0.0,0.77,0.32,13067.0,13067.0,0.0,3.0,-9999.0,-9999.0,-9999.0,0.0,8.0,-999.9,-999.9,-999.9,-5992.2,0.0,0.0,0.0,0.0,0.0,0.0,0.0,0.0,0.0,0.0,0.0,-5992.2,22.19719159737884,63.6682944,0.0,,,,,,,,,,,,,,,,,0.0,0.0,416.671875,2.17533599210824,0.0,0.0,14.583515625,7.61367597237884,22.19719159737884,95695,,,0.3111034495356073,Information
712297,13085.0,9116.127279,USA,United States,North Dakota,0.242317074,0.0,0.77,0.32,13085.0,13085.0,0.0,14.0,2.0,2.0,-9999.0,0.0,1.0,0.2,0.2,-999.9,-3595.96,0.0,0.0,0.0,0.0,0.0,0.0,0.0,0.0,0.0,0.0,0.0,-3595.96,11.322093595252651,4.84634148,0.0,,,,,,,,,,,,,,,,,0.0,0.0,154.265625,1.6922276343579008,0.0,0.0,5.399296875,5.922796720252653,11.322093595252651,57906,,,0.0166380112196941,Information
725306,13466.0,23770.77354,USA,United States,Vermont,1.991693368,0.0,0.77,0.32,13466.0,13466.0,0.0,3.0,-9999.0,-9999.0,-9999.0,0.0,8.0,-999.9,-999.9,-999.9,-5983.4,0.0,0.0,0.0,0.0,0.0,0.0,0.0,0.0,0.0,0.0,0.0,-5983.4,44.35299843309129,39.83386736,0.0,,38.562,0.162,18.688,0.079,1.625,0.007,0.812,0.003,0.18688,0.079,0.024375,0.0105,0.0203,0.0075,0.328555,446.90625,1.8800660791024568,700.453125,2.9466989112678847,6.70359375,2.820099118653685,24.515859375,10.313446189437595,44.35299843309129,973810,,,0.3802100004281131,Advisory
725510,13495.0,18468.7064,USA,United States,New York,1.989794458,0.0,0.77,0.32,13495.0,13495.0,0.0,1.0,-9999.0,-9999.0,-9999.0,0.0,10.0,-999.9,-999.9,-999.9,-5979.4,0.0,0.0,0.0,0.0,0.0,0.0,0.0,0.0,0.0,0.0,0.0,-5979.4,47.89798903654982,39.79588916,0.0,,296.125,1.603,147.312,0.798,4.562,0.025,0.25,0.001,1.4731200000000002,0.798,0.06843,0.0375,0.00625,0.0025,2.3858000000000006,500.484375,2.7099048744917,673.3125,3.645693885660651,7.507265625,4.0648573117375495,23.5659375,12.759928599812278,47.89798903654982,411800,,,0.409563827874575,Advisory
725530,13497.0,10818.13386,USA,United States,New York,1.31920608,0.0,0.77,0.32,13497.0,,,,,,,,,,,,,,,,,,,,,,,,,29.034291087087745,26.3841216,0.0,,21.125,0.195,12.312,0.114,1.25,0.012,0.188,0.002,0.12312,0.114,0.01875,0.018,0.0046999999999999,0.005,0.28357,218.671875,2.021345621369321,337.359375,3.1184618300096467,3.280078125,3.032018432053982,11.807578125,10.914616405033764,29.034291087087745,108001,,,0.1760863675391553,Information
725540,13498.0,13712.68765,USA,United States,New York,1.046857186,0.0,0.77,0.32,13498.0,13498.0,0.0,9.0,-9999.0,-9999.0,-9999.0,0.0,2.0,-999.9,-999.9,-999.9,-5995.4,0.0,0.0,0.0,0.0,0.0,0.0,0.0,0.0,0.0,0.0,0.0,-5995.4,30.38970625559209,20.93714372,0.0,,24.875,0.181,14.812,0.108,0.5,0.004,0.25,0.002,0.14812,0.108,0.0075,0.006,0.00625,0.005,0.28087,214.453125,1.5639029373872078,410.203125,2.991413028431794,3.216796875,2.345854406080812,14.357109375,10.46994559951128,30.38970625559209,917125,,,0.1695009450487175,Information
725552,13500.0,6887.390597,USA,United States,New York,1.11802686,0.0,0.77,0.32,13500.0,13500.0,1.0,10.0,54.0,7.0,-9999.0,3.0,1.0,5.4,0.7,-999.9,-1980.0,0.0,0.0,0.0,0.0,0.0,0.0,0.0,0.0,0.0,0.0,0.0,-1980.0,4.053153056948253,22.360537200000003,0.0,,,,,,,,,,,,,,,,,13.078125,0.1898850488483092,41.625,0.6043653167645112,0.196171875,0.2848275732724638,1.456875,2.1152786086757893,4.053153056948253,493208,,,0.0015756482946935,Information
725553,13501.0,12983.3874,USA,United States,New York,4.006847131,0.0,0.77,0.32,13501.0,,,,,,,,,,,,,,,,,,,,,,,,,12.202866611063008,80.13694262,0.0,,15.312,0.118,14.875,0.115,0.188,0.001,0.188,0.001,0.14875,0.115,0.00282,0.0015,0.0046999999999999,0.0025,0.2752699999999999,114.046875,0.8784061626014075,148.078125,1.1405199620459705,1.710703125,1.3176092439021112,5.182734375,3.991819867160897,12.202866611063008,1820531,,,0.3130615972372561,Information
725555,13503.0,8476.994923,USA,United States,New York,1.386697518,0.0,0.77,0.32,13503.0,13503.0,0.0,9.0,-9999.0,-9999.0,-9999.0,0.0,2.0,-999.9,-999.9,-999.9,-5995.4,0.0,0.0,0.0,0.0,0.0,0.0,0.0,0.0,0.0,0.0,0.0,-5995.4,13.21846605073132,27.73395036,0.0,,,,,,,,,,,,,,,,,87.328125,1.0301778613053103,135.84375,1.6024988953638155,1.309921875,1.5452667919579657,4.75453125,5.608746133773354,13.21846605073132,1250557,,,0.044684124798949,Information
725557,13505.0,36106.19946,USA,United States,Ohio,2.270562382,0.0,0.77,0.32,13505.0,,,,,,,,,,,,,,,,,,,,,,,,,21.009994802158207,45.41124764,0.0,,35.125,0.097,26.125,0.072,0.5,0.001,0.062,0.0,0.26125,0.072,0.0075,0.0015,0.00155,0.0,0.3438,263.109375,0.7287096922938463,357.328125,0.9896586467764102,3.946640625,1.0930645384407691,12.506484375,3.463805263717436,21.009994802158207,3094238,,,0.1698319396474633,Information
725558,13506.0,6524.543847,USA,United States,Ohio,0.388815604,0.0,0.77,0.32,13506.0,,,,,,,,,,,,,,,,,,,,,,,,,8.752565866797713,7.776312079999999,0.0,,22.938,0.352,15.25,0.234,0.0,0.0,0.0,0.0,0.1525,0.234,0.0,0.0,0.0,0.0,0.3865,26.296875,0.4030454176871506,87.46875,1.3406109615048538,0.394453125,0.6045681265307259,3.06140625,4.692138365266988,8.752565866797713,255937,,,0.0092645904567588,Information
725559,13507.0,4885.344203,USA,United States,Ohio,0.656215128,0.0,0.77,0.32,13507.0,,,,,,,,,,,,,,,,,,,,,,,,,17.28256943604046,13.12430256,0.0,,13.938,0.285,9.562,0.196,0.125,0.003,0.0,0.0,0.09562,0.196,0.001875,0.0045,0.0,0.0,0.297995,60.1875,1.2320012163444445,136.265625,2.789273781863941,0.9028125,1.8480018245166667,4.769296875,9.762458236523791,17.28256943604046,158431,,,0.0531791852946208,Information
725560,13508.0,21605.22038,USA,United States,Ohio,0.807537432,0.0,0.77,0.32,13508.0,13508.0,0.0,9.0,2.0,-9999.0,-9999.0,0.0,2.0,0.2,-999.9,-999.9,-3995.2,0.0,0.0,0.0,0.0,0.0,0.0,0.0,0.0,0.0,0.0,0.0,-3995.2,5.86591862228376,16.15074864,0.0,,28.875,0.134,24.312,0.113,0.312,0.001,0.0,0.0,0.24312,0.113,0.00468,0.0015,0.0,0.0,0.3623,33.046875,0.1529578241668187,100.40625,0.4647314317238662,0.495703125,0.229436736250228,3.51421875,1.626560011033532,5.86591862228376,1595737,,,0.0039086399279123,Information
725571,13509.0,854.0446504,USA,United States,Michigan,2.438044671,0.0,0.77,0.32,13509.0,,,,,,,,,,,,,,,,,,,,,,,,,13.940173058129876,48.76089342,0.0,,1.812,0.212,1.625,0.19,0.0,0.0,0.0,0.0,0.01625,0.19,0.0,0.0,0.0,0.0,0.20625,18.984375,2.22287851006094,23.203125,2.7168515122967047,0.284765625,3.3343177650914098,0.812109375,9.508980293038466,13.940173058129876,58932,,,0.0965046543539985,Information
725572,13510.0,2150.508311,USA,United States,Michigan,1.027013677,0.0,0.77,0.32,13510.0,,,,,,,,,,,,,,,,,,,,,,,,,18.302232732399474,20.54027354,0.0,,19.062,0.886,18.812,0.875,1.188,0.055,0.0,0.0,0.18812,0.875,0.01782,0.0825,0.0,0.0,1.16344,8.578125,0.3988882514874617,88.875,4.132743851476652,0.128671875,0.5983323772311926,3.110625,14.464603480168282,18.302232732399474,503205,,,0.0710212525377036,Information
725573,13511.0,2692.846337,USA,United States,Michigan,1.856403385,0.0,0.77,0.32,13511.0,13511.0,0.0,11.0,-9999.0,-9999.0,-9999.0,0.0,1.0,-999.9,-999.9,-999.9,-5997.4,0.0,0.0,0.0,0.0,0.0,0.0,0.0,0.0,0.0,0.0,0.0,-5997.4,13.266781623059988,37.1280677,0.0,,20.062,0.745,19.188,0.713,2.625,0.097,0.0,0.0,0.19188,0.713,0.039375,0.1455,0.0,0.0,1.089755,27.84375,1.033989560387648,68.484375,2.5431965449938616,0.41765625,1.550984340581472,2.396953125,8.901187907478516,13.266781623059988,2182793,,,0.059873482420333,Information
725575,13513.0,205.6589846,USA,United States,Michigan,2.651489549,0.0,0.77,0.32,13513.0,,,,,,,,,,,,,,,,,,,,,,,,,13.852125320468936,53.02979098,0.0,,0.188,0.091,0.188,0.091,0.062,0.03,0.0,0.0,0.00188,0.091,0.0009299999999999,0.045,0.0,0.0,0.13881,2.53125,1.2307996197402562,6.890625,3.350510075959586,0.03796875,1.8461994296103843,0.241171875,11.72678526585855,13.852125320468936,256731,,,0.1110288355262181,Information
725577,13515.0,14892.87318,USA,United States,Michigan,1.800492104,0.0,0.77,0.32,13515.0,13515.0,0.0,15.0,-9999.0,-9999.0,-9999.0,0.0,1.0,-999.9,-999.9,-999.9,-5997.4,0.0,0.0,0.0,0.0,0.0,0.0,0.0,0.0,0.0,0.0,0.0,-5997.4,20.478675381620736,36.00984208,0.0,,40.688,0.273,35.562,0.239,14.438,0.097,0.0,0.0,0.35562,0.239,0.21657,0.1455,0.0,0.0,0.95669,129.375,0.8687041005556473,294.609375,1.978190315939219,1.940625,1.3030561508334708,10.311328125,6.923666105787266,20.478675381620736,1692962,,,0.1272796077561725,Information
725583,13520.0,8941.929572,USA,United States,Michigan,1.765285179,0.0,0.77,0.32,13520.0,13520.0,0.0,9.0,-9999.0,-9999.0,-9999.0,0.0,2.0,-999.9,-999.9,-999.9,-5995.4,0.0,0.0,0.0,0.0,0.0,0.0,0.0,0.0,0.0,0.0,0.0,-5995.4,24.473129483512587,35.30570358,0.0,,23.75,0.266,22.812,0.255,4.688,0.052,0.0,0.0,0.22812,0.255,0.07032,0.078,0.0,0.0,0.6314399999999999,35.859375,0.4010250216262807,314.71875,3.519584307449476,0.537890625,0.601537532439421,11.01515625,12.318545076073166,24.473129483512587,243333,,,0.1655010767318703,Information
725586,13523.0,6472.589178,USA,United States,Michigan,0.38879351,0.0,0.77,0.32,13523.0,,,,,,,,,,,,,,,,,,,,,,,,,11.146401826285317,7.7758702,0.0,,30.5,0.471,19.125,0.295,3.312,0.051,0.312,0.005,0.19125,0.295,0.04968,0.0765,0.0078,0.0125,0.63273,0.28125,0.0043452471994126,125.015625,1.9314623801389128,0.00421875,0.0065178707991189,4.375546875,6.760118330486195,11.146401826285317,661261,,,0.0172958879985511,Information
725587,13524.0,372.9102671,USA,United States,Michigan,1.3083187,0.0,0.77,0.32,13524.0,,,,,,,,,,,,,,,,,,,,,,,,,7.392998531053072,26.166374,0.0,,0.438,0.117,0.438,0.117,0.0,0.0,0.0,0.0,0.00438,0.117,0.0,0.0,0.0,0.0,0.12138,0.0,0.0,7.59375,2.036347794586592,0.0,0.0,0.26578125,7.127217281053072,7.392998531053072,71916,,,0.0106878805440484,Information
725588,13525.0,3456.292219,USA,United States,Michigan,1.173709311,0.0,0.77,0.32,13525.0,,,,,,,,,,,,,,,,,,,,,,,,,8.469695661854452,23.47418622,0.0,,8.938,0.259,7.125,0.206,1.125,0.033,0.0,0.0,0.07125,0.206,0.016875,0.0495,0.0,0.0,0.3436249999999999,0.0,0.0,62.15625,1.7983505462441292,0.0,0.0,2.17546875,6.294226911854452,8.469695661854452,75311,,,0.0138632856714075,Information
725589,13526.0,1970.590323,USA,United States,Michigan,0.298424957,0.0,0.77,0.32,13526.0,,,,,,,,,,,,,,,,,,,,,,,,,12.6171786641741,5.96849914,0.0,,7.938,0.403,5.875,0.298,0.0,0.0,0.0,0.0,0.05875,0.298,0.0,0.0,0.0,0.0,0.35675,0.0,0.0,59.34375,3.011470689764029,0.0,0.0,2.07703125,10.540147414174102,12.6171786641741,90184,,,0.0222913474963087,Information
725810,13546.0,26753.52938,USA,United States,Michigan,3.437641049,0.0,0.77,0.32,13546.0,,,,,,,,,,,,,,,,,,,,,,,,,54.36663285976726,68.75282098,0.0,3.0,0.438,0.002,0.438,0.002,6.562,0.025,1.188,0.004,0.00438,0.002,0.09843,0.0375,0.0296999999999999,0.01,0.18201,0.0,0.0,1480.359375,5.533323674219217,0.0,0.0,35.0,19.366632859767257,54.36663285976726,180452,19115.0,10.592844634584266,0.7101494930948304,Watch
725824,13550.0,10593.16703,USA,United States,Wisconsin,1.403380703,0.0,0.77,0.32,13550.0,13550.0,0.0,4.0,-9999.0,-9999.0,-9999.0,0.0,7.0,-999.9,-999.9,-999.9,-5985.4,0.0,0.0,0.0,0.0,0.0,0.0,0.0,0.0,0.0,0.0,0.0,-5985.4,22.58083017670367,28.06761406,0.0,,,,,,,,,,,,,,,,,0.0,0.0,331.875,3.132915764772477,0.0,0.0,11.615625,10.96520517670367,22.58083017670367,59925,,,0.1233044820053081,Information
725827,13553.0,8117.045695,USA,United States,Wisconsin,2.329357599,0.0,0.77,0.32,13553.0,13553.0,0.0,1.0,-9999.0,-9999.0,-9999.0,0.0,10.0,-999.9,-999.9,-999.9,-5979.4,0.0,0.0,0.0,0.0,0.0,0.0,0.0,0.0,0.0,0.0,0.0,-5979.4,19.86179041396339,46.58715198,0.0,,,,,,,,,,,,,,,,,0.0,0.0,254.25,3.1322972611323974,0.0,0.0,8.89875,10.963040413963393,19.86179041396339,721652,,,0.1612695617928572,Information
725840,13565.0,7901.77917,USA,United States,Michigan,0.558918925,0.0,0.77,0.32,13565.0,,,,,,,,,,,,,,,,,,,,,,,,,23.527963745353336,11.1783785,0.0,,8.938,0.113,7.938,0.1,1.25,0.016,0.062,0.001,0.0793799999999999,0.1,0.01875,0.024,0.00155,0.0025,0.2261799999999999,0.0,0.0,296.71875,3.755087855815239,0.0,0.0,10.38515625,13.142807495353336,23.527963745353336,197603,,,0.0920163227669678,Information
725860,13567.0,16103.18555,USA,United States,Michigan,0.828123631,0.0,0.77,0.32,13567.0,13567.0,0.0,8.0,2.0,-9999.0,-9999.0,0.0,3.0,0.2,-999.9,-999.9,-3993.2,0.0,0.0,0.0,0.0,0.0,0.0,0.0,0.0,0.0,0.0,0.0,-3993.2,14.087460906040526,16.56247262,0.0,,43.438,0.27,28.812,0.179,0.25,0.002,0.0,0.0,0.28812,0.179,0.00375,0.003,0.0,0.0,0.4738699999999999,6.46875,0.0401706232488453,245.53125,1.524737134619217,0.09703125,0.0602559348732679,8.59359375,5.336579971167259,14.087460906040526,1596387,,,0.0376352066365912,Information
725870,13568.0,24926.2576,USA,United States,Michigan,2.441964518,0.0,0.77,0.32,13568.0,,,,,,,,,,,,,,,,,,,,,,,,,16.089416436835336,48.83929035999999,0.0,,11.812,0.047,8.938,0.036,0.25,0.001,0.0,0.0,0.08938,0.036,0.00375,0.0015,0.0,0.0,0.13063,0.984375,0.0039491487885429,327.65625,1.314502382472149,0.014765625,0.0059237231828143,11.46796875,4.600758338652521,16.089416436835336,2279976,,,0.1236749658014385,Information
725890,13570.0,12958.35114,USA,United States,Michigan,0.883942606,0.0,0.77,0.32,13570.0,,,,,,,,,,,,,,,,,,,,,,,,,18.389447898148163,17.67885212,0.0,,18.188,0.14,14.375,0.111,0.0,0.0,0.0,0.0,0.14375,0.111,0.0,0.0,0.0,0.0,0.25475,10.125,0.0781349408842524,292.21875,2.255061210520509,0.151875,0.1172024113263786,10.22765625,7.892714236821781,18.389447898148163,871128,,,0.0669561427735544,Information
725913,13573.0,2395.311728,USA,United States,Michigan,3.391379527,0.0,0.77,0.32,13573.0,,,,,,,,,,,,,,,,,,,,,,,,,7.080611857613108,67.82759053999999,0.0,,3.438,0.144,3.438,0.144,1.188,0.05,0.0,0.0,0.03438,0.144,0.01782,0.075,0.0,0.0,0.2712,0.0,0.0,39.09375,1.6320944593180309,0.0,0.0,1.36828125,5.712330607613108,7.080611857613108,46,,,0.0650447672312651,Information
725940,13582.0,11676.82747,USA,United States,Michigan,1.088146078,0.0,0.77,0.32,13582.0,,,,,,,,,,,,,,,,,,,,,,,,,22.920701697139727,21.76292156,0.0,,0.875,0.007,0.875,0.007,2.438,0.021,0.875,0.007,0.00875,0.007,0.03657,0.0315,0.021875,0.0175,0.123195,54.0,0.462454379464881,329.625,2.8228986079835443,0.81,0.6936815691973215,11.536875,9.880145127942406,22.920701697139727,33888,,,0.1097792065838224,Information
725991,13595.0,12293.47868,USA,United States,Michigan,1.238636588,0.0,0.77,0.32,13595.0,,,,,,,,,,,,,,,,,,,,,,,,,17.292561489016492,24.772731760000003,0.0,,2.688,0.022,2.688,0.022,1.5,0.012,0.375,0.003,0.02688,0.022,0.0225,0.018,0.009375,0.0075,0.1062549999999999,114.328125,0.9299900212830567,223.453125,1.817655773454831,1.714921875,1.3949850319245851,7.820859375,6.361795207091909,17.292561489016492,7439,,,0.0707487428141057,Information
725999,13603.0,6565.50605,USA,United States,Minnesota,0.261168261,0.0,0.77,0.32,13603.0,,,,,,,,,,,,,,,,,,,,,,,,,32.54163783748689,5.22336522,0.0,,14.062,0.214,14.062,0.214,0.312,0.005,0.125,0.002,0.14062,0.214,0.00468,0.0075,0.003125,0.005,0.374925,26.71875,0.4069564447334142,357.046875,5.438223227253362,0.40078125,0.6104346671001213,12.496640625,19.033781295386767,32.54163783748689,52461,,,0.1425342766926315,Information
731110,13635.0,17543.50798,USA,United States,Maine,2.957724087,1.112182134,0.77,0.32,13635.0,,,,,,,,,,,,,,,,,,,,,,,,,71.12444127347747,59.15448174,22.24364268,3.0,1451.062,8.271,608.812,3.47,125.0,0.713,11.625,0.066,6.08812,3.47,1.875,1.0695,0.290625,0.165,12.958245,296.296875,1.6889260419220191,1460.953125,8.32759973874127,4.444453125,2.5333890628830287,35.0,29.146599085594445,71.12444127347747,101711,6405.0,6.297253984328146,0.7104274631960646,Watch
731120,13636.0,21912.64674,USA,United States,Maine,1.801577552,0.0,0.77,0.32,13636.0,13636.0,0.0,1.0,-9999.0,-9999.0,-9999.0,0.0,10.0,-999.9,-999.9,-999.9,-5979.4,0.0,0.0,0.0,0.0,0.0,0.0,0.0,0.0,0.0,0.0,0.0,-5979.4,55.71447297772316,36.03155104,0.0,,161.75,0.738,50.875,0.232,2.938,0.013,1.062,0.005,0.50875,0.232,0.04407,0.0195,0.02655,0.0125,0.84337,208.546875,0.951719239936083,1011.65625,4.616768855091154,3.128203125,1.4275788599041244,35.0,16.15869099281904,55.71447297772316,157599,,,0.4450609250339362,Advisory
731130,13637.0,3455.09454,USA,United States,Maine,1.872893426,0.125980094,0.77,0.32,13637.0,,,,,,,,,,,,,,,,,,,,,,,,,48.96998602151059,37.457868520000005,2.51960188,,19.688,0.57,11.812,0.342,2.438,0.071,0.062,0.002,0.1181199999999999,0.342,0.03657,0.1064999999999999,0.00155,0.005,0.6097400000000001,21.09375,0.6105115143403967,363.9375,10.533358660752976,0.31640625,0.9157672715105952,12.7378125,35.0,48.96998602151059,79260,,,0.4033703618773213,Advisory
731150,13638.0,2941.408994,USA,United States,Maine,3.508152965,0.016358264,0.77,0.32,13638.0,,,,,,,,,,,,,,,,,,,,,,,,,42.48387344217683,70.1630593,0.32716528,3.0,4.5,0.153,2.812,0.096,2.375,0.081,0.125,0.004,0.02812,0.096,0.035625,0.1215,0.003125,0.01,0.2943699999999999,28.828125,0.9800787668420956,263.53125,8.959354190546769,0.432421875,1.4701181502631435,9.22359375,31.35773966691369,42.48387344217683,284346,9448.0,3.322712470018921,0.6380972026071328,Watch
731180,13640.0,13045.69278,USA,United States,New Hampshire,0.642728318,0.426143903,0.77,0.32,13640.0,13640.0,0.0,1.0,-9999.0,-9999.0,-9999.0,0.0,10.0,-999.9,-999.9,-999.9,-5979.4,0.0,0.0,0.0,0.0,0.0,0.0,0.0,0.0,0.0,0.0,0.0,-5979.4,23.171300763692805,12.85456636,8.52287806,,,,,,,,,,,,,,,,,127.96875,0.9809272086529568,319.921875,2.4523180216323914,1.91953125,1.4713908129794353,11.197265625,8.58311307571337,23.171300763692805,1917265,,,0.0926413262903191,Information
731190,13641.0,15998.02589,USA,United States,Rhode Island,2.078638203,1.537530801,0.77,0.32,13641.0,,,,,,,,,,,,,,,,,,,,,,,,,57.97145239416286,41.57276406,30.75061602,,5.562,0.035,5.375,0.034,0.5,0.003,0.188,0.001,0.05375,0.034,0.0075,0.0045,0.0046999999999999,0.0025,0.10695,468.84375,2.9306350251656244,818.296875,5.114986566118407,7.03265625,4.395952537748436,28.640390625,17.902452981414427,57.97145239416286,6038386,,,0.496875731154395,Advisory
731200,13642.0,29064.88754,USA,United States,New Hampshire,0.458121125,0.0,0.77,0.32,13642.0,13642.0,0.0,1.0,-9999.0,-9999.0,-9999.0,0.0,10.0,-999.9,-999.9,-999.9,-5979.4,0.0,0.0,0.0,0.0,0.0,0.0,0.0,0.0,0.0,0.0,0.0,-5979.4,28.892726570745257,9.1624225,0.0,,,,,,,,,,,,,,,,,235.125,0.8089657999729216,513.421875,1.7664677845102494,3.526875,1.2134486999593823,17.969765625,6.182637245785873,28.892726570745257,2187528,,,0.1260045333821901,Information
731404,13647.0,9037.991312,USA,United States,New York,0.510530891,0.0,0.77,0.32,13647.0,,,,,,,,,,,,,,,,,,,,,,,,,10.92156507548318,10.21061782,0.0,,28.938,0.32,10.188,0.113,0.562,0.006,0.125,0.001,0.10188,0.113,0.00843,0.009,0.003125,0.0025,0.237935,66.09375,0.7312880452880649,119.8125,1.325654073586024,0.99140625,1.0969320679320973,4.1934375,4.639789257551084,10.92156507548318,564874,,,0.0175706057821164,Information
731405,13648.0,396.639782,USA,United States,New York,0.13235667,0.0,0.77,0.32,13648.0,13648.0,0.0,9.0,-9999.0,-9999.0,-9999.0,0.0,2.0,-999.9,-999.9,-999.9,-5995.4,0.0,0.0,0.0,0.0,0.0,0.0,0.0,0.0,0.0,0.0,0.0,-5995.4,11.537284425776576,2.6471334000000004,0.0,,,,,,,,,,,,,,,,,5.0625,1.2763470106324497,10.40625,2.623602188522258,0.0759375,1.9145205159486745,0.36421875,9.182607659827902,11.537284425776576,77703,,,0.0164722808524528,Information
731408,13651.0,4242.946679,USA,United States,New York,1.213114916,0.0,0.77,0.32,13651.0,,,,,,,,,,,,,,,,,,,,,,,,,14.331662657918528,24.262298320000003,0.0,,9.812,0.231,6.062,0.143,1.25,0.029,0.875,0.021,0.06062,0.143,0.01875,0.0435,0.021875,0.0525,0.3402449999999999,50.34375,1.1865279912828828,100.40625,2.366427334569772,0.75515625,1.7797919869243242,3.51421875,8.282495670994203,14.331662657918528,17173,,,0.0479758514370043,Information
731409,13652.0,2779.001085,USA,United States,New York,0.806021173,0.0,0.77,0.32,13652.0,,,,,,,,,,,,,,,,,,,,,,,,,18.61711541089624,16.120423459999998,0.0,,14.438,0.52,6.688,0.241,0.438,0.016,0.188,0.007,0.06688,0.241,0.00657,0.024,0.0046999999999999,0.0175,0.36065,49.078125,1.766034755002705,94.640625,3.4055627223977663,0.736171875,2.649052132504057,3.312421875,11.91946952839218,18.61711541089624,19529,,,0.0661233776733762,Information
731506,13657.0,28649.67245,USA,United States,Pennsylvania,0.270251042,0.0,0.77,0.32,13657.0,13657.0,0.0,10.0,-9999.0,-9999.0,-9999.0,0.0,1.0,-999.9,-999.9,-999.9,-5997.4,0.0,0.0,0.0,0.0,0.0,0.0,0.0,0.0,0.0,0.0,0.0,-5997.4,31.18441979848335,5.40502084,0.0,,,,,,,,,,,,,,,,,268.59375,0.9375107184635116,545.34375,1.903490348796596,4.02890625,1.4062660776952676,19.08703125,6.6622162207880855,31.18441979848335,7832439,,,0.1335672229566706,Information
731601,13659.0,11271.68457,USA,United States,Pennsylvania,0.079181813,0.0,0.77,0.32,13659.0,13659.0,0.0,11.0,2.0,-9999.0,-9999.0,0.0,1.0,0.2,-999.9,-999.9,-3997.2,0.0,0.0,0.0,0.0,0.0,0.0,0.0,0.0,0.0,0.0,0.0,-3997.2,12.761014830432243,1.58363626,0.0,,,,,,,,,,,,,,,,,65.25,0.5788841907706271,165.234375,1.465924405507515,0.97875,0.8683262861559407,5.783203125,5.130735419276302,12.761014830432243,1873805,,,0.0205355121606834,Information
731604,13662.0,18075.67038,USA,United States,Pennsylvania,0.650631806,0.0,0.77,0.32,13662.0,13662.0,0.0,10.0,2.0,-9999.0,-9999.0,0.0,1.0,0.2,-999.9,-999.9,-3997.2,0.0,0.0,0.0,0.0,0.0,0.0,0.0,0.0,0.0,0.0,0.0,-3997.2,2.295625146253671,13.01263612,0.0,,,,,,,,,,,,,,,,,16.171875,0.08946763612671,35.296875,0.1952728405896018,0.242578125,0.134201454190065,1.235390625,0.6834549420636062,2.295625146253671,427556,,,0.0001391210263602,Information
731605,13663.0,9856.473842,USA,United States,Pennsylvania,0.422626977,0.0,0.77,0.32,13663.0,13663.0,0.0,10.0,-9999.0,-9999.0,-9999.0,0.0,1.0,-999.9,-999.9,-999.9,-5997.4,0.0,0.0,0.0,0.0,0.0,0.0,0.0,0.0,0.0,0.0,0.0,-5997.4,5.631958809341079,8.45253954,0.0,,,,,,,,,,,,,,,,,14.765625,0.1498063631694231,73.546875,0.7461783613105554,0.221484375,0.2247095447541346,2.574140625,2.611624264586944,5.631958809341079,616822,,,0.0026484530297598,Information
731606,13664.0,6674.155304,USA,United States,New York,1.175589318,0.0,0.77,0.32,13664.0,,,,,,,,,,,,,,,,,,,,,,,,,1.579209564090185,23.51178636,0.0,,13.312,0.199,8.875,0.133,0.0,0.0,0.0,0.0,0.08875,0.133,0.0,0.0,0.0,0.0,0.22175,2.109375,0.0316051231064578,17.15625,0.2570550012658568,0.031640625,0.0474076846596867,0.60046875,0.8996925044304988,1.579209564090185,169118,,,5.218268310290215e-05,Information
731607,13665.0,2652.805725,USA,United States,New York,1.469254885,0.0,0.77,0.32,13665.0,,,,,,,,,,,,,,,,,,,,,,,,,0.7713327464662827,29.3850977,0.0,,9.062,0.342,8.625,0.325,0.0,0.0,0.0,0.0,0.08625,0.325,0.0,0.0,0.0,0.0,0.41125,0.28125,0.0106019825472397,4.5,0.1696317207558352,0.00421875,0.0159029738208595,0.1575,0.5937110226454232,0.7713327464662827,146790,,,3.137922299090193e-06,Information
731609,13667.0,5927.459762,USA,United States,New York,1.542981275,0.0,0.77,0.32,13667.0,,,,,,,,,,,,,,,,,,,,,,,,,5.337389464689836,30.8596255,0.0,,12.438,0.21,8.688,0.147,0.438,0.007,0.125,0.002,0.08688,0.147,0.00657,0.0105,0.003125,0.005,0.259075,24.46875,0.4128033083936506,46.265625,0.7805303934569601,0.36703125,0.6192049625904759,1.619296875,2.73185637709936,5.337389464689836,104519,,,0.0052125297034932,Information
731801,13668.0,2601.235597,USA,United States,Virginia,0.179088641,0.0,0.77,0.32,13668.0,13668.0,0.0,9.0,-9999.0,-9999.0,-9999.0,0.0,2.0,-999.9,-999.9,-999.9,-5995.4,0.0,0.0,0.0,0.0,0.0,0.0,0.0,0.0,0.0,0.0,0.0,-5995.4,8.83219195623191,3.58177282,0.0,,,,,,,,,,,,,,,,,9.984375,0.3838320146683112,47.8125,1.838068802636984,0.149765625,0.5757480220024668,1.6734375,6.433240809229442,8.83219195623191,1942784,,,0.0084174901370697,Information
731805,13672.0,5950.44107,USA,United States,Maryland,0.180206137,0.0,0.77,0.32,13672.0,13672.0,0.0,8.0,-9999.0,-9999.0,-9999.0,0.0,3.0,-999.9,-999.9,-999.9,-5993.4,0.0,0.0,0.0,0.0,0.0,0.0,0.0,0.0,0.0,0.0,0.0,-5993.4,2.26736639439042,3.60412274,0.0,,,,,,,,,,,,,,,,,11.109375,0.1866983450238457,19.40625,0.3261312862441862,0.166640625,0.2800475175357685,0.67921875,1.1414595018546516,2.26736639439042,575486,,,8.847214590350128e-05,Information
731905,13679.0,2469.644673,USA,United States,Virginia,0.31707822,0.74926561,0.77,0.32,13679.0,,,,,,,,,,,,,,,,,,,,,,,,,56.04671379943542,6.3415644,14.9853122,,8.5,0.344,7.5,0.304,2.438,0.099,0.375,0.015,0.075,0.304,0.03657,0.1485,0.009375,0.0375,0.6109450000000001,137.390625,5.56317378295695,304.03125,12.3107284736468,2.060859375,8.344760674435424,10.64109375,35.0,56.04671379943542,765120,,,0.3384714143994749,Advisory
731906,13680.0,18285.23299,USA,United States,Virginia,0.22926932,0.0,0.77,0.32,13680.0,13680.0,0.0,15.0,2.0,2.0,-9999.0,0.0,1.0,0.2,0.2,-999.9,-1997.0,0.0,0.0,0.0,0.0,0.0,0.0,0.0,0.0,0.0,0.0,0.0,-1997.0,7.252494246662623,4.5853864,0.0,,,,,,,,,,,,,,,,,44.15625,0.2414858483659459,115.03125,0.6290937068896298,0.66234375,0.3622287725489188,4.02609375,2.201827974113705,7.252494246662623,956493,,,0.0049847368154732,Information
732130,13684.0,1071.527925,USA,United States,North Carolina,0.020389536,1.156745292,0.77,0.32,13684.0,,,,,,,,,,,,,,,,,,,,,,,,,15.568930387715763,0.40779072,23.13490584,,1.062,0.099,0.812,0.076,0.25,0.023,0.062,0.006,0.00812,0.076,0.00375,0.0345,0.00155,0.015,0.13892,13.5,1.2598831705279636,37.265625,3.4778025019782333,0.2025,1.8898247557919448,1.304296875,12.172308756923815,15.568930387715763,13710,,,0.0551579826733234,Information
732140,13685.0,24526.70904,USA,United States,Virginia,1.157822467,0.0,0.77,0.32,13685.0,13685.0,0.0,12.0,-9999.0,-9999.0,-9999.0,0.0,1.0,-999.9,-999.9,-999.9,-5997.4,0.0,0.0,0.0,0.0,0.0,0.0,0.0,0.0,0.0,0.0,0.0,-5997.4,41.93396298762092,23.15644934,0.0,,,,,,,,,,,,,,,,,355.78125,1.4505869882066236,698.625,2.848425358660279,5.33671875,2.175880482309936,24.451875,9.969488755310977,41.93396298762092,781205,,,0.2723651366288908,Advisory
732160,13686.0,11736.72523,USA,United States,North Carolina,0.193638453,0.0,0.77,0.32,13686.0,13686.0,0.0,14.0,-9999.0,-9999.0,-9999.0,0.0,1.0,-999.9,-999.9,-999.9,-5997.4,0.0,0.0,0.0,0.0,0.0,0.0,0.0,0.0,0.0,0.0,0.0,-5997.4,11.498479667310663,3.87276906,0.0,,,,,,,,,,,,,,,,,53.296875,0.4541034570013006,154.546875,1.3167802090882044,0.799453125,0.6811551855019509,5.409140625,4.608730731808715,11.498479667310663,1884081,,,0.0168577535482158,Information
732170,13687.0,6064.184457,USA,United States,North Carolina,1.001679077,3.121058091,0.77,0.32,13687.0,,,,,,,,,,,,,,,,,,,,,,,,,69.4246081330898,20.03358154,62.42116182,3.0,45.688,0.753,29.25,0.482,14.812,0.244,1.625,0.027,0.2925,0.482,0.22218,0.366,0.040625,0.0675,1.470805,296.4375,4.888332505393207,647.015625,10.66945818658166,4.4465625,7.332498758089811,22.645546875,35.0,69.4246081330898,524691,22738.0,4.33359825116116,0.7303263541762933,Watch
732180,13688.0,22892.00479,USA,United States,North Carolina,0.956603302,0.0,0.77,0.32,13688.0,13688.0,0.0,13.0,-9999.0,-9999.0,-9999.0,0.0,1.0,-999.9,-999.9,-999.9,-5997.4,0.0,0.0,0.0,0.0,0.0,0.0,0.0,0.0,0.0,0.0,0.0,-5997.4,20.54795721723905,19.13206604,0.0,,,,,,,,,,,,,,,,,145.546875,0.6357978530623358,346.21875,1.5124003036130151,2.183203125,0.9536967795935036,12.11765625,5.293401062645553,20.54795721723905,2107927,,,0.0853347343232251,Information
732190,13689.0,1855.436475,USA,United States,North Carolina,2.894082399,2.692584357,0.77,0.32,13689.0,,,,,,,,,,,,,,,,,,,,,,,,,55.11476330342153,57.88164798,53.85168714,3.0,1.25,0.067,1.25,0.067,3.188,0.172,0.625,0.034,0.0125,0.067,0.04782,0.258,0.015625,0.085,0.485945,126.421875,6.813592202281021,228.515625,12.316003702677042,1.896328125,10.220388303421531,7.998046875,35.0,55.11476330342153,244049,10083.0,4.131547353195464,0.6060097854647429,Watch
732201,13690.0,371.4893589,USA,United States,South Carolina,1.374132672,0.0,0.77,0.32,13690.0,,,,,,,,,,,,,,,,,,,,,,,,,22.064475030458738,27.48265344,0.0,,0.0,0.0,0.0,0.0,0.375,0.101,0.0,0.0,0.0,0.0,0.005625,0.1515,0.0,0.0,0.157125,6.75,1.817010322886156,19.6875,5.299613441751286,0.10125,2.7255154843292333,0.6890625,18.548647046129503,22.064475030458738,12847,,,0.1170513115268422,Information
732207,13696.0,8495.573898,USA,United States,South Carolina,0.360486506,0.0,0.77,0.32,13696.0,13696.0,0.0,15.0,-9999.0,-9999.0,-9999.0,0.0,1.0,-999.9,-999.9,-999.9,-5997.4,0.0,0.0,0.0,0.0,0.0,0.0,0.0,0.0,0.0,0.0,0.0,-5997.4,6.4919609957302296,7.20973012,0.0,,,,,,,,,,,,,,,,,16.03125,0.1887012012559519,78.328125,0.9219874482418003,0.24046875,0.2830518018839278,2.741484375,3.226956068846301,6.4919609957302296,281909,,,0.003909618520883,Information
732300,13699.0,5885.237179,USA,United States,South Carolina,0.13416299,0.472304341,0.77,0.32,13699.0,,,,,,,,,,,,,,,,,,,,,,,,,10.7873890691351,2.6832598,9.44608682,,5.375,0.091,3.875,0.066,2.188,0.037,0.312,0.005,0.03875,0.066,0.03282,0.0554999999999999,0.0078,0.0125,0.21337,40.359375,0.6857731264397514,96.890625,1.6463333941358491,0.605390625,1.0286596896596272,3.391171875,5.762166879475472,10.7873890691351,168202,,,0.0166864743933796,Information
732401,13700.0,3054.152597,USA,United States,South Carolina,0.728567322,0.0,0.77,0.32,13700.0,,,,,,,,,,,,,,,,,,,,,,,,,37.821932266038736,14.57134644,0.0,,5.0,0.164,3.75,0.123,4.562,0.149,3.188,0.104,0.0375,0.123,0.06843,0.2234999999999999,0.0797,0.26,0.79213,87.890625,2.8777417700674146,215.15625,7.044711853125032,1.318359375,4.316612655101122,7.53046875,24.65649148593761,37.821932266038736,33162,,,0.2075955721875638,Advisory
732402,13701.0,22160.46293,USA,United States,South Carolina,0.668301949,0.0,0.77,0.32,13701.0,13701.0,0.0,15.0,-9999.0,-9999.0,-9999.0,0.0,1.0,-999.9,-999.9,-999.9,-5997.4,0.0,0.0,0.0,0.0,0.0,0.0,0.0,0.0,0.0,0.0,0.0,-5997.4,19.326623107309736,13.36603898,0.0,,,,,,,,,,,,,,,,,83.25,0.3756690474685705,344.8125,1.555980581744823,1.24875,0.5635035712028558,12.0684375,5.44593203610688,19.326623107309736,1935433,,,0.0667802247278479,Information
732403,13702.0,3958.781779,USA,United States,South Carolina,0.37194729,0.0,0.77,0.32,13702.0,13702.0,0.0,15.0,-9999.0,-9999.0,-9999.0,0.0,1.0,-999.9,-999.9,-999.9,-5997.4,0.0,0.0,0.0,0.0,0.0,0.0,0.0,0.0,0.0,0.0,0.0,-5997.4,10.097942771870963,7.4389458,0.0,,,,,,,,,,,,,,,,,9.140625,0.2308948942040819,77.90625,1.967934944447098,0.137109375,0.3463423413061228,2.72671875,6.887772305564843,10.097942771870963,138520,,,0.0133616222174939,Information
732520,13709.0,27233.63943,USA,United States,Georgia,0.878719697,0.0,0.77,0.32,13709.0,13709.0,0.0,13.0,-9999.0,-9999.0,-9999.0,0.0,1.0,-999.9,-999.9,-999.9,-5997.4,0.0,0.0,0.0,0.0,0.0,0.0,0.0,0.0,0.0,0.0,0.0,-5997.4,44.73925256640254,17.57439394,0.0,,,,,,,,,,,,,,,,,323.71875,1.1886723800111154,796.21875,2.923658998967392,4.85578125,1.7830085700166731,27.86765625,10.232806496385871,44.73925256640254,1181662,,,0.2705849305355571,Advisory
732541,13710.0,3080.579564,USA,United States,Georgia,0.230529688,1.206592217,0.77,0.32,13710.0,13710.0,0.0,12.0,-9999.0,-9999.0,-9999.0,0.0,1.0,-999.9,-999.9,-999.9,-5997.4,0.0,0.0,0.0,0.0,0.0,0.0,0.0,0.0,0.0,0.0,0.0,-5997.4,5.529273582841805,4.61059376,24.13184434,,22.875,0.743,18.062,0.586,0.25,0.008,0.0,0.0,0.18062,0.586,0.00375,0.012,0.0,0.0,0.78237,9.703125,0.3149772567128342,33.046875,1.0727486279350151,0.145546875,0.4724658850692513,1.156640625,3.754620197772553,5.529273582841805,38367,,,0.0044101653360023,Information
732542,13711.0,3541.208085,USA,United States,Georgia,0.068804265,0.0,0.77,0.32,13711.0,,,,,,,,,,,,,,,,,,,,,,,,,1.476083239582552,1.3760853000000002,0.0,,22.75,0.642,14.812,0.418,0.0,0.0,0.0,0.0,0.14812,0.418,0.0,0.0,0.0,0.0,0.56612,5.0625,0.1429596871583675,8.859375,0.2501794525271431,0.0759375,0.2144395307375512,0.310078125,0.8756280838450008,1.476083239582552,40379,,,1.323293671841205e-05,Information
732543,13712.0,1221.168382,USA,United States,Georgia,0.083640127,0.0,0.77,0.32,13712.0,,,,,,,,,,,,,,,,,,,,,,,,,0.6331711870645274,1.67280254,0.0,,4.062,0.333,2.688,0.22,0.0,0.0,0.0,0.0,0.02688,0.22,0.0,0.0,0.0,0.0,0.24688,0.0,0.0,1.96875,0.1612185534470078,0.0,0.0,0.06890625,0.5642649370645273,0.6331711870645274,10964,,,2.263872554310153e-07,Information
732550,13719.0,15051.75351,USA,United States,Georgia,0.462503165,1.587057022,0.77,0.32,13719.0,,,,,,,,,,,,,,,,,,,,,,,,,57.38268886991308,9.2500633,31.74114044,,184.25,1.224,122.312,0.813,5.312,0.035,0.125,0.001,1.22312,0.813,0.07968,0.0525,0.003125,0.0025,2.173925,362.53125,2.408564887389808,829.6875,5.512231511093819,5.43796875,3.612847331084712,29.0390625,19.292810288828367,57.38268886991308,368319,,,0.431103840825009,Advisory
732560,13720.0,24728.76705,USA,United States,Florida,2.070338409,1.094654644,0.77,0.32,13720.0,13720.0,0.0,3.0,-9999.0,-9999.0,-9999.0,0.0,8.0,-999.9,-999.9,-999.9,-5983.4,0.0,0.0,0.0,0.0,0.0,0.0,0.0,0.0,0.0,0.0,0.0,-5983.4,57.2266036122239,41.40676818,21.89309288,,618.75,2.502,442.062,1.788,33.812,0.137,0.625,0.003,4.42062,1.788,0.50718,0.2055,0.015625,0.0075,6.944425000000001,330.046875,1.3346677346076956,1079.15625,4.363971110089245,4.950703125,2.002001601911544,35.0,15.273898885312356,57.2266036122239,4058068,,,0.4905857149975643,Advisory
732572,13721.0,7590.356079,USA,United States,Florida,2.431961078,0.0,0.77,0.32,13721.0,,,,,,,,,,,,,,,,,,,,,,,,,26.193648920984035,48.63922156,0.0,,481.125,6.339,392.375,5.169,57.812,0.762,2.188,0.029,3.92375,5.169,0.8671799999999998,1.143,0.0547,0.0725,11.23013,54.28125,0.7151344341834946,299.671875,3.9480608270596553,0.81421875,1.072701651275242,10.488515625,13.818212894708791,26.193648920984035,1621717,,,0.2503598311638564,Information
732574,13722.0,17094.53209,USA,United States,Florida,1.054277664,0.0,0.77,0.32,13722.0,,,,,,,,,,,,,,,,,,,,,,,,,34.39609878744115,21.08555328,0.0,,181.5,1.062,143.5,0.839,14.312,0.084,0.062,0.0,1.435,0.839,0.21468,0.126,0.00155,0.0,2.61623,114.890625,0.6720899079406051,570.796875,3.3390611215800683,1.723359375,1.0081348619109076,19.977890625,11.686713925530238,34.39609878744115,1475379,,,0.2031503524280125,Information
732575,13723.0,1252.921722,USA,United States,Florida,3.908577676,0.272628661,0.77,0.32,13723.0,,,,,,,,,,,,,,,,,,,,,,,,,49.6760957209611,78.17155352,5.45257322,3.0,72.812,5.811,64.562,5.153,0.438,0.035,0.0,0.0,0.64562,5.153,0.00657,0.0525,0.0,0.0,5.85769,56.109375,4.478282563974068,203.34375,16.229565382221807,0.841640625,6.717423845961102,7.11703125,35.0,49.6760957209611,341568,15408.0,4.5109612141652615,0.7945497117752423,Watch
732576,13724.0,5792.650825,USA,United States,Florida,0.547649387,0.0,0.77,0.32,13724.0,,,,,,,,,,,,,,,,,,,,,,,,,20.904312664475217,10.95298774,0.0,,45.375,0.783,36.5,0.63,3.625,0.063,0.125,0.002,0.365,0.63,0.054375,0.0945,0.003125,0.005,1.152,47.53125,0.8205440209706781,198.703125,3.430262430862628,0.71296875,1.2308160314560173,6.954609375,12.0059185080192,20.904312664475217,496426,,,0.0736396162674914,Information
732578,13725.0,4734.906219,USA,United States,Florida,1.770880193,0.0,0.77,0.32,13725.0,,,,,,,,,,,,,,,,,,,,,,,,,11.677926487739246,35.41760386,0.0,,49.875,1.053,33.0,0.697,1.875,0.04,0.0,0.0,0.33,0.697,0.028125,0.06,0.0,0.0,1.115125,29.671875,0.6266623588300472,94.5,1.9958156641411928,0.445078125,0.9399935382450708,3.3075,6.985354824494175,11.677926487739246,466113,,,0.0436106184295712,Information
732579,13726.0,2185.76253,USA,United States,Florida,3.241235456,0.0,0.77,0.32,13726.0,,,,,,,,,,,,,,,,,,,,,,,,,55.78101769729613,64.82470912,0.0,3.0,48.938,2.239,25.875,1.184,1.625,0.074,0.062,0.003,0.25875,1.184,0.024375,0.1109999999999999,0.00155,0.0075,1.587175,150.328125,6.877605548197419,234.5625,10.73138078053629,2.254921875,10.316408322296128,8.2096875,35.0,55.78101769729613,20769,784.0,3.774856757667678,0.6776328939348932,Watch
732580,13727.0,26618.91563,USA,United States,Georgia,1.240841579,0.0,0.77,0.32,13727.0,13727.0,0.0,15.0,-9999.0,-9999.0,-9999.0,0.0,1.0,-999.9,-999.9,-999.9,-5997.4,0.0,0.0,0.0,0.0,0.0,0.0,0.0,0.0,0.0,0.0,0.0,-5997.4,10.211468014514132,24.81683158,0.0,,221.875,0.834,111.062,0.417,0.188,0.001,0.0,0.0,1.11062,0.417,0.00282,0.0015,0.0,0.0,1.53194,44.015625,0.1653546884376097,193.21875,0.7258701019593476,0.660234375,0.2480320326564145,6.76265625,2.5405453568577165,10.211468014514132,507045,,,0.0229443315381725,Information
732590,13728.0,18087.85623,USA,United States,Florida,0.699772704,0.055035675,0.77,0.32,13728.0,,,,,,,,,,,,,,,,,,,,,,,,,41.96426508108385,13.99545408,1.1007135,,44.125,0.244,19.5,0.108,0.125,0.001,0.0,0.0,0.195,0.108,0.001875,0.0015,0.0,0.0,0.306375,430.03125,2.377458360069439,587.8125,3.249763225994197,6.45046875,3.5661875401041585,20.5734375,11.374171290979689,41.96426508108385,395025,,,0.2365076131138378,Advisory
732601,13729.0,1188.772415,USA,United States,Florida,2.41129763,0.0,0.77,0.32,13729.0,13729.0,0.0,15.0,-9999.0,-9999.0,-9999.0,0.0,1.0,-999.9,-999.9,-999.9,-5997.4,0.0,0.0,0.0,0.0,0.0,0.0,0.0,0.0,0.0,0.0,0.0,-5997.4,12.203296908459963,48.2259526,0.0,,,,,,,,,,,,,,,,,21.796875,1.8335616413354603,27.703125,2.3303976989876496,0.326953125,2.75034246200319,0.969609375,8.156391946456774,12.203296908459963,2340,,,0.0742032654918093,Information
732603,13731.0,1620.33695,USA,United States,Florida,0.097024286,0.0,0.77,0.32,13731.0,13731.0,0.0,15.0,-9999.0,-9999.0,-9999.0,0.0,1.0,-999.9,-999.9,-999.9,-5988.4,0.0,0.0,0.0,0.0,0.0,0.0,0.0,0.0,0.0,0.0,0.0,-5988.4,3.963405169496352,1.94048572,0.0,,,,,,,,,,,,,,,,,1.40625,0.0867875043128842,15.1875,0.93730504657915,0.02109375,0.1301812564693263,0.5315625,3.2805676630270253,3.963405169496352,17177,,,0.0006672137468489,Information
732604,13732.0,22036.65242,USA,United States,Georgia,0.327098524,0.0,0.77,0.32,13732.0,13732.0,0.0,13.0,-9999.0,-9999.0,-9999.0,0.0,1.0,-999.9,-999.9,-999.9,-5997.4,0.0,0.0,0.0,0.0,0.0,0.0,0.0,0.0,0.0,0.0,0.0,-5997.4,8.334983695709203,6.54197048,0.0,,,,,,,,,,,,,,,,,14.0625,0.0638141389676037,157.78125,0.7159946392165135,0.2109375,0.0957212084514055,5.52234375,2.505981237257797,8.334983695709203,811016,,,0.0078234146215253,Information
732701,13738.0,3565.770709,USA,United States,Florida,2.852269583,1.692941084,0.77,0.32,13738.0,,,,,,,,,,,,,,,,,,,,,,,,,41.703231997082185,57.04539166,33.858821680000005,,30.25,0.848,16.062,0.45,0.188,0.005,0.0,0.0,0.16062,0.45,0.00282,0.0075,0.0,0.0,0.62094,167.0625,4.685172256258325,241.59375,6.775358532198486,2.5059375,7.027758384387488,8.45578125,23.7137548626947,41.703231997082185,233512,,,0.4882068673432393,Advisory
732702,13739.0,11916.88683,USA,United States,Alabama,0.176366631,0.0,0.77,0.32,13739.0,13739.0,0.0,15.0,-9999.0,-9999.0,-9999.0,0.0,1.0,-999.9,-999.9,-999.9,-5997.4,0.0,0.0,0.0,0.0,0.0,0.0,0.0,0.0,0.0,0.0,0.0,-5997.4,2.944500419072754,3.52733262,0.0,,33.062,0.277,17.188,0.144,0.0,0.0,0.0,0.0,0.1718799999999999,0.144,0.0,0.0,0.0,0.0,0.3158799999999999,18.140625,0.152226208551063,37.96875,0.3186129946417598,0.272109375,0.2283393128265945,1.32890625,1.1151454812461592,2.944500419072754,212745,,,0.0002421250244786,Information
732703,13740.0,2151.86918,USA,United States,Florida,2.325455975,3.002826437,0.77,0.32,13740.0,,,,,,,,,,,,,,,,,,,,,,,,,27.996934069996986,46.5091195,60.05652874,,53.188,2.472,28.625,1.33,0.062,0.003,0.0,0.0,0.28625,1.33,0.0009299999999999,0.0045,0.0,0.0,1.62168,76.21875,3.541978792990601,108.984375,5.064637573003166,1.14328125,5.312968189485901,3.814453125,17.72623150551108,27.996934069996986,209729,,,0.3611561243640993,Advisory
732704,13741.0,3517.447098,USA,United States,Florida,0.171169405,0.0,0.77,0.32,13741.0,,,,,,,,,,,,,,,,,,,,,,,,,1.494255197953828,3.4233881,0.0,,64.438,1.832,27.938,0.794,0.062,0.002,0.0,0.0,0.2793799999999999,0.794,0.0009299999999999,0.003,0.0,0.0,1.07731,4.921875,0.1399274775890922,9.0,0.2558673875914828,0.073828125,0.2098912163836382,0.315,0.8955358565701899,1.494255197953828,68945,,,1.5316508876825305e-05,Information
732705,13742.0,2408.821939,USA,United States,Florida,0.217025493,2.170100895,0.77,0.32,13742.0,,,,,,,,,,,,,,,,,,,,,,,,,11.286410537445176,4.34050986,43.4020179,,31.875,1.323,14.062,0.584,0.188,0.008,0.062,0.003,0.14062,0.584,0.00282,0.012,0.00155,0.0075,0.74849,34.171875,1.418613573876237,47.953125,1.9907293361802336,0.512578125,2.127920360814356,1.678359375,6.967552676630818,11.286410537445176,95626,,,0.0534402963177204,Information
732706,13743.0,11008.90778,USA,United States,Alabama,0.258409048,0.553895992,0.77,0.32,13743.0,13743.0,0.0,13.0,-9999.0,-9999.0,-9999.0,0.0,1.0,-999.9,-999.9,-999.9,-5997.4,0.0,0.0,0.0,0.0,0.0,0.0,0.0,0.0,0.0,0.0,0.0,-5997.4,1.5189315659641365,5.168180959999999,11.07791984,,16.875,0.153,8.625,0.078,0.062,0.001,0.0,0.0,0.08625,0.078,0.0009299999999999,0.0015,0.0,0.0,0.16668,12.375,0.1124089713866502,17.4375,0.1583944596811889,0.185625,0.1686134570799753,0.6103125,0.5543806088841612,1.5189315659641365,114416,,,2.353147200376523e-05,Information
732707,13744.0,537.6936213,USA,United States,Florida,0.421275184,1.666438463,0.77,0.32,13744.0,,,,,,,,,,,,,,,,,,,,,,,,,41.50478709033322,8.42550368,33.32876926,,6.5,1.209,4.75,0.883,0.438,0.081,0.062,0.012,0.0475,0.883,0.00657,0.1215,0.00155,0.03,1.09012,27.0,5.021446959723757,48.9375,9.101372614499311,0.405,7.532170439585636,1.7128125,31.85480415074759,41.50478709033322,239978,,,0.317762516996382,Advisory
732708,13745.0,2318.240698,USA,United States,Alabama,0.047438277,0.0,0.77,0.32,13745.0,,,,,,,,,,,,,,,,,,,,,,,,,3.586690751022276,0.94876554,0.0,,21.125,0.911,12.188,0.526,0.062,0.003,0.0,0.0,0.12188,0.526,0.0009299999999999,0.0045,0.0,0.0,0.65331,4.640625,0.2001787391327814,17.296875,0.7461207549494582,0.069609375,0.3002681086991721,0.605390625,2.611422642323104,3.586690751022276,43303,,,0.0004526619079732,Information
732709,13746.0,2180.565072,USA,United States,Alabama,0.194065298,1.753478852,0.77,0.32,13746.0,,,,,,,,,,,,,,,,,,,,,,,,,54.32589132114053,3.88130596,35.06957704,,12.0,0.55,10.625,0.487,0.062,0.003,0.0,0.0,0.10625,0.487,0.0009299999999999,0.0045,0.0,0.0,0.5986799999999999,137.25,6.29424004742702,223.59375,10.253936142837052,2.05875,9.44136007114053,7.82578125,35.0,54.32589132114053,180318,,,0.4292376632488349,Advisory
732810,13747.0,1399.633542,USA,United States,Alabama,0.612772894,0.0,0.77,0.32,13747.0,,,,,,,,,,,,,,,,,,,,,,,,,29.79061277026229,12.25545788,0.0,,5.938,0.424,5.312,0.38,0.125,0.009,0.0,0.0,0.05312,0.38,0.001875,0.0134999999999999,0.0,0.0,0.448495,51.890625,3.707443658583923,82.265625,5.877654580681829,0.778359375,5.5611654878758845,2.879296875,20.571791032386404,29.79061277026229,136256,,,0.1400184779546082,Information
732821,13748.0,9322.757316,USA,United States,Alabama,0.333623135,0.0,0.77,0.32,13748.0,13748.0,0.0,11.0,-9999.0,-9999.0,-9999.0,0.0,1.0,-999.9,-999.9,-999.9,-5997.4,0.0,0.0,0.0,0.0,0.0,0.0,0.0,0.0,0.0,0.0,0.0,-5997.4,6.087258367775288,6.6724627000000005,0.0,,6.75,0.072,5.25,0.056,0.0,0.0,0.0,0.0,0.0525,0.056,0.0,0.0,0.0,0.0,0.1085,38.953125,0.4178283707200167,67.21875,0.7210179104843609,0.584296875,0.626742556080025,2.35265625,2.5235626866952634,6.087258367775288,30324,,,0.0031675096348697,Information
732823,13750.0,232.0313467,USA,United States,Alabama,0.834075211,0.0,0.77,0.32,13750.0,13750.0,0.0,12.0,-9999.0,-9999.0,-9999.0,0.0,1.0,-999.9,-999.9,-999.9,-5997.4,0.0,0.0,0.0,0.0,0.0,0.0,0.0,0.0,0.0,0.0,0.0,-5997.4,7.596504956407309,16.68150422,0.0,,,,,,,,,,,,,,,,,0.984375,0.4242422475089891,4.5,1.9393931314696644,0.014765625,0.6363633712634836,0.1575,6.787875960143825,7.596504956407309,3732,,,0.0083105839141727,Information
732824,13751.0,23758.1067,USA,United States,Mississippi,0.281571115,0.0,0.77,0.32,13751.0,13751.0,0.0,10.0,-9999.0,-9999.0,-9999.0,0.0,1.0,-999.9,-999.9,-999.9,-5997.4,0.0,0.0,0.0,0.0,0.0,0.0,0.0,0.0,0.0,0.0,0.0,-5997.4,20.019497172278395,5.6314223,0.0,,15.938,0.067,15.125,0.064,0.0,0.0,0.0,0.0,0.15125,0.064,0.0,0.0,0.0,0.0,0.21525,188.859375,0.7949260326499538,321.609375,1.3536826780867046,2.832890625,1.1923890489749307,11.256328125,4.737889373303466,20.019497172278395,285273,,,0.0605105972249872,Information
732825,13752.0,3861.559254,USA,United States,Alabama,0.816309385,0.0,0.77,0.32,13752.0,,,,,,,,,,,,,,,,,,,,,,,,,9.02314566389485,16.326187700000002,0.0,,6.75,0.175,6.625,0.172,0.0,0.0,0.0,0.0,0.06625,0.172,0.0,0.0,0.0,0.0,0.23825,40.921875,1.059724124513791,54.28125,1.405682172035475,0.613828125,1.5895861867706864,1.89984375,4.919887602124163,9.02314566389485,166247,,,0.012969191935855,Information
732830,13757.0,9646.978535,USA,United States,Alabama,0.106178142,0.0,0.77,0.32,13757.0,13757.0,0.0,13.0,-9999.0,-9999.0,-9999.0,0.0,1.0,-999.9,-999.9,-999.9,-5997.4,0.0,0.0,0.0,0.0,0.0,0.0,0.0,0.0,0.0,0.0,0.0,-5997.4,9.74892087034906,2.12356284,0.0,,18.5,0.192,13.812,0.143,0.0,0.0,0.0,0.0,0.13812,0.143,0.0,0.0,0.0,0.0,0.28112,65.8125,0.6822084216578617,108.5625,1.125352353674934,0.9871875,1.0233126324867925,3.7996875,3.9387332378622686,9.74892087034906,24556,,,0.0105399810768281,Information
732850,13759.0,6190.105346,USA,United States,Alabama,1.119657564,0.0,0.77,0.32,13759.0,,,,,,,,,,,,,,,,,,,,,,,,,9.88651966072584,22.39315128,0.0,,19.75,0.319,13.188,0.213,0.0,0.0,0.0,0.0,0.13188,0.213,0.0,0.0,0.0,0.0,0.3448799999999999,53.15625,0.8587293272895712,85.21875,1.3766930485118525,0.79734375,1.2880939909343567,2.98265625,4.818425669791484,9.88651966072584,284712,,,0.0196761707653162,Information
732860,13760.0,12197.99195,USA,United States,Alabama,0.201944352,0.0,0.77,0.32,13760.0,,,,,,,,,,,,,,,,,,,,,,,,,20.586709610597243,4.03888704,0.0,,18.562,0.152,13.25,0.109,0.312,0.003,0.0,0.0,0.1325,0.109,0.00468,0.0045,0.0,0.0,0.2506799999999999,155.671875,1.2762090315813477,256.5,2.102805125207207,2.335078125,1.9143135473720208,8.9775,7.359817938225224,20.586709610597243,413643,,,0.0618658623781905,Information
732870,13761.0,15967.71909,USA,United States,Alabama,1.382090609,0.0,0.77,0.32,13761.0,13761.0,0.0,12.0,-9999.0,-9999.0,-9999.0,0.0,1.0,-999.9,-999.9,-999.9,-5997.4,0.0,0.0,0.0,0.0,0.0,0.0,0.0,0.0,0.0,0.0,0.0,-5997.4,27.85598835806382,27.64181218,0.0,,14.562,0.091,14.312,0.09,0.125,0.001,0.062,0.0,0.14312,0.09,0.001875,0.0015,0.00155,0.0,0.2380449999999999,230.0625,1.4407975158074304,390.796875,2.447418274100764,3.4509375,2.1611962737111456,13.677890625,8.565963959352674,27.85598835806382,565952,,,0.169894902891769,Information
732900,13764.0,25644.43792,USA,United States,Mississippi,0.383963902,0.855857087,0.77,0.32,13764.0,13764.0,0.0,13.0,-9999.0,-9999.0,-9999.0,0.0,1.0,-999.9,-999.9,-999.9,-5997.4,0.0,0.0,0.0,0.0,0.0,0.0,0.0,0.0,0.0,0.0,0.0,-5997.4,22.59241197904313,7.679278040000001,17.11714174,,49.062,0.191,33.625,0.131,3.25,0.013,0.438,0.002,0.33625,0.131,0.04875,0.0195,0.01095,0.005,0.55145,60.1875,0.2347000163974964,438.609375,1.710348951270541,0.9028125,0.3520500245962446,15.351328125,5.986221329446893,22.59241197904313,667274,,,0.0968323342205847,Information
741001,13765.0,194.1625949,USA,United States,Mississippi,1.61405268,0.60659087,0.77,0.32,13765.0,,,,,,,,,,,,,,,,,,,,,,,,,29.459231945697905,32.2810536,12.1318174,,1.75,0.901,1.188,0.612,0.0,0.0,0.0,0.0,0.01188,0.612,0.0,0.0,0.0,0.0,0.62388,0.0,0.0,16.03125,8.256610913056544,0.0,0.0,0.56109375,28.898138195697904,29.459231945697905,52746,,,0.2026032647074354,Information
741002,13766.0,1561.902337,USA,United States,Mississippi,0.003031536,0.0,0.77,0.32,13766.0,,,,,,,,,,,,,,,,,,,,,,,,,8.525539267070066,0.06063072,0.0,,2.25,0.144,1.75,0.112,0.0,0.0,0.0,0.0,0.0175,0.112,0.0,0.0,0.0,0.0,0.1295,0.0,0.0,32.90625,2.1068058620200185,0.0,0.0,1.15171875,7.373820517070065,8.525539267070066,113723,,,0.0069179197078595,Information
741003,13767.0,2267.186735,USA,United States,Mississippi,1.110377661,2.320247395,0.77,0.32,13767.0,,,,,,,,,,,,,,,,,,,,,,,,,26.056578659354454,22.20755322,46.4049479,,4.25,0.187,3.375,0.149,0.0,0.0,0.0,0.0,0.03375,0.149,0.0,0.0,0.0,0.0,0.18275,1.125,0.0496209678127713,137.109375,6.047555452181514,0.016875,0.0744314517191569,4.798828125,21.16644408263529,26.056578659354454,116471,,,0.2353973956321956,Information
741006,13770.0,20956.47184,USA,United States,Mississippi,1.674386487,0.067522651,0.77,0.32,13770.0,13770.0,0.0,13.0,-9999.0,-9999.0,-9999.0,0.0,1.0,-999.9,-999.9,-999.9,-5997.4,0.0,0.0,0.0,0.0,0.0,0.0,0.0,0.0,0.0,0.0,0.0,-5997.4,7.053416992177555,33.48772974,1.35045302,,,,,,,,,,,,,,,,,11.53125,0.0550247679601117,131.484375,0.6274165614963964,0.17296875,0.0825371519401675,4.601953125,2.195957965237388,7.053416992177555,549257,,,0.0124202461415869,Information
741007,13771.0,18.26483566,USA,United States,Louisiana,2.601300521,4.027547811,0.77,0.32,13771.0,,,,,,,,,,,,,,,,,,,,,,,,,50.515390625,52.026010420000006,80.55095621999999,3.0,0.375,2.053,0.375,2.053,0.0,0.0,0.0,0.0,0.00375,2.053,0.0,0.0,0.0,0.0,2.05675,2.53125,13.858597179851396,13.640625,74.68244035808807,0.03796875,15.0,0.477421875,35.0,50.515390625,58,45.0,77.58620689655173,0.8300796734950231,Warning
742100,13773.0,5490.83963,USA,United States,Louisiana,3.266945154,4.008260852,0.77,0.32,13773.0,13773.0,0.0,15.0,-9999.0,-9999.0,-9999.0,0.0,1.0,-999.9,-999.9,-999.9,-5997.4,0.0,0.0,0.0,0.0,0.0,0.0,0.0,0.0,0.0,0.0,0.0,-5997.4,67.85141910217985,65.33890308,80.16521704,3.0,10.0,0.182,9.938,0.181,0.0,0.0,0.25,0.005,0.09938,0.181,0.0,0.0,0.00625,0.0125,0.29913,144.984375,2.640477318119903,763.3125,13.901562446900906,2.174765625,3.960715977179855,26.7159375,35.0,67.85141910217985,822276,11557.0,1.4054891544931387,0.890629574980706,Warning
742224,13778.0,5481.662634,USA,United States,Louisiana,0.84467029,0.0,0.77,0.32,13778.0,13778.0,1.0,15.0,41.0,9.0,-9999.0,3.0,1.0,4.1,0.9,-999.9,-1980.7333333333336,0.0,0.0,0.0,0.0,0.0,0.0,0.0,0.0,0.0,0.0,0.0,-1980.7333333333336,9.899266090817587,16.8934058,0.0,,,,,,,,,,,,,,,,,1.6875,0.0307844556027326,99.421875,1.8137175092609965,0.0253125,0.0461766834040988,3.479765625,6.348011282413488,9.899266090817587,19201,,,0.0166824995588935,Information
742227,13781.0,14251.66535,USA,United States,Arkansas,2.265160346,0.0,0.77,0.32,13781.0,13781.0,0.0,11.0,-9999.0,-9999.0,-9999.0,0.0,1.0,-999.9,-999.9,-999.9,-5997.4,0.0,0.0,0.0,0.0,0.0,0.0,0.0,0.0,0.0,0.0,0.0,-5997.4,12.699527824309708,45.30320692,0.0,,,,,,,,,,,,,,,,,3.375,0.0236814429590037,211.78125,1.4860105456774864,0.050625,0.0355221644385055,7.41234375,5.201036909871203,12.699527824309708,244591,,,0.0721120261378069,Information
742229,13783.0,19092.48518,USA,United States,Arkansas,0.371186903,0.0,0.77,0.32,13783.0,13783.0,0.0,10.0,-9999.0,-9999.0,-9999.0,0.0,1.0,-999.9,-999.9,-999.9,-5997.4,0.0,0.0,0.0,0.0,0.0,0.0,0.0,0.0,0.0,0.0,0.0,-5997.4,18.25019639201667,7.42373806,0.0,,,,,,,,,,,,,,,,,1.125,0.0058923706864075,341.71875,1.7898075959963022,0.016875,0.0088385560296112,11.96015625,6.264326585987058,18.25019639201667,166853,,,0.0522031746399261,Information
742235,13788.0,242.9780387,USA,United States,Louisiana,2.856368419,0.0,0.77,0.32,13788.0,13788.0,0.0,15.0,2.0,-9999.0,-9999.0,0.0,1.0,0.2,-999.9,-999.9,-3997.2,0.0,0.0,0.0,0.0,0.0,0.0,0.0,0.0,0.0,0.0,0.0,-3997.2,26.143296253076205,57.12736837999999,0.0,,,,,,,,,,,,,,,,,0.0,0.0,17.71875,7.29232571516463,0.0,0.0,0.62015625,25.523140003076204,26.143296253076205,63412,,,0.3104268255619075,Information
742237,13790.0,594.0197414,USA,United States,Louisiana,3.86313421,0.0,0.77,0.32,13790.0,13790.0,0.0,15.0,-9999.0,-9999.0,-9999.0,0.0,1.0,-999.9,-999.9,-999.9,-5997.4,0.0,0.0,0.0,0.0,0.0,0.0,0.0,0.0,0.0,0.0,0.0,-5997.4,7.987886248273506,77.2626842,0.0,,,,,,,,,,,,,,,,,0.0,0.0,12.796875,2.1542844637924303,0.0,0.0,0.447890625,7.539995623273506,7.987886248273506,16482,,,0.1477617565592938,Information
742250,13794.0,22129.77342,USA,United States,Oklahoma,0.213291786,0.0,0.77,0.32,13794.0,13794.0,0.0,13.0,-9999.0,-9999.0,-9999.0,0.0,1.0,-999.9,-999.9,-999.9,-5992.066666666666,0.0,0.0,0.0,0.0,0.0,0.0,0.0,0.0,0.0,0.0,0.0,-5992.066666666666,18.907219543396305,4.26583572,0.0,,,,,,,,,,,,,,,,,19.96875,0.090234769333435,363.515625,1.6426540755417582,0.29953125,0.1353521540001525,12.723046875,5.749289264396154,18.907219543396305,235247,,,0.0523983132970279,Information
742271,13796.0,7886.201077,USA,United States,Oklahoma,0.023614813,0.0,0.77,0.32,13796.0,13796.0,0.0,11.0,-9999.0,-9999.0,-9999.0,0.0,1.0,-999.9,-999.9,-999.9,-5997.4,0.0,0.0,0.0,0.0,0.0,0.0,0.0,0.0,0.0,0.0,0.0,-5997.4,16.294787481055167,0.4722962599999999,0.0,,,,,,,,,,,,,,,,,0.5625,0.0071327118661618,205.03125,2.5998734752159787,0.0084375,0.0106990677992427,7.17609375,9.099557163255923,16.294787481055167,71408,,,0.0351796365784314,Information
742277,13802.0,1745.200497,USA,United States,Oklahoma,0.050603424,0.0,0.77,0.32,13802.0,13802.0,0.0,6.0,-9999.0,-9999.0,-9999.0,0.0,5.0,-999.9,-999.9,-999.9,-5989.4,0.0,0.0,0.0,0.0,0.0,0.0,0.0,0.0,0.0,0.0,0.0,-5989.4,0.1324968879919671,1.01206848,0.0,,,,,,,,,,,,,,,,,0.0,0.0,0.5625,0.0322312537119906,0.0,0.0,0.0196875,0.1128093879919671,0.1324968879919671,15073,,,1.8428223907061987e-11,Information
742280,13805.0,13303.59253,USA,United States,Oklahoma,0.246624056,0.0,0.77,0.32,13805.0,13805.0,0.0,10.0,-9999.0,-9999.0,-9999.0,0.0,1.0,-999.9,-999.9,-999.9,-5997.4,0.0,0.0,0.0,0.0,0.0,0.0,0.0,0.0,0.0,0.0,0.0,-5997.4,2.375848320039946,4.93248112,0.0,,,,,,,,,,,,,,,,,4.78125,0.0359395403124501,36.703125,0.2758888241632202,0.07171875,0.0539093104686751,1.284609375,0.9656108845712706,2.375848320039946,75794,,,0.0001124656620305,Information
742303,13809.0,2254.22752,USA,United States,Mississippi,1.251122862,0.0,0.77,0.32,13809.0,13809.0,0.0,15.0,-9999.0,-9999.0,-9999.0,0.0,1.0,-999.9,-999.9,-999.9,-5997.4,0.0,0.0,0.0,0.0,0.0,0.0,0.0,0.0,0.0,0.0,0.0,-5997.4,47.34670429618542,25.02245724,0.0,,,,,,,,,,,,,,,,,31.359375,1.3911361974569485,279.703125,12.40793675669,0.470390625,2.086704296185423,9.789609375,35.0,47.34670429618542,37241,,,0.3228688628026527,Advisory
742305,13811.0,354.1420681,USA,United States,Louisiana,1.384365491,0.0,0.77,0.32,13811.0,,,,,,,,,,,,,,,,,,,,,,,,,38.82526059052978,27.687309820000003,0.0,,0.562,0.159,0.5,0.141,0.0,0.0,0.0,0.0,0.005,0.141,0.0,0.0,0.0,0.0,0.146,3.234375,0.9132987270198512,68.765625,19.41752510924814,0.048515625,1.3699480905297767,2.406796875,35.0,38.82526059052978,1193,,,0.2669944242167948,Advisory
742306,13812.0,8752.359988,USA,United States,Mississippi,0.445191864,0.0,0.77,0.32,13812.0,13812.0,0.0,12.0,-9999.0,-9999.0,-9999.0,0.0,1.0,-999.9,-999.9,-999.9,-5997.4,0.0,0.0,0.0,0.0,0.0,0.0,0.0,0.0,0.0,0.0,0.0,-5997.4,3.401631283252722,8.90383728,0.0,,,,,,,,,,,,,,,,,9.703125,0.1108629559738156,41.203125,0.4707658855119996,0.145546875,0.1662944339607234,1.442109375,1.6476805992919985,3.401631283252722,112614,,,0.0005051177923068,Information
742307,13813.0,615.2786749,USA,United States,Louisiana,0.362350998,0.0,0.77,0.32,13813.0,13813.0,0.0,15.0,-9999.0,-9999.0,-9999.0,0.0,1.0,-999.9,-999.9,-999.9,-5997.4,0.0,0.0,0.0,0.0,0.0,0.0,0.0,0.0,0.0,0.0,0.0,-5997.4,40.78503431728151,7.247019959999999,0.0,,,,,,,,,,,,,,,,,10.125,1.645595794854337,90.421875,14.696084667935258,0.151875,2.4683936922815053,3.164765625,35.0,40.78503431728151,19173,,,0.2056452855924101,Advisory
742308,13814.0,34404.03309,USA,United States,Mississippi,1.16871785,0.0,0.77,0.32,13814.0,13814.0,0.0,13.0,2.0,-9999.0,-9999.0,0.0,1.0,0.2,-999.9,-999.9,-4997.3,0.0,0.0,0.0,0.0,0.0,0.0,0.0,0.0,0.0,0.0,0.0,-4997.3,17.32776378433759,23.374357,0.0,,,,,,,,,,,,,,,,,103.921875,0.3020630596392038,339.046875,0.9854858413939382,1.558828125,0.4530945894588057,11.866640625,3.449200444878784,17.32776378433759,444490,,,0.0685573729732271,Information
742309,13815.0,2387.357353,USA,United States,Mississippi,2.531764914,0.0,0.77,0.32,13815.0,,,,,,,,,,,,,,,,,,,,,,,,,57.51961982837954,50.63529828,0.0,,1.625,0.068,1.625,0.068,0.0,0.0,0.25,0.01,0.01625,0.068,0.0,0.0,0.00625,0.025,0.1155,48.65625,2.038079885586359,535.21875,22.418878741449948,0.72984375,3.0571198283795384,18.73265625,35.0,57.51961982837954,13109,,,0.5607576763957923,Advisory
742413,13818.0,4740.688016,USA,United States,Arkansas,1.073295481,0.0,0.77,0.32,13818.0,13818.0,0.0,14.0,-9999.0,-9999.0,-9999.0,0.0,1.0,-999.9,-999.9,-999.9,-5997.4,0.0,0.0,0.0,0.0,0.0,0.0,0.0,0.0,0.0,0.0,0.0,-5997.4,26.150283968042487,21.46590962,0.0,,,,,,,,,,,,,,,,,16.3125,0.3440956237426517,233.296875,4.921160687836717,0.2446875,0.5161434356139776,8.165390625,17.22406240742851,26.150283968042487,424759,,,0.1357373652003256,Information
742421,13825.0,1021.620809,USA,United States,Oklahoma,0.036375825,0.0,0.77,0.32,13825.0,13825.0,0.0,15.0,-9999.0,-9999.0,-9999.0,0.0,1.0,-999.9,-999.9,-999.9,-5997.4,0.0,0.0,0.0,0.0,0.0,0.0,0.0,0.0,0.0,0.0,0.0,-5997.4,21.140986237391267,0.7275165,0.0,,,,,,,,,,,,,,,,,1.6875,0.1651787027977719,55.265625,5.409602516627031,0.0253125,0.2477680541966578,1.934296875,18.93360880819461,21.140986237391267,8712,,,0.0609732544376093,Information
742422,13826.0,46952.84592,USA,United States,Oklahoma,0.091221616,0.0,0.77,0.32,13826.0,13826.0,0.0,7.0,-9999.0,-9999.0,-9999.0,0.0,4.0,-999.9,-999.9,-999.9,-5995.4,0.0,0.0,0.0,0.0,0.0,0.0,0.0,0.0,0.0,0.0,0.0,-5995.4,10.620015763231605,1.82443232,0.0,,,,,,,,,,,,,,,,,31.78125,0.067687590345381,236.53125,0.5037633936324378,0.47671875,0.1015313855180714,8.27859375,1.7631718777135323,10.620015763231605,925003,,,0.0130736541922799,Information
742423,13827.0,29335.33837,USA,United States,Oklahoma,0.247513809,0.0,0.77,0.32,13827.0,13827.0,0.0,7.0,-9999.0,-9999.0,-9999.0,0.0,4.0,-999.9,-999.9,-999.9,-5991.4,0.0,0.0,0.0,0.0,0.0,0.0,0.0,0.0,0.0,0.0,0.0,-5991.4,12.479980222151708,4.95027618,0.0,,,,,,,,,,,,,,,,,24.609375,0.0838898624312984,255.375,0.8705370867156458,0.369140625,0.1258347936469476,8.938125,3.04687980350476,12.479980222151708,560228,,,0.0211643282033437,Information
742427,13831.0,8458.046335,USA,United States,New Mexico,0.052171159,0.0,0.77,0.32,13831.0,,,,,,,,,,,,,,,,,,,,,,,,,5.243160961495976,1.04342318,0.0,,0.312,0.004,0.312,0.004,2.938,0.035,1.312,0.016,0.00312,0.004,0.04407,0.0525,0.0328,0.04,0.17649,29.25,0.3458245419907305,56.109375,0.6633845781456801,0.43875,0.5187368129860958,1.963828125,2.32184602350988,5.243160961495976,5578,,,0.0016529824051338,Information
742441,13835.0,4308.07416,USA,United States,Oklahoma,0.244799925,0.0,0.77,0.32,13835.0,13835.0,0.0,9.0,-9999.0,-9999.0,-9999.0,0.0,2.0,-999.9,-999.9,-999.9,-5995.4,0.0,0.0,0.0,0.0,0.0,0.0,0.0,0.0,0.0,0.0,0.0,-5995.4,19.13024337631333,4.8959985,0.0,,,,,,,,,,,,,,,,,25.03125,0.5810310842245542,153.84375,3.5710562142790017,0.37546875,0.8715466263368312,5.38453125,12.498696749976506,19.13024337631333,74688,,,0.0543900384310139,Information
742447,13841.0,8900.710805,USA,United States,Kansas,0.322075042,0.0,0.77,0.32,13841.0,13841.0,0.0,6.0,-9999.0,-9999.0,-9999.0,0.0,5.0,-999.9,-999.9,-999.9,-5988.4,0.0,0.0,0.0,0.0,0.0,0.0,0.0,0.0,0.0,0.0,0.0,-5988.4,7.247458854048145,6.44150084,0.0,,,,,,,,,,,,,,,,,0.140625,0.0015799299975476,97.453125,1.0948914883005212,0.002109375,0.0023698949963214,3.410859375,3.832120209051824,7.247458854048145,66159,,,0.0052647735201601,Information
742460,13845.0,21416.90677,USA,United States,Kansas,0.815292626,0.0,0.77,0.32,13845.0,13845.0,0.0,10.0,-9999.0,-9999.0,-9999.0,0.0,1.0,-999.9,-999.9,-999.9,-5997.4,0.0,0.0,0.0,0.0,0.0,0.0,0.0,0.0,0.0,0.0,0.0,-5997.4,16.43375367496718,16.30585252,0.0,,,,,,,,,,,,,,,,,19.40625,0.0906118246275617,311.765625,1.4556986608645248,0.29109375,0.1359177369413425,10.911796875,5.094945313025837,16.43375367496718,529548,,,0.0517802903701757,Information
742470,13846.0,3459.238762,USA,United States,Oklahoma,0.621070926,0.0,0.77,0.32,13846.0,13846.0,0.0,10.0,-9999.0,-9999.0,-9999.0,0.0,1.0,-999.9,-999.9,-999.9,-5997.4,0.0,0.0,0.0,0.0,0.0,0.0,0.0,0.0,0.0,0.0,0.0,-5997.4,4.256788681526126,12.42141852,0.0,,,,,,,,,,,,,,,,,0.421875,0.0121956022423886,31.078125,0.8984093651892983,0.006328125,0.0182934033635829,1.087734375,3.144432778162544,4.256788681526126,467116,,,0.0012471938898147,Information
742481,13847.0,3627.728602,USA,United States,Oklahoma,0.320844788,0.0,0.77,0.32,13847.0,13847.0,0.0,7.0,-9999.0,-9999.0,-9999.0,0.0,4.0,-999.9,-999.9,-999.9,-5991.4,0.0,0.0,0.0,0.0,0.0,0.0,0.0,0.0,0.0,0.0,0.0,-5991.4,7.823593564691217,6.41689576,0.0,,,,,,,,,,,,,,,,,0.703125,0.0193819625749197,59.203125,1.6319612488082391,0.010546875,0.0290729438623795,2.072109375,5.711864370828837,7.823593564691217,101020,,,0.0065377577112362,Information
742483,13849.0,13067.28034,USA,United States,Oklahoma,1.171106068,0.0,0.77,0.32,13849.0,13849.0,0.0,12.0,-9999.0,-9999.0,-9999.0,0.0,1.0,-999.9,-999.9,-999.9,-5994.4,0.0,0.0,0.0,0.0,0.0,0.0,0.0,0.0,0.0,0.0,0.0,-5994.4,1.4944115383762455,23.42212136,0.0,,,,,,,,,,,,,,,,,2.953125,0.0225993850596364,22.921875,0.1754142745105118,0.044296875,0.0338990775894545,0.802265625,0.6139499607867913,1.4944115383762455,298536,,,4.132627185753137e-05,Information
742487,13853.0,4225.72259,USA,United States,Kansas,0.004642267,0.0,0.77,0.32,13853.0,13853.0,0.0,8.0,-9999.0,-9999.0,-9999.0,0.0,3.0,-999.9,-999.9,-999.9,-5993.4,0.0,0.0,0.0,0.0,0.0,0.0,0.0,0.0,0.0,0.0,0.0,-5993.4,0.1065168723768438,0.09284534,0.0,,,,,,,,,,,,,,,,,0.140625,0.0033278332167486,0.84375,0.0199669993004917,0.002109375,0.0049917498251229,0.02953125,0.0698844975517209,0.1065168723768438,30064,,,3.858856385565021e-12,Information
742493,13859.0,33534.7307,USA,United States,Kansas,1.647631736,0.0,0.77,0.32,13859.0,13859.0,0.0,14.0,-9999.0,-9999.0,-9999.0,0.0,1.0,-999.9,-999.9,-999.9,-5994.4,0.0,0.0,0.0,0.0,0.0,0.0,0.0,0.0,0.0,0.0,0.0,-5994.4,6.723653025253591,32.95263472,0.0,,,,,,,,,,,,,,,,,30.9375,0.092255101970076,134.71875,0.4017290349424221,0.4640625,0.1383826529551139,4.71515625,1.4060516222984774,6.723653025253591,828308,,,0.0107306920850364,Information
742497,13863.0,6194.59661,USA,United States,Colorado,2.392713545,0.0,0.77,0.32,13863.0,,,,,,,,,,,,,,,,,,,,,,,,,1.211365103540371,47.8542709,0.0,,6.75,0.109,4.562,0.074,0.25,0.004,0.0,0.0,0.04562,0.074,0.00375,0.006,0.0,0.0,0.12937,3.65625,0.0590232137846726,11.671875,0.188420259389532,0.05484375,0.0885348206770089,0.408515625,0.659470907863362,1.211365103540371,10135,,,8.418085850641228e-05,Information
742499,13865.0,37153.02179,USA,United States,Colorado,0.767916549,0.0,0.77,0.32,13865.0,13865.0,0.0,5.0,-9999.0,-9999.0,-9999.0,0.0,6.0,-999.9,-999.9,-999.9,-5987.4,0.0,0.0,0.0,0.0,0.0,0.0,0.0,0.0,0.0,0.0,0.0,-5987.4,4.353010584053224,15.358330979999998,0.0,,86.812,0.234,24.25,0.065,6.125,0.016,0.188,0.001,0.2425,0.065,0.091875,0.024,0.0046999999999999,0.0025,0.430575,32.765625,0.0881910095672001,83.953125,0.2259658056292639,0.491484375,0.1322865143508001,2.938359375,0.7908803197024237,4.353010584053224,982152,,,0.0015008733671905,Information
742510,13866.0,298.7633946,USA,United States,Mississippi,0.500880639,0.0,0.77,0.32,13866.0,,,,,,,,,,,,,,,,,,,,,,,,,43.38179018675315,10.01761278,0.0,,0.312,0.105,0.312,0.105,0.0,0.0,0.0,0.0,0.00312,0.105,0.0,0.0,0.0,0.0,0.10812,11.8125,3.953797624502099,64.96875,21.745886934761547,0.1771875,5.9306964367531485,2.27390625,35.0,43.38179018675315,1513,,,0.2328252543265356,Advisory
742523,13869.0,3120.474428,USA,United States,Arkansas,0.484297768,0.0,0.77,0.32,13869.0,13869.0,0.0,15.0,-9999.0,-9999.0,-9999.0,0.0,1.0,-999.9,-999.9,-999.9,-5997.4,0.0,0.0,0.0,0.0,0.0,0.0,0.0,0.0,0.0,0.0,0.0,-5997.4,12.431612118354678,9.68595536,0.0,,,,,,,,,,,,,,,,,2.53125,0.0811174729514312,83.390625,2.672370081122152,0.03796875,0.1216762094271468,2.918671875,9.353295283927531,12.431612118354678,70666,,,0.0236809007012714,Information
742525,13871.0,1891.991966,USA,United States,Arkansas,1.074940368,0.0,0.77,0.32,13871.0,13871.0,0.0,12.0,-9999.0,-9999.0,-9999.0,0.0,1.0,-999.9,-999.9,-999.9,-5997.4,0.0,0.0,0.0,0.0,0.0,0.0,0.0,0.0,0.0,0.0,0.0,-5997.4,4.185215625298056,21.49880736,0.0,,,,,,,,,,,,,,,,,1.40625,0.074326425560677,18.421875,0.9736761748448688,0.02109375,0.1114896383410155,0.644765625,3.407866611957041,4.185215625298056,22462,,,0.0016863449841756,Information
742526,13872.0,22215.76503,USA,United States,Missouri,1.372414879,0.0,0.77,0.32,13872.0,13872.0,0.0,15.0,-9999.0,-9999.0,-9999.0,0.0,1.0,-999.9,-999.9,-999.9,-5997.4,0.0,0.0,0.0,0.0,0.0,0.0,0.0,0.0,0.0,0.0,0.0,-5997.4,5.448866466893108,27.44829758,0.0,,,,,,,,,,,,,,,,,12.9375,0.0582356717642836,101.8125,0.4582894169276236,0.1940625,0.0873535076464254,3.5634375,1.6040129592466823,5.448866466893108,102792,,,0.0048142665284476,Information
742527,13873.0,3683.809906,USA,United States,Arkansas,1.618401791,0.0,0.77,0.32,13873.0,13873.0,0.0,13.0,-9999.0,-9999.0,-9999.0,0.0,1.0,-999.9,-999.9,-999.9,-5997.4,0.0,0.0,0.0,0.0,0.0,0.0,0.0,0.0,0.0,0.0,0.0,-5997.4,0.707801781943111,32.36803582,0.0,,,,,,,,,,,,,,,,,0.5625,0.0152695175481361,5.203125,0.1412430373202591,0.0084375,0.0229042763222041,0.182109375,0.4943506306209069,0.707801781943111,30513,,,2.561680101642909e-06,Information
742529,13875.0,20834.68629,USA,United States,Arkansas,0.581352926,0.0,0.77,0.32,13875.0,13875.0,0.0,12.0,-9999.0,-9999.0,-9999.0,0.0,1.0,-999.9,-999.9,-999.9,-5997.4,0.0,0.0,0.0,0.0,0.0,0.0,0.0,0.0,0.0,0.0,0.0,-5997.4,25.46563866141847,11.62705852,0.0,,,,,,,,,,,,,,,,,15.75,0.0755950907223658,484.875,2.327248864381407,0.23625,0.1133926360835486,16.970625,8.145371025334924,25.46563866141847,610789,,,0.1067063973924563,Information
742530,13876.0,1278.475938,USA,United States,Mississippi,1.326041977,0.0,0.77,0.32,13876.0,,,,,,,,,,,,,,,,,,,,,,,,,54.21326073427674,26.52083954,0.0,,1.312,0.103,1.312,0.103,0.0,0.0,0.125,0.01,0.01312,0.103,0.0,0.0,0.003125,0.025,0.144245,77.203125,6.038684239517823,257.0625,20.106948615370825,1.158046875,9.058026359276734,8.9971875,35.0,54.21326073427674,3246,,,0.3805348836915586,Advisory
742550,13878.0,6373.943433,USA,United States,Tennessee,0.258703431,0.0,0.77,0.32,13878.0,13878.0,0.0,15.0,-9999.0,-9999.0,-9999.0,0.0,1.0,-999.9,-999.9,-999.9,-5997.4,0.0,0.0,0.0,0.0,0.0,0.0,0.0,0.0,0.0,0.0,0.0,-5997.4,31.753857487796346,5.17406862,0.0,,,,,,,,,,,,,,,,,113.34375,1.778235894216593,304.59375,4.778733184706129,1.70015625,2.6673538413248896,10.66078125,16.725566146471454,31.753857487796346,1102619,,,0.1369711964389383,Information
742590,13882.0,5702.192678,USA,United States,Missouri,0.745963845,0.0,0.77,0.32,13882.0,13882.0,0.0,15.0,-9999.0,-9999.0,-9999.0,0.0,1.0,-999.9,-999.9,-999.9,-5997.4,0.0,0.0,0.0,0.0,0.0,0.0,0.0,0.0,0.0,0.0,0.0,-5997.4,31.951226700058363,14.9192769,0.0,,,,,,,,,,,,,,,,,144.84375,2.5401412784583832,269.4375,4.725156009248797,2.17265625,3.810211917687575,9.4303125,16.53804603237079,31.951226700058363,75319,,,0.1636936791328645,Information
742610,13883.0,3314.653093,USA,United States,Illinois,1.846808904,0.0,0.77,0.32,13883.0,13883.0,0.0,14.0,2.0,-9999.0,-9999.0,0.0,1.0,0.2,-999.9,-999.9,-3997.2,0.0,0.0,0.0,0.0,0.0,0.0,0.0,0.0,0.0,0.0,0.0,-3997.2,20.022084470907263,36.93617808,0.0,,,,,,,,,,,,,,,,,59.625,1.798830777448069,116.859375,3.5255386227814745,0.894375,2.698246166172104,4.090078125,12.33938517973516,20.022084470907263,78737,,,0.1256264778338234,Information
742621,13884.0,6431.275297,USA,United States,Tennessee,0.708245636,0.0,0.77,0.32,13884.0,,,,,,,,,,,,,,,,,,,,,,,,,50.69124299211146,14.16491272,0.0,,5.938,0.092,5.875,0.091,0.0,0.0,0.0,0.0,0.05875,0.091,0.0,0.0,0.0,0.0,0.14975,320.625,4.9854031307685975,429.46875,6.677816298845304,4.809375,7.478104696152896,15.03140625,23.37235704595857,50.69124299211146,106703,,,0.2992097566716883,Advisory
742623,13886.0,37740.49072,USA,United States,Alabama,0.617231468,0.0,0.77,0.32,13886.0,13886.0,0.0,11.0,-9999.0,-9999.0,-9999.0,0.0,1.0,-999.9,-999.9,-999.9,-5997.4,0.0,0.0,0.0,0.0,0.0,0.0,0.0,0.0,0.0,0.0,0.0,-5997.4,50.967019248920806,12.34462936,0.0,,28.562,0.076,25.938,0.069,0.0,0.0,0.0,0.0,0.25938,0.069,0.0,0.0,0.0,0.0,0.32838,363.9375,0.964315760211753,995.203125,2.6369639238866216,5.4590625,1.4464736403176297,34.832109375,9.229373733603175,50.967019248920806,1567977,,,0.2938286093196224,Advisory
742625,13888.0,2012.940454,USA,United States,Tennessee,3.004455961,0.0,0.77,0.32,13888.0,,,,,,,,,,,,,,,,,,,,,,,,,34.723135789262145,60.08911922,0.0,,3.5,0.174,3.312,0.165,0.0,0.0,0.0,0.0,0.03312,0.165,0.0,0.0,0.0,0.0,0.19812,51.890625,2.5778519629879715,144.0,7.153713848508625,0.778359375,3.866777944481957,5.04,25.037998469780188,34.723135789262145,41209,,,0.444629149830411,Advisory
742626,13889.0,11492.84923,USA,United States,Tennessee,1.069048367,0.0,0.77,0.32,13889.0,,,,,,,,,,,,,,,,,,,,,,,,,19.14389786228744,21.38096734,0.0,,5.938,0.052,5.812,0.051,0.0,0.0,0.0,0.0,0.05812,0.051,0.0,0.0,0.0,0.0,0.10912,123.328125,1.0730857292191889,239.625,2.084992112416759,1.849921875,1.609628593828783,8.386875,7.297472393458657,19.14389786228744,401218,,,0.0788823010265991,Information
742627,13890.0,9209.736095,USA,United States,North Carolina,0.786144336,0.0,0.77,0.32,13890.0,,,,,,,,,,,,,,,,,,,,,,,,,29.35073275125192,15.72288672,0.0,,8.125,0.088,7.562,0.082,0.25,0.003,0.0,0.0,0.07562,0.082,0.00375,0.0045,0.0,0.0,0.16587,116.15625,1.2612332080431805,352.265625,3.824926375482042,1.74234375,1.8918498120647709,12.329296875,13.387242314187146,29.35073275125192,585221,,,0.1457600434391029,Information
742641,13894.0,5308.021384,USA,United States,Kentucky,0.259198276,0.0,0.77,0.32,13894.0,13894.0,0.0,11.0,-9999.0,-9999.0,-9999.0,0.0,1.0,-999.9,-999.9,-999.9,-5997.4,0.0,0.0,0.0,0.0,0.0,0.0,0.0,0.0,0.0,0.0,0.0,-5997.4,36.222075749097066,5.18396552,0.0,,,,,,,,,,,,,,,,,189.28125,3.565947390083933,277.734375,5.232352225420333,2.83921875,5.3489210851259,9.720703125,18.313232788971163,36.222075749097066,93940,,,0.1679570538231371,Advisory
742645,13898.0,2808.518241,USA,United States,Tennessee,1.186573824,0.0,0.77,0.32,13898.0,13898.0,0.0,9.0,-9999.0,-9999.0,-9999.0,0.0,2.0,-999.9,-999.9,-999.9,-5995.4,0.0,0.0,0.0,0.0,0.0,0.0,0.0,0.0,0.0,0.0,0.0,-5995.4,14.971939237329163,23.73147648,0.0,,3.312,0.118,3.312,0.118,0.0,0.0,0.0,0.0,0.03312,0.118,0.0,0.0,0.0,0.0,0.1511199999999999,13.78125,0.4906946943706395,87.890625,3.129430448792344,0.20671875,0.7360420415559592,3.076171875,10.953006570773203,14.971939237329163,308249,,,0.0517536877556109,Information
742647,13900.0,8401.8009,USA,United States,Kentucky,1.121771423,0.0,0.77,0.32,13900.0,,,,,,,,,,,,,,,,,,,,,,,,,24.66924640984893,22.43542846,0.0,,6.5,0.077,6.5,0.077,0.0,0.0,0.0,0.0,0.065,0.077,0.0,0.0,0.0,0.0,0.142,70.03125,0.8335266550165138,291.796875,3.4730277292354743,1.05046875,1.2502899825247706,10.212890625,12.15559705232416,24.66924640984893,149623,,,0.1259899967298287,Information
742663,13906.0,4862.919137,USA,United States,Indiana,0.470606151,0.0,0.77,0.32,13906.0,13906.0,0.0,11.0,-9999.0,-9999.0,-9999.0,0.0,1.0,-999.9,-999.9,-999.9,-5997.4,0.0,0.0,0.0,0.0,0.0,0.0,0.0,0.0,0.0,0.0,0.0,-5997.4,25.457241064424625,9.41212302,0.0,,5.812,0.12,3.312,0.068,0.0,0.0,0.0,0.0,0.03312,0.068,0.0,0.0,0.0,0.0,0.10112,108.703125,2.2353471634391755,191.390625,3.935714734075961,1.630546875,3.353020745158763,6.698671875,13.775001569265862,25.457241064424625,82916,,,0.1021634472898917,Information
742664,13907.0,29181.5795,USA,United States,Indiana,0.660577877,0.0,0.77,0.32,13907.0,13907.0,0.0,11.0,-9999.0,-9999.0,-9999.0,0.0,1.0,-999.9,-999.9,-999.9,-5997.4,0.0,0.0,0.0,0.0,0.0,0.0,0.0,0.0,0.0,0.0,0.0,-5997.4,18.89279352795622,13.21155754,0.0,,19.938,0.068,13.5,0.046,0.0,0.0,0.0,0.0,0.135,0.046,0.0,0.0,0.0,0.0,0.181,177.46875,0.6081533387248401,325.96875,1.1170360056768458,2.66203125,0.9122300080872602,11.40890625,3.90962601986896,18.89279352795622,2729358,,,0.063667855886169,Information
742667,13910.0,19356.82315,USA,United States,Indiana,0.494818652,0.0,0.77,0.32,13910.0,13910.0,0.0,12.0,-9999.0,-9999.0,-9999.0,0.0,1.0,-999.9,-999.9,-999.9,-5997.4,0.0,0.0,0.0,0.0,0.0,0.0,0.0,0.0,0.0,0.0,0.0,-5997.4,3.726959678576225,9.89637304,0.0,,,,,,,,,,,,,,,,,16.171875,0.0835461215515112,63.28125,0.326919606071131,0.242578125,0.1253191823272668,2.21484375,1.1442186212489585,3.726959678576225,797100,,,0.0007228511568342,Information
742671,13913.0,2578.136216,USA,United States,Indiana,0.180467581,0.0,0.77,0.32,13913.0,13913.0,0.0,13.0,2.0,2.0,-9999.0,0.0,1.0,0.2,0.2,-999.9,-1997.0,0.0,0.0,0.0,0.0,0.0,0.0,0.0,0.0,0.0,0.0,0.0,-1997.0,29.91982549573988,3.60935162,0.0,,5.188,0.201,4.5,0.175,0.0,0.0,0.0,0.0,0.045,0.175,0.0,0.0,0.0,0.0,0.2199999999999999,90.5625,3.5127119913452147,136.40625,5.290886073920587,1.3584375,5.269067987017822,4.77421875,18.51810125872205,29.91982549573988,237735,,,0.1210230484430431,Information
742673,13915.0,19540.76958,USA,United States,Kentucky,0.383436259,0.0,0.77,0.32,13915.0,13915.0,0.0,12.0,2.0,-9999.0,-9999.0,0.0,1.0,0.2,-999.9,-999.9,-3997.2,0.0,0.0,0.0,0.0,0.0,0.0,0.0,0.0,0.0,0.0,0.0,-3997.2,32.95356413790512,7.66872518,0.0,,19.938,0.102,18.5,0.095,0.188,0.001,0.0,0.0,0.185,0.095,0.00282,0.0015,0.0,0.0,0.28432,297.5625,1.5227777943879248,495.28125,2.534604627520922,4.4634375,2.2841666915818872,17.33484375,8.871116196323229,32.95356413790512,1625041,,,0.1514384712139038,Information
742675,13917.0,2916.417781,USA,United States,Indiana,1.091174626,0.0,0.77,0.32,13917.0,,,,,,,,,,,,,,,,,,,,,,,,,9.42310021473819,21.82349252,0.0,,5.625,0.193,5.562,0.191,0.0,0.0,0.0,0.0,0.05562,0.191,0.0,0.0,0.0,0.0,0.24662,30.9375,1.0608048065052225,47.53125,1.6297819299943874,0.4640625,1.5912072097578336,1.66359375,5.704236754980356,9.42310021473819,206609,,,0.0171806960452406,Information
742676,13918.0,13930.39681,USA,United States,Ohio,0.672750337,0.0,0.77,0.32,13918.0,,,,,,,,,,,,,,,,,,,,,,,,,4.411128620285256,13.45500674,0.0,,10.5,0.075,7.75,0.056,0.0,0.0,0.0,0.0,0.0775,0.056,0.0,0.0,0.0,0.0,0.1335,47.8125,0.3432242502174081,52.875,0.3795656414168984,0.7171875,0.5148363753261122,1.850625,1.3284797449591443,4.411128620285256,1490706,,,0.0014576344768473,Information
742677,13919.0,20352.15919,USA,United States,Kentucky,0.539747927,0.0,0.77,0.32,13919.0,,,,,,,,,,,,,,,,,,,,,,,,,10.885561385831924,10.79495854,0.0,,12.438,0.061,11.75,0.058,0.0,0.0,0.0,0.0,0.1175,0.058,0.0,0.0,0.0,0.0,0.1755,132.890625,0.6529559038601613,151.59375,0.7448534014404804,1.993359375,0.979433855790242,5.30578125,2.6069869050416816,10.885561385831924,1892339,,,0.017711030027678,Information
742678,13920.0,17080.69527,USA,United States,Ohio,0.106682103,0.0,0.77,0.32,13920.0,13920.0,0.0,15.0,3.0,-9999.0,-9999.0,0.0,1.0,0.3,-999.9,-999.9,-3997.0,0.0,0.0,0.0,0.0,0.0,0.0,0.0,0.0,0.0,0.0,0.0,-3997.0,3.794690471205171,2.13364206,0.0,,15.438,0.09,10.25,0.06,0.375,0.002,0.0,0.0,0.1025,0.06,0.005625,0.003,0.0,0.0,0.1711249999999999,45.703125,0.267571807075018,48.796875,0.2856843601693269,0.685546875,0.401357710612527,1.707890625,0.9998952605926442,3.794690471205171,2088405,,,0.0005770250256575,Information
742685,13927.0,1359.017153,USA,United States,West Virginia,3.297108842,0.0,0.77,0.32,13927.0,13927.0,0.0,13.0,2.0,-9999.0,-9999.0,0.0,1.0,0.2,-999.9,-999.9,-3997.2,0.0,0.0,0.0,0.0,0.0,0.0,0.0,0.0,0.0,0.0,0.0,-3997.2,1.9393772500225528,65.94217684,0.0,,,,,,,,,,,,,,,,,4.640625,0.3414692000045106,4.640625,0.3414692000045106,0.069609375,0.5122038000067659,0.162421875,1.195142200015787,1.9393772500225528,50861,,,0.0020804887636904,Information
742694,13935.0,20640.78817,USA,United States,Ohio,0.327843976,0.0,0.77,0.32,13935.0,13935.0,0.0,15.0,3.0,2.0,-9999.0,0.0,1.0,0.3,0.2,-999.9,-1996.8,0.0,0.0,0.0,0.0,0.0,0.0,0.0,0.0,0.0,0.0,0.0,-1996.8,7.627895488464421,6.55687952,0.0,,,,,,,,,,,,,,,,,69.890625,0.3386044390440114,116.859375,0.5661575228281156,1.048359375,0.507906658566017,4.090078125,1.9815513298984049,7.627895488464421,1274722,,,0.0061132123702586,Information
742695,13936.0,12527.46882,USA,United States,Ohio,1.061717835,0.0,0.77,0.32,13936.0,13936.0,0.0,10.0,5.0,2.0,-9999.0,0.0,1.0,0.5,0.2,-999.9,-1996.4,0.0,0.0,0.0,0.0,0.0,0.0,0.0,0.0,0.0,0.0,0.0,-1996.4,5.7226364428257455,21.2343567,0.0,,,,,,,,,,,,,,,,,50.0625,0.399621828831624,69.46875,0.554531414165231,0.7509375,0.599432743247436,2.43140625,1.9408599495783083,5.7226364428257455,439828,,,0.0043701651413136,Information
742699,13940.0,30315.27364,USA,United States,Pennsylvania,0.963289396,0.0,0.77,0.32,13940.0,13940.0,0.0,11.0,3.0,-9999.0,-9999.0,0.0,1.0,0.3,-999.9,-999.9,-3997.0,0.0,0.0,0.0,0.0,0.0,0.0,0.0,0.0,0.0,0.0,0.0,-3997.0,4.733286578838835,19.26578792,0.0,,11.875,0.039,8.812,0.029,0.0,0.0,0.0,0.0,0.0881199999999999,0.029,0.0,0.0,0.0,0.0,0.1171199999999999,52.875,0.1744170302818657,79.03125,0.2606977952617248,0.793125,0.2616255454227985,2.76609375,0.9124422834160368,4.733286578838835,1119685,,,0.0022802444947557,Information
742701,13941.0,1088.755083,USA,United States,Illinois,1.316536874,0.0,0.77,0.32,13941.0,13941.0,0.0,10.0,-9999.0,-9999.0,-9999.0,0.0,1.0,-999.9,-999.9,-999.9,-5997.4,0.0,0.0,0.0,0.0,0.0,0.0,0.0,0.0,0.0,0.0,0.0,-5997.4,45.15129661315077,26.330737480000003,0.0,,,,,,,,,,,,,,,,,42.890625,3.939419036918631,108.28125,9.945418552220806,0.643359375,5.909128555377946,3.78984375,34.808964932772824,45.15129661315077,8424,,,0.3122202893251209,Advisory
742705,13945.0,2566.621249,USA,United States,Missouri,1.141861466,0.0,0.77,0.32,13945.0,13945.0,0.0,9.0,-9999.0,-9999.0,-9999.0,0.0,2.0,-999.9,-999.9,-999.9,-5995.4,0.0,0.0,0.0,0.0,0.0,0.0,0.0,0.0,0.0,0.0,0.0,-5995.4,19.395729685509583,22.83722932,0.0,,,,,,,,,,,,,,,,,33.75,1.314958333163756,98.71875,3.8462531245039866,0.50625,1.972437499745634,3.45515625,13.461885935763952,19.395729685509583,36211,,,0.0836603637596866,Information
742706,13946.0,15029.41963,USA,United States,Illinois,0.217989756,0.0,0.77,0.32,13946.0,13946.0,0.0,15.0,-9999.0,-9999.0,-9999.0,0.0,1.0,-999.9,-999.9,-999.9,-5997.4,0.0,0.0,0.0,0.0,0.0,0.0,0.0,0.0,0.0,0.0,0.0,-5997.4,11.812618616644956,4.35979512,0.0,,,,,,,,,,,,,,,,,7.59375,0.0505259031123766,199.40625,1.3267727891361116,0.11390625,0.0757888546685649,6.97921875,4.643704761976391,11.812618616644956,451988,,,0.0182449937586944,Information
742709,13949.0,1358.674168,USA,United States,Illinois,0.161074786,0.0,0.77,0.32,13949.0,13949.0,0.0,9.0,-9999.0,-9999.0,-9999.0,0.0,2.0,-999.9,-999.9,-999.9,-5995.4,0.0,0.0,0.0,0.0,0.0,0.0,0.0,0.0,0.0,0.0,0.0,-5995.4,27.10441168885492,3.22149572,0.0,,,,,,,,,,,,,,,,,36.984375,2.72209304209232,76.78125,5.651189357347555,0.554765625,4.08313956313848,2.68734375,19.77916275071644,27.10441168885492,950931,,,0.1015572183050694,Information
742810,13950.0,1632.801756,USA,United States,Illinois,0.63077508,0.0,0.77,0.32,13950.0,13950.0,0.0,11.0,-9999.0,-9999.0,-9999.0,0.0,1.0,-999.9,-999.9,-999.9,-5997.4,0.0,0.0,0.0,0.0,0.0,0.0,0.0,0.0,0.0,0.0,0.0,-5997.4,16.17526680666472,12.615501600000002,0.0,,,,,,,,,,,,,,,,,12.234375,0.7492872268843795,59.625,3.651698668953757,0.183515625,1.123930840326569,2.086875,12.78094534133815,16.17526680666472,157015,,,0.0458175832729552,Information
742821,13951.0,12112.05156,USA,United States,Illinois,1.090737316,0.0,0.77,0.32,13951.0,13951.0,0.0,11.0,-9999.0,-9999.0,-9999.0,0.0,1.0,-999.9,-999.9,-999.9,-5997.4,0.0,0.0,0.0,0.0,0.0,0.0,0.0,0.0,0.0,0.0,0.0,-5997.4,12.96734995164512,21.81474632,0.0,,,,,,,,,,,,,,,,,17.4375,0.1439681783813095,195.46875,1.6138368383066153,0.2615625,0.2159522675719642,6.84140625,5.648428934073154,12.96734995164512,132321,,,0.0361958864610453,Information
742822,13952.0,14245.78066,USA,United States,Illinois,0.259787629,0.0,0.77,0.32,13952.0,13952.0,0.0,4.0,-9999.0,-9999.0,-9999.0,0.0,7.0,-999.9,-999.9,-999.9,-5985.4,0.0,0.0,0.0,0.0,0.0,0.0,0.0,0.0,0.0,0.0,0.0,-5985.4,5.52871794089881,5.195752580000001,0.0,,,,,,,,,,,,,,,,,0.984375,0.0069099407299963,92.390625,0.6485472942296614,0.014765625,0.0103649110949944,3.233671875,2.2699155298038147,5.52871794089881,588483,,,0.0022425713546537,Information
742825,13955.0,14084.40015,USA,United States,Illinois,0.749945618,0.0,0.77,0.32,13955.0,13955.0,0.0,4.0,-9999.0,-9999.0,-9999.0,0.0,7.0,-999.9,-999.9,-999.9,-5985.4,0.0,0.0,0.0,0.0,0.0,0.0,0.0,0.0,0.0,0.0,0.0,-5985.4,17.19236745496101,14.99891236,0.0,,,,,,,,,,,,,,,,,1.546875,0.0109828958499994,286.59375,2.034831067481717,0.023203125,0.0164743437749991,10.03078125,7.12190873618601,17.19236745496101,532319,,,0.0549994015732871,Information
742827,13957.0,8239.566507,USA,United States,Illinois,0.238550626,0.0,0.77,0.32,13957.0,13957.0,0.0,4.0,-9999.0,-9999.0,-9999.0,0.0,7.0,-999.9,-999.9,-999.9,-5985.4,0.0,0.0,0.0,0.0,0.0,0.0,0.0,0.0,0.0,0.0,0.0,-5985.4,5.290465092956836,4.771012519999999,0.0,,,,,,,,,,,,,,,,,0.84375,0.010240223187844,67.921875,0.8243379666214485,0.01265625,0.015360334781766,2.377265625,2.88518288317507,5.290465092956836,3796297,,,0.0019238928742849,Information
742830,13960.0,25144.47362,USA,United States,Missouri,1.281962291,0.0,0.77,0.32,13960.0,13960.0,0.0,9.0,-9999.0,-9999.0,-9999.0,0.0,2.0,-999.9,-999.9,-999.9,-5995.4,0.0,0.0,0.0,0.0,0.0,0.0,0.0,0.0,0.0,0.0,0.0,-5995.4,30.24932234234351,25.63924582,0.0,,,,,,,,,,,,,,,,,39.09375,0.1554765098227093,601.59375,2.392548593602699,0.58640625,0.2332147647340639,21.05578125,8.373920077609448,30.24932234234351,653914,,,0.1842053044199966,Information
742841,13961.0,7337.188101,USA,United States,Iowa,2.032938391,0.0,0.77,0.32,13961.0,13961.0,0.0,6.0,-9999.0,-9999.0,-9999.0,0.0,5.0,-999.9,-999.9,-999.9,-5989.4,0.0,0.0,0.0,0.0,0.0,0.0,0.0,0.0,0.0,0.0,0.0,-5989.4,7.664167760989162,40.65876782,0.0,,,,,,,,,,,,,,,,,0.0,0.0,92.671875,1.2630434674254751,0.0,0.0,3.243515625,4.420652135989163,7.664167760989162,80875,,,0.0203413947688363,Information
742845,13965.0,2254.319354,USA,United States,Iowa,2.03931314,0.0,0.77,0.32,13965.0,13965.0,0.0,4.0,3.0,-9999.0,-9999.0,0.0,7.0,0.3,-999.9,-999.9,-3985.0,0.0,0.0,0.0,0.0,0.0,0.0,0.0,0.0,0.0,0.0,0.0,-3985.0,2.5684763273785727,40.7862628,0.0,,,,,,,,,,,,,,,,,0.0,0.0,13.5,0.5988503792510207,0.0,0.0,0.4725,2.0959763273785725,2.5684763273785727,209976,,,0.0008509867173372,Information
742847,13967.0,2319.561664,USA,United States,Iowa,0.700835778,0.0,0.77,0.32,13967.0,13967.0,0.0,15.0,-9999.0,-9999.0,-9999.0,0.0,1.0,-999.9,-999.9,-999.9,-5997.4,0.0,0.0,0.0,0.0,0.0,0.0,0.0,0.0,0.0,0.0,0.0,-5997.4,1.5273732529951751,14.01671556,0.0,,,,,,,,,,,,,,,,,0.140625,0.006062567863057,8.15625,0.3516289360573113,0.002109375,0.0090938517945855,0.28546875,1.2307012762005896,1.5273732529951751,32576,,,2.7816914718509355e-05,Information
742850,13970.0,17747.90139,USA,United States,Iowa,0.245601977,0.0,0.77,0.32,13970.0,13970.0,0.0,9.0,-9999.0,-9999.0,-9999.0,0.0,2.0,-999.9,-999.9,-999.9,-5993.4,0.0,0.0,0.0,0.0,0.0,0.0,0.0,0.0,0.0,0.0,0.0,-5993.4,16.171781717680105,4.91203954,0.0,,,,,,,,,,,,,,,,,0.84375,0.0047540832106696,295.171875,1.6631367765326006,0.01265625,0.0071311248160044,10.331015625,5.820978717864103,16.171781717680105,334636,,,0.0382359297174492,Information
742861,13971.0,984.9541394,USA,United States,Iowa,0.60219016,0.0,0.77,0.32,13971.0,13971.0,0.0,6.0,2.0,-9999.0,-9999.0,0.0,5.0,0.2,-999.9,-999.9,-3989.2,0.0,0.0,0.0,0.0,0.0,0.0,0.0,0.0,0.0,0.0,0.0,-3989.2,9.551290770577516,12.0438032,0.0,,,,,,,,,,,,,,,,,0.0,0.0,24.46875,2.484252720165005,0.0,0.0,0.85640625,8.694884520577517,9.551290770577516,9033,,,0.0132038652773625,Information
742863,13973.0,9102.124586,USA,United States,Iowa,1.217508466,0.0,0.77,0.32,13973.0,13973.0,0.0,4.0,7.0,-9999.0,-9999.0,0.0,7.0,0.7,-999.9,-999.9,-3986.8666666666654,0.0,0.0,0.0,0.0,0.0,0.0,0.0,0.0,0.0,0.0,0.0,-3986.8666666666654,3.295035974306101,24.35016932,0.0,,,,,,,,,,,,,,,,,0.0,0.0,44.859375,0.4928450998017432,0.0,0.0,1.570078125,1.724957849306101,3.295035974306101,413977,,,0.0008630917313089,Information
742864,13974.0,4390.361803,USA,United States,Iowa,1.150392765,0.0,0.77,0.32,13974.0,13974.0,1.0,3.0,35.0,5.0,2.0,3.0,8.0,3.5,0.5,0.2,30.4,0.0,0.0,0.0,0.0,0.0,0.0,0.0,0.0,0.0,0.0,0.0,30.4,30.4,23.007855300000003,0.0,,,,,,,,,,,,,,,,,0.140625,0.0032030389822706,9.28125,0.2114005728298652,0.002109375,0.0048045584734059,0.32484375,0.7399020049045283,1.071659688377934,74036,,,0.1763769747601159,Information
742872,13981.0,28348.54025,USA,United States,Illinois,0.904669718,0.0,0.77,0.32,13981.0,13981.0,0.0,4.0,2.0,-9999.0,-9999.0,0.0,7.0,0.2,-999.9,-999.9,-3985.2,0.0,0.0,0.0,0.0,0.0,0.0,0.0,0.0,0.0,0.0,0.0,-3985.2,20.97103554449941,18.09339436,0.0,,0.0,0.0,0.0,0.0,2.438,0.009,4.25,0.015,0.0,0.0,0.03657,0.0134999999999999,0.10625,0.0375,0.19382,1.546875,0.0054566301695839,442.265625,1.560100171212867,0.023203125,0.0081849452543758,15.479296875,5.460350599245035,20.97103554449941,2000462,,,0.0865299410900736,Information
742873,13982.0,23866.87272,USA,United States,Iowa,0.852619734,0.0,0.77,0.32,13982.0,13982.0,0.0,9.0,-9999.0,-9999.0,-9999.0,0.0,2.0,-999.9,-999.9,-999.9,-5995.4,0.0,0.0,0.0,0.0,0.0,0.0,0.0,0.0,0.0,0.0,0.0,-5995.4,24.786554305657788,17.05239468,0.0,,,,,,,,,,,,,,,,,0.0,0.0,499.078125,2.0910914087593686,0.0,0.0,17.467734375,7.31881993065779,24.786554305657788,566493,,,0.1135413632976134,Information
742874,13983.0,31219.02971,USA,United States,Wisconsin,1.713114539,0.0,0.77,0.32,13983.0,13983.0,0.0,4.0,-9999.0,-9999.0,-9999.0,0.0,7.0,-999.9,-999.9,-999.9,-5986.9,0.0,0.0,0.0,0.0,0.0,0.0,0.0,0.0,0.0,0.0,0.0,-5986.9,51.14399949675284,34.26229078,0.0,,,,,,,,,,,,,,,,,0.0,0.0,1440.0,4.612571284786526,0.0,0.0,35.0,16.14399949675284,51.14399949675284,532740,,,0.4008964053873216,Advisory
742876,13985.0,24303.66435,USA,United States,Wisconsin,0.805703786,0.0,0.77,0.32,13985.0,13985.0,0.0,5.0,-9999.0,-9999.0,-9999.0,0.0,6.0,-999.9,-999.9,-999.9,-5987.4,0.0,0.0,0.0,0.0,0.0,0.0,0.0,0.0,0.0,0.0,0.0,-5987.4,47.24676855289661,16.114075720000002,0.0,,,,,,,,,,,,,,,,,7.875,0.0324025212242825,953.015625,3.921283684588624,0.118125,0.0486037818364237,33.355546875,13.724492896060184,47.24676855289661,272877,,,0.2829590086725462,Advisory
742878,13987.0,20002.83536,USA,United States,Wisconsin,0.957391391,0.0,0.77,0.32,13987.0,13987.0,0.0,4.0,-9999.0,-9999.0,-9999.0,0.0,7.0,-999.9,-999.9,-999.9,-5985.4,0.0,0.0,0.0,0.0,0.0,0.0,0.0,0.0,0.0,0.0,0.0,-5985.4,48.3561916619643,19.14782782,0.0,,,,,,,,,,,,,,,,,6.609375,0.033042190682311,918.28125,4.590755428840239,0.099140625,0.0495632860234665,32.13984375,16.067644000940835,48.3561916619643,368591,,,0.3036161445291718,Advisory
742879,13988.0,641.3380578,USA,United States,Minnesota,0.592418782,0.0,0.77,0.32,13988.0,13988.0,0.0,15.0,-9999.0,-9999.0,-9999.0,0.0,1.0,-999.9,-999.9,-999.9,-5997.4,0.0,0.0,0.0,0.0,0.0,0.0,0.0,0.0,0.0,0.0,0.0,-5997.4,22.329741794377085,11.84837564,0.0,,,,,,,,,,,,,,,,,2.109375,0.328902202889923,37.546875,5.854459211440629,0.031640625,0.4933533043348845,1.314140625,20.4906072400422,22.329741794377085,563497,,,0.0848545953236394,Information
742881,13989.0,5255.134551,USA,United States,Minnesota,0.646949855,0.0,0.77,0.32,13989.0,13989.0,0.0,15.0,-9999.0,-9999.0,-9999.0,0.0,1.0,-999.9,-999.9,-999.9,-5997.4,0.0,0.0,0.0,0.0,0.0,0.0,0.0,0.0,0.0,0.0,0.0,-5997.4,17.63104045533416,12.9389971,0.0,,,,,,,,,,,,,,,,,32.484375,0.6181454477731396,159.609375,3.0372081524784136,0.487265625,0.9272181716597094,5.586328125,10.630228533674448,17.63104045533416,747806,,,0.0551386444636375,Information
742886,13994.0,5369.206923,USA,United States,Minnesota,0.683606189,0.0,0.77,0.32,13994.0,13994.0,0.0,15.0,-9999.0,-9999.0,-9999.0,0.0,1.0,-999.9,-999.9,-999.9,-5997.4,0.0,0.0,0.0,0.0,0.0,0.0,0.0,0.0,0.0,0.0,0.0,-5997.4,31.97135738471621,13.67212378,0.0,,,,,,,,,,,,,,,,,60.46875,1.1262138126129018,293.203125,5.460827440227675,0.90703125,1.6893207189193526,10.262109375,19.112896040796866,31.97135738471621,22151,,,0.1602789313515045,Information
742889,13997.0,7667.49146,USA,United States,Minnesota,0.871603986,0.0,0.77,0.32,13997.0,,,,,,,,,,,,,,,,,,,,,,,,,26.923584740110364,17.43207972,0.0,,11.125,0.145,8.312,0.108,0.0,0.0,0.125,0.002,0.08312,0.108,0.0,0.0,0.003125,0.005,0.199245,29.53125,0.3851487823953756,321.1875,4.1889515190049424,0.44296875,0.5777231735930634,11.2415625,14.6613303165173,26.923584740110364,25629,,,0.1312251280583727,Information
742897,14004.0,11057.52713,USA,United States,Minnesota,1.554811048,0.0,0.77,0.32,14004.0,14004.0,0.0,4.0,-9999.0,-9999.0,-9999.0,0.0,7.0,-999.9,-999.9,-999.9,-5985.4,0.0,0.0,0.0,0.0,0.0,0.0,0.0,0.0,0.0,0.0,0.0,-5985.4,73.76184771435732,31.09622096,0.0,3.0,99.562,0.9,99.562,0.9,0.0,0.0,0.312,0.003,0.99562,0.9,0.0,0.0,0.0078,0.0075,1.91092,140.90625,1.274301643900685,1097.4375,9.924800428144652,2.11359375,1.9114524658510272,35.0,34.73680149850628,73.76184771435732,78678,5384.0,6.843081928874653,0.5271591659946714,Watch
742911,14008.0,4197.266862,USA,United States,Missouri,0.628017318,0.0,0.77,0.32,14008.0,14008.0,0.0,9.0,-9999.0,-9999.0,-9999.0,0.0,2.0,-999.9,-999.9,-999.9,-5995.4,0.0,0.0,0.0,0.0,0.0,0.0,0.0,0.0,0.0,0.0,0.0,-5995.4,23.110157525532927,12.56034636,0.0,,,,,,,,,,,,,,,,,23.34375,0.5561654945947239,185.203125,4.412469616754526,0.35015625,0.8342482418920858,6.482109375,15.44364365864084,23.110157525532927,479372,,,0.0916477159671376,Information
742914,14011.0,39050.69348,USA,United States,Missouri,0.419171682,0.0,0.77,0.32,14011.0,14011.0,0.0,7.0,-9999.0,-9999.0,-9999.0,0.0,4.0,-999.9,-999.9,-999.9,-5993.4,0.0,0.0,0.0,0.0,0.0,0.0,0.0,0.0,0.0,0.0,0.0,-5993.4,47.61801257953651,8.38343364,0.0,,,,,,,,,,,,,,,,,69.1875,0.1771735501557012,1262.390625,3.2326970726579884,1.0378125,0.2657603252335517,35.0,11.31443975430296,47.61801257953651,499949,,,0.2564267433568836,Advisory
742915,14012.0,6362.59366,USA,United States,Missouri,0.169055215,0.0,0.77,0.32,14012.0,14012.0,0.0,8.0,-9999.0,-9999.0,-9999.0,0.0,3.0,-999.9,-999.9,-999.9,-5993.4,0.0,0.0,0.0,0.0,0.0,0.0,0.0,0.0,0.0,0.0,0.0,-5993.4,8.56371470496394,3.3811043,0.0,,,,,,,,,,,,,,,,,0.84375,0.0132611014483883,94.78125,1.4896637293689594,0.01265625,0.0198916521725824,3.31734375,5.213823052791358,8.56371470496394,288402,,,0.0076913743415349,Information
742918,14015.0,20480.55229,USA,United States,Missouri,0.143549354,0.0,0.77,0.32,14015.0,14015.0,0.0,7.0,-9999.0,-9999.0,-9999.0,0.0,4.0,-999.9,-999.9,-999.9,-5991.4,0.0,0.0,0.0,0.0,0.0,0.0,0.0,0.0,0.0,0.0,0.0,-5991.4,4.929771753014323,2.87098708,0.0,,0.0,0.0,0.0,0.0,5.375,0.026,0.0,0.0,0.0,0.0,0.080625,0.039,0.0,0.0,0.119625,0.984375,0.0048063889391213,94.21875,0.4600400841730401,0.014765625,0.0072095834086819,3.29765625,1.6101402946056402,4.929771753014323,82443,,,0.0014377291789939,Information
742919,14016.0,6594.329235,USA,United States,Missouri,0.299883589,0.0,0.77,0.32,14016.0,14016.0,0.0,7.0,-9999.0,-9999.0,-9999.0,0.0,4.0,-999.9,-999.9,-999.9,-5991.4,0.0,0.0,0.0,0.0,0.0,0.0,0.0,0.0,0.0,0.0,0.0,-5991.4,7.505718632216464,5.99767178,0.0,,,,,,,,,,,,,,,,,0.0,0.0,85.21875,1.2923035377761325,0.0,0.0,2.98265625,4.523062382216464,7.505718632216464,1288697,,,0.005741367136124,Information
742921,14017.0,12963.75473,USA,United States,Kansas,0.901694662,0.0,0.77,0.32,14017.0,14017.0,0.0,6.0,2.0,2.0,-9999.0,0.0,5.0,0.2,0.2,-999.9,-1993.0,0.0,0.0,0.0,0.0,0.0,0.0,0.0,0.0,0.0,0.0,0.0,-1993.0,7.069472679076558,18.03389324,0.0,,,,,,,,,,,,,,,,,2.25,0.0173560827573026,113.0625,0.8721431585544583,0.03375,0.0260341241359539,3.9571875,3.0525010549406044,7.069472679076558,763893,,,0.0071325031039662,Information
742922,14018.0,24902.02885,USA,United States,Nebraska,1.161474681,0.0,0.77,0.32,14018.0,14018.0,0.0,2.0,-9999.0,-9999.0,-9999.0,0.0,9.0,-999.9,-999.9,-999.9,-5981.4,0.0,0.0,0.0,0.0,0.0,0.0,0.0,0.0,0.0,0.0,0.0,-5981.4,2.788912678005115,23.22949362,0.0,,7.625,0.031,7.188,0.029,0.0,0.0,0.0,0.0,0.07188,0.029,0.0,0.0,0.0,0.0,0.10088,7.3125,0.0293650772129088,53.71875,0.2157203749102148,0.1096875,0.0440476158193632,1.88015625,0.7550213121857519,2.788912678005115,152219,,,0.0004579391093074,Information
742924,14020.0,51592.75365,USA,United States,Kansas,1.449909067,0.0,0.77,0.32,14020.0,14020.0,0.0,7.0,3.0,2.0,2.0,0.0,4.0,0.3,0.2,0.2,-1993.6,0.0,0.0,0.0,0.0,0.0,0.0,0.0,0.0,0.0,0.0,0.0,-1993.6,3.303912539410756,28.99818134,0.0,,,,,,,,,,,,,,,,,32.90625,0.0637807592592057,64.96875,0.1259261144348421,0.49359375,0.0956711388888085,2.27390625,0.4407414005219474,3.303912539410756,163661,,,0.0010789330715537,Information
742925,14021.0,14174.71355,USA,United States,Kansas,1.608988277,0.0,0.77,0.32,14021.0,14021.0,0.0,15.0,-9999.0,-9999.0,-9999.0,0.0,1.0,-999.9,-999.9,-999.9,-5997.4,0.0,0.0,0.0,0.0,0.0,0.0,0.0,0.0,0.0,0.0,0.0,-5997.4,6.55704389808304,32.17976554,0.0,,6.75,0.048,5.125,0.036,1.062,0.007,0.0,0.0,0.05125,0.036,0.01593,0.0105,0.0,0.0,0.1136799999999999,45.984375,0.3244113175468742,90.140625,0.6359255490750654,0.689765625,0.4866169763203113,3.154921875,2.2257394217627287,6.55704389808304,72451,,,0.0097372662692787,Information
742927,14023.0,10995.30541,USA,United States,Nebraska,1.558301394,0.0,0.77,0.32,14023.0,14023.0,0.0,6.0,-9999.0,-9999.0,-9999.0,0.0,5.0,-999.9,-999.9,-999.9,-5989.4,0.0,0.0,0.0,0.0,0.0,0.0,0.0,0.0,0.0,0.0,0.0,-5989.4,0.644449181802065,31.16602788,0.0,,13.062,0.119,8.125,0.074,0.0,0.0,0.0,0.0,0.08125,0.074,0.0,0.0,0.0,0.0,0.15525,0.84375,0.0076737295450516,9.28125,0.0844110249955679,0.01265625,0.0115105943175774,0.32484375,0.2954385874844876,0.644449181802065,17061,,,1.498270923944471e-06,Information
742929,14025.0,21898.48248,USA,United States,Colorado,1.609332628,0.0,0.77,0.32,14025.0,14025.0,0.0,7.0,-9999.0,-9999.0,-9999.0,0.0,4.0,-999.9,-999.9,-999.9,-5991.4,0.0,0.0,0.0,0.0,0.0,0.0,0.0,0.0,0.0,0.0,0.0,-5991.4,0.5233707442005862,32.18665256,0.0,,,,,,,,,,,,,,,,,0.0,0.0,10.265625,0.0468782483430246,0.0,0.0,0.359296875,0.1640738692005861,0.5233707442005862,18215,,,5.745329614779301e-07,Information
742937,14032.0,4521.96724,USA,United States,Missouri,0.737792678,0.0,0.77,0.32,14032.0,14032.0,0.0,14.0,-9999.0,-9999.0,-9999.0,0.0,1.0,-999.9,-999.9,-999.9,-5997.4,0.0,0.0,0.0,0.0,0.0,0.0,0.0,0.0,0.0,0.0,0.0,-5997.4,2.43867730309933,14.75585356,0.0,,,,,,,,,,,,,,,,,6.328125,0.1399418585916108,18.984375,0.4198255757748325,0.094921875,0.2099127878874161,0.664453125,1.4693895152119136,2.43867730309933,17783,,,0.0001896637007368,Information
742939,14034.0,2242.049989,USA,United States,Nebraska,0.569962925,0.0,0.77,0.32,14034.0,14034.0,0.0,15.0,-9999.0,-9999.0,-9999.0,0.0,1.0,-999.9,-999.9,-999.9,-5997.4,0.0,0.0,0.0,0.0,0.0,0.0,0.0,0.0,0.0,0.0,0.0,-5997.4,3.996613273951162,11.3992585,0.0,,,,,,,,,,,,,,,,,4.5,0.2007091734225498,18.984375,0.8467418253763822,0.0675,0.3010637601338247,0.664453125,2.963596388817338,3.996613273951162,31415,,,0.000971881915414,Information
742941,14036.0,5052.649634,USA,United States,Nebraska,0.854771558,0.0,0.77,0.32,14036.0,14036.0,0.0,12.0,-9999.0,-9999.0,-9999.0,0.0,1.0,-999.9,-999.9,-999.9,-5997.4,0.0,0.0,0.0,0.0,0.0,0.0,0.0,0.0,0.0,0.0,0.0,-5997.4,5.006384599495336,17.09543116,0.0,,,,,,,,,,,,,,,,,3.09375,0.0612302499488681,46.6875,0.9240201355920096,0.04640625,0.0918453749233021,1.6340625,3.2340704745720337,5.006384599495336,348350,,,0.0025004471631088,Information
742942,14037.0,17991.08203,USA,United States,Nebraska,1.545174512,0.0,0.77,0.32,14037.0,14037.0,0.0,15.0,-9999.0,-9999.0,-9999.0,0.0,1.0,-999.9,-999.9,-999.9,-5997.4,0.0,0.0,0.0,0.0,0.0,0.0,0.0,0.0,0.0,0.0,0.0,-5997.4,1.4724481237143567,30.90349024,0.0,,,,,,,,,,,,,,,,,0.421875,0.0023449117699005,26.859375,0.1492927160170017,0.006328125,0.0035173676548507,0.940078125,0.522524506059506,1.4724481237143567,107659,,,5.9402779780238046e-05,Information
742944,14039.0,38429.13948,USA,United States,Nebraska,1.582032588,0.0,0.77,0.32,14039.0,14039.0,0.0,15.0,-9999.0,-9999.0,-9999.0,0.0,1.0,-999.9,-999.9,-999.9,-5995.4,0.0,0.0,0.0,0.0,0.0,0.0,0.0,0.0,0.0,0.0,0.0,-5995.4,4.971860114880934,31.64065176,0.0,,,,,,,,,,,,,,,,,0.84375,0.0021955995149832,112.359375,0.2923806687452739,0.01265625,0.0032933992724748,3.932578125,1.023332340608459,4.971860114880934,53377,,,0.0043838151680006,Information
742945,14040.0,12485.36615,USA,United States,Nebraska,1.717407449,0.0,0.77,0.32,14040.0,14040.0,0.0,11.0,-9999.0,-9999.0,-9999.0,0.0,1.0,-999.9,-999.9,-999.9,-5996.4,0.0,0.0,0.0,0.0,0.0,0.0,0.0,0.0,0.0,0.0,0.0,-5996.4,1.541067987033692,34.34814898,0.0,,,,,,,,,,,,,,,,,3.234375,0.0259053275707065,23.0625,0.1847162487650378,0.048515625,0.0388579913560597,0.8071875,0.6465068706776324,1.541067987033692,139792,,,8.775319322836605e-05,Information
742946,14041.0,62813.34127,USA,United States,Colorado,0.288358968,0.0,0.77,0.32,14041.0,14041.0,0.0,2.0,2.0,-9999.0,-9999.0,0.0,9.0,0.2,-999.9,-999.9,-2983.55,0.0,0.0,0.0,0.0,0.0,0.0,0.0,0.0,0.0,0.0,0.0,-2983.55,11.568200503081815,5.76717936,0.0,,523.812,0.834,129.812,0.207,6.5,0.01,0.25,0.0,1.2981200000000002,0.207,0.0975,0.015,0.00625,0.0,1.62387,30.375,0.0483575612859399,272.109375,0.4332031531865453,0.455625,0.0725363419289098,9.523828125,1.5162110361529084,11.568200503081815,4138508,,,0.0179742911035169,Information
742947,14042.0,28180.86752,USA,United States,Nebraska,2.047679263,0.0,0.77,0.32,14042.0,14042.0,0.0,15.0,-9999.0,-9999.0,-9999.0,0.0,1.0,-999.9,-999.9,-999.9,-5997.4,0.0,0.0,0.0,0.0,0.0,0.0,0.0,0.0,0.0,0.0,0.0,-5997.4,5.6957710886202895,40.95358526,0.0,,186.312,0.661,57.625,0.204,0.0,0.0,0.0,0.0,0.57625,0.204,0.0,0.0,0.0,0.0,0.78025,16.453125,0.058384025921918,113.0625,0.4012030499249751,0.246796875,0.087576038882877,3.9571875,1.4042106747374128,5.6957710886202895,55105,,,0.0096780765525587,Information
742949,14044.0,42772.96918,USA,United States,Wyoming,1.993884573,0.0,0.77,0.32,14044.0,14044.0,0.0,9.0,-9999.0,-9999.0,-9999.0,0.0,2.0,-999.9,-999.9,-999.9,-5996.4,0.0,0.0,0.0,0.0,0.0,0.0,0.0,0.0,0.0,0.0,0.0,-5996.4,8.417453037441106,39.87769146,0.0,,119.312,0.279,51.0,0.119,1.312,0.003,0.25,0.001,0.51,0.119,0.01968,0.0045,0.00625,0.0025,0.6619299999999999,52.875,0.1236177918330117,172.265625,0.4027441356261684,0.793125,0.1854266877495175,6.029296875,1.4096044746915894,8.417453037441106,109894,,,0.024645050672354,Information
742950,14045.0,1832.943128,USA,United States,South Dakota,0.281526054,0.0,0.77,0.32,14045.0,,,,,,,,,,,,,,,,,,,,,,,,,43.814767847246685,5.63052108,0.0,,1.5,0.082,1.375,0.075,0.25,0.014,0.438,0.024,0.01375,0.075,0.00375,0.021,0.01095,0.06,0.18445,7.875,0.4296368981644575,230.0625,12.551535096375938,0.118125,0.6444553472466863,8.0521875,35.0,43.814767847246685,2194,,,0.2214674026064453,Advisory
742951,14046.0,24026.16928,USA,United States,Iowa,0.771837269,0.0,0.77,0.32,14046.0,14046.0,0.0,15.0,-9999.0,-9999.0,-9999.0,0.0,1.0,-999.9,-999.9,-999.9,-5997.4,0.0,0.0,0.0,0.0,0.0,0.0,0.0,0.0,0.0,0.0,0.0,-5997.4,8.886292964732984,15.43674538,0.0,,16.312,0.068,15.438,0.064,0.0,0.0,0.0,0.0,0.15438,0.064,0.0,0.0,0.0,0.0,0.21838,52.453125,0.2183166379079792,156.796875,0.6526087165345761,0.786796875,0.3274749568619688,5.487890625,2.284130507871016,8.886292964732984,1104967,,,0.012129894271693,Information
742952,14047.0,21168.34687,USA,United States,South Dakota,1.354394844,0.0,0.77,0.32,14047.0,14047.0,0.0,15.0,-9999.0,-9999.0,-9999.0,0.0,1.0,-999.9,-999.9,-999.9,-5992.4,0.0,0.0,0.0,0.0,0.0,0.0,0.0,0.0,0.0,0.0,0.0,-5992.4,26.95464570165206,27.08789688,0.0,,125.062,0.591,62.562,0.296,1.438,0.007,1.062,0.005,0.62562,0.296,0.02157,0.0105,0.02655,0.0125,0.9927399999999996,29.671875,0.1401709598669983,510.328125,2.410807646243303,0.445078125,0.2102564398004974,17.861484375,8.43782676185156,26.95464570165206,391992,,,0.1598440623563624,Information
742953,14048.0,9833.934373,USA,United States,South Dakota,1.518431287,0.0,0.77,0.32,14048.0,,,,,,,,,,,,,,,,,,,,,,,,,13.738782117509462,30.36862574,0.0,,20.812,0.212,9.25,0.094,0.312,0.003,0.25,0.003,0.0925,0.094,0.00468,0.0045,0.00625,0.0075,0.20943,9.84375,0.1000998138368419,190.40625,1.9362163990726284,0.14765625,0.1501497207552628,6.66421875,6.776757396754199,13.738782117509462,53064,,,0.0522954933612242,Information
742954,14049.0,54345.85486,USA,United States,South Dakota,0.558358363,0.0,0.77,0.32,14049.0,14049.0,0.0,15.0,-9999.0,-9999.0,-9999.0,0.0,1.0,-999.9,-999.9,-999.9,-5997.4,0.0,0.0,0.0,0.0,0.0,0.0,0.0,0.0,0.0,0.0,0.0,-5997.4,41.96772038931042,11.16716726,0.0,,42.25,0.078,5.875,0.011,1.375,0.003,1.062,0.002,0.05875,0.011,0.020625,0.0045,0.02655,0.005,0.126425,0.84375,0.0015525563121402,1079.578125,1.9864958013834888,0.01265625,0.0023288344682103,35.0,6.9527353048422125,41.96772038931042,128140,,,0.226670851295697,Advisory
742955,14050.0,3038.004387,USA,United States,Nebraska,1.063208115,0.0,0.77,0.32,14050.0,14050.0,0.0,15.0,-9999.0,-9999.0,-9999.0,0.0,1.0,-999.9,-999.9,-999.9,-5997.4,0.0,0.0,0.0,0.0,0.0,0.0,0.0,0.0,0.0,0.0,0.0,-5997.4,14.402792380299008,21.2641623,0.0,,2.938,0.097,2.812,0.093,0.0,0.0,0.0,0.0,0.02812,0.093,0.0,0.0,0.0,0.0,0.12112,2.25,0.0740617758578605,94.921875,3.124481169003491,0.03375,0.1110926637867907,3.322265625,10.935684091512218,14.402792380299008,27897,,,0.0446900938044401,Information
742956,14051.0,33969.64049,USA,United States,Nebraska,0.384102646,0.0,0.77,0.32,14051.0,14051.0,0.0,15.0,-9999.0,-9999.0,-9999.0,0.0,1.0,-999.9,-999.9,-999.9,-5993.4,0.0,0.0,0.0,0.0,0.0,0.0,0.0,0.0,0.0,0.0,0.0,-5993.4,6.5482507618785615,7.68205292,0.0,,222.562,0.655,97.188,0.286,2.188,0.006,0.0,0.0,0.97188,0.286,0.03282,0.009,0.0,0.0,1.2997,1.265625,0.003725753295874,144.0,0.4239079305527858,0.018984375,0.0055886299438109,5.04,1.4836777569347503,6.5482507618785615,26607,,,0.004072001932771,Information
742957,14052.0,10779.54056,USA,United States,South Dakota,0.397880581,0.0,0.77,0.32,14052.0,,,,,,,,,,,,,,,,,,,,,,,,,17.50773197077929,7.95761162,0.0,,6.312,0.059,4.875,0.045,1.5,0.014,0.375,0.003,0.04875,0.045,0.0225,0.021,0.009375,0.0075,0.1541249999999999,0.421875,0.0039136640144519,259.3125,2.405598814216461,0.006328125,0.0058704960216778,9.0759375,8.419595849757613,17.50773197077929,15179,,,0.0484968094693829,Information
742958,14053.0,26145.50587,USA,United States,South Dakota,0.62428507,0.0,0.77,0.32,14053.0,14053.0,0.0,3.0,-9999.0,-9999.0,-9999.0,0.0,8.0,-999.9,-999.9,-999.9,-5990.4,0.0,0.0,0.0,0.0,0.0,0.0,0.0,0.0,0.0,0.0,0.0,-5990.4,1.5951384331272622,12.4857014,0.0,,,,,,,,,,,,,,,,,0.140625,0.0005378553420198,32.90625,0.1258581500326379,0.002109375,0.0008067830130297,1.15171875,0.4405035251142326,1.5951384331272622,26051,,,3.1029516901965604e-05,Information
742963,14057.0,2494.171319,USA,United States,South Dakota,0.429360979,0.0,0.77,0.32,14057.0,14057.0,0.0,9.0,-9999.0,-9999.0,-9999.0,0.0,2.0,-999.9,-999.9,-999.9,-5995.4,0.0,0.0,0.0,0.0,0.0,0.0,0.0,0.0,0.0,0.0,0.0,-5995.4,-5995.4,8.58721958,0.0,,,,,,,,,,,,,,,,,,,,,,,,,,329,,,,
742964,14058.0,18776.67125,USA,United States,Wyoming,0.370419809,0.0,0.77,0.32,14058.0,14058.0,0.0,8.0,-9999.0,-9999.0,-9999.0,0.0,3.0,-999.9,-999.9,-999.9,-5993.4,0.0,0.0,0.0,0.0,0.0,0.0,0.0,0.0,0.0,0.0,0.0,-5993.4,4.321145254180904,7.408396179999999,0.0,,,,,,,,,,,,,,,,,0.28125,0.0014978693308537,80.4375,0.4283906286241782,0.00421875,0.0022468039962805,2.8153125,1.4993672001846237,4.321145254180904,96518,,,0.0010895223391678,Information
742965,14059.0,16731.51049,USA,United States,South Dakota,0.026630972,0.0,0.77,0.32,14059.0,14059.0,0.0,8.0,-9999.0,-9999.0,-9999.0,0.0,3.0,-999.9,-999.9,-999.9,-5992.4,0.0,0.0,0.0,0.0,0.0,0.0,0.0,0.0,0.0,0.0,0.0,-5992.4,2.1388869635718946,0.5326194399999999,0.0,,,,,,,,,,,,,,,,,0.0,0.0,38.25,0.2286105610205413,0.0,0.0,1.33875,0.8001369635718946,2.1388869635718946,135753,,,6.163147547251561e-05,Information
742970,14064.0,6733.629207,USA,United States,North Dakota,0.151996395,0.0,0.77,0.32,14064.0,,,,,,,,,,,,,,,,,,,,,,,,,54.66154187666491,3.0399279000000003,0.0,,0.0,0.0,0.0,0.0,2.938,0.044,1.812,0.027,0.0,0.0,0.04407,0.066,0.0453,0.0675,0.22287,0.0,0.0,628.453125,9.333052143332834,0.0,0.0,21.995859375,32.66568250166492,54.66154187666491,2524,,,0.2832753328610622,Advisory
742972,14066.0,13951.38947,USA,United States,South Dakota,0.489437493,0.0,0.77,0.32,14066.0,14066.0,0.0,15.0,-9999.0,-9999.0,-9999.0,0.0,1.0,-999.9,-999.9,-999.9,-5997.4,0.0,0.0,0.0,0.0,0.0,0.0,0.0,0.0,0.0,0.0,0.0,-5997.4,2.940512797163193,9.78874986,0.0,,,,,,,,,,,,,,,,,0.0,0.0,48.9375,0.3507715134751981,0.0,0.0,1.7128125,1.2277002971631932,2.940512797163193,4501,,,0.0003090214806249,Information
742974,14068.0,14624.95181,USA,United States,South Dakota,0.953811595,0.0,0.77,0.32,14068.0,14068.0,0.0,15.0,-9999.0,-9999.0,-9999.0,0.0,1.0,-999.9,-999.9,-999.9,-5997.4,0.0,0.0,0.0,0.0,0.0,0.0,0.0,0.0,0.0,0.0,0.0,-5997.4,3.944740855148305,19.0762319,0.0,,,,,,,,,,,,,,,,,0.0,0.0,66.9375,0.4576938157566586,0.0,0.0,2.3428125,1.601928355148305,3.944740855148305,5897,,,0.0012591897079534,Information
742976,14070.0,11121.37181,USA,United States,North Dakota,2.032048627,0.0,0.77,0.32,14070.0,14070.0,0.0,15.0,2.0,-9999.0,-9999.0,0.0,1.0,0.2,-999.9,-999.9,-3997.2,0.0,0.0,0.0,0.0,0.0,0.0,0.0,0.0,0.0,0.0,0.0,-3997.2,0.2897717442590373,40.64097254,0.0,,,,,,,,,,,,,,,,,0.0,0.0,4.359375,0.0391981769311535,0.0,0.0,0.152578125,0.1371936192590372,0.2897717442590373,3301,,,5.124129241952188e-08,Information
742977,14071.0,31738.42359,USA,United States,North Dakota,1.320680206,0.0,0.77,0.32,14071.0,14071.0,0.0,14.0,-9999.0,-9999.0,-9999.0,0.0,1.0,-999.9,-999.9,-999.9,-5997.4,0.0,0.0,0.0,0.0,0.0,0.0,0.0,0.0,0.0,0.0,0.0,-5997.4,29.159230927304414,26.41360412,0.0,,,,,,,,,,,,,,,,,0.0,0.0,633.515625,1.9960525863726888,0.0,0.0,22.173046875,6.986184052304411,29.159230927304414,158857,,,0.1773039072452517,Information
742978,14072.0,24438.61699,USA,United States,North Dakota,0.797429038,0.0,0.77,0.32,14072.0,14072.0,0.0,15.0,-9999.0,-9999.0,-9999.0,0.0,1.0,-999.9,-999.9,-999.9,-4997.3,0.0,0.0,0.0,0.0,0.0,0.0,0.0,0.0,0.0,0.0,0.0,-4997.3,1.85880765031931,15.94858076,0.0,,,,,,,,,,,,,,,,,0.0,0.0,37.6875,0.1542129000912314,0.0,0.0,1.3190625,0.5397451503193099,1.85880765031931,6789,,,6.906484106035633e-05,Information
742981,14074.0,17811.91827,USA,United States,Montana,0.387025496,0.0,0.77,0.32,14074.0,14074.0,0.0,13.0,-9999.0,-9999.0,-9999.0,0.0,1.0,-999.9,-999.9,-999.9,-5997.4,0.0,0.0,0.0,0.0,0.0,0.0,0.0,0.0,0.0,0.0,0.0,-5997.4,2.221000586902126,7.740509920000001,0.0,,10.375,0.058,7.688,0.043,0.0,0.0,0.0,0.0,0.07688,0.043,0.0,0.0,0.0,0.0,0.11988,0.0,0.0,40.640625,0.2281653462577504,0.0,0.0,1.422421875,0.7985787119021264,2.221000586902126,21088,,,9.70218291272094e-05,Information
742983,14076.0,3719.318159,USA,United States,Montana,3.151223137,0.0,0.77,0.32,14076.0,,,,,,,,,,,,,,,,,,,,,,,,,2.051531645973199,63.02446274,0.0,,7.5,0.202,6.875,0.185,0.0,0.0,0.0,0.0,0.06875,0.185,0.0,0.0,0.0,0.0,0.25375,0.0,0.0,15.890625,0.4272456488494854,0.0,0.0,0.556171875,1.495359770973199,2.051531645973199,9441,,,0.0019160018008621,Information
742984,14077.0,14012.09746,USA,United States,Montana,1.674935716,0.0,0.77,0.32,14077.0,14077.0,0.0,4.0,2.0,-9999.0,-9999.0,0.0,7.0,0.2,-999.9,-999.9,-3985.2,0.0,0.0,0.0,0.0,0.0,0.0,0.0,0.0,0.0,0.0,0.0,-3985.2,1.982099217880888,33.49871432,0.0,,22.125,0.158,16.812,0.12,0.062,0.0,0.0,0.0,0.16812,0.12,0.0009299999999999,0.0,0.0,0.0,0.28905,0.0,0.0,33.046875,0.2358453122516823,0.0,0.0,1.156640625,0.825458592880888,1.982099217880888,28865,,,0.0002214847255822,Information
742985,14078.0,14278.68649,USA,United States,Montana,2.473242484,0.0,0.77,0.32,14078.0,,,,,,,,,,,,,,,,,,,,,,,,,6.042333700509392,49.46484968,0.0,,19.875,0.139,14.438,0.101,0.5,0.004,0.0,0.0,0.14438,0.101,0.0075,0.006,0.0,0.0,0.25888,0.0,0.0,101.53125,0.7110685572883976,0.0,0.0,3.55359375,2.4887399505093915,6.042333700509392,7478,,,0.0168401385840467,Information
742986,14079.0,37472.18446,USA,United States,Montana,1.931416609,0.0,0.77,0.32,14079.0,14079.0,0.0,10.0,2.0,2.0,2.0,0.0,1.0,0.2,0.2,0.2,3.2,0.0,0.0,0.0,0.0,0.0,0.0,0.0,0.0,0.0,0.0,0.0,3.2,8.767791833210755,38.62833218,0.0,,65.375,0.174,46.438,0.124,0.25,0.001,0.5,0.001,0.46438,0.124,0.00375,0.0015,0.0125,0.0025,0.6086299999999999,4.640625,0.0123841859435039,195.75,0.522387479798714,0.069609375,0.0185762789152558,6.85125,1.8283561792954992,8.767791833210755,192360,,,0.0258355809664281,Information
742987,14080.0,10484.31111,USA,United States,Montana,2.486397344,0.0,0.77,0.32,14080.0,14080.0,0.0,15.0,-9999.0,-9999.0,-9999.0,0.0,1.0,-999.9,-999.9,-999.9,-5997.4,0.0,0.0,0.0,0.0,0.0,0.0,0.0,0.0,0.0,0.0,0.0,-5997.4,3.096477403001987,49.72794688,0.0,,,,,,,,,,,,,,,,,0.0,0.0,45.28125,0.4318953294291391,0.0,0.0,1.58484375,1.511633653001987,3.096477403001987,8217,,,0.0026584125950602,Information
742988,14081.0,7739.311423,USA,United States,Wyoming,0.473177169,0.0,0.77,0.32,14081.0,,,,,,,,,,,,,,,,,,,,,,,,,1.793750931255595,9.46354338,0.0,,16.75,0.216,13.312,0.172,0.0,0.0,0.0,0.0,0.13312,0.172,0.0,0.0,0.0,0.0,0.3051199999999999,0.0,0.0,22.359375,0.2889065160730272,0.0,0.0,0.782578125,1.0111728062555951,1.793750931255595,29735,,,4.401001040621369e-05,Information
742989,14082.0,41112.15201,USA,United States,Wyoming,2.006691837,0.0,0.77,0.32,14082.0,14082.0,0.0,15.0,-9999.0,-9999.0,-9999.0,0.0,1.0,-999.9,-999.9,-999.9,-5997.4,0.0,0.0,0.0,0.0,0.0,0.0,0.0,0.0,0.0,0.0,0.0,-5997.4,6.049999591353297,40.13383674,0.0,,,,,,,,,,,,,,,,,8.4375,0.0205231290221637,135.421875,0.3293962208057288,0.1265625,0.0307846935332455,4.739765625,1.1528867728200507,6.049999591353297,51799,,,0.0109512851937858,Information
742991,14083.0,1897.829457,USA,United States,Montana,0.374292946,0.0,0.77,0.32,14083.0,14083.0,0.0,14.0,-9999.0,-9999.0,-9999.0,0.0,1.0,-999.9,-999.9,-999.9,-5997.4,0.0,0.0,0.0,0.0,0.0,0.0,0.0,0.0,0.0,0.0,0.0,-5997.4,1.6045175796713311,7.48585892,0.0,,,,,,,,,,,,,,,,,0.0,0.0,7.3125,0.3853085941918089,0.0,0.0,0.2559375,1.3485800796713312,1.6045175796713311,1328,,,2.511670232261023e-05,Information
742994,14086.0,60017.86594,USA,United States,Montana,2.710901737,0.0,0.77,0.32,14086.0,14086.0,0.0,15.0,-9999.0,-9999.0,-9999.0,0.0,1.0,-999.9,-999.9,-999.9,-5997.4,0.0,0.0,0.0,0.0,0.0,0.0,0.0,0.0,0.0,0.0,0.0,-5997.4,3.5198112501602785,54.21803474,0.0,,,,,,,,,,,,,,,,,0.0,0.0,86.203125,0.143629107188651,0.0,0.0,3.017109375,0.5027018751602784,3.5198112501602785,30957,,,0.0051516153468019,Information
742995,14087.0,15555.37514,USA,United States,Montana,3.512914665,0.0,0.77,0.32,14087.0,14087.0,0.0,12.0,-9999.0,-9999.0,-9999.0,0.0,1.0,-999.9,-999.9,-999.9,-5997.4,0.0,0.0,0.0,0.0,0.0,0.0,0.0,0.0,0.0,0.0,0.0,-5997.4,23.294536522864185,70.25829329999999,0.0,,,,,,,,,,,,,,,,,6.1875,0.0397772470500866,402.46875,2.58732911493973,0.0928125,0.0596658705751299,14.08640625,9.055651902289055,23.294536522864185,1206,,,0.4034870532167953,Advisory
742996,14088.0,24518.7509,USA,United States,Montana,2.321092533,0.0,0.77,0.32,14088.0,14088.0,0.0,10.0,-9999.0,-9999.0,-9999.0,0.0,1.0,-999.9,-999.9,-999.9,-5995.4,0.0,0.0,0.0,0.0,0.0,0.0,0.0,0.0,0.0,0.0,0.0,-5995.4,1.6432262284791326,46.42185066,0.0,,28.75,0.117,22.375,0.091,0.0,0.0,0.0,0.0,0.22375,0.091,0.0,0.0,0.0,0.0,0.31475,6.609375,0.0269564099259267,30.515625,0.1244583181686407,0.099140625,0.04043461488889,1.068046875,0.4356041135902424,1.6432262284791326,6463,,,0.0002465473390855,Information
742997,14089.0,20904.22495,USA,United States,Montana,0.035427226,0.0,0.77,0.32,14089.0,14089.0,0.0,14.0,-9999.0,-9999.0,-9999.0,0.0,1.0,-999.9,-999.9,-999.9,-5997.4,0.0,0.0,0.0,0.0,0.0,0.0,0.0,0.0,0.0,0.0,0.0,-5997.4,2.9677166862454563,0.70854452,0.0,,,,,,,,,,,,,,,,,0.28125,0.0013454218020952,57.234375,0.2737933367263751,0.00421875,0.0020181327031428,2.003203125,0.9582766785423128,2.9677166862454563,11766,,,0.0002238287617858,Information
742998,14090.0,23902.74991,USA,United States,Montana,1.130998968,0.0,0.77,0.32,14090.0,14090.0,0.0,14.0,-9999.0,-9999.0,-9999.0,0.0,1.0,-999.9,-999.9,-999.9,-5997.4,0.0,0.0,0.0,0.0,0.0,0.0,0.0,0.0,0.0,0.0,0.0,-5997.4,4.398030002408098,22.61997936,0.0,,,,,,,,,,,,,,,,,0.0,0.0,88.59375,0.370642500688028,0.0,0.0,3.10078125,1.297248752408098,4.398030002408098,24746,,,0.0020681740179534,Information
742999,14091.0,63400.14805,USA,United States,Montana,1.205491454,0.0,0.77,0.32,14091.0,14091.0,0.0,12.0,-9999.0,-9999.0,-9999.0,0.0,1.0,-999.9,-999.9,-999.9,-5997.4,0.0,0.0,0.0,0.0,0.0,0.0,0.0,0.0,0.0,0.0,0.0,-5997.4,8.854179704753447,24.10982908,0.0,,40.938,0.065,32.625,0.051,0.0,0.0,0.0,0.0,0.32625,0.051,0.0,0.0,0.0,0.0,0.37725,13.078125,0.0206279092428188,212.90625,0.3358134902540625,0.196171875,0.0309418638642282,7.45171875,1.1753472158892186,8.854179704753447,266863,,,0.0158410938245551,Information
743002,14092.0,2708.535831,USA,United States,Louisiana,2.139701979,3.521089776,0.77,0.32,14092.0,,,,,,,,,,,,,,,,,,,,,,,,,68.31446954333249,42.79403958,70.42179552,3.0,4.062,0.15,4.062,0.15,0.0,0.0,0.562,0.021,0.04062,0.15,0.0,0.0,0.01405,0.0525,0.25717,241.3125,8.909333862221661,466.59375,17.2267889014286,3.6196875,13.364000793332492,16.33078125,35.0,68.31446954333249,205074,1335.0,0.650984522660113,0.7987272789200377,Watch
743003,14093.0,3768.945421,USA,United States,Louisiana,4.002319212,4.01476714,0.77,0.32,14093.0,,,,,,,,,,,,,,,,,,,,,,,,,88.1709831352799,80.04638424,80.2953428,3.0,8.25,0.219,8.188,0.217,0.188,0.005,0.812,0.022,0.08188,0.217,0.00282,0.0075,0.0203,0.0549999999999999,0.3845,331.59375,8.798051256853261,2101.78125,55.76576509114878,4.97390625,13.197076885279891,35.0,35.0,88.1709831352799,30919,1440.0,4.65733044406352,0.93298829554477,Warning
743005,14095.0,5616.773341,USA,United States,Louisiana,3.64199562,2.580541853,0.77,0.32,14095.0,14095.0,0.0,15.0,2.0,-9999.0,-9999.0,0.0,1.0,0.2,-999.9,-999.9,-3997.2,0.0,0.0,0.0,0.0,0.0,0.0,0.0,0.0,0.0,0.0,0.0,-3997.2,70.54543267491287,72.8399124,51.61083706,3.0,7.0,0.125,6.875,0.122,0.125,0.002,0.438,0.008,0.06875,0.122,0.001875,0.003,0.01095,0.02,0.2265749999999999,13.078125,0.2328405332752516,1628.71875,28.99740920853725,0.196171875,0.3492607999128774,35.0,35.0,70.54543267491287,158322,1965.0,1.2411414711789897,0.8300868226744318,Warning
743006,14096.0,7491.540639,USA,United States,Louisiana,3.139304113,1.30979209,0.77,0.32,14096.0,,,,,,,,,,,,,,,,,,,,,,,,,71.6745172864346,62.78608226,26.1958418,3.0,4.688,0.063,3.438,0.046,0.0,0.0,1.188,0.016,0.03438,0.046,0.0,0.0,0.0296999999999999,0.04,0.15008,47.8125,0.638219857623067,2634.328125,35.164037037802686,0.7171875,0.9573297864346004,35.0,35.0,71.6745172864346,244148,14648.0,5.999639562888085,0.7439117551898764,Watch
751204,14104.0,26019.71033,USA,United States,Texas,0.945713089,1.820362118,0.77,0.32,14104.0,14104.0,0.0,15.0,3.0,2.0,-9999.0,0.0,1.0,0.3,0.2,-999.9,-1996.8,0.0,0.0,0.0,0.0,0.0,0.0,0.0,0.0,0.0,0.0,0.0,-1996.8,23.714768480400064,18.91426178,36.40724236,,,,,,,,,,,,,,,,,2.8125,0.0108091134138894,488.25,1.876462088651208,0.0421875,0.0162136701208341,17.08875,6.567617310279228,23.714768480400064,621870,,,0.1619680417036254,Information
751205,14105.0,4800.906859,USA,United States,Texas,3.099807671,3.005055677,0.77,0.32,14105.0,14105.0,0.0,14.0,-9999.0,-9999.0,-9999.0,0.0,1.0,-999.9,-999.9,-999.9,-5997.4,0.0,0.0,0.0,0.0,0.0,0.0,0.0,0.0,0.0,0.0,0.0,-5997.4,25.795535405384765,61.996153420000006,60.10111354,,,,,,,,,,,,,,,,,0.0,0.0,239.0625,4.979527972967076,0.0,0.0,8.3671875,17.428347905384765,25.795535405384765,75834,,,0.3491982422973154,Information
751401,14110.0,14455.69328,USA,United States,Texas,0.858970564,0.007904505,0.77,0.32,14110.0,14110.0,0.0,13.0,2.0,-9999.0,-9999.0,0.0,1.0,0.2,-999.9,-999.9,-1996.85,0.0,0.0,0.0,0.0,0.0,0.0,0.0,0.0,0.0,0.0,0.0,-1996.85,12.165272732470823,17.17941128,0.1580900999999999,,,,,,,,,,,,,,,,,0.0,0.0,205.453125,1.421260959277379,0.0,0.0,7.190859375,4.9744133574708265,12.165272732470823,211111,,,0.0275497182780593,Information
751407,14116.0,1277.914931,USA,United States,Texas,0.706051135,0.0,0.77,0.32,14116.0,14116.0,0.0,10.0,2.0,2.0,-9999.0,0.0,1.0,0.2,0.2,-999.9,-1997.0,0.0,0.0,0.0,0.0,0.0,0.0,0.0,0.0,0.0,0.0,0.0,-1997.0,3.778998349692551,14.1210227,0.0,,,,,,,,,,,,,,,,,0.0,0.0,12.234375,0.9573700641978716,0.0,0.0,0.428203125,3.3507952246925505,3.778998349692551,1506635,,,0.0008936298239783,Information
751610,14120.0,6296.458151,USA,United States,Texas,1.471749069,0.0,0.77,0.32,14120.0,14120.0,0.0,15.0,15.0,2.0,-9999.0,0.0,1.0,1.5,0.2,-999.9,-986.3,0.0,0.0,0.0,0.0,0.0,0.0,0.0,0.0,0.0,0.0,0.0,-986.3,6.40760113116264,29.43498138,0.0,,,,,,,,,,,,,,,,,0.0,0.0,70.734375,1.123399430332183,0.0,0.0,2.475703125,3.931898006162641,6.40760113116264,681280,,,0.0082188445956278,Information
751650,14124.0,22604.61519,USA,United States,Texas,1.019970298,0.0,0.77,0.32,14124.0,14124.0,0.0,8.0,-9999.0,-9999.0,-9999.0,0.0,3.0,-999.9,-999.9,-999.9,-5996.066666666666,0.0,0.0,0.0,0.0,0.0,0.0,0.0,0.0,0.0,0.0,0.0,-5996.066666666666,16.89216102275953,20.399405960000003,0.0,,,,,,,,,,,,,,,,,5.0625,0.0223958689744648,332.4375,1.4706620626565243,0.0759375,0.0335938034616972,11.6353125,5.147317219297835,16.89216102275953,524023,,,0.0605501328678248,Information
751660,14125.0,14943.2834,USA,United States,Texas,0.108417005,0.0,0.77,0.32,14125.0,14125.0,0.0,8.0,-9999.0,-9999.0,-9999.0,0.0,3.0,-999.9,-999.9,-999.9,-5993.4,0.0,0.0,0.0,0.0,0.0,0.0,0.0,0.0,0.0,0.0,0.0,-5993.4,4.48570604980075,2.1683401,0.0,,,,,,,,,,,,,,,,,0.0,0.0,76.78125,0.5138177999430713,0.0,0.0,2.68734375,1.7983622998007496,4.48570604980075,182449,,,0.0010268579685735,Information
751670,14126.0,6534.808996,USA,United States,Texas,0.746639549,0.0,0.77,0.32,14126.0,14126.0,0.0,13.0,-9999.0,-9999.0,-9999.0,0.0,1.0,-999.9,-999.9,-999.9,-5997.4,0.0,0.0,0.0,0.0,0.0,0.0,0.0,0.0,0.0,0.0,0.0,-5997.4,1.108375380825049,14.93279098,0.0,,,,,,,,,,,,,,,,,0.0,0.0,12.515625,0.1915224302357283,0.0,0.0,0.438046875,0.670328505825049,1.108375380825049,8078,,,7.106445276681583e-06,Information
751680,14127.0,15689.43719,USA,United States,Texas,0.33082629,0.0,0.77,0.32,14127.0,14127.0,0.0,8.0,-9999.0,-9999.0,-9999.0,0.0,3.0,-999.9,-999.9,-999.9,-5993.4,0.0,0.0,0.0,0.0,0.0,0.0,0.0,0.0,0.0,0.0,0.0,-5993.4,0.7230018496732821,6.616525800000001,0.0,,,,,,,,,,,,,,,,,0.5625,0.0035852146455195,12.375,0.0788747222014294,0.0084375,0.0053778219682792,0.433125,0.2760615277050028,0.7230018496732821,412453,,,5.838004923633004e-07,Information
751690,14128.0,13682.51395,USA,United States,Texas,0.70691724,0.0,0.77,0.32,14128.0,14128.0,0.0,15.0,-9999.0,-9999.0,-9999.0,0.0,1.0,-999.9,-999.9,-999.9,-5997.4,0.0,0.0,0.0,0.0,0.0,0.0,0.0,0.0,0.0,0.0,0.0,-5997.4,0.2713934145051605,14.1383448,0.0,,,,,,,,,,,,,,,,,0.28125,0.0020555433095096,4.359375,0.0318609212973989,0.00421875,0.0030833149642644,0.152578125,0.1115132245408961,0.2713934145051605,48862,,,4.283044489691912e-09,Information
751700,14129.0,4311.505467,USA,United States,Texas,2.412186387,0.0,0.77,0.32,14129.0,14129.0,1.0,13.0,49.0,17.0,5.0,3.0,1.0,4.9,1.7,0.5,20.8,0.0,0.0,0.0,0.0,0.0,0.0,0.0,0.0,0.0,0.0,0.0,20.8,33.49197979340981,48.24372774,0.0,,,,,,,,,,,,,,,,,0.0,0.0,288.28125,6.686324583831374,0.0,0.0,10.08984375,23.40213604340981,33.49197979340981,33763,,,0.3316942509685258,Information
751810,14130.0,15699.63313,USA,United States,Texas,0.827394304,0.0,0.77,0.32,14130.0,14130.0,0.0,12.0,3.0,3.0,-9999.0,0.0,1.0,0.3,0.3,-999.9,-3325.5333333333338,0.0,0.0,0.0,0.0,0.0,0.0,0.0,0.0,0.0,0.0,0.0,-3325.5333333333338,10.046954906762894,16.54788608,0.0,,,,,,,,,,,,,,,,,4.921875,0.031350254865781,173.25,1.103528971275492,0.073828125,0.0470253822986715,6.06375,3.8623513994642233,10.046954906762894,1549352,,,0.0171297801648667,Information
751820,14131.0,11623.53425,USA,United States,Texas,1.892761254,0.0,0.77,0.32,14131.0,14131.0,0.0,15.0,3.0,-9999.0,-9999.0,0.0,1.0,0.3,-999.9,-999.9,-3997.0,0.0,0.0,0.0,0.0,0.0,0.0,0.0,0.0,0.0,0.0,0.0,-3997.0,0.109875358399689,37.85522508,0.0,,,,,,,,,,,,,,,,,0.0,0.0,1.6875,0.0145179595427683,0.0,0.0,0.0590625,0.050812858399689,0.109875358399689,16818,,,1.164775449119833e-10,Information
751860,14135.0,17471.16146,USA,United States,Texas,0.58856925,0.0,0.77,0.32,14135.0,14135.0,0.0,5.0,2.0,2.0,-9999.0,0.0,6.0,0.2,0.2,-999.9,-1987.0,0.0,0.0,0.0,0.0,0.0,0.0,0.0,0.0,0.0,0.0,0.0,-1987.0,1.464885439403997,11.771385,0.0,,,,,,,,,,,,,,,,,1.40625,0.0080489783306263,26.015625,0.1489060991165879,0.02109375,0.0120734674959394,0.910546875,0.5211713469080577,1.464885439403997,122618,,,2.0822881777178653e-05,Information
751920,14140.0,5881.025374,USA,United States,Texas,0.808305412,0.0,0.77,0.32,14140.0,14140.0,1.0,12.0,37.0,9.0,2.0,3.0,1.0,3.7,0.9,0.2,17.599999999999998,0.0,0.0,0.0,0.0,0.0,0.0,0.0,0.0,0.0,0.0,0.0,17.599999999999998,17.599999999999998,16.16610824,0.0,,,,,,,,,,,,,,,,,0.0,0.0,69.609375,1.1836265033496836,0.0,0.0,2.436328125,4.142692761723892,6.579020886723892,30142,,,0.0592691358495758,Information
751940,14141.0,26651.7366,USA,United States,Texas,0.170397498,0.0,0.77,0.32,14141.0,14141.0,0.0,6.0,9.0,3.0,2.0,0.0,5.0,0.9,0.3,0.2,11.5,0.0,0.0,0.0,0.0,0.0,0.0,0.0,0.0,0.0,0.0,0.0,11.5,11.5,3.4079499600000003,0.0,,,,,,,,,,,,,,,,,0.0,0.0,98.71875,0.3704026925696146,0.0,0.0,3.45515625,1.2964094239936512,4.751565673993651,2875565,,,0.0166623491004127,Information
751961,14143.0,3497.038463,USA,United States,Texas,2.522009886,0.0,0.77,0.32,14143.0,14143.0,0.0,11.0,-9999.0,-9999.0,-9999.0,0.0,1.0,-999.9,-999.9,-999.9,-4663.933333333333,0.0,0.0,0.0,0.0,0.0,0.0,0.0,0.0,0.0,0.0,0.0,-4663.933333333333,6.420744029182062,50.44019772,0.0,,,,,,,,,,,,,,,,,0.0,0.0,47.53125,1.3591857940520176,0.0,0.0,1.66359375,4.757150279182062,6.420744029182062,43955,,,0.0204942625669083,Information
751963,14145.0,3929.991978,USA,United States,Texas,0.193051656,0.0,0.77,0.32,14145.0,14145.0,0.0,12.0,3.0,2.0,-9999.0,0.0,1.0,0.3,0.2,-999.9,-1996.8,0.0,0.0,0.0,0.0,0.0,0.0,0.0,0.0,0.0,0.0,0.0,-1996.8,-1996.8,3.86103312,0.0,,,,,,,,,,,,,,,,,,,,,,,,,,3072,,,,
752110,14164.0,6928.949994,USA,United States,Texas,3.403999705,0.0,0.77,0.32,14164.0,14164.0,0.0,10.0,-9999.0,-9999.0,-9999.0,0.0,1.0,-999.9,-999.9,-999.9,-5997.4,0.0,0.0,0.0,0.0,0.0,0.0,0.0,0.0,0.0,0.0,0.0,-5997.4,4.566149341060816,68.0799941,0.0,,,,,,,,,,,,,,,,,3.515625,0.0507382071305646,51.890625,0.7488959372471342,0.052734375,0.0761073106958469,1.816171875,2.6211357803649697,4.566149341060816,1803158,,,0.025913815960236,Information
752161,14195.0,27974.21763,USA,United States,Texas,0.014404526,0.0,0.77,0.32,14195.0,14195.0,0.0,14.0,-9999.0,-9999.0,-9999.0,0.0,1.0,-999.9,-999.9,-999.9,-5997.4,0.0,0.0,0.0,0.0,0.0,0.0,0.0,0.0,0.0,0.0,0.0,-5997.4,0.1135822289217374,0.28809052,0.0,,,,,,,,,,,,,,,,,0.0,0.0,2.390625,0.0085458154062107,0.0,0.0,0.083671875,0.0299103539217374,0.1135822289217374,43935,,,6.1130931786606215e-12,Information
752165,14199.0,32613.41425,USA,United States,New Mexico,1.911152393,0.0,0.77,0.32,14199.0,14199.0,0.0,12.0,-9999.0,-9999.0,-9999.0,0.0,1.0,-999.9,-999.9,-999.9,-5997.4,0.0,0.0,0.0,0.0,0.0,0.0,0.0,0.0,0.0,0.0,0.0,-5997.4,1.9669769567568185,38.22304786,0.0,,,,,,,,,,,,,,,,,20.953125,0.0642469532291134,34.03125,0.1043474005466137,0.314296875,0.0963704298436701,1.19109375,0.3652159019131479,1.9669769567568185,73981,,,0.0002833901687994,Information
752169,14203.0,22016.12446,USA,United States,New Mexico,0.319358695,0.0,0.77,0.32,14203.0,14203.0,0.0,3.0,-9999.0,-9999.0,-9999.0,0.0,8.0,-999.9,-999.9,-999.9,-5992.733333333333,0.0,0.0,0.0,0.0,0.0,0.0,0.0,0.0,0.0,0.0,0.0,-5992.733333333333,1.3957032154849949,6.3871739000000005,0.0,,,,,,,,,,,,,,,,,11.8125,0.0536538572904608,22.359375,0.1015590870140867,0.1771875,0.0804807859356912,0.782578125,0.3554568045493034,1.3957032154849949,28221,,,1.3009793686959908e-05,Information
752174,14208.0,5106.450694,USA,United States,Texas,0.211604625,0.0,0.77,0.32,14208.0,,,,,,,,,,,,,,,,,,,,,,,,,0.3732499999999999,4.2320925,0.0,,135.188,2.647,12.625,0.247,0.0,0.0,0.0,0.0,0.12625,0.247,0.0,0.0,0.0,0.0,0.3732499999999999,1.6875,0.0330464367771433,1.6875,0.0330464367771433,0.0253125,0.0495696551657149,0.0590625,0.1156625287200015,0.2496071838857164,290,,,1.4494587181497051e-08,Information
752191,14225.0,37630.87567,USA,United States,Texas,3.201446493,0.0,0.77,0.32,14225.0,14225.0,0.0,9.0,-9999.0,-9999.0,-9999.0,0.0,2.0,-999.9,-999.9,-999.9,-5995.4,0.0,0.0,0.0,0.0,0.0,0.0,0.0,0.0,0.0,0.0,0.0,-5995.4,2.3815674736897336,64.02892986,0.0,,,,,,,,,,,,,,,,,19.125,0.05082262811794,45.5625,0.1210774375750925,0.286875,0.07623394217691,1.5946875,0.4237710315128237,2.3815674736897336,2542259,,,0.0033142274720326,Information
752194,14228.0,18927.73414,USA,United States,New Mexico,2.396496128,0.0,0.77,0.32,14228.0,14228.0,0.0,15.0,-9999.0,-9999.0,-9999.0,0.0,1.0,-999.9,-999.9,-999.9,-5997.4,0.0,0.0,0.0,0.0,0.0,0.0,0.0,0.0,0.0,0.0,0.0,-5997.4,12.765217307827683,47.92992256,0.0,,67.438,0.356,67.438,0.356,47.688,0.252,36.625,0.193,0.67438,0.356,0.7153200000000001,0.378,0.915625,0.4825,3.521825,70.875,0.3744505258262737,208.265625,1.1003198983109352,1.063125,0.5616757887394106,7.289296875,3.851119644088273,12.765217307827683,29371,,,0.0798819031054196,Information
752195,14229.0,14691.87908,USA,United States,New Mexico,1.59278127,0.0,0.77,0.32,14229.0,14229.0,0.0,4.0,-9999.0,-9999.0,-9999.0,0.0,7.0,-999.9,-999.9,-999.9,-5985.4,0.0,0.0,0.0,0.0,0.0,0.0,0.0,0.0,0.0,0.0,0.0,-5985.4,0.8626451721584398,31.8556254,0.0,,,,,,,,,,,,,,,,,5.34375,0.0363721343617006,12.375,0.084230205890254,0.08015625,0.0545582015425509,0.433125,0.294805720615889,0.8626451721584398,1182352,,,6.229976756990339e-06,Information
752196,14230.0,8253.098475,USA,United States,New Mexico,3.1306321,0.0,0.77,0.32,14230.0,,,,,,,,,,,,,,,,,,,,,,,,,1.254947749945334,62.612642,0.0,,25.0,0.303,10.188,0.123,0.875,0.011,0.0,0.0,0.10188,0.123,0.013125,0.0165,0.0,0.0,0.254505,2.390625,0.0289663937399521,15.1875,0.1840217955244016,0.035859375,0.0434495906099281,0.5315625,0.6440762843354055,1.254947749945334,9307,,,0.0003440984127316,Information
752197,14231.0,13354.58296,USA,United States,New Mexico,0.538193228,0.0,0.77,0.32,14231.0,14231.0,0.0,3.0,-9999.0,-9999.0,-9999.0,0.0,8.0,-999.9,-999.9,-999.9,-5983.4,0.0,0.0,0.0,0.0,0.0,0.0,0.0,0.0,0.0,0.0,0.0,-5983.4,1.7153333586394353,10.76386456,0.0,,39.312,0.294,15.562,0.117,4.812,0.036,2.25,0.017,0.1556199999999999,0.117,0.07218,0.0539999999999999,0.05625,0.0425,0.49755,4.359375,0.0326432881617526,26.15625,0.1958597289705161,0.065390625,0.0489649322426288,0.91546875,0.6855090513968063,1.7153333586394353,33742,,,3.880245722665669e-05,Information
752198,14232.0,7532.782565,USA,United States,Colorado,1.193810115,0.0,0.77,0.32,14232.0,,,,,,,,,,,,,,,,,,,,,,,,,1.10143,23.8762023,0.0,,148.438,1.971,31.5,0.418,10.562,0.14,0.0,0.0,0.315,0.418,0.15843,0.21,0.0,0.0,1.10143,0.5625,0.0074673601043662,6.046875,0.0802741211219372,0.0084375,0.0112010401565493,0.211640625,0.2809594239267802,0.5122385890833295,5723,,,1.1389424340873407e-05,Information
752199,14233.0,5612.414178,USA,United States,Colorado,2.468096044,0.0,0.77,0.32,14233.0,,,,,,,,,,,,,,,,,,,,,,,,,1.9872229711566567,49.36192088,0.0,,47.812,0.852,11.25,0.2,6.938,0.124,0.062,0.001,0.1125,0.2,0.10407,0.186,0.00155,0.0025,0.60662,1.6875,0.0300672749092123,19.6875,0.3507848739408111,0.0253125,0.0451009123638184,0.6890625,1.2277470587928387,1.9872229711566567,23003,,,0.0006019264680561,Information
772000,14514.0,26827.87063,USA,United States,California,0.602009913,0.0,0.77,0.32,14514.0,,,,,,,,,,,,,,,,,,,,,,,,,4.961192337224837,12.04019826,0.0,,6.062,0.023,6.062,0.023,4.312,0.016,5.375,0.02,0.06062,0.023,0.06468,0.024,0.134375,0.05,0.3566749999999999,42.75,0.1593492103176461,84.9375,0.3166017204995338,0.64125,0.2390238154764691,2.9728125,1.1081060217483685,4.961192337224837,1748932,,,0.0020186420526808,Information
772211,14517.0,6279.582083,USA,United States,Arizona,0.649549339,0.0,0.77,0.32,14517.0,14517.0,0.0,7.0,-9999.0,-9999.0,-9999.0,0.0,4.0,-999.9,-999.9,-999.9,-5991.4,0.0,0.0,0.0,0.0,0.0,0.0,0.0,0.0,0.0,0.0,0.0,-5991.4,0.3882617908503397,12.99098678,0.0,,,,,,,,,,,,,,,,,0.140625,0.002239400618313,4.21875,0.0671820185493915,0.002109375,0.0033591009274695,0.14765625,0.2351370649228702,0.3882617908503397,43790,,,3.1147175948265865e-08,Information
772222,14528.0,16178.21609,USA,United States,Arizona,0.200352278,0.0,0.77,0.32,14528.0,14528.0,0.0,1.0,-9999.0,-9999.0,-9999.0,0.0,10.0,-999.9,-999.9,-999.9,-5979.4,0.0,0.0,0.0,0.0,0.0,0.0,0.0,0.0,0.0,0.0,0.0,-5979.4,2.674820144267642,4.00704556,0.0,,,,,,,,,,,,,,,,,3.234375,0.0199921609469636,45.84375,0.2833671508134847,0.048515625,0.0299882414204454,1.60453125,0.9917850278471964,2.674820144267642,33758,,,0.0001715391330786,Information
772223,14529.0,6487.731187,USA,United States,Arizona,0.669456251,0.0,0.77,0.32,14529.0,14529.0,0.0,1.0,-9999.0,-9999.0,-9999.0,0.0,10.0,-999.9,-999.9,-999.9,-5979.4,0.0,0.0,0.0,0.0,0.0,0.0,0.0,0.0,0.0,0.0,0.0,-5979.4,2.142494787821799,13.389125019999998,0.0,,,,,,,,,,,,,,,,,7.3125,0.1127127463998891,20.953125,0.3229653694919901,0.1096875,0.1690691195998336,0.733359375,1.130378793221965,2.142494787821799,78449,,,0.0001080317080511,Information
772320,14545.0,13979.03421,USA,United States,Arizona,0.242011342,0.0,0.77,0.32,14545.0,14545.0,0.0,1.0,-9999.0,-9999.0,-9999.0,0.0,10.0,-999.9,-999.9,-999.9,-5979.4,0.0,0.0,0.0,0.0,0.0,0.0,0.0,0.0,0.0,0.0,0.0,-5979.4,0.3678636695679672,4.84022684,0.0,,,,,,,,,,,,,,,,,1.828125,0.0130776201926791,5.34375,0.0382268897939853,0.027421875,0.0196164302890186,0.18703125,0.1337941142789485,0.3678636695679672,6881,,,1.3832974704591876e-08,Information
772330,14546.0,20375.82344,USA,United States,Nevada,1.053066776,0.0,0.77,0.32,14546.0,14546.0,0.0,6.0,-9999.0,-9999.0,-9999.0,0.0,5.0,-999.9,-999.9,-999.9,-5989.4,0.0,0.0,0.0,0.0,0.0,0.0,0.0,0.0,0.0,0.0,0.0,-5989.4,10.935902717135814,21.06133552,0.0,,,,,,,,,,,,,,,,,61.171875,0.3002179282237283,183.375,0.8999636285143487,0.917578125,0.4503268923355924,6.418125,3.1498726998002207,10.935902717135814,2873577,,,0.0240423027877355,Information
772342,14549.0,15923.59344,USA,United States,Utah,2.016612107,0.0,0.77,0.32,14549.0,14549.0,0.0,2.0,-9999.0,-9999.0,-9999.0,0.0,9.0,-999.9,-999.9,-999.9,-5981.4,0.0,0.0,0.0,0.0,0.0,0.0,0.0,0.0,0.0,0.0,0.0,-5981.4,0.8516469519839245,40.33224214,0.0,,,,,,,,,,,,,,,,,1.40625,0.008831235268385,14.34375,0.0900785997375277,0.02109375,0.0132468529025774,0.50203125,0.3152750990813469,0.8516469519839245,240710,,,1.071838866673288e-05,Information
772343,14550.0,865.0244381,USA,United States,Nevada,3.484777206,0.0,0.77,0.32,14550.0,14550.0,0.0,12.0,-9999.0,-9999.0,-9999.0,0.0,1.0,-999.9,-999.9,-999.9,-5997.4,0.0,0.0,0.0,0.0,0.0,0.0,0.0,0.0,0.0,0.0,0.0,-5997.4,0.3355973067478744,69.69554412,0.0,,,,,,,,,,,,,,,,,0.140625,0.0162567661446249,0.703125,0.0812838307231249,0.002109375,0.0243851492169373,0.024609375,0.2844934075309371,0.3355973067478744,9713,,,3.3478672796689724e-06,Information
772405,14566.0,14061.73186,USA,United States,Arizona,1.331196228,0.0,0.77,0.32,14566.0,14566.0,0.0,1.0,-9999.0,-9999.0,-9999.0,0.0,10.0,-999.9,-999.9,-999.9,-5979.4,0.0,0.0,0.0,0.0,0.0,0.0,0.0,0.0,0.0,0.0,0.0,-5979.4,1.524393980572586,26.62392456,0.0,,,,,,,,,,,,,,,,,7.875,0.0560030590561402,22.078125,0.1570085762823931,0.118125,0.0840045885842103,0.772734375,0.5495300169883758,1.524393980572586,24373,,,5.353148772526744e-05,Information
772407,14568.0,5126.989125,USA,United States,Arizona,0.727953208,0.0,0.77,0.32,14568.0,14568.0,0.0,11.0,-9999.0,-9999.0,-9999.0,0.0,1.0,-999.9,-999.9,-999.9,-5997.4,0.0,0.0,0.0,0.0,0.0,0.0,0.0,0.0,0.0,0.0,0.0,-5997.4,1.394093528898264,14.559064159999998,0.0,,,,,,,,,,,,,,,,,0.0,0.0,13.5,0.2633124368280755,0.0,0.0,0.4725,0.9215935288982642,1.394093528898264,36993,,,1.9310273138296035e-05,Information
772500,14571.0,14385.831,USA,United States,Arizona,0.231411478,0.0,0.77,0.32,14571.0,14571.0,0.0,5.0,-9999.0,-9999.0,-9999.0,0.0,6.0,-999.9,-999.9,-999.9,-5985.4,0.0,0.0,0.0,0.0,0.0,0.0,0.0,0.0,0.0,0.0,0.0,-5985.4,3.0536149339479115,4.62822956,0.0,,,,,,,,,,,,,,,,,0.0,0.0,51.46875,0.3577739096994033,0.0,0.0,1.80140625,1.2522086839479116,3.0536149339479115,13723,,,0.0002892957315669,Information
772601,14572.0,6363.238062,USA,United States,Utah,0.368027728,0.0,0.77,0.32,14572.0,14572.0,0.0,2.0,-9999.0,-9999.0,-9999.0,0.0,9.0,-999.9,-999.9,-999.9,-5981.4,0.0,0.0,0.0,0.0,0.0,0.0,0.0,0.0,0.0,0.0,0.0,-5981.4,1.4681811586647873,7.36055456,0.0,,,,,,,,,,,,,,,,,0.0,0.0,16.3125,0.2563553310470821,0.0,0.0,0.5709375,0.8972436586647873,1.4681811586647873,1517,,,1.701363411315625e-05,Information
772603,14574.0,14550.01454,USA,United States,Utah,0.629304267,0.0,0.77,0.32,14574.0,14574.0,0.0,1.0,-9999.0,-9999.0,-9999.0,0.0,10.0,-999.9,-999.9,-999.9,-5979.4,0.0,0.0,0.0,0.0,0.0,0.0,0.0,0.0,0.0,0.0,0.0,-5979.4,0.772328132698758,12.58608534,0.0,,23.0,0.158,10.188,0.07,5.188,0.036,0.0,0.0,0.10188,0.07,0.07782,0.0539999999999999,0.0,0.0,0.3037,0.0,0.0,13.078125,0.0898839307710737,0.0,0.0,0.457734375,0.3145937576987579,0.772328132698758,40980,,,1.1281405103482936e-06,Information
772605,14576.0,2640.056401,USA,United States,New Mexico,1.711902816,0.0,0.77,0.32,14576.0,14576.0,0.0,15.0,-9999.0,-9999.0,-9999.0,0.0,1.0,-999.9,-999.9,-999.9,-5997.4,0.0,0.0,0.0,0.0,0.0,0.0,0.0,0.0,0.0,0.0,0.0,-5997.4,0.3299091966356046,34.23805632,0.0,,,,,,,,,,,,,,,,,0.0,0.0,1.96875,0.0745722704673156,0.0,0.0,0.06890625,0.2610029466356046,0.3299091966356046,37122,,,5.9515001400976e-08,Information
772608,14579.0,4453.217056,USA,United States,New Mexico,0.033302415,0.0,0.77,0.32,14579.0,,,,,,,,,,,,,,,,,,,,,,,,,0.17538,0.6660483,0.0,,4.5,0.101,3.938,0.088,1.0,0.022,0.0,0.0,0.03938,0.088,0.015,0.033,0.0,0.0,0.17538,,,,,,,,,,391,,,1.1541495741527723e-10,Information
772609,14580.0,9179.795581,USA,United States,Colorado,1.964668925,0.0,0.77,0.32,14580.0,,,,,,,,,,,,,,,,,,,,,,,,,4.031137488017089,39.2933785,0.0,,12.375,0.135,2.938,0.032,1.25,0.014,0.062,0.001,0.02938,0.032,0.01875,0.021,0.00155,0.0025,0.10518,0.0,0.0,55.125,0.6005035680048826,0.0,0.0,1.929375,2.101762488017089,4.031137488017089,22584,,,0.003343887407585,Information
772700,14581.0,24046.51487,USA,United States,Utah,0.339530922,0.0,0.77,0.32,14581.0,14581.0,0.0,8.0,-9999.0,-9999.0,-9999.0,0.0,3.0,-999.9,-999.9,-999.9,-5993.4,0.0,0.0,0.0,0.0,0.0,0.0,0.0,0.0,0.0,0.0,0.0,-5993.4,2.383291733531663,6.79061844,0.0,,,,,,,,,,,,,,,,,0.0,0.0,48.09375,0.2000029952947608,0.0,0.0,1.68328125,0.7000104835316627,2.383291733531663,4176,,,0.0001230109845702,Information
772801,14582.0,5888.697102,USA,United States,Utah,4.010862948,0.0,0.77,0.32,14582.0,,,,,,,,,,,,,,,,,,,,,,,,,1.5272055370495554,80.21725896,0.0,,14.0,0.238,5.312,0.09,0.188,0.003,0.0,0.0,0.05312,0.09,0.00282,0.0045,0.0,0.0,0.15044,0.0,0.0,16.171875,0.2746256891570158,0.0,0.0,0.566015625,0.9611899120495552,1.5272055370495554,10435,,,0.0052130085228532,Information
772802,14583.0,12043.92973,USA,United States,Colorado,1.755691128,0.0,0.77,0.32,14583.0,14583.0,0.0,6.0,-9999.0,-9999.0,-9999.0,0.0,5.0,-999.9,-999.9,-999.9,-5989.4,0.0,0.0,0.0,0.0,0.0,0.0,0.0,0.0,0.0,0.0,0.0,-5989.4,0.7026612233907018,35.11382256,0.0,,26.438,0.22,9.125,0.076,1.812,0.015,0.0,0.0,0.09125,0.076,0.02718,0.0225,0.0,0.0,0.21693,0.0,0.0,10.96875,0.0910728495402005,0.0,0.0,0.38390625,0.3187549733907018,0.7026612233907018,10684,,,3.0124300549222327e-06,Information
772803,14584.0,6387.636426,USA,United States,Utah,1.119542326,0.0,0.77,0.32,14584.0,14584.0,0.0,4.0,-9999.0,-9999.0,-9999.0,0.0,7.0,-999.9,-999.9,-999.9,-5985.4,0.0,0.0,0.0,0.0,0.0,0.0,0.0,0.0,0.0,0.0,0.0,-5985.4,0.3030525571113974,22.39084652,0.0,,7.875,0.123,5.625,0.088,0.0,0.0,0.0,0.0,0.05625,0.088,0.0,0.0,0.0,0.0,0.14425,0.0,0.0,3.375,0.0528364448889707,0.0,0.0,0.118125,0.1849275571113974,0.3030525571113974,68299,,,1.4652884625188136e-08,Information
772804,14585.0,20821.31003,USA,United States,Colorado,2.040982561,0.0,0.77,0.32,14585.0,14585.0,0.0,3.0,-9999.0,-9999.0,-9999.0,0.0,8.0,-999.9,-999.9,-999.9,-5988.4,0.0,0.0,0.0,0.0,0.0,0.0,0.0,0.0,0.0,0.0,0.0,-5988.4,2.385559187816765,40.81965122,0.0,,39.812,0.191,22.375,0.107,0.875,0.004,0.062,0.0,0.22375,0.107,0.013125,0.006,0.00155,0.0,0.351425,1.125,0.0054031182395585,45.5625,0.2188262887021222,0.016875,0.0081046773593377,1.5946875,0.7658920104574277,2.385559187816765,96094,,,0.0006610107699303,Information
772809,14590.0,8853.212135,USA,United States,Colorado,0.409989712,0.0,0.77,0.32,14590.0,,,,,,,,,,,,,,,,,,,,,,,,,2.8673836311201555,8.19979424,0.0,,15.875,0.179,12.188,0.138,0.812,0.009,0.375,0.004,0.12188,0.138,0.01218,0.0134999999999999,0.009375,0.01,0.304935,5.765625,0.065124667886085,36.0,0.4066320726545794,0.086484375,0.0976870018291274,1.26,1.423212254291028,2.8673836311201555,40987,,,0.0002639209434321,Information
772910,14591.0,23539.74139,USA,United States,Utah,2.276200718,0.0,0.77,0.32,14591.0,14591.0,0.0,5.0,-9999.0,-9999.0,-9999.0,0.0,6.0,-999.9,-999.9,-999.9,-5987.4,0.0,0.0,0.0,0.0,0.0,0.0,0.0,0.0,0.0,0.0,0.0,-5987.4,2.3502743987169668,45.52401436,0.0,,,,,,,,,,,,,,,,,0.703125,0.00298696994338,46.828125,0.1989321982291133,0.010546875,0.00448045491507,1.638984375,0.6962626938018965,2.3502743987169668,32013,,,0.0008354784760126,Information
772920,14592.0,12956.31865,USA,United States,Colorado,2.385543057,0.0,0.77,0.32,14592.0,14592.0,0.0,3.0,-9999.0,-9999.0,-9999.0,0.0,8.0,-999.9,-999.9,-999.9,-5983.4,0.0,0.0,0.0,0.0,0.0,0.0,0.0,0.0,0.0,0.0,0.0,-5983.4,0.5755660104293897,47.71086114,0.0,,,,,,,,,,,,,,,,,0.984375,0.007597644255436,8.859375,0.0683787982989245,0.014765625,0.011396466383154,0.310078125,0.2393257940462357,0.5755660104293897,6160,,,3.2537798874263486e-06,Information
772940,14594.0,9934.89923,USA,United States,Utah,1.339968997,0.0,0.77,0.32,14594.0,14594.0,0.0,2.0,-9999.0,-9999.0,-9999.0,0.0,9.0,-999.9,-999.9,-999.9,-5981.4,0.0,0.0,0.0,0.0,0.0,0.0,0.0,0.0,0.0,0.0,0.0,-5981.4,4.290417330220151,26.79937994,0.0,,,,,,,,,,,,,,,,,1.125,0.0113237182780409,60.609375,0.6100653222294543,0.016875,0.0169855774170613,2.121328125,2.13522862780309,4.290417330220151,23542,,,0.0022782654412907,Information
772950,14595.0,4252.471811,USA,United States,Utah,0.22546405,0.0,0.77,0.32,14595.0,14595.0,0.0,4.0,-9999.0,-9999.0,-9999.0,0.0,7.0,-999.9,-999.9,-999.9,-5985.4,0.0,0.0,0.0,0.0,0.0,0.0,0.0,0.0,0.0,0.0,0.0,-5985.4,6.103529545077622,4.509281,0.0,,,,,,,,,,,,,,,,,0.0,0.0,52.03125,1.223553084307892,0.0,0.0,1.82109375,4.282435795077622,6.103529545077622,32923,,,0.0029782918446837,Information
772960,14596.0,21351.01833,USA,United States,Colorado,2.157691706,0.0,0.77,0.32,14596.0,14596.0,0.0,3.0,-9999.0,-9999.0,-9999.0,0.0,8.0,-999.9,-999.9,-999.9,-5983.4,0.0,0.0,0.0,0.0,0.0,0.0,0.0,0.0,0.0,0.0,0.0,-5983.4,1.0551555658044154,43.15383412,0.0,,64.625,0.303,38.938,0.182,2.938,0.014,0.125,0.001,0.38938,0.182,0.04407,0.021,0.003125,0.0025,0.6420750000000001,0.0,0.0,20.53125,0.0961605188012615,0.0,0.0,0.71859375,0.3365618158044152,1.0551555658044154,36356,,,3.3504892716381615e-05,Information
772990,14599.0,25955.73913,USA,United States,Wyoming,2.159777199,0.0,0.77,0.32,14599.0,14599.0,0.0,15.0,-9999.0,-9999.0,-9999.0,0.0,1.0,-999.9,-999.9,-999.9,-5997.4,0.0,0.0,0.0,0.0,0.0,0.0,0.0,0.0,0.0,0.0,0.0,-5997.4,4.594446896917004,43.19554398,0.0,,,,,,,,,,,,,,,,,0.28125,0.001083575384284,94.640625,0.3646231168115938,0.00421875,0.001625363076426,3.312421875,1.2761809088405784,4.594446896917004,62441,,,0.0059555638821492,Information
773401,14620.0,53752.83672,USA,United States,Nevada,1.396236568,0.0,0.77,0.32,14620.0,14620.0,0.0,6.0,-9999.0,-9999.0,-9999.0,0.0,5.0,-999.9,-999.9,-999.9,-5984.4,0.0,0.0,0.0,0.0,0.0,0.0,0.0,0.0,0.0,0.0,0.0,-5984.4,10.79358252307345,27.92473136,0.0,,,,,,,,,,,,,,,,,0.0,0.0,260.015625,0.4837244708781291,0.0,0.0,9.100546875,1.693035648073452,10.79358252307345,220990,,,0.0287980703613958,Information
773503,14627.0,7383.287512,USA,United States,California,0.342666231,0.0,0.77,0.32,14627.0,,,,,,,,,,,,,,,,,,,,,,,,,9.05362695453578,6.85332462,0.0,,17.75,0.24,17.312,0.234,0.062,0.001,0.0,0.0,0.17312,0.234,0.0009299999999999,0.0015,0.0,0.0,0.40955,15.1875,0.2057010508648249,103.359375,1.399909929496726,0.2278125,0.3085515762972373,3.617578125,4.8996847532385415,9.05362695453578,80069,,,0.0098764172623569,Information
773504,14628.0,2169.833881,USA,United States,California,1.055368707,0.0,0.77,0.32,14628.0,,,,,,,,,,,,,,,,,,,,,,,,,3.943580438378699,21.10737414,0.0,,21.875,1.008,21.562,0.994,0.0,0.0,0.0,0.0,0.21562,0.994,0.0,0.0,0.0,0.0,1.20962,1.265625,0.0583281978908165,19.546875,0.9008466118692784,0.018984375,0.0874922968362247,0.684140625,3.1529631415424744,3.943580438378699,117,,,0.0013677379535179,Information
773603,14636.0,4878.330933,USA,United States,Oregon,0.165758541,0.0,0.77,0.32,14636.0,,,,,,,,,,,,,,,,,,,,,,,,,8.020235079339944,3.31517082,0.0,,85.0,1.742,69.0,1.414,0.0,0.0,9.5,0.195,0.69,1.414,0.0,0.0,0.2375,0.4875,2.829,9.28125,0.1902546204472921,71.15625,1.4586187567625728,0.13921875,0.2853819306709381,2.49046875,5.105165648669005,8.020235079339944,122,,,0.0063963479673152,Information
773604,14637.0,7501.92856,USA,United States,Oregon,0.016365265,0.0,0.77,0.32,14637.0,,,,,,,,,,,,,,,,,,,,,,,,,0.6512324448143225,0.3273053,0.0,,22.438,0.299,22.438,0.299,0.0,0.0,0.0,0.0,0.22438,0.299,0.0,0.0,0.0,0.0,0.52338,0.5625,0.0074980719358049,7.734375,0.1030984891173186,0.0084375,0.0112471079037073,0.270703125,0.3608447119106151,0.6512324448143225,38,,,2.4424369047021945e-07,Information
773605,14638.0,13659.74413,USA,United States,Oregon,1.522596234,0.0,0.77,0.32,14638.0,,,,,,,,,,,,,,,,,,,,,,,,,9.68448187054258,30.45192468,0.0,,192.375,1.408,182.188,1.334,5.25,0.038,7.75,0.057,1.82188,1.334,0.07875,0.0569999999999999,0.19375,0.1425,3.62788,18.703125,0.1369214886273046,151.734375,1.1108141821718924,0.280546875,0.2053822329409569,5.310703125,3.887849637601624,9.68448187054258,5715,,,0.024333730888274,Information
773607,14640.0,9473.841075,USA,United States,Oregon,0.483534315,0.0,0.77,0.32,14640.0,,,,,,,,,,,,,,,,,,,,,,,,,2.5119317669578782,9.6706863,0.0,,111.5,1.177,106.312,1.122,1.688,0.018,0.0,0.0,1.06312,1.122,0.02532,0.0269999999999999,0.0,0.0,2.2374400000000003,1.40625,0.0148435042227603,34.3125,0.3621815030353537,0.02109375,0.0222652563341404,1.2009375,1.267635260623738,2.5119317669578782,931,,,0.0001702194949838,Information
773608,14641.0,1063.024237,USA,United States,Oregon,3.634756241,0.0,0.77,0.32,14641.0,,,,,,,,,,,,,,,,,,,,,,,,,32.189720013706214,72.69512481999999,0.0,,4.812,0.453,4.812,0.453,0.0,0.0,0.0,0.0,0.04812,0.453,0.0,0.0,0.0,0.0,0.50112,10.96875,1.0318438303337507,83.671875,7.871116398058739,0.16453125,1.5477657455006262,2.928515625,27.548907393205585,32.189720013706214,75,,,0.5653634540231183,Advisory
773837,14664.0,10002.755,USA,United States,Utah,0.796160086,0.0,0.77,0.32,14664.0,14664.0,0.0,6.0,-9999.0,-9999.0,-9999.0,0.0,5.0,-999.9,-999.9,-999.9,-5989.4,0.0,0.0,0.0,0.0,0.0,0.0,0.0,0.0,0.0,0.0,0.0,-5989.4,1.4257411315510131,15.92320172,0.0,,,,,,,,,,,,,,,,,0.28125,0.0028117253710099,20.25,0.2024442267127138,0.00421875,0.0042175880565148,0.70875,0.7085547934944983,1.4257411315510131,59618,,,2.2806434447533336e-05,Information
774200,14693.0,11119.75327,USA,United States,California,1.197117124,0.007332306,0.77,0.32,14693.0,14693.0,0.0,1.0,-9999.0,-9999.0,-9999.0,0.0,10.0,-999.9,-999.9,-999.9,-5979.4,0.0,0.0,0.0,0.0,0.0,0.0,0.0,0.0,0.0,0.0,0.0,-5979.4,2.8818917874372145,23.94234248,0.14664612,,,,,,,,,,,,,,,,,9.28125,0.0834663303715071,39.375,0.3540995833942725,0.13921875,0.1251994955572606,1.378125,1.2393485418799537,2.8818917874372145,218633,,,0.0005319781466534,Information
774410,14697.0,104.0804181,USA,United States,California,1.098973264,0.0,0.77,0.32,14697.0,,,,,,,,,,,,,,,,,,,,,,,,,51.31625,21.97946528,0.0,,2.25,2.162,2.25,2.162,0.5,0.48,0.438,0.42,0.0225,2.162,0.0075,0.72,0.01095,1.05,3.97295,19.828125,19.05077377397402,29.109375,27.96815724264271,0.297421875,15.0,1.018828125,35.0,51.31625,67965,,,0.3376210050901377,Advisory
774423,14700.0,7603.014811,USA,United States,California,1.510689766,0.0,0.77,0.32,14700.0,14700.0,0.0,1.0,-9999.0,-9999.0,-9999.0,0.0,10.0,-999.9,-999.9,-999.9,-5979.4,0.0,0.0,0.0,0.0,0.0,0.0,0.0,0.0,0.0,0.0,0.0,-5979.4,15.836431245178948,30.213795320000003,0.0,,,,,,,,,,,,,,,,,71.4375,0.9395943816922092,164.8125,2.167725620754467,1.0715625,1.409391572538314,5.7684375,7.587039672640634,15.836431245178948,883835,,,0.0690208287688126,Information
774430,14707.0,3846.97071,USA,United States,California,2.397414487,0.0,0.77,0.32,14707.0,,,,,,,,,,,,,,,,,,,,,,,,,28.10775133706129,47.94828973999999,0.0,,4.188,0.109,4.188,0.109,0.188,0.005,0.375,0.01,0.04188,0.109,0.00282,0.0075,0.009375,0.025,0.195575,88.453125,2.2992929154982087,185.203125,4.814258775375422,1.326796875,3.4489393732473133,6.482109375,16.84990571381398,28.10775133706129,709294,,,0.268883816139978,Information
774450,14709.0,4510.893615,USA,United States,California,1.747984738,0.0,0.77,0.32,14709.0,14709.0,0.0,5.0,-9999.0,-9999.0,-9999.0,0.0,6.0,-999.9,-999.9,-999.9,-5987.4,0.0,0.0,0.0,0.0,0.0,0.0,0.0,0.0,0.0,0.0,0.0,-5987.4,27.8230368949992,34.95969476,0.0,,5.375,0.119,5.375,0.119,0.625,0.014,0.375,0.008,0.05375,0.119,0.009375,0.021,0.009375,0.02,0.2324999999999999,115.59375,2.5625465789674573,197.578125,4.380021829013719,1.73390625,3.843819868451186,6.915234375,15.330076401548016,27.8230368949992,382659,,,0.1979009142553174,Information
774460,14710.0,16212.03787,USA,United States,California,2.898716322,0.0,0.77,0.32,14710.0,,,,,,,,,,,,,,,,,,,,,,,,,51.85766011420267,57.97432644,0.0,,22.688,0.14,22.188,0.137,2.375,0.015,3.938,0.024,0.22188,0.137,0.035625,0.0225,0.09845,0.06,0.575455,429.046875,2.646470964505101,732.515625,4.518343904984291,6.435703125,3.969706446757652,25.638046875,15.814203667445016,51.85766011420267,340781,,,0.5832527768361908,Advisory
774470,14711.0,124.83169,USA,United States,California,3.669383688,0.0,0.77,0.32,14711.0,14711.0,0.0,5.0,-9999.0,-9999.0,-9999.0,0.0,6.0,-999.9,-999.9,-999.9,-5987.4,0.0,0.0,0.0,0.0,0.0,0.0,0.0,0.0,0.0,0.0,0.0,-5987.4,51.32046875,73.38767376,0.0,3.0,,,,,,,,,,,,,,,,23.0625,18.474876046665344,27.84375,22.30503327585206,0.3459375,15.0,0.97453125,35.0,51.32046875,689,6.0,0.8708272859216255,0.7443179616889524,Watch
774480,14712.0,3960.221041,USA,United States,California,0.750723019,0.0,0.77,0.32,14712.0,,,,,,,,,,,,,,,,,,,,,,,,,92.83578125,15.01446038,0.0,3.0,2.0,0.051,2.0,0.051,0.062,0.002,0.312,0.008,0.02,0.051,0.0009299999999999,0.003,0.0078,0.02,0.10273,742.921875,18.759606277429093,905.484375,22.864490785607785,11.143828125,15.0,31.691953125,35.0,92.83578125,35788,1712.0,4.783726388733654,0.535201155074757,Warning
774491,14713.0,2795.995218,USA,United States,California,1.358150158,0.0,0.77,0.32,14713.0,,,,,,,,,,,,,,,,,,,,,,,,,80.032578125,27.16300316,0.0,3.0,13.25,0.474,13.25,0.474,0.438,0.016,1.938,0.069,0.1325,0.474,0.00657,0.024,0.04845,0.1725,0.85802,513.140625,18.35270037866922,638.15625,22.82393924867112,7.697109375,15.0,22.33546875,35.0,80.032578125,72442,1235.0,1.704812125562519,0.53752873161795,Warning
774495,14717.0,4427.228404,USA,United States,California,1.423445086,0.0,0.77,0.32,14717.0,,,,,,,,,,,,,,,,,,,,,,,,,11.813985343028596,28.46890172,0.0,,9.812,0.222,9.688,0.219,0.438,0.01,0.125,0.003,0.09688,0.219,0.00657,0.015,0.003125,0.0075,0.348075,32.34375,0.7305642955378497,89.71875,2.026521828491948,0.48515625,1.0958464433067747,3.14015625,7.092826399721819,11.813985343028596,168932,,,0.0358633993398866,Information
774496,14718.0,1755.932347,USA,United States,California,0.097194611,0.0,0.77,0.32,14718.0,,,,,,,,,,,,,,,,,,,,,,,,,7.706026852852533,1.94389222,0.0,,3.0,0.171,2.875,0.164,0.188,0.011,0.188,0.011,0.02875,0.164,0.00282,0.0165,0.0046999999999999,0.0274999999999999,0.24427,10.125,0.5766167482044989,28.546875,1.6257388872987957,0.151875,0.8649251223067485,0.999140625,5.6900861055457845,7.706026852852533,1365,,,0.0054868199444505,Information
774497,14719.0,3848.021877,USA,United States,California,1.22046816,0.0,0.77,0.32,14719.0,,,,,,,,,,,,,,,,,,,,,,,,,11.950902242016166,24.4093632,0.0,,33.188,0.862,20.688,0.538,0.75,0.019,0.25,0.006,0.2068799999999999,0.538,0.01125,0.0284999999999999,0.00625,0.015,0.8058799999999999,25.171875,0.6541510367122141,84.09375,2.185376089127956,0.377578125,0.9812265550683212,2.94328125,7.648816311947845,11.950902242016166,5280,,,0.0325532858563524,Information
774498,14720.0,1863.489157,USA,United States,California,2.787525314,0.0,0.77,0.32,14720.0,,,,,,,,,,,,,,,,,,,,,,,,,10.613280964197584,55.75050628,0.0,,29.0,1.556,26.938,1.446,0.188,0.01,0.0,0.0,0.26938,1.446,0.00282,0.015,0.0,0.0,1.7332,14.34375,0.7697254340768905,41.484375,2.2261666965949285,0.21515625,1.1545881511153355,1.451953125,7.79158343808225,10.613280964197584,825,,,0.0766836720596974,Information
774499,14721.0,10455.86175,USA,United States,California,0.759332431,0.0,0.77,0.32,14721.0,,,,,,,,,,,,,,,,,,,,,,,,,19.17303864486172,15.18664862,0.0,,44.875,0.429,33.062,0.316,0.188,0.002,0.438,0.004,0.3306199999999999,0.316,0.00282,0.003,0.01095,0.01,0.67339,62.71875,0.5998429542414015,253.125,2.4208908467141765,0.94078125,0.8997644313621023,8.859375,8.473117963499618,19.17303864486172,12190,,,0.0685142831264176,Information
774500,14722.0,13984.82524,USA,United States,California,2.523682706,1.301766143,0.77,0.32,14722.0,,,,,,,,,,,,,,,,,,,,,,,,,41.317823947079816,50.473654120000006,26.03532286,,19.125,0.137,13.312,0.095,2.5,0.018,1.375,0.01,0.13312,0.095,0.0375,0.0269999999999999,0.034375,0.025,0.351995,275.203125,1.967869603073881,570.375,4.07852790499114,4.128046875,2.9518044046108214,19.963125,14.27484766746899,41.317823947079816,1254528,,,0.4281010633769589,Advisory
774700,14724.0,3019.366033,USA,United States,California,3.161291369,2.366153717,0.77,0.32,14724.0,,,,,,,,,,,,,,,,,,,,,,,,,9.714022818128704,63.225827380000005,47.32307434,,4.0,0.132,4.0,0.132,0.125,0.004,0.0,0.0,0.04,0.132,0.001875,0.006,0.0,0.0,0.179875,23.203125,0.7684767181593236,54.421875,1.802427211682777,0.348046875,1.1527150772389854,1.904765625,6.30849524088972,9.714022818128704,94140,,,0.0915574486460532,Information
774800,14725.0,9522.975085,USA,United States,California,2.252757755,0.0,0.77,0.32,14725.0,,,,,,,,,,,,,,,,,,,,,,,,,22.952541792698742,45.05515510000001,0.0,,135.75,1.425,119.875,1.259,5.688,0.06,8.812,0.093,1.19875,1.259,0.08532,0.09,0.2202999999999999,0.2324999999999999,3.0858699999999994,101.953125,1.0706016143731196,276.1875,2.9002228560397336,1.529296875,1.6059024215596795,9.6665625,10.150779996139068,22.952541792698742,11464,,,0.191358472021498,Information
774801,14726.0,1185.836717,USA,United States,California,2.90796999,0.0,0.77,0.32,14726.0,14726.0,0.0,1.0,-9999.0,-9999.0,-9999.0,0.0,10.0,-999.9,-999.9,-999.9,-5979.4,0.0,0.0,0.0,0.0,0.0,0.0,0.0,0.0,0.0,0.0,0.0,-5979.4,0.4112139237952456,58.1593998,0.0,,,,,,,,,,,,,,,,,0.28125,0.0237174305674352,1.125,0.0948697222697408,0.00421875,0.0355761458511528,0.039375,0.3320440279440928,0.4112139237952456,700,,,1.8956329881853824e-06,Information
774802,14727.0,7672.990184,USA,United States,California,1.660402643,0.0,0.77,0.32,14727.0,,,,,,,,,,,,,,,,,,,,,,,,,9.482106586461107,33.20805286,0.0,,14.5,0.189,14.375,0.187,5.562,0.072,4.125,0.054,0.14375,0.187,0.08343,0.1079999999999999,0.103125,0.135,0.760305,37.546875,0.4893382384150695,101.53125,1.3232292439538584,0.563203125,0.7340073576226043,3.55359375,4.631302353838505,9.482106586461107,11546,,,0.0254586553219651,Information
774803,14728.0,4987.968282,USA,United States,California,2.856321182,0.0,0.77,0.32,14728.0,14728.0,0.0,1.0,-9999.0,-9999.0,-9999.0,0.0,10.0,-999.9,-999.9,-999.9,-5979.4,0.0,0.0,0.0,0.0,0.0,0.0,0.0,0.0,0.0,0.0,0.0,-5979.4,0.1035255870789938,57.12642364,0.0,,,,,,,,,,,,,,,,,0.0,0.0,0.984375,0.0197349891654268,0.0,0.0,0.034453125,0.0690724620789938,0.1035255870789938,1467,,,8.393378257921932e-10,Information
774806,14731.0,2042.634219,USA,United States,California,0.065397842,0.0,0.77,0.32,14731.0,,,,,,,,,,,,,,,,,,,,,,,,,4.642815811234575,1.30795684,0.0,,6.188,0.303,5.812,0.285,0.188,0.009,0.062,0.003,0.05812,0.285,0.00282,0.0134999999999999,0.00155,0.0075,0.36849,5.90625,0.2891486858425931,19.96875,0.9775979378487674,0.08859375,0.4337230287638897,0.69890625,3.421592782470686,4.642815811234575,18909,,,0.0011190030297261,Information
774807,14732.0,4716.314946,USA,United States,Oregon,2.917683402,0.0,0.77,0.32,14732.0,14732.0,0.0,1.0,-9999.0,-9999.0,-9999.0,0.0,10.0,-999.9,-999.9,-999.9,-5979.4,0.0,0.0,0.0,0.0,0.0,0.0,0.0,0.0,0.0,0.0,0.0,-5979.4,31.24199827345657,58.35366804,0.0,,33.812,0.717,28.125,0.596,11.562,0.245,10.125,0.215,0.28125,0.596,0.17343,0.3675,0.253125,0.5375,2.208805,116.578125,2.4718053467268954,236.109375,5.006225786676064,1.748671875,3.707708020090343,8.263828125,17.521790253366227,31.24199827345657,50116,,,0.3868838874299073,Advisory
774808,14733.0,3631.649266,USA,United States,Oregon,2.256156982,0.0,0.77,0.32,14733.0,,,,,,,,,,,,,,,,,,,,,,,,,9.633185175295026,45.12313964,0.0,,102.438,2.821,87.25,2.402,8.438,0.232,0.0,0.0,0.8725,2.402,0.12657,0.348,0.0,0.0,3.74907,8.015625,0.2207158349270227,69.890625,1.9244871922584263,0.120234375,0.331073752390534,2.446171875,6.735705172904492,9.633185175295026,588,,,0.0409402347604709,Information
774809,14734.0,4165.794656,USA,United States,Oregon,1.003159168,0.0,0.77,0.32,14734.0,,,,,,,,,,,,,,,,,,,,,,,,,5.076046800210427,20.06318336,0.0,,28.75,0.69,27.812,0.668,2.438,0.059,0.0,0.0,0.27812,0.668,0.03657,0.0885,0.0,0.0,1.07119,5.34375,0.1282768461215225,40.359375,0.9688277588651836,0.08015625,0.1924152691822837,1.412578125,3.3908971560281427,5.076046800210427,877,,,0.0029193610984058,Information
774900,14735.0,2153.447373,USA,United States,California,3.333367204,0.630099113,0.77,0.32,14735.0,,,,,,,,,,,,,,,,,,,,,,,,,5.984103596505015,66.66734407999999,12.60198226,,3.188,0.148,3.188,0.148,0.25,0.012,0.062,0.003,0.03188,0.148,0.00375,0.018,0.00155,0.0075,0.2106799999999999,8.015625,0.3722229343511749,26.859375,1.247273341422358,0.120234375,0.5583344015267623,0.940078125,4.365456694978253,5.984103596505015,27480,,,0.0429502237962192,Information
781001,14736.0,1659.848521,USA,United States,Oregon,0.54681186,0.0,0.77,0.32,14736.0,,,,,,,,,,,,,,,,,,,,,,,,,3.699464038266647,10.9362372,0.0,,1.062,0.064,1.062,0.064,0.5,0.03,0.0,0.0,0.01062,0.064,0.0075,0.045,0.0,0.0,0.12712,3.9375,0.2372204421133941,13.359375,0.8048550714561586,0.0590625,0.3558306631700911,0.467578125,2.8169927500965555,3.699464038266647,16508,,,0.0007334213259824,Information
781002,14737.0,13371.26677,USA,United States,Oregon,1.14369476,0.0,0.77,0.32,14737.0,14737.0,0.0,12.0,-9999.0,-9999.0,-9999.0,0.0,1.0,-999.9,-999.9,-999.9,-5997.4,0.0,0.0,0.0,0.0,0.0,0.0,0.0,0.0,0.0,0.0,0.0,-5997.4,2.6336885153855603,22.8738952,0.0,,,,,,,,,,,,,,,,,12.515625,0.0936008922018804,37.6875,0.2818543720236399,0.187734375,0.1404013383028206,1.3190625,0.9864903020827396,2.6336885153855603,294880,,,0.0003663300397349,Information
781003,14738.0,1238.885721,USA,United States,Oregon,2.109652704,0.0,0.77,0.32,14738.0,,,,,,,,,,,,,,,,,,,,,,,,,17.234944625130538,42.19305408,0.0,,5.188,0.419,4.562,0.368,0.25,0.02,0.125,0.01,0.04562,0.368,0.00375,0.03,0.003125,0.025,0.4754949999999999,22.640625,1.8274990680207368,44.578125,3.5982435065998373,0.339609375,2.741248602031106,1.560234375,12.593852273099431,17.234944625130538,6787,,,0.1131068425777522,Information
781004,14739.0,2706.199983,USA,United States,Oregon,1.396450409,0.0,0.77,0.32,14739.0,,,,,,,,,,,,,,,,,,,,,,,,,1.3766527104631157,27.92900818,0.0,,2.938,0.109,2.875,0.106,0.0,0.0,0.0,0.0,0.02875,0.106,0.0,0.0,0.0,0.0,0.13475,2.8125,0.1039280177902269,7.171875,0.2650164453650787,0.0421875,0.1558920266853403,0.251015625,0.9275575587777752,1.3766527104631157,15617,,,3.77905087447704e-05,Information
781005,14740.0,1928.64944,USA,United States,Oregon,0.99017876,0.047793773,0.77,0.32,14740.0,,,,,,,,,,,,,,,,,,,,,,,,,36.46912789907839,19.8035752,0.95587546,,24.812,1.287,23.188,1.202,1.688,0.087,0.125,0.006,0.2318799999999999,1.202,0.02532,0.1305,0.003125,0.015,1.6078249999999998,87.609375,4.542524585589276,130.921875,6.788267077341279,1.314140625,6.8137868783839135,4.582265625,23.75893477069448,36.46912789907839,42996,,,0.215344596652348,Advisory
781006,14741.0,12110.03779,USA,United States,Oregon,2.220732444,0.0,0.77,0.32,14741.0,,,,,,,,,,,,,,,,,,,,,,,,,3.350557177968346,44.41464888,0.0,,27.562,0.228,24.125,0.199,1.062,0.009,0.0,0.0,0.24125,0.199,0.01593,0.0134999999999999,0.0,0.0,0.46968,18.0,0.1486370258850178,44.71875,0.3692701111830913,0.27,0.2229555388275266,1.56515625,1.2924453891408194,3.350557177968346,103608,,,0.0024863801161283,Information
781007,14742.0,8599.9123,USA,United States,Oregon,1.344122819,2.301904734,0.77,0.32,14742.0,,,,,,,,,,,,,,,,,,,,,,,,,12.533778746964078,26.88245638,46.03809468,,34.125,0.397,32.062,0.373,3.25,0.038,0.062,0.001,0.3206199999999999,0.373,0.04875,0.0569999999999999,0.00155,0.0025,0.8034199999999999,96.609375,1.1233762813429558,124.171875,1.443873735699898,1.449140625,1.6850644220144335,4.346015625,5.053558074949644,12.533778746964078,78981,,,0.0721655086004591,Information
781009,14744.0,1293.216393,USA,United States,Oregon,2.203055874,4.000434999,0.77,0.32,14744.0,,,,,,,,,,,,,,,,,,,,,,,,,22.350146393691773,44.06111748,80.00869998,,10.062,0.778,8.75,0.677,0.062,0.005,0.0,0.0,0.0875,0.677,0.0009299999999999,0.0075,0.0,0.0,0.77293,51.1875,3.958154278738355,51.1875,3.958154278738355,0.7678125,5.937231418107532,1.7915625,13.853539975584242,22.350146393691773,35513,,,0.5444042176559697,Advisory
782100,14745.0,12264.40343,USA,United States,Washington,1.378593113,1.652258298,0.77,0.32,14745.0,14745.0,0.0,1.0,-9999.0,-9999.0,-9999.0,0.0,10.0,-999.9,-999.9,-999.9,-5979.4,0.0,0.0,0.0,0.0,0.0,0.0,0.0,0.0,0.0,0.0,0.0,-5979.4,5.620123512461495,27.57186226,33.04516596,,9.938,0.081,9.25,0.075,0.188,0.002,0.0,0.0,0.0925,0.075,0.00282,0.003,0.0,0.0,0.1733199999999999,61.03125,0.4976291781323138,62.296875,0.507948677218007,0.91546875,0.7464437671984707,2.180390625,1.7778203702630244,5.620123512461495,480538,,,0.0066122691366662,Information
782200,14746.0,29013.99039,USA,United States,Oregon,1.15362293,0.0,0.77,0.32,14746.0,14746.0,0.0,13.0,-9999.0,-9999.0,-9999.0,0.0,1.0,-999.9,-999.9,-999.9,-5997.4,0.0,0.0,0.0,0.0,0.0,0.0,0.0,0.0,0.0,0.0,0.0,-5997.4,7.012513794526016,23.0724586,0.0,,43.312,0.149,37.938,0.131,0.688,0.002,0.0,0.0,0.37938,0.131,0.01032,0.003,0.0,0.0,0.5237,35.296875,0.1216546725228609,133.875,0.4614153316404926,0.529453125,0.1824820087842913,4.685625,1.614953660741724,7.012513794526016,2620363,,,0.0083063820920097,Information
782300,14747.0,11320.42821,USA,United States,Washington,0.884355339,0.0,0.77,0.32,14747.0,14747.0,0.0,1.0,-9999.0,-9999.0,-9999.0,0.0,10.0,-999.9,-999.9,-999.9,-5979.4,0.0,0.0,0.0,0.0,0.0,0.0,0.0,0.0,0.0,0.0,0.0,-5979.4,10.824310491331437,17.68710678,0.0,,14.312,0.126,11.188,0.099,0.0,0.0,0.0,0.0,0.11188,0.099,0.0,0.0,0.0,0.0,0.21088,100.96875,0.8919163494680625,120.9375,1.0683120620369553,1.51453125,1.3378745242020935,4.2328125,3.7390922171293433,10.824310491331437,615279,,,0.0212427371807721,Information
782400,14748.0,27790.50098,USA,United States,Oregon,1.472010613,0.0,0.77,0.32,14748.0,14748.0,0.0,11.0,-9999.0,-9999.0,-9999.0,0.0,1.0,-999.9,-999.9,-999.9,-5988.4,0.0,0.0,0.0,0.0,0.0,0.0,0.0,0.0,0.0,0.0,0.0,-5988.4,7.619432745940557,29.44021226,0.0,,396.375,1.426,359.688,1.294,11.0,0.04,1.375,0.005,3.59688,1.294,0.165,0.06,0.034375,0.0125,5.162755,22.78125,0.0819749525893763,150.328125,0.5409334834447119,0.34171875,0.1229624288840644,5.261484375,1.893267192056492,7.619432745940557,244023,,,0.0130151816683212,Information
782501,14749.0,432.0628148,USA,United States,Oregon,1.276795303,0.0,0.77,0.32,14749.0,,,,,,,,,,,,,,,,,,,,,,,,,18.504712435605647,25.53590606,0.0,,0.75,0.174,0.75,0.174,0.0,0.0,0.0,0.0,0.0075,0.174,0.0,0.0,0.0,0.0,0.1815,4.5,1.0415152255768456,19.96875,4.621723813497252,0.0675,1.5622728383652684,0.69890625,16.17603334724038,18.504712435605647,764,,,0.0819170536283515,Information
782502,14750.0,20567.33033,USA,United States,Oregon,2.014953843,0.0,0.77,0.32,14750.0,14750.0,0.0,15.0,-9999.0,-9999.0,-9999.0,0.0,1.0,-999.9,-999.9,-999.9,-5997.4,0.0,0.0,0.0,0.0,0.0,0.0,0.0,0.0,0.0,0.0,0.0,-5997.4,0.3469366737994924,40.29907686,0.0,,,,,,,,,,,,,,,,,1.125,0.0054698397011803,6.1875,0.030084118356492,0.016875,0.0082047595517704,0.2165625,0.105294414247722,0.3469366737994924,7024,,,1.316669659309789e-07,Information
782503,14751.0,1606.792563,USA,United States,Washington,0.014688017,0.0,0.77,0.32,14751.0,,,,,,,,,,,,,,,,,,,,,,,,,9.817859292350851,0.29376034,0.0,,1.5,0.093,1.5,0.093,0.25,0.016,0.25,0.016,0.015,0.093,0.00375,0.024,0.00625,0.04,0.182,8.578125,0.5338663618296969,35.15625,2.1879768927446595,0.128671875,0.8007995427445453,1.23046875,7.657919124606308,9.817859292350851,1344,,,0.0102239769794579,Information
782505,14753.0,3880.076081,USA,United States,Washington,0.03310992,0.0,0.77,0.32,14753.0,,,,,,,,,,,,,,,,,,,,,,,,,7.477889687457978,0.6621984000000001,0.0,,5.312,0.137,5.312,0.137,0.062,0.002,0.062,0.002,0.05312,0.137,0.0009299999999999,0.003,0.00155,0.005,0.2006,29.109375,0.7502269128347134,47.25,1.2177596266302595,0.436640625,1.1253403692520705,1.65375,4.262158693205908,7.477889687457978,9458,,,0.0048467458044846,Information
782507,14755.0,623.4341082,USA,United States,Oregon,0.226281629,0.0,0.77,0.32,14755.0,,,,,,,,,,,,,,,,,,,,,,,,,9.453310278394628,4.52563258,0.0,,2.438,0.391,2.438,0.391,0.062,0.01,0.062,0.01,0.02438,0.391,0.0009299999999999,0.015,0.00155,0.025,0.45786,10.40625,1.669182013564518,11.390625,1.8270776094422427,0.15609375,2.503773020346777,0.398671875,6.394771633047849,9.453310278394628,5893,,,0.0103752699020846,Information
782509,14757.0,489.6944048,USA,United States,Washington,0.285403226,0.0,0.77,0.32,14757.0,,,,,,,,,,,,,,,,,,,,,,,,,7.078937728373904,5.708064520000001,0.0,,1.375,0.281,1.375,0.281,0.0,0.0,0.0,0.0,0.01375,0.281,0.0,0.0,0.0,0.0,0.29475,4.640625,0.9476573458993144,7.453125,1.521995131292838,0.069609375,1.4214860188489715,0.260859375,5.3269829595249325,7.078937728373904,29854,,,0.0048089572143497,Information
782611,14758.0,2430.681806,USA,United States,Washington,1.16085589,0.0,0.77,0.32,14758.0,,,,,,,,,,,,,,,,,,,,,,,,,3.545490239888222,23.2171178,0.0,,7.25,0.298,6.875,0.283,0.062,0.003,0.0,0.0,0.06875,0.283,0.0009299999999999,0.0045,0.0,0.0,0.35718,11.109375,0.4570476880348267,15.046875,0.6190392736674235,0.166640625,0.6855715320522401,0.526640625,2.166637457835982,3.545490239888222,177468,,,0.0010514359294888,Information
782612,14759.0,15966.11539,USA,United States,Washington,1.547171054,0.0,0.77,0.32,14759.0,14759.0,0.0,1.0,-9999.0,-9999.0,-9999.0,0.0,10.0,-999.9,-999.9,-999.9,-5979.4,0.0,0.0,0.0,0.0,0.0,0.0,0.0,0.0,0.0,0.0,0.0,-5979.4,3.403088047714112,30.94342108,0.0,,27.625,0.173,23.875,0.15,0.062,0.0,0.062,0.0,0.23875,0.15,0.0009299999999999,0.0,0.00155,0.0,0.3912299999999999,34.171875,0.214027483598474,45.140625,0.2827276635189719,0.512578125,0.321041225397711,1.579921875,0.9895468223164016,3.403088047714112,380472,,,0.0013051942699814,Information
782613,14760.0,2946.016785,USA,United States,Washington,1.905529974,0.0,0.77,0.32,14760.0,14760.0,0.0,1.0,-9999.0,-9999.0,-9999.0,0.0,10.0,-999.9,-999.9,-999.9,-5979.4,0.0,0.0,0.0,0.0,0.0,0.0,0.0,0.0,0.0,0.0,0.0,-5979.4,10.57028173303202,38.11059948,0.0,,40.5,1.375,39.438,1.339,0.062,0.002,0.062,0.002,0.39438,1.339,0.0009299999999999,0.003,0.00155,0.005,1.7438599999999995,36.0,1.2219889644292292,53.296875,1.809116474682336,0.54,1.832983446643844,1.865390625,6.331907661388175,10.57028173303202,54450,,,0.0385887927112265,Information
782614,14761.0,11973.15993,USA,United States,Washington,0.981906978,0.0,0.77,0.32,14761.0,14761.0,0.0,11.0,-9999.0,-9999.0,-9999.0,0.0,1.0,-999.9,-999.9,-999.9,-5997.4,0.0,0.0,0.0,0.0,0.0,0.0,0.0,0.0,0.0,0.0,0.0,-5997.4,12.0650154882439,19.63813956,0.0,,88.375,0.738,78.062,0.652,0.062,0.001,0.25,0.002,0.78062,0.652,0.0009299999999999,0.0015,0.00625,0.005,1.4463,126.5625,1.0570517784854567,133.59375,1.1157768772902044,1.8984375,1.585577667728185,4.67578125,3.9052190705157153,12.0650154882439,99073,,,0.0289648382141886,Information
782615,14762.0,4272.119705,USA,United States,Washington,0.676266354,0.0,0.77,0.32,14762.0,14762.0,0.0,1.0,-9999.0,-9999.0,-9999.0,0.0,10.0,-999.9,-999.9,-999.9,-5979.4,0.0,0.0,0.0,0.0,0.0,0.0,0.0,0.0,0.0,0.0,0.0,-5979.4,9.313668968416156,13.52532708,0.0,,22.375,0.524,19.688,0.461,5.812,0.136,1.188,0.028,0.19688,0.461,0.08718,0.204,0.0296999999999999,0.07,1.04876,37.546875,0.8788816230477244,63.5625,1.4878445453841629,0.563203125,1.3183224345715867,2.2246875,5.20745590884457,9.313668968416156,69946,,,0.012927976937451,Information
782616,14763.0,3481.238133,USA,United States,Washington,2.136264997,0.0,0.77,0.32,14763.0,,,,,,,,,,,,,,,,,,,,,,,,,2.093895134292884,42.72529994,0.0,,5.438,0.156,5.25,0.151,0.0,0.0,0.0,0.0,0.0525,0.151,0.0,0.0,0.0,0.0,0.2035,9.140625,0.2625682200365082,11.53125,0.3312399083537489,0.137109375,0.3938523300547623,0.40359375,1.1593396792381212,2.093895134292884,23815,,,0.0004684285701955,Information
782617,14764.0,4467.932181,USA,United States,Washington,0.6776614,0.0,0.77,0.32,14764.0,14764.0,0.0,1.0,-9999.0,-9999.0,-9999.0,0.0,10.0,-999.9,-999.9,-999.9,-5979.4,0.0,0.0,0.0,0.0,0.0,0.0,0.0,0.0,0.0,0.0,0.0,-5979.4,15.26393251971368,13.553228,0.0,,26.875,0.602,26.188,0.586,0.5,0.011,0.5,0.011,0.26188,0.586,0.0075,0.0165,0.0125,0.0274999999999999,0.9118799999999998,71.4375,1.59889400955088,104.0625,2.3290975729678176,1.0715625,2.39834101432632,3.6421875,8.151841505387361,15.26393251971368,13603,,,0.0414558321123113,Information
782619,14766.0,362.1514864,USA,United States,Washington,2.197337117,0.0,0.77,0.32,14766.0,,,,,,,,,,,,,,,,,,,,,,,,,8.872189193194409,43.94674234,0.0,,0.875,0.242,0.875,0.242,0.0,0.0,0.0,0.0,0.00875,0.242,0.0,0.0,0.0,0.0,0.25075,5.90625,1.630878298703697,6.328125,1.747369605753961,0.08859375,2.446317448055545,0.221484375,6.115793620138863,8.872189193194409,3723,,,0.0326367234261699,Information
782630,14768.0,7406.515121,USA,United States,Washington,1.234652319,0.0,0.77,0.32,14768.0,14768.0,0.0,3.0,-9999.0,-9999.0,-9999.0,0.0,8.0,-999.9,-999.9,-999.9,-5983.4,0.0,0.0,0.0,0.0,0.0,0.0,0.0,0.0,0.0,0.0,0.0,-5983.4,10.268374667233116,24.69304638,0.0,,24.562,0.332,22.75,0.307,2.875,0.039,0.125,0.002,0.2275,0.307,0.043125,0.0584999999999999,0.003125,0.005,0.64425,65.53125,0.8847784542744229,96.75,1.306282353091852,0.98296875,1.3271676814116344,3.38625,4.571988235821482,10.268374667233116,14384,,,0.0231579084464433,Information
782640,14769.0,17392.34639,USA,United States,Idaho,0.333115256,0.0,0.77,0.32,14769.0,14769.0,0.0,15.0,-9999.0,-9999.0,-9999.0,0.0,1.0,-999.9,-999.9,-999.9,-5997.4,0.0,0.0,0.0,0.0,0.0,0.0,0.0,0.0,0.0,0.0,0.0,-5997.4,3.471691638890239,6.662305120000001,0.0,,20.812,0.12,20.812,0.12,0.0,0.0,0.0,0.0,0.20812,0.12,0.0,0.0,0.0,0.0,0.3281199999999999,41.625,0.2393294099594964,45.140625,0.2595430425574269,0.624375,0.3589941149392446,1.579921875,0.908400648950994,3.471691638890239,683721,,,0.0004981277243703,Information
782650,14770.0,18271.89973,USA,United States,Washington,2.13654154,0.0,0.77,0.32,14770.0,14770.0,0.0,14.0,-9999.0,-9999.0,-9999.0,0.0,1.0,-999.9,-999.9,-999.9,-5997.4,0.0,0.0,0.0,0.0,0.0,0.0,0.0,0.0,0.0,0.0,0.0,-5997.4,5.3243646751753335,42.7308308,0.0,,33.875,0.185,30.875,0.169,0.438,0.002,0.125,0.001,0.30875,0.169,0.00657,0.003,0.003125,0.0025,0.492945,52.875,0.2893787772235085,75.65625,0.4140579312400202,0.793125,0.4340681658352627,2.64796875,1.4492027593400707,5.3243646751753335,32737,,,0.0087633316897649,Information
782661,14771.0,4301.71197,USA,United States,Washington,1.143121871,0.0,0.77,0.32,14771.0,14771.0,0.0,14.0,5.0,-9999.0,-9999.0,0.0,1.0,0.5,-999.9,-999.9,-3996.6,0.0,0.0,0.0,0.0,0.0,0.0,0.0,0.0,0.0,0.0,0.0,-3996.6,1.9519366323357616,22.86243742,0.0,,17.25,0.401,4.938,0.115,0.0,0.0,0.0,0.0,0.04938,0.115,0.0,0.0,0.0,0.0,0.16438,3.375,0.0784571357510378,15.328125,0.35632615820263,0.050625,0.1176857036265567,0.536484375,1.247141553709205,1.9519366323357616,11903,,,0.0001181036874792,Information
782663,14773.0,8809.003049,USA,United States,Montana,1.803189973,0.0,0.77,0.32,14773.0,14773.0,0.0,13.0,5.0,-9999.0,-9999.0,0.0,1.0,0.5,-999.9,-999.9,-3996.6,0.0,0.0,0.0,0.0,0.0,0.0,0.0,0.0,0.0,0.0,0.0,-3996.6,4.864257604588646,36.06379946,0.0,,12.938,0.147,12.75,0.145,1.438,0.016,0.0,0.0,0.1275,0.145,0.02157,0.024,0.0,0.0,0.3180699999999999,33.75,0.3831307562353548,50.625,0.5746961343530324,0.50625,0.5746961343530322,1.771875,2.0114364702356133,4.864257604588646,32047,,,0.0049979425920743,Information
782664,14774.0,23447.88096,USA,United States,Montana,1.756141108,0.0,0.77,0.32,14774.0,14774.0,0.0,12.0,3.0,-9999.0,-9999.0,0.0,1.0,0.3,-999.9,-999.9,-3996.8,0.0,0.0,0.0,0.0,0.0,0.0,0.0,0.0,0.0,0.0,0.0,-3996.8,6.136306172621017,35.12282216,0.0,,,,,,,,,,,,,,,,,19.6875,0.0839628111039367,114.46875,0.4881837731328892,0.2953125,0.125944216655905,4.00640625,1.7086432059651122,6.136306172621017,118369,,,0.0091800937494702,Information
782665,14775.0,4745.570119,USA,United States,Montana,2.625926581,0.0,0.77,0.32,14775.0,14775.0,0.0,15.0,3.0,-9999.0,-9999.0,0.0,1.0,0.3,-999.9,-999.9,-3997.0,0.0,0.0,0.0,0.0,0.0,0.0,0.0,0.0,0.0,0.0,0.0,-3997.0,0.1289014270323387,52.51853162,0.0,,,,,,,,,,,,,,,,,0.140625,0.0029632898994013,1.125,0.0237063191952105,0.002109375,0.0044449348491019,0.039375,0.0829721171832367,0.1289014270323387,12483,,,1.7204647905045255e-09,Information
782667,14777.0,379.2867554,USA,United States,Montana,2.565771715,0.0,0.77,0.32,14777.0,14777.0,0.0,14.0,-9999.0,-9999.0,-9999.0,0.0,1.0,-999.9,-999.9,-999.9,-5997.4,0.0,0.0,0.0,0.0,0.0,0.0,0.0,0.0,0.0,0.0,0.0,-5997.4,-5997.4,51.3154343,0.0,,,,,,,,,,,,,,,,,,,,,,,,,,53426,,,,
782685,14785.0,19551.96549,USA,United States,Montana,3.085023498,0.0,0.77,0.32,14785.0,14785.0,0.0,1.0,-9999.0,-9999.0,-9999.0,0.0,10.0,-999.9,-999.9,-999.9,-5985.4,0.0,0.0,0.0,0.0,0.0,0.0,0.0,0.0,0.0,0.0,0.0,-5985.4,5.921607209368246,61.70046996,0.0,,28.125,0.144,25.062,0.128,10.062,0.051,0.75,0.004,0.25062,0.128,0.15093,0.0765,0.01875,0.01,0.6348,47.25,0.241663683541899,91.6875,0.4689426240158278,0.70875,0.3624955253128484,3.2090625,1.6412991840553974,5.921607209368246,36043,,,0.0309626849967378,Information
782701,14799.0,1875.882534,USA,United States,Washington,2.015408992,0.0,0.77,0.32,14799.0,14799.0,0.0,13.0,2.0,-9999.0,-9999.0,0.0,1.0,0.2,-999.9,-999.9,-3997.2,0.0,0.0,0.0,0.0,0.0,0.0,0.0,0.0,0.0,0.0,0.0,-3997.2,5.702193136531788,40.30817984,0.0,,3.25,0.173,3.25,0.173,0.0,0.0,0.0,0.0,0.0325,0.173,0.0,0.0,0.0,0.0,0.2055,13.78125,0.7346542094146998,19.828125,1.057002484974211,0.20671875,1.1019813141220498,0.693984375,3.699508697409738,5.702193136531788,3244,,,0.0094285448695806,Information
782703,14801.0,31.99085672,USA,United States,Washington,3.595891163,0.0,0.77,0.32,14801.0,,,,,,,,,,,,,,,,,,,,,,,,,7.496744570551352,71.91782326,0.0,,0.5,1.563,0.5,1.563,0.0,0.0,0.0,0.0,0.005,1.563,0.0,0.0,0.0,0.0,1.5679999999999998,0.28125,0.8791574494766295,0.5625,1.758314898953259,0.00421875,1.3187361742149444,0.0196875,6.154102146336407,7.496744570551352,0,,,0.0933063400379675,Information
782706,14804.0,24348.32274,USA,United States,Idaho,2.834482126,0.0,0.77,0.32,14804.0,14804.0,0.0,12.0,2.0,2.0,-9999.0,0.0,1.0,0.2,0.2,-999.9,-1997.0,0.0,0.0,0.0,0.0,0.0,0.0,0.0,0.0,0.0,0.0,0.0,-1997.0,1.8975096577753776,56.68964252000001,0.0,,,,,,,,,,,,,,,,,8.296875,0.0340757558115496,34.875,0.143233685445158,0.124453125,0.0511136337173244,1.220625,0.501317899058053,1.8975096577753776,47479,,,0.0008804516485611,Information
782801,14808.0,5992.578788,USA,United States,Idaho,2.730256251,0.0,0.77,0.32,14808.0,14808.0,0.0,8.0,-9999.0,-9999.0,-9999.0,0.0,3.0,-999.9,-999.9,-999.9,-5993.4,0.0,0.0,0.0,0.0,0.0,0.0,0.0,0.0,0.0,0.0,0.0,-5993.4,0.1951509300422718,54.60512502,0.0,,,,,,,,,,,,,,,,,0.28125,0.0046933050016258,1.96875,0.0328531350113809,0.00421875,0.0070399575024387,0.06890625,0.1149859725398331,0.1951509300422718,2035,,,2.527268169109529e-08,Information
782805,14812.0,3444.317665,USA,United States,Idaho,3.152709014,0.0,0.77,0.32,14812.0,14812.0,0.0,1.0,-9999.0,-9999.0,-9999.0,0.0,10.0,-999.9,-999.9,-999.9,-5979.4,0.0,0.0,0.0,0.0,0.0,0.0,0.0,0.0,0.0,0.0,0.0,-5979.4,-5979.4,63.05418028,0.0,,,,,,,,,,,,,,,,,,,,,,,,,,739,,,,
782910,14818.0,27511.08173,USA,United States,Idaho,2.449666259,0.0,0.77,0.32,14818.0,14818.0,0.0,1.0,-9999.0,-9999.0,-9999.0,0.0,10.0,-999.9,-999.9,-999.9,-5988.4,0.0,0.0,0.0,0.0,0.0,0.0,0.0,0.0,0.0,0.0,0.0,-5988.4,11.123840505889568,48.99332518,0.0,,,,,,,,,,,,,,,,,36.28125,0.1318786747857465,217.546875,0.7907608910602709,0.54421875,0.1978180121786197,7.614140625,2.7676631187109484,11.123840505889568,65403,,,0.0638961287404395,Information
782930,14820.0,370.4448335,USA,United States,Oregon,2.097158169,0.0,0.77,0.32,14820.0,14820.0,0.0,15.0,-9999.0,-9999.0,-9999.0,0.0,1.0,-999.9,-999.9,-999.9,-5997.4,0.0,0.0,0.0,0.0,0.0,0.0,0.0,0.0,0.0,0.0,0.0,-5997.4,2.657297333178043,41.94316338,0.0,,,,,,,,,,,,,,,,,0.421875,0.1138833536968019,2.53125,0.6833001221808115,0.006328125,0.1708250305452028,0.08859375,2.3915504276328403,2.657297333178043,20309,,,0.0010208004939178,Information
782960,14823.0,28466.62899,USA,United States,Idaho,0.208248377,0.0,0.77,0.32,14823.0,14823.0,0.0,1.0,-9999.0,-9999.0,-9999.0,0.0,10.0,-999.9,-999.9,-999.9,-5988.4,0.0,0.0,0.0,0.0,0.0,0.0,0.0,0.0,0.0,0.0,0.0,-5988.4,5.853718531958207,4.16496754,0.0,,,,,,,,,,,,,,,,,8.578125,0.0301339684546179,120.09375,0.4218755583646515,0.128671875,0.0452009526819268,4.20328125,1.4765644542762804,5.853718531958207,1304,,,0.0025905647483822,Information
782970,14824.0,6072.025135,USA,United States,Idaho,2.122366634,0.0,0.77,0.32,14824.0,14824.0,0.0,15.0,-9999.0,-9999.0,-9999.0,0.0,1.0,-999.9,-999.9,-999.9,-5997.4,0.0,0.0,0.0,0.0,0.0,0.0,0.0,0.0,0.0,0.0,0.0,-5997.4,2.6278724313721744,42.44733268,0.0,,,,,,,,,,,,,,,,,1.546875,0.0254754380242123,27.703125,0.4562419355245303,0.023203125,0.0382131570363184,0.969609375,1.596846774335856,2.6278724313721744,20895,,,0.0010125514341019,Information
782991,14826.0,6659.700234,USA,United States,Idaho,0.54133199,0.0,0.77,0.32,14826.0,14826.0,0.0,15.0,-9999.0,-9999.0,-9999.0,0.0,1.0,-999.9,-999.9,-999.9,-5997.4,0.0,0.0,0.0,0.0,0.0,0.0,0.0,0.0,0.0,0.0,0.0,-5997.4,3.3823950147609785,10.8266398,0.0,,,,,,,,,,,,,,,,,0.5625,0.0084463261144502,38.390625,0.5764617573112295,0.0084375,0.0126694891716753,1.343671875,2.017616150589303,3.3823950147609785,23486,,,0.0005339510914661,Information
782997,14831.0,3340.926405,USA,United States,Idaho,1.49709846,0.0,0.77,0.32,14831.0,14831.0,0.0,14.0,-9999.0,-9999.0,-9999.0,0.0,1.0,-999.9,-999.9,-999.9,-5997.4,0.0,0.0,0.0,0.0,0.0,0.0,0.0,0.0,0.0,0.0,0.0,-5997.4,1.1399286076066255,29.9419692,0.0,,,,,,,,,,,,,,,,,0.0,0.0,8.15625,0.2441313878876073,0.0,0.0,0.28546875,0.8544598576066256,1.1399286076066255,139567,,,1.907905649976884e-05,Information
782999,14833.0,15222.31355,USA,United States,Wyoming,1.095122433,0.0,0.77,0.32,14833.0,14833.0,0.0,13.0,-9999.0,-9999.0,-9999.0,0.0,1.0,-999.9,-999.9,-999.9,-5997.4,0.0,0.0,0.0,0.0,0.0,0.0,0.0,0.0,0.0,0.0,0.0,-5997.4,10.283712423368794,21.90244866,0.0,,5.625,0.037,5.25,0.034,0.0,0.0,0.625,0.004,0.0525,0.034,0.0,0.0,0.015625,0.01,0.1121249999999999,0.0,0.0,177.328125,1.1649222995339414,0.0,0.0,6.206484375,4.077228048368795,10.283712423368794,55285,,,0.0213108949419431,Information
783101,14835.0,3558.711189,USA,United States,Washington,3.139199911,1.607633164,0.77,0.32,14835.0,,,,,,,,,,,,,,,,,,,,,,,,,21.283943996966705,62.78399822,32.15266328,,7.812,0.22,5.562,0.156,0.125,0.004,0.0,0.0,0.05562,0.156,0.001875,0.006,0.0,0.0,0.219495,111.234375,3.1256926758277306,111.9375,3.1454505309214587,1.668515625,4.688539013741596,3.9178125,11.009076858225106,21.283943996966705,29972,,,0.2881539441647477,Information
783103,14837.0,18706.49676,USA,United States,Washington,0.617679247,1.00974988,0.77,0.32,14837.0,,,,,,,,,,,,,,,,,,,,,,,,,45.183003070029685,12.35358494,20.1949976,,73.5,0.393,67.75,0.362,3.75,0.02,0.062,0.0,0.6775,0.362,0.05625,0.03,0.00155,0.0,1.1272999999999995,494.859375,2.645387757029705,629.15625,3.36330344556718,7.422890625,3.9680816355445576,22.02046875,11.77156205948513,45.183003070029685,1316743,,,0.2847238078686651,Advisory
783105,14839.0,3091.694049,USA,United States,Washington,1.179922888,1.187202546,0.77,0.32,14839.0,,,,,,,,,,,,,,,,,,,,,,,,,6.722887049209264,23.59845776,23.74405092,,8.5,0.275,8.5,0.275,0.438,0.014,0.0,0.0,0.085,0.275,0.00657,0.021,0.0,0.0,0.3875700000000001,20.53125,0.6640776764256445,36.5625,1.1826040813059422,0.30796875,0.9961165146384668,1.2796875,4.139114284570797,6.722887049209264,2471784,,,0.0075790873003704,Information
783108,14842.0,8201.50443,USA,United States,Washington,2.120947217,1.102227374,0.77,0.32,14842.0,,,,,,,,,,,,,,,,,,,,,,,,,3.060017395513074,42.41894434,22.04454748,,20.0,0.244,17.438,0.213,0.125,0.002,0.0,0.0,0.1743799999999999,0.213,0.001875,0.003,0.0,0.0,0.3922549999999999,27.28125,0.3326371427634231,27.703125,0.3377810161051255,0.40921875,0.4989557141451346,0.969609375,1.1822335563679394,3.060017395513074,89693,,,0.0016689588079237,Information
783109,14843.0,4514.096605,USA,United States,Washington,1.274140173,2.697085521,0.77,0.32,14843.0,,,,,,,,,,,,,,,,,,,,,,,,,34.66627349717925,25.48280346,53.94171042,,67.938,1.505,64.25,1.423,0.5,0.011,0.0,0.0,0.6425,1.423,0.0075,0.0165,0.0,0.0,2.0895,176.0625,3.900282058623766,232.59375,5.152609045498171,2.6409375,5.850423087935649,8.14078125,18.0341316592436,34.66627349717925,999638,,,0.3881513592603968,Advisory
783703,14912.0,6619.360526,USA,United States,Alaska,1.729616208,0.0,0.77,0.32,14912.0,,,,,,,,,,,,,,,,,,,,,,,,,12.33273485225697,34.59232416,0.0,,0.0,0.0,0.0,0.0,0.125,0.002,2.25,0.034,0.0,0.0,0.001875,0.003,0.05625,0.085,0.146125,0.0,0.0,140.34375,2.120201029216277,0.0,0.0,4.91203125,7.42070360225697,12.33273485225697,159,,,0.0476199078230295,Information
783908,14935.0,3959.807788,USA,United States,Alaska,2.917080067,0.0,0.77,0.32,14935.0,,,,,,,,,,,,,,,,,,,,,,,,,4.494026996421133,58.34160134,0.0,,0.0,0.0,0.0,0.0,1.312,0.033,1.938,0.049,0.0,0.0,0.01968,0.0495,0.04845,0.1225,0.24013,0.0,0.0,36.421875,0.9197889632631808,0.0,0.0,1.274765625,3.219261371421133,4.494026996421133,157,,,0.0129818657846054,Information
811103,14938.0,4594.568913,USA,United States,Alaska,0.168571546,0.0,0.77,0.32,14938.0,,,,,,,,,,,,,,,,,,,,,,,,,11.194123753956836,3.37143092,0.0,,0.0,0.0,0.0,0.0,3.25,0.071,2.25,0.049,0.0,0.0,0.04875,0.1064999999999999,0.05625,0.1225,0.3339999999999999,0.0,0.0,100.6875,2.191446072559096,0.0,0.0,3.5240625,7.670061253956836,11.194123753956836,324,,,0.0155619323029569,Information
811203,14947.0,4058.931955,USA,United States,Alaska,3.470758057,0.0,0.77,0.32,14947.0,14947.0,0.0,1.0,-9999.0,-9999.0,-9999.0,0.0,10.0,-999.9,-999.9,-999.9,-5979.4,0.0,0.0,0.0,0.0,0.0,0.0,0.0,0.0,0.0,0.0,0.0,-5979.4,0.8012517590580819,69.41516114,0.0,,,,,,,,,,,,,,,,,0.0,0.0,6.609375,0.1628353240165948,0.0,0.0,0.231328125,0.5699236340580819,0.8012517590580819,10,,,0.0001352196327511,Information
811204,14948.0,32614.83156,USA,United States,Alaska,3.890791319,0.0,0.77,0.32,14948.0,,,,,,,,,,,,,,,,,,,,,,,,,21.081625381153973,77.81582638,0.0,,1.25,0.004,0.625,0.002,15.125,0.046,1.062,0.003,0.00625,0.002,0.226875,0.069,0.02655,0.0075,0.338175,56.8125,0.1741922226422804,436.640625,1.3387793349115864,0.8521875,0.2612883339634206,15.282421875,4.685727672190552,21.081625381153973,918,,,0.4796718010834576,Advisory
811301,14954.0,26507.41824,USA,United States,Alaska,1.912699355,2.344637059,0.77,0.32,14954.0,,,,,,,,,,,,,,,,,,,,,,,,,6.127914554608033,38.2539871,46.89274118,,9.0,0.034,8.375,0.032,0.0,0.0,0.5,0.002,0.08375,0.032,0.0,0.0,0.0125,0.005,0.13325,0.0,0.0,127.125,0.4795827298880094,0.0,0.0,4.449375,1.6785395546080328,6.127914554608033,16126,,,0.0154072823575395,Information
811302,14955.0,2109.238503,USA,United States,Alaska,3.74568361,0.463004784,0.77,0.32,14955.0,,,,,,,,,,,,,,,,,,,,,,,,,10.59223269840993,74.9136722,9.26009568,,23.875,1.132,22.312,1.058,0.0,0.0,0.0,0.0,0.22312,1.058,0.0,0.0,0.0,0.0,1.28112,0.28125,0.0133341961866005,52.59375,2.493494686894294,0.00421875,0.0200012942799007,1.84078125,8.727231404130029,10.59223269840993,1731,,,0.1942881790600195,Information
811304,14957.0,5844.056452,USA,United States,Alaska,4.003259461,0.0,0.77,0.32,14957.0,,,,,,,,,,,,,,,,,,,,,,,,,5.124055002125366,80.06518922,0.0,,4.125,0.071,3.938,0.067,0.0,0.0,0.25,0.004,0.03938,0.067,0.0,0.0,0.00625,0.01,0.12263,0.0,0.0,54.0,0.9240157148929616,0.0,0.0,1.89,3.234055002125366,5.124055002125366,14938,,,0.0871491530582032,Information
811402,14964.0,16050.76403,USA,United States,Alaska,4.010636273,0.0,0.77,0.32,14964.0,,,,,,,,,,,,,,,,,,,,,,,,,1.6775467405990967,80.21272546,0.0,,12.25,0.076,12.25,0.076,0.0,0.0,0.0,0.0,0.1225,0.076,0.0,0.0,0.0,0.0,0.1985,0.0,0.0,29.53125,0.183986568742599,0.0,0.0,1.03359375,0.6439529905990965,1.6775467405990967,0,,,0.0067990866899284,Information
811403,14965.0,5853.521723,USA,United States,Alaska,0.272182167,0.0,0.77,0.32,14965.0,14965.0,0.0,15.0,-9999.0,-9999.0,-9999.0,0.0,1.0,-999.9,-999.9,-999.9,-4975.5,0.0,0.0,0.0,0.0,0.0,0.0,0.0,0.0,0.0,0.0,0.0,-4975.5,4.21236678917511,5.44364334,0.0,,4.062,0.069,4.062,0.069,0.0,0.0,0.0,0.0,0.04062,0.069,0.0,0.0,0.0,0.0,0.10962,0.0,0.0,44.4375,0.7591583683357457,0.0,0.0,1.5553125,2.65705428917511,4.21236678917511,3229,,,0.0009317338669873,Information
811407,14969.0,10762.23668,USA,United States,Alaska,0.623233324,0.0,0.77,0.32,14969.0,14969.0,0.0,15.0,-9999.0,-9999.0,-9999.0,0.0,1.0,-999.9,-999.9,-999.9,-5997.4,0.0,0.0,0.0,0.0,0.0,0.0,0.0,0.0,0.0,0.0,0.0,-5997.4,3.8414694849203768,12.46466648,0.0,,7.75,0.072,7.75,0.072,0.0,0.0,0.0,0.0,0.0775,0.072,0.0,0.0,0.0,0.0,0.1495,10.6875,0.0993055655748225,52.3125,0.4860746104451838,0.1603125,0.1489583483622337,1.8309375,1.7012611365581434,3.8414694849203768,34,,,0.0008854428636335,Information
811533,14977.0,11660.30905,USA,United States,Alaska,0.000883634,0.915747929,0.77,0.32,14977.0,,,,,,,,,,,,,,,,,,,,,,,,,17.6353966055204,0.01767268,18.31495858,,12.5,0.107,12.438,0.107,0.0,0.0,0.0,0.0,0.12438,0.107,0.0,0.0,0.0,0.0,0.23138,18.0,0.1543698363955874,263.53125,2.260070885979148,0.27,0.2315547545933811,9.22359375,7.910248100927018,17.6353966055204,2219,,,0.0626425054756499,Information
811535,14979.0,10715.00727,USA,United States,Alaska,0.0,3.527467942,0.77,0.32,14979.0,,,,,,,,,,,,,,,,,,,,,,,,,17.183300742237154,0.0,70.54935884,,102.312,0.955,93.0,0.868,0.25,0.002,0.062,0.001,0.93,0.868,0.00375,0.003,0.00155,0.0025,1.8088,46.546875,0.4344082448074516,234.0,2.1838529285788506,0.698203125,0.6516123672111774,8.19,7.643485250025977,17.183300742237154,55,,,0.2950201415042005,Information
811537,14981.0,1092.495319,USA,United States,Alaska,4.03617962,0.0,0.77,0.32,14981.0,,,,,,,,,,,,,,,,,,,,,,,,,4.961660146307178,80.7235924,0.0,,17.625,1.613,17.625,1.613,0.0,0.0,0.0,0.0,0.17625,1.613,0.0,0.0,0.0,0.0,1.78925,3.375,0.3089258086658195,12.515625,1.145599873802414,0.050625,0.4633887129987292,0.438046875,4.009599558308449,4.961660146307178,8,,,0.087368118858344,Information
811539,14983.0,1511.310045,USA,United States,Alaska,2.106908118,3.090549198,0.77,0.32,14983.0,,,,,,,,,,,,,,,,,,,,,,,,,22.86817975005476,42.13816236,61.81098396,,9.062,0.6,6.75,0.447,0.0,0.0,0.0,0.0,0.0675,0.447,0.0,0.0,0.0,0.0,0.5145,0.0,0.0,85.78125,5.675953142872786,0.0,0.0,3.00234375,19.865836000054752,22.86817975005476,56,,,0.3040450823866751,Information
811560,14986.0,9640.464461,USA,United States,Alaska,2.693605748,0.0,0.77,0.32,14986.0,14986.0,1.0,3.0,100.0,2.0,-9999.0,3.0,8.0,10.0,0.2,-999.9,-1942.6,0.0,0.0,0.0,0.0,0.0,0.0,0.0,0.0,0.0,0.0,0.0,-1942.6,24.12570419740448,53.87211496,0.0,,,,,,,,,,,,,,,,,0.0,0.0,338.34375,3.5096208421155657,0.0,0.0,11.84203125,12.28367294740448,24.12570419740448,499,,,0.2584472630079556,Information
811580,14988.0,24421.87797,USA,United States,Alaska,3.874209243,0.0,0.77,0.32,14988.0,14988.0,1.0,1.0,100.0,-9999.0,-9999.0,3.0,10.0,10.0,-999.9,-999.9,-3953.6,0.0,0.0,0.0,0.0,0.0,0.0,0.0,0.0,0.0,0.0,0.0,-3953.6,35.65736138240004,77.48418486,0.0,3.0,,,,,,,,,,,,,,,,0.0,0.0,722.8125,2.959692537828584,0.0,0.0,25.2984375,10.358923882400044,35.65736138240004,306,17.0,5.555555555555555,0.6771477322621373,Watch
811605,14994.0,1681.183527,USA,United States,Alaska,0.336233619,0.0,0.77,0.32,14994.0,14994.0,1.0,6.0,100.0,-9999.0,-9999.0,3.0,5.0,10.0,-999.9,-999.9,-3959.6,0.0,0.0,0.0,0.0,0.0,0.0,0.0,0.0,0.0,0.0,0.0,-3959.6,2.63325566020016,6.72467238,0.0,,,,,,,,,,,,,,,,,0.0,0.0,10.828125,0.6440775100571886,0.0,0.0,0.378984375,2.25427128520016,2.63325566020016,294,,,0.0001803153942532,Information
811606,14995.0,13464.83326,USA,United States,Alaska,0.773516249,0.0,0.77,0.32,14995.0,14995.0,1.0,3.0,100.0,-9999.0,-9999.0,3.0,8.0,10.0,-999.9,-999.9,-3959.6,0.0,0.0,0.0,0.0,0.0,0.0,0.0,0.0,0.0,0.0,0.0,-3959.6,3.825444726138356,15.47032498,0.0,,,,,,,,,,,,,,,,,0.0,0.0,62.71875,0.4657967074681017,0.0,0.0,2.19515625,1.630288476138356,3.825444726138356,65,,,0.0009826456438328,Information
811700,14999.0,23527.56036,USA,United States,Alaska,2.017176836,4.002912912,0.77,0.32,14999.0,14999.0,2.0,6.0,100.0,100.0,-9999.0,7.0,5.0,10.0,10.0,-999.9,-2276.933333333333,0.0,0.0,0.0,0.0,0.0,0.0,0.0,0.0,0.0,0.0,0.0,-2276.933333333333,29.338877996905808,40.34353672,80.05825824,3.0,,,,,,,,,,,,,,,,0.0,0.0,588.234375,2.500192820544517,0.0,0.0,20.588203125,8.75067487190581,29.338877996905808,4146,242.0,5.836951278340569,0.6502881099488048,Watch
811811,15000.0,844.9908114,USA,United States,Alaska,4.036179623,4.064478443,0.77,0.32,15000.0,,,,,,,,,,,,,,,,,,,,,,,,,38.9375,80.72359245999999,81.28956885999999,3.0,0.0,0.0,0.0,0.0,0.0,0.0,0.75,0.089,0.0,0.0,0.0,0.0,0.01875,0.2224999999999999,0.2412499999999999,0.0,0.0,112.5,13.313754242889386,0.0,0.0,3.9375,35.0,38.9375,0,0.0,0.0,0.7681831558882765,Watch
811813,15002.0,6853.100105,USA,United States,Alaska,4.001216228,4.028774553,0.77,0.32,15002.0,15002.0,1.0,1.0,100.0,-9999.0,-9999.0,3.0,10.0,10.0,-999.9,-999.9,-3956.6,0.0,0.0,0.0,0.0,0.0,0.0,0.0,0.0,0.0,0.0,0.0,-3956.6,70.37349003213879,80.02432456,80.57549105999999,3.0,0.062,0.001,0.062,0.001,0.062,0.001,19.625,0.286,0.00062,0.001,0.0009299999999999,0.0015,0.490625,0.715,1.2096749999999998,10.125,0.1477433547591957,1023.75,14.938494758985351,0.151875,0.2216150321387935,35.0,35.0,70.37349003213879,7593,1133.0,14.921638351112868,0.9010018206896696,Warning
811814,15003.0,4585.868047,USA,United States,Alaska,4.030068025,3.671568742,0.77,0.32,15003.0,15003.0,2.0,2.0,100.0,100.0,5.0,7.0,9.0,10.0,10.0,0.5,73.0,0.0,0.0,0.0,0.0,0.0,0.0,0.0,0.0,0.0,0.0,0.0,73.0,73.0,80.6013605,73.43137483999999,,0.0,0.0,0.0,0.0,0.0,0.0,4.438,0.097,0.0,0.0,0.0,0.0,0.11095,0.2425,0.35345,0.0,0.0,82.96875,1.80922671881315,0.0,0.0,2.90390625,6.3322935158460245,9.236199765846024,4,,,0.9074569553191926,Warning
811815,15004.0,2651.315427,USA,United States,Alaska,4.000790128,0.0,0.77,0.32,15004.0,15004.0,2.0,6.0,100.0,100.0,-9999.0,7.0,5.0,10.0,10.0,-999.9,-1935.8,0.0,0.0,0.0,0.0,0.0,0.0,0.0,0.0,0.0,0.0,0.0,-1935.8,19.81863756836828,80.01580256,0.0,,0.0,0.0,0.0,0.0,0.0,0.0,8.875,0.335,0.0,0.0,0.0,0.0,0.221875,0.8375,1.059375,0.28125,0.0106079418949505,118.546875,4.471247508721674,0.00421875,0.0159119128424257,4.149140625,15.649366280525856,19.81863756836828,403,,,0.4966812187220681,Advisory
811817,15006.0,7011.094784,USA,United States,Alaska,4.00313345,0.0,0.77,0.32,15006.0,15006.0,2.0,1.0,100.0,100.0,-9999.0,7.0,10.0,10.0,10.0,-999.9,-2346.16,0.0,0.0,0.0,0.0,0.0,0.0,0.0,0.0,0.0,0.0,0.0,-2346.16,61.268046875,80.062669,0.0,3.0,,,,,,,,,,,,,,,,0.0,0.0,750.515625,10.704685189897251,0.0,0.0,26.268046875,35.0,61.268046875,313,0.0,0.0,0.8692100042906101,Warning
811819,15008.0,11371.22425,USA,United States,Alaska,3.903523182,0.0,0.77,0.32,15008.0,15008.0,1.0,1.0,100.0,-9999.0,-9999.0,3.0,10.0,10.0,-999.9,-999.9,-3960.685714285714,0.0,0.0,0.0,0.0,0.0,0.0,0.0,0.0,0.0,0.0,0.0,-3960.685714285714,4.79690747877941,78.07046364,0.0,,,,,,,,,,,,,,,,,0.84375,0.0074200453843947,72.5625,0.6381239030579479,0.01265625,0.011130068076592,2.5396875,2.2334336607028176,4.79690747877941,118,,,0.0642727075060945,Information
811820,15009.0,15571.25189,USA,United States,Alaska,4.001513648,0.0,0.77,0.32,15009.0,15009.0,1.0,3.0,100.0,-9999.0,-9999.0,3.0,8.0,10.0,-999.9,-999.9,-3457.05,0.0,0.0,0.0,0.0,0.0,0.0,0.0,0.0,0.0,0.0,0.0,-3457.05,0.953764266491738,80.03027296,0.0,,,,,,,,,,,,,,,,,1.96875,0.0126434920844657,15.75,0.1011479366757256,0.02953125,0.0189652381266985,0.55125,0.3540177783650395,0.953764266491738,0,,,0.0011767930549396,Information
811830,15010.0,797.1423192,USA,United States,Alaska,4.036179658,0.0,0.77,0.32,15010.0,,,,,,,,,,,,,,,,,,,,,,,,,5.857072713034015,80.72359316000001,0.0,,0.0,0.0,0.0,0.0,0.0,0.0,0.812,0.102,0.0,0.0,0.0,0.0,0.0203,0.255,0.2753,0.28125,0.0352822818733919,12.234375,1.5347792614925504,0.00421875,0.0529234228100878,0.428203125,5.371727415223926,5.857072713034015,0,,,0.1167812675136622,Information
811850,15012.0,12757.98076,USA,United States,Alaska,4.011076161,0.0,0.77,0.32,15012.0,15012.0,1.0,1.0,100.0,-9999.0,-9999.0,3.0,10.0,10.0,-999.9,-999.9,-3953.6,0.0,0.0,0.0,0.0,0.0,0.0,0.0,0.0,0.0,0.0,0.0,-3953.6,15.469927095312077,80.22152322,0.0,,0.0,0.0,0.0,0.0,0.0,0.0,17.688,0.139,0.0,0.0,0.0,0.0,0.4422,0.3475,0.7897000000000001,0.0,0.0,247.78125,1.9421666700891649,0.0,0.0,8.67234375,6.797583345312077,15.469927095312077,191,,,0.4029586438269766,Advisory
811901,15018.0,3332.310158,USA,United States,Alaska,3.381541067,4.014386622,0.77,0.32,15018.0,15018.0,1.0,6.0,68.0,11.0,-9999.0,3.0,5.0,6.8,1.1,-999.9,-1968.0,0.0,0.0,0.0,0.0,0.0,0.0,0.0,0.0,0.0,0.0,0.0,-1968.0,70.0,67.63082134,80.28773244,3.0,0.0,0.0,0.0,0.0,0.312,0.009,11.5,0.345,0.0,0.0,0.00468,0.0134999999999999,0.2875,0.8624999999999999,1.16818,0.0,0.0,1039.5,31.194575252048995,0.0,0.0,35.0,35.0,70.0,1250,47.0,3.7600000000000002,0.8974677731415819,Warning
811904,15021.0,7983.956037,USA,United States,Alaska,0.0,3.079229371,0.77,0.32,15021.0,15021.0,1.0,2.0,100.0,-9999.0,-9999.0,3.0,9.0,10.0,-999.9,-999.9,-3956.8,0.0,0.0,0.0,0.0,0.0,0.0,0.0,0.0,0.0,0.0,0.0,-3956.8,61.24069539843828,0.0,61.58458742,3.0,0.0,0.0,0.0,0.0,1.125,0.014,4.25,0.053,0.0,0.0,0.016875,0.021,0.10625,0.1325,0.276625,5.203125,0.0651697601503719,774.5625,9.701487538060777,0.078046875,0.0977546402255578,27.1096875,33.95520638321272,61.24069539843828,167,42.0,25.149700598802394,0.679518639733147,Watch
811909,15026.0,9647.317393,USA,United States,Alaska,3.389635494,3.177153363,0.77,0.32,15026.0,15026.0,1.0,1.0,100.0,-9999.0,-9999.0,3.0,10.0,10.0,-999.9,-999.9,-3954.4,0.0,0.0,0.0,0.0,0.0,0.0,0.0,0.0,0.0,0.0,0.0,-3954.4,71.23291286803868,67.79270988,63.54306726,3.0,1.562,0.016,1.562,0.016,0.0,0.0,2.188,0.023,0.01562,0.016,0.0,0.0,0.0547,0.0574999999999999,0.14382,40.359375,0.4183481620257943,1848.09375,19.156555907118427,0.605390625,0.6275222430386914,35.0,35.0,71.23291286803868,3326,0.0,0.0,0.7863330422794627,Watch
812103,15029.0,3065.016004,USA,United States,Alaska,1.423124524,0.0,0.77,0.32,15029.0,15029.0,1.0,1.0,100.0,-9999.0,-9999.0,3.0,10.0,10.0,-999.9,-999.9,-3959.6,0.0,0.0,0.0,0.0,0.0,0.0,0.0,0.0,0.0,0.0,0.0,-3959.6,12.791873324899647,28.46249048,0.0,,,,,,,,,,,,,,,,,0.5625,0.0183522695874407,85.5,2.789544977290996,0.0084375,0.027528404381161,2.9925,9.763407420518488,12.791873324899647,394,,,0.0425880579103584,Information
812105,15031.0,8892.573449,USA,United States,Alaska,1.218390256,0.0,0.77,0.32,15031.0,15031.0,2.0,1.0,100.0,100.0,-9999.0,7.0,10.0,10.0,10.0,-999.9,-3143.28,0.0,0.0,0.0,0.0,0.0,0.0,0.0,0.0,0.0,0.0,0.0,-3143.28,24.398445680457776,24.36780512,0.0,,,,,,,,,,,,,,,,,9.28125,0.1043707994440963,324.140625,3.645071101797609,0.13921875,0.1565561991661444,11.344921875,12.757748856291633,24.398445680457776,290,,,0.128951248450803,Information
812108,15034.0,7783.693203,USA,United States,Alaska,3.92066246,0.0,0.77,0.32,15034.0,15034.0,1.0,6.0,100.0,-9999.0,-9999.0,3.0,5.0,10.0,-999.9,-999.9,-3963.6,0.0,0.0,0.0,0.0,0.0,0.0,0.0,0.0,0.0,0.0,0.0,-3963.6,15.42518882802557,78.4132492,0.0,,0.0,0.0,0.0,0.0,0.0,0.0,3.125,0.04,0.0,0.0,0.0,0.0,0.078125,0.1,0.178125,115.734375,1.4868825373286905,143.296875,1.840988220580724,1.736015625,2.230323805993036,5.015390625,6.443458772032534,15.42518882802557,0,,,0.3684060518144163,Advisory
812109,15035.0,13713.57342,USA,United States,Alaska,3.760337629,0.0,0.77,0.32,15035.0,15035.0,1.0,2.0,100.0,-9999.0,-9999.0,3.0,9.0,10.0,-999.9,-999.9,-3957.6666666666665,0.0,0.0,0.0,0.0,0.0,0.0,0.0,0.0,0.0,0.0,0.0,-3957.6666666666665,37.04442464168353,75.20675258,0.0,3.0,65.188,0.475,29.812,0.217,1.5,0.011,9.125,0.067,0.29812,0.217,0.0225,0.0165,0.228125,0.1675,0.949745,22.5,0.1640710215747252,602.4375,4.393001602663269,0.3375,0.2461065323620878,21.0853125,15.37550560932144,37.04442464168353,233,0.0,0.0,0.6559911037840266,Watch
812201,15036.0,38018.3617,USA,United States,Alaska,4.001850286,0.0,0.77,0.32,15036.0,15036.0,1.0,1.0,100.0,-9999.0,-9999.0,3.0,10.0,10.0,-999.9,-999.9,-3456.55,0.0,0.0,0.0,0.0,0.0,0.0,0.0,0.0,0.0,0.0,0.0,-3456.55,88.24181566481317,80.03700572,0.0,3.0,498.5,1.311,289.75,0.762,1413.75,3.719,1872.875,4.926,2.8975,0.762,15.0,5.5785,25.0,12.315,61.553,962.859375,2.532616693208785,4074.890625,10.71821730964086,14.442890625,3.798925039813177,35.0,35.0,88.24181566481317,118,0.0,0.0,0.9313869757993384,Warning
812301,15045.0,4060.604899,USA,United States,Alaska,4.014675618,0.0,0.77,0.32,15045.0,15045.0,1.0,1.0,100.0,-9999.0,-9999.0,3.0,10.0,10.0,-999.9,-999.9,-3953.6,0.0,0.0,0.0,0.0,0.0,0.0,0.0,0.0,0.0,0.0,0.0,-3953.6,54.90546904858644,80.29351236,0.0,3.0,50.188,1.236,32.875,0.81,11.0,0.271,32.812,0.808,0.32875,0.81,0.165,0.4065,0.8203,2.02,4.550549999999999,28.265625,0.696093949057623,526.78125,12.972974791889827,0.423984375,1.0441409235864345,18.43734375,35.0,54.90546904858644,220,35.0,15.909090909090908,0.8472393723126042,Warning
812410,15054.0,10714.76433,USA,United States,Alaska,4.030614315,0.0,0.77,0.32,15054.0,15054.0,1.0,1.0,100.0,-9999.0,-9999.0,3.0,10.0,10.0,-999.9,-999.9,-3667.857142857142,0.0,0.0,0.0,0.0,0.0,0.0,0.0,0.0,0.0,0.0,0.0,-3667.857142857142,51.49609262014738,80.61228630000001,0.0,3.0,54.438,0.508,25.062,0.234,13.75,0.128,0.375,0.003,0.25062,0.234,0.20625,0.192,0.009375,0.0075,0.899745,18.0,0.1679924955984935,753.328125,7.030748429071326,0.27,0.2519887433977402,26.366484375,24.60761950174964,51.49609262014738,60,0.0,0.0,0.8356823465989572,Warning
812440,15057.0,8370.415437,USA,United States,Alaska,0.402984424,0.0,0.77,0.32,15057.0,15057.0,1.0,15.0,100.0,-9999.0,-9999.0,3.0,1.0,10.0,-999.9,-999.9,-2838.244444444444,0.0,0.0,0.0,0.0,0.0,0.0,0.0,0.0,0.0,0.0,0.0,-2838.244444444444,49.3109450803086,8.05968848,0.0,,101.688,1.215,72.938,0.871,73.438,0.877,213.0,2.545,0.72938,0.871,1.1015700000000002,1.3155,5.325,6.3625,15.70495,121.078125,1.4465007849958196,590.0625,7.049381293661392,1.816171875,2.1697511774937293,20.6521875,24.672834527814874,49.3109450803086,4046,,,0.266644392521164,Advisory
812450,15058.0,1195.361393,USA,United States,Alaska,1.533412428,0.0,0.77,0.32,15058.0,15058.0,0.0,15.0,-9999.0,-9999.0,-9999.0,0.0,1.0,-999.9,-999.9,-999.9,-5997.4,0.0,0.0,0.0,0.0,0.0,0.0,0.0,0.0,0.0,0.0,0.0,-5997.4,39.829041495115966,30.66824856,0.0,,84.188,7.043,56.312,4.711,3.375,0.282,0.625,0.052,0.56312,4.711,0.050625,0.4229999999999999,0.015625,0.13,5.89337,1.40625,0.1176422467439783,132.328125,11.070135418608366,0.02109375,0.1764633701159674,4.631484375,35.0,39.829041495115966,19,,,0.2896845023895009,Advisory
812471,15060.0,7343.550096,USA,United States,Alaska,2.01334703,0.0,0.77,0.32,15060.0,15060.0,0.0,15.0,-9999.0,-9999.0,-9999.0,0.0,1.0,-999.9,-999.9,-999.9,-5997.4,0.0,0.0,0.0,0.0,0.0,0.0,0.0,0.0,0.0,0.0,0.0,-5997.4,11.315313898882664,40.2669406,0.0,,5.25,0.071,5.0,0.068,0.0,0.0,0.562,0.008,0.05,0.068,0.0,0.0,0.01405,0.02,0.15205,3.09375,0.0421288063620248,135.5625,1.846007696954179,0.04640625,0.0631932095430372,4.7446875,6.461026939339627,11.315313898882664,1264,,,0.0480833385390439,Information
812472,15061.0,5517.04622,USA,United States,Alaska,2.470755129,0.0,0.77,0.32,15061.0,15061.0,1.0,1.0,100.0,-9999.0,-9999.0,3.0,10.0,10.0,-999.9,-999.9,-3954.2666666666655,0.0,0.0,0.0,0.0,0.0,0.0,0.0,0.0,0.0,0.0,0.0,-3954.2666666666655,6.743561929303526,49.41510258,0.0,,3.5,0.063,2.5,0.045,0.0,0.0,1.75,0.032,0.025,0.045,0.0,0.0,0.04375,0.08,0.19375,22.359375,0.4052780076300649,58.921875,1.0679967622452653,0.335390625,0.6079170114450974,2.062265625,3.7379886678584286,6.743561929303526,60172,,,0.0219489299108708,Information
812473,15062.0,944.4332934,USA,United States,Alaska,3.001143751,0.0,0.77,0.32,15062.0,,,,,,,,,,,,,,,,,,,,,,,,,17.461305102277365,60.02287502,0.0,,1.562,0.165,1.5,0.159,1.312,0.139,5.375,0.569,0.015,0.159,0.01968,0.2085,0.134375,1.4225,1.959055,2.671875,0.2829077520469154,41.90625,4.437184742630569,0.040078125,0.424361628070373,1.46671875,15.53014659920699,17.461305102277365,8576,,,0.203744615838382,Information
812475,15064.0,6730.69402,USA,United States,Alaska,1.643590953,0.0,0.77,0.32,15064.0,,,,,,,,,,,,,,,,,,,,,,,,,14.987209471652095,32.87181906,0.0,,1.688,0.025,1.688,0.025,9.688,0.144,12.375,0.184,0.01688,0.025,0.14532,0.2159999999999999,0.309375,0.4599999999999999,1.172575,0.0,0.0,172.265625,2.5594035990434563,0.0,0.0,6.029296875,8.957912596652097,14.987209471652095,379,,,0.0668840647031815,Information
812477,15066.0,261.0716581,USA,United States,Alaska,2.654415728,0.0,0.77,0.32,15066.0,,,,,,,,,,,,,,,,,,,,,,,,,8.70514654717855,53.08831456,0.0,,0.0,0.0,0.0,0.0,0.0,0.0,4.125,1.58,0.0,0.0,0.0,0.0,0.103125,3.95,4.0531250000000005,0.0,0.0,6.328125,2.4239034777653004,0.0,0.0,0.221484375,8.483662172178551,8.70514654717855,141,,,0.046056792751326,Information
812479,15068.0,16032.02109,USA,United States,Alaska,1.594955697,0.0,0.77,0.32,15068.0,15068.0,0.0,1.0,-9999.0,-9999.0,-9999.0,0.0,10.0,-999.9,-999.9,-999.9,-5979.4,0.0,0.0,0.0,0.0,0.0,0.0,0.0,0.0,0.0,0.0,0.0,-5979.4,15.79999178071435,31.89911394,0.0,,0.0,0.0,0.0,0.0,21.875,0.136,18.562,0.116,0.0,0.0,0.328125,0.204,0.46405,0.29,1.286175,0.0,0.0,278.015625,1.7341271159183862,0.0,0.0,9.730546875,6.069444905714351,15.79999178071435,1700,,,0.0720103546941025,Information
812480,15069.0,7114.598884,USA,United States,Alaska,3.573977861,0.0,0.77,0.32,15069.0,,,,,,,,,,,,,,,,,,,,,,,,,7.98514570892125,71.47955722,0.0,,0.0,0.0,0.0,0.0,64.75,0.91,28.75,0.404,0.0,0.0,0.97125,1.365,0.71875,1.01,4.065,0.140625,0.0019765696182678,94.78125,1.332207922712528,0.002109375,0.0029648544274017,3.31734375,4.662727729493849,7.98514570892125,104,,,0.1015022627076983,Information
812490,15070.0,6942.744907,USA,United States,Alaska,4.036179626,0.0,0.77,0.32,15070.0,,,,,,,,,,,,,,,,,,,,,,,,,9.260565789144737,80.72359252,0.0,,0.0,0.0,0.0,0.0,25.125,0.362,5.812,0.084,0.0,0.0,0.376875,0.5429999999999999,0.1453,0.21,1.275175,0.0,0.0,108.421875,1.561657189755639,0.0,0.0,3.794765625,5.465800164144737,9.260565789144737,26,,,0.2317436000393255,Information
812501,15071.0,17753.75653,USA,United States,Alaska,4.001513647,0.0,0.77,0.32,15071.0,15071.0,1.0,15.0,90.0,25.0,-9999.0,3.0,1.0,9.0,2.5,-999.9,-2754.599999999999,0.0,0.0,0.0,0.0,0.0,0.0,0.0,0.0,0.0,0.0,0.0,-2754.599999999999,91.04466945391016,80.03027294,0.0,3.0,783.312,4.412,334.25,1.883,1095.438,6.17,1910.188,10.759,3.3425,1.883,15.0,9.255,25.0,25.0,79.4805,897.46875,5.055092135940107,1979.859375,11.15177721433732,13.46203125,7.582638203910161,35.0,35.0,91.04466945391016,182,0.0,0.0,0.935383418151564,Warning
812504,15074.0,14004.33761,USA,United States,Alaska,4.036179627,0.0,0.77,0.32,15074.0,15074.0,1.0,6.0,100.0,-9999.0,-9999.0,3.0,5.0,10.0,-999.9,-999.9,-3962.2666666666655,0.0,0.0,0.0,0.0,0.0,0.0,0.0,0.0,0.0,0.0,0.0,-3962.2666666666655,75.19892135707333,80.72359254,0.0,3.0,352.938,2.52,117.75,0.841,536.5,3.831,2150.5,15.356,1.1775,0.841,8.0475,5.7465,25.0,25.0,65.8125,336.9375,2.40595099420128,1261.828125,9.010266390220403,5.0540625,3.60892649130192,35.0,31.53593236577141,75.19892135707333,0,0.0,0.0,0.913283432919358,Warning
812508,15078.0,33084.5114,USA,United States,Alaska,3.76757615,0.0,0.77,0.32,15078.0,,,,,,,,,,,,,,,,,,,,,,,,,51.11976346213676,75.351523,0.0,3.0,247.188,0.747,90.25,0.273,115.188,0.348,326.312,0.986,0.9025,0.273,1.72782,0.522,8.1578,2.465,14.04812,302.0625,0.9130027531988668,992.109375,2.998712487810989,4.5309375,1.3695041297983002,34.723828125,10.49549370733846,51.11976346213676,117,0.0,0.0,0.7671386345853084,Watch
812702,15090.0,16189.11837,USA,United States,Alaska,4.00593092,0.0,0.77,0.32,15090.0,15090.0,1.0,4.0,52.0,-9999.0,-9999.0,3.0,7.0,5.2,-999.9,-999.9,-3680.371428571428,0.0,0.0,0.0,0.0,0.0,0.0,0.0,0.0,0.0,0.0,0.0,-3680.371428571428,51.85495787938272,80.1186184,0.0,3.0,176.438,1.09,55.75,0.344,64.312,0.397,187.062,1.155,0.5575,0.344,0.96468,0.5955,4.676550000000001,2.8875,10.02573,285.046875,1.760731303587873,793.6875,4.902598656857404,4.275703125,2.6410969553818098,27.7790625,17.159095299000914,51.85495787938272,54,0.0,0.0,0.8311366992102774,Warning
812705,15093.0,23800.81188,USA,United States,Alaska,4.003163483,0.0,0.77,0.32,15093.0,15093.0,0.0,1.0,-9999.0,-9999.0,-9999.0,0.0,10.0,-999.9,-999.9,-999.9,-5979.4,0.0,0.0,0.0,0.0,0.0,0.0,0.0,0.0,0.0,0.0,0.0,-5979.4,52.73119576336333,80.06326966,0.0,3.0,92.812,0.39,24.75,0.104,38.0,0.16,87.25,0.367,0.2475,0.104,0.57,0.24,2.18125,0.9175,4.260249999999999,295.3125,1.2407664976163832,934.3125,3.9255488619825,4.4296875,1.8611497464245748,32.7009375,13.739421016938753,52.73119576336333,94,40.0,42.5531914893617,0.8346347311224207,Warning
813102,15141.0,5799.17138,USA,United States,Alaska,1.148254634,0.0,0.77,0.32,15141.0,,,,,,,,,,,,,,,,,,,,,,,,,25.53663298988077,22.96509268,0.0,,2.688,0.046,1.375,0.024,0.0,0.0,2.938,0.051,0.01375,0.024,0.0,0.0,0.07345,0.1275,0.2387,10.96875,0.1891434013893481,263.109375,4.5370167179419285,0.16453125,0.2837151020840222,9.208828125,15.87955851279675,25.53663298988077,125,,,0.1347651972328327,Information
813105,15144.0,19878.84712,USA,United States,Alaska,1.648799834,0.0,0.77,0.32,15144.0,15144.0,1.0,1.0,100.0,-9999.0,-9999.0,3.0,10.0,10.0,-999.9,-999.9,-3956.6,0.0,0.0,0.0,0.0,0.0,0.0,0.0,0.0,0.0,0.0,0.0,-3956.6,91.750998619817,32.97599668,0.0,3.0,260.75,1.312,167.562,0.843,231.125,1.163,214.625,1.08,1.67562,0.843,3.466875,1.7445,5.365625,2.7,15.79562,1021.359375,5.137920568214419,1933.59375,9.726890790712964,15.0,7.706880852321628,35.0,34.04411776749538,91.750998619817,545,0.0,0.0,0.6232499455062536,Warning
813106,15145.0,7183.8439,USA,United States,Alaska,4.003220462,0.0,0.77,0.32,15145.0,,,,,,,,,,,,,,,,,,,,,,,,,42.51802093178428,80.06440924,0.0,3.0,43.375,0.604,10.75,0.15,31.75,0.442,43.25,0.602,0.1075,0.15,0.47625,0.663,1.08125,1.505,3.983,49.359375,0.6870886350519209,486.703125,6.7749679940589695,0.740390625,1.0306329525778812,17.034609375,23.7123879792064,42.51802093178428,434,434.0,100.0,0.7756012783681921,Watch
813107,15146.0,2154.91839,USA,United States,Alaska,3.858094824,0.0,0.77,0.32,15146.0,,,,,,,,,,,,,,,,,,,,,,,,,61.5428970984613,77.16189648,0.0,3.0,36.812,1.708,25.375,1.178,50.75,2.355,60.062,2.787,0.25375,1.178,0.76125,3.5325,1.50155,6.967499999999999,14.19455,183.234375,8.503077232307538,315.421875,14.637300254847126,2.748515625,12.754615848461306,11.039765625,35.0,61.5428970984613,231,0.0,0.0,0.8392314435715115,Warning
813108,15147.0,15107.79634,USA,United States,Alaska,4.036179626,0.0,0.77,0.32,15147.0,,,,,,,,,,,,,,,,,,,,,,,,,87.85748157563188,80.72359252,0.0,3.0,39.188,0.259,6.75,0.045,36.312,0.24,109.312,0.724,0.0675,0.045,0.5446799999999999,0.36,2.7328,1.81,5.55998,716.34375,4.741550217087923,1676.109375,11.094333929617385,10.74515625,7.112325325631884,35.0,35.0,87.85748157563188,208,0.0,0.0,0.9353457043508342,Warning
813201,15149.0,1253.693733,USA,United States,Alaska,1.072726815,0.0,0.77,0.32,15149.0,,,,,,,,,,,,,,,,,,,,,,,,,87.17210937499999,21.4545363,0.0,3.0,4.375,0.349,2.875,0.229,10.312,0.823,14.562,1.162,0.02875,0.229,0.15468,1.2345,0.36405,2.905,4.915979999999999,556.3125,44.37387578952195,823.640625,65.69711589970426,8.3446875,15.0,28.827421875,35.0,87.17210937499999,0,0.0,0.0,0.5414973892979776,Warning
813202,15150.0,4184.576004,USA,United States,Alaska,0.91001589,0.0,0.77,0.32,15150.0,,,,,,,,,,,,,,,,,,,,,,,,,92.638046875,18.2003178,0.0,3.0,20.5,0.49,7.375,0.176,51.438,1.229,108.5,2.593,0.07375,0.176,0.7715700000000001,1.8435,2.7125,6.4825,12.05982,509.203125,12.168571547699443,1283.203125,30.665069144644413,7.638046875,15.0,35.0,35.0,92.638046875,0,0.0,0.0,0.5495112323462471,Warning
813203,15151.0,1563.687768,USA,United States,Alaska,4.034760547,0.0,0.77,0.32,15151.0,15151.0,0.0,12.0,-9999.0,-9999.0,-9999.0,0.0,1.0,-999.9,-999.9,-999.9,-5997.4,0.0,0.0,0.0,0.0,0.0,0.0,0.0,0.0,0.0,0.0,0.0,-5997.4,56.7315819561633,80.69521094000001,0.0,3.0,2.312,0.148,0.562,0.036,7.0,0.448,23.062,1.475,0.00562,0.036,0.105,0.672,0.57655,3.6875,5.08267,129.796875,8.30069005410887,209.53125,13.399813846827968,1.946953125,12.451035081163305,7.33359375,35.0,56.7315819561633,0,0.0,0.0,0.859478180271128,Warning
813205,15153.0,3850.278875,USA,United States,Alaska,3.745360572,0.0,0.77,0.32,15153.0,,,,,,,,,,,,,,,,,,,,,,,,,82.87996192273692,74.90721144,0.0,3.0,21.375,0.555,2.812,0.073,29.125,0.756,101.0,2.623,0.02812,0.073,0.436875,1.134,2.525,6.557500000000001,10.754495,327.375,8.50263086515795,863.296875,22.42167134072365,4.910625,12.753946297736926,30.215390625,35.0,82.87996192273692,0,0.0,0.0,0.8839199153285522,Warning
813206,15154.0,3268.943348,USA,United States,Alaska,3.477691495,0.0,0.77,0.32,15154.0,,,,,,,,,,,,,,,,,,,,,,,,,80.18117732377189,69.55382990000001,0.0,3.0,14.0,0.428,1.75,0.054,16.125,0.493,97.875,2.994,0.0175,0.054,0.241875,0.7395,2.446875,7.485,10.98475,322.59375,9.868441132514588,729.703125,22.322293389981777,4.83890625,14.802661698771882,25.539609375,35.0,80.18117732377189,0,0.0,0.0,0.833559852445213,Warning
813207,15155.0,5985.354528,USA,United States,Alaska,3.570836882,0.0,0.77,0.32,15155.0,,,,,,,,,,,,,,,,,,,,,,,,,96.110078125,71.41673764000001,0.0,3.0,67.938,1.135,12.0,0.2,24.312,0.406,141.312,2.361,0.12,0.2,0.36468,0.609,3.5328000000000004,5.902500000000001,10.72898,740.671875,12.37473689429775,1335.515625,22.313057961865525,11.110078125,15.0,35.0,35.0,96.110078125,195,172.0,88.2051282051282,0.8873725413177693,Warning
813401,15159.0,5927.03389,USA,United States,Alaska,4.028225621,0.0,0.77,0.32,15159.0,,,,,,,,,,,,,,,,,,,,,,,,,100.0,80.56451242,0.0,3.0,26.562,0.448,9.438,0.159,251.062,4.236,254.375,4.292,0.09438,0.159,3.76593,6.353999999999999,6.359375,10.73,27.462685,1121.0625,18.914393283229032,2087.578125,35.221295570689286,15.0,15.0,35.0,35.0,100.0,396,74.0,18.68686868686869,0.9492964052896432,Warning
813501,15168.0,23916.07488,USA,United States,Alaska,0.089033291,0.0,0.77,0.32,15168.0,,,,,,,,,,,,,,,,,,,,,,,,,80.34877848341924,1.78066582,0.0,3.0,68.562,0.287,47.062,0.197,135.0,0.564,117.688,0.492,0.47062,0.197,2.025,0.8459999999999999,2.9422,1.23,7.71082,900.28125,3.764335304356696,1790.15625,7.485159079109767,13.50421875,5.646502956535043,35.0,26.198056776884187,80.34877848341924,82,0.0,0.0,0.4204172409028182,Warning
813902,15189.0,9159.517235,USA,United States,Alaska,3.326503715,0.0,0.77,0.32,15189.0,15189.0,1.0,15.0,33.0,19.0,13.0,3.0,1.0,3.3,1.9,1.3,21.8,0.0,0.0,0.0,0.0,0.0,0.0,0.0,0.0,0.0,0.0,0.0,21.8,21.8,66.5300743,0.0,,,,,,,,,,,,,,,,,0.0,0.0,2.109375,0.0230293250810535,0.0,0.0,0.073828125,0.0806026377836872,0.1544307627836872,6,,,0.3340571970499112,Information
813904,15191.0,12464.81852,USA,United States,Alaska,4.036179624,0.0,0.77,0.32,15191.0,15191.0,2.0,15.0,41.0,33.0,19.0,7.0,1.0,4.1,3.3,1.9,21.266666666666666,0.0,0.0,0.0,0.0,0.0,0.0,0.0,0.0,0.0,0.0,0.0,21.266666666666666,40.21119133700608,80.72359248,0.0,3.0,0.188,0.002,0.0,0.0,2.625,0.021,6.625,0.053,0.0,0.0,0.039375,0.0315,0.165625,0.1325,0.369,24.328125,0.1951743217447404,627.046875,5.030533529825419,0.364921875,0.2927614826171106,21.946640625,17.606867354388967,40.21119133700608,1349,0.0,0.0,0.7689104557157513,Watch
813909,15196.0,11621.54288,USA,United States,Alaska,4.035665332,0.0,0.77,0.32,15196.0,,,,,,,,,,,,,,,,,,,,,,,,,67.35500757002211,80.71330664,0.0,3.0,75.188,0.647,26.25,0.226,82.375,0.709,142.25,1.224,0.2625,0.226,1.235625,1.0635,3.55625,3.06,9.403875,209.53125,1.8029555292618984,944.578125,8.127820328894074,3.14296875,2.704433293892848,33.060234375,28.44737115112926,67.35500757002211,93,0.0,0.0,0.894452812898979,Warning
731140,16296.0,24646.22531,USA,United States,Maine,1.378255462,0.0,0.77,0.32,16296.0,16296.0,0.0,1.0,-9999.0,-9999.0,-9999.0,0.0,10.0,-999.9,-999.9,-999.9,-5979.4,0.0,0.0,0.0,0.0,0.0,0.0,0.0,0.0,0.0,0.0,0.0,-5979.4,51.47353662813539,27.56510924,0.0,,19.938,0.081,7.375,0.03,9.5,0.039,1.438,0.006,0.07375,0.03,0.1425,0.0584999999999999,0.0359499999999999,0.015,0.3556999999999999,294.1875,1.1936412020108396,920.109375,3.7332669143197528,4.4128125,1.7904618030162591,32.203828125,13.066434200119136,51.47353662813539,404770,,,0.3663183380618412,Advisory
731505,16298.0,8474.282901,USA,United States,New Jersey,0.21688168,2.036765552,0.77,0.32,16298.0,,,,,,,,,,,,,,,,,,,,,,,,,77.44526994462896,4.3376336,40.73531104,3.0,16.5,0.195,15.625,0.184,3.5,0.041,0.438,0.005,0.15625,0.184,0.0525,0.0615,0.01095,0.0125,0.4777,419.90625,4.955065283020431,835.03125,9.853709862885236,6.29859375,7.432597924530647,29.22609375,34.48798452009832,77.44526994462896,1951536,66473.0,3.406188766182125,0.6054801521185427,Watch
731507,16299.0,8162.444615,USA,United States,Maryland,0.378244629,2.566563044,0.77,0.32,16299.0,,,,,,,,,,,,,,,,,,,,,,,,,85.40915177207341,7.56489258,51.33126088,3.0,6.438,0.079,4.75,0.058,3.375,0.041,0.062,0.001,0.0475,0.058,0.050625,0.0615,0.00155,0.0025,0.221675,461.671875,5.656049098048946,1341.28125,16.43234733389913,6.925078125,8.48407364707342,35.0,35.0,85.40915177207341,662986,31862.0,4.8058330040151676,0.7130838062649637,Warning
731509,16300.0,6195.137151,USA,United States,Maryland,0.144876983,2.009722851,0.77,0.32,16300.0,,,,,,,,,,,,,,,,,,,,,,,,,74.01042017566402,2.89753966,40.19445702,3.0,1.188,0.019,1.062,0.017,3.062,0.049,0.188,0.003,0.01062,0.017,0.04593,0.0735,0.0046999999999999,0.0075,0.15925,206.71875,3.336790533776018,882.984375,14.25286242284328,3.10078125,5.005185800664028,30.904453125,35.0,74.01042017566402,307852,18090.0,5.876200252069176,0.5843784612285043,Watch
731700,16301.0,9504.131544,USA,United States,Maryland,0.572969099,0.383627017,0.77,0.32,16301.0,,,,,,,,,,,,,,,,,,,,,,,,,47.45235501933689,11.45938198,7.67254034,,8.812,0.093,8.25,0.087,4.5,0.047,0.312,0.003,0.0825,0.087,0.0675,0.0705,0.0078,0.0075,0.3228,142.734375,1.5018139672430175,599.484375,6.3076186624206745,2.141015625,2.2527209508645263,20.981953125,22.07666531847236,47.45235501933689,4663041,,,0.2664007339549369,Advisory
731901,16302.0,5293.256486,USA,United States,Virginia,1.15031739,0.063819002,0.77,0.32,16302.0,,,,,,,,,,,,,,,,,,,,,,,,,57.0009065415404,23.0063478,1.27638004,,15.312,0.289,10.25,0.194,5.5,0.104,0.5,0.009,0.1025,0.194,0.0825,0.156,0.0125,0.0225,0.57,179.296875,3.387269736080332,486.84375,9.19743358926283,2.689453125,5.080904604120498,17.03953125,32.19101756241991,57.0009065415404,2066421,,,0.3818384854232777,Advisory
731903,16303.0,4491.836375,USA,United States,Virginia,0.136727945,0.514279088,0.77,0.32,16303.0,,,,,,,,,,,,,,,,,,,,,,,,,54.44995924528695,2.7345589,10.28558176,,24.312,0.541,21.438,0.477,4.312,0.096,0.5,0.011,0.21438,0.477,0.06468,0.144,0.0125,0.0274999999999999,0.94006,163.40625,3.637849564577214,412.171875,9.176021578120322,2.45109375,5.456774346865821,14.426015625,32.116075523421124,54.44995924528695,114709,,,0.3087666318862044,Advisory
731909,16304.0,2491.710591,USA,United States,Virginia,0.817495141,1.106314185,0.77,0.32,16304.0,,,,,,,,,,,,,,,,,,,,,,,,,57.87293239871835,16.34990282,22.1262837,,12.062,0.484,10.688,0.429,3.75,0.15,0.562,0.023,0.10688,0.429,0.05625,0.2249999999999999,0.01405,0.0574999999999999,0.88868,156.375,6.275809099145567,317.53125,12.74350444772544,2.345625,9.41371364871835,11.11359375,35.0,57.87293239871835,998724,,,0.3832948265732086,Advisory
732110,16305.0,5256.861597,USA,United States,North Carolina,2.411633234,1.381924058,0.77,0.32,16305.0,,,,,,,,,,,,,,,,,,,,,,,,,72.54490073498351,48.23266468,27.63848116,3.0,22.25,0.423,17.25,0.328,3.688,0.07,0.562,0.011,0.1725,0.328,0.05532,0.105,0.01405,0.0274999999999999,0.7023699999999999,343.828125,6.540558823322337,645.046875,12.27056986608571,5.157421875,9.810838234983509,22.576640625,35.0,72.54490073498351,354202,15922.0,4.495175069593057,0.6321097688401893,Watch
732150,16306.0,15666.33494,USA,United States,North Carolina,1.273851892,1.117438888,0.77,0.32,16306.0,,,,,,,,,,,,,,,,,,,,,,,,,57.655633560152566,25.47703784,22.34877776,,49.438,0.316,35.375,0.226,14.125,0.09,2.625,0.017,0.35375,0.226,0.211875,0.135,0.065625,0.0425,1.03475,292.078125,1.8643679340097845,880.3125,5.619134938325109,4.381171875,2.7965519010146767,30.8109375,19.66697228413788,57.655633560152566,454531,,,0.3987363246170252,Advisory
732510,16307.0,21040.99638,USA,United States,South Carolina,3.406839745,2.095499254,0.77,0.32,16307.0,,,,,,,,,,,,,,,,,,,,,,,,,93.54637373283862,68.1367949,41.90998508,3.0,99.312,0.472,97.75,0.465,36.938,0.176,14.688,0.07,0.9775,0.465,0.5540700000000001,0.264,0.3671999999999999,0.175,2.80277,1198.828125,5.69758248855908,2171.109375,10.318472262857904,15.0,8.546373732838621,35.0,35.0,93.54637373283862,1164509,57095.0,4.902924751977014,0.8592610711801725,Warning
732530,16308.0,14927.8292,USA,United States,Georgia,1.342538912,1.507577295,0.77,0.32,16308.0,,,,,,,,,,,,,,,,,,,,,,,,,81.17651349413393,26.85077824,30.1515459,3.0,59.438,0.398,40.562,0.272,6.25,0.042,0.562,0.004,0.40562,0.272,0.09375,0.063,0.01405,0.01,0.8584200000000001,786.375,5.267845641614864,1129.359375,7.565462866203321,11.795625,7.901768462422296,35.0,26.479120031711624,81.17651349413393,404272,19063.0,4.71538963865912,0.559735248091946,Warning
732570,16309.0,507.668543,USA,United States,Florida,0.0,2.063601625,0.77,0.32,16309.0,,,,,,,,,,,,,,,,,,,,,,,,,59.44859375,0.0,41.2720325,,6.125,1.206,5.625,1.108,0.938,0.185,0.062,0.012,0.05625,1.108,0.01407,0.2774999999999999,0.00155,0.03,1.48737,81.28125,16.01069262992705,235.125,46.31466795369901,1.21921875,15.0,8.229375,35.0,59.44859375,39095,,,0.5048653423841802,Advisory
732571,16310.0,13272.80044,USA,United States,Florida,3.141896897,1.054532929,0.77,0.32,16310.0,,,,,,,,,,,,,,,,,,,,,,,,,90.68638935332606,62.83793794,21.090658580000003,3.0,253.625,1.911,169.0,1.273,37.938,0.286,2.0,0.015,1.69,1.273,0.5690700000000001,0.4289999999999999,0.05,0.0375,4.04857,786.515625,5.925769985550714,2033.296875,15.31927556250273,11.797734375,8.88865497832607,35.0,35.0,90.68638935332606,5878292,373895.0,6.360606108032742,0.8138353918310623,Warning
732573,16311.0,10054.97617,USA,United States,Florida,2.891180138,0.287101851,0.77,0.32,16311.0,,,,,,,,,,,,,,,,,,,,,,,,,73.75283744687198,57.82360276,5.742037020000001,3.0,265.0,2.636,231.688,2.304,25.688,0.255,1.438,0.014,2.31688,2.304,0.3853199999999999,0.3825,0.0359499999999999,0.035,5.45965,125.4375,1.2475166312479915,2052.5625,20.413399943605032,1.8815625,1.8712749468719871,35.0,35.0,73.75283744687198,1361451,55857.0,4.10275507528365,0.7118709249754452,Watch
732577,16312.0,11857.71769,USA,United States,Florida,3.172056309,0.210771879,0.77,0.32,16312.0,,,,,,,,,,,,,,,,,,,,,,,,,64.95630495884312,63.44112618,4.21543758,3.0,339.625,2.864,288.25,2.431,7.25,0.061,0.5,0.004,2.8825,2.431,0.10875,0.0915,0.0125,0.01,5.536249999999999,165.234375,1.3934753663334063,936.0,7.893593224098004,2.478515625,2.090213049500109,32.76,27.62757628434301,64.95630495884312,4380685,133113.0,3.03863436882588,0.7172836288857163,Watch
741009,16313.0,2891.758001,USA,United States,Louisiana,2.320094921,4.038921878,0.77,0.32,16313.0,,,,,,,,,,,,,,,,,,,,,,,,,92.144453125,46.40189842,80.77843756,3.0,49.375,1.707,48.25,1.669,0.812,0.028,2.375,0.082,0.4825,1.669,0.01218,0.042,0.059375,0.205,2.470055,476.296875,16.470841432699714,1505.390625,52.05797388162103,7.144453125,15.0,35.0,35.0,92.144453125,4274,146.0,3.4160037435657467,0.941480603786649,Warning
743001,16314.0,4264.390565,USA,United States,Louisiana,3.873614538,4.037382964,0.77,0.32,16314.0,,,,,,,,,,,,,,,,,,,,,,,,,100.0,77.47229075999999,80.74765928,3.0,25.562,0.599,24.062,0.564,0.375,0.009,0.438,0.01,0.24062,0.564,0.005625,0.0134999999999999,0.01095,0.025,0.8596949999999999,1057.359375,24.79508756911865,1882.6875,44.14904008184074,15.0,15.0,35.0,35.0,100.0,95082,1260.0,1.3251719568372562,0.9502761963271352,Warning
751500,16316.0,14735.27338,USA,United States,Texas,3.034105537,0.004252984,0.77,0.32,16316.0,16316.0,1.0,10.0,31.0,7.0,3.0,3.0,1.0,3.1,0.7,0.3,17.799999999999997,0.0,0.0,0.0,0.0,0.0,0.0,0.0,0.0,0.0,0.0,0.0,17.799999999999997,45.457932856893045,60.68211074,0.08505968,,2.625,0.018,2.625,0.018,0.625,0.004,1.688,0.011,0.02625,0.018,0.009375,0.006,0.0421999999999999,0.0274999999999999,0.129325,0.0,0.0,773.71875,5.250793316255155,0.0,0.0,27.08015625,18.377776606893043,45.457932856893045,6760122,,,0.5576870935445051,Advisory
751930,16317.0,2633.358616,USA,United States,Texas,0.153984913,0.0,0.77,0.32,16317.0,16317.0,1.0,13.0,33.0,9.0,2.0,3.0,1.0,3.3,0.9,0.2,16.799999999999997,0.0,0.0,0.0,0.0,0.0,0.0,0.0,0.0,0.0,0.0,0.0,16.799999999999997,44.7846875,3.07969826,0.0,,,,,,,,,,,,,,,,,0.0,0.0,279.5625,10.616195541078476,0.0,0.0,9.7846875,35.0,44.7846875,38536,,,0.2200504840443059,Advisory
765000,16330.0,13818.53747,USA,United States,Puerto Rico,1.603680638,0.190338852,0.77,0.32,16330.0,,,,,,,,,,,,,,,,,,,,,,,,,30.939931907082297,32.07361276,3.80677704,,92.312,0.668,71.0,0.514,3.0,0.022,0.812,0.006,0.71,0.514,0.045,0.033,0.0203,0.015,1.3372999999999995,126.0,0.9118186367461112,458.859375,3.320607379132322,1.89,1.3677279551191668,16.060078125,11.622125826963126,30.939931907082297,4383351,,,0.2158233463326324,Information
774300,16339.0,11396.69677,USA,United States,California,3.155637204,1.631269474,0.77,0.32,16339.0,,,,,,,,,,,,,,,,,,,,,,,,,18.658011894734493,63.11274408,32.62538948,,20.188,0.177,17.25,0.151,1.125,0.01,0.188,0.002,0.1725,0.151,0.016875,0.015,0.0046999999999999,0.005,0.365075,109.96875,0.9649177499904305,236.8125,2.077904719928241,1.64953125,1.4473766249856457,8.2884375,7.272666519748844,18.658011894734493,6358856,,,0.2477489690205754,Information
782995,16340.0,27841.78764,USA,United States,Idaho,1.474192272,0.0,0.77,0.32,16340.0,16340.0,0.0,14.0,-9999.0,-9999.0,-9999.0,0.0,1.0,-999.9,-999.9,-999.9,-5997.4,0.0,0.0,0.0,0.0,0.0,0.0,0.0,0.0,0.0,0.0,0.0,-5997.4,30.73428452629648,29.48384544,0.0,,,,,,,,,,,,,,,,,2.390625,0.0085864637404875,645.046875,2.3168299516244995,0.035859375,0.0128796956107312,22.576640625,8.108904830685749,30.73428452629648,246322,,,0.2031385195519501,Information
783700,16346.0,16427.78501,USA,United States,Alaska,0.447894684,0.958242777,0.77,0.32,16346.0,,,,,,,,,,,,,,,,,,,,,,,,,52.3771885217614,8.95789368,19.16485554,,0.0,0.0,0.0,0.0,9.25,0.056,41.625,0.253,0.0,0.0,0.13875,0.084,1.040625,0.6325000000000001,1.895875,0.0,0.0,930.234375,5.662567256217543,0.0,0.0,32.558203125,19.8189853967614,52.3771885217614,14846,,,0.3321657647949629,Advisory
783900,16347.0,22409.14968,USA,United States,Alaska,2.163491581,3.484685596,0.77,0.32,16347.0,,,,,,,,,,,,,,,,,,,,,,,,,38.680535063476505,43.269831620000005,69.69371192,,0.0,0.0,0.0,0.0,3.875,0.017,5.75,0.026,0.0,0.0,0.058125,0.0255,0.14375,0.065,0.292375,0.0,0.0,764.15625,3.4100189467075728,0.0,0.0,26.74546875,11.935066313476504,38.680535063476505,12002,,,0.5963773428719534,Advisory
783909,16348.0,12188.691,USA,United States,Alaska,4.006103488,2.25242769,0.77,0.32,16348.0,,,,,,,,,,,,,,,,,,,,,,,,,17.516686467864133,80.12206976,45.04855380000001,,0.0,0.0,0.0,0.0,7.5,0.062,11.5,0.094,0.0,0.0,0.1125,0.093,0.2875,0.235,0.728,0.0,0.0,274.921875,2.255548812246895,0.0,0.0,9.622265625,7.894420842864133,17.516686467864133,3,,,0.4496854311320205,Advisory
811000,16349.0,16630.40497,USA,United States,Alaska,0.008856659,0.089221703,0.77,0.32,16349.0,,,,,,,,,,,,,,,,,,,,,,,,,10.47555852156323,0.17713318,1.78443406,,18.188,0.109,17.375,0.104,0.125,0.001,0.0,0.0,0.17375,0.104,0.001875,0.0015,0.0,0.0,0.281125,68.625,0.4126477984786877,157.5,0.9470605210986276,1.029375,0.6189716977180315,5.5125,3.3147118238451965,10.47555852156323,6412,,,0.0126066176057398,Information
811500,16350.0,13894.84573,USA,United States,Alaska,0.666013496,1.086342931,0.77,0.32,16350.0,,,,,,,,,,,,,,,,,,,,,,,,,16.014088102715235,13.32026992,21.72685862,,18.188,0.131,16.5,0.119,0.0,0.0,0.5,0.004,0.165,0.119,0.0,0.0,0.0125,0.01,0.3065,40.359375,0.2904629225278273,248.765625,1.790344633978141,0.605390625,0.4356943837917409,8.706796875,6.266206218923494,16.014088102715235,11406,,,0.0562862607629172,Information
813101,16351.0,29580.61197,USA,United States,Alaska,3.568215474,3.481627171,0.77,0.32,16351.0,16351.0,1.0,1.0,100.0,-9999.0,-9999.0,3.0,10.0,10.0,-999.9,-999.9,-3953.6,0.0,0.0,0.0,0.0,0.0,0.0,0.0,0.0,0.0,0.0,0.0,-3953.6,69.46180296916927,71.36430948,69.63254342,3.0,38.625,0.131,18.25,0.062,108.125,0.366,249.562,0.844,0.1825,0.062,1.621875,0.5489999999999999,6.23905,2.11,10.764425,127.96875,0.4326102181707748,2695.5,9.112387540546605,1.91953125,0.6489153272561622,35.0,31.89335639191312,69.46180296916927,1345,50.0,3.717472118959108,0.8122244135631702,Warning
752146,14181.0,16824.20733,MEX,Mexico,Coahuila,2.838313391,0.0,0.57,0.6,14181.0,14181.0,0.0,5.0,-9999.0,-9999.0,-9999.0,0.0,6.0,-999.9,-999.9,-999.9,-5987.4,0.0,0.0,0.0,0.0,0.0,0.0,0.0,0.0,0.0,0.0,0.0,-5987.4,0.19838,56.76626782,0.0,,21.875,0.13,12.438,0.074,0.0,0.0,0.0,0.0,0.12438,0.074,0.0,0.0,0.0,0.0,0.19838,,,,,,,,,,190439,,,3.6385412601627846e-08,Information
752147,14182.0,15790.99662,MEX,Mexico,Coahuila,3.110943208,0.0,0.57,0.6,14182.0,14182.0,0.0,5.0,2.0,-9999.0,-9999.0,0.0,6.0,0.2,-999.9,-999.9,-3987.2,0.0,0.0,0.0,0.0,0.0,0.0,0.0,0.0,0.0,0.0,0.0,-3987.2,0.5007000249739921,62.21886416,0.0,,8.312,0.053,7.812,0.049,0.0,0.0,0.0,0.0,0.07812,0.049,0.0,0.0,0.0,0.0,0.12712,2.390625,0.0151391647915498,7.734375,0.0489796507961907,0.035859375,0.0227087471873247,0.270703125,0.1714287777866674,0.5007000249739921,429482,,,7.676636242300436e-06,Information
752149,14184.0,3659.666139,MEX,Mexico,Coahuila,0.736532876,0.0,0.57,0.6,14184.0,,,,,,,,,,,,,,,,,,,,,,,,,0.35662,14.73065752,0.0,,22.188,0.606,9.562,0.261,0.0,0.0,0.0,0.0,0.09562,0.261,0.0,0.0,0.0,0.0,0.35662,,,,,,,,,,2239,,,2.1642147662633765e-08,Information
752151,14185.0,16036.42214,MEX,Mexico,Coahuila,1.206786623,0.0,0.57,0.6,14185.0,14185.0,0.0,8.0,-9999.0,-9999.0,-9999.0,0.0,3.0,-999.9,-999.9,-999.9,-5992.4,0.0,0.0,0.0,0.0,0.0,0.0,0.0,0.0,0.0,0.0,0.0,-5992.4,0.8584681848057811,24.13573246,0.0,,,,,,,,,,,,,,,,,0.140625,0.0008769100659728,15.046875,0.093829377059092,0.002109375,0.0013153650989592,0.526640625,0.328402819706822,0.8584681848057811,869048,,,3.705118174365759e-06,Information
752175,14209.0,5922.094797,MEX,Mexico,Coahuila,2.224932786,0.0,0.57,0.6,14209.0,,,,,,,,,,,,,,,,,,,,,,,,,0.2322499999999999,44.49865572,0.0,,13.875,0.234,8.625,0.146,0.0,0.0,0.0,0.0,0.08625,0.146,0.0,0.0,0.0,0.0,0.2322499999999999,,,,,,,,,,663,,,2.1709652492661294e-08,Information
752177,14211.0,15704.64862,MEX,Mexico,Chihuahua,2.272933376,0.0,0.57,0.6,14211.0,,,,,,,,,,,,,,,,,,,,,,,,,0.4361694036280864,45.458667520000006,0.0,,81.25,0.517,12.375,0.079,0.0,0.0,0.0,0.0,0.12375,0.079,0.0,0.0,0.0,0.0,0.2027499999999999,1.6875,0.0107452260872666,6.890625,0.043876339856339,0.0253125,0.0161178391308999,0.241171875,0.1535671894971865,0.4361694036280864,4806,,,6.871936660114255e-07,Information
752253,14250.0,12009.91048,MEX,Mexico,Durango,3.179004197,0.0,0.57,0.6,14250.0,,,,,,,,,,,,,,,,,,,,,,,,,2.1158467004528894,63.58008394,0.0,,10.938,0.091,6.062,0.05,0.312,0.003,0.125,0.001,0.06062,0.05,0.00468,0.0045,0.003125,0.0025,0.125425,10.6875,0.0889890063756633,28.40625,0.2365234116826841,0.1603125,0.1334835095634949,0.99421875,0.8278319408893944,2.1158467004528894,844619,,,0.0022159694886887,Information
752272,14259.0,1611.589759,MEX,Mexico,Chihuahua,0.118888399,0.0,0.57,0.6,14259.0,,,,,,,,,,,,,,,,,,,,,,,,,0.1707499999999999,2.37776798,0.0,,5.75,0.357,2.375,0.147,0.0,0.0,0.0,0.0,0.02375,0.147,0.0,0.0,0.0,0.0,0.1707499999999999,,,,,,,,,,52,,,1.0859920750418638e-10,Information
752280,14265.0,5618.688651,MEX,Mexico,Coahuila,1.679169803,0.0,0.57,0.6,14265.0,,,,,,,,,,,,,,,,,,,,,,,,,0.14225,33.58339606,0.0,,12.75,0.227,5.125,0.091,0.0,0.0,0.0,0.0,0.05125,0.091,0.0,0.0,0.0,0.0,0.14225,,,,,,,,,,2613,,,3.970153932255284e-10,Information
752290,14266.0,7200.571744,MEX,Mexico,Coahuila,0.588571885,0.0,0.57,0.6,14266.0,,,,,,,,,,,,,,,,,,,,,,,,,0.4715,11.7714377,0.0,,68.125,0.946,19.75,0.274,0.0,0.0,0.0,0.0,0.1975,0.274,0.0,0.0,0.0,0.0,0.4715,0.28125,0.0039059398336414,3.796875,0.0527301877541598,0.00421875,0.0058589097504621,0.132890625,0.1845556571395593,0.3275239418900214,7442,,,8.394868467813231e-08,Information
753108,14288.0,21194.23625,MEX,Mexico,Tamaulipas,1.431205282,0.0,0.57,0.6,14288.0,,,,,,,,,,,,,,,,,,,,,,,,,5.57799204909584,28.624105640000003,0.0,,10.312,0.049,10.25,0.048,18.875,0.089,23.375,0.11,0.1025,0.048,0.283125,0.1335,0.584375,0.275,1.4265,2.953125,0.0139336231098377,107.015625,0.5049279612660237,0.044296875,0.0209004346647565,3.745546875,1.767247864431083,5.57799204909584,530256,,,0.0053995811413128,Information
753109,14289.0,6450.034856,MEX,Mexico,Tamaulipas,0.329762354,0.0,0.57,0.6,14289.0,,,,,,,,,,,,,,,,,,,,,,,,,21.95278762138561,6.59524708,0.0,,0.0,0.0,0.0,0.0,2.0,0.031,0.375,0.006,0.0,0.0,0.03,0.0465,0.009375,0.015,0.1008749999999999,62.296875,0.9658378038758088,219.234375,3.3989641901634,0.934453125,1.4487567058137132,7.673203125,11.8963746655719,21.95278762138561,309620,,,0.073801799235055,Information
753202,14291.0,20476.8872,MEX,Mexico,San Luis Potosí,0.709658335,0.0,0.57,0.6,14291.0,,,,,,,,,,,,,,,,,,,,,,,,,0.3212754828889815,14.1931667,0.0,,0.0,0.0,0.0,0.0,6.688,0.033,0.0,0.0,0.0,0.0,0.10032,0.0495,0.0,0.0,0.14982,0.28125,0.0013734997770551,6.046875,0.0295302452066854,0.00421875,0.0020602496655826,0.211640625,0.1033558582233989,0.3212754828889815,1613181,,,1.1514443931425737e-08,Information
753220,14300.0,17430.54949,MEX,Mexico,Tamaulipas,1.894286433,0.0,0.57,0.6,14300.0,,,,,,,,,,,,,,,,,,,,,,,,,23.7955318429538,37.88572866,0.0,,1.188,0.007,1.188,0.007,27.562,0.158,21.062,0.121,0.01188,0.007,0.41343,0.237,0.52655,0.3025,1.49836,164.109375,0.9415043119137014,361.6875,2.0750206428809257,2.461640625,1.4122564678705525,12.6590625,7.26257225008324,23.7955318429538,567366,,,0.1686590114617584,Information
753230,14301.0,5720.463579,MEX,Mexico,Veracruz,3.02147055,0.0,0.57,0.6,14301.0,,,,,,,,,,,,,,,,,,,,,,,,,24.255721221261886,60.429411,0.0,,11.75,0.205,11.75,0.205,27.688,0.484,29.125,0.509,0.1175,0.205,0.4153199999999999,0.726,0.728125,1.2725,3.464445,87.046875,1.5216751894505074,214.875,3.756251517738893,1.305703125,2.2825127841757613,7.520625,13.146880312086124,24.255721221261886,271241,,,0.3122673680180374,Information
753250,14311.0,2111.139309,MEX,Mexico,San Luis Potosí,3.180661865,0.0,0.57,0.6,14311.0,14311.0,0.0,15.0,-9999.0,-9999.0,-9999.0,0.0,1.0,-999.9,-999.9,-999.9,-5997.4,0.0,0.0,0.0,0.0,0.0,0.0,0.0,0.0,0.0,0.0,0.0,-5997.4,1.068923244001589,63.6132373,0.0,,,,,,,,,,,,,,,,,0.28125,0.0133221904754956,5.203125,0.2464605237966702,0.00421875,0.0199832857132434,0.182109375,0.8626118332883457,1.068923244001589,101360,,,0.0002097097193327,Information
753260,14312.0,4102.269164,MEX,Mexico,San Luis Potosí,3.226821468,0.0,0.57,0.6,14312.0,,,,,,,,,,,,,,,,,,,,,,,,,0.7009634684085623,64.53642936,0.0,,0.188,0.005,0.188,0.005,1.25,0.03,1.062,0.026,0.00188,0.005,0.01875,0.045,0.02655,0.065,0.16218,0.140625,0.0034279808166107,5.765625,0.1405472134810418,0.002109375,0.005141971224916,0.201796875,0.4919152471836462,0.7009634684085623,212027,,,4.358055729371739e-05,Information
753306,14321.0,3912.211333,MEX,Mexico,Veracruz,2.241173716,0.0,0.57,0.6,14321.0,14321.0,0.0,9.0,3.0,3.0,3.0,0.0,2.0,0.3,0.3,0.3,5.799999999999999,0.0,0.0,0.0,0.0,0.0,0.0,0.0,0.0,0.0,0.0,0.0,5.799999999999999,5.799999999999999,44.82347432,0.0,,,,,,,,,,,,,,,,,9.28125,0.2372379508452782,16.171875,0.4133691567758635,0.13921875,0.3558569262679173,0.566015625,1.446792048715522,2.507883349983439,958107,,,0.0121396763481697,Information
753403,14327.0,109.487865,MEX,Mexico,Veracruz,4.079196053,0.0,0.57,0.6,14327.0,14327.0,0.0,1.0,-9999.0,-9999.0,-9999.0,0.0,10.0,-999.9,-999.9,-999.9,-5979.4,0.0,0.0,0.0,0.0,0.0,0.0,0.0,0.0,0.0,0.0,0.0,-5979.4,45.09978976382007,81.58392106000001,0.0,3.0,,,,,,,,,,,,,,,,6.890625,6.293505675880047,15.890625,14.513594721927456,0.103359375,9.44025851382007,0.556171875,35.0,45.09978976382007,5777,1130.0,19.560325428423056,0.8147810594134484,Warning
753405,14329.0,2349.978422,MEX,Mexico,Oaxaca,4.003985161,0.0,0.57,0.6,14329.0,14329.0,0.0,15.0,-9999.0,-9999.0,-9999.0,0.0,1.0,-999.9,-999.9,-999.9,-5997.4,0.0,0.0,0.0,0.0,0.0,0.0,0.0,0.0,0.0,0.0,0.0,-5997.4,10.904457737023671,80.07970322,0.0,,,,,,,,,,,,,,,,,31.359375,1.334453742616929,45.84375,1.9508157851709365,0.470390625,2.001680613925393,1.60453125,6.8278552480982775,10.904457737023671,210089,,,0.2733982303900623,Information
753501,14334.0,1862.599876,MEX,Mexico,Veracruz,2.962571551,0.0,0.57,0.6,14334.0,,,,,,,,,,,,,,,,,,,,,,,,,33.2319085215443,59.25143102,0.0,,2.562,0.138,2.375,0.128,0.688,0.037,0.5,0.027,0.02375,0.128,0.01032,0.0554999999999999,0.0125,0.0675,0.29757,59.765625,3.2087205514166084,123.46875,6.628839162691253,0.896484375,4.813080827124913,4.32140625,23.200937069419385,33.2319085215443,168071,,,0.4192118340760706,Advisory
753502,14335.0,21397.87119,MEX,Mexico,Veracruz,1.929945425,0.0,0.57,0.6,14335.0,14335.0,0.0,15.0,-9999.0,-9999.0,-9999.0,0.0,1.0,-999.9,-999.9,-999.9,-5997.4,0.0,0.0,0.0,0.0,0.0,0.0,0.0,0.0,0.0,0.0,0.0,-5997.4,12.614849877943469,38.5989085,0.0,,,,,,,,,,,,,,,,,119.671875,0.5592700037629659,194.34375,0.9082387135140056,1.795078125,0.8389050056444488,6.80203125,3.17883549729902,12.614849877943469,1233917,,,0.056761699568938,Information
753503,14336.0,145.4324769,MEX,Mexico,Veracruz,0.002122785,0.0,0.57,0.6,14336.0,,,,,,,,,,,,,,,,,,,,,,,,,41.10415479372219,0.0424557,0.0,,0.938,0.645,0.875,0.602,0.0,0.0,0.0,0.0,0.00875,0.602,0.0,0.0,0.0,0.0,0.61075,5.484375,3.7710799658834495,14.484375,9.959518884256289,0.082265625,5.656619948825174,0.506953125,34.85831609489701,41.10415479372219,33583,,,0.1870992790706551,Advisory
753507,14339.0,2055.951652,MEX,Mexico,Tabasco,4.035322122,0.0,0.57,0.6,14339.0,,,,,,,,,,,,,,,,,,,,,,,,,68.688359375,80.70644244,0.0,3.0,2.625,0.128,2.562,0.125,0.0,0.0,0.0,0.0,0.0256199999999999,0.125,0.0,0.0,0.0,0.0,0.15062,266.765625,12.975286883659209,419.625,20.41025622606172,4.001484375,15.0,14.686875,35.0,68.688359375,578633,27996.0,4.8382999241315305,0.8979235753986952,Warning
753508,14340.0,1587.610926,MEX,Mexico,Tabasco,4.014662206,0.0,0.57,0.6,14340.0,14340.0,0.0,1.0,-9999.0,-9999.0,-9999.0,0.0,10.0,-999.9,-999.9,-999.9,-5979.4,0.0,0.0,0.0,0.0,0.0,0.0,0.0,0.0,0.0,0.0,0.0,-5979.4,35.86206238692952,80.29324412,0.0,3.0,,,,,,,,,,,,,,,,58.5,3.684781898386571,115.3125,7.263272011242762,0.8775,5.527172847579856,4.0359375,25.421452039349667,35.86206238692952,376200,19775.0,5.256512493354599,0.7253196787142935,Watch
753509,14341.0,155.7095637,MEX,Mexico,Tabasco,1.037597007,0.0,0.57,0.6,14341.0,,,,,,,,,,,,,,,,,,,,,,,,,10.272485637358312,20.75194014,0.0,,0.188,0.12,0.188,0.12,0.0,0.0,0.0,0.0,0.00188,0.12,0.0,0.0,0.0,0.0,0.12188,0.984375,0.6321866023348945,4.078125,2.619058781101706,0.014765625,0.9482799035023418,0.142734375,9.16670573385597,10.272485637358312,11163,,,0.0205205817434862,Information
753610,14342.0,653.6734085,MEX,Mexico,Tabasco,4.009184252,0.0,0.57,0.6,14342.0,,,,,,,,,,,,,,,,,,,,,,,,,44.80385645231128,80.18368504,0.0,3.0,0.75,0.115,0.625,0.096,0.062,0.01,0.062,0.01,0.00625,0.096,0.0009299999999999,0.015,0.00155,0.025,0.14473,28.96875,4.431685551540855,77.765625,11.89670927185482,0.43453125,6.6475283273112815,2.721796875,35.0,44.80385645231128,50267,973.0,1.9356635566077147,0.792689481613754,Watch
753627,14350.0,18773.98126,MEX,Mexico,Chiapas,2.720003925,0.0,0.57,0.6,14350.0,,,,,,,,,,,,,,,,,,,,,,,,,8.625478483895618,54.4000785,0.0,,9.25,0.049,9.125,0.049,0.312,0.002,0.438,0.002,0.09125,0.049,0.00468,0.003,0.01095,0.005,0.1638799999999999,70.03125,0.3730229035432328,130.78125,0.6966090367373625,1.05046875,0.5595343553148492,4.57734375,2.438131628580769,8.625478483895618,1925848,,,0.0479378707463212,Information
753629,14352.0,5264.491026,MEX,Mexico,Chiapas,3.301875228,0.0,0.57,0.6,14352.0,14352.0,0.0,15.0,2.0,2.0,2.0,0.0,1.0,0.2,0.2,0.2,3.2,0.0,0.0,0.0,0.0,0.0,0.0,0.0,0.0,0.0,0.0,0.0,3.2,3.2,66.03750456,0.0,,,,,,,,,,,,,,,,,,,,,,,,,,811898,,,0.0090857220600301,Information
753630,14353.0,5713.26198,MEX,Mexico,Chiapas,3.677411189,0.0,0.57,0.6,14353.0,14353.0,0.0,15.0,-9999.0,-9999.0,-9999.0,0.0,1.0,-999.9,-999.9,-999.9,-5997.4,0.0,0.0,0.0,0.0,0.0,0.0,0.0,0.0,0.0,0.0,0.0,-5997.4,41.40489652764997,73.54822378,0.0,3.0,19.812,0.347,19.688,0.345,0.062,0.001,0.062,0.001,0.19688,0.345,0.0009299999999999,0.0015,0.00155,0.0025,0.5483599999999998,111.796875,1.9567958793476927,382.21875,6.690026666750979,1.676953125,2.935193819021539,13.37765625,23.415093333628427,41.40489652764997,198979,9066.0,4.556259705798099,0.6729507672687154,Watch
753660,14356.0,19673.72663,MEX,Mexico,Chiapas,0.888296331,0.0,0.57,0.6,14356.0,14356.0,0.0,15.0,-9999.0,-9999.0,-9999.0,0.0,1.0,-999.9,-999.9,-999.9,-5997.4,0.0,0.0,0.0,0.0,0.0,0.0,0.0,0.0,0.0,0.0,0.0,-5997.4,3.073380842814656,17.765926620000002,0.0,,,,,,,,,,,,,,,,,18.703125,0.0950665085192196,50.203125,0.2551785228673789,0.280546875,0.1425997627788294,1.757109375,0.8931248300358262,3.073380842814656,1353042,,,0.0005066791160018,Information
753670,14357.0,220.3236801,MEX,Mexico,Chiapas,4.007104221,0.0,0.57,0.6,14357.0,,,,,,,,,,,,,,,,,,,,,,,,,0.7827935790319278,80.14208441999999,0.0,,0.312,0.142,0.25,0.113,0.0,0.0,0.0,0.0,0.0025,0.113,0.0,0.0,0.0,0.0,0.1155,0.140625,0.0638265482526606,0.421875,0.191479644757982,0.002109375,0.0957398223789909,0.014765625,0.6701787566529369,0.7827935790319278,11843,,,0.0006114403478606,Information
753710,14360.0,36147.12847,MEX,Mexico,Yucatán,3.007392742,0.0,0.57,0.6,14360.0,,,,,,,,,,,,,,,,,,,,,,,,,1.96475,60.14785484,0.0,,239.0,0.661,153.875,0.426,0.0,0.0,0.0,0.0,1.53875,0.426,0.0,0.0,0.0,0.0,1.96475,3.65625,0.0101149113481879,18.984375,0.0525197320002064,0.05484375,0.0151723670222818,0.664453125,0.1838190620007224,0.9182883040230042,615265,,,0.0013070505399103,Information
753711,14361.0,7446.435734,MEX,Mexico,Campeche,3.260417677,1.281900815,0.57,0.6,14361.0,,,,,,,,,,,,,,,,,,,,,,,,,65.06612138716895,65.20835354,25.6380163,3.0,22.5,0.302,17.812,0.239,0.188,0.003,1.375,0.018,0.17812,0.239,0.00282,0.0045,0.034375,0.045,0.503815,231.46875,3.108450247336766,694.265625,9.323462254618232,3.47203125,4.662675371005149,24.299296875,32.63211789116381,65.06612138716895,228320,68401.0,29.958391730903994,0.7343512828103048,Watch
753712,14362.0,14686.18369,MEX,Mexico,Campeche,2.990508984,1.1054891,0.57,0.6,14362.0,,,,,,,,,,,,,,,,,,,,,,,,,6.340846888256711,59.81017968,22.109782,,63.0,0.429,40.812,0.278,0.188,0.001,0.188,0.001,0.40812,0.278,0.00282,0.0015,0.0046999999999999,0.0025,0.69764,12.9375,0.0880930013866234,102.234375,0.6961262174790788,0.1940625,0.1321395020799351,3.578203125,2.436441761176776,6.340846888256711,144834,,,0.0324024656064735,Information
753713,14363.0,4634.107889,MEX,Mexico,Campeche,2.506485483,4.000500107,0.57,0.6,14363.0,,,,,,,,,,,,,,,,,,,,,,,,,21.118294084771563,50.12970966,80.01000214,,57.062,1.231,33.5,0.723,0.062,0.001,0.812,0.018,0.335,0.723,0.0009299999999999,0.0015,0.0203,0.045,1.12573,51.75,1.116719792492048,168.890625,3.644512148866711,0.77625,1.675079688738072,5.911171875,12.75579252103349,21.118294084771563,84062,,,0.5218939780319167,Advisory
753714,14364.0,12837.75912,MEX,Mexico,Campeche,3.24669374,1.017098514,0.57,0.6,14364.0,,,,,,,,,,,,,,,,,,,,,,,,,1.2245583864650973,64.9338748,20.34197028,,88.562,0.69,60.125,0.468,0.0,0.0,0.0,0.0,0.60125,0.468,0.0,0.0,0.0,0.0,1.06925,2.25,0.0175264232552432,18.703125,0.1456883933092093,0.03375,0.0262896348828648,0.654609375,0.5099093765822326,1.2245583864650973,64424,,,0.0003973196858167,Information
753715,14365.0,63498.80254,MEX,Mexico,Quintana Roo,2.510039217,2.897757575,0.57,0.6,14365.0,,,,,,,,,,,,,,,,,,,,,,,,,61.85505487012733,50.20078434,57.9551515,3.0,531.062,0.836,349.375,0.55,1.25,0.002,8.625,0.014,3.49375,0.55,0.01875,0.003,0.215625,0.035,4.316125,876.515625,1.3803655973201172,2111.203125,3.3247920283277583,13.147734375,2.070548395980176,35.0,11.636772099147157,61.85505487012733,3929667,248641.0,6.327279130776222,0.6502727553186396,Watch
771180,14427.0,18386.80513,MEX,Mexico,Oaxaca,0.954045303,0.0,0.57,0.6,14427.0,14427.0,0.0,9.0,-9999.0,-9999.0,-9999.0,0.0,2.0,-999.9,-999.9,-999.9,-5995.4,0.0,0.0,0.0,0.0,0.0,0.0,0.0,0.0,0.0,0.0,0.0,-5995.4,0.4526670029724475,19.08090606,0.0,,,,,,,,,,,,,,,,,2.8125,0.0152962952491556,7.171875,0.0390055528853469,0.0421875,0.0229444428737334,0.251015625,0.1365194350987141,0.4526670029724475,1680889,,,1.0740154279118589e-07,Information
771191,14428.0,2495.936322,MEX,Mexico,Oaxaca,2.733981648,0.0,0.57,0.6,14428.0,,,,,,,,,,,,,,,,,,,,,,,,,53.69719304544376,54.67963296,0.0,,1.0,0.04,1.0,0.04,1.25,0.05,1.0,0.04,0.01,0.04,0.01875,0.075,0.025,0.1,0.26875,175.921875,7.048331859656501,231.046875,9.256921858845429,2.638828125,10.572497789484752,8.086640625,32.399226505959,53.69719304544376,131413,,,0.5673392880503325,Advisory
771210,14438.0,3674.795939,MEX,Mexico,Michoacán,4.045999094,0.0,0.57,0.6,14438.0,14438.0,0.0,14.0,-9999.0,-9999.0,-9999.0,0.0,1.0,-999.9,-999.9,-999.9,-5997.4,0.0,0.0,0.0,0.0,0.0,0.0,0.0,0.0,0.0,0.0,0.0,-5997.4,10.120608653771878,80.91998188,0.0,,0.0,0.0,0.0,0.0,1.812,0.049,0.0,0.0,0.0,0.0,0.02718,0.0735,0.0,0.0,0.10068,27.421875,0.7462149043358409,65.953125,1.7947425135051764,0.411328125,1.119322356503761,2.308359375,6.281598797268117,10.120608653771878,49908,,,0.2630182846521839,Information
771300,14447.0,2737.299816,MEX,Mexico,Jalisco,1.727242276,0.0,0.57,0.6,14447.0,,,,,,,,,,,,,,,,,,,,,,,,,2.8530148229018817,34.54484552,0.0,,0.0,0.0,0.0,0.0,1.688,0.062,0.0,0.0,0.0,0.0,0.02532,0.093,0.0,0.0,0.11832,1.828125,0.0667857057287258,16.734375,0.6113460755167981,0.027421875,0.1001785585930887,0.585703125,2.139711264308793,2.8530148229018817,321304,,,0.0008651797052658,Information
771304,14451.0,9754.049499,MEX,Mexico,Jalisco,3.541565049,0.0,0.57,0.6,14451.0,,,,,,,,,,,,,,,,,,,,,,,,,0.8971070543412436,70.83130098,0.0,,7.438,0.076,6.375,0.065,0.375,0.004,0.0,0.0,0.06375,0.065,0.005625,0.006,0.0,0.0,0.140375,2.953125,0.0302758869560829,11.390625,0.1167784211163198,0.044296875,0.0454138304341243,0.398671875,0.4087244739071193,0.8971070543412436,623618,,,0.0002491428608961,Information
771305,14452.0,7038.187164,MEX,Mexico,Jalisco,3.830079171,0.0,0.57,0.6,14452.0,,,,,,,,,,,,,,,,,,,,,,,,,6.817068111259278,76.60158342,0.0,,17.25,0.245,11.625,0.165,2.0,0.028,0.062,0.001,0.11625,0.165,0.03,0.042,0.00155,0.0025,0.3573,32.203125,0.4575485739592382,66.65625,0.947065607234406,0.483046875,0.6863228609388573,2.33296875,3.314729625320421,6.817068111259278,406280,,,0.1087433288713387,Information
771307,14454.0,5371.155866,MEX,Mexico,Jalisco,1.788328822,0.0,0.57,0.6,14454.0,,,,,,,,,,,,,,,,,,,,,,,,,1.7908586850482928,35.76657644,0.0,,13.875,0.258,9.25,0.172,2.188,0.041,0.188,0.003,0.0925,0.172,0.03282,0.0615,0.0046999999999999,0.0075,0.3710199999999999,4.640625,0.0863990008013341,15.890625,0.2958511239560834,0.069609375,0.1295985012020011,0.556171875,1.0354789338462915,1.7908586850482928,271125,,,0.0001719099083362,Information
771309,14456.0,3349.476168,MEX,Mexico,Nayarit,4.031560154,0.0,0.57,0.6,14456.0,,,,,,,,,,,,,,,,,,,,,,,,,16.93170109596272,80.63120308,0.0,,10.75,0.321,8.688,0.259,2.5,0.075,0.062,0.002,0.08688,0.259,0.0375,0.1124999999999999,0.00155,0.005,0.5024299999999999,50.90625,1.5198272043159562,99.5625,2.972479725568224,0.76359375,2.279740806473934,3.4846875,10.403679039488784,16.93170109596272,263204,,,0.4465132142630804,Advisory
771410,14457.0,2399.787415,MEX,Mexico,Nayarit,3.176325728,0.0,0.57,0.6,14457.0,14457.0,0.0,7.0,-9999.0,-9999.0,-9999.0,0.0,4.0,-999.9,-999.9,-999.9,-5991.4,0.0,0.0,0.0,0.0,0.0,0.0,0.0,0.0,0.0,0.0,0.0,-5991.4,5.529535623539673,63.52651456,0.0,,10.625,0.443,10.625,0.443,1.312,0.055,0.188,0.008,0.10625,0.443,0.01968,0.0825,0.0046999999999999,0.02,0.6761300000000001,10.96875,0.4570717360526866,25.875,1.078220505560184,0.16453125,0.6856076040790299,0.905625,3.773771769460644,5.529535623539673,584522,,,0.0296150339027061,Information
771420,14458.0,17791.9713,MEX,Mexico,Zacatecas,2.076088599,0.0,0.57,0.6,14458.0,,,,,,,,,,,,,,,,,,,,,,,,,0.7995749919055088,41.52177198,0.0,,9.25,0.052,9.25,0.052,4.438,0.025,0.5,0.003,0.0925,0.052,0.06657,0.0375,0.0125,0.0075,0.26857,4.921875,0.0276634607601451,12.515625,0.0703442287900832,0.073828125,0.0414951911402176,0.438046875,0.2462048007652912,0.7995749919055088,115421,,,8.840416730051954e-06,Information
771430,14459.0,4054.788656,MEX,Mexico,Nayarit,0.336776557,0.0,0.57,0.6,14459.0,,,,,,,,,,,,,,,,,,,,,,,,,15.271406129042118,6.735531139999999,0.0,,25.188,0.621,25.188,0.621,7.562,0.187,0.312,0.008,0.25188,0.621,0.11343,0.2804999999999999,0.0078,0.02,1.29461,56.8125,1.4011211143099314,101.53125,2.503983773593492,0.8521875,2.101681671464897,3.55359375,8.76394320757722,15.271406129042118,31508,,,0.0351900166465424,Information
771450,14461.0,13807.51221,MEX,Mexico,Zacatecas,0.255116529,0.0,0.57,0.6,14461.0,,,,,,,,,,,,,,,,,,,,,,,,,2.658702544649421,5.102330579999999,0.0,,7.188,0.052,7.188,0.052,3.375,0.024,0.062,0.0,0.07188,0.052,0.050625,0.036,0.00155,0.0,0.212055,16.171875,0.1171237421428941,37.125,0.2688753732671657,0.242578125,0.1756856132143411,1.299375,0.94106380643508,2.658702544649421,2702195,,,0.0001751401145971,Information
771470,14463.0,28952.76676,MEX,Mexico,Jalisco,1.744642973,0.0,0.57,0.6,14463.0,,,,,,,,,,,,,,,,,,,,,,,,,17.898839108556242,34.89285946,0.0,,0.0,0.0,0.0,0.0,13.0,0.045,0.375,0.001,0.0,0.0,0.195,0.0675,0.009375,0.0025,0.274375,144.703125,0.4997903178562837,318.09375,1.098664430506233,2.170546875,0.7496854767844255,11.13328125,3.845325506771816,17.898839108556242,9612273,,,0.0983001173960649,Information
771490,14465.0,17119.94107,MEX,Mexico,Michoacán,0.765994227,0.0,0.57,0.6,14465.0,,,,,,,,,,,,,,,,,,,,,,,,,6.468012371151211,15.31988454,0.0,,0.875,0.005,0.875,0.005,5.562,0.032,0.188,0.001,0.00875,0.005,0.08343,0.048,0.0046999999999999,0.0025,0.15238,18.5625,0.1084261909736386,108.703125,0.6349503456259292,0.2784375,0.1626392864604579,3.804609375,2.222326209690752,6.468012371151211,6236830,,,0.0050554700061935,Information
771510,14466.0,21.77776126,MEX,Mexico,Nayarit,4.117878084,0.0,0.57,0.6,14466.0,,,,,,,,,,,,,,,,,,,,,,,,,35.59235793113363,82.35756168,0.0,3.0,0.312,1.435,0.312,1.435,0.0,0.0,0.0,0.0,0.00312,1.435,0.0,0.0,0.0,0.0,1.43812,0.5625,2.582910122264264,1.96875,9.040185427924923,0.0084375,3.874365183396396,0.06890625,31.64064899773723,35.59235793113363,1617,487.0,30.117501546072972,0.7586054360737269,Watch
771520,14467.0,26916.72813,MEX,Mexico,Durango,2.095946005,0.0,0.57,0.6,14467.0,14467.0,0.0,15.0,-9999.0,-9999.0,-9999.0,0.0,1.0,-999.9,-999.9,-999.9,-5997.4,0.0,0.0,0.0,0.0,0.0,0.0,0.0,0.0,0.0,0.0,0.0,-5997.4,6.342512282599286,41.9189201,0.0,,23.062,0.086,23.062,0.086,1.5,0.006,0.0,0.0,0.23062,0.086,0.0225,0.009,0.0,0.0,0.34812,40.21875,0.1494191634706997,114.890625,0.4268372606837819,0.60328125,0.2241287452060495,4.021171875,1.4939304123932369,6.342512282599286,1037364,,,0.0133949677939716,Information
771531,14469.0,2692.319513,MEX,Mexico,Nayarit,4.045736659,0.0,0.57,0.6,14469.0,,,,,,,,,,,,,,,,,,,,,,,,,72.54640625,80.91473318,0.0,3.0,31.688,1.177,29.5,1.096,9.875,0.367,0.812,0.03,0.295,1.096,0.148125,0.5505,0.0203,0.075,2.184925,299.53125,11.12539758108612,515.8125,19.15866588141966,4.49296875,15.0,18.0534375,35.0,72.54640625,44167,423.0,0.9577286209160686,0.9091125099260176,Warning
771533,14471.0,1801.602166,MEX,Mexico,Sinaloa,4.048193797,0.0,0.57,0.6,14471.0,,,,,,,,,,,,,,,,,,,,,,,,,63.042265625,80.96387594,0.0,3.0,38.812,2.154,31.375,1.742,7.938,0.441,0.062,0.003,0.31375,1.742,0.11907,0.6615,0.00155,0.0075,2.8453699999999995,188.296875,10.45163457937719,291.9375,16.20432665182005,2.824453125,15.0,10.2178125,35.0,63.042265625,43312,55.0,0.12698559290727743,0.8844376978183137,Warning
771535,14473.0,659.5248848,MEX,Mexico,Sinaloa,2.722225068,0.0,0.57,0.6,14473.0,,,,,,,,,,,,,,,,,,,,,,,,,6.8639820559107445,54.44450136,0.0,,5.062,0.768,4.375,0.663,0.0,0.0,0.0,0.0,0.04375,0.663,0.0,0.0,0.0,0.0,0.70675,1.40625,0.2132216740367795,11.53125,1.7484177271015928,0.02109375,0.3198325110551692,0.40359375,6.119462044855575,6.8639820559107445,5453,,,0.0292026417239569,Information
771537,14475.0,1989.87864,MEX,Mexico,Sinaloa,3.930977132,0.0,0.57,0.6,14475.0,,,,,,,,,,,,,,,,,,,,,,,,,4.545906079817112,78.61954264,0.0,,34.438,1.731,31.875,1.602,0.25,0.013,0.0,0.0,0.31875,1.602,0.00375,0.0195,0.0,0.0,1.944,1.40625,0.0706701389527886,20.953125,1.0529850703965509,0.02109375,0.1060052084291829,0.733359375,3.685447746387928,4.545906079817112,465915,,,0.0607810308116762,Information
771538,14476.0,6953.984537,MEX,Mexico,Sinaloa,2.573369317,0.0,0.57,0.6,14476.0,,,,,,,,,,,,,,,,,,,,,,,,,0.232,51.46738634,0.0,,50.938,0.732,9.5,0.137,0.0,0.0,0.0,0.0,0.095,0.137,0.0,0.0,0.0,0.0,0.232,,,,,,,,,,41099,,,4.5646367101871294e-08,Information
771539,14477.0,4398.534755,MEX,Mexico,Sinaloa,4.017281986,0.051031072,0.57,0.6,14477.0,,,,,,,,,,,,,,,,,,,,,,,,,23.65424917902977,80.34563972000001,1.02062144,,20.5,0.466,17.375,0.395,1.5,0.034,0.062,0.001,0.17375,0.395,0.0225,0.051,0.00155,0.0025,0.6463,77.484375,1.761595151945199,173.25,3.9388116646034215,1.162265625,2.642392727917798,6.06375,13.785840826111976,23.65424917902977,60386,,,0.5734809967316209,Advisory
771550,14479.0,1886.530336,MEX,Mexico,Sinaloa,4.04627733,1.007353341,0.57,0.6,14479.0,,,,,,,,,,,,,,,,,,,,,,,,,46.99479577329044,80.92554659999999,20.14706682,3.0,168.5,8.932,56.375,2.988,3.375,0.179,0.25,0.013,0.56375,2.988,0.050625,0.2684999999999999,0.00625,0.0325,3.909625000000001,16.875,0.8944992655269605,297.140625,15.75064123382056,0.253125,1.3417488982904406,10.399921875,35.0,46.99479577329044,233292,3014.0,1.291943144214118,0.8163884052843673,Warning
771560,14480.0,16496.09835,MEX,Mexico,Durango,4.045610523,0.0,0.57,0.6,14480.0,14480.0,0.0,13.0,-9999.0,-9999.0,-9999.0,0.0,1.0,-999.9,-999.9,-999.9,-5997.4,0.0,0.0,0.0,0.0,0.0,0.0,0.0,0.0,0.0,0.0,0.0,-5997.4,2.646095524930172,80.91221046,0.0,,214.562,1.301,62.688,0.38,0.125,0.001,0.0,0.0,0.62688,0.38,0.001875,0.0015,0.0,0.0,1.010255,4.5,0.0272791778043239,45.140625,0.2736442523496247,0.0675,0.0409187667064858,1.579921875,0.9577548832236864,2.646095524930172,860053,,,0.024079445861295,Information
771570,14481.0,7728.533286,MEX,Mexico,Sinaloa,1.94553555,0.130944824,0.57,0.6,14481.0,,,,,,,,,,,,,,,,,,,,,,,,,61.78709032654283,38.910711,2.61889648,3.0,147.0,1.902,32.375,0.419,3.5,0.045,0.125,0.002,0.32375,0.419,0.0525,0.0675,0.003125,0.005,0.8708750000000001,389.671875,5.041989994640815,602.578125,7.7967979527376015,5.845078125,7.562984991961223,21.090234375,27.288792834581606,61.78709032654283,243305,2315.0,0.9514806518567229,0.5045310491958428,Watch
771580,14482.0,12943.66255,MEX,Mexico,Sinaloa,4.000547909,0.0,0.57,0.6,14482.0,,,,,,,,,,,,,,,,,,,,,,,,,4.893148537383273,80.01095817999999,0.0,,9.062,0.07,8.062,0.062,0.062,0.0,0.0,0.0,0.08062,0.062,0.0009299999999999,0.0,0.0,0.0,0.1435499999999999,47.53125,0.367216387231557,58.5,0.4519586304388394,0.71296875,0.5508245808473354,2.0475,1.581855206535938,4.893148537383273,319606,,,0.0796620748900793,Information
771590,14483.0,4262.031738,MEX,Mexico,Sinaloa,4.049470803,0.487518946,0.57,0.6,14483.0,,,,,,,,,,,,,,,,,,,,,,,,,78.53703125,80.98941606,9.75037892,3.0,23.312,0.547,15.5,0.364,0.375,0.009,0.5,0.012,0.155,0.364,0.005625,0.0134999999999999,0.0125,0.03,0.580625,496.125,11.640574978047113,602.71875,14.141582867321407,7.441875,15.0,21.09515625,35.0,78.53703125,551119,2652.0,0.481202789234267,0.9219884295879166,Warning
771601,14484.0,2111.455522,MEX,Mexico,Sinaloa,4.007182576,0.0,0.57,0.6,14484.0,14484.0,0.0,13.0,-9999.0,-9999.0,-9999.0,0.0,1.0,-999.9,-999.9,-999.9,-5997.4,0.0,0.0,0.0,0.0,0.0,0.0,0.0,0.0,0.0,0.0,0.0,-5997.4,10.514484185552885,80.14365151999999,0.0,,,,,,,,,,,,,,,,,32.625,1.5451426590320436,38.390625,1.818206663429948,0.489375,2.317713988548065,1.343671875,6.363723322004819,10.514484185552885,86516,,,0.2624631634421356,Information
771900,14504.0,1311.418151,MEX,Mexico,Sonora,0.0,2.018253186,0.57,0.6,14504.0,,,,,,,,,,,,,,,,,,,,,,,,,20.20147309401576,0.0,40.36506372,,1.0,0.076,1.0,0.076,0.188,0.014,0.125,0.01,0.01,0.076,0.00282,0.021,0.003125,0.025,0.137945,35.71875,2.723673602299611,51.609375,3.935386661590383,0.53578125,4.085510403449416,1.806328125,13.773853315566342,20.20147309401576,0,,,0.1395183043926151,Information
771910,14505.0,15283.34139,MEX,Mexico,Sonora,3.453874114,3.124833817,0.57,0.6,14505.0,,,,,,,,,,,,,,,,,,,,,,,,,37.58249880863977,69.07748228,62.49667633999999,,40.625,0.266,40.125,0.263,1.188,0.008,0.75,0.005,0.40125,0.263,0.01782,0.012,0.01875,0.0125,0.72532,414.0,2.708831723468616,471.65625,3.086080706696243,6.21,4.063247585202924,16.50796875,10.80128247343685,37.58249880863977,273268,,,0.5773245996426003,Advisory
771930,14507.0,52.34331666,MEX,Mexico,Sonora,0.841260068,4.074786708,0.57,0.6,14507.0,,,,,,,,,,,,,,,,,,,,,,,,,50.5821875,16.82520136,81.49573416000001,3.0,0.062,0.119,0.062,0.119,0.0,0.0,0.0,0.0,0.00062,0.119,0.0,0.0,0.0,0.0,0.1196199999999999,10.265625,19.61210266193249,12.234375,23.37332782997434,0.153984375,15.0,0.428203125,35.0,50.5821875,6333,9.0,0.14211274277593558,0.8426955542567243,Warning
771990,14513.0,14271.7603,MEX,Mexico,Sonora,0.599813458,3.84505642,0.57,0.6,14513.0,14513.0,0.0,1.0,-9999.0,-9999.0,-9999.0,0.0,10.0,-999.9,-999.9,-999.9,-5979.4,0.0,0.0,0.0,0.0,0.0,0.0,0.0,0.0,0.0,0.0,0.0,-5979.4,82.98137870348555,11.99626916,76.9011284,3.0,52.938,0.371,52.125,0.365,3.5,0.025,4.375,0.031,0.52125,0.365,0.0525,0.0375,0.109375,0.0775,1.1631249999999995,776.109375,5.438077424524117,1149.1875,8.05217769762839,11.641640625,8.157116136786176,35.0,28.182621941699363,82.98137870348555,237001,2520.0,1.0632866527989333,0.8995219700129954,Warning
772100,14515.0,5068.256227,MEX,Mexico,Sonora,3.040847127,0.0,0.57,0.6,14515.0,14515.0,0.0,3.0,-9999.0,-9999.0,-9999.0,0.0,8.0,-999.9,-999.9,-999.9,-5983.4,0.0,0.0,0.0,0.0,0.0,0.0,0.0,0.0,0.0,0.0,0.0,-5983.4,24.90546011036073,60.81694254,0.0,,15.312,0.302,10.75,0.212,3.812,0.075,4.0,0.079,0.1075,0.212,0.05718,0.1124999999999999,0.1,0.1975,0.78668,149.625,2.952198809371129,175.21875,3.4571801846582955,2.244375,4.428298214056693,6.13265625,12.100130646304034,24.90546011036073,470748,,,0.3252177081413259,Information
774111,14670.0,49879.31629,MEX,Mexico,Baja California Sur,4.021619509,2.215811467,0.57,0.6,14670.0,,,,,,,,,,,,,,,,,,,,,,,,,64.78330708649142,80.43239018,44.31622934,3.0,56.75,0.114,55.125,0.111,19.312,0.039,9.625,0.019,0.55125,0.111,0.28968,0.0584999999999999,0.240625,0.0475,1.298555,1020.375,2.045687623380534,1669.5,3.3470787575487453,15.0,3.068531435070801,35.0,11.71477565142061,64.78330708649142,997037,17266.0,1.7317311193065053,0.8843803026964654,Warning
774117,14675.0,6390.945056,MEX,Mexico,Baja California Sur,3.136831139,2.80464425,0.57,0.6,14675.0,,,,,,,,,,,,,,,,,,,,,,,,,13.32469009382405,62.73662278,56.092885,,32.812,0.513,26.625,0.417,1.438,0.022,0.125,0.002,0.26625,0.417,0.02157,0.033,0.003125,0.005,0.745945,80.578125,1.2608170511939858,113.90625,1.7823068262951631,1.208671875,1.8912255767909787,3.98671875,6.238073892033071,13.32469009382405,772,,,0.15188266735212,Information
774119,14677.0,11641.74448,MEX,Mexico,Baja California Sur,0.270028016,2.673632466,0.57,0.6,14677.0,,,,,,,,,,,,,,,,,,,,,,,,,23.21921358454513,5.400560319999999,53.47264932,,30.812,0.265,26.312,0.226,4.812,0.041,0.125,0.001,0.26312,0.226,0.07218,0.0615,0.003125,0.0025,0.628425,184.640625,1.586021968476442,277.734375,2.3856766090944195,2.769609375,2.379032952714663,9.720703125,8.349868131830469,23.21921358454513,17103,,,0.2435087819660415,Information
753505,16321.0,231.078794,MEX,Mexico,Tabasco,3.061032255,0.0,0.57,0.6,16321.0,,,,,,,,,,,,,,,,,,,,,,,,,54.05703125,61.220645100000006,0.0,3.0,1.0,0.433,1.0,0.433,0.0,0.0,0.0,0.0,0.01,0.433,0.0,0.0,0.0,0.0,0.443,60.46875,26.16802214684378,90.0,38.94775389297679,0.90703125,15.0,3.15,35.0,54.05703125,9787,3247.0,33.176662920200265,0.6301126090173732,Watch
771159,16334.0,25333.49433,MEX,Mexico,Chiapas,4.061963528,1.021119454,0.57,0.6,16334.0,16334.0,0.0,15.0,2.0,2.0,-9999.0,0.0,1.0,0.2,0.2,-999.9,-330.1,0.0,0.0,0.0,0.0,0.0,0.0,0.0,0.0,0.0,0.0,0.0,-330.1,72.0963198088402,81.23927056,20.42238908,3.0,30.062,0.119,27.562,0.109,1.5,0.006,3.375,0.013,0.27562,0.109,0.0225,0.009,0.084375,0.0325,0.532995,919.265625,3.628657038463691,1293.046875,5.1040999646127645,13.788984375,5.442985557695536,35.0,17.864349876144676,72.0963198088402,4289896,28824.0,0.6719044004796387,0.9108869801097668,Warning
753628,14351.0,4437.346353,GTM,Guatemala,Huehuetenango,0.278750291,0.0,0.49,0.71,14351.0,14351.0,0.0,15.0,2.0,2.0,2.0,0.0,1.0,0.2,0.2,0.2,-1496.95,0.0,0.0,0.0,0.0,0.0,0.0,0.0,0.0,0.0,0.0,0.0,-1496.95,-1496.95,5.57500582,0.0,,,,,,,,,,,,,,,,,,,,,,,,,,696884,,,,
753640,14354.0,13973.58719,GTM,Guatemala,Petén,4.04757778,0.0,0.49,0.71,14354.0,14354.0,0.0,15.0,2.0,-9999.0,-9999.0,0.0,1.0,0.2,-999.9,-999.9,-3997.2,0.0,0.0,0.0,0.0,0.0,0.0,0.0,0.0,0.0,0.0,0.0,-3997.2,8.417606475905943,80.9515556,0.0,,46.312,0.331,31.688,0.227,0.125,0.001,0.0,0.0,0.31688,0.227,0.001875,0.0015,0.0,0.0,0.5472549999999999,32.765625,0.2344825602281699,126.140625,0.9027075387324824,0.491484375,0.3517238403422548,4.414921875,3.1594763855636887,8.417606475905943,356486,,,0.2070614015405887,Information
753650,14355.0,7222.847714,GTM,Guatemala,Petén,3.328674552,0.0,0.49,0.71,14355.0,14355.0,0.0,15.0,-9999.0,-9999.0,-9999.0,0.0,1.0,-999.9,-999.9,-999.9,-5997.4,0.0,0.0,0.0,0.0,0.0,0.0,0.0,0.0,0.0,0.0,0.0,-5997.4,8.024199861550631,66.57349104,0.0,,10.312,0.143,8.875,0.123,0.0,0.0,0.0,0.0,0.08875,0.123,0.0,0.0,0.0,0.0,0.21175,23.203125,0.3212462164253464,86.203125,1.1934783676893177,0.348046875,0.4818693246380195,3.017109375,4.177174286912612,8.024199861550631,135521,,,0.0768061898444948,Information
753680,14358.0,12097.07099,GTM,Guatemala,Petén,1.423420981,0.0,0.49,0.71,14358.0,14358.0,0.0,15.0,-9999.0,-9999.0,-9999.0,0.0,1.0,-999.9,-999.9,-999.9,-5997.4,0.0,0.0,0.0,0.0,0.0,0.0,0.0,0.0,0.0,0.0,0.0,-5997.4,1.5592139376613818,28.46841962,0.0,,,,,,,,,,,,,,,,,5.0625,0.0418489732385663,22.21875,0.1836704936581521,0.0759375,0.0627734598578494,0.77765625,0.6428467278035324,1.5592139376613818,563339,,,6.513245414898418e-05,Information
753690,14359.0,13302.85676,GTM,Guatemala,Quiché,2.896645155,0.0,0.49,0.71,14359.0,14359.0,0.0,15.0,-9999.0,-9999.0,-9999.0,0.0,1.0,-999.9,-999.9,-999.9,-4997.3,0.0,0.0,0.0,0.0,0.0,0.0,0.0,0.0,0.0,0.0,0.0,-4997.3,1.1725563934080945,57.9329031,0.0,,,,,,,,,,,,,,,,,2.953125,0.0221991791209453,17.859375,0.1342521784933361,0.044296875,0.0332987686814179,0.625078125,0.4698826247266763,1.1725563934080945,1587285,,,0.0001717447964788,Information
753718,14368.0,16366.22298,GTM,Guatemala,Zacapa,1.995704926,0.0,0.49,0.71,14368.0,14368.0,0.0,15.0,-9999.0,-9999.0,-9999.0,0.0,1.0,-999.9,-999.9,-999.9,-4441.68888888889,0.0,0.0,0.0,0.0,0.0,0.0,0.0,0.0,0.0,0.0,0.0,-4441.68888888889,0.3341596539364179,39.91409852,0.0,,,,,,,,,,,,,,,,,0.703125,0.0042961958961497,5.625,0.0343695671691981,0.010546875,0.0064442938442245,0.196875,0.1202934850921933,0.3341596539364179,4343635,,,1.0407290277789535e-07,Information
771150,14417.0,552.9250736,GTM,Guatemala,Sololá,4.148788717,0.0,0.49,0.71,14417.0,,,,,,,,,,,,,,,,,,,,,,,,,9.876815117648556,82.97577434000002,0.0,,1.312,0.237,0.562,0.102,0.25,0.045,0.0,0.0,0.00562,0.102,0.00375,0.0675,0.0,0.0,0.17887,1.6875,0.305195058184192,14.0625,2.5432921515349336,0.0253125,0.457792587276288,0.4921875,8.901522530372267,9.876815117648556,382662,,,0.293066864055713,Information
771152,14419.0,2189.93074,GTM,Guatemala,Jutiapa,2.269663574,0.0,0.49,0.71,14419.0,14419.0,0.0,15.0,-9999.0,-9999.0,-9999.0,0.0,1.0,-999.9,-999.9,-999.9,-5997.4,0.0,0.0,0.0,0.0,0.0,0.0,0.0,0.0,0.0,0.0,0.0,-5997.4,0.2426582646660757,45.39327148,0.0,,,,,,,,,,,,,,,,,0.28125,0.0128428719139403,1.125,0.0513714876557615,0.00421875,0.0192643078709104,0.039375,0.1798002067951652,0.2426582646660757,693287,,,3.0429590383431424e-08,Information
771153,14420.0,556.7220892,GTM,Guatemala,Jutiapa,4.13486436,0.0,0.49,0.71,14420.0,,,,,,,,,,,,,,,,,,,,,,,,,18.439339279534448,82.6972872,0.0,,1.125,0.202,0.938,0.168,0.062,0.011,0.312,0.056,0.00938,0.168,0.0009299999999999,0.0165,0.0078,0.14,0.3426099999999999,7.734375,1.3892703647858198,24.46875,4.395146244958776,0.116015625,2.0839055471787296,0.85640625,15.383011857355717,18.439339279534448,39408,,,0.5253648263703741,Advisory
771154,14421.0,2096.60772,GTM,Guatemala,Santa Rosa,2.344840889,0.0,0.49,0.71,14421.0,14421.0,0.0,15.0,-9999.0,-9999.0,-9999.0,0.0,1.0,-999.9,-999.9,-999.9,-5997.4,0.0,0.0,0.0,0.0,0.0,0.0,0.0,0.0,0.0,0.0,0.0,-5997.4,0.9087134887814944,46.89681778,0.0,,,,,,,,,,,,,,,,,0.0,0.0,4.5,0.2146324253661413,0.0,0.0,0.1575,0.7512134887814945,0.9087134887814944,361242,,,2.3713027634611357e-05,Information
771155,14422.0,287.068379,GTM,Guatemala,Santa Rosa,4.028102644,0.0,0.49,0.71,14422.0,,,,,,,,,,,,,,,,,,,,,,,,,17.93984982228489,80.56205288,0.0,,0.562,0.196,0.375,0.131,0.0,0.0,0.0,0.0,0.00375,0.131,0.0,0.0,0.0,0.0,0.13475,3.515625,1.2246646644862986,12.796875,4.457779378730127,0.052734375,1.836996996729448,0.447890625,15.602227825555444,17.93984982228489,15310,,,0.4680380185539052,Advisory
771156,14423.0,3018.818624,GTM,Guatemala,Escuintla,2.08689924,0.0,0.49,0.71,14423.0,14423.0,0.0,13.0,2.0,-9999.0,-9999.0,0.0,1.0,0.2,-999.9,-999.9,-2663.733333333333,0.0,0.0,0.0,0.0,0.0,0.0,0.0,0.0,0.0,0.0,0.0,-2663.733333333333,6.040271081540016,41.73798480000001,0.0,,3.0,0.099,1.812,0.06,0.062,0.002,0.375,0.012,0.01812,0.06,0.0009299999999999,0.003,0.009375,0.03,0.1214249999999999,8.71875,0.2888133102966677,36.28125,1.2018360331700042,0.13078125,0.4332199654450015,1.26984375,4.206426116095015,6.040271081540016,2122064,,,0.011710349278114,Information
771157,14424.0,5086.357958,GTM,Guatemala,Escuintla,1.788454059,0.0,0.49,0.71,14424.0,14424.0,0.0,15.0,2.0,2.0,2.0,0.0,1.0,0.2,0.2,0.2,3.2,0.0,0.0,0.0,0.0,0.0,0.0,0.0,0.0,0.0,0.0,0.0,3.2,3.2012412678618487,35.76908118,0.0,,,,,,,,,,,,,,,,,6.328125,0.1244136777573722,28.125,0.5529496789216545,0.094921875,0.1866205166360583,0.984375,1.9353238762257907,3.2012412678618487,1342414,,,0.0013545763005999,Information
771158,14425.0,1552.095598,GTM,Guatemala,Suchitepéquez,4.211357038,0.0,0.49,0.71,14425.0,14425.0,0.0,15.0,3.0,2.0,2.0,0.0,1.0,0.3,0.2,0.2,3.4,0.0,0.0,0.0,0.0,0.0,0.0,0.0,0.0,0.0,0.0,0.0,3.4,3.4,84.22714076,0.0,,,,,,,,,,,,,,,,,0.0,0.0,0.84375,0.0543619865195552,0.0,0.0,0.02953125,0.1902669528184432,0.2197982028184432,413307,,,0.0624514707952256,Information
753716,14366.0,12768.96184,BLZ,Belize,Orange Walk,2.529604414,0.0,0.63,0.51,14366.0,,,,,,,,,,,,,,,,,,,,,,,,,3.681088266625302,50.59208828,0.0,,24.375,0.191,17.062,0.134,0.0,0.0,0.062,0.0,0.17062,0.134,0.0,0.0,0.00155,0.0,0.30617,9.0,0.0704834121689504,55.125,0.4317108995348217,0.135,0.1057251182534256,1.929375,1.510988148371876,3.681088266625302,131397,,,0.0047034360813312,Information
753717,14367.0,34883.47222,BLZ,Belize,Cayo,3.765851364,0.33925139,0.63,0.51,14367.0,14367.0,0.0,15.0,-9999.0,-9999.0,-9999.0,0.0,1.0,-999.9,-999.9,-999.9,-5997.4,0.0,0.0,0.0,0.0,0.0,0.0,0.0,0.0,0.0,0.0,0.0,-5997.4,59.09731967477614,75.31702728,6.7850278,3.0,69.125,0.198,54.625,0.157,0.062,0.0,0.688,0.002,0.54625,0.157,0.0009299999999999,0.0,0.0171999999999999,0.005,0.72638,662.765625,1.8999416707345853,1126.828125,3.2302636553355044,9.941484375,2.849912506101878,35.0,11.305922793674265,59.09731967477614,1941550,93519.0,4.816718601117664,0.808688063311632,Warning
753719,14369.0,5050.983833,HND,Honduras,Santa Barbara,3.324771503,0.0,0.5,0.69,14369.0,14369.0,0.0,15.0,-9999.0,-9999.0,-9999.0,0.0,1.0,-999.9,-999.9,-999.9,-5997.4,0.0,0.0,0.0,0.0,0.0,0.0,0.0,0.0,0.0,0.0,0.0,-5997.4,2.9709659979259584,66.49543006,0.0,,,,,,,,,,,,,,,,,10.6875,0.2115924412445315,23.90625,0.4732988817311889,0.1603125,0.3173886618667972,0.83671875,1.6565460860591612,2.9709659979259584,1742679,,,0.0077008140883998,Information
753720,14370.0,21930.85922,HND,Honduras,Comayagua,3.254793506,0.0,0.5,0.69,14370.0,14370.0,0.0,15.0,-9999.0,-9999.0,-9999.0,0.0,1.0,-999.9,-999.9,-999.9,-5997.4,0.0,0.0,0.0,0.0,0.0,0.0,0.0,0.0,0.0,0.0,0.0,-5997.4,4.61806801458643,65.09587012,0.0,,13.312,0.061,7.25,0.033,0.625,0.003,1.0,0.005,0.0725,0.033,0.009375,0.0045,0.025,0.0125,0.156875,33.609375,0.1532515195571522,76.21875,0.347541102928772,0.504140625,0.2298772793357282,2.66765625,1.216393860250702,4.61806801458643,2210972,,,0.0215557205408481,Information
753730,14371.0,27508.78897,HND,Honduras,Colón,4.08790243,0.494283658,0.5,0.69,14371.0,14371.0,0.0,15.0,-9999.0,-9999.0,-9999.0,0.0,1.0,-999.9,-999.9,-999.9,-5997.4,0.0,0.0,0.0,0.0,0.0,0.0,0.0,0.0,0.0,0.0,0.0,-5997.4,14.998295913374804,81.7580486,9.88567316,,26.562,0.097,23.062,0.084,0.75,0.003,0.0,0.0,0.23062,0.084,0.01125,0.0045,0.0,0.0,0.33037,125.296875,0.4554794293424892,260.578125,0.9472540769603058,1.879453125,0.6832191440137338,9.120234375,3.3153892693610705,14.998295913374804,1185806,,,0.4223882961794431,Advisory
753740,14372.0,23565.07602,HND,Honduras,Olancho,2.07965915,0.0,0.5,0.69,14372.0,14372.0,0.0,15.0,2.0,2.0,2.0,0.0,1.0,0.2,0.2,0.2,-663.5333333333333,0.0,0.0,0.0,0.0,0.0,0.0,0.0,0.0,0.0,0.0,0.0,-663.5333333333333,1.357033675454386,41.593183,0.0,,,,,,,,,,,,,,,,,4.78125,0.0202895589895928,25.171875,0.1068185605628562,0.07171875,0.0304343384843892,0.881015625,0.3738649619699967,1.357033675454386,688916,,,8.42357403490358e-05,Information
753750,14373.0,7935.706828,HND,Honduras,Gracias a Dios,4.195390645,3.062686655,0.5,0.69,14373.0,,,,,,,,,,,,,,,,,,,,,,,,,37.7741415023343,83.9078129,61.2537331,3.0,67.125,0.846,53.188,0.67,5.75,0.072,0.125,0.002,0.53188,0.67,0.08625,0.1079999999999999,0.003125,0.005,1.4042549999999998,282.09375,3.554740064466354,356.625,4.4939286158956495,4.23140625,5.33211009669953,12.481875,15.728750155634774,37.7741415023343,35312,6368.0,18.033529678296333,0.8032509974900726,Warning
771120,14415.0,8106.155183,HND,Honduras,Francisco Morazán,2.283941242,0.0,0.5,0.69,14415.0,14415.0,0.0,15.0,2.0,2.0,2.0,0.0,1.0,0.2,0.2,0.2,3.2,0.0,0.0,0.0,0.0,0.0,0.0,0.0,0.0,0.0,0.0,0.0,3.2,4.378613724010018,45.67882484,0.0,,,,,,,,,,,,,,,,,18.140625,0.2237882768273259,48.234375,0.5950339453625798,0.272109375,0.3356824152409888,1.688203125,2.082618808769029,4.378613724010018,1890297,,,0.0058981184058574,Information
753760,14374.0,24656.65199,NIC,Nicaragua,Jinotega,3.052870763,0.0,0.56,0.61,14374.0,14374.0,0.0,15.0,5.0,2.0,2.0,0.0,1.0,0.5,0.2,0.2,3.6,0.0,0.0,0.0,0.0,0.0,0.0,0.0,0.0,0.0,0.0,0.0,3.6,3.6,61.05741526,0.0,,,,,,,,,,,,,,,,,2.953125,0.0119769910394109,20.109375,0.081557605649322,0.044296875,0.0179654865591163,0.703828125,0.285451619772627,1.0515421063317434,1182404,,,0.0086292352165377,Information
753770,14375.0,24861.13489,NIC,Nicaragua,Atlántico Norte,4.05019626,1.131449738,0.56,0.61,14375.0,,,,,,,,,,,,,,,,,,,,,,,,,32.911862043073164,81.0039252,22.62899476,3.0,46.938,0.189,38.875,0.156,1.5,0.006,0.0,0.0,0.38875,0.156,0.0225,0.009,0.0,0.0,0.5762499999999999,298.828125,1.2019890739286103,542.53125,2.182246516337214,4.482421875,1.802983610892916,18.98859375,7.637862807180249,32.911862043073164,420436,2314.0,0.550381033022862,0.7087033856887796,Watch
753790,14377.0,26384.06198,NIC,Nicaragua,Atlántico Sur,3.914751458,0.0,0.56,0.61,14377.0,14377.0,0.0,15.0,3.0,-9999.0,-9999.0,0.0,1.0,0.3,-999.9,-999.9,-3997.0,0.0,0.0,0.0,0.0,0.0,0.0,0.0,0.0,0.0,0.0,0.0,-3997.0,18.55854812917235,78.29502916,0.0,,,,,,,,,,,,,,,,,86.0625,0.3261912439972287,347.625,1.3175567894790026,1.2909375,0.489286865995843,12.166875,4.611448763176509,18.55854812917235,436114,,,0.437775792534811,Advisory
753803,14380.0,545.3272309,NIC,Nicaragua,Río San Juan,4.087250123,0.0,0.56,0.61,14380.0,,,,,,,,,,,,,,,,,,,,,,,,,3.06975,81.74500246,0.0,,16.25,2.98,15.875,2.911,0.0,0.0,0.0,0.0,0.15875,2.911,0.0,0.0,0.0,0.0,3.06975,0.0,0.0,2.53125,0.4641708421120798,0.0,0.0,0.08859375,1.6245979473922794,1.7131916973922794,579,,,0.037305951857512,Information
753805,14382.0,3459.469914,NIC,Nicaragua,Río San Juan,3.801377158,0.0,0.56,0.61,14382.0,14382.0,0.0,15.0,-9999.0,-9999.0,-9999.0,0.0,1.0,-999.9,-999.9,-999.9,-5997.4,0.0,0.0,0.0,0.0,0.0,0.0,0.0,0.0,0.0,0.0,0.0,-5997.4,0.2297895231420152,76.02754316000001,0.0,,,,,,,,,,,,,,,,,0.0,0.0,1.6875,0.0487791494691472,0.0,0.0,0.0590625,0.1707270231420152,0.2297895231420152,104853,,,1.6799345232926266e-06,Information
771118,14413.0,3706.366418,NIC,Nicaragua,Chinandega,4.017361739,0.0,0.56,0.61,14413.0,,,,,,,,,,,,,,,,,,,,,,,,,26.16059842843357,80.34723478000001,0.0,3.0,6.812,0.184,5.562,0.15,0.938,0.025,0.5,0.013,0.05562,0.15,0.01407,0.0375,0.0125,0.0325,0.30219,43.734375,1.1799797986020952,183.375,4.94756803015155,0.656015625,1.769969697903143,6.418125,17.316488105530425,26.16059842843357,149735,3250.0,2.1705012188199153,0.6125748595643625,Watch
771119,14414.0,2499.334711,NIC,Nicaragua,Chinandega,3.678021618,0.0,0.56,0.61,14414.0,,,,,,,,,,,,,,,,,,,,,,,,,19.76905265779753,73.56043236,0.0,,3.812,0.153,3.438,0.138,0.0,0.0,0.0,0.0,0.03438,0.138,0.0,0.0,0.0,0.0,0.17238,33.1875,1.3278533625899032,98.71875,3.94980110397505,0.4978125,1.9917800438848547,3.45515625,13.824303863912675,19.76905265779753,166955,,,0.3856235799157308,Advisory
753901,16323.0,1361.805524,CRI,Costa Rica,Limón,0.183138438,0.0,0.68,0.44,16323.0,,,,,,,,,,,,,,,,,,,,,,,,,0.91238,3.66276876,0.0,,12.562,0.922,10.938,0.803,0.0,0.0,0.0,0.0,0.10938,0.803,0.0,0.0,0.0,0.0,0.91238,,,,,,,,,,115871,,,1.584479590773176e-06,Information
771117,16332.0,11575.64192,CRI,Costa Rica,Guanacaste,3.016812556,0.986425534,0.68,0.44,16332.0,,,,,,,,,,,,,,,,,,,,,,,,,38.13548254808289,60.33625112,19.72851068,,5.688,0.049,5.188,0.045,0.125,0.001,0.125,0.001,0.0518799999999999,0.045,0.001875,0.0015,0.003125,0.0025,0.10588,82.6875,0.714323236246795,549.140625,4.743932376775057,1.2403125,1.0714848543701925,19.219921875,16.6037633187127,38.13548254808289,984699,,,0.4843285951097673,Advisory
762011,14394.0,6471.96729,CUB,Cuba,Granma,4.011737624,0.0,-9999.0,0.6,14394.0,,,,,,,,,,,,,,,,,,,,,,,,,41.592516176275794,80.23475248,0.0,3.0,1.188,0.018,1.188,0.018,2.938,0.045,1.562,0.024,0.01188,0.018,0.04407,0.0675,0.03905,0.06,0.2405,225.84375,3.489568779932787,370.125,5.718894787536175,3.38765625,5.2343531698991805,12.954375,20.016131756376613,41.592516176275794,960729,30088.0,3.1317884648012084,0.7715602595699824,Watch
762012,14395.0,9076.78113,CUB,Cuba,Granma,0.962110513,0.0,-9999.0,0.6,14395.0,,,,,,,,,,,,,,,,,,,,,,,,,18.99077538017592,19.24221026,0.0,,0.938,0.01,0.938,0.01,2.188,0.024,1.375,0.015,0.00938,0.01,0.03282,0.036,0.034375,0.0375,0.160075,111.515625,1.2285811831148556,210.375,2.317726923001039,1.672734375,1.842871774672284,7.363125,8.112044230503637,18.99077538017592,1288284,,,0.0738783185089163,Information
762015,14397.0,12520.18163,CUB,Cuba,Cienfuegos,2.5016692,0.079273341,-9999.0,0.6,14397.0,,,,,,,,,,,,,,,,,,,,,,,,,33.039500628095695,50.033384,1.58546682,,13.812,0.11,7.562,0.06,10.375,0.083,1.25,0.01,0.07562,0.06,0.155625,0.1245,0.03125,0.025,0.471995,174.234375,1.391628174529977,450.140625,3.5953202475144925,2.613515625,2.087442261794965,15.754921875,12.583620866300723,33.039500628095695,712306,,,0.3395647604959935,Information
762020,14400.0,2856.943633,CUB,Cuba,Isla de la Juventud,2.298045932,0.018031688,-9999.0,0.6,14400.0,,,,,,,,,,,,,,,,,,,,,,,,,48.29254097439127,45.96091864,0.36063376,,21.625,0.757,18.25,0.639,12.688,0.444,0.375,0.013,0.1825,0.639,0.19032,0.666,0.009375,0.0325,1.719695,116.578125,4.080518903029795,256.640625,8.983048248527595,1.748671875,6.120778354544692,8.982421875,31.440668869846583,48.29254097439127,83331,,,0.4552410777435026,Advisory
762013,16326.0,16168.59811,CUB,Cuba,Camagüey,3.127974631,0.050311306,-9999.0,0.6,16326.0,,,,,,,,,,,,,,,,,,,,,,,,,72.294042351259,62.55949262,1.00622612,3.0,1.688,0.01,1.688,0.01,29.188,0.181,1.75,0.011,0.01688,0.01,0.43782,0.2714999999999999,0.04375,0.0274999999999999,0.8074499999999999,598.640625,3.702489362000754,1051.453125,6.503056838073676,8.979609375,5.553734043001131,35.0,22.760698933257867,72.294042351259,1198391,21268.0,1.7747129275837352,0.7447272462447103,Watch
762017,16327.0,31487.22844,CUB,Cuba,Pinar del Río,3.490986081,0.293425889,-9999.0,0.6,16327.0,,,,,,,,,,,,,,,,,,,,,,,,,75.89040788778027,69.81972162,5.86851778,3.0,117.688,0.374,102.375,0.325,18.75,0.06,2.688,0.009,1.02375,0.325,0.28125,0.09,0.0672,0.0225,1.8097,1155.375,3.669344865639762,1834.03125,5.8246830255201765,15.0,5.504017298459643,35.0,20.38639058932062,75.89040788778027,4724180,39451.0,0.8350867240452311,0.821762214195566,Warning
762019,16328.0,28682.02718,CUB,Cuba,Holguin,3.072002111,1.26143852,-9999.0,0.6,16328.0,,,,,,,,,,,,,,,,,,,,,,,,,71.92488383263529,61.44004222,25.2287704,3.0,6.812,0.024,6.438,0.022,14.688,0.051,3.375,0.012,0.0643799999999999,0.022,0.22032,0.0765,0.084375,0.03,0.497575,854.015625,2.977528818148382,1610.15625,5.613816065832204,12.810234375,4.466293227222573,35.0,19.64835623041272,71.92488383263529,1675183,74401.0,4.441365510514374,0.733491752468592,Watch
763000,14402.0,11285.76784,JAM,Jamaica,Clarendon,1.39730762,2.529082609,0.66,0.47,14402.0,,,,,,,,,,,,,,,,,,,,,,,,,23.227415582593,27.946152400000003,50.58165218,,0.688,0.006,0.688,0.006,7.812,0.069,0.0,0.0,0.00688,0.006,0.11718,0.1035,0.0,0.0,0.23356,94.21875,0.8348457218483935,311.484375,2.7599750356629724,1.41328125,1.25226858277259,10.901953125,9.659912624820404,23.227415582593,2782925,,,0.2251279467669982,Information
764001,14403.0,75733.43925,HTI,Haiti,San Juan,1.558532629,0.188021485,0.35,0.9,14403.0,14403.0,0.0,15.0,-9999.0,-9999.0,-9999.0,0.0,1.0,-999.9,-999.9,-999.9,-5597.34,0.0,0.0,0.0,0.0,0.0,0.0,0.0,0.0,0.0,0.0,0.0,-5597.34,49.32959795178876,31.17065258,3.7604297,,115.875,0.153,71.688,0.095,8.188,0.011,1.312,0.002,0.7168800000000001,0.095,0.12282,0.0165,0.0328,0.005,0.989,463.21875,0.6116436208415219,1398.65625,1.846814648721851,6.94828125,0.9174654312622827,35.0,6.463851270526479,49.32959795178876,26193120,,,0.3695271539801861,Advisory
771140,14416.0,18324.06145,SLV,El Salvador,Chalatenango,1.343359012,0.0,0.55,0.63,14416.0,14416.0,0.0,15.0,-9999.0,-9999.0,-9999.0,0.0,1.0,-999.9,-999.9,-999.9,-5997.4,0.0,0.0,0.0,0.0,0.0,0.0,0.0,0.0,0.0,0.0,0.0,-5997.4,5.889595648518496,26.867180240000003,0.0,,4.812,0.026,4.125,0.023,0.5,0.003,1.062,0.006,0.04125,0.023,0.0075,0.0045,0.02655,0.015,0.1178,20.390625,0.1112778684850274,100.125,0.5464127059402728,0.305859375,0.166916802727541,3.504375,1.912444470790955,5.889595648518496,4541062,,,0.005882930717777,Information
771151,14418.0,4342.655261,SLV,El Salvador,La Libertad,4.029714959,0.003214343,0.55,0.63,14418.0,,,,,,,,,,,,,,,,,,,,,,,,,7.398650570971491,80.59429918,0.06428686,,2.25,0.052,2.188,0.05,0.0,0.0,0.375,0.009,0.02188,0.05,0.0,0.0,0.009375,0.0225,0.1037549999999999,7.59375,0.17486421427022,60.75,1.3989137141617605,0.11390625,0.26229632140533,2.12625,4.896197999566161,7.398650570971491,1567841,,,0.1674554763531638,Information
771130,16333.0,10654.80891,SLV,El Salvador,La Unión,3.754746058,1.698542186,0.55,0.63,16333.0,16333.0,0.0,15.0,3.0,2.0,2.0,0.0,1.0,0.3,0.2,0.2,3.4,0.0,0.0,0.0,0.0,0.0,0.0,0.0,0.0,0.0,0.0,0.0,3.4,48.28290534094016,75.09492116,33.970843720000005,3.0,33.25,0.312,16.562,0.155,0.625,0.006,1.125,0.011,0.16562,0.155,0.009375,0.009,0.028125,0.0274999999999999,0.3946200000000001,239.34375,2.2463448386093865,609.046875,5.71616891657888,3.59015625,3.3695172579140795,21.316640625,20.00659120802608,48.28290534094016,1290360,26747.0,2.072832387860752,0.7460162538466677,Watch
184000,16057.0,2263.817324,COM,Comoros,Njazídja,4.008847863,2.572211297,0.49,0.71,16057.0,,,,,,,,,,,,,,,,,,,,,,,,,28.129844612126124,80.17695726,51.44422594,3.0,15.312,0.676,14.688,0.649,1.625,0.072,0.312,0.014,0.14688,0.649,0.024375,0.1079999999999999,0.0078,0.035,0.971055,0.0,0.0,148.359375,6.553504710607464,0.0,0.0,5.192578125,22.937266487126124,28.129844612126124,1162426,84682.0,7.2849368475928795,0.6368254213553283,Watch
614000,16252.0,11223.7106,TTO,Trinidad and Tobago,San Fernando,4.012295046,0.082883588,0.71,0.4,16252.0,,,,,,,,,,,,,,,,,,,,,,,,,29.4277920862704,80.24590092,1.65767176,3.0,79.062,0.704,57.938,0.516,4.188,0.037,0.438,0.004,0.57938,0.516,0.06282,0.0554999999999999,0.01095,0.01,1.2346500000000002,63.28125,0.5638175491412534,417.515625,3.719942896445292,0.94921875,0.8457263237118801,14.613046875,13.01980013755852,29.4277920862704,3445421,57844.0,1.6788659499085887,0.6548981038190591,Watch
185000,,,,,,,,,,,,,,,,,,,,,,,,,,,,,,,,,,,36.141875,,,,1.812,0.653,1.812,0.653,0.062,0.023,0.062,0.023,0.01812,0.653,0.0009299999999999,0.0345,0.00155,0.0574999999999999,0.7656000000000001,0.0,0.0,32.625,11.75515204459984,0.0,0.0,1.141875,35.0,36.141875,142,,,,Advisory
187000,,,,,,,,,,,,,,,,,,,,,,,,,,,,,,,,,,,23.59011987968764,,,,0.062,0.157,0.062,0.157,0.0,0.0,0.0,0.0,0.00062,0.157,0.0,0.0,0.0,0.0,0.15762,0.0,0.0,2.671875,6.713315501339326,0.0,0.0,0.093515625,23.496604254687643,23.59011987968764,335,,,,Information
226061,,,,,,,,,,,,,,,,,,,,,,,,,,,,,,,,,,,15.245530142007556,,,,9.5,0.082,9.0,0.077,0.062,0.001,0.938,0.008,0.09,0.077,0.0009299999999999,0.0015,0.02345,0.02,0.2128799999999999,0.0,0.0,234.421875,2.0116470048593014,0.0,0.0,8.204765625,7.040764517007554,15.245530142007556,1730170,,,,Information
517002,,,,,,,,,,,,,,,,,,,,,,,,,,,,,,,,,,,26.30433718296551,,,,155.125,0.528,65.688,0.223,20.562,0.07,0.75,0.003,0.65688,0.223,0.30843,0.105,0.01875,0.0075,1.31956,0.0,0.0,560.8125,1.9073999094187173,0.0,0.0,19.6284375,6.675899682965511,26.30433718296551,3313573,,,,Information
521731,,,,,,,,,,,,,,,,,,,,,,,,,,,,,,,,,,,4.1473832307343965,,,,8.25,0.183,6.0,0.133,0.0,0.0,0.0,0.0,0.06,0.133,0.0,0.0,0.0,0.0,0.193,0.0,0.0,36.84375,0.8165291373526848,0.0,0.0,1.28953125,2.857851980734397,4.1473832307343965,452802,,,,Information
553000,,,,,,,,,,,,,,,,,,,,,,,,,,,,,,,,,,,22.37391630380907,,,,139.938,0.98,72.688,0.509,4.5,0.032,0.25,0.002,0.72688,0.509,0.0675,0.048,0.00625,0.005,1.3626299999999998,83.109375,0.5821467283360403,340.3125,2.3837480246585745,1.246640625,0.8732200925040605,11.9109375,8.343118086305012,22.37391630380907,205900,,,,Information
761000,,,,,,,,,,,,,,,,,,,,,,,,,,,,,,,,,,,78.34824179030497,,,3.0,9.875,0.058,9.062,0.053,89.625,0.526,10.438,0.061,0.0906199999999999,0.053,1.344375,0.789,0.26095,0.1525,2.6904450000000004,350.71875,2.058307026869977,2125.828125,12.476113602723911,5.26078125,3.0874605403049653,35.0,35.0,78.34824179030497,455965,12608.0,2.765124516136107,,Watch
142772,1751.0,14224.30173,MLI,Mali,Timbuktu,4.00419675,0.0,0.38,0.86,,,,,,,,,,,,,,,,,,,,,,,,,,0.2538567477879923,80.083935,0.0,,,,,,,,,,,,,,,,,1.40625,0.00988624979132,3.65625,0.0257042494574321,0.02109375,0.01482937468698,0.12796875,0.0899648731010123,0.2538567477879923,56934,,,6.42888100989222e-06,Information
142781,1759.0,3595.826342,MLI,Mali,Timbuktu,4.07054807,0.0,0.38,0.86,,,,,,,,,,,,,,,,,,,,,,,,,,10.400118436688558,81.4109614,0.0,,,,,,,,,,,,,,,,,30.796875,0.8564616884635964,65.390625,1.8185145439980468,0.461953125,1.2846925326953946,2.288671875,6.364800903993164,10.400118436688558,52425,,,0.2807028308034416,Information
142786,1764.0,3700.852097,MLI,Mali,Ségou,4.203673723,0.0,0.38,0.86,,,,,,,,,,,,,,,,,,,,,,,,,,0.570062540150322,84.07347446,0.0,,,,,,,,,,,,,,,,,0.421875,0.0113994017849403,4.21875,0.1139940178494033,0.006328125,0.0170991026774104,0.14765625,0.3989790624729115,0.570062540150322,43112,,,0.0004342374110884,Information
142787,1765.0,702.7190544,MLI,Mali,Ségou,4.340944436,0.0,0.38,0.86,,,,,,,,,,,,,,,,,,,,,,,,,,4.51915655277599,86.81888872,0.0,,,,,,,,,,,,,,,,,1.40625,0.2001155356765872,7.875,1.1206469997888884,0.02109375,0.3001733035148808,0.275625,3.922264499261109,4.51915655277599,93607,,,0.1422062719168852,Information
142789,1767.0,5898.022024,MLI,Mali,Ségou,4.258357347,0.0,0.38,0.86,,,,,,,,,,,,,,,,,,,,,,,,,,8.767481790701215,85.16714694,0.0,,,,,,,,,,,,,,,,,18.0,0.3051870597534611,85.21875,1.4448699860202925,0.27,0.4577805896301916,2.98265625,5.057044951071024,8.767481790701215,421077,,,0.299515360635831,Information
142920,1795.0,9739.848315,MLI,Mali,Ségou,4.229869549,0.0,0.38,0.86,,,,,,,,,,,,,,,,,,,,,,,,,,0.6141881424940037,84.59739098,0.0,,,,,,,,,,,,,,,,,0.84375,0.0086628659163063,8.296875,0.0851848481770126,0.01265625,0.0129942988744594,0.290390625,0.2981469686195441,0.6141881424940037,562410,,,0.000636515916527,Information
144104,1846.0,12469.41297,GHA,Ghana,Eastern,2.039358156,0.0,0.53,0.65,,,,,,,,,,,,,,,,,,,,,,,,,,10.604830114751612,40.78716312,0.0,,,,,,,,,,,,,,,,,42.890625,0.3439666735362584,149.765625,1.2010639584134926,0.643359375,0.5159500103043877,5.241796875,4.203723854447224,10.604830114751612,988819,,,0.0427317839297423,Information
144105,1847.0,4591.093845,GHA,Ghana,Volta,2.869412319,0.0,0.53,0.65,,,,,,,,,,,,,,,,,,,,,,,,,,18.866920074350595,57.38824638,0.0,,,,,,,,,,,,,,,,,5.625,0.1225198218581129,167.203125,3.641901704732408,0.084375,0.1837797327871693,5.852109375,12.746655966563427,18.866920074350595,816668,,,0.2076163030203937,Information
144301,1861.0,425.3519253,GHA,Ghana,Volta,4.226345158,0.0,0.53,0.65,,,,,,,,,,,,,,,,,,,,,,,,,,18.78457437036981,84.52690316,0.0,,,,,,,,,,,,,,,,,0.5625,0.1322434357458334,21.65625,5.091372276214589,0.0084375,0.19836515361875,0.75796875,17.819802966751062,18.78457437036981,13149,,,0.5768859034691147,Advisory
144302,1862.0,5071.629155,GHA,Ghana,Brong Ahafo,2.100619638,0.0,0.53,0.65,,,,,,,,,,,,,,,,,,,,,,,,,,4.56140868617126,42.01239276,0.0,,,,,,,,,,,,,,,,,7.171875,0.1414116604395183,40.78125,0.8041055201462807,0.107578125,0.2121174906592774,1.42734375,2.8143693205119824,4.56140868617126,144022,,,0.0055015898406148,Information
144410,1870.0,4555.578362,GHA,Ghana,Northern,2.277644721,0.0,0.53,0.65,,,,,,,,,,,,,,,,,,,,,,,,,,0.4470659166254376,45.55289442,0.0,,,,,,,,,,,,,,,,,0.140625,0.0030868747902054,3.9375,0.0864324941257513,0.002109375,0.0046303121853081,0.1378125,0.3025137294401295,0.4470659166254376,94706,,,7.843498662465366e-07,Information
144493,1880.0,4412.045721,BFA,Burkina Faso,Centre-Est,0.329977724,0.0,0.44,0.78,,,,,,,,,,,,,,,,,,,,,,,,,,1.4860124478642305,6.599554479999999,0.0,,,,,,,,,,,,,,,,,4.078125,0.0924316124051396,11.25,0.254983758359006,0.061171875,0.1386474186077094,0.39375,0.892443154256521,1.4860124478642305,610350,,,1.7304847304201078e-05,Information
144496,1883.0,4466.340635,CMR,Cameroon,Centre,0.152745543,0.0,0.42,0.81,,,,,,,,,,,,,,,,,,,,,,,,,,0.3302230518331728,3.05491086,0.0,,,,,,,,,,,,,,,,,0.5625,0.0125942028597612,2.671875,0.059822463583866,0.0084375,0.0188913042896418,0.093515625,0.2093786225435309,0.3302230518331728,4360298,,,6.6513092564033925e-09,Information
144498,1885.0,4973.398423,BFA,Burkina Faso,Centre-Nord,2.541692243,0.0,0.44,0.78,,,,,,,,,,,,,,,,,,,,,,,,,,1.8162973782663625,50.83384486,0.0,,,,,,,,,,,,,,,,,0.84375,0.0169652605351938,16.875,0.3393052107038776,0.01265625,0.0254478908027906,0.590625,1.1875682374635717,1.8162973782663625,428992,,,0.0004861780824215,Information
144499,1886.0,12354.98912,BFA,Burkina Faso,Nord,2.153914238,0.0,0.44,0.78,,,,,,,,,,,,,,,,,,,,,,,,,,2.8663276095542787,43.07828476,0.0,,,,,,,,,,,,,,,,,16.03125,0.1297552740694077,38.390625,0.3107297352714763,0.24046875,0.1946329111041115,1.343671875,1.087554073450167,2.8663276095542787,1384870,,,0.0014010862530518,Information
144501,1887.0,3902.978605,GHA,Ghana,Brong Ahafo,2.722277472,0.0,0.53,0.65,,,,,,,,,,,,,,,,,,,,,,,,,,1.5679007100525846,54.44554944,0.0,,,,,,,,,,,,,,,,,0.140625,0.0036030174442574,12.515625,0.3206685525389138,0.002109375,0.0054045261663861,0.438046875,1.1223399338861983,1.5679007100525846,76998,,,0.0003769735641004,Information
144701,1897.0,7517.942352,BFA,Burkina Faso,Sud-Ouest,2.134296929,0.0,0.44,0.78,,,,,,,,,,,,,,,,,,,,,,,,,,0.1359861673665163,42.68593858,0.0,,,,,,,,,,,,,,,,,0.28125,0.0037410502345309,1.546875,0.02057577628992,0.00421875,0.0056115753517963,0.054140625,0.07201521701472,0.1359861673665163,523630,,,7.528726931916534e-10,Information
144706,1902.0,5787.337794,BFA,Burkina Faso,Centre-Ouest,2.046463558,0.0,0.44,0.78,,,,,,,,,,,,,,,,,,,,,,,,,,4.774055966223264,40.92927116,0.0,,,,,,,,,,,,,,,,,14.625,0.252706866602828,43.734375,0.7556907260911492,0.219375,0.3790602999042419,1.530703125,2.644917541319022,4.774055966223264,646805,,,0.0059425218219126,Information
144801,1906.0,5763.370174,BFA,Burkina Faso,Boucle du Mouhoun,4.062245167,0.0,0.44,0.78,,,,,,,,,,,,,,,,,,,,,,,,,,5.948192559567207,81.24490334000001,0.0,,,,,,,,,,,,,,,,,15.046875,0.2610777122526293,55.6875,0.9662315331966468,0.225703125,0.391616568378944,1.9490625,3.381810366188264,5.948192559567207,277288,,,0.1254062479003235,Information
144802,1907.0,2460.062393,BFA,Burkina Faso,Boucle du Mouhoun,4.132472535,0.0,0.44,0.78,,,,,,,,,,,,,,,,,,,,,,,,,,0.3205155794096002,82.64945069999999,0.0,,,,,,,,,,,,,,,,,0.28125,0.0114326368626489,1.6875,0.0685958211758934,0.00421875,0.0171489552939733,0.0590625,0.2400853741156269,0.3205155794096002,110247,,,3.283546701077009e-05,Information
144803,1908.0,4787.025397,MLI,Mali,Mopti,3.414563969,0.0,0.38,0.86,,,,,,,,,,,,,,,,,,,,,,,,,,6.207401708727457,68.29127938,0.0,,,,,,,,,,,,,,,,,19.125,0.3995174124471198,49.21875,1.0281698114447937,0.286875,0.5992761186706796,1.72265625,3.5985943400567777,6.207401708727457,274241,,,0.0514610570065242,Information
145102,1917.0,2637.246042,GHA,Ghana,Eastern,2.818069067,0.0,0.53,0.65,,,,,,,,,,,,,,,,,,,,,,,,,,2.665083467165857,56.36138134,0.0,,,,,,,,,,,,,,,,,5.90625,0.2239552133273477,13.359375,0.5065653634785245,0.08859375,0.3359328199910215,0.467578125,1.7729787721748358,2.665083467165857,1585819,,,0.0025893152668647,Information
145105,1920.0,1538.44386,GHA,Ghana,Western,1.814574692,0.0,0.53,0.65,,,,,,,,,,,,,,,,,,,,,,,,,,8.432310539170027,36.29149384,0.0,,,,,,,,,,,,,,,,,4.078125,0.2650811710580747,30.375,1.974397687880833,0.061171875,0.3976217565871121,1.063125,6.910391907582915,8.432310539170027,1218521,,,0.0215754066203796,Information
145107,1922.0,1065.826493,GHA,Ghana,Western,3.119321948,0.0,0.53,0.65,,,,,,,,,,,,,,,,,,,,,,,,,,14.490734392014678,62.38643896,0.0,,,,,,,,,,,,,,,,,25.453125,2.388111495546254,28.96875,2.717961149627228,0.381796875,3.582167243319381,1.01390625,9.512864023695297,14.490734392014678,210971,,,0.1700784682084679,Information
145109,1924.0,317.0206187,CIV,Côte d'Ivoire,Comoé,4.046704842,1.270267725,0.46,0.75,,,,,,,,,,,,,,,,,,,,,,,,,,10.365673640058528,80.93409684,25.4053545,,,,,,,,,,,,,,,,,3.515625,1.108957838306681,7.59375,2.3953489307424305,0.052734375,1.6634367574600213,0.26578125,8.383721257598507,10.365673640058528,38768,,,0.2711290628455712,Information
145203,1927.0,249.1816663,CIV,Côte d'Ivoire,Lacs,2.659490615,0.0,0.46,0.75,,,,,,,,,,,,,,,,,,,,,,,,,,1.908752332203273,53.1898123,0.0,,,,,,,,,,,,,,,,,0.140625,0.0564347297637355,1.265625,0.5079125678736198,0.002109375,0.0846520946456032,0.044296875,1.7776939875576694,1.908752332203273,7187,,,0.000687970292582,Information
145208,1932.0,9301.204939,BFA,Burkina Faso,Cascades,2.603006552,0.0,0.44,0.78,,,,,,,,,,,,,,,,,,,,,,,,,,0.7485057026039459,52.06013104,0.0,,,,,,,,,,,,,,,,,1.40625,0.0151190088734481,9.703125,0.1043211612267925,0.02109375,0.0226785133101721,0.339609375,0.3651240642937737,0.7485057026039459,660049,,,1.593859954200186e-05,Information
145404,1938.0,2335.276145,CIV,Côte d'Ivoire,Gôh-Djiboua,1.327981548,0.0,0.46,0.75,,,,,,,,,,,,,,,,,,,,,,,,,,0.672235971597572,26.55963096,0.0,,,,,,,,,,,,,,,,,0.28125,0.012043543571217,3.515625,0.1505442946402133,0.00421875,0.0180653153568254,0.123046875,0.5269050312407465,0.672235971597572,324039,,,1.342064573439196e-06,Information
145405,1939.0,2042.989522,CIV,Côte d'Ivoire,Yamoussoukro,3.780565738,0.0,0.46,0.75,,,,,,,,,,,,,,,,,,,,,,,,,,2.0433728953923795,75.61131476,0.0,,,,,,,,,,,,,,,,,2.109375,0.1032494282186032,9.0,0.440530893732707,0.031640625,0.1548741423279048,0.315,1.5418581280644743,2.0433728953923795,418069,,,0.0065780140267986,Information
145710,1954.0,8673.859094,CIV,Côte d'Ivoire,Bas-Sassandra,4.05893644,1.792931758,0.46,0.75,,,,,,,,,,,,,,,,,,,,,,,,,,7.7655392575875535,81.1787288,35.85863516,,,,,,,,,,,,,,,,,11.109375,0.1280788041323262,98.296875,1.133254228968304,0.166640625,0.1921182061984893,3.440390625,3.966389801389064,7.7655392575875535,975055,,,0.1879996422889967,Information
145792,1978.0,12387.0464,GNB,Guinea-Bissau,Gabn,3.623684012,0.0,0.42,0.81,,,,,,,,,,,,,,,,,,,,,,,,,,0.6442724106351152,72.47368024,0.0,,,,,,,,,,,,,,,,,1.125,0.0090820681857235,9.703125,0.0783328381018657,0.016875,0.0136231022785852,0.339609375,0.2741649333565299,0.6442724106351152,690345,,,8.674819035502142e-05,Information
145794,1980.0,1839.348289,GNB,Guinea-Bissau,Oio,4.003486475,0.0,0.42,0.81,,,,,,,,,,,,,,,,,,,,,,,,,,40.75944919184048,80.0697295,0.0,3.0,,,,,,,,,,,,,,,,89.4375,4.86245593182557,142.59375,7.752406155457749,1.3415625,7.293683897738355,4.99078125,27.13342154410212,40.75944919184048,101234,987.0,0.9749688839717882,0.7628338655702597,Watch
145796,1982.0,5959.508694,GNB,Guinea-Bissau,Oio,3.538571823,0.0,0.42,0.81,,,,,,,,,,,,,,,,,,,,,,,,,,52.96960940590718,70.77143645999999,0.0,3.0,,,,,,,,,,,,,,,,319.5,5.361180197662444,428.203125,7.185208495546718,4.7925,8.041770296493667,14.987109375,25.148229734413512,52.96960940590718,284555,1277.0,0.4487708878775632,0.7239351683897373,Watch
145801,1986.0,14889.13368,GMB,Gambia,Maccarthy Island,3.272924809,0.055406188,0.47,0.74,,,,,,,,,,,,,,,,,,,,,,,,,,21.99931363028237,65.45849618,1.10812376,,,,,,,,,,,,,,,,,199.125,1.337384727838845,290.671875,1.9522416895783143,2.986875,2.0060770917582675,10.173515625,6.8328459135241,21.99931363028237,1211058,,,0.3259405933417839,Information
145902,1995.0,32995.46429,SEN,Senegal,Fatick,2.378142077,1.775921829,0.48,0.72,,,,,,,,,,,,,,,,,,,,,,,,,,9.293244524912923,47.56284154,35.51843658,,,,,,,,,,,,,,,,,89.578125,0.2714861782499323,165.375,0.5012052521537212,1.343671875,0.4072292673748985,5.788125,1.7542183825380244,9.293244524912923,4933600,,,0.0417858689410579,Information
145905,1998.0,1028.016111,SEN,Senegal,Thiès,0.260543934,0.932382277,0.48,0.72,,,,,,,,,,,,,,,,,,,,,,,,,,4.042916767569038,5.21087868,18.64764554,,,,,,,,,,,,,,,,,5.765625,0.5608496733967557,8.296875,0.8070763592782582,0.086484375,0.8412745100951335,0.290390625,2.824767257473904,4.042916767569038,530896,,,0.0013418391895286,Information
145906,1999.0,468.3713261,SEN,Senegal,Thiès,1.924937227,0.0,0.48,0.72,,,,,,,,,,,,,,,,,,,,,,,,,,0.94291514173129,38.49874454,0.0,,,,,,,,,,,,,,,,,0.84375,0.180145528346258,0.84375,0.180145528346258,0.01265625,0.270218292519387,0.02953125,0.6305093492119029,0.94291514173129,135862,,,1.4714748971638712e-05,Information
145907,2000.0,827.0324911,SEN,Senegal,Dakar,4.091588866,0.495264503,0.48,0.72,,,,,,,,,,,,,,,,,,,,,,,,,,6.27774661820566,81.83177732000001,9.90529006,,,,,,,,,,,,,,,,,8.015625,0.9692031553892158,10.265625,1.2412601814633817,0.120234375,1.4538047330838235,0.359296875,4.344410635121836,6.27774661820566,3987134,,,0.1439674110356359,Information
145909,2002.0,2505.004449,SEN,Senegal,Louga,3.206263478,0.0,0.48,0.72,,,,,,,,,,,,,,,,,,,,,,,,,,4.09968729054801,64.12526955999999,0.0,,,,,,,,,,,,,,,,,10.125,0.4041908988346862,19.125,0.7634716977988517,0.151875,0.6062863482520293,0.669375,2.672150942295981,4.09968729054801,471175,,,0.015036693974873,Information
146100,2003.0,5187.907615,SEN,Senegal,Saint-Louis,4.085630141,0.0,0.48,0.72,,,,,,,,,,,,,,,,,,,,,,,,,,21.29044689439388,81.71260282,0.0,,,,,,,,,,,,,,,,,104.203125,2.008577112901647,163.125,3.144331242868975,1.563046875,3.0128656693524705,5.709375,11.005159350041412,21.29044689439388,370223,,,0.5604248010782694,Advisory
146201,2004.0,9081.925088,SEN,Senegal,Louga,2.59635652,0.0,0.48,0.72,,,,,,,,,,,,,,,,,,,,,,,,,,8.058822048248267,51.9271304,0.0,,,,,,,,,,,,,,,,,50.625,0.5574258707128784,87.890625,0.967753247765414,0.759375,0.8361388060693176,3.076171875,3.3871363671789494,8.058822048248267,457515,,,0.0370536302698082,Information
146330,2016.0,12117.38917,MRT,Mauritania,Brakna,4.127184764,0.0,0.4,0.83,,,,,,,,,,,,,,,,,,,,,,,,,,0.1180715244743096,82.54369528,0.0,,,,,,,,,,,,,,,,,0.703125,0.0058026113559032,1.546875,0.0127657449829871,0.010546875,0.0087039170338548,0.054140625,0.0446801074404548,0.1180715244743096,502989,,,2.9240725696693735e-07,Information
146340,2017.0,21717.36285,MRT,Mauritania,Assaba,4.021862835,0.0,0.4,0.83,,,,,,,,,,,,,,,,,,,,,,,,,,0.2248881841164165,80.4372567,0.0,,,,,,,,,,,,,,,,,2.390625,0.011007897305745,3.375,0.0155405609022283,0.035859375,0.0165118459586175,0.118125,0.054391963157799,0.2248881841164165,364708,,,3.988899040973088e-06,Information
146400,2023.0,1622.703238,MRT,Mauritania,Assaba,3.078773988,0.0,0.4,0.83,,,,,,,,,,,,,,,,,,,,,,,,,,0.3525320659970725,61.57547976,0.0,,,,,,,,,,,,,,,,,0.984375,0.0606626631994145,0.984375,0.0606626631994145,0.014765625,0.0909939947991217,0.034453125,0.2123193211979507,0.3525320659970725,16719,,,1.3573098077402257e-06,Information
146630,2036.0,25057.17541,MRT,Mauritania,Hodh el Gharbi,3.107405494,0.0,0.4,0.83,,,,,,,,,,,,,,,,,,,,,,,,,,0.1101781233681954,62.14810988,0.0,,,,,,,,,,,,,,,,,0.984375,0.0039285154210244,1.828125,0.0072958143533311,0.014765625,0.0058927731315366,0.063984375,0.0255353502366588,0.1101781233681954,396664,,,2.620435026367342e-09,Information
147000,2062.0,123.1898801,MRT,Mauritania,Trarza,0.014648652,0.0,0.4,0.83,,,,,,,,,,,,,,,,,,,,,,,,,,46.68431737319648,0.29297304,0.0,,,,,,,,,,,,,,,,,9.0,7.30579491546432,16.875,13.698365466495598,0.135,10.95869237319648,0.590625,35.0,46.68431737319648,27849,,,0.2239777676444868,Advisory
151121,2071.0,75.27204571,MRT,Mauritania,Trarza,4.458659272,0.0,0.4,0.83,,,,,,,,,,,,,,,,,,,,,,,,,,12.23485859500317,89.17318544,0.0,,,,,,,,,,,,,,,,,0.84375,1.1209340626156772,2.25,2.9891575003084725,0.01265625,1.6814010939235158,0.07875,10.462051251079654,12.23485859500317,327,,,0.5486547331762001,Advisory
151122,2072.0,2788.529556,MRT,Mauritania,Trarza,3.584060938,0.0,0.4,0.83,,,,,,,,,,,,,,,,,,,,,,,,,,1.6026337634988992,71.68121876,0.0,,,,,,,,,,,,,,,,,5.90625,0.2118051783378421,7.453125,0.2672779631406103,0.08859375,0.3177077675067631,0.260859375,0.935472870992136,1.6026337634988992,13894,,,0.0020402096978167,Information
151123,2073.0,1388.444114,MRT,Mauritania,Trarza,4.053477887,0.0,0.4,0.83,,,,,,,,,,,,,,,,,,,,,,,,,,1.6263635765559794,81.06955774,0.0,,,,,,,,,,,,,,,,,1.40625,0.1012824345075162,5.0625,0.3646167642270586,0.02109375,0.1519236517612743,0.1771875,1.2761586747947051,1.6263635765559794,17858,,,0.0070555099391257,Information
151150,2091.0,29413.32103,MRT,Mauritania,Inchiri,4.020376805,0.0,0.4,0.83,,,,,,,,,,,,,,,,,,,,,,,,,,0.3014959522026746,80.40753609999999,0.0,,,,,,,,,,,,,,,,,3.515625,0.0119524925316679,4.921875,0.0167334895443351,0.052734375,0.0179287387975018,0.172265625,0.0585672134051728,0.3014959522026746,20262,,,1.4955447232426098e-05,Information
151153,2094.0,184.2492756,MRT,Mauritania,Nouakchott,4.491539514,1.081554325,0.4,0.83,,,,,,,,,,,,,,,,,,,,,,,,,,3.575556120207481,89.83079028,21.6310865,,,,,,,,,,,,,,,,,0.703125,0.3816161543703784,1.546875,0.8395555396148325,0.010546875,0.5724242315555675,0.054140625,2.938444388651914,3.575556120207481,261908,,,0.1479551574681948,Information
151159,2100.0,587.8002939,MRT,Mauritania,Inchiri,4.019345569,0.0,0.4,0.83,,,,,,,,,,,,,,,,,,,,,,,,,,2.2543870670856405,80.38691138000002,0.0,,,,,,,,,,,,,,,,,2.109375,0.358859126475108,2.671875,0.4545548935351368,0.031640625,0.538288689712662,0.093515625,1.590942127372979,2.2543870670856405,351,,,0.0152583261802538,Information
151170,2111.0,1755.799462,MRT,Mauritania,Dakhlet Nouadhibou,4.18766566,4.112105106,0.4,0.83,,,,,,,,,,,,,,,,,,,,,,,,,,10.639426930725024,83.75331320000001,82.24210212,,,,,,,,,,,,,,,,,20.953125,1.193366637325689,36.421875,2.074375564210426,0.314296875,1.7900499559885334,1.274765625,7.26031447473649,10.639426930725024,254,,,0.3360300353645342,Information
151191,2114.0,875.0704605,MRT,Mauritania,Dakhlet Nouadhibou,4.503519418,4.146616754,0.4,0.83,,,,,,,,,,,,,,,,,,,,,,,,,,2.7962215205567893,90.07038836,82.93233508,,,,,,,,,,,,,,,,,3.515625,0.4017533625869983,4.921875,0.5624547076217976,0.052734375,0.6026300438804975,0.172265625,1.968591476676292,2.7962215205567893,3,,,0.1025325418995327,Information
151193,2116.0,3692.634765,MRT,Mauritania,Dakhlet Nouadhibou,4.49485369,4.810594569,0.4,0.83,,,,,,,,,,,,,,,,,,,,,,,,,,0.2789760927219568,89.8970738,96.21189138,,,,,,,,,,,,,,,,,0.421875,0.0114247692180536,1.96875,0.0533155896842504,0.006328125,0.0171371538270804,0.06890625,0.1866045638948764,0.2789760927219568,580,,,0.0045470532020283,Information
151195,2118.0,2271.608416,MRT,Mauritania,Dakhlet Nouadhibou,4.154431005,4.426526621,0.4,0.83,,,,,,,,,,,,,,,,,,,,,,,,,,2.05493374717161,83.0886201,88.53053242,,,,,,,,,,,,,,,,,3.375,0.1485731420780726,9.421875,0.4147666883012861,0.050625,0.2228597131171089,0.329765625,1.4516834090545014,2.05493374717161,1177,,,0.0427666958819181,Information
151196,2119.0,2171.361498,ESH,Western Sahara,Oued el Dahab,4.477332344,4.314036384,-9999.0,0.6,,,,,,,,,,,,,,,,,,,,,,,,,,0.2640671457206415,89.54664688,86.28072767999998,,,,,,,,,,,,,,,,,0.84375,0.0388581081887716,0.984375,0.0453344595535669,0.01265625,0.0582871622831574,0.034453125,0.1586706084374841,0.2640671457206415,716,,,0.0001173164949059,Information
151205,2127.0,8017.492503,MRT,Mauritania,Tiris Zemmour,0.09439507,0.0,0.4,0.83,,,,,,,,,,,,,,,,,,,,,,,,,,3.52839380083205,1.8879014,0.0,,,,,,,,,,,,,,,,,24.609375,0.3069460306946786,34.3125,0.4279704656542948,0.369140625,0.4604190460420179,1.2009375,1.4978966297900318,3.52839380083205,46728,,,0.00044166800943,Information
151401,2149.0,8971.407576,MAR,Morocco,Guelmim - Es-Semara,1.071059644,0.0,0.55,0.63,,,,,,,,,,,,,,,,,,,,,,,,,,0.3880717366690442,21.42119288,0.0,,,,,,,,,,,,,,,,,1.40625,0.0156747978290455,4.640625,0.0517268328358503,0.02109375,0.0235121967435682,0.162421875,0.181043914925476,0.3880717366690442,7453,,,5.461234200289389e-08,Information
151402,2150.0,9970.926132,MAR,Morocco,Guelmim - Es-Semara,3.821530636,0.0,0.55,0.63,,,,,,,,,,,,,,,,,,,,,,,,,,0.781606620511052,76.43061272,0.0,,,,,,,,,,,,,,,,,1.40625,0.0141035043427406,10.546875,0.1057762825705546,0.02109375,0.0211552565141108,0.369140625,0.3702169889969411,0.781606620511052,979,,,0.0003291856588754,Information
151404,2152.0,8094.227179,MAR,Morocco,Guelmim - Es-Semara,4.046767612,0.0,0.55,0.63,,,,,,,,,,,,,,,,,,,,,,,,,,1.2134293334550696,80.93535224,0.0,,,,,,,,,,,,,,,,,9.28125,0.1146650544249601,11.53125,0.1424626433764656,0.13921875,0.1719975816374401,0.40359375,0.4986192518176296,1.2134293334550696,51151,,,0.0029401256936908,Information
151407,2155.0,9020.973453,MAR,Morocco,Souss - Massa - Draâ,4.040744949,0.0,0.55,0.63,,,,,,,,,,,,,,,,,,,,,,,,,,0.4684885241163157,80.81489898,0.0,,,,,,,,,,,,,,,,,1.6875,0.01870640689491,5.625,0.0623546896497002,0.0253125,0.0280596103423649,0.196875,0.2182414137739507,0.4684885241163157,263410,,,0.0001026606559177,Information
151409,2157.0,7476.089403,MAR,Morocco,Souss - Massa - Draâ,4.008379562,0.0,0.55,0.63,,,,,,,,,,,,,,,,,,,,,,,,,,0.645943989814715,80.16759124000001,0.0,,,,,,,,,,,,,,,,,3.65625,0.0489059159551277,6.328125,0.084644854537721,0.05484375,0.0733588739326915,0.221484375,0.2962569908820235,0.645943989814715,226441,,,0.000308124762918,Information
151502,2159.0,6874.453885,MAR,Morocco,Guelmim - Es-Semara,3.447219699,0.0,0.55,0.63,,,,,,,,,,,,,,,,,,,,,,,,,,0.3935128424359247,68.94439398,0.0,,,,,,,,,,,,,,,,,2.8125,0.0409123407782324,3.375,0.0490948089338789,0.0421875,0.0613685111673486,0.118125,0.1718318312685761,0.3935128424359247,202616,,,6.257405946929479e-06,Information
151504,2161.0,5282.891759,MAR,Morocco,Souss - Massa - Draâ,3.295592746,0.0,0.55,0.63,,,,,,,,,,,,,,,,,,,,,,,,,,1.576405955845284,65.91185492,0.0,,,,,,,,,,,,,,,,,7.453125,0.141080403315613,12.375,0.2342467073919613,0.111796875,0.2116206049734195,0.433125,0.8198634758718646,1.576405955845284,246886,,,0.0010567478099381,Information
151601,2168.0,546.8009464,MAR,Morocco,Doukkala - Abda,3.252958597,0.0,0.55,0.63,,,,,,,,,,,,,,,,,,,,,,,,,,0.515356346134916,65.05917194,0.0,,,,,,,,,,,,,,,,,0.140625,0.0257177682176271,0.703125,0.1285888410881358,0.002109375,0.0385766523264406,0.024609375,0.4500609438084753,0.515356346134916,116624,,,1.2403267464111236e-05,Information
151608,2175.0,1562.00581,MAR,Morocco,Meknès - Tafilalet,0.894603582,0.0,0.55,0.63,,,,,,,,,,,,,,,,,,,,,,,,,,0.614136748681489,17.89207164,0.0,,,,,,,,,,,,,,,,,1.265625,0.0810256269175152,1.828125,0.1170370166586332,0.018984375,0.1215384403762728,0.063984375,0.4096295583052162,0.614136748681489,75918,,,4.901003763734077e-07,Information
151609,2176.0,1512.054387,MAR,Morocco,Meknès - Tafilalet,0.023107495,0.0,0.55,0.63,,,,,,,,,,,,,,,,,,,,,,,,,,0.5513853011813741,0.4621499,0.0,,,,,,,,,,,,,,,,,0.5625,0.0372010428102038,1.828125,0.1209033891331624,0.0084375,0.0558015642153056,0.063984375,0.4231618619660684,0.5513853011813741,159871,,,1.0188810969695669e-07,Information
151802,2179.0,10591.37033,MAR,Morocco,Rabat-Sal1-Zemmour-Zaer,2.604199582,0.0,0.55,0.63,,,,,,,,,,,,,,,,,,,,,,,,,,2.800964431918484,52.08399164,0.0,,,,,,,,,,,,,,,,,0.5625,0.00531092750383,40.921875,0.3863699759036396,0.0084375,0.007966391255745,1.432265625,1.3522949156627386,2.800964431918484,1870126,,,0.0022593149237539,Information
153021,2189.0,2188.722967,MAR,Morocco,Oriental,1.625319694,1.083804304,0.55,0.63,,,,,,,,,,,,,,,,,,,,,,,,,,0.324996020565021,32.506393880000005,21.67608608,,,,,,,,,,,,,,,,,0.28125,0.0128499588224106,1.546875,0.0706747735232586,0.00421875,0.0192749382336159,0.054140625,0.2473617073314051,0.324996020565021,297336,,,4.7516192933963854e-08,Information
153024,2192.0,18903.31474,MAR,Morocco,Oriental,2.912406178,0.0,0.55,0.63,,,,,,,,,,,,,,,,,,,,,,,,,,0.9492987961341668,58.24812356,0.0,,,,,,,,,,,,,,,,,6.609375,0.0349641059871027,14.90625,0.0788552177581465,0.099140625,0.052446158980654,0.52171875,0.2759932621535127,0.9492987961341668,269922,,,7.723340533126757e-05,Information
153029,2197.0,21644.29124,MAR,Morocco,Fès - Boulemane,3.233424627,0.0,0.55,0.63,,,,,,,,,,,,,,,,,,,,,,,,,,2.1649252738947684,64.66849254,0.0,,,,,,,,,,,,,,,,,21.9375,0.1013546702066324,32.90625,0.1520320053099486,0.3290625,0.1520320053099486,1.15171875,0.53211201858482,2.1649252738947684,351366,,,0.0026160184659368,Information
154102,2232.0,9282.846423,MRT,Mauritania,Tiris Zemmour,4.02560991,0.0,0.4,0.83,,,,,,,,,,,,,,,,,,,,,,,,,,0.2278489937948059,80.5121982,0.0,,,,,,,,,,,,,,,,,1.40625,0.0151489094608725,2.53125,0.0272680370295706,0.02109375,0.0227233641913087,0.08859375,0.0954381296034971,0.2278489937948059,404,,,4.316344966033918e-06,Information
154306,2256.0,25108.27016,MAR,Morocco,Meknès - Tafilalet,4.054872597,0.0,0.55,0.63,,,,,,,,,,,,,,,,,,,,,,,,,,0.1150299789299773,81.09745194,0.0,,,,,,,,,,,,,,,,,0.5625,0.0022402977046138,2.109375,0.0084011163923019,0.0084375,0.0033604465569207,0.073828125,0.0294039073730566,0.1150299789299773,395748,,,1.6816644428031687e-07,Information
154524,2268.0,17660.5654,DZA,Algeria,Béchar,4.000674934,0.0,0.53,0.65,,,,,,,,,,,,,,,,,,,,,,,,,,0.7378427126094601,80.01349868,0.0,,,,,,,,,,,,,,,,,9.421875,0.053349792521892,9.421875,0.053349792521892,0.141328125,0.080024688782838,0.329765625,0.186724273826622,0.7378427126094601,40674,,,0.0004850083499501,Information
154526,2270.0,6749.903049,DZA,Algeria,Béchar,3.774180826,0.0,0.53,0.65,,,,,,,,,,,,,,,,,,,,,,,,,,2.2508005506739304,75.48361652,0.0,,,,,,,,,,,,,,,,,18.140625,0.2687538601347861,18.140625,0.2687538601347861,0.272109375,0.4031307902021791,0.634921875,0.9406385104717512,2.2508005506739304,227894,,,0.0084688883003549,Information
154530,2274.0,1670.924351,MAR,Morocco,Oriental,0.991602113,0.0,0.55,0.63,,,,,,,,,,,,,,,,,,,,,,,,,,1.276892551490086,19.83204226,0.0,,,,,,,,,,,,,,,,,3.65625,0.2188160102980172,3.65625,0.2188160102980172,0.05484375,0.3282240154470258,0.12796875,0.7658560360430602,1.276892551490086,15,,,1.738843392400057e-05,Information
154601,2275.0,6010.231315,DZA,Algeria,Naâma,1.291364551,0.0,0.53,0.65,,,,,,,,,,,,,,,,,,,,,,,,,,0.2996808156745605,25.82729102,0.0,,,,,,,,,,,,,,,,,2.25,0.0374361631349121,2.25,0.0374361631349121,0.03375,0.0561542447023681,0.07875,0.1310265709721923,0.2996808156745605,19609,,,1.7796135323143456e-08,Information
154602,2276.0,8384.000263,DZA,Algeria,Naâma,3.681632111,0.0,0.53,0.65,,,,,,,,,,,,,,,,,,,,,,,,,,0.138759837801166,73.63264222,0.0,,,,,,,,,,,,,,,,,1.265625,0.0150957175602332,1.265625,0.0150957175602332,0.018984375,0.0226435763403498,0.044296875,0.0528350114608162,0.138759837801166,29846,,,7.72403351242014e-08,Information
155120,2315.0,29911.06575,MRT,Mauritania,Hodh ech Chargui,4.012396954,0.0,0.4,0.83,,,,,,,,,,,,,,,,,,,,,,,,,,0.3799697301913235,80.24793908,0.0,,,,,,,,,,,,,,,,,4.21875,0.0141043118801961,6.328125,0.0211564678202941,0.06328125,0.0211564678202941,0.221484375,0.0740476373710293,0.3799697301913235,308215,,,3.892542554411702e-05,Information
155212,2350.0,8132.155849,MRT,Mauritania,Tiris Zemmour,3.28505944,0.0,0.4,0.83,,,,,,,,,,,,,,,,,,,,,,,,,,0.3198206174248992,65.7011888,0.0,,,,,,,,,,,,,,,,,2.671875,0.0328556787360106,2.953125,0.0363141712345381,0.040078125,0.0492835181040159,0.103359375,0.1270995993208833,0.3198206174248992,472,,,1.4690112437298202e-06,Information
155390,2398.0,26662.29482,MLI,Mali,Timbuktu,4.180545873,0.0,0.38,0.86,,,,,,,,,,,,,,,,,,,,,,,,,,0.1256892142465319,83.61091746,0.0,,,,,,,,,,,,,,,,,1.828125,0.0068565928493064,1.828125,0.0068565928493064,0.027421875,0.0102848892739596,0.063984375,0.0239980749725724,0.1256892142465319,32108,,,5.56416551481374e-07,Information
155430,2417.0,14791.09898,DZA,Algeria,Tindouf,1.887489547,0.0,0.53,0.65,,,,,,,,,,,,,,,,,,,,,,,,,,0.8438026754542887,37.74979094,0.0,,,,,,,,,,,,,,,,,8.296875,0.0560937021000085,10.828125,0.0732070349440788,0.124453125,0.0841405531500127,0.378984375,0.2562246223042758,0.8438026754542887,174,,,8.501510479044788e-06,Information
155440,2418.0,22238.88022,DZA,Algeria,Adrar,1.952453457,0.0,0.53,0.65,,,,,,,,,,,,,,,,,,,,,,,,,,0.184492258593249,39.04906914,0.0,,,,,,,,,,,,,,,,,2.25,0.0101174158838893,2.671875,0.0120144313621186,0.03375,0.0151761238258339,0.093515625,0.0420505097674151,0.184492258593249,1183,,,3.311459798422181e-09,Information
216043,3687.0,11911.72426,ESP,Spain,Aragón,1.569214495,0.0,0.76,0.33,,,,,,,,,,,,,,,,,,,,,,,,,,9.779433555935377,31.3842899,0.0,,,,,,,,,,,,,,,,,18.421875,0.1546533028574353,144.0,1.2088929933283497,0.276328125,0.2319799542861529,5.04,4.231125476649224,9.779433555935377,268516,,,0.0256931290348051,Information
216044,3688.0,4018.99049,ESP,Spain,Aragón,1.70288145,0.0,0.76,0.33,,,,,,,,,,,,,,,,,,,,,,,,,,3.166347271073226,34.057629,0.0,,,,,,,,,,,,,,,,,0.140625,0.0034990130070847,25.875,0.6438183933035998,0.002109375,0.005248519510627,0.905625,2.2533643765625992,3.166347271073226,108255,,,0.0011978918137959,Information
216046,3690.0,10211.59099,ESP,Spain,Aragón,1.829321495,0.0,0.76,0.33,,,,,,,,,,,,,,,,,,,,,,,,,,2.314365136816978,36.5864299,0.0,,,,,,,,,,,,,,,,,7.734375,0.0757411357786335,30.09375,0.2947018737568652,0.116015625,0.1136117036679502,1.05328125,1.0314565581490285,2.314365136816978,129800,,,0.0004655766088779,Information
216048,3692.0,8713.48843,ESP,Spain,Comunidad Foral de Navarra,0.601625227,0.0,0.76,0.33,,,,,,,,,,,,,,,,,,,,,,,,,,0.6010053057239524,12.03250454,0.0,,,,,,,,,,,,,,,,,1.265625,0.0145248944799777,7.453125,0.0855354897154245,0.018984375,0.0217873417199665,0.260859375,0.2993742140039858,0.6010053057239524,542510,,,3.0802121881378584e-07,Information
216049,3693.0,15145.91976,ESP,Spain,La Rioja,1.038924884,0.0,0.76,0.33,,,,,,,,,,,,,,,,,,,,,,,,,,0.8393310777254698,20.77849768,0.0,,,,,,,,,,,,,,,,,2.53125,0.0167124218332641,13.359375,0.0882044485644496,0.03796875,0.0250686327498961,0.467578125,0.3087155699755736,0.8393310777254698,852451,,,2.715664047826584e-06,Information
216050,3694.0,15855.07793,ESP,Spain,Comunidad Valenciana,2.286077531,1.028270813,0.76,0.33,,,,,,,,,,,,,,,,,,,,,,,,,,23.749420391513,45.72155062,20.56541626,,,,,,,,,,,,,,,,,139.78125,0.8816181830651209,356.203125,2.246618569118663,2.09671875,1.3224272745976813,12.467109375,7.863164991915321,23.749420391513,2952964,,,0.204240656818831,Information
216070,3696.0,3700.606734,ESP,Spain,Comunidad Valenciana,0.427429882,0.001766864,0.76,0.33,,,,,,,,,,,,,,,,,,,,,,,,,,13.809717474438177,8.54859764,0.03533728,,,,,,,,,,,,,,,,,20.953125,0.5662078277346988,97.59375,2.637236459381751,0.314296875,0.8493117416020481,3.41578125,9.230327607836127,13.809717474438177,1553903,,,0.0293498896902266,Information
231207,4044.0,2622.564935,ESP,Spain,Andalucía,1.100562991,0.0,0.76,0.33,,,,,,,,,,,,,,,,,,,,,,,,,,1.2149218749651105,22.011259820000003,0.0,,,,,,,,,,,,,,,,,2.390625,0.0911559888546344,6.1875,0.2359331476237596,0.035859375,0.1367339832819516,0.2165625,0.8257660166831586,1.2149218749651105,315494,,,1.57815868766054e-05,Information
231208,4045.0,5236.558093,ESP,Spain,Andalucía,0.032046181,0.0,0.76,0.33,,,,,,,,,,,,,,,,,,,,,,,,,,9.799614671635547,0.64092362,0.0,,,,,,,,,,,,,,,,,47.671875,0.9103665834799376,75.796875,1.447456013261612,0.715078125,1.3655498752199065,2.652890625,5.066096046415643,9.799614671635547,116122,,,0.0102682942014791,Information
231402,4049.0,3707.552738,ESP,Spain,Extremadura,0.207353028,0.0,0.76,0.33,,,,,,,,,,,,,,,,,,,,,,,,,,0.7044893283500753,4.14706056,0.0,,,,,,,,,,,,,,,,,1.546875,0.0417222655856149,4.78125,0.1289597299919008,0.023203125,0.0625833983784223,0.16734375,0.4513590549716528,0.7044893283500753,73904,,,4.482439473432629e-07,Information
231602,4059.0,5055.654341,PRT,Portugal,Castelo Branco,1.023561746,0.0,0.76,0.33,,,,,,,,,,,,,,,,,,,,,,,,,,12.2262501471378,20.47123492,0.0,,,,,,,,,,,,,,,,,15.46875,0.305969296090138,110.671875,2.1890712365721696,0.23203125,0.458953944135207,3.873515625,7.6617493280025935,12.2262501471378,226624,,,0.0305664165907579,Information
231603,4060.0,10283.39752,PRT,Portugal,Castelo Branco,2.337823051,0.0,0.76,0.33,,,,,,,,,,,,,,,,,,,,,,,,,,4.560037628386091,46.75646102,0.0,,,,,,,,,,,,,,,,,18.28125,0.1777744170864913,58.21875,0.5661431436446724,0.27421875,0.2666616256297369,2.03765625,1.981501002756353,4.560037628386091,207262,,,0.0069945027280427,Information
231604,4061.0,5465.080752,ESP,Spain,Extremadura,1.128279509,0.0,0.76,0.33,,,,,,,,,,,,,,,,,,,,,,,,,,11.150292879909165,22.56559018,0.0,,,,,,,,,,,,,,,,,30.375,0.5558014853891431,99.5625,1.8217937576644128,0.455625,0.8337022280837146,3.4846875,6.376278151825447,11.150292879909165,164157,,,0.0263137165990438,Information
231605,4062.0,4925.39212,ESP,Spain,Extremadura,0.021343875,0.0,0.76,0.33,,,,,,,,,,,,,,,,,,,,,,,,,,12.108633499913124,0.4268774999999999,0.0,,,,,,,,,,,,,,,,,26.859375,0.5453246024488498,102.65625,2.0842249203542424,0.402890625,0.8179869036732748,3.59296875,7.294787221239849,12.108633499913124,118246,,,0.0175599356077049,Information
231606,4063.0,4478.561564,ESP,Spain,Castilla-La Mancha,0.703241797,0.0,0.76,0.33,,,,,,,,,,,,,,,,,,,,,,,,,,3.618782418847146,14.06483594,0.0,,,,,,,,,,,,,,,,,9.984375,0.2229370938921449,27.703125,0.6185719365739796,0.149765625,0.3344056408382173,0.969609375,2.165001778008929,3.618782418847146,118833,,,0.0007688962564428,Information
231608,4065.0,11557.46421,ESP,Spain,Castilla-La Mancha,0.17838745,0.0,0.76,0.33,,,,,,,,,,,,,,,,,,,,,,,,,,6.089285546778414,3.567749,0.0,,,,,,,,,,,,,,,,,0.421875,0.0036502384300388,93.09375,0.8054859468952446,0.006328125,0.0054753576450582,3.25828125,2.819200814133356,6.089285546778414,6528897,,,0.0028696983125316,Information
231802,4069.0,7069.981829,ESP,Spain,Castilla y León,1.770672291,0.0,0.76,0.33,,,,,,,,,,,,,,,,,,,,,,,,,,10.46089866285244,35.41344582,0.0,,,,,,,,,,,,,,,,,53.578125,0.757825497986621,100.828125,1.4261440473921452,0.803671875,1.1367382469799314,3.528984375,4.991504165872508,10.46089866285244,276174,,,0.0343519567664084,Information
231803,4070.0,871.4181847,ESP,Spain,Castilla y León,1.950908134,0.0,0.76,0.33,,,,,,,,,,,,,,,,,,,,,,,,,,3.842078496821793,39.01816268,0.0,,,,,,,,,,,,,,,,,3.796875,0.4357121605670704,7.171875,0.8230118588489106,0.056953125,0.6535682408506056,0.251015625,2.880541505971187,3.842078496821793,10286,,,0.0028499586718252,Information
231807,4074.0,25.64636118,ESP,Spain,Castilla y León,0.811359568,0.0,0.76,0.33,,,,,,,,,,,,,,,,,,,,,,,,,,9.34540407643509,16.22719136,0.0,,,,,,,,,,,,,,,,,0.28125,1.0966468031100105,0.5625,2.193293606220021,0.00421875,1.644970204665016,0.0196875,7.676527621770074,9.34540407643509,705,,,0.0141456294496665,Information
231808,4075.0,15700.30249,ESP,Spain,Castilla y León,2.231538878,0.0,0.76,0.33,,,,,,,,,,,,,,,,,,,,,,,,,,3.0650242954234352,44.63077756,0.0,,,,,,,,,,,,,,,,,12.9375,0.0824028709567825,47.953125,0.3054280325680746,0.1940625,0.1236043064351737,1.678359375,1.0689981139882612,3.0650242954234352,785376,,,0.0019020322674318,Information
231904,4080.0,2794.688256,ESP,Spain,Galicia,0.201479912,0.0,0.76,0.33,,,,,,,,,,,,,,,,,,,,,,,,,,1.310156837839905,4.02959824,0.0,,,,,,,,,,,,,,,,,2.671875,0.0956054756459862,7.03125,0.2515933569631217,0.040078125,0.1434082134689793,0.24609375,0.8805767493709259,1.310156837839905,278133,,,8.778356580149468e-06,Information
231909,16073.0,14062.75665,ESP,Spain,Cantabria,2.372142305,1.068641156,0.76,0.33,,,,,,,,,,,,,,,,,,,,,,,,,,4.277076935385958,47.4428461,21.37282312,,,,,,,,,,,,,,,,,2.25,0.0159997079978482,70.453125,0.5009908566826246,0.03375,0.0239995619967723,2.465859375,1.753467998389186,4.277076935385958,3222136,,,0.0060599939680235,Information
232120,4085.0,16876.4398,FRA,France,Nouvelle-Aquitaine,1.528172537,0.248178809,0.75,0.35,,,,,,,,,,,,,,,,,,,,,,,,,,0.970828555201594,30.56345074,4.96357618,,,,,,,,,,,,,,,,,2.25,0.0133321958090553,16.453125,0.0974916818537175,0.03375,0.0199982937135829,0.575859375,0.3412208864880112,0.970828555201594,1136579,,,9.772826020817544e-06,Information
232160,4098.0,23837.31562,FRA,France,Nouvelle-Aquitaine,1.375802532,1.092416295,0.75,0.35,,,,,,,,,,,,,,,,,,,,,,,,,,1.918335123914344,27.51605064,21.8483259,,,,,,,,,,,,,,,,,0.84375,0.0035396183595068,38.25,0.1604626989643096,0.01265625,0.0053094275392602,1.33875,0.5616194463750835,1.918335123914344,1187504,,,0.0001406670061803,Information
232190,4101.0,9274.833571,FRA,France,Pays de la Loire,1.250745125,3.246368683,0.75,0.35,,,,,,,,,,,,,,,,,,,,,,,,,,13.127644111785248,25.0149025,64.92737366,,,,,,,,,,,,,,,,,94.640625,1.020402406997211,139.921875,1.5086187146541232,1.419609375,1.5306036104958167,4.897265625,5.280165501289432,13.127644111785248,1149216,,,0.1628773816910007,Information
232302,4112.0,10482.54704,FRA,France,Bretagne,0.818723508,0.0,0.75,0.35,,,,,,,,,,,,,,,,,,,,,,,,,,0.7226623432791265,16.37447016,0.0,,,,,,,,,,,,,,,,,1.6875,0.0160981867655875,9.84375,0.0939060894659272,0.0253125,0.0241472801483812,0.34453125,0.3286713131307452,0.7226623432791265,1220121,,,1.011254845528745e-06,Information
232303,4113.0,1839.859265,FRA,France,Bretagne,2.218322643,2.655282696,0.75,0.35,,,,,,,,,,,,,,,,,,,,,,,,,,9.845853443003785,44.36645286,53.10565392,,,,,,,,,,,,,,,,,21.9375,1.192346633371866,34.3125,1.864952426555996,0.3290625,1.788519950057799,1.2009375,6.527333492945985,9.845853443003785,345065,,,0.0592799605991962,Information
232305,16074.0,24296.39159,FRA,France,Bretagne,1.629516151,3.061523746,0.75,0.35,,,,,,,,,,,,,,,,,,,,,,,,,,11.62042211460585,32.59032302,61.230474920000006,,,,,,,,,,,,,,,,,37.265625,0.1533792574087035,219.234375,0.9023330652836556,0.558984375,0.2300688861130552,7.673203125,3.158165728492795,11.62042211460585,2876572,,,0.1141266638038831,Information
232307,4116.0,3324.682186,FRA,France,Normandie,0.36467522,3.056008623,0.75,0.35,,,,,,,,,,,,,,,,,,,,,,,,,,0.3325226783157353,7.293504400000001,61.12017246,,,,,,,,,,,,,,,,,0.28125,0.0084594551971435,2.25,0.0676756415771486,0.00421875,0.0126891827957152,0.07875,0.2368647455200201,0.3325226783157353,266920,,,9.606881219748589e-07,Information
233013,16078.0,18128.27343,GBR,United Kingdom,England,1.727351513,2.220485834,0.8,0.28,,,,,,,,,,,,,,,,,,,,,,,,,,6.46627393726642,34.54703026,44.40971668,,,,,,,,,,,,,,,,,3.515625,0.0193930492851899,117.5625,0.648503568096753,0.052734375,0.0290895739277848,4.1146875,2.269762488338636,6.46627393726642,4198639,,,0.0157219901162819,Information
233016,4166.0,4126.396268,GBR,United Kingdom,England,1.085743161,0.0,0.8,0.28,,,,,,,,,,,,,,,,,,,,,,,,,,0.967651659229017,21.71486322,0.0,,,,,,,,,,,,,,,,,3.09375,0.0749746219056635,6.75,0.1635809932487205,0.04640625,0.1124619328584952,0.23625,0.5725334763705218,0.967651659229017,253531,,,5.583663885489256e-06,Information
233026,4174.0,5072.680317,GBR,United Kingdom,Scotland,1.356864956,0.0,0.8,0.28,,,,,,,,,,,,,,,,,,,,,,,,,,4.197256118925646,27.13729912,0.0,,,,,,,,,,,,,,,,,1.96875,0.0388108431209149,39.515625,0.7789890654983639,0.02953125,0.0582162646813723,1.383046875,2.726461729244273,4.197256118925646,132125,,,0.0021576357254609,Information
233036,4183.0,8190.867041,GBR,United Kingdom,England,1.486009935,1.699118849,0.8,0.28,,,,,,,,,,,,,,,,,,,,,,,,,,0.868222136736365,29.7201987,33.98237698,,,,,,,,,,,,,,,,,0.140625,0.0017168512112818,11.109375,0.1356312456912692,0.002109375,0.0025752768169227,0.388828125,0.4747093599194422,0.868222136736365,1951657,,,7.413954849759151e-06,Information
233039,4186.0,6136.448866,GBR,United Kingdom,England,1.129757135,3.092153736,0.8,0.28,,,,,,,,,,,,,,,,,,,,,,,,,,7.750766619712939,22.5951427,61.84307472,,,,,,,,,,,,,,,,,1.265625,0.0206247135388437,83.671875,1.3635227284013351,0.018984375,0.0309370703082655,2.928515625,4.772329549404673,7.750766619712939,2903456,,,0.0554774798248343,Information
234001,4191.0,652.5005011,IRL,Ireland,Wexford,1.758020724,0.0,0.79,0.29,,,,,,,,,,,,,,,,,,,,,,,,,,8.586276137999667,35.16041448,0.0,,,,,,,,,,,,,,,,,0.28125,0.0431034151764688,14.90625,2.2844810043528465,0.00421875,0.0646551227647032,0.52171875,7.995683515234963,8.586276137999667,29072,,,0.0216010321245678,Information
234003,4193.0,19763.55858,IRL,Ireland,Cork,2.520227969,0.602670746,0.79,0.29,,,,,,,,,,,,,,,,,,,,,,,,,,7.697096267017665,50.40455938,12.053414920000002,,,,,,,,,,,,,,,,,3.09375,0.0156538104620686,144.703125,0.7321714075213036,0.04640625,0.0234807156931029,5.064609375,2.5625999263245625,7.697096267017665,1135963,,,0.0312272110141706,Information
234004,4194.0,11799.19909,IRL,Ireland,Roscommon,2.744847763,0.0,0.79,0.29,,,,,,,,,,,,,,,,,,,,,,,,,,11.547114032415582,54.89695526,0.0,,,,,,,,,,,,,,,,,4.21875,0.0357545454432371,176.765625,1.498115454071636,0.06328125,0.0536318181648556,6.186796875,5.243404089250726,11.547114032415582,546590,,,0.0865178303098595,Information
234005,4195.0,15809.0354,IRL,Ireland,Mayo,3.205666599,1.28859326,0.79,0.29,,,,,,,,,,,,,,,,,,,,,,,,,,12.794342719579088,64.11333198,25.7718652,,,,,,,,,,,,,,,,,0.421875,0.0026685688872666,223.734375,1.415231033213768,0.006328125,0.0040028533308999,7.830703125,4.953308616248188,12.794342719579088,601693,,,0.1511853678033479,Information
234006,4196.0,4429.164157,GBR,United Kingdom,Northern Ireland,1.029499399,0.0,0.8,0.28,,,,,,,,,,,,,,,,,,,,,,,,,,8.750146016258963,20.589987980000004,0.0,,,,,,,,,,,,,,,,,0.5625,0.0126999131230554,76.5,1.727188184735537,0.0084375,0.0190498696845831,2.6775,6.04515864657438,8.750146016258963,164218,,,0.0137076190513677,Information
234007,4197.0,7870.501941,IRL,Ireland,Donegal,1.50223877,1.351620857,0.79,0.29,,,,,,,,,,,,,,,,,,,,,,,,,,7.963304182895285,30.0447754,27.03241714,,,,,,,,,,,,,,,,,0.84375,0.0107204090205981,99.84375,1.2685817341041106,0.01265625,0.0160806135308971,3.49453125,4.440036069364387,7.963304182895285,435841,,,0.0148897305194288,Information
234009,4199.0,14158.99866,IRL,Ireland,Meath,0.858915175,1.198989373,0.79,0.29,,,,,,,,,,,,,,,,,,,,,,,,,,19.14748843318793,17.178303500000002,23.97978746,,,,,,,,,,,,,,,,,4.921875,0.0347614624262628,318.515625,2.249563211299583,0.073828125,0.0521421936393942,11.148046875,7.8734712395485404,19.14748843318793,3537243,,,0.0839739412886663,Information
262001,16096.0,33590.58085,RUS,Russia,Arkhangel'sk,3.076359735,0.0,0.65,0.49,,,,,,,,,,,,,,,,,,,,,,,,,,3.141555270688219,61.5271947,0.0,,,,,,,,,,,,,,,,,0.28125,0.0008372882900821,69.046875,0.2055542752151703,0.00421875,0.0012559324351231,2.416640625,0.7194399632530961,3.141555270688219,1862,,,0.0061185263006281,Information
271010,16098.0,2529.500263,ISL,Iceland,Höfuðborgarsvæði,1.43485961,2.909328365,0.85,0.21,,,,,,,,,,,,,,,,,,,,,,,,,,16.773281617738192,28.6971922,58.1865673,,,,,,,,,,,,,,,,,64.96875,2.568442112705584,68.90625,2.724105271051376,0.97453125,3.852663169058376,2.41171875,9.534368448679816,16.773281617738192,265991,,,0.1805081105811676,Information
271020,4611.0,3660.817665,ISL,Iceland,Vesturland,2.064023789,2.002416497,0.85,0.21,,,,,,,,,,,,,,,,,,,,,,,,,,17.92057085068602,41.28047578,40.04832994,,,,,,,,,,,,,,,,,96.046875,2.6236454201372035,96.046875,2.6236454201372035,1.440703125,3.935468130205805,3.361640625,9.182758970480212,17.92057085068602,1006,,,0.1176487185045841,Information
271055,4625.0,7956.47443,ISL,Iceland,Austurland,3.246115904,4.00330979,0.85,0.21,,,,,,,,,,,,,,,,,,,,,,,,,,28.964577212688223,64.92231808,80.0661958,3.0,,,,,,,,,,,,,,,,210.515625,2.645840527230513,276.46875,3.47476451338356,3.157734375,3.96876079084577,9.67640625,12.16167579684246,28.964577212688223,7691,83.0,1.0791834611884021,0.6456700959984902,Watch
271056,4626.0,1698.799821,ISL,Iceland,Austurland,4.016189178,0.0,0.85,0.21,,,,,,,,,,,,,,,,,,,,,,,,,,28.626356038301942,80.32378356000001,0.0,3.0,,,,,,,,,,,,,,,,82.546875,4.859129015386753,83.390625,4.908796432920518,1.238203125,7.288693523080129,2.918671875,17.180787515221812,28.626356038301942,26,0.0,0.0,0.6461389818710902,Watch
271057,4627.0,3397.507314,ISL,Iceland,Suðurland,2.033022344,0.0,0.85,0.21,,,,,,,,,,,,,,,,,,,,,,,,,,100.0,40.66044688,0.0,3.0,,,,,,,,,,,,,,,,1487.53125,43.78301832602949,1511.296875,44.48252013138958,15.0,15.0,35.0,35.0,100.0,235,45.0,19.148936170212767,0.6991279674608218,Warning
271058,4628.0,1801.232533,ISL,Iceland,Suðurland,3.944543597,0.0,0.85,0.21,,,,,,,,,,,,,,,,,,,,,,,,,,64.861953125,78.89087194,0.0,3.0,,,,,,,,,,,,,,,,290.25,16.11396611818509,300.234375,16.668274061204052,4.35375,15.0,10.508203125,35.0,64.861953125,52,39.0,75.0,0.8691868714382057,Warning
271090,4632.0,830.2964836,ISL,Iceland,Suðurland,1.665930005,0.0,0.85,0.21,,,,,,,,,,,,,,,,,,,,,,,,,,30.60524733489324,33.318600100000005,0.0,,,,,,,,,,,,,,,,,46.828125,5.639928137185765,46.96875,5.656864858318455,0.702421875,8.459892205778647,1.64390625,19.799027004114592,30.60524733489324,6133,,,0.2180621500762395,Information
311020,5766.0,5073.873126,RUS,Russia,Yamal-Nenets,1.682814692,0.0,0.65,0.49,,,,,,,,,,,,,,,,,,,,,,,,,,27.57975572621716,33.656293840000004,0.0,,,,,,,,,,,,,,,,,0.703125,0.0138577568364895,264.9375,5.221602775989263,0.010546875,0.0207866352547342,9.2728125,18.27560971596242,27.57975572621716,2,,,0.190035120014823,Information
311030,5767.0,2169.81108,RUS,Russia,Yamal-Nenets,3.037993288,4.517947362,0.65,0.49,,,,,,,,,,,,,,,,,,,,,,,,,,17.367678216210138,60.75986576,90.35894724,3.0,,,,,,,,,,,,,,,,0.703125,0.0324048949051093,88.171875,4.063573821100706,0.010546875,0.0486073423576639,3.086015625,14.222508373852472,17.367678216210138,0,0.0,0.0,0.7219286727889842,Watch
322140,6151.0,29440.13898,RUS,Russia,Krasnoyarsk,4.020520218,0.0,0.65,0.49,,,,,,,,,,,,,,,,,,,,,,,,,,2.747688839300409,80.41040436,0.0,,,,,,,,,,,,,,,,,2.53125,0.008597955335898,57.515625,0.1953646517990176,0.03796875,0.0128969330038469,2.013046875,0.6837762812965616,2.747688839300409,13789,,,0.0247512226323888,Information
331610,6517.0,9242.059355,RUS,Russia,Krasnoyarsk,4.003083341,0.0,0.65,0.49,,,,,,,,,,,,,,,,,,,,,,,,,,0.2591126421206609,80.06166682,0.0,,,,,,,,,,,,,,,,,1.40625,0.0152157646464023,2.953125,0.031953105757445,0.02109375,0.0228236469696034,0.103359375,0.1118358701510574,0.2591126421206609,0,,,7.023137730178494e-06,Information
331642,6521.0,27215.27074,RUS,Russia,Krasnoyarsk,3.248079428,0.0,0.65,0.49,,,,,,,,,,,,,,,,,,,,,,,,,,2.899829079976966,64.96158856,0.0,,,,,,,,,,,,,,,,,0.28125,0.0010334271617731,60.46875,0.2221868397812304,0.00421875,0.0015501407426596,2.11640625,0.7776539392343065,2.899829079976966,0,,,0.0063550019995231,Information
331650,6529.0,20771.74094,RUS,Russia,Krasnoyarsk,3.750033707,0.0,0.65,0.49,,,,,,,,,,,,,,,,,,,,,,,,,,3.623816003086058,75.00067414,0.0,,,,,,,,,,,,,,,,,4.921875,0.0236950528789951,67.78125,0.3263147282193043,0.073828125,0.0355425793184926,2.37234375,1.142101548767565,3.623816003086058,1470,,,0.026721668920166,Information
331691,6541.0,5437.753139,RUS,Russia,Krasnoyarsk,2.079859815,0.0,0.65,0.49,,,,,,,,,,,,,,,,,,,,,,,,,,13.15275260895595,41.59719629999999,0.0,,,,,,,,,,,,,,,,,22.078125,0.4060155809625388,122.90625,2.260239603574898,0.331171875,0.6090233714438082,4.30171875,7.910838612512142,13.15275260895595,11,,,0.0680158256732595,Information
331694,6544.0,10942.84299,RUS,Russia,Krasnoyarsk,2.188794205,0.0,0.65,0.49,,,,,,,,,,,,,,,,,,,,,,,,,,2.554078356469097,43.775884100000006,0.0,,,,,,,,,,,,,,,,,0.703125,0.0064254325946738,37.828125,0.3456882735934532,0.010546875,0.0096381488920107,1.323984375,1.2099089575770865,2.554078356469097,0,,,0.0009952224029014,Information
331767,6570.0,6569.71253,RUS,Russia,Sakha,3.083547495,0.0,0.65,0.49,,,,,,,,,,,,,,,,,,,,,,,,,,2.9331660679299856,61.6709499,0.0,,,,,,,,,,,,,,,,,0.421875,0.0064215138498064,33.046875,0.5030185849015074,0.006328125,0.0096322707747096,1.156640625,1.7605650471552758,2.9331660679299856,25,,,0.0050830811666144,Information
331831,6578.0,23889.60958,RUS,Russia,Sakha,3.250828486,0.0,0.65,0.49,,,,,,,,,,,,,,,,,,,,,,,,,,0.6244021450717423,65.01656972,0.0,,,,,,,,,,,,,,,,,1.125,0.0047091602574247,12.09375,0.0506234727673158,0.016875,0.007063740386137,0.42328125,0.1771821546856052,0.6244021450717423,0,,,2.838672286042398e-05,Information
342114,6609.0,7887.954925,RUS,Russia,Sakha,3.441907186,0.0,0.65,0.49,,,,,,,,,,,,,,,,,,,,,,,,,,1.0141120124717944,68.83814372,0.0,,,,,,,,,,,,,,,,,0.28125,0.0035655629715207,12.65625,0.1604503337184324,0.00421875,0.005348344457281,0.44296875,0.5615761680145134,1.0141120124717944,0,,,0.0003071944979128,Information
342173,6622.0,603.3462153,RUS,Russia,Sakha,0.772147146,0.0,0.65,0.49,,,,,,,,,,,,,,,,,,,,,,,,,,5.029250852349747,15.44294292,0.0,,,,,,,,,,,,,,,,,0.703125,0.1165375670110502,7.875,1.3052207505237632,0.010546875,0.1748063505165752,0.275625,4.568272626833172,5.029250852349747,0,,,0.0023851020686321,Information
342193,6632.0,2423.972913,RUS,Russia,Sakha,0.225244825,0.0,0.65,0.49,,,,,,,,,,,,,,,,,,,,,,,,,,20.617557810116,4.5048965,0.0,,,,,,,,,,,,,,,,,23.0625,0.9514338990942226,105.046875,4.3336653818499045,0.3459375,1.4271508486413338,3.676640625,15.167828836474666,20.617557810116,0,,,0.0626463125431558,Information
342196,6635.0,1006.517392,RUS,Russia,Sakha,1.015592932,0.0,0.65,0.49,,,,,,,,,,,,,,,,,,,,,,,,,,5.459080882431437,20.31185864,0.0,,,,,,,,,,,,,,,,,0.140625,0.0139714426265674,14.203125,1.4111157052833103,0.002109375,0.0209571639398511,0.497109375,4.938904968491586,5.459080882431437,0,,,0.0036718771909603,Information
342993,6904.0,4167.010176,RUS,Russia,Zabaykal'ye,1.857505413,0.0,0.65,0.49,,,,,,,,,,,,,,,,,,,,,,,,,,2.66778225327415,37.15010826,0.0,,,,,,,,,,,,,,,,,0.140625,0.0033747217800612,22.359375,0.5365807630297309,0.002109375,0.0050620826700918,0.782578125,1.8780326706040584,2.66778225327415,0,,,0.0007901958867808,Information
342995,6906.0,13501.77182,RUS,Russia,Zabaykal'ye,3.073989181,0.0,0.65,0.49,,,,,,,,,,,,,,,,,,,,,,,,,,2.2605248024527222,61.47978362,0.0,,,,,,,,,,,,,,,,,1.265625,0.009373769731537,36.5625,0.2707977922444047,0.018984375,0.0140606545973054,1.2796875,0.9477922728554165,2.2605248024527222,26,,,0.0022870834344675,Information
343000,6911.0,10016.83493,RUS,Russia,Sakha,3.371245401,3.050782181,0.65,0.49,,,,,,,,,,,,,,,,,,,,,,,,,,3.242897597948592,67.42490802,61.015643620000006,,,,,,,,,,,,,,,,,0.5625,0.0056155462667195,46.125,0.4604747938710037,0.0084375,0.0084233194000792,1.614375,1.611661778548513,3.242897597948592,6951,,,0.0105251609434883,Information
351218,6927.0,3068.162955,RUS,Russia,Sakha,3.095695172,0.0,0.65,0.49,,,,,,,,,,,,,,,,,,,,,,,,,,8.960458821578415,61.91390344,0.0,,,,,,,,,,,,,,,,,2.109375,0.0687504226762541,59.203125,1.9295951964468667,0.031640625,0.1031256340143811,2.072109375,6.7535831875640335,8.960458821578415,0,,,0.0739445600735873,Information
351222,6930.0,3859.293948,RUS,Russia,Sakha,1.848586181,0.0,0.65,0.49,,,,,,,,,,,,,,,,,,,,,,,,,,9.120392505095085,36.97172362,0.0,,,,,,,,,,,,,,,,,0.984375,0.0255066085468801,72.140625,1.8692700263642184,0.014765625,0.0382599128203201,2.524921875,6.542445092274765,9.120392505095085,0,,,0.0266137496339488,Information
351223,6931.0,11048.42881,RUS,Russia,Sakha,3.132567049,0.0,0.65,0.49,,,,,,,,,,,,,,,,,,,,,,,,,,14.942431570962029,62.65134098,0.0,,,,,,,,,,,,,,,,,3.796875,0.0343657461749842,222.46875,2.0135781647713005,0.056953125,0.0515486192624763,7.78640625,7.047523576699552,14.942431570962029,148,,,0.1798092992417727,Information
351230,6938.0,18550.67927,RUS,Russia,Sakha,2.764953198,0.0,0.65,0.49,,,,,,,,,,,,,,,,,,,,,,,,,,4.038599650869143,55.299063960000005,0.0,,,,,,,,,,,,,,,,,2.671875,0.0144031113968455,73.828125,0.3979807096496786,0.040078125,0.0216046670952682,2.583984375,1.392932483773875,4.038599650869143,0,,,0.0081062480115252,Information
351280,6951.0,28682.64111,RUS,Russia,Sakha,2.799969781,0.0,0.65,0.49,,,,,,,,,,,,,,,,,,,,,,,,,,1.6016188406524712,55.99939562,0.0,,,,,,,,,,,,,,,,,0.421875,0.0014708373557814,33.75,0.117666988462514,0.006328125,0.0022062560336721,1.18125,0.411834459618799,1.6016188406524712,2806,,,0.0004611939925201,Information
351823,7040.0,5359.407376,RUS,Russia,Chukot,3.527205825,0.0,0.65,0.49,,,,,,,,,,,,,,,,,,,,,,,,,,12.713079325116649,70.5441165,0.0,,,,,,,,,,,,,,,,,12.234375,0.2282785043303687,121.5,2.267041698177456,0.183515625,0.342417756495553,4.2525,7.934645943621096,12.713079325116649,2,,,0.20038065658607,Information
351824,7041.0,12711.17942,RUS,Russia,Chukot,2.038900366,0.0,0.65,0.49,,,,,,,,,,,,,,,,,,,,,,,,,,18.95474973205193,40.77800732,0.0,,,,,,,,,,,,,,,,,1.125,0.0088504769162798,302.625,2.3807782904792885,0.016875,0.0132757153744197,10.591875,8.33272401667751,18.95474973205193,31,,,0.1273018613841728,Information
351841,7048.0,15158.49682,RUS,Russia,Chukot,3.02943059,0.0,0.65,0.49,,,,,,,,,,,,,,,,,,,,,,,,,,10.20285161180292,60.5886118,0.0,,,,,,,,,,,,,,,,,28.546875,0.1883225978659483,163.40625,1.077984525715428,0.428203125,0.2824838967989224,5.71921875,3.772945840003998,10.20285161180292,37,,,0.0882856576582057,Information
351842,7049.0,6068.06394,RUS,Russia,Chukot,4.036179633,0.0,0.65,0.49,,,,,,,,,,,,,,,,,,,,,,,,,,0.6665442239906629,80.72359266,0.0,,,,,,,,,,,,,,,,,4.640625,0.0764762047021893,5.203125,0.085746047696394,0.069609375,0.1147143070532839,0.182109375,0.300111166937379,0.6665442239906629,0,,,0.0003833697412215,Information
351843,7050.0,1643.880721,RUS,Russia,Chukot,4.013081703,0.0,0.65,0.49,,,,,,,,,,,,,,,,,,,,,,,,,,2.231197422582452,80.26163406,0.0,,,,,,,,,,,,,,,,,1.96875,0.1197623389114032,8.15625,0.4961582612043849,0.02953125,0.1796435083671048,0.28546875,1.7365539142153472,2.231197422582452,1308,,,0.0146277727530372,Information
351844,7051.0,22084.52234,RUS,Russia,Chukot,3.061513903,0.0,0.65,0.49,,,,,,,,,,,,,,,,,,,,,,,,,,2.4516098022331625,61.23027806,0.0,,,,,,,,,,,,,,,,,1.265625,0.0057308235167487,47.671875,0.2158610191308684,0.018984375,0.008596235275123,1.668515625,0.7555135669580394,2.4516098022331625,36,,,0.0028821628422045,Information
351845,7052.0,10309.81335,RUS,Russia,Maga Buryatdan,3.065126296,0.0,0.65,0.49,,,,,,,,,,,,,,,,,,,,,,,,,,3.102670721693192,61.30252592,0.0,,,,,,,,,,,,,,,,,15.75,0.1527670721693191,38.25,0.371005746696918,0.23625,0.2291506082539786,1.33875,1.298520113439213,3.102670721693192,0,,,0.0058094701987549,Information
351846,7053.0,13561.17661,RUS,Russia,Maga Buryatdan,3.099226042,0.0,0.65,0.49,,,,,,,,,,,,,,,,,,,,,,,,,,0.6926521736608253,61.98452084,0.0,,,,,,,,,,,,,,,,,0.984375,0.0072587728064401,10.96875,0.0808834684146186,0.014765625,0.0108881592096601,0.38390625,0.2830921394511651,0.6926521736608253,67,,,3.097979664565399e-05,Information
351940,7098.0,19566.02512,RUS,Russia,Chukot,2.463595743,0.0,0.65,0.49,,,,,,,,,,,,,,,,,,,,,,,,,,23.68279431078642,49.27191486,0.0,,,,,,,,,,,,,,,,,7.3125,0.0373734570803852,444.65625,2.2725936786188123,0.1096875,0.0560601856205777,15.56296875,7.954077875165844,23.68279431078642,38,,,0.2231103149445147,Information
353013,7114.0,7369.003889,RUS,Russia,Chukot,3.576025402,2.970011893,0.65,0.49,,,,,,,,,,,,,,,,,,,,,,,,,,7.070001689677183,71.52050804,59.40023786,,,,,,,,,,,,,,,,,9.984375,0.1354915148697046,81.421875,1.1049237621064647,0.149765625,0.2032372723045569,2.849765625,3.8672331673726266,7.070001689677183,13,,,0.0817609893263565,Information
353020,16124.0,7751.572989,RUS,Russia,Chukot,1.912751345,0.0,0.65,0.49,,,,,,,,,,,,,,,,,,,,,,,,,,21.071063578086964,38.2550269,0.0,,,,,,,,,,,,,,,,,66.09375,0.8526495215040308,234.5625,3.0259987273802627,0.99140625,1.2789742822560464,8.2096875,10.59099554583092,21.071063578086964,0,,,0.1411623250957748,Information
354124,7119.0,17468.21646,RUS,Russia,Chukot,3.516389646,0.0,0.65,0.49,,,,,,,,,,,,,,,,,,,,,,,,,,63.6029889337277,70.32779292,0.0,3.0,,,,,,,,,,,,,,,,1.96875,0.011270469454187,1425.234375,8.159014851298977,0.02953125,0.0169057041812805,35.0,28.55655197954642,63.6029889337277,617,0.0,0.0,0.777104157307996,Watch
354129,7124.0,7868.963952,RUS,Russia,Chukot,3.211099149,0.0,0.65,0.49,,,,,,,,,,,,,,,,,,,,,,,,,,18.795964242128512,64.22198297999999,0.0,,,,,,,,,,,,,,,,,0.5625,0.0071483362161933,236.25,3.002301210801206,0.0084375,0.0107225043242899,8.26875,10.50805423780422,18.795964242128512,0,,,0.2598877591457962,Information
354144,7129.0,45608.79152,RUS,Russia,Chukot,3.276528517,0.0,0.65,0.49,,,,,,,,,,,,,,,,,,,,,,,,,,47.53457222544702,65.53057034,0.0,3.0,,,,,,,,,,,,,,,,40.078125,0.0878736832554523,1537.875,3.3718828073039555,0.601171875,0.1318105248831784,35.0,11.801589825563845,47.53457222544702,0,0.0,0.0,0.6260404664690923,Watch
354149,7134.0,30127.13668,RUS,Russia,Chukot,3.559306691,0.0,0.65,0.49,,,,,,,,,,,,,,,,,,,,,,,,,,12.08005456645462,71.18613382000001,0.0,,,,,,,,,,,,,,,,,1.546875,0.0051344905971006,258.46875,0.8579267015882767,0.023203125,0.0077017358956509,9.04640625,3.0027434555589685,12.08005456645462,0,,,0.19234125085001,Information
354179,7153.0,2120.107087,RUS,Russia,Chukot,4.033857502,3.236052402,0.65,0.49,,,,,,,,,,,,,,,,,,,,,,,,,,8.895341238434964,80.67715004,64.72104804,,,,,,,,,,,,,,,,,5.625,0.2653167867486656,42.046875,1.983242980946276,0.084375,0.3979751801229984,1.471640625,6.941350433311966,8.895341238434964,0,,,0.2189451615417895,Information
354193,7157.0,11296.07278,RUS,Russia,Kamchatka,4.000186719,3.607709818,0.65,0.49,,,,,,,,,,,,,,,,,,,,,,,,,,9.023194747749432,80.00373438,72.15419636,,,,,,,,,,,,,,,,,0.140625,0.0012449016814307,136.6875,1.210044434350653,0.002109375,0.001867352522146,4.7840625,4.235155520227285,9.023194747749432,254,,,0.2130895278861804,Information
354195,7159.0,1126.760192,RUS,Russia,Kamchatka,3.742057764,4.013599588,0.65,0.49,,,,,,,,,,,,,,,,,,,,,,,,,,2.714854319112138,74.84115528000001,80.27199175999999,,,,,,,,,,,,,,,,,0.28125,0.0249609457198172,7.734375,0.6864260072949749,0.00421875,0.0374414185797258,0.270703125,2.402491025532412,2.714854319112138,279,,,0.0236669049862627,Information
354197,7161.0,7334.778605,RUS,Russia,Kamchatka,3.217631542,4.006481423,0.65,0.49,,,,,,,,,,,,,,,,,,,,,,,,,,3.855243507953992,64.35263084,80.12962846,,,,,,,,,,,,,,,,,1.125,0.0153378862617516,46.125,0.6288533367318185,0.016875,0.0230068293926274,1.614375,2.2009866785613648,3.855243507953992,2330,,,0.0505238384388196,Information
354210,7163.0,28728.07536,RUS,Russia,Kamchatka,3.192294388,2.559411316,0.65,0.49,,,,,,,,,,,,,,,,,,,,,,,,,,9.427583291749508,63.84588776,51.18822632,,,,,,,,,,,,,,,,,0.28125,0.0009790074569674,199.6875,0.6950952944468735,0.00421875,0.001468511185451,6.9890625,2.432833530564057,9.427583291749508,3442,,,0.0894497957567213,Information
354220,7164.0,7231.915353,RUS,Russia,Kamchatka,0.156674319,0.0,0.65,0.49,,,,,,,,,,,,,,,,,,,,,,,,,,16.891159047644752,3.13348638,0.0,,,,,,,,,,,,,,,,,0.421875,0.0058335168404947,202.359375,2.798143577824003,0.006328125,0.008750275260742,7.082578125,9.79350252238401,16.891159047644752,159,,,0.0403582749147568,Information
354450,7192.0,4459.382129,RUS,Russia,Kamchatka,0.91188119,3.210641549,0.65,0.49,,,,,,,,,,,,,,,,,,,,,,,,,,12.808235992284406,18.2376238,64.21283098,,,,,,,,,,,,,,,,,0.84375,0.0189207826463889,112.5,2.5227710195185207,0.01265625,0.0283811739695833,3.9375,8.829698568314821,12.808235992284406,262,,,0.1520923024609404,Information
354460,7193.0,17643.95549,RUS,Russia,Kamchatka,1.268016099,2.044442309,0.65,0.49,,,,,,,,,,,,,,,,,,,,,,,,,,3.194734481593509,25.36032198,40.88884618,,,,,,,,,,,,,,,,,0.421875,0.0023910454791589,58.078125,0.3291672609642204,0.006328125,0.0035865682187383,2.032734375,1.152085413374771,3.194734481593509,2265,,,0.0017618982646582,Information
354491,7196.0,8065.979166,RUS,Russia,Kamchatka,1.7549918,3.079504676,0.65,0.49,,,,,,,,,,,,,,,,,,,,,,,,,,1.54177017715398,35.099836,61.59009352,,,,,,,,,,,,,,,,,0.28125,0.003486867424531,19.546875,0.2423372860049096,0.00421875,0.0052303011367965,0.684140625,0.8481805010171837,1.54177017715398,2796,,,0.0006513502421988,Information
354493,7198.0,4949.822035,RUS,Russia,Kamchatka,3.794879262,4.000094266,0.65,0.49,,,,,,,,,,,,,,,,,,,,,,,,,,4.648627418657481,75.89758524,80.00188531999999,,,,,,,,,,,,,,,,,0.5625,0.0113640449288532,43.734375,0.8835544932183433,0.0084375,0.0170460673932798,1.530703125,3.092440726264201,4.648627418657481,19,,,0.0722734707367387,Information
354502,7205.0,35483.0712,RUS,Russia,Kamchatka,2.907723693,2.192951969,0.65,0.49,,,,,,,,,,,,,,,,,,,,,,,,,,13.888769109004214,58.15447386,43.85903938,,,,,,,,,,,,,,,,,0.140625,0.0003963157506819,309.515625,0.8722909672509115,0.002109375,0.0005944736260228,10.833046875,3.05301838537819,13.888769109004214,350,,,0.1350343517992699,Information
355000,16127.0,3833.97207,USA,United States,Alaska,0.08981188,0.0,0.77,0.32,,,,,,,,,,,,,,,,,,,,,,,,,,5.307526481453931,1.7962376,0.0,,,,,,,,,,,,,,,,,0.28125,0.0073357341901604,41.90625,1.0930243943339115,0.00421875,0.0110036012852406,1.46671875,3.8255853801686905,5.307526481453931,771,,,0.0017618814848906,Information
356015,7216.0,35833.82171,RUS,Russia,Maga Buryatdan,3.504195159,4.007779212,0.65,0.49,,,,,,,,,,,,,,,,,,,,,,,,,,10.531309527213402,70.08390318,80.15558424,,,,,,,,,,,,,,,,,3.234375,0.0090260397738528,233.859375,0.652621919300749,0.048515625,0.0135390596607791,8.185078125,2.2841767175526213,10.531309527213402,1850,,,0.2631807534083067,Information
356017,7218.0,10272.0346,RUS,Russia,Maga Buryatdan,3.533062442,3.957802964,0.65,0.49,,,,,,,,,,,,,,,,,,,,,,,,,,10.91092776938179,70.66124884,79.15605928,,,,,,,,,,,,,,,,,4.359375,0.0424392554307097,156.09375,1.51959914606735,0.065390625,0.0636588831460645,5.46328125,5.318597011235725,10.91092776938179,5440,,,0.2587193995367549,Information
411006,7259.0,7163.198536,RUS,Russia,Sakhalin,0.227214647,0.0,0.65,0.49,,,,,,,,,,,,,,,,,,,,,,,,,,15.418417068838004,4.54429294,0.0,,,,,,,,,,,,,,,,,70.03125,0.977653343592947,153.84375,2.1476963009853094,1.05046875,1.4664800153894204,5.38453125,7.516937053448583,15.418417068838004,11484,,,0.0341441512400254,Information
411007,7260.0,5007.241815,RUS,Russia,Sakhalin,0.875327377,1.59252733,0.65,0.49,,,,,,,,,,,,,,,,,,,,,,,,,,23.66122682842932,17.50654754,31.8505466,,,,,,,,,,,,,,,,,32.484375,0.6487478776037002,211.640625,4.226690717721078,0.487265625,0.9731218164055504,7.407421875,14.793417512023773,23.66122682842932,30058,,,0.1450583993466896,Information
412003,7263.0,3322.072736,RUS,Russia,Sakhalin,1.008937112,0.0,0.65,0.49,,,,,,,,,,,,,,,,,,,,,,,,,,20.28738175651708,20.17874224,0.0,,,,,,,,,,,,,,,,,29.8125,0.89740660038405,131.765625,3.966367851697429,0.4471875,1.3461099005760748,4.611796875,13.882287480941002,20.28738175651708,6525,,,0.0853761147866641,Information
412004,7264.0,1494.817052,RUS,Russia,Sakhalin,0.194382543,0.0,0.65,0.49,,,,,,,,,,,,,,,,,,,,,,,,,,8.477984502801117,3.88765086,0.0,,,,,,,,,,,,,,,,,1.96875,0.1317050804071628,30.65625,2.0508362520543924,0.02953125,0.1975576206107442,1.07296875,7.177926882190373,8.477984502801117,14,,,0.0075902284244026,Information
413014,7270.0,10144.36648,JPN,Japan,Iwate,1.570667863,0.0,0.78,0.31,,,,,,,,,,,,,,,,,,,,,,,,,,36.098484340713,31.41335726,0.0,,,,,,,,,,,,,,,,,53.296875,0.5253839664175933,496.546875,4.894804183167604,0.799453125,0.78807594962639,17.379140625,17.131814641086613,36.098484340713,1244075,,,0.2604862893923848,Advisory
413015,7271.0,17380.82653,JPN,Japan,Fukushima,1.427746773,2.664508368,0.78,0.31,,,,,,,,,,,,,,,,,,,,,,,,,,52.09351318260963,28.55493546,53.29016736,,,,,,,,,,,,,,,,,173.109375,0.9959789579648078,870.609375,5.009021713046406,2.596640625,1.4939684369472117,30.471328125,17.53157599566242,52.09351318260963,4965029,,,0.5434327583445855,Advisory
413090,7284.0,909.1179741,JPN,Japan,Niigata,3.069334638,0.319181981,0.78,0.31,,,,,,,,,,,,,,,,,,,,,,,,,,35.77402371000636,61.38669276,6.38363962,,,,,,,,,,,,,,,,,15.328125,1.686043553957874,78.609375,8.6467738225913,0.229921875,2.529065330936811,2.751328125,30.26370837906955,35.77402371000636,59675,,,0.4695604076004697,Advisory
414000,16139.0,275.7419416,JPN,Japan,Shizuoka,0.001284847,1.077965923,0.78,0.31,,,,,,,,,,,,,,,,,,,,,,,,,,20.38555297868172,0.02569694,21.55931846,,,,,,,,,,,,,,,,,4.640625,1.6829594268547472,13.640625,4.946880739542742,0.069609375,2.5244391402821207,0.477421875,17.314082588399597,20.38555297868172,12228,,,0.0889070153622461,Information
421050,7298.0,1978.059207,RUS,Russia,Khabarovsk,0.0,4.020334706,0.65,0.49,,,,,,,,,,,,,,,,,,,,,,,,,,3.0400303566434244,0.0,80.40669412,,,,,,,,,,,,,,,,,3.9375,0.1990587534622293,12.65625,0.6398317075571658,0.0590625,0.2985881301933439,0.44296875,2.23941097645008,3.0400303566434244,1161,,,0.0312085959142509,Information
422127,7337.0,5947.332745,RUS,Russia,Khabarovsk,1.030078348,0.0,0.65,0.49,,,,,,,,,,,,,,,,,,,,,,,,,,14.78324628804021,20.60156696,0.0,,,,,,,,,,,,,,,,,26.296875,0.4421624975101438,146.25,2.459085547649998,0.394453125,0.6632437462652157,5.11875,8.606799416774994,14.78324628804021,3223,,,0.0463830013919737,Information
422129,7339.0,13289.03848,RUS,Russia,Khabarovsk,3.307391,0.0,0.65,0.49,,,,,,,,,,,,,,,,,,,,,,,,,,2.7478650623187733,66.14782,0.0,,,,,,,,,,,,,,,,,12.65625,0.0952382673620534,39.375,0.2962968317930552,0.18984375,0.1428574010430801,1.378125,1.0370389112756933,2.7478650623187733,8116,,,0.0060164310474923,Information
422137,7346.0,6733.268925,RUS,Russia,Khabarovsk,0.86155118,0.0,0.65,0.49,,,,,,,,,,,,,,,,,,,,,,,,,,25.00850310935781,17.2310236,0.0,,,,,,,,,,,,,,,,,56.953125,0.8458465810913798,263.109375,3.9076023536344975,0.854296875,1.2687698716370697,9.208828125,13.67660823772074,25.00850310935781,1915,,,0.1156849652148826,Information
422138,7347.0,1480.387587,RUS,Russia,Khabarovsk,1.253223019,0.0,0.65,0.49,,,,,,,,,,,,,,,,,,,,,,,,,,5.507253012578716,25.06446038,0.0,,,,,,,,,,,,,,,,,2.390625,0.1614864256709667,19.265625,1.3013906068777903,0.035859375,0.24222963850645,0.674296875,4.554867124072266,5.507253012578716,51,,,0.0045196750267755,Information
422140,7349.0,22002.06037,RUS,Russia,Khabarovsk,2.382262458,0.0,0.65,0.49,,,,,,,,,,,,,,,,,,,,,,,,,,29.08960324522014,47.64524916,0.0,,,,,,,,,,,,,,,,,79.875,0.3630341824838308,537.1875,2.441532706141256,1.198125,0.5445512737257462,18.8015625,8.545364471494397,29.08960324522014,10673,,,0.2783796432627064,Information
422152,7351.0,1530.318899,RUS,Russia,Khabarovsk,0.735349741,0.0,0.65,0.49,,,,,,,,,,,,,,,,,,,,,,,,,,17.21240785693816,14.706994819999998,0.0,,,,,,,,,,,,,,,,,18.421875,1.20379321014706,57.375,3.7492185476335913,0.276328125,1.8056898152205905,2.008125,13.122264916717567,17.21240785693816,7959,,,0.0547480721077994,Information
422153,7352.0,2066.922124,RUS,Russia,Khabarovsk,0.282430435,0.0,0.65,0.49,,,,,,,,,,,,,,,,,,,,,,,,,,51.802601141698574,5.6486087,0.0,,,,,,,,,,,,,,,,,93.515625,4.524390344465716,246.09375,11.906290380172935,1.402734375,6.786585516698574,8.61328125,35.0,51.802601141698574,43803,,,0.274391204935418,Advisory
422154,7353.0,11839.34175,RUS,Russia,Khabarovsk,1.252077482,0.0,0.65,0.49,,,,,,,,,,,,,,,,,,,,,,,,,,11.42539273048742,25.04154964,0.0,,,,,,,,,,,,,,,,,36.5625,0.3088220677549617,161.296875,1.3623804296728503,0.5484375,0.4632331016324425,5.645390625,4.768331503854976,11.42539273048742,4447,,,0.0299794540495272,Information
422155,7354.0,559.6339576,RUS,Russia,Khabarovsk,0.184954898,0.0,0.65,0.49,,,,,,,,,,,,,,,,,,,,,,,,,,47.633666494723386,3.69909796,0.0,,,,,,,,,,,,,,,,,32.203125,5.754319329815592,100.546875,17.96654288566877,0.483046875,8.631478994723388,3.519140625,35.0,47.633666494723386,1055,,,0.2407357253162729,Advisory
422156,7355.0,14662.85263,RUS,Russia,Khabarovsk,2.034075261,0.0,0.65,0.49,,,,,,,,,,,,,,,,,,,,,,,,,,32.058177834240084,40.68150522,0.0,,,,,,,,,,,,,,,,,64.125,0.4373296356965711,517.078125,3.526449715912921,0.961875,0.6559944535448566,18.097734375,12.342574005695225,32.058177834240084,16476,,,0.2691555847028579,Information
422158,7357.0,1330.86779,RUS,Russia,Khabarovsk,0.044626601,0.0,0.65,0.49,,,,,,,,,,,,,,,,,,,,,,,,,,18.102667916728368,0.89253202,0.0,,,,,,,,,,,,,,,,,9.84375,0.7396489776263133,56.53125,4.247698414368257,0.14765625,1.10947346643947,1.97859375,14.866944450288898,18.102667916728368,343,,,0.0445517830937198,Information
422160,7359.0,22677.05125,RUS,Russia,Khabarovsk,2.971500083,0.0,0.65,0.49,,,,,,,,,,,,,,,,,,,,,,,,,,16.236292090207037,59.43000166,0.0,,,,,,,,,,,,,,,,,48.65625,0.2145616264538702,301.078125,1.327677578721781,0.72984375,0.3218424396808053,10.537734375,4.646871525526233,16.236292090207037,11941,,,0.1798911877960685,Information
422210,7371.0,8290.14123,CHN,China,Heilongjiang,0.293407466,0.0,0.59,0.57,,,,,,,,,,,,,,,,,,,,,,,,,,70.16288345343301,5.868149320000001,0.0,3.0,,,,,,,,,,,,,,,,4.921875,0.0593702189553463,5385.375,64.9611972889698,0.073828125,0.0890553284330194,35.0,35.0,70.16288345343301,446508,70408.0,15.768586453098266,0.3844259389634429,Watch
422413,7399.0,4636.528809,CHN,China,Heilongjiang,1.565675823,0.0,0.59,0.57,,,,,,,,,,,,,,,,,,,,,,,,,,70.01997653582826,31.31351646,0.0,3.0,,,,,,,,,,,,,,,,0.421875,0.0090989405521769,1888.59375,40.73292387191216,0.006328125,0.0136484108282653,35.0,35.0,70.01997653582826,163883,13306.0,8.119206995234405,0.5076704480308677,Watch
422418,7404.0,10996.52713,CHN,China,Heilongjiang,1.696496586,0.0,0.59,0.57,,,,,,,,,,,,,,,,,,,,,,,,,,70.04430353673472,33.92993172,0.0,3.0,,,,,,,,,,,,,,,,1.546875,0.0140669411564759,1245.375,11.325166443795537,0.023203125,0.0211004117347138,35.0,35.0,70.04430353673472,1658537,42384.0,2.5555052434766306,0.5232898235459322,Watch
422520,7471.0,7735.315375,RUS,Russia,Yevrey,0.491870092,0.0,0.65,0.49,,,,,,,,,,,,,,,,,,,,,,,,,,3.3547913202305244,9.83740184,0.0,,,,,,,,,,,,,,,,,1.40625,0.0181796078349882,41.203125,0.5326625095651549,0.02109375,0.0272694117524823,1.442109375,1.8643187834780424,3.3547913202305244,4639,,,0.0004987602599622,Information
422530,7472.0,22769.88388,CHN,China,Heilongjiang,2.369879863,0.0,0.59,0.57,,,,,,,,,,,,,,,,,,,,,,,,,,55.04435544737136,47.39759726,0.0,,,,,,,,,,,,,,,,,1.40625,0.0061759208233337,1302.046875,5.718285090324676,0.02109375,0.0092638812350005,35.0,20.013997816136364,55.04435544737136,157512,,,0.5180968024002307,Advisory
422565,7479.0,1230.274966,RUS,Russia,Khabarovsk,1.928441056,0.0,0.65,0.49,,,,,,,,,,,,,,,,,,,,,,,,,,13.812204814099855,38.56882112,0.0,,,,,,,,,,,,,,,,,0.140625,0.0114303715744422,43.171875,3.50912407335377,0.002109375,0.0171455573616633,1.511015625,12.281934256738197,13.812204814099855,431,,,0.067801756028285,Information
422630,7489.0,12819.76792,RUS,Russia,Amur,0.276692552,0.0,0.65,0.49,,,,,,,,,,,,,,,,,,,,,,,,,,17.22068689772179,5.53385104,0.0,,,,,,,,,,,,,,,,,1.828125,0.0142602035460983,275.625,2.1499999192578985,0.027421875,0.0213903053191474,9.646875,7.524999717402645,17.22068689772179,119182,,,0.0443654846449997,Information
422641,7490.0,7845.853991,RUS,Russia,Amur,1.530145393,0.0,0.65,0.49,,,,,,,,,,,,,,,,,,,,,,,,,,2.136663403675977,30.60290786,0.0,,,,,,,,,,,,,,,,,0.28125,0.0035846958193891,26.71875,0.3405461028419696,0.00421875,0.0053770437290836,0.93515625,1.1919113599468938,2.136663403675977,880,,,0.0002501464699399,Information
422642,7491.0,11316.74486,RUS,Russia,Amur,0.386267128,0.0,0.65,0.49,,,,,,,,,,,,,,,,,,,,,,,,,,2.8316502006355107,7.72534256,0.0,,,,,,,,,,,,,,,,,1.125,0.0099410211460094,42.46875,0.3752735482618562,0.016875,0.0149115317190141,1.48640625,1.3134574189164967,2.8316502006355107,501,,,0.0002470729177175,Information
422643,7492.0,4005.425803,RUS,Russia,Amur,1.515579971,0.0,0.65,0.49,,,,,,,,,,,,,,,,,,,,,,,,,,3.011731521452752,30.31159942,0.0,,,,,,,,,,,,,,,,,1.96875,0.0491520776332057,23.765625,0.5933357942865551,0.02953125,0.0737281164498085,0.831796875,2.076675280002943,3.011731521452752,836,,,0.0008403703334491,Information
422644,7493.0,16369.04746,RUS,Russia,Amur,1.111224024,0.0,0.65,0.49,,,,,,,,,,,,,,,,,,,,,,,,,,2.976657965403388,22.22448048,0.0,,,,,,,,,,,,,,,,,4.078125,0.0249136366032711,51.046875,0.3118500029995661,0.061171875,0.0373704549049066,1.786640625,1.0914750104984814,2.976657965403388,1147,,,0.0005511479285984,Information
422647,7496.0,10546.40387,RUS,Russia,Amur,0.998484445,0.0,0.65,0.49,,,,,,,,,,,,,,,,,,,,,,,,,,7.039512423106274,19.9696889,0.0,,,,,,,,,,,,,,,,,1.6875,0.0160007147605663,102.515625,0.972043421704407,0.0253125,0.0240010721408494,3.588046875,3.402151975965425,7.039512423106274,6370,,,0.0075313808359287,Information
422648,7497.0,8009.785017,RUS,Russia,Amur,2.938139374,0.0,0.65,0.49,,,,,,,,,,,,,,,,,,,,,,,,,,1.337490086588018,58.76278748,0.0,,,,,,,,,,,,,,,,,0.28125,0.0035113301966336,16.875,0.2106798117980193,0.00421875,0.0052669952949504,0.590625,0.7373793412930676,1.337490086588018,474,,,0.0003034115353546,Information
422721,7513.0,1754.194851,CHN,China,Heilongjiang,0.321446294,0.0,0.59,0.57,,,,,,,,,,,,,,,,,,,,,,,,,,4.004668017238814,6.42892588,0.0,,,,,,,,,,,,,,,,,0.140625,0.008016498275856,17.015625,0.96999629137858,0.002109375,0.0120247474137839,0.595546875,3.39498701982503,4.004668017238814,7207,,,0.0008128368183039,Information
422820,7539.0,12127.90393,RUS,Russia,Zabaykal'ye,3.115810923,0.0,0.65,0.49,,,,,,,,,,,,,,,,,,,,,,,,,,0.1744720955586315,62.31621846,0.0,,,,,,,,,,,,,,,,,0.140625,0.0011595161111563,2.671875,0.0220308061119706,0.002109375,0.0017392741667344,0.093515625,0.077107821391897,0.1744720955586315,10496,,,3.824455904370444e-08,Information
422830,7540.0,20483.75676,RUS,Russia,Zabaykal'ye,2.51600125,0.0,0.65,0.49,,,,,,,,,,,,,,,,,,,,,,,,,,5.8294096528003125,50.320025,0.0,,,,,,,,,,,,,,,,,0.28125,0.0013730391511759,111.796875,0.5457830625924425,0.00421875,0.0020595587267638,3.912890625,1.9102407190735489,5.8294096528003125,54298,,,0.016069152134907,Information
423020,7616.0,21703.58112,RUS,Russia,Khabarovsk,1.371334276,0.0,0.65,0.49,,,,,,,,,,,,,,,,,,,,,,,,,,6.918493553858388,27.42668552,0.0,,,,,,,,,,,,,,,,,8.296875,0.038228138265334,131.765625,0.6071146704172535,0.124453125,0.057342207398001,4.611796875,2.1249013464603874,6.918493553858388,6567,,,0.0093766422929325,Information
423030,7617.0,17032.84653,RUS,Russia,Khabarovsk,2.067849748,1.042097804,0.65,0.49,,,,,,,,,,,,,,,,,,,,,,,,,,15.297173097122094,41.35699496,20.84195608,,,,,,,,,,,,,,,,,13.21875,0.0776074038706561,269.71875,1.5835212832331742,0.19828125,0.1164111058059841,9.44015625,5.542324491316109,15.297173097122094,67488,,,0.0895064934521017,Information
423051,7619.0,11211.70598,RUS,Russia,Primor'ye,3.064900219,3.018276693,0.65,0.49,,,,,,,,,,,,,,,,,,,,,,,,,,11.276611577216087,61.29800438,60.36553386,,,,,,,,,,,,,,,,,7.875,0.0702390877253983,166.921875,1.4888178058937118,0.118125,0.1053586315880974,5.842265625,5.210862320627991,11.276611577216087,1418,,,0.1087579713916981,Information
423055,7622.0,3758.582524,RUS,Russia,Primor'ye,3.574219787,0.0,0.65,0.49,,,,,,,,,,,,,,,,,,,,,,,,,,11.219383976822993,71.48439574,0.0,,,,,,,,,,,,,,,,,0.5625,0.0149657482942381,87.328125,2.3234324226804666,0.0084375,0.0224486224413571,3.056484375,8.132013479381634,11.219383976822993,8144,,,0.1754594359992234,Information
423056,7623.0,3100.708879,RUS,Russia,Primor'ye,2.160050691,0.0,0.65,0.49,,,,,,,,,,,,,,,,,,,,,,,,,,0.2584553910636317,43.20101382,0.0,,,,,,,,,,,,,,,,,0.140625,0.0045352532428421,1.6875,0.0544230389141053,0.002109375,0.0068028798642631,0.0590625,0.1904806361993685,0.2584553910636317,7644,,,3.473225601609065e-08,Information
423058,7625.0,4121.041183,RUS,Russia,Primor'ye,0.511657515,0.0,0.65,0.49,,,,,,,,,,,,,,,,,,,,,,,,,,0.8914439233025357,10.2331503,0.0,,,,,,,,,,,,,,,,,0.28125,0.0068247316032706,7.3125,0.1774430216850371,0.00421875,0.0102370974049059,0.2559375,0.6210505758976298,0.8914439233025357,63571,,,1.992832355912284e-06,Information
423070,7628.0,4272.23014,RUS,Russia,Primor'ye,1.289497012,2.60810465,0.65,0.49,,,,,,,,,,,,,,,,,,,,,,,,,,31.679994523774944,25.78994024,52.162093,,,,,,,,,,,,,,,,,7.453125,0.1744551383384106,267.75,6.267218554647809,0.111796875,0.2616827075076159,9.37125,21.93526494126733,31.679994523774944,32855,,,0.3401209840444866,Information
423081,7629.0,2409.017257,PRK,North Korea,Hamgyong-bukto,3.364907062,0.0,-9999.0,1.0,,,,,,,,,,,,,,,,,,,,,,,,,,19.09799558249417,67.29814123999999,0.0,,,,,,,,,,,,,,,,,18.140625,0.7530300974840692,98.15625,4.074534946076592,0.272109375,1.129545146226104,3.43546875,14.260872311268072,19.09799558249417,178996,,,0.2953408113484083,Information
423082,7630.0,3946.809944,CHN,China,Jilin,1.078560461,0.0,0.59,0.57,,,,,,,,,,,,,,,,,,,,,,,,,,13.106407680516012,21.57120922,0.0,,,,,,,,,,,,,,,,,0.84375,0.0213780245812686,105.609375,2.67581607675546,0.01265625,0.0320670368719029,3.696328125,9.36535626864411,13.106407680516012,200814,,,0.0368001738547121,Information
423084,7632.0,13610.27742,CHN,China,Jilin,3.208699433,0.0,0.59,0.57,,,,,,,,,,,,,,,,,,,,,,,,,,8.478400753205758,64.17398866,0.0,,,,,,,,,,,,,,,,,40.359375,0.2965360201539497,122.34375,0.8989070994213808,0.605390625,0.4448040302309245,4.28203125,3.146174847974833,8.478400753205758,1373631,,,0.0747708216975813,Information
423089,7637.0,2340.071139,PRK,North Korea,Ryanggang,4.037212224,0.0,-9999.0,1.0,,,,,,,,,,,,,,,,,,,,,,,,,,2.2543675380966444,80.74424448,0.0,,,,,,,,,,,,,,,,,0.28125,0.0120188653822147,12.09375,0.516811211435235,0.00421875,0.018028298073322,0.42328125,1.8088392400233224,2.2543675380966444,70348,,,0.0159788006230006,Information
423090,7638.0,6886.009974,PRK,North Korea,Hamgyong-bukto,4.000704729,0.0,-9999.0,1.0,,,,,,,,,,,,,,,,,,,,,,,,,,22.247572520378704,80.01409457999999,0.0,,,,,,,,,,,,,,,,,11.25,0.1633747270604194,254.390625,3.694311015653736,0.16875,0.245062090590629,8.903671875,12.930088554788076,22.247572520378704,1156491,,,0.5426870660743116,Advisory
424409,7666.0,9033.033171,PRK,North Korea,Ryanggang,4.191469988,0.0,-9999.0,1.0,,,,,,,,,,,,,,,,,,,,,,,,,,4.364552096813407,83.82939976,0.0,,,,,,,,,,,,,,,,,0.28125,0.003113572093433,59.0625,0.6538501396209305,0.00421875,0.0046703581401495,2.0671875,2.288475488673257,4.364552096813407,589355,,,0.09515218777594,Information
531101,9935.0,11133.09013,PNG,Papua New Guinea,Central,4.054606388,3.316249916,0.43,0.79,,,,,,,,,,,,,,,,,,,,,,,,,,19.246203803545512,81.09212776,66.32499831999999,,,,,,,,,,,,,,,,,38.390625,0.344833505668228,273.234375,2.4542545842980483,0.575859375,0.517250258502342,9.563203125,8.589891045043169,19.246203803545512,101525,,,0.5070750620443897,Advisory
531102,9936.0,3042.790419,PNG,Papua New Guinea,Central,4.030359664,0.0,0.43,0.79,,,,,,,,,,,,,,,,,,,,,,,,,,0.6570334934814505,80.60719327999999,0.0,,,,,,,,,,,,,,,,,0.703125,0.0231079010771307,4.078125,0.1340258262473584,0.010546875,0.034661851615696,0.142734375,0.4690903918657544,0.6570334934814505,33941,,,0.0003559917784364,Information
531105,9938.0,9333.954402,PNG,Papua New Guinea,Central,4.084371089,3.703618589,0.43,0.79,,,,,,,,,,,,,,,,,,,,,,,,,,16.536227735790202,81.68742178000001,74.07237178,,,,,,,,,,,,,,,,,13.78125,0.1476464251554412,222.1875,2.3804219565877256,0.20671875,0.2214696377331618,7.7765625,8.33147684805704,16.536227735790202,133988,,,0.4593646201644228,Advisory
531106,16203.0,9480.995057,PNG,Papua New Guinea,Gulf,4.164125162,4.003027701,0.43,0.79,,,,,,,,,,,,,,,,,,,,,,,,,,4.2489809141710735,83.28250324000001,80.06055402,,,,,,,,,,,,,,,,,0.703125,0.0074161519522987,58.78125,0.6199903032121787,0.010546875,0.011124227928448,2.05734375,2.1699660612426257,4.2489809141710735,123273,,,0.0853783068984678,Information
531301,16205.0,4977.774895,PNG,Papua New Guinea,Gulf,4.268856106,4.263849697,0.43,0.79,,,,,,,,,,,,,,,,,,,,,,,,,,16.84906622563987,85.37712212000001,85.27699394000001,,,,,,,,,,,,,,,,,1.546875,0.0310756318387841,159.328125,3.20079007939477,0.023203125,0.0466134477581761,5.576484375,11.202765277881694,16.84906622563987,2350,,,0.5563446556042654,Advisory
531804,10005.0,11980.04468,PNG,Papua New Guinea,Enga,2.768068933,0.0,0.43,0.79,,,,,,,,,,,,,,,,,,,,,,,,,,3.1141529482100543,55.36137866,0.0,,,,,,,,,,,,,,,,,3.234375,0.0269980211755022,47.109375,0.3932320475562288,0.048515625,0.0404970317632533,1.648828125,1.3763121664468008,3.1141529482100543,583197,,,0.0038764896693175,Information
531908,10017.0,6042.287142,PNG,Papua New Guinea,Oro,4.106819782,0.0,0.43,0.79,,,,,,,,,,,,,,,,,,,,,,,,,,1.4243673279136466,82.13639563999999,0.0,,,,,,,,,,,,,,,,,0.984375,0.0162914303286907,14.90625,0.2466988021201745,0.014765625,0.024437145493036,0.52171875,0.8634458074206107,1.4243673279136466,83870,,,0.0057187881485531,Information
531909,10018.0,9062.142926,PNG,Papua New Guinea,Milne Bay,3.629886239,2.633181811,0.43,0.79,,,,,,,,,,,,,,,,,,,,,,,,,,17.113713114097383,72.59772478000001,52.66363622,,,,,,,,,,,,,,,,,12.796875,0.1412124605060689,226.96875,2.504581442382366,0.191953125,0.2118186907591033,7.94390625,8.76603504833828,17.113713114097383,109561,,,0.3189110766595648,Information
537001,10027.0,10272.64297,PNG,Papua New Guinea,Bougainville,0.0,3.367654452,0.43,0.79,,,,,,,,,,,,,,,,,,,,,,,,,,17.247726068106672,0.0,67.35308904,,,,,,,,,,,,,,,,,45.84375,0.446270255141235,230.0625,2.239564838684234,0.68765625,0.6694053827118525,8.0521875,7.838476935394819,17.247726068106672,270100,,,0.2617140805693401,Information
537002,10028.0,3603.899433,SLB,Solomon Islands,Choiseul,0.0,3.129625848,-9999.0,0.6,,,,,,,,,,,,,,,,,,,,,,,,,,6.06470238491618,0.0,62.59251696,,,,,,,,,,,,,,,,,0.140625,0.0039020234222461,45.84375,1.2720596356522318,0.002109375,0.0058530351333691,1.60453125,4.452208724782811,6.06470238491618,18831,,,0.0344263342546714,Information
537004,10030.0,4715.692304,SLB,Solomon Islands,Isabel,0.0,4.007755379,-9999.0,0.6,,,,,,,,,,,,,,,,,,,,,,,,,,20.069957711641468,0.0,80.15510757999999,,,,,,,,,,,,,,,,,8.4375,0.1789238876568248,180.140625,3.820025001473209,0.1265625,0.2683858314852372,6.304921875,13.370087505156231,20.069957711641468,20863,,,0.5044989325428663,Advisory
552000,16231.0,19034.79782,FJI,Fiji,Western,3.824923533,3.693105323,0.57,0.6,,,,,,,,,,,,,,,,,,,,,,,,,,18.12012852860317,76.49847066000001,73.86210646,,,,,,,,,,,,,,,,,16.59375,0.0871758668393222,332.296875,1.745733672384054,0.24890625,0.1307638002589833,11.630390625,6.110067853344189,18.12012852860317,667584,,,0.3974156482478029,Advisory
563707,10390.0,3708.961245,AUS,Australia,Queensland,1.82651556,1.836404529,0.81,0.26,,,,,,,,,,,,,,,,,,,,,,,,,,14.852550163277892,36.5303112,36.72809058,,,,,,,,,,,,,,,,,0.140625,0.0037914928392923,114.75,3.093858156862558,0.002109375,0.0056872392589384,4.01625,10.828503549018953,14.852550163277892,619711,,,0.0736311141404858,Information
563911,10395.0,3599.858187,AUS,Australia,New South Wales,0.520830928,0.409316055,0.81,0.26,,,,,,,,,,,,,,,,,,,,,,,,,,4.005741028046924,10.41661856,8.1863211,,,,,,,,,,,,,,,,,1.125,0.0312512310668108,29.8125,0.8281576232704881,0.016875,0.0468768466002161,1.0434375,2.8985516814467083,4.005741028046924,95538,,,0.0009435724901016,Information
563950,10406.0,28530.45073,AUS,Australia,New South Wales,3.092686395,0.076757598,0.81,0.26,,,,,,,,,,,,,,,,,,,,,,,,,,12.497319863780255,61.8537279,1.53515196,,,,,,,,,,,,,,,,,7.59375,0.0266162987454044,261.140625,0.9153049401891858,0.11390625,0.0399244481181066,9.139921875,3.2035672906621504,12.497319863780255,3769527,,,0.1322295115847135,Information
563971,10408.0,9968.965424,AUS,Australia,Victoria,2.101766328,0.0,0.81,0.26,,,,,,,,,,,,,,,,,,,,,,,,,,10.922443761032604,42.03532656,0.0,,,,,,,,,,,,,,,,,4.21875,0.0423188347081826,153.984375,1.544637466848665,0.06328125,0.0634782520622739,5.389453125,5.406231133970328,10.922443761032604,35929,,,0.0475573013195379,Information
574000,16248.0,980.2990219,NZL,New Zealand,Southern Islands,0.0,2.296261685,0.81,0.26,,,,,,,,,,,,,,,,,,,,,,,,,,22.51657305418887,0.0,45.92523370000001,,,,,,,,,,,,,,,,,2.109375,0.2151766912821497,56.53125,5.766735326361613,0.031640625,0.3227650369232245,1.97859375,20.18357364226565,22.51657305418887,0,,,0.1904834790853964,Information
611001,11046.0,4324.05452,PAN,Panama,Darién,2.593851356,0.0,0.62,0.53,,,,,,,,,,,,,,,,,,,,,,,,,,8.364168034832762,51.87702712,0.0,,,,,,,,,,,,,,,,,19.6875,0.4553018448212679,63.703125,1.4732266836002457,0.2953125,0.6829527672319018,2.229609375,5.15629339260086,8.364168034832762,54956,,,0.0400761738480807,Information
611005,11050.0,6546.822651,COL,Colombia,Antioquia,2.678082397,0.0,0.58,0.58,,,,,,,,,,,,,,,,,,,,,,,,,,1.3488335242734952,53.56164794,0.0,,,,,,,,,,,,,,,,,4.078125,0.0622916675334159,13.5,0.2062068994209633,0.061171875,0.0934375013001238,0.4725,0.7217241479733715,1.3488335242734952,440872,,,0.0002009100444613,Information
611006,11051.0,14096.70916,COL,Colombia,Córdoba,2.080693534,0.0,0.58,0.58,,,,,,,,,,,,,,,,,,,,,,,,,,23.26059569699361,41.61387068,0.0,,,,,,,,,,,,,,,,,228.9375,1.6240492540903846,290.671875,2.061983911673725,3.4340625,2.436073881135577,10.173515625,7.216943690858038,23.26059569699361,1645607,,,0.178703409074957,Information
611007,11052.0,2758.671536,COL,Colombia,Sucre,0.031972105,0.0,0.58,0.58,,,,,,,,,,,,,,,,,,,,,,,,,,13.905150680401098,0.6394421,0.0,,,,,,,,,,,,,,,,,33.75,1.2234149500917977,71.4375,2.5895616443609715,0.50625,1.8351224251376963,2.5003125,9.0634657552634,13.905150680401098,259137,,,0.0246206772114537,Information
611009,11054.0,2869.653674,COL,Colombia,Atlontico,0.769191797,0.278736831,0.58,0.58,,,,,,,,,,,,,,,,,,,,,,,,,,28.550282065785723,15.38383594,5.57473662,,,,,,,,,,,,,,,,,68.0625,2.3718018875282283,152.71875,5.321852995569537,1.0209375,3.5577028312923424,5.34515625,18.62648548449338,28.550282065785723,2281850,,,0.1386380965860731,Information
612020,11056.0,17143.84941,COL,Colombia,Córdoba,1.896104156,0.0,0.58,0.58,,,,,,,,,,,,,,,,,,,,,,,,,,64.8279976637611,37.92208312,0.0,3.0,,,,,,,,,,,,,,,,334.6875,1.95223075007031,1071.703125,6.251239725330182,5.0203125,2.928346125105465,35.0,21.87933903865564,64.8279976637611,1444902,20689.0,1.4318618148497269,0.5172876378683813,Watch
612030,11057.0,611.530863,COL,Colombia,Bolívar,4.113482537,0.0,0.58,0.58,,,,,,,,,,,,,,,,,,,,,,,,,,48.72637989519875,82.26965074,0.0,3.0,,,,,,,,,,,,,,,,39.234375,6.4157636801325,100.40625,16.418836084640162,0.588515625,9.62364552019875,3.51421875,35.0,48.72637989519875,117779,4818.0,4.0907122661934645,0.8439780833850736,Warning
612041,11058.0,11.10441345,COL,Colombia,Bolívar,4.022507924,0.0,0.58,0.58,,,,,,,,,,,,,,,,,,,,,,,,,,38.84275884635015,80.45015848,0.0,3.0,,,,,,,,,,,,,,,,0.28125,2.532776730900101,1.125,10.131106923600406,0.00421875,3.7991650963501513,0.039375,35.0,38.84275884635015,564,564.0,100.0,0.7538182428378317,Watch
612042,11059.0,1736.903878,COL,Colombia,Bolívar,4.043540449,0.0,0.58,0.58,,,,,,,,,,,,,,,,,,,,,,,,,,25.224526822384743,80.87080897999999,0.0,3.0,,,,,,,,,,,,,,,,22.78125,1.311601078913667,96.890625,5.578352736861214,0.34171875,1.9674016183705003,3.391171875,19.524234579014248,25.224526822384743,350873,7102.0,2.024094187925546,0.6089568721020518,Watch
612060,11068.0,22261.44757,COL,Colombia,Cesar,1.074530237,0.0,0.58,0.58,,,,,,,,,,,,,,,,,,,,,,,,,,22.249291449271777,21.49060474,0.0,,,,,,,,,,,,,,,,,148.078125,0.6651774306579511,375.1875,1.6853688366528143,2.221171875,0.9977661459869268,13.1315625,5.89879092828485,22.249291449271777,1126999,,,0.1036709726749047,Information
613012,11081.0,7059.166436,COL,Colombia,Magdalena,2.330536309,0.0,0.58,0.58,,,,,,,,,,,,,,,,,,,,,,,,,,29.5689626695614,46.61072618,0.0,,,,,,,,,,,,,,,,,158.484375,2.245086249838604,281.671875,3.990157727086711,2.377265625,3.3676293747579065,9.858515625,13.965552044803488,29.5689626695614,385451,,,0.2772988698001842,Information
613013,11082.0,6208.256603,COL,Colombia,La Guajira,0.168029099,0.52390348,0.58,0.58,,,,,,,,,,,,,,,,,,,,,,,,,,7.175709603598897,3.36058198,10.4780696,,,,,,,,,,,,,,,,,14.90625,0.2401036386449133,72.140625,1.1620110058947222,0.22359375,0.3601554579673699,2.524921875,4.067038520631527,7.175709603598897,953089,,,0.0058049954982281,Information
613014,11083.0,4357.336129,COL,Colombia,La Guajira,2.373725459,0.0,0.58,0.58,,,,,,,,,,,,,,,,,,,,,,,,,,2.8890283140484785,47.47450918,0.0,,,,,,,,,,,,,,,,,5.625,0.1290926344217147,22.640625,0.5195978535474018,0.084375,0.193638951632572,0.792421875,1.8185924874159063,2.8890283140484785,410450,,,0.0018635622812335,Information
613016,11085.0,6243.227158,VEN,Venezuela,Zulia,4.002237883,1.593151108,0.54,0.64,,,,,,,,,,,,,,,,,,,,,,,,,,18.55870942834042,80.04475766,31.86302216,,,,,,,,,,,,,,,,,66.375,1.0631520897341902,175.359375,2.8087937624968964,0.995625,1.5947281346012852,6.137578125,9.830778168739135,18.55870942834042,323515,,,0.4710810365152107,Advisory
613018,11087.0,6981.619593,VEN,Venezuela,Zulia,2.57643478,0.0,0.54,0.64,,,,,,,,,,,,,,,,,,,,,,,,,,4.013918550302034,51.5286956,0.0,,,,,,,,,,,,,,,,,21.09375,0.3021326172094632,38.109375,0.5458529284250968,0.31640625,0.4531989258141948,1.333828125,1.9104852494878388,4.013918550302034,15390,,,0.0063655498876586,Information
613019,16250.0,331.624328,VEN,Venezuela,Zulia,2.887649981,4.040989952,0.54,0.64,,,,,,,,,,,,,,,,,,,,,,,,,,37.64013258889639,57.75299962,80.81979904,3.0,,,,,,,,,,,,,,,,0.5625,0.1696196425975958,67.921875,20.48157184365969,0.0084375,0.2544294638963937,2.377265625,35.0,37.64013258889639,0,0.0,0.0,0.7499054647264778,Watch
613020,11088.0,27615.32226,COL,Colombia,Norte de Santander,1.294965613,0.0,0.58,0.58,,,,,,,,,,,,,,,,,,,,,,,,,,10.689325924261102,25.89931226,0.0,,,,,,,,,,,,,,,,,0.140625,0.0005092281693864,224.15625,0.8117097020020059,0.002109375,0.0007638422540796,7.84546875,2.8409839570070208,10.689325924261102,2031433,,,0.0264228817659865,Information
613035,11093.0,17163.17131,VEN,Venezuela,Falcón,3.538974816,4.000481292,0.54,0.64,,,,,,,,,,,,,,,,,,,,,,,,,,17.111460907694884,70.77949632,80.00962584,,,,,,,,,,,,,,,,,92.109375,0.5366687387221368,269.4375,1.5698584784604797,1.381640625,0.8050031080832052,9.4303125,5.494504674611679,17.111460907694884,1095394,,,0.4382126317366268,Advisory
613036,11094.0,4545.76783,VEN,Venezuela,Falcón,2.068303745,0.0,0.54,0.64,,,,,,,,,,,,,,,,,,,,,,,,,,0.1687420044464333,41.3660749,0.0,,,,,,,,,,,,,,,,,0.5625,0.0123741471409529,1.265625,0.027841831067144,0.0084375,0.0185612207114293,0.044296875,0.097446408735004,0.1687420044464333,39003,,,2.4475748240636542e-09,Information
613037,16251.0,5271.339071,VEN,Venezuela,Falcón,1.529505809,0.744215912,0.54,0.64,,,,,,,,,,,,,,,,,,,,,,,,,,8.759053174505684,30.59011618,14.88431824,,,,,,,,,,,,,,,,,8.296875,0.1573959650213188,82.828125,1.5712919219924877,0.124453125,0.2360939475319782,2.898984375,5.499521726973707,8.759053174505684,737688,,,0.0192289133193328,Information
613040,11097.0,17761.58152,VEN,Venezuela,Lara,1.323139634,0.0,0.54,0.64,,,,,,,,,,,,,,,,,,,,,,,,,,1.818834183466277,26.46279268,0.0,,,,,,,,,,,,,,,,,1.125,0.0063338954292812,32.765625,0.1844747043778157,0.016875,0.0095008431439218,1.146796875,0.645661465322355,1.818834183466277,694024,,,0.0001079715739095,Information
613050,11098.0,19395.20011,VEN,Venezuela,Aragua,2.703487887,0.004234862,0.54,0.64,,,,,,,,,,,,,,,,,,,,,,,,,,17.277387697800705,54.06975774,0.08469724,,,,,,,,,,,,,,,,,4.640625,0.0239266672919784,323.71875,1.6690663062464972,0.069609375,0.0358900009379676,11.33015625,5.84173207186274,17.277387697800705,6713030,,,0.1641051283837814,Information
613071,11100.0,615.9197026,VEN,Venezuela,Anzoátegui,3.003631871,0.0,0.54,0.64,,,,,,,,,,,,,,,,,,,,,,,,,,6.822985725228997,60.07263742,0.0,,,,,,,,,,,,,,,,,0.140625,0.0228317099475275,11.25,1.8265367958022016,0.002109375,0.0342475649212912,0.39375,6.392878785307706,6.822985725228997,117652,,,0.0386338212138596,Information
613078,11107.0,10342.96192,VEN,Venezuela,Monagas,0.254808908,0.0,0.54,0.64,,,,,,,,,,,,,,,,,,,,,,,,,,1.12709210831806,5.09617816,0.0,,,,,,,,,,,,,,,,,0.140625,0.0013596202044614,16.3125,0.1577159437175337,0.002109375,0.0020394303066921,0.5709375,0.5520058030113679,1.12709210831806,483433,,,4.641737499730903e-06,Information
615203,11114.0,1854.905663,COL,Colombia,Bolívar,0.721727925,0.0,0.58,0.58,,,,,,,,,,,,,,,,,,,,,,,,,,8.803254372327492,14.4345585,0.0,,,,,,,,,,,,,,,,,3.234375,0.1743687059096808,37.96875,2.046936982417992,0.048515625,0.2615530588645212,1.32890625,7.164279438462971,8.803254372327492,54,,,0.011478183754848,Information
615204,11115.0,6839.830651,COL,Colombia,Bolívar,4.012844452,0.0,0.58,0.58,,,,,,,,,,,,,,,,,,,,,,,,,,2.0357865099738683,80.25688904,0.0,,,,,,,,,,,,,,,,,3.9375,0.0575672147606604,21.9375,0.320731625095108,0.0590625,0.0863508221409906,0.7678125,1.122560687832878,2.0357865099738683,2203,,,0.0115455993732546,Information
615320,11122.0,15124.95724,COL,Colombia,Bolívar,0.790024507,0.0,0.58,0.58,,,,,,,,,,,,,,,,,,,,,,,,,,1.0792341689995564,15.80049014,0.0,,,,,,,,,,,,,,,,,3.9375,0.0260331314545185,16.875,0.1115705633765082,0.0590625,0.0390496971817777,0.590625,0.3904969718177787,1.0792341689995564,24267,,,6.594748122857405e-06,Information
615330,11123.0,11082.77144,VEN,Venezuela,Anzoátegui,0.607144114,0.0,0.54,0.64,,,,,,,,,,,,,,,,,,,,,,,,,,3.808020963936913,12.14288228,0.0,,,,,,,,,,,,,,,,,3.515625,0.0317215329985408,55.6875,0.5024690826968863,0.052734375,0.0475822994978112,1.9490625,1.758641789439102,3.808020963936913,55947,,,0.0008487786043795,Information
615341,11124.0,4863.317624,COL,Colombia,Bolívar,2.718945229,0.0,0.58,0.58,,,,,,,,,,,,,,,,,,,,,,,,,,2.9848183762872225,54.37890458,0.0,,,,,,,,,,,,,,,,,3.09375,0.0636139820422158,26.578125,0.5465019366353996,0.04640625,0.0954209730633237,0.930234375,1.9127567782238983,2.9848183762872225,34195,,,0.0031972858672016,Information
615343,11126.0,4266.93089,COL,Colombia,Bolívar,0.713423611,0.0,0.58,0.58,,,,,,,,,,,,,,,,,,,,,,,,,,4.074234774280143,14.26847222,0.0,,,,,,,,,,,,,,,,,2.8125,0.0659138868847118,33.609375,0.7876709482723071,0.0421875,0.0988708303270677,1.176328125,2.756848318953075,4.074234774280143,112,,,0.0011574672366517,Information
615345,11128.0,3436.642737,COL,Colombia,Bolívar,4.053534742,0.0,0.58,0.58,,,,,,,,,,,,,,,,,,,,,,,,,,4.28583096666982,81.07069484,0.0,,,,,,,,,,,,,,,,,5.484375,0.1595852528224797,28.96875,0.8429374892674573,0.082265625,0.2393778792337195,1.01390625,2.9502812124361,4.28583096666982,0,,,0.0687193712949924,Information
615350,11133.0,24473.70825,VEN,Venezuela,Guárico,0.574359456,0.0,0.54,0.64,,,,,,,,,,,,,,,,,,,,,,,,,,7.933289069981035,11.48718912,0.0,,,,,,,,,,,,,,,,,21.09375,0.0861894314599638,151.875,0.6205639065117395,0.31640625,0.1292841471899457,5.315625,2.1719736727910885,7.933289069981035,176953,,,0.0079309093904766,Information
615360,11134.0,17359.44968,COL,Colombia,Bolívar,2.079457115,0.0,0.58,0.58,,,,,,,,,,,,,,,,,,,,,,,,,,0.8931799917875787,41.5891423,0.0,,,,,,,,,,,,,,,,,1.6875,0.0097209302765532,15.46875,0.0891085275350711,0.0253125,0.0145813954148298,0.54140625,0.3118798463727488,0.8931799917875787,10929,,,1.454542658777696e-05,Information
615380,11136.0,13643.88154,VEN,Venezuela,Guárico,4.075015708,0.0,0.54,0.64,,,,,,,,,,,,,,,,,,,,,,,,,,1.9458900195422144,81.50031415999999,0.0,,,,,,,,,,,,,,,,,3.65625,0.0267977260589825,30.515625,0.2236579444153545,0.05484375,0.0401965890884737,1.068046875,0.7828028054537407,1.9458900195422144,20978,,,0.0121600527654522,Information
615390,11137.0,48.06322691,VEN,Venezuela,Guárico,4.079373406,0.0,0.54,0.64,,,,,,,,,,,,,,,,,,,,,,,,,,35.42574694676699,81.58746812000001,0.0,3.0,,,,,,,,,,,,,,,,1.125,2.3406668097438668,4.359375,9.070083887757484,0.016875,3.5110002146158,0.152578125,31.7452936071512,35.42574694676699,0,0.0,0.0,0.743575302228197,Watch
615441,11142.0,680.7465767,VEN,Venezuela,Guárico,4.111108323,0.0,0.54,0.64,,,,,,,,,,,,,,,,,,,,,,,,,,4.975368202447876,82.22216646,0.0,,,,,,,,,,,,,,,,,0.140625,0.020657467084026,9.0,1.3220778933776676,0.002109375,0.030986200626039,0.315,4.627272626821837,4.975368202447876,6006,,,0.1014286709250579,Information
615443,11144.0,509.4545024,VEN,Venezuela,Guárico,3.776020025,0.0,0.54,0.64,,,,,,,,,,,,,,,,,,,,,,,,,,3.7857141358021273,75.5204005,0.0,,,,,,,,,,,,,,,,,1.40625,0.2760305372262167,4.640625,0.9109007728465148,0.02109375,0.414045805839325,0.162421875,3.188152704962802,3.7857141358021273,0,,,0.0309783457919661,Information
615502,11157.0,29653.90264,VEN,Venezuela,Apure,3.385228359,0.0,0.54,0.64,,,,,,,,,,,,,,,,,,,,,,,,,,19.579462870230145,67.70456718,0.0,,,,,,,,,,,,,,,,,51.46875,0.1735648444587238,396.28125,1.336354458154874,0.77203125,0.2603472666880857,13.86984375,4.677240603542059,19.579462870230145,636776,,,0.308381021788792,Information
615504,11159.0,6960.295605,VEN,Venezuela,Apure,4.025008401,0.0,0.54,0.64,,,,,,,,,,,,,,,,,,,,,,,,,,2.760157173279522,80.50016802,0.0,,,,,,,,,,,,,,,,,2.671875,0.0383873782337814,31.21875,0.4485262088368142,0.040078125,0.057581067350672,1.09265625,1.5698417309288497,2.760157173279522,10166,,,0.0252845588539517,Information
615506,11161.0,19001.69275,VEN,Venezuela,Apure,1.943410289,0.0,0.54,0.64,,,,,,,,,,,,,,,,,,,,,,,,,,6.663236919235772,38.86820578,0.0,,,,,,,,,,,,,,,,,37.40625,0.1968574615128734,108.703125,0.5720707434189892,0.56109375,0.2952861922693101,3.804609375,2.002247601966462,6.663236919235772,24782,,,0.0133311462531754,Information
615507,11162.0,7081.012896,COL,Colombia,Bolívar,2.350616101,0.0,0.58,0.58,,,,,,,,,,,,,,,,,,,,,,,,,,4.35388189172909,47.01232202,0.0,,,,,,,,,,,,,,,,,13.359375,0.1886647460765591,45.84375,0.6474179707469291,0.200390625,0.2829971191148386,1.60453125,2.265962897614252,4.35388189172909,29146,,,0.0062273638711331,Information
615508,11163.0,11629.63567,VEN,Venezuela,Apure,2.44621374,0.0,0.54,0.64,,,,,,,,,,,,,,,,,,,,,,,,,,3.2457675328339937,48.924274800000006,0.0,,,,,,,,,,,,,,,,,22.5,0.1934712371099427,40.21875,0.3458298363340227,0.3375,0.290206855664914,1.40765625,1.2104044271690797,3.2457675328339937,716,,,0.0029260301121522,Information
615509,11164.0,6854.830071,COL,Colombia,Bolívar,2.445473869,0.0,0.58,0.58,,,,,,,,,,,,,,,,,,,,,,,,,,3.179376458142125,48.909477380000006,0.0,,,,,,,,,,,,,,,,,10.40625,0.1518090148477621,32.484375,0.4738903031058521,0.15609375,0.2277135222716431,1.136953125,1.6586160608704823,3.179376458142125,5952,,,0.0027438855503247,Information
615620,11166.0,21195.15676,COL,Colombia,Arauca,3.074659112,0.0,0.58,0.58,,,,,,,,,,,,,,,,,,,,,,,,,,4.905253099426309,61.49318224,0.0,,,,,,,,,,,,,,,,,9.5625,0.0451164391396578,91.125,0.4299331259190919,0.1434375,0.0676746587094867,3.189375,1.5047659407168217,4.905253099426309,167511,,,0.0196740164325442,Information
615633,11169.0,427.1792146,COL,Colombia,Casanare,3.59634881,0.0,0.58,0.58,,,,,,,,,,,,,,,,,,,,,,,,,,4.136245496721811,71.9269762,0.0,,,,,,,,,,,,,,,,,3.09375,0.7242276529284636,3.515625,0.8229859692368904,0.04640625,1.086341479392695,0.123046875,2.880450892329116,4.136245496721811,439,,,0.0277449372139182,Information
615637,11173.0,7272.127592,COL,Colombia,Casanare,3.498363528,0.0,0.58,0.58,,,,,,,,,,,,,,,,,,,,,,,,,,4.485624297103374,69.96727056,0.0,,,,,,,,,,,,,,,,,6.46875,0.0889526471829897,51.1875,0.7038861646653972,0.09703125,0.1334289707744845,1.7915625,2.46360157632889,4.485624297103374,38028,,,0.0286241597503042,Information
615639,11175.0,2274.164538,COL,Colombia,Casanare,3.820638624,0.0,0.58,0.58,,,,,,,,,,,,,,,,,,,,,,,,,,3.1421935600125304,76.41277248,0.0,,,,,,,,,,,,,,,,,2.390625,0.1051210217879541,15.609375,0.6863784363801713,0.035859375,0.1576815326819311,0.546328125,2.4023245273306,3.1421935600125304,4206,,,0.021911272343016,Information
615650,11177.0,508.159612,COL,Colombia,Casanare,1.613699405,0.0,0.58,0.58,,,,,,,,,,,,,,,,,,,,,,,,,,20.71924472632968,32.2739881,0.0,,,,,,,,,,,,,,,,,0.84375,0.1660403503269867,28.265625,5.562351735954055,0.01265625,0.24906052549048,0.989296875,19.468231075839192,20.71924472632968,29,,,0.1181259233117382,Information
615702,11183.0,20200.99217,COL,Colombia,Vichada,1.936307402,0.0,0.58,0.58,,,,,,,,,,,,,,,,,,,,,,,,,,4.249959500697259,38.72614804,0.0,,,,,,,,,,,,,,,,,12.65625,0.0626516256803133,75.796875,0.3752136249076541,0.18984375,0.0939774385204699,2.652890625,1.3132476871767893,4.249959500697259,9231,,,0.0038101769872079,Information
615704,11185.0,10334.82667,COL,Colombia,Vichada,1.490081489,0.0,0.58,0.58,,,,,,,,,,,,,,,,,,,,,,,,,,3.518164787310133,29.80162978,0.0,,,,,,,,,,,,,,,,,5.34375,0.0517062372534683,48.796875,0.4721595875514087,0.08015625,0.0775593558802024,1.707890625,1.6525585564299303,3.518164787310133,3092,,,0.0013795045714223,Information
615706,11187.0,13948.505,VEN,Venezuela,Amazonas,4.004884286,0.0,0.54,0.64,,,,,,,,,,,,,,,,,,,,,,,,,,2.2019533753744795,80.09768572,0.0,,,,,,,,,,,,,,,,,8.71875,0.0625066987644931,32.90625,0.2359123792079258,0.13078125,0.0937600481467396,1.15171875,0.8256933272277402,2.2019533753744795,6085,,,0.0138506360489336,Information
615709,11190.0,10276.59457,COL,Colombia,Vichada,3.457829316,0.0,0.58,0.58,,,,,,,,,,,,,,,,,,,,,,,,,,6.095907757776331,69.15658632,0.0,,,,,,,,,,,,,,,,,30.09375,0.2928377663468979,75.375,0.7334628166445667,0.45140625,0.4392566495203468,2.638125,2.5671198582559835,6.095907757776331,2427,,,0.0524760631126868,Information
615810,11191.0,2269.675574,VEN,Venezuela,Amazonas,0.136141144,0.0,0.54,0.64,,,,,,,,,,,,,,,,,,,,,,,,,,6.427549695703791,2.72282288,0.0,,,,,,,,,,,,,,,,,11.671875,0.5142530119673739,28.96875,1.2763388007864942,0.175078125,0.771379517951061,1.01390625,4.46718580275273,6.427549695703791,5858,,,0.0032941189257308,Information
615821,11192.0,4816.26973,VEN,Venezuela,Amazonas,3.543958711,0.0,0.54,0.64,,,,,,,,,,,,,,,,,,,,,,,,,,13.536181631919762,70.87917422000001,0.0,,,,,,,,,,,,,,,,,2.953125,0.0613156065900655,124.453125,2.5840148491527613,0.044296875,0.0919734098850982,4.355859375,9.044051972034664,13.536181631919762,2987,,,0.2218121618591733,Information
615828,11199.0,8149.331597,VEN,Venezuela,Amazonas,4.042499207,0.0,0.54,0.64,,,,,,,,,,,,,,,,,,,,,,,,,,7.812403925617684,80.84998413999999,0.0,,,,,,,,,,,,,,,,,4.5,0.0552192526036343,98.296875,1.206195549060638,0.0675,0.0828288789054514,3.440390625,4.221684421712233,7.812403925617684,8453,,,0.1849686474851313,Information
615829,11200.0,10060.28835,VEN,Venezuela,Amazonas,3.394934976,0.0,0.54,0.64,,,,,,,,,,,,,,,,,,,,,,,,,,1.808626928418104,67.89869952000001,0.0,,,,,,,,,,,,,,,,,5.34375,0.05311726477502,23.625,0.2348342232158783,0.08015625,0.07967589716253,0.826875,0.8219197812555741,1.808626928418104,0,,,0.0020116532379332,Information
615830,11201.0,10771.46279,VEN,Venezuela,Amazonas,4.019624295,0.0,0.54,0.64,,,,,,,,,,,,,,,,,,,,,,,,,,9.557679141444645,80.3924859,0.0,,,,,,,,,,,,,,,,,7.875,0.0731098473317917,138.234375,1.2833389272705589,0.118125,0.1096647709976875,4.838203125,4.491686245446956,9.557679141444645,47,,,0.2362035879264662,Information
615880,11206.0,9430.5862,VEN,Venezuela,Amazonas,2.521383481,0.0,0.54,0.64,,,,,,,,,,,,,,,,,,,,,,,,,,1.7688679687618838,50.42766962,0.0,,,,,,,,,,,,,,,,,10.96875,0.1163103731587665,19.828125,0.2102533668639241,0.16453125,0.1744655597381497,0.693984375,0.7358867840237343,1.7688679687618838,11028,,,0.0004294310709438,Information
615920,11209.0,12560.36419,VEN,Venezuela,Amazonas,3.790894973,0.0,0.54,0.64,,,,,,,,,,,,,,,,,,,,,,,,,,19.84428814381708,75.81789945999999,0.0,,,,,,,,,,,,,,,,,137.390625,1.093842686105045,256.78125,2.044377425617004,2.060859375,1.6407640291575674,8.98734375,7.155320989659513,19.84428814381708,6788,,,0.4216412650729908,Advisory
615941,11211.0,1604.208264,COL,Colombia,Guainía,2.09435743,0.0,0.58,0.58,,,,,,,,,,,,,,,,,,,,,,,,,,2.675303448006937,41.8871486,0.0,,,,,,,,,,,,,,,,,3.65625,0.2279161678638036,9.0,0.561024413203209,0.05484375,0.3418742517957054,0.315,1.9635854462112312,2.675303448006937,48119,,,0.0010408421852292,Information
615942,11212.0,5608.527755,COL,Colombia,Guainía,3.760349827,0.0,0.58,0.58,,,,,,,,,,,,,,,,,,,,,,,,,,1.4128068923170731,75.20699654,0.0,,,,,,,,,,,,,,,,,4.640625,0.0827423024832781,12.515625,0.2231534824549017,0.069609375,0.1241134537249171,0.438046875,0.781037188592156,1.4128068923170731,576,,,0.0020851577174952,Information
615950,11220.0,13070.22472,COL,Colombia,Vichada,4.037435903,0.0,0.58,0.58,,,,,,,,,,,,,,,,,,,,,,,,,,7.833724612061951,80.74871806000002,0.0,,,,,,,,,,,,,,,,,19.265625,0.1474008703588362,118.546875,0.9069995161496276,0.288984375,0.2211013055382543,4.149140625,3.1744983065236965,7.833724612061951,3551,,,0.1842891614293157,Information
615960,11221.0,9242.268079,COL,Colombia,Vichada,4.033263808,0.0,0.58,0.58,,,,,,,,,,,,,,,,,,,,,,,,,,0.6572893269078266,80.66527616,0.0,,,,,,,,,,,,,,,,,3.65625,0.0395600946530222,7.453125,0.0806417314080838,0.05484375,0.0593401419795333,0.260859375,0.2822460599282932,0.6572893269078266,9139,,,0.0003604120527382,Information
616221,11234.0,118.7720944,GUY,Guyana,Cuyuni-Mazaruni,3.43654284,0.0,0.6,0.56,,,,,,,,,,,,,,,,,,,,,,,,,,12.280040535763026,68.7308568,0.0,,,,,,,,,,,,,,,,,0.421875,0.3551970705589177,3.9375,3.3151726585498995,0.006328125,0.5327956058383765,0.1378125,11.60310430492465,12.280040535763026,10275,,,0.174982663537463,Information
616229,11242.0,9063.168784,COL,Colombia,Bolívar,4.069957932,0.0,0.58,0.58,,,,,,,,,,,,,,,,,,,,,,,,,,0.6980548736451881,81.39915864000001,0.0,,,,,,,,,,,,,,,,,0.140625,0.0015516096340897,9.421875,0.1039578454840153,0.002109375,0.0023274144511345,0.329765625,0.3638524591940535,0.6980548736451881,214,,,0.0005141550694569,Information
616240,11244.0,6857.415845,GUY,Guyana,Potaro-Siparuni,0.153615049,0.0,0.6,0.56,,,,,,,,,,,,,,,,,,,,,,,,,,1.854653465818322,3.07230098,0.0,,,,,,,,,,,,,,,,,0.421875,0.0061520988302981,21.375,0.3117063407351071,0.006328125,0.0092281482454471,0.748125,1.0909721925728748,1.854653465818322,2510,,,3.8064961428111474e-05,Information
616402,11260.0,9681.142657,SUR,Suriname,Sipaliwini,1.079633709,0.0,0.65,0.49,,,,,,,,,,,,,,,,,,,,,,,,,,1.2850378540002645,21.592674180000003,0.0,,,,,,,,,,,,,,,,,3.09375,0.0319564550344957,16.734375,0.1728553704138631,0.04640625,0.0479346825517435,0.585703125,0.6049937964485208,1.2850378540002645,507,,,1.9686440593981794e-05,Information
616603,11279.0,2654.893283,GUF,French Guiana,Saint-Laurent-du-Maroni,4.008151359,0.0,-9999.0,0.6,,,,,,,,,,,,,,,,,,,,,,,,,,4.628471957230692,80.16302718,0.0,,,,,,,,,,,,,,,,,7.3125,0.2754347998204142,24.609375,0.9269440378571632,0.1096875,0.4131521997306213,0.861328125,3.244304132500071,4.628471957230692,1142,,,0.072790245447131,Information
616607,11283.0,5225.183519,SUR,Suriname,Sipaliwini,3.670020609,0.0,0.65,0.49,,,,,,,,,,,,,,,,,,,,,,,,,,5.332952257128522,73.40041217999999,0.0,,,,,,,,,,,,,,,,,3.234375,0.0618997397533277,50.90625,0.974248077856723,0.048515625,0.0928496096299915,1.78171875,3.4098682724985303,5.332952257128522,802,,,0.0540281996198158,Information
616704,11289.0,6563.859234,GUF,French Guiana,Cayenne,4.416251869,0.0,-9999.0,0.6,,,,,,,,,,,,,,,,,,,,,,,,,,8.137085183932903,88.32503738,0.0,,,,,,,,,,,,,,,,,14.484375,0.2206685805473568,85.921875,1.309014589460534,0.217265625,0.3310028708210352,3.007265625,4.581551063111869,8.137085183932903,3790,,,0.3590442770886539,Advisory
616707,11292.0,2366.453556,GUF,French Guiana,Cayenne,4.049997331,0.0,-9999.0,0.6,,,,,,,,,,,,,,,,,,,,,,,,,,5.320449029369253,80.99994662,0.0,,,,,,,,,,,,,,,,,2.25,0.0950789840744586,28.125,1.1884873009307328,0.03375,0.1426184761116879,0.984375,4.159705553257565,5.320449029369253,542,,,0.1015295887832694,Information
616805,11299.0,496.6799056,BRA,Brazil,Amapá,2.356699279,0.0,0.63,0.51,,,,,,,,,,,,,,,,,,,,,,,,,,2.2883825341473014,47.13398558,0.0,,,,,,,,,,,,,,,,,1.96875,0.3963820516631457,2.25,0.4530080590435951,0.02953125,0.5945730774947185,0.07875,1.5855282066525829,2.2883825341473014,1428,,,0.0008449830610406,Information
616806,11300.0,2065.437529,BRA,Brazil,Amapá,3.110541399,0.0,0.63,0.51,,,,,,,,,,,,,,,,,,,,,,,,,,1.527940670945538,62.210827980000005,0.0,,,,,,,,,,,,,,,,,0.703125,0.0340424239501488,7.171875,0.3472327242915186,0.010546875,0.0510636359252232,0.251015625,1.215314535020315,1.527940670945538,1011,,,0.0006680711005371,Information
616808,11302.0,2616.595814,BRA,Brazil,Amapá,3.273396023,0.0,0.63,0.51,,,,,,,,,,,,,,,,,,,,,,,,,,0.474641954171184,65.46792046,0.0,,,,,,,,,,,,,,,,,0.984375,0.0376204454171184,2.390625,0.0913639388701447,0.014765625,0.0564306681256776,0.083671875,0.3197737860455064,0.474641954171184,1271,,,9.05172210171844e-06,Information
622228,11332.0,10776.88192,BRA,Brazil,Pará,0.633766462,0.0,0.63,0.51,,,,,,,,,,,,,,,,,,,,,,,,,,1.6158313964991162,12.67532924,0.0,,,,,,,,,,,,,,,,,1.40625,0.0130487650419314,23.34375,0.2166094996960626,0.02109375,0.0195731475628971,0.81703125,0.7581332489362191,1.6158313964991162,0,,,3.306682985171319e-05,Information
622229,11333.0,11549.36733,BRA,Brazil,Pará,1.003738313,0.0,0.63,0.51,,,,,,,,,,,,,,,,,,,,,,,,,,3.0987658627074497,20.07476626,0.0,,,,,,,,,,,,,,,,,6.046875,0.0523567640528538,44.859375,0.388414133322334,0.090703125,0.0785351460792807,1.570078125,1.359449466628169,3.0987658627074497,1720,,,0.0005768471283219,Information
622243,11345.0,210.5912907,BRA,Brazil,Pará,2.738113663,0.0,0.63,0.51,,,,,,,,,,,,,,,,,,,,,,,,,,4.397772268156098,54.76227326,0.0,,,,,,,,,,,,,,,,,0.140625,0.0667762657853658,2.53125,1.2019727841365857,0.002109375,0.1001643986780487,0.08859375,4.20690474447805,4.397772268156098,0,,,0.0098810759710254,Information
622245,11347.0,2059.214693,BRA,Brazil,Pará,1.64440118,0.0,0.63,0.51,,,,,,,,,,,,,,,,,,,,,,,,,,3.537065500525319,32.8880236,0.0,,,,,,,,,,,,,,,,,1.546875,0.0751196562998335,16.59375,0.8058290403073053,0.023203125,0.1126794844497502,0.58078125,2.820401641075569,3.537065500525319,0,,,0.0016249004391142,Information
622247,11349.0,1553.906674,BRA,Brazil,Pará,2.722591578,0.0,0.63,0.51,,,,,,,,,,,,,,,,,,,,,,,,,,2.0598361937739256,54.45183156,0.0,,,,,,,,,,,,,,,,,3.375,0.2171945109166203,6.46875,0.4162894792568557,0.050625,0.3257917663749304,0.22640625,1.457013177398995,2.0598361937739256,865,,,0.0009802757878868,Information
622310,11381.0,142.8822081,BRA,Brazil,Pará,4.129777674,0.0,0.63,0.51,,,,,,,,,,,,,,,,,,,,,,,,,,39.53128667397812,82.59555347999999,0.0,3.0,,,,,,,,,,,,,,,,9.5625,6.692575741996241,11.8125,8.267299445995357,0.1434375,10.038863612994362,0.4134375,28.935548060983752,39.53128667397812,953,105.0,11.017838405036725,0.7939964550650831,Watch
622325,11386.0,3043.442779,BRA,Brazil,Amapá,1.41152964,0.0,0.63,0.51,,,,,,,,,,,,,,,,,,,,,,,,,,4.706961713897415,28.2305928,0.0,,,,,,,,,,,,,,,,,15.46875,0.5082648540700585,24.75,0.8132237665120935,0.23203125,0.7623972811050878,0.86625,2.846283182792327,4.706961713897415,0,,,0.0032207688809182,Information
622363,11412.0,1471.378242,BRA,Brazil,Pará,2.292011596,0.0,0.63,0.51,,,,,,,,,,,,,,,,,,,,,,,,,,0.4823990924484405,45.84023192,0.0,,,,,,,,,,,,,,,,,0.84375,0.0573441944247873,1.40625,0.0955736573746456,0.01265625,0.0860162916371809,0.04921875,0.3345078008112596,0.4823990924484405,0,,,1.1738906286500124e-06,Information
622365,11414.0,2218.221772,BRA,Brazil,Pará,3.598198806,0.0,0.63,0.51,,,,,,,,,,,,,,,,,,,,,,,,,,1.28580071698041,71.96397612,0.0,,,,,,,,,,,,,,,,,0.140625,0.0063395374516892,6.609375,0.2979582602293932,0.002109375,0.0095093061775338,0.231328125,1.0428539108028765,1.28580071698041,943,,,0.0010276991747493,Information
622369,11418.0,2102.076776,BRA,Brazil,Pará,1.525211617,0.0,0.63,0.51,,,,,,,,,,,,,,,,,,,,,,,,,,0.5910125800796523,30.50423234,0.0,,,,,,,,,,,,,,,,,0.28125,0.0133796254816343,2.8125,0.1337962548163431,0.00421875,0.0200694382224514,0.0984375,0.4682868918572008,0.5910125800796523,26526,,,9.34094199005222e-07,Information
622416,11427.0,2910.380464,BRA,Brazil,Pará,1.418897559,0.0,0.63,0.51,,,,,,,,,,,,,,,,,,,,,,,,,,2.0273800604473857,28.37795118,0.0,,,,,,,,,,,,,,,,,0.28125,0.0096636849873685,12.9375,0.4445295094189522,0.00421875,0.0144955274810527,0.4528125,1.5558532829663327,2.0273800604473857,10149,,,0.0001821650333014,Information
622436,11445.0,6015.769208,BRA,Brazil,Pará,0.245649869,0.0,0.63,0.51,,,,,,,,,,,,,,,,,,,,,,,,,,1.267295357558444,4.91299738,0.0,,,,,,,,,,,,,,,,,3.515625,0.0584401575006236,12.09375,0.2010341418021453,0.052734375,0.0876602362509354,0.42328125,0.7036194963075085,1.267295357558444,0,,,7.875777814244827e-06,Information
622441,11449.0,1578.398112,BRA,Brazil,Amazonas,3.998981478,0.0,0.63,0.51,,,,,,,,,,,,,,,,,,,,,,,,,,1.397763695531653,79.97962956,0.0,,,,,,,,,,,,,,,,,0.5625,0.0356373969160635,5.203125,0.3296459214735879,0.0084375,0.0534560953740952,0.182109375,1.1537607251575577,1.397763695531653,0,,,0.0038853171149739,Information
622442,11450.0,6150.114093,BRA,Brazil,Amazonas,2.22125605,0.0,0.63,0.51,,,,,,,,,,,,,,,,,,,,,,,,,,0.908427064840846,44.425121,0.0,,,,,,,,,,,,,,,,,3.375,0.0548770307161801,8.4375,0.1371925767904503,0.050625,0.0823155460742701,0.2953125,0.480174018766576,0.908427064840846,0,,,1.946229871628397e-05,Information
622452,11459.0,2393.706295,BRA,Brazil,Pará,3.129266461,0.0,0.63,0.51,,,,,,,,,,,,,,,,,,,,,,,,,,1.550859579814038,62.58532922,0.0,,,,,,,,,,,,,,,,,0.28125,0.0117495617822914,8.4375,0.3524868534687431,0.00421875,0.0176243426734371,0.2953125,1.2337039871406008,1.550859579814038,0,,,0.0007281501417665,Information
622613,11514.0,45.35851757,BRA,Brazil,Amazonas,1.00990549,0.0,0.63,0.51,,,,,,,,,,,,,,,,,,,,,,,,,,38.009644761498144,20.1981098,0.0,,,,,,,,,,,,,,,,,0.84375,1.860179840998761,5.90625,13.02125888699133,0.01265625,2.7902697614981418,0.20671875,35.0,38.009644761498144,643,,,0.2291323619422494,Advisory
622614,11515.0,539.261753,BRA,Brazil,Amazonas,3.137540776,0.0,0.63,0.51,,,,,,,,,,,,,,,,,,,,,,,,,,24.762694403007885,62.75081552,0.0,,,,,,,,,,,,,,,,,6.046875,1.1213246565808423,33.609375,6.232478905181892,0.090703125,1.6819869848712634,1.176328125,21.81367616813662,24.762694403007885,290,,,0.341529733490046,Information
622615,11516.0,79.17376418,BRA,Brazil,Amazonas,2.41268864,0.0,0.63,0.51,,,,,,,,,,,,,,,,,,,,,,,,,,40.9246587637945,48.25377279999999,0.0,,,,,,,,,,,,,,,,,2.953125,3.72992875919633,8.15625,10.301708001589862,0.044296875,5.594893138794495,0.28546875,35.0,40.9246587637945,0,,,0.4072523315403904,Advisory
622616,11517.0,735.2224683,BRA,Brazil,Amazonas,2.604331118,0.0,0.63,0.51,,,,,,,,,,,,,,,,,,,,,,,,,,2.700104462098812,52.08662236000001,0.0,,,,,,,,,,,,,,,,,0.84375,0.1147611826813146,4.921875,0.6694402323076687,0.01265625,0.1721417740219719,0.172265625,2.3430408130768403,2.700104462098812,1910,,,0.0020130833393789,Information
622626,11526.0,11209.64101,BRA,Brazil,Mato Grosso,0.723439616,0.0,0.63,0.51,,,,,,,,,,,,,,,,,,,,,,,,,,1.4713950140995915,14.46879232,0.0,,,,,,,,,,,,,,,,,6.890625,0.0614705234012296,19.265625,0.1718665654279277,0.103359375,0.0922057851018443,0.674296875,0.6015329789977469,1.4713950140995915,1343,,,2.4257257314100825e-05,Information
622627,11527.0,5812.939898,BRA,Brazil,Mato Grosso,3.714473811,0.0,0.63,0.51,,,,,,,,,,,,,,,,,,,,,,,,,,3.3854982507740363,74.28947622,0.0,,,,,,,,,,,,,,,,,2.25,0.0387067480365927,34.59375,0.5951162510626136,0.03375,0.058060122054889,1.21078125,2.082906878719148,3.3854982507740363,0,,,0.0213107965132912,Information
622638,11537.0,4066.73473,BRA,Brazil,Amazonas,0.896996029,0.0,0.63,0.51,,,,,,,,,,,,,,,,,,,,,,,,,,4.41181482295573,17.93992058,0.0,,,,,,,,,,,,,,,,,21.375,0.525605957099527,27.28125,0.6708391820875541,0.320625,0.7884089356492905,0.95484375,2.3479371373064395,4.41181482295573,127,,,0.001732461327871,Information
622642,11540.0,10493.26363,BRA,Brazil,Rondônia,0.961778597,0.0,0.63,0.51,,,,,,,,,,,,,,,,,,,,,,,,,,0.8939517341935188,19.23557194,0.0,,,,,,,,,,,,,,,,,0.984375,0.0093810184772799,12.65625,0.1206130947078854,0.014765625,0.0140715277159198,0.44296875,0.4221458314775989,0.8939517341935188,32603,,,3.3399645250154606e-06,Information
622644,11542.0,5525.511187,BRA,Brazil,Rondônia,1.070637569,0.0,0.63,0.51,,,,,,,,,,,,,,,,,,,,,,,,,,1.021401588263528,21.412751380000003,0.0,,,,,,,,,,,,,,,,,1.265625,0.0229051205778404,9.84375,0.1781509378276479,0.018984375,0.0343576808667606,0.34453125,0.6235282823967676,1.021401588263528,40124,,,7.026429500873491e-06,Information
622648,11546.0,6180.630374,BRA,Brazil,Rondônia,3.230008073,0.0,0.63,0.51,,,,,,,,,,,,,,,,,,,,,,,,,,2.9083876512222995,64.60016146,0.0,,,,,,,,,,,,,,,,,9.421875,0.1524419748504988,27.703125,0.4482249111275861,0.141328125,0.2286629622757481,0.969609375,1.5687871889465514,2.9083876512222995,124669,,,0.006225310930322,Information
622654,11551.0,13227.05891,BRA,Brazil,Rondônia,4.004324043,0.0,0.63,0.51,,,,,,,,,,,,,,,,,,,,,,,,,,4.756086578639454,80.08648086000001,0.0,,,,,,,,,,,,,,,,,18.140625,0.1371478354851971,69.609375,0.5262649501176168,0.272109375,0.2057217532277956,2.436328125,1.8419273254116584,4.756086578639454,31165,,,0.0760756781064465,Information
622666,11562.0,21522.55433,BOL,Bolivia,La Paz,3.701629832,0.0,0.55,0.63,,,,,,,,,,,,,,,,,,,,,,,,,,1.95253335623698,74.03259664000001,0.0,,,,,,,,,,,,,,,,,6.1875,0.0287489110489737,35.4375,0.1646528541895771,0.0928125,0.0431233665734605,1.2403125,0.5762849896635198,1.95253335623698,250860,,,0.0048307531908478,Information
622667,11563.0,2544.57915,BOL,Bolivia,La Paz,3.060005621,0.0,0.55,0.63,,,,,,,,,,,,,,,,,,,,,,,,,,1.5043968001978918,61.20011242,0.0,,,,,,,,,,,,,,,,,0.984375,0.0386851790386416,8.296875,0.3260607947542655,0.014765625,0.0580277685579623,0.290390625,1.1412127816399291,1.5043968001978918,43653,,,0.0005769736516549,Information
622669,11565.0,16281.12904,BOL,Bolivia,Cochabamba,1.622263618,0.0,0.55,0.63,,,,,,,,,,,,,,,,,,,,,,,,,,0.9976562211319838,32.445272360000004,0.0,,,,,,,,,,,,,,,,,4.78125,0.0293668208611773,15.609375,0.0958740328114908,0.07171875,0.0440502312917659,0.546328125,0.3355591148402178,0.9976562211319838,108611,,,1.2473170870936563e-05,Information
622672,11567.0,1437.577075,BRA,Brazil,Rondônia,1.458321781,0.0,0.63,0.51,,,,,,,,,,,,,,,,,,,,,,,,,,3.30055859011338,29.16643562,0.0,,,,,,,,,,,,,,,,,2.390625,0.1662954314641609,10.828125,0.7532204836906111,0.035859375,0.2494431471962413,0.378984375,2.636271692917139,3.30055859011338,2661,,,0.0010838417251541,Information
622676,11571.0,17023.14419,BRA,Brazil,Rondônia,4.029187677,0.0,0.63,0.51,,,,,,,,,,,,,,,,,,,,,,,,,,1.7322890395455257,80.58375354,0.0,,,,,,,,,,,,,,,,,16.3125,0.0958254234372177,24.1875,0.1420859726827712,0.2446875,0.1437381351558265,0.8465625,0.4973009043896992,1.7322890395455257,1000,,,0.0078316807549649,Information
622678,11573.0,2459.348337,BRA,Brazil,Rondônia,4.136542128,0.0,0.63,0.51,,,,,,,,,,,,,,,,,,,,,,,,,,3.3519493338112185,82.73084256000001,0.0,,,,,,,,,,,,,,,,,3.09375,0.1257955187966988,17.578125,0.7147472658903344,0.04640625,0.1886932781950482,0.615234375,2.5016154306161704,3.3519493338112185,0,,,0.0505670683642565,Information
622679,11574.0,1706.399066,BOL,Bolivia,El Beni,3.419365092,0.0,0.55,0.63,,,,,,,,,,,,,,,,,,,,,,,,,,23.44291048700572,68.38730184,0.0,,,,,,,,,,,,,,,,,0.421875,0.0247231147987724,97.453125,5.711039518516445,0.006328125,0.0370846721981586,3.410859375,19.98863831480756,23.44291048700572,1049,,,0.3824735494447541,Advisory
622681,11575.0,11646.25268,BRA,Brazil,Rondônia,3.978582322,0.0,0.63,0.51,,,,,,,,,,,,,,,,,,,,,,,,,,23.092215651769745,79.57164644,0.0,,,,,,,,,,,,,,,,,156.9375,1.3475364507498626,287.71875,2.4704834930414146,2.3540625,2.021304676124794,10.07015625,8.646692225644951,23.092215651769745,1512,,,0.5487768908659898,Advisory
622811,11594.0,3493.015155,BRA,Brazil,Amazonas,0.332674878,0.0,0.63,0.51,,,,,,,,,,,,,,,,,,,,,,,,,,12.466764727141856,6.65349756,0.0,,,,,,,,,,,,,,,,,6.46875,0.1851910086921679,89.4375,2.560466989743887,0.09703125,0.2777865130382518,3.1303125,8.961634464103605,12.466764727141856,2191628,,,0.0220440562853785,Information
622813,11596.0,4673.747082,BRA,Brazil,Amazonas,2.289004102,0.0,0.63,0.51,,,,,,,,,,,,,,,,,,,,,,,,,,10.313621665778388,45.78008204,0.0,,,,,,,,,,,,,,,,,4.078125,0.0872560052686529,92.109375,1.9707821879644023,0.061171875,0.1308840079029793,3.223828125,6.897737657875408,10.313621665778388,18511,,,0.0484992036577509,Information
622816,11599.0,3807.745827,BRA,Brazil,Amazonas,3.832063047,0.0,0.63,0.51,,,,,,,,,,,,,,,,,,,,,,,,,,1.6751463000135145,76.64126094,0.0,,,,,,,,,,,,,,,,,1.265625,0.0332381691784524,12.65625,0.3323816917845245,0.018984375,0.0498572537676785,0.44296875,1.1633359212458356,1.6751463000135145,943,,,0.0042059883234123,Information
622822,11604.0,2472.534969,BRA,Brazil,Roraima,4.137247489,0.0,0.63,0.51,,,,,,,,,,,,,,,,,,,,,,,,,,22.416195511475983,82.74494978,0.0,3.0,,,,,,,,,,,,,,,,16.03125,0.6483730342747664,120.09375,4.8571102743039525,0.24046875,0.9725595514121496,4.20328125,16.999885960063835,22.416195511475983,0,0.0,0.0,0.6032154740083691,Watch
622823,11605.0,166.6253518,BRA,Brazil,Amazonas,4.091290131,0.0,0.63,0.51,,,,,,,,,,,,,,,,,,,,,,,,,,34.92148353655303,81.82580262,0.0,3.0,,,,,,,,,,,,,,,,6.328125,3.797816438316674,13.640625,8.18640432259372,0.094921875,5.696724657475011,0.477421875,28.652415129078022,34.92148353655303,0,0.0,0.0,0.7431538850459914,Watch
622825,11607.0,1464.180096,BRA,Brazil,Roraima,3.502144769,0.0,0.63,0.51,,,,,,,,,,,,,,,,,,,,,,,,,,25.170234561153634,70.04289538,0.0,,,,,,,,,,,,,,,,,8.578125,0.5858654290159105,88.171875,6.021928262179934,0.128671875,0.8787981435238659,3.086015625,21.076748917629768,25.170234561153634,22,,,0.430891713835303,Advisory
622828,11610.0,2791.085804,BRA,Brazil,Roraima,0.038069452,0.0,0.63,0.51,,,,,,,,,,,,,,,,,,,,,,,,,,3.422088847641486,0.76138904,0.0,,,,,,,,,,,,,,,,,0.5625,0.0201534470632127,21.09375,0.7557542648704763,0.0084375,0.030230170594819,0.73828125,2.645139927046667,3.422088847641486,3867,,,0.0003795733196945,Information
622877,11646.0,2431.393954,BRA,Brazil,Amazonas,4.026325376,0.0,0.63,0.51,,,,,,,,,,,,,,,,,,,,,,,,,,7.571037613760437,80.52650752,0.0,,,,,,,,,,,,,,,,,10.125,0.4164277855562691,37.96875,1.5616041958360094,0.151875,0.6246416783344036,1.32890625,5.465614685426033,7.571037613760437,160,,,0.1723998868085201,Information
622881,11649.0,3081.576669,BRA,Brazil,Amazonas,4.024028308,0.0,0.63,0.51,,,,,,,,,,,,,,,,,,,,,,,,,,7.196425994934834,80.48056616,0.0,,,,,,,,,,,,,,,,,30.65625,0.9948235364129356,35.296875,1.145416090090123,0.45984375,1.4922353046194037,1.235390625,4.00895631531543,7.196425994934834,385,,,0.15918185475151,Information
622891,11658.0,2804.351599,BRA,Brazil,Amazonas,3.657736279,0.0,0.63,0.51,,,,,,,,,,,,,,,,,,,,,,,,,,9.80773860447034,73.15472557999999,0.0,,,,,,,,,,,,,,,,,35.578125,1.2686756186945964,46.125,1.644765228979556,0.533671875,1.9030134280418949,1.614375,5.756678301428446,9.80773860447034,544,,,0.1569870717240052,Information
622893,11660.0,2206.924693,BRA,Brazil,Amazonas,3.751990783,0.0,0.63,0.51,,,,,,,,,,,,,,,,,,,,,,,,,,3.3213080788835185,75.03981566,0.0,,,,,,,,,,,,,,,,,9.84375,0.4460392342431997,12.9375,0.5862229935767768,0.14765625,0.6690588513647995,0.4528125,2.0517804775187187,3.3213080788835185,342,,,0.0218517630359135,Information
622894,11661.0,12733.14603,BRA,Brazil,Amazonas,4.018863372,0.0,0.63,0.51,,,,,,,,,,,,,,,,,,,,,,,,,,2.6914179384910044,80.37726744,0.0,,,,,,,,,,,,,,,,,25.03125,0.1965833890404839,32.34375,0.2540122442657938,0.37546875,0.2948750835607258,1.13203125,0.8890428549302782,2.6914179384910044,3560,,,0.0234822311322535,Information
622896,11663.0,6854.00475,COL,Colombia,Vaupms,4.03486954,0.0,0.58,0.58,,,,,,,,,,,,,,,,,,,,,,,,,,1.5301518136748538,80.6973908,0.0,,,,,,,,,,,,,,,,,8.015625,0.1169480514225235,14.34375,0.2092754604403053,0.120234375,0.1754220771337852,0.50203125,0.7324641115410685,1.5301518136748538,13270,,,0.0056243997792673,Information
622898,11665.0,4288.732082,COL,Colombia,Vaupms,4.007757378,0.0,0.58,0.58,,,,,,,,,,,,,,,,,,,,,,,,,,0.346704143291191,80.15514756,0.0,,,,,,,,,,,,,,,,,0.703125,0.0163947056277831,2.671875,0.0622998813855761,0.010546875,0.0245920584416746,0.093515625,0.2180495848495163,0.346704143291191,5346,,,2.591386246538327e-05,Information
622933,11679.0,2942.14265,BRA,Brazil,Amazonas,4.014438382,0.0,0.63,0.51,,,,,,,,,,,,,,,,,,,,,,,,,,22.40234502641534,80.28876764,0.0,,,,,,,,,,,,,,,,,6.46875,0.2198652740480755,142.734375,4.851375068669492,0.09703125,0.3297979110721132,4.995703125,16.979812740343224,22.40234502641534,529,,,0.550916411958672,Advisory
622954,11698.0,3163.921374,BRA,Brazil,Amazonas,4.003826054,0.0,0.63,0.51,,,,,,,,,,,,,,,,,,,,,,,,,,5.230698063034199,80.07652108,0.0,,,,,,,,,,,,,,,,,18.84375,0.595582120186334,27.84375,0.8800392522156278,0.28265625,0.8933731802795011,0.97453125,3.0801373827546974,5.230698063034199,8915,,,0.090553533315432,Information
622955,11699.0,35.91437756,BRA,Brazil,Amazonas,2.753881833,0.0,0.63,0.51,,,,,,,,,,,,,,,,,,,,,,,,,,10.609988254109933,55.07763666,0.0,,,,,,,,,,,,,,,,,0.5625,1.56622511171999,0.84375,2.349337667579985,0.0084375,2.349337667579985,0.02953125,8.222681836529947,10.609988254109933,0,,,0.0744905334404405,Information
622956,11700.0,4048.860702,BRA,Brazil,Amazonas,4.069560301,0.0,0.63,0.51,,,,,,,,,,,,,,,,,,,,,,,,,,12.393801123579024,81.39120602,0.0,,,,,,,,,,,,,,,,,66.515625,1.642823250571999,73.546875,1.8164832136345783,0.997734375,2.464234875857999,2.574140625,6.357691247721024,12.393801123579024,275,,,0.3422104658936525,Information
622957,11701.0,1506.496778,BRA,Brazil,Amazonas,4.022725664,0.0,0.63,0.51,,,,,,,,,,,,,,,,,,,,,,,,,,42.76457580010855,80.45451328,0.0,3.0,,,,,,,,,,,,,,,,89.4375,5.936786674963967,121.640625,8.074403260760741,1.3415625,8.90518001244595,4.257421875,28.260411412662595,42.76457580010855,1072,0.0,0.0,0.7831763699378176,Watch
622968,11711.0,7159.972858,BRA,Brazil,Acre,3.155841697,0.0,0.63,0.51,,,,,,,,,,,,,,,,,,,,,,,,,,1.4070976440663676,63.11683394,0.0,,,,,,,,,,,,,,,,,6.328125,0.0883819691209258,14.0625,0.1964043758242797,0.094921875,0.1325729536813887,0.4921875,0.6874153153849789,1.4070976440663676,27589,,,0.0005449560034665,Information
622989,11730.0,81682.03713,PER,Peru,Amazonas,1.232577401,0.0,0.59,0.57,,,,,,,,,,,,,,,,,,,,,,,,,,4.5789716892097,24.65154802,0.0,,,,,,,,,,,,,,,,,9.140625,0.0111904958802587,112.640625,0.1379013415398036,0.137109375,0.016785743820388,3.942421875,0.4826546953893126,4.5789716892097,2480521,,,0.0025499984240471,Information
622997,11737.0,32476.9302,PER,Peru,Junín,2.377720199,0.0,0.59,0.57,,,,,,,,,,,,,,,,,,,,,,,,,,5.534302251688313,47.55440398,0.0,,,,,,,,,,,,,,,,,23.203125,0.0714449452570859,110.953125,0.3416367382293383,0.348046875,0.1071674178856288,3.883359375,1.195728583802684,5.534302251688313,885383,,,0.0122622657885266,Information
623010,11740.0,374.8170245,BRA,Brazil,Pará,1.214740968,4.009039807,0.63,0.51,,,,,,,,,,,,,,,,,,,,,,,,,,0.9147270774038496,24.29481936,80.18079614,,,,,,,,,,,,,,,,,0.5625,0.1500732259410808,0.703125,0.187591532426351,0.0084375,0.2251098389116212,0.024609375,0.6565703634922284,0.9147270774038496,0,,,0.001049760328646,Information
623030,11742.0,746.2995297,BRA,Brazil,Pará,1.893745085,2.349995286,0.63,0.51,,,,,,,,,,,,,,,,,,,,,,,,,,5.588784849877984,37.8749017,46.99990572,,,,,,,,,,,,,,,,,0.28125,0.0376859409411448,10.96875,1.4697516967046476,0.00421875,0.0565289114117172,0.38390625,5.144130938466266,5.588784849877984,0,,,0.0122393407306176,Information
623087,11753.0,645.9247385,BRA,Brazil,Pará,3.171635713,0.0,0.63,0.51,,,,,,,,,,,,,,,,,,,,,,,,,,2.433623038508235,63.43271426,0.0,,,,,,,,,,,,,,,,,1.96875,0.304795571801098,3.375,0.522506694516168,0.02953125,0.457193357701647,0.118125,1.828773430806588,2.433623038508235,2472,,,0.0033664645603259,Information
624205,11770.0,1436.472648,BRA,Brazil,Pará,1.696038239,0.0,0.63,0.51,,,,,,,,,,,,,,,,,,,,,,,,,,3.084458088174052,33.92076478,0.0,,,,,,,,,,,,,,,,,4.5,0.3132673641436284,9.140625,0.6363243334167453,0.0675,0.4699010462154426,0.319921875,2.227135166958609,3.084458088174052,4741,,,0.0010902489632935,Information
624443,11789.0,3487.268746,BRA,Brazil,Tocantins,1.313810429,0.0,0.63,0.51,,,,,,,,,,,,,,,,,,,,,,,,,,0.965382643856788,26.27620858,0.0,,,,,,,,,,,,,,,,,0.5625,0.0161301018333924,6.890625,0.197593747459057,0.0084375,0.0241951527500886,0.241171875,0.6915781161066995,0.965382643856788,6068,,,7.269597877812751e-06,Information
624512,11826.0,3553.23766,BRA,Brazil,Tocantins,0.585423178,0.0,0.63,0.51,,,,,,,,,,,,,,,,,,,,,,,,,,0.2655134536414749,11.70846356,0.0,,,,,,,,,,,,,,,,,0.703125,0.0197882907718661,1.6875,0.0474918978524788,0.010546875,0.0296824361577991,0.0590625,0.1662216424836758,0.2655134536414749,21797,,,3.185160637146663e-09,Information
625008,11893.0,524.7695143,BRA,Brazil,Pará,0.176572596,0.0,0.63,0.51,,,,,,,,,,,,,,,,,,,,,,,,,,18.191405157065063,3.53145192,0.0,,,,,,,,,,,,,,,,,18.140625,3.4568747814130134,18.140625,3.4568747814130134,0.272109375,5.18531217211952,0.634921875,12.099061734945549,18.191405157065063,15481,,,0.0476312894834754,Information
631024,11898.0,2237.66211,BRA,Brazil,Pará,1.611293023,0.0,0.63,0.51,,,,,,,,,,,,,,,,,,,,,,,,,,0.11920601867314,32.22586046,0.0,,,,,,,,,,,,,,,,,0.140625,0.006284460882138,0.5625,0.0251378435285523,0.002109375,0.009426691323207,0.0196875,0.087982452349933,0.11920601867314,1751,,,1.1260620247902662e-10,Information
631026,11900.0,2552.798014,BRA,Brazil,Pará,2.423258497,0.0,0.63,0.51,,,,,,,,,,,,,,,,,,,,,,,,,,0.8885661208927491,48.46516994,0.0,,,,,,,,,,,,,,,,,0.5625,0.0220346457865447,4.921875,0.1928031506322663,0.0084375,0.033051968679817,0.172265625,0.6748110272129321,0.8885661208927491,82319,,,2.449392714651909e-05,Information
631027,11901.0,5022.187673,BRA,Brazil,Maranhão,1.137306334,0.0,0.63,0.51,,,,,,,,,,,,,,,,,,,,,,,,,,0.8181301293098016,22.74612668,0.0,,,,,,,,,,,,,,,,,1.828125,0.0364009694397296,7.03125,0.1400037286143449,0.027421875,0.0546014541595944,0.24609375,0.4900130501502071,0.8181301293098016,41365,,,2.7100825402982817e-06,Information
631047,11918.0,3797.745372,BRA,Brazil,Maranhão,1.550006543,0.0,0.63,0.51,,,,,,,,,,,,,,,,,,,,,,,,,,0.2222460624504986,31.00013086,0.0,,,,,,,,,,,,,,,,,0.140625,0.0037028548839195,1.6875,0.0444342586070341,0.002109375,0.0055542823258792,0.0590625,0.1555199051246193,0.2222460624504986,18337,,,4.787943220793901e-09,Information
631067,11928.0,3793.995865,BRA,Brazil,Maranhão,2.519404786,0.0,0.63,0.51,,,,,,,,,,,,,,,,,,,,,,,,,,0.7260125332412137,50.38809572,0.0,,,,,,,,,,,,,,,,,0.84375,0.0222390859116005,5.34375,0.1408475441068037,0.01265625,0.0333586288674007,0.18703125,0.4929664043738129,0.7260125332412137,68514,,,1.1977909597604156e-05,Information
631084,11935.0,5601.845064,BRA,Brazil,Maranhão,1.823525955,0.0,0.63,0.51,,,,,,,,,,,,,,,,,,,,,,,,,,0.7363177206316879,36.4705191,0.0,,,,,,,,,,,,,,,,,0.5625,0.0100413344815252,7.3125,0.1305373482598286,0.0084375,0.0150620017222878,0.2559375,0.4568807189094001,0.7363177206316879,87540,,,4.144164549808763e-06,Information
631086,11937.0,7051.723803,BRA,Brazil,Maranhão,0.274772503,0.0,0.63,0.51,,,,,,,,,,,,,,,,,,,,,,,,,,0.5797755739241157,5.49545006,0.0,,,,,,,,,,,,,,,,,1.546875,0.0219361257370397,6.1875,0.0877445029481589,0.023203125,0.0329041886055595,0.2165625,0.3071057603185561,0.5797755739241157,72469,,,1.7551353134048605e-07,Information
631098,11948.0,1559.159009,BRA,Brazil,Maranhão,2.269165499,1.510397871,0.63,0.51,,,,,,,,,,,,,,,,,,,,,,,,,,6.140640318190775,45.38330998,30.20795742,,,,,,,,,,,,,,,,,12.234375,0.7846778250128991,18.421875,1.1815263801918363,0.183515625,1.1770167375193483,0.644765625,4.135342330671427,6.140640318190775,12244,,,0.0144293811719388,Information
632102,11951.0,1365.421283,BRA,Brazil,Piauí,0.019179199,0.0,0.63,0.51,,,,,,,,,,,,,,,,,,,,,,,,,,0.5911160941877104,0.38358398,0.0,,,,,,,,,,,,,,,,,0.140625,0.0102990191918358,1.96875,0.1441862686857019,0.002109375,0.0154485287877537,0.06890625,0.5046519403999566,0.5911160941877104,30072,,,1.4714320554938045e-07,Information
632106,11955.0,2450.041232,BRA,Brazil,Maranhão,1.618151465,0.0,0.63,0.51,,,,,,,,,,,,,,,,,,,,,,,,,,1.6328494202679242,32.3630293,0.0,,,,,,,,,,,,,,,,,3.375,0.1377527837480533,7.734375,0.3156834627559555,0.050625,0.2066291756220799,0.270703125,1.1048921196458443,1.6328494202679242,29894,,,9.811226490058428e-05,Information
632108,11957.0,1589.589602,BRA,Brazil,Piauí,0.297010381,0.0,0.63,0.51,,,,,,,,,,,,,,,,,,,,,,,,,,2.1941148311873784,5.94020762,0.0,,,,,,,,,,,,,,,,,2.671875,0.1680858378157018,7.453125,0.4688710212753788,0.040078125,0.2521287567235527,0.260859375,1.6410485744638257,2.1941148311873784,29593,,,8.55864568783681e-05,Information
632401,11969.0,1358.671256,BRA,Brazil,Piauí,2.331353797,0.0,0.63,0.51,,,,,,,,,,,,,,,,,,,,,,,,,,0.305667331987892,46.62707594,0.0,,,,,,,,,,,,,,,,,0.140625,0.0103501858456881,0.984375,0.0724513009198171,0.002109375,0.0155252787685321,0.034453125,0.2535795532193598,0.305667331987892,10669,,,1.2179665535595234e-07,Information
632407,11975.0,5292.296852,BRA,Brazil,Piauí,2.389213589,0.0,0.63,0.51,,,,,,,,,,,,,,,,,,,,,,,,,,1.643650911546715,47.784271780000005,0.0,,,,,,,,,,,,,,,,,7.734375,0.1461440130038797,12.9375,0.2444590762973987,0.116015625,0.2192160195058195,0.4528125,0.8556067670408954,1.643650911546715,21841,,,0.0002716326135046,Information
632408,11976.0,3016.859594,BRA,Brazil,Piauí,0.597940963,0.0,0.63,0.51,,,,,,,,,,,,,,,,,,,,,,,,,,0.4520327805674838,11.95881926,0.0,,,,,,,,,,,,,,,,,1.40625,0.0466130410157696,2.390625,0.0792421697268084,0.02109375,0.0699195615236544,0.083671875,0.2773475940438294,0.4520327805674838,3459,,,6.754419155390772e-08,Information
632602,11980.0,1879.191209,BRA,Brazil,Piauí,0.098980596,0.0,0.63,0.51,,,,,,,,,,,,,,,,,,,,,,,,,,0.346691379636059,1.97961192,0.0,,,,,,,,,,,,,,,,,0.703125,0.0374163627738537,1.265625,0.0673494529929367,0.010546875,0.0561245441607805,0.044296875,0.2357230854752784,0.346691379636059,5605,,,8.283301789707966e-09,Information
632603,11981.0,9183.944309,BRA,Brazil,Piauí,1.451960295,0.0,0.63,0.51,,,,,,,,,,,,,,,,,,,,,,,,,,1.7756914523112322,29.0392059,0.0,,,,,,,,,,,,,,,,,11.390625,0.1240275922451775,19.40625,0.2113062682695617,0.170859375,0.1860413883677662,0.67921875,0.739571938943466,1.7756914523112322,24269,,,0.0001130395223285,Information
632608,11986.0,7358.06147,BRA,Brazil,Piauí,1.086701477,0.0,0.63,0.51,,,,,,,,,,,,,,,,,,,,,,,,,,1.3186741075372228,21.73402954,0.0,,,,,,,,,,,,,,,,,7.734375,0.1051143026152132,12.65625,0.172005222461258,0.116015625,0.1576714539228198,0.44296875,0.6020182786144029,1.3186741075372228,25738,,,2.218253863203004e-05,Information
633046,12015.0,5991.441311,BRA,Brazil,Ceará,0.521897162,0.0,0.63,0.51,,,,,,,,,,,,,,,,,,,,,,,,,,0.9495970474130006,10.43794324,0.0,,,,,,,,,,,,,,,,,1.40625,0.0234709801349012,9.5625,0.1596026649173282,0.02109375,0.0352064702023518,0.3346875,0.5586093272106487,0.9495970474130006,120726,,,2.725335415981305e-06,Information
633048,12017.0,3633.529398,BRA,Brazil,Ceará,0.098667558,0.0,0.63,0.51,,,,,,,,,,,,,,,,,,,,,,,,,,0.7307888785367388,1.97335116,0.0,,,,,,,,,,,,,,,,,0.84375,0.0232212239799309,5.203125,0.1431975478762407,0.01265625,0.0348318359698963,0.182109375,0.5011914175668425,0.7307888785367388,48358,,,4.819468441674558e-07,Information
633064,12023.0,3344.530623,BRA,Brazil,Paraíba,2.21732713,0.0,0.63,0.51,,,,,,,,,,,,,,,,,,,,,,,,,,1.2007274373298926,44.34654260000001,0.0,,,,,,,,,,,,,,,,,1.6875,0.0504555105044799,7.875,0.2354590490209065,0.0253125,0.0756832657567198,0.275625,0.8241066715731727,1.2007274373298926,167084,,,6.24721032748196e-05,Information
633067,12026.0,2078.858665,BRA,Brazil,Paraíba,0.817567918,0.0,0.63,0.51,,,,,,,,,,,,,,,,,,,,,,,,,,3.6523382723037137,16.35135836,0.0,,,,,,,,,,,,,,,,,1.546875,0.0744098204593755,17.296875,0.8320370833184716,0.023203125,0.1116147306890632,0.605390625,2.9121297916146505,3.6523382723037137,61001,,,0.0008702970414487,Information
633068,12027.0,2324.572935,BRA,Brazil,Paraíba,0.270804449,0.0,0.63,0.51,,,,,,,,,,,,,,,,,,,,,,,,,,0.8052208155035537,5.41608898,0.0,,,,,,,,,,,,,,,,,0.28125,0.0120989965833991,4.21875,0.1814849487509872,0.00421875,0.0181484948750986,0.14765625,0.6351973206284551,0.8052208155035537,37927,,,9.390086349142e-07,Information
633069,12028.0,4824.52888,BRA,Brazil,Paraíba,0.91902211,0.0,0.63,0.51,,,,,,,,,,,,,,,,,,,,,,,,,,1.015444958559506,18.3804422,0.0,,,,,,,,,,,,,,,,,1.6875,0.0349775085221875,8.71875,0.1807171273646356,0.0253125,0.0524662627832812,0.30515625,0.6325099457762247,1.015444958559506,128934,,,5.753056405486479e-06,Information
633077,12035.0,1281.822824,BRA,Brazil,Paraíba,0.83888475,0.0,0.63,0.51,,,,,,,,,,,,,,,,,,,,,,,,,,9.245585347806625,16.777694999999998,0.0,,,,,,,,,,,,,,,,,6.046875,0.4717403128590157,27.421875,2.1392874652908853,0.090703125,0.7076104692885236,0.959765625,7.487506128518099,9.245585347806625,53116,,,0.0139970437434986,Information
633078,12036.0,3252.759785,BRA,Brazil,Paraíba,0.29831588,0.0,0.63,0.51,,,,,,,,,,,,,,,,,,,,,,,,,,0.8049950204573868,5.9663176,0.0,,,,,,,,,,,,,,,,,3.65625,0.1124045500490538,4.078125,0.1253743058239446,0.05484375,0.1686068250735806,0.142734375,0.4388100703838061,0.8049950204573868,380047,,,9.652241488790718e-07,Information
633079,12037.0,775.4443468,BRA,Brazil,Paraíba,1.831192597,1.778338042,0.63,0.51,,,,,,,,,,,,,,,,,,,,,,,,,,9.379686580755592,36.62385194,35.56676084,,,,,,,,,,,,,,,,,6.609375,0.8523338943656515,16.453125,2.1217673540591755,0.099140625,1.278500841548477,0.575859375,7.426185739207114,9.379686580755592,32565,,,0.0280317816574155,Information
633095,12042.0,4239.242155,BRA,Brazil,Alagoas,2.545659392,0.0,0.63,0.51,,,,,,,,,,,,,,,,,,,,,,,,,,4.539254928108836,50.913187840000006,0.0,,,,,,,,,,,,,,,,,3.796875,0.089564947251757,36.984375,0.8724289306374856,0.056953125,0.1343474208776355,1.294453125,3.0535012572312,4.539254928108836,983692,,,0.0086368988639158,Information
634111,12047.0,5851.35459,BRA,Brazil,Alagoas,2.189738357,2.254870382,0.63,0.51,,,,,,,,,,,,,,,,,,,,,,,,,,11.85719220053905,43.79476714,45.09740764,,,,,,,,,,,,,,,,,9.28125,0.1586171177463701,121.078125,2.069232399691284,0.13921875,0.2379256766195551,4.237734375,7.242313398919494,11.85719220053905,610315,,,0.0626840223207408,Information
634196,12068.0,5400.94084,BRA,Brazil,Bahia,3.432537174,0.0,0.63,0.51,,,,,,,,,,,,,,,,,,,,,,,,,,1.8546078979994047,68.65074348,0.0,,,,,,,,,,,,,,,,,9.5625,0.1770524855436963,14.484375,0.2681824413382458,0.1434375,0.2655787283155444,0.506953125,0.9386385446838604,1.8546078979994047,37401,,,0.0023455243752824,Information
634198,12070.0,2210.394965,BRA,Brazil,Bahia,3.181621171,0.0,0.63,0.51,,,,,,,,,,,,,,,,,,,,,,,,,,0.1437123507704628,63.63242342,0.0,,,,,,,,,,,,,,,,,0.421875,0.0190859555303453,0.5625,0.0254479407071271,0.006328125,0.0286289332955179,0.0196875,0.0890677924749448,0.1437123507704628,3145,,,1.5684484387905828e-08,Information
634201,12072.0,8061.137544,BRA,Brazil,Bahia,2.01729579,0.0,0.63,0.51,,,,,,,,,,,,,,,,,,,,,,,,,,0.2331540822188489,40.3459158,0.0,,,,,,,,,,,,,,,,,0.703125,0.0087224042039762,2.671875,0.0331451359751099,0.010546875,0.0130836063059643,0.093515625,0.1160079759128846,0.2331540822188489,30904,,,1.4729799968352941e-08,Information
634207,12078.0,7462.379799,BRA,Brazil,Bahia,0.777898682,0.0,0.63,0.51,,,,,,,,,,,,,,,,,,,,,,,,,,1.1764261308908095,15.55797364,0.0,,,,,,,,,,,,,,,,,8.578125,0.1149516003058445,10.6875,0.143218387266298,0.128671875,0.1724274004587667,0.3740625,0.501264355432043,1.1764261308908095,71994,,,9.617785042743509e-06,Information
634304,12084.0,1939.583171,BRA,Brazil,Bahia,0.017063983,0.0,0.63,0.51,,,,,,,,,,,,,,,,,,,,,,,,,,0.3808868419389391,0.34127966,0.0,,,,,,,,,,,,,,,,,0.84375,0.0435016148098553,1.40625,0.0725026913497589,0.01265625,0.0652524222147829,0.04921875,0.2537594197241561,0.3808868419389391,5542,,,1.2957785013853366e-08,Information
634504,12102.0,6833.15811,BRA,Brazil,Bahia,0.883341082,0.0,0.63,0.51,,,,,,,,,,,,,,,,,,,,,,,,,,0.5560088509381307,17.666821640000002,0.0,,,,,,,,,,,,,,,,,4.21875,0.0617393880258188,4.640625,0.0679133268284007,0.06328125,0.0926090820387282,0.162421875,0.2376966438994024,0.5560088509381307,126711,,,2.9002274454658856e-07,Information
634601,12108.0,1197.218325,BRA,Brazil,Bahia,2.592873438,0.0,0.63,0.51,,,,,,,,,,,,,,,,,,,,,,,,,,1.920225275395561,51.85746876,0.0,,,,,,,,,,,,,,,,,3.515625,0.2936494478417057,4.359375,0.3641253153237151,0.052734375,0.4404741717625585,0.152578125,1.2744386036330029,1.920225275395561,321,,,0.0006371101855242,Information
634604,12111.0,9967.845335,BRA,Brazil,Minas Gerais,1.362821625,0.0,0.63,0.51,,,,,,,,,,,,,,,,,,,,,,,,,,1.3451348505131435,27.256432500000003,0.0,,,,,,,,,,,,,,,,,10.96875,0.110041334219948,14.484375,0.1453109926237776,0.16453125,0.165062001329922,0.506953125,0.5085884741832216,1.3451348505131435,150785,,,3.297455198174488e-05,Information
634606,12113.0,2161.294174,BRA,Brazil,Minas Gerais,1.055703977,0.0,0.63,0.51,,,,,,,,,,,,,,,,,,,,,,,,,,0.1899064381435248,21.11407954,0.0,,,,,,,,,,,,,,,,,0.28125,0.0130130365119604,0.84375,0.0390391095358812,0.00421875,0.0195195547679406,0.02953125,0.1366368833755842,0.1899064381435248,13474,,,8.237311925992084e-10,Information
634609,12116.0,5188.974538,BRA,Brazil,Minas Gerais,0.082421886,0.0,0.63,0.51,,,,,,,,,,,,,,,,,,,,,,,,,,0.2552120284560051,1.64843772,0.0,,,,,,,,,,,,,,,,,0.5625,0.0108402921584519,2.25,0.0433611686338078,0.0084375,0.0162604382376778,0.07875,0.1517640902183273,0.2552120284560051,466598,,,1.306663138741361e-09,Information
634702,12118.0,4047.83131,BRA,Brazil,Minas Gerais,1.061931307,0.0,0.63,0.51,,,,,,,,,,,,,,,,,,,,,,,,,,0.2440166260202345,21.23862614,0.0,,,,,,,,,,,,,,,,,0.421875,0.010422247561214,1.828125,0.045163072765261,0.006328125,0.015633371341821,0.063984375,0.1580707546784135,0.2440166260202345,10448,,,3.8035334027703534e-09,Information
634704,12120.0,2269.334743,BRA,Brazil,Minas Gerais,0.008938495,0.0,0.63,0.51,,,,,,,,,,,,,,,,,,,,,,,,,,0.1710674993060969,0.1787698999999999,0.0,,,,,,,,,,,,,,,,,0.140625,0.0061967499691598,0.84375,0.0371804998149592,0.002109375,0.0092951249537397,0.02953125,0.1301317493523572,0.1710674993060969,9142,,,9.508397091678329e-11,Information
634705,12121.0,2293.489991,BRA,Brazil,Minas Gerais,1.679080891,0.0,0.63,0.51,,,,,,,,,,,,,,,,,,,,,,,,,,8.008843680055756,33.58161782,0.0,,,,,,,,,,,,,,,,,22.5,0.9810376365260434,33.046875,1.4408990286476262,0.3375,1.4715564547890652,1.156640625,5.043146600266692,8.008843680055756,38593,,,0.0171967654166536,Information
634707,12123.0,342.2235273,BRA,Brazil,Minas Gerais,3.22175371,0.0,0.63,0.51,,,,,,,,,,,,,,,,,,,,,,,,,,14.619248041242468,64.4350742,0.0,,,,,,,,,,,,,,,,,6.328125,1.849120383302067,11.109375,3.246233561796962,0.094921875,2.773680574953101,0.388828125,11.361817466289368,14.619248041242468,3272,,,0.186995923129926,Information
634803,12128.0,1349.31752,BRA,Brazil,Minas Gerais,0.296071694,0.0,0.63,0.51,,,,,,,,,,,,,,,,,,,,,,,,,,0.6032374542374053,5.92143388,0.0,,,,,,,,,,,,,,,,,0.84375,0.0625316122632241,1.6875,0.1250632245264483,0.01265625,0.0937974183948361,0.0590625,0.4377212858425691,0.6032374542374053,80,,,2.213974817327849e-07,Information
634970,12141.0,8344.42505,BRA,Brazil,Minas Gerais,2.251610114,0.0,0.63,0.51,,,,,,,,,,,,,,,,,,,,,,,,,,24.068927070312007,45.03220228,0.0,,,,,,,,,,,,,,,,,21.796875,0.2612148214980876,303.46875,3.636784418018536,0.326953125,0.3918222322471314,10.62140625,12.728745463064875,24.068927070312007,55191,,,0.2044514461937241,Information
634990,12143.0,13713.64436,BRA,Brazil,Minas Gerais,1.047364945,0.0,0.63,0.51,,,,,,,,,,,,,,,,,,,,,,,,,,7.5552564172086045,20.9472989,0.0,,,,,,,,,,,,,,,,,12.375,0.0902385950158858,119.53125,0.8716227927670788,0.185625,0.1353578925238286,4.18359375,3.050679774684776,7.5552564172086045,1628024,,,0.0094405246148948,Information
635180,12167.0,7057.957975,BRA,Brazil,Bahia,2.620859298,0.0,0.63,0.51,,,,,,,,,,,,,,,,,,,,,,,,,,1.1861399525565566,52.41718596,0.0,,,,,,,,,,,,,,,,,6.46875,0.0916518633742166,11.25,0.1593945449986376,0.09703125,0.1374777950613249,0.39375,0.5578809074952316,1.1861399525565566,212733,,,0.0001113505674743,Information
635206,12174.0,2234.724469,BRA,Brazil,Bahia,0.628464852,0.0,0.63,0.51,,,,,,,,,,,,,,,,,,,,,,,,,,0.2463671064241832,12.56929704,0.0,,,,,,,,,,,,,,,,,0.703125,0.0314636103787786,0.984375,0.0440490545302901,0.010546875,0.0471954155681679,0.034453125,0.1541716908560153,0.2463671064241832,4472,,,2.155715386868412e-09,Information
635207,12175.0,5535.462331,BRA,Brazil,Bahia,0.518649862,0.0,0.63,0.51,,,,,,,,,,,,,,,,,,,,,,,,,,0.325601777097623,10.37299724,0.0,,,,,,,,,,,,,,,,,1.828125,0.0330256966941709,2.53125,0.0457278877303905,0.027421875,0.0495385450412563,0.08859375,0.1600476070563667,0.325601777097623,35469,,,9.67374405946118e-09,Information
635209,12177.0,10233.38311,BRA,Brazil,Bahia,1.4196302,0.0,0.63,0.51,,,,,,,,,,,,,,,,,,,,,,,,,,0.4740631417691185,28.392604,0.0,,,,,,,,,,,,,,,,,2.53125,0.0247352217116958,5.765625,0.0563413383433071,0.03796875,0.0371028325675437,0.201796875,0.1971946842015748,0.4740631417691185,82812,,,2.6158698710937417e-07,Information
635301,12178.0,259.3831153,BRA,Brazil,Bahia,0.18839338,0.0,0.63,0.51,,,,,,,,,,,,,,,,,,,,,,,,,,23.277564764688005,3.7678676,0.0,,,,,,,,,,,,,,,,,1.828125,0.7047972253666526,16.03125,6.180529514753722,0.027421875,1.0571958380499789,0.56109375,21.631853301638028,23.277564764688005,11583,,,0.0779096754796805,Information
635305,12181.0,776.1899039,BRA,Brazil,Bahia,3.290757839,1.763354547,0.63,0.51,,,,,,,,,,,,,,,,,,,,,,,,,,12.016772505136704,65.81515678,35.26709094,,,,,,,,,,,,,,,,,7.171875,0.9239845769893938,21.65625,2.790071075615032,0.107578125,1.3859768654840907,0.75796875,9.765248764652611,12.016772505136704,18995,,,0.1479008247357179,Information
635306,12182.0,1762.507931,BRA,Brazil,Bahia,2.899721157,0.493862561,0.63,0.51,,,,,,,,,,,,,,,,,,,,,,,,,,1.614209250549469,57.99442314,9.87725122,,,,,,,,,,,,,,,,,1.6875,0.095744250038335,6.1875,0.3510622501405618,0.0253125,0.1436163750575025,0.2165625,1.2287178754919663,1.614209250549469,33025,,,0.0005591127148794,Information
635308,12184.0,31662.7513,BRA,Brazil,Bahia,1.600962813,0.007095556,0.63,0.51,,,,,,,,,,,,,,,,,,,,,,,,,,1.896643457971176,32.01925626,0.14191112,,,,,,,,,,,,,,,,,11.109375,0.0350865750533881,36.421875,0.115030670111741,0.166640625,0.0526298625800821,1.274765625,0.4026073453910935,1.896643457971176,749862,,,0.0001723642002987,Information
635402,12187.0,16302.19966,BRA,Brazil,Minas Gerais,1.378075011,0.0,0.63,0.51,,,,,,,,,,,,,,,,,,,,,,,,,,0.5467961403697968,27.56150022,0.0,,,,,,,,,,,,,,,,,1.265625,0.0077635228768803,9.140625,0.0560698874441361,0.018984375,0.0116452843153204,0.319921875,0.1962446060544763,0.5467961403697968,220233,,,5.134375333906694e-07,Information
635404,12189.0,3509.666584,BRA,Brazil,Minas Gerais,0.623456933,0.0,0.63,0.51,,,,,,,,,,,,,,,,,,,,,,,,,,1.1692168262781666,12.46913866,0.0,,,,,,,,,,,,,,,,,5.484375,0.1562648436335578,6.328125,0.1803055888079514,0.082265625,0.2343972654503367,0.221484375,0.6310695608278298,1.1692168262781666,70092,,,7.956434929134504e-06,Information
635501,12195.0,10133.88197,BRA,Brazil,Bahia,1.386702605,1.004503895,0.63,0.51,,,,,,,,,,,,,,,,,,,,,,,,,,5.470498452891871,27.7340521,20.0900779,,,,,,,,,,,,,,,,,11.953125,0.1179520842675224,73.546875,0.7257522361401676,0.179296875,0.1769281264012836,2.574140625,2.5401328264905865,5.470498452891871,384471,,,0.0049259674066385,Information
635504,12198.0,6496.722779,BRA,Brazil,Bahia,1.313884583,0.0,0.63,0.51,,,,,,,,,,,,,,,,,,,,,,,,,,0.8837737127181277,26.27769166,0.0,,,,,,,,,,,,,,,,,1.546875,0.0238100816763612,9.28125,0.1428604900581674,0.023203125,0.0357151225145418,0.32484375,0.5000117152035859,0.8837737127181277,132392,,,4.847650355328428e-06,Information
635506,12200.0,15648.448,BRA,Brazil,Minas Gerais,1.971358076,0.0,0.63,0.51,,,,,,,,,,,,,,,,,,,,,,,,,,2.085935784070947,39.42716152,0.0,,,,,,,,,,,,,,,,,19.546875,0.1249125472219465,27.984375,0.178831632353722,0.293203125,0.1873688208329197,0.979453125,0.6259107132380269,2.085935784070947,293575,,,0.0003777151709416,Information
635507,12201.0,5700.500158,BRA,Brazil,Espírito Santo,0.567253597,1.19238244,0.63,0.51,,,,,,,,,,,,,,,,,,,,,,,,,,6.791548887252346,11.34507194,23.8476488,,,,,,,,,,,,,,,,,39.375,0.6907288642319116,53.578125,0.9398846331155654,0.590625,1.0360932963478673,1.875234375,3.2895962159044787,6.791548887252346,126089,,,0.0078232849542388,Information
635508,12202.0,12683.31975,BRA,Brazil,Espírito Santo,1.904892927,0.0,0.63,0.51,,,,,,,,,,,,,,,,,,,,,,,,,,2.074866493556049,38.09785854,0.0,,,,,,,,,,,,,,,,,15.328125,0.1208526261183144,26.578125,0.2095518012510222,0.229921875,0.1812789391774716,0.930234375,0.7334313043785777,2.074866493556049,327628,,,0.0003423192777959,Information
635509,12203.0,4554.27145,BRA,Brazil,Espírito Santo,1.347754773,0.0,0.63,0.51,,,,,,,,,,,,,,,,,,,,,,,,,,16.827822738076332,26.95509546,0.0,,,,,,,,,,,,,,,,,54.421875,1.194963356993067,127.125,2.7913355935962088,0.816328125,1.7924450354896009,4.449375,9.76967457758673,16.827822738076332,95250,,,0.0710465769885751,Information
635606,12209.0,10547.32135,BRA,Brazil,Minas Gerais,1.611330373,0.0,0.63,0.51,,,,,,,,,,,,,,,,,,,,,,,,,,0.3629873153165704,32.22660746,0.0,,,,,,,,,,,,,,,,,0.28125,0.0026665538160991,5.203125,0.0493312455978348,0.00421875,0.0039998307241486,0.182109375,0.1726593595924218,0.3629873153165704,114919,,,8.495832322770542e-08,Information
635608,12211.0,5446.608494,BRA,Brazil,Minas Gerais,3.354376532,0.0,0.63,0.51,,,,,,,,,,,,,,,,,,,,,,,,,,0.2492582450511999,67.08753064,0.0,,,,,,,,,,,,,,,,,0.28125,0.0051637638416384,2.390625,0.0438919926539264,0.00421875,0.0077456457624575,0.083671875,0.1536219742887423,0.2492582450511999,571825,,,5.221083216306245e-07,Information
635609,12212.0,18035.37664,BRA,Brazil,Minas Gerais,2.0151116,0.0,0.63,0.51,,,,,,,,,,,,,,,,,,,,,,,,,,1.3093945727396683,40.302232,0.0,,,,,,,,,,,,,,,,,2.671875,0.0148146337763834,22.921875,0.1270939634500266,0.040078125,0.0222219506645751,0.802265625,0.4448288720750931,1.3093945727396683,703288,,,6.67989818408325e-05,Information
635700,12213.0,21179.5951,BRA,Brazil,Espírito Santo,3.063588471,3.073346452,0.63,0.51,,,,,,,,,,,,,,,,,,,,,,,,,,6.599843936004596,61.27176942,61.46692904,,,,,,,,,,,,,,,,,13.078125,0.0617487017090424,122.484375,0.5783131095545804,0.196171875,0.0926230525635636,4.286953125,2.0240958834410314,6.599843936004596,3041491,,,0.0388263689574948,Information
641106,12228.0,4719.660615,BRA,Brazil,Santa Catarina,4.006826733,3.128538911,0.63,0.51,,,,,,,,,,,,,,,,,,,,,,,,,,4.3353706752665335,80.13653466,62.57077822,,,,,,,,,,,,,,,,,0.140625,0.0029795574610688,39.65625,0.8402352040214086,0.002109375,0.0044693361916032,1.38796875,2.94082321407493,4.3353706752665335,295573,,,0.0639951424469118,Information
641506,12256.0,1852.350298,URY,Uruguay,Colonia,0.57522466,0.0,0.73,0.38,,,,,,,,,,,,,,,,,,,,,,,,,,1.318200643467422,11.5044932,0.0,,,,,,,,,,,,,,,,,2.25,0.121467305771186,4.921875,0.2657097313744694,0.03375,0.182200958656779,0.172265625,0.9299840598106428,1.318200643467422,33113,,,1.2957248023790448e-05,Information
641604,12263.0,3294.300758,URY,Uruguay,Soriano,0.357222368,0.0,0.73,0.38,,,,,,,,,,,,,,,,,,,,,,,,,,3.212042034605577,7.14444736,0.0,,,,,,,,,,,,,,,,,2.53125,0.0768372466835695,21.65625,0.6573853327372065,0.03796875,0.1152558700253542,0.75796875,2.300848664580222,3.212042034605577,5866,,,0.0003839154119868,Information
641830,12280.0,4.996580327,ARG,Argentina,Corrientes,4.123289627,0.0,0.65,0.49,,,,,,,,,,,,,,,,,,,,,,,,,,50.079453125,82.46579254,0.0,3.0,,,,,,,,,,,,,,,,0.703125,14.072124413964271,1.96875,39.40194835909996,0.010546875,15.0,0.06890625,35.0,50.079453125,0,0.0,0.0,0.853016110037741,Warning
641869,12291.0,6118.191697,BRA,Brazil,Rio Grande do Sul,2.180029721,0.0,0.63,0.51,,,,,,,,,,,,,,,,,,,,,,,,,,24.184433425257573,43.60059442,0.0,,,,,,,,,,,,,,,,,25.3125,0.4137251863582052,251.4375,4.109670184491505,0.3796875,0.6205877795373078,8.8003125,14.383845645720267,24.184433425257573,36844,,,0.1985673976112338,Information
642280,12337.0,16709.91467,ARG,Argentina,Santiago del Estero,0.45522506,0.0,0.65,0.49,,,,,,,,,,,,,,,,,,,,,,,,,,13.557703630428758,9.1045012,0.0,,,,,,,,,,,,,,,,,7.3125,0.043761444297819,239.203125,1.4315041682805796,0.1096875,0.0656421664467285,8.372109375,5.010264588982029,13.557703630428758,75576,,,0.0285362240630175,Information
642294,12341.0,7098.583872,ARG,Argentina,Salta,0.32761735,0.0,0.65,0.49,,,,,,,,,,,,,,,,,,,,,,,,,,3.087504743125149,6.552346999999999,0.0,,,,,,,,,,,,,,,,,3.09375,0.04358263642211,35.296875,0.4972382609977097,0.04640625,0.065373954633165,1.235390625,1.740333913491984,3.087504743125149,668575,,,0.0003247689287728,Information
642295,12342.0,3148.853491,ARG,Argentina,Salta,3.170993448,0.0,0.65,0.49,,,,,,,,,,,,,,,,,,,,,,,,,,4.456970332995223,63.41986896,0.0,,,,,,,,,,,,,,,,,0.28125,0.0089318223530835,30.375,0.9646368141330276,0.00421875,0.0133977335296252,1.063125,3.3762288494655968,4.456970332995223,9652,,,0.0176440877802434,Information
642355,12355.0,18.80658339,ARG,Argentina,Corrientes,2.920590442,0.0,0.65,0.49,,,,,,,,,,,,,,,,,,,,,,,,,,45.30055252353224,58.41180884,0.0,,,,,,,,,,,,,,,,,1.265625,6.72969126568816,5.34375,28.414252010683345,0.018984375,10.09453689853224,0.18703125,35.0,45.30055252353224,0,,,0.5340692323137026,Advisory
642359,12359.0,61.80493197,ARG,Argentina,Corrientes,1.486011874,0.0,0.65,0.49,,,,,,,,,,,,,,,,,,,,,,,,,,33.081343837659844,29.72023748,0.0,,,,,,,,,,,,,,,,,0.421875,0.6825911566642183,5.625,9.101215422189576,0.006328125,1.0238867349963274,0.196875,31.854253977663515,33.081343837659844,171865,,,0.225570433377556,Information
642429,12374.0,8388.562641,ARG,Argentina,Jujuy,3.557652926,0.0,0.65,0.49,,,,,,,,,,,,,,,,,,,,,,,,,,1.3825639049467866,71.15305852,0.0,,,,,,,,,,,,,,,,,1.6875,0.0201166763865361,17.296875,0.206195932961995,0.0253125,0.0301750145798041,0.605390625,0.7216857653669826,1.3825639049467866,426807,,,0.0011905157354082,Information
642442,12385.0,5811.905672,ARG,Argentina,Formosa,1.722382606,0.0,0.65,0.49,,,,,,,,,,,,,,,,,,,,,,,,,,6.031456061377461,34.44765212,0.0,,,,,,,,,,,,,,,,,9.0,0.1548545435636901,59.484375,1.0234917488662645,0.135,0.2322818153455351,2.081953125,3.582221121031925,6.031456061377461,61431,,,0.00851960476564,Information
642443,12386.0,35788.50361,PRY,Paraguay,Boquerón,3.97498714,0.0,0.6,0.56,,,,,,,,,,,,,,,,,,,,,,,,,,7.345166412601144,79.4997428,0.0,,,,,,,,,,,,,,,,,16.875,0.0471520133526362,156.796875,0.4381207907349113,0.253125,0.0707280200289543,5.487890625,1.5334227675721894,7.345166412601144,129991,,,0.1523527248463608,Information
642444,12387.0,23624.95213,BOL,Bolivia,Potosí,0.853160584,0.0,0.55,0.63,,,,,,,,,,,,,,,,,,,,,,,,,,0.3812837118870902,17.063211680000002,0.0,,,,,,,,,,,,,,,,,1.125,0.0047619144099565,7.171875,0.030357204363473,0.016875,0.0071428716149347,0.251015625,0.1062502152721555,0.3812837118870902,671108,,,3.67720230348284e-08,Information
642445,12388.0,6079.237947,BOL,Bolivia,Tarija,1.398101755,0.0,0.55,0.63,,,,,,,,,,,,,,,,,,,,,,,,,,5.807922916818349,27.9620351,0.0,,,,,,,,,,,,,,,,,14.484375,0.2382597148941978,56.53125,0.9299068484220148,0.217265625,0.3573895723412967,1.97859375,3.254673969477052,5.807922916818349,42636,,,0.0059016642645406,Information
642446,12389.0,21438.39026,BOL,Bolivia,Potosí,2.35622552,0.0,0.55,0.63,,,,,,,,,,,,,,,,,,,,,,,,,,1.0836858035940855,47.124510400000005,0.0,,,,,,,,,,,,,,,,,2.671875,0.0124630392831353,19.96875,0.0931448199055379,0.040078125,0.0186945589247029,0.69890625,0.3260068696693826,1.0836858035940855,150330,,,5.062600336236183e-05,Information
642447,12390.0,5081.15605,BOL,Bolivia,Tarija,3.86415393,0.0,0.55,0.63,,,,,,,,,,,,,,,,,,,,,,,,,,2.5397748532119016,77.2830786,0.0,,,,,,,,,,,,,,,,,4.21875,0.0830273654007511,22.640625,0.4455801943173642,0.06328125,0.1245410481011266,0.792421875,1.559530680110775,2.5397748532119016,26232,,,0.0142246426833856,Information
642449,12392.0,14187.00082,ARG,Argentina,Jujuy,4.199475012,0.0,0.65,0.49,,,,,,,,,,,,,,,,,,,,,,,,,,1.985108722683824,83.98950024,0.0,,,,,,,,,,,,,,,,,7.734375,0.0545173366517032,29.953125,0.2111307764875054,0.116015625,0.0817760049775548,1.048359375,0.7389577177062688,1.985108722683824,58908,,,0.0184182725351393,Information
642454,12396.0,18429.27929,PRY,Paraguay,Presidente Hayes,4.130995596,0.0,0.6,0.56,,,,,,,,,,,,,,,,,,,,,,,,,,1.4241468191305182,82.61991191999999,0.0,,,,,,,,,,,,,,,,,2.8125,0.0152610417099929,25.171875,0.1365863233044368,0.0421875,0.0228915625649893,0.881015625,0.4780521315655288,1.4241468191305182,7585,,,0.0061790180856219,Information
642456,12398.0,21769.02244,PRY,Paraguay,Boquerón,4.081511455,0.0,0.6,0.56,,,,,,,,,,,,,,,,,,,,,,,,,,3.065015582328575,81.63022910000001,0.0,,,,,,,,,,,,,,,,,16.3125,0.074934462705132,53.015625,0.2435370037916791,0.2446875,0.112401694057698,1.855546875,0.8523795132708769,3.065015582328575,23089,,,0.0366744359819673,Information
642486,12425.0,10994.71595,BRA,Brazil,Mato Grosso,0.51322607,0.0,0.63,0.51,,,,,,,,,,,,,,,,,,,,,,,,,,3.6801673221486553,10.2645214,0.0,,,,,,,,,,,,,,,,,9.703125,0.088252621016605,50.90625,0.4630065044639279,0.145546875,0.1323789315249074,1.78171875,1.6205227656237475,3.6801673221486553,86979,,,0.0007018042112367,Information
642496,12434.0,4501.815548,BRA,Brazil,Mato Grosso,1.291122961,0.0,0.63,0.51,,,,,,,,,,,,,,,,,,,,,,,,,,0.1494896604656787,25.82245922,0.0,,,,,,,,,,,,,,,,,0.140625,0.0031237397110811,1.265625,0.0281136573997306,0.002109375,0.0046856095666216,0.044296875,0.0983978008990571,0.1494896604656787,1451,,,2.7004608057020085e-10,Information
642497,12435.0,1488.740973,BRA,Brazil,Mato Grosso,1.763621754,0.0,0.63,0.51,,,,,,,,,,,,,,,,,,,,,,,,,,0.7542245017960856,35.27243508,0.0,,,,,,,,,,,,,,,,,1.265625,0.0850131099448168,2.25,0.1511344176796744,0.018984375,0.1275196649172252,0.07875,0.5289704618788604,0.7542245017960856,1231,,,4.2487106866675e-06,Information
642516,12443.0,2539.52051,ARG,Argentina,Misiones,0.239787204,0.0,0.65,0.49,,,,,,,,,,,,,,,,,,,,,,,,,,3.871119808379941,4.79574408,0.0,,,,,,,,,,,,,,,,,0.421875,0.0166123879823135,22.21875,0.8749191004018488,0.006328125,0.0249185819734702,0.77765625,3.062216851406471,3.871119808379941,14630,,,0.0006812468541208,Information
642585,12473.0,752.0130982,BRA,Brazil,Mato Grosso do Sul,1.073101196,0.0,0.63,0.51,,,,,,,,,,,,,,,,,,,,,,,,,,1.668802753216501,21.46202392,0.0,,,,,,,,,,,,,,,,,0.5625,0.0747992290706747,3.09375,0.4113957598887112,0.0084375,0.112198843606012,0.10828125,1.4398851596104891,1.668802753216501,2096,,,5.8704061119717786e-05,Information
642710,12488.0,10846.53944,BRA,Brazil,Mato Grosso do Sul,0.184614445,0.0,0.63,0.51,,,,,,,,,,,,,,,,,,,,,,,,,,2.973021106928901,3.6922889,0.0,,,,,,,,,,,,,,,,,0.421875,0.0038894893825333,44.015625,0.4058033922443148,0.006328125,0.0058342340737999,1.540546875,1.4203118728551016,2.973021106928901,247640,,,0.0002526134726669,Information
642815,12517.0,4121.100227,BRA,Brazil,Minas Gerais,0.528894561,0.0,0.63,0.51,,,,,,,,,,,,,,,,,,,,,,,,,,1.2576459640520326,10.57789122,0.0,,,,,,,,,,,,,,,,,0.84375,0.0204739014724605,10.125,0.2456868176695262,0.01265625,0.0307108522086907,0.354375,0.8599038618433417,1.2576459640520326,4813,,,1.0034297209617666e-05,Information
642816,12518.0,12031.8133,BRA,Brazil,Goiás,0.45199799,0.0,0.63,0.51,,,,,,,,,,,,,,,,,,,,,,,,,,5.014864006198664,9.0399598,0.0,,,,,,,,,,,,,,,,,1.125,0.0093502115787364,77.765625,0.6463333753801598,0.016875,0.0140253173681046,2.721796875,2.262166813830559,5.014864006198664,88298,,,0.0018776692037495,Information
642842,12525.0,1557.208602,BRA,Brazil,Goiás,0.28427297,0.0,0.63,0.51,,,,,,,,,,,,,,,,,,,,,,,,,,2.348287204435964,5.6854594,0.0,,,,,,,,,,,,,,,,,3.375,0.2167339684731694,7.59375,0.4876514290646311,0.050625,0.3251009527097541,0.26578125,1.706780001726209,2.348287204435964,2061,,,0.000110834175709,Information
642843,12526.0,755.6540167,BRA,Brazil,Goiás,1.468823898,0.0,0.63,0.51,,,,,,,,,,,,,,,,,,,,,,,,,,4.873885579483573,29.37647796,0.0,,,,,,,,,,,,,,,,,1.828125,0.2419261936685274,9.0,1.191021261137366,0.027421875,0.3628892905027911,0.315,4.168574413980782,4.873885579483573,2686,,,0.0037535295668414,Information
642863,12536.0,3777.570304,BRA,Brazil,Goiás,0.42936544,0.0,0.63,0.51,,,,,,,,,,,,,,,,,,,,,,,,,,7.054775699188433,8.587308799999999,0.0,,,,,,,,,,,,,,,,,2.953125,0.0781752492242508,54.0,1.429490271529159,0.044296875,0.1172628738363762,1.89,5.003215950352057,7.054775699188433,110721,,,0.0052083693864302,Information
642865,12538.0,1303.2337,BRA,Brazil,Goiás,0.104830208,0.0,0.63,0.51,,,,,,,,,,,,,,,,,,,,,,,,,,0.2073441859475777,2.09660416,0.0,,,,,,,,,,,,,,,,,0.28125,0.0215809336408915,0.5625,0.043161867281783,0.00421875,0.0323714004613372,0.0196875,0.1510665354862405,0.2073441859475777,36086,,,3.69846380911218e-10,Information
642880,12544.0,22145.95232,BRA,Brazil,Minas Gerais,0.514504943,0.0,0.63,0.51,,,,,,,,,,,,,,,,,,,,,,,,,,10.170487689419014,10.29009886,0.0,,,,,,,,,,,,,,,,,3.796875,0.0171447808809459,198.5625,0.8966085408850272,0.056953125,0.0257171713214188,6.9496875,3.138129893097595,10.170487689419014,1052229,,,0.0147368899280463,Information
642893,12547.0,3141.373285,BRA,Brazil,Minas Gerais,0.684181098,0.0,0.63,0.51,,,,,,,,,,,,,,,,,,,,,,,,,,9.906627383818709,13.68362196,0.0,,,,,,,,,,,,,,,,,1.6875,0.0537185443027461,66.9375,2.130835590675597,0.0253125,0.0805778164541191,2.3428125,7.45792456736459,9.906627383818709,201738,,,0.0152009127025528,Information
642894,12548.0,1379.089421,BRA,Brazil,Minas Gerais,0.040047833,0.0,0.63,0.51,,,,,,,,,,,,,,,,,,,,,,,,,,12.038315582082086,0.80095666,0.0,,,,,,,,,,,,,,,,,0.140625,0.0101969457417658,41.625,3.0182959395626967,0.002109375,0.0152954186126487,1.456875,10.564035788469438,12.038315582082086,17255,,,0.0174708302936584,Information
642895,12549.0,1706.31007,BRA,Brazil,Minas Gerais,0.19498093,0.0,0.63,0.51,,,,,,,,,,,,,,,,,,,,,,,,,,24.63062428935034,3.8996186,0.0,,,,,,,,,,,,,,,,,0.140625,0.0082414680921857,102.515625,6.008030239203447,0.002109375,0.0123622021382785,3.588046875,21.028105837212063,24.63062428935034,51300,,,0.0866932275249253,Information
642930,12556.0,12241.287,BRA,Brazil,Minas Gerais,0.543089914,0.0,0.63,0.51,,,,,,,,,,,,,,,,,,,,,,,,,,10.87419179953336,10.86179828,0.0,,,,,,,,,,,,,,,,,1.96875,0.0160828677616228,170.15625,1.390019285111693,0.02953125,0.0241243016424342,5.95546875,4.865067497890926,10.87419179953336,206994,,,0.0176981344300246,Information
642950,12566.0,2571.563388,BRA,Brazil,Minas Gerais,0.352489724,0.0,0.63,0.51,,,,,,,,,,,,,,,,,,,,,,,,,,2.856443374388566,7.04979448,0.0,,,,,,,,,,,,,,,,,5.484375,0.2132700685346668,14.34375,0.5577832561675902,0.082265625,0.3199051028020002,0.50203125,1.9522413965865657,2.856443374388566,259220,,,0.0002483899952698,Information
642960,12567.0,6685.307566,BRA,Brazil,São Paulo,0.111160665,0.0,0.63,0.51,,,,,,,,,,,,,,,,,,,,,,,,,,4.611802760167134,2.2232133000000003,0.0,,,,,,,,,,,,,,,,,0.140625,0.0021034933486812,52.734375,0.7888100057554603,0.002109375,0.0031552400230218,1.845703125,2.7608350201441114,4.611802760167134,587615,,,0.0011288031586971,Information
644025,12586.0,9757.644331,ARG,Argentina,La Rioja,0.185056559,0.0,0.65,0.49,,,,,,,,,,,,,,,,,,,,,,,,,,1.4180190245138231,3.70113118,0.0,,,,,,,,,,,,,,,,,8.296875,0.0850294878440071,16.453125,0.1686177979279464,0.124453125,0.1275442317660106,0.575859375,0.5901622927478124,1.4180190245138231,18577,,,1.2313250345781185e-05,Information
651020,12593.0,12085.28461,ARG,Argentina,La Pampa,2.097530134,0.0,0.65,0.49,,,,,,,,,,,,,,,,,,,,,,,,,,9.37097698357979,41.95060268,0.0,,,,,,,,,,,,,,,,,57.375,0.4747509212396967,121.921875,1.0088457076343555,0.860625,0.712126381859545,4.267265625,3.5309599767202444,9.37097698357979,140342,,,0.0341004614190071,Information
651201,12607.0,1901.592506,ARG,Argentina,Buenos Aires,3.231142795,0.0,0.65,0.49,,,,,,,,,,,,,,,,,,,,,,,,,,7.617583561294366,64.62285589999999,0.0,,,,,,,,,,,,,,,,,16.171875,0.8504385111771833,27.84375,1.4642332627224548,0.242578125,1.275657766765775,0.97453125,5.124816419528592,7.617583561294366,8903,,,0.062317427217363,Information
651205,12611.0,144.5849809,ARG,Argentina,Buenos Aires,2.261539772,0.0,0.65,0.49,,,,,,,,,,,,,,,,,,,,,,,,,,7.44938790840137,45.23079544,0.0,,,,,,,,,,,,,,,,,0.84375,0.5835668370914997,2.671875,1.8479616507897487,0.01265625,0.8753502556372496,0.093515625,6.46786577776412,7.44938790840137,7,,,0.0230216468121714,Information
651208,12614.0,6452.518706,ARG,Argentina,Buenos Aires,0.279269113,0.0,0.65,0.49,,,,,,,,,,,,,,,,,,,,,,,,,,10.308690609033231,5.58538226,0.0,,,,,,,,,,,,,,,,,49.359375,0.7649629121811008,94.359375,1.462364997360452,0.740390625,1.147444368271651,3.302578125,5.118277490761582,10.308690609033231,21733,,,0.0133900353350942,Information
651209,12615.0,2124.753098,ARG,Argentina,Buenos Aires,0.441215563,0.0,0.65,0.49,,,,,,,,,,,,,,,,,,,,,,,,,,14.78945952618758,8.82431126,0.0,,,,,,,,,,,,,,,,,43.171875,2.031853726689955,55.546875,2.6142743389007563,0.647578125,3.0477805900349324,1.944140625,9.149960186152647,14.78945952618758,1969,,,0.0344653614015492,Information
651907,12629.0,889.6233529,ARG,Argentina,Buenos Aires,3.340723126,0.332967786,0.65,0.49,,,,,,,,,,,,,,,,,,,,,,,,,,10.999427401146598,66.81446251999999,6.65935572,,,,,,,,,,,,,,,,,9.703125,1.0907003473069097,21.515625,2.418509465767495,0.145546875,1.6360505209603646,0.753046875,8.464783130186232,10.999427401146598,22692,,,0.134737811086041,Information
652200,12637.0,3485.877212,ARG,Argentina,Río Negro,0.834999753,0.0,0.65,0.49,,,,,,,,,,,,,,,,,,,,,,,,,,0.9357462562057354,16.69999506,0.0,,,,,,,,,,,,,,,,,3.65625,0.10488751547296,5.34375,0.1532971379989415,0.05484375,0.15733127320944,0.18703125,0.5365399829962954,0.9357462562057354,409,,,3.58027444822315e-06,Information
652201,12638.0,5943.01275,ARG,Argentina,La Pampa,2.645186885,0.0,0.65,0.49,,,,,,,,,,,,,,,,,,,,,,,,,,3.781905285954615,52.90373770000001,0.0,,,,,,,,,,,,,,,,,2.109375,0.0354933615105428,39.375,0.6625427481968,0.031640625,0.0532400422658141,1.378125,2.3188996186888,3.781905285954615,525,,,0.005835054102708,Information
652300,12647.0,15441.81403,ARG,Argentina,La Pampa,1.233926181,0.0,0.65,0.49,,,,,,,,,,,,,,,,,,,,,,,,,,3.5877609710441503,24.67852362,0.0,,,,,,,,,,,,,,,,,1.125,0.0072854134764954,61.734375,0.3997870645226878,0.016875,0.0109281202147431,2.160703125,1.3992547258294072,3.5877609710441503,525,,,0.0011663565309479,Information
652301,12648.0,15542.20343,ARG,Argentina,La Pampa,3.079776301,0.0,0.65,0.49,,,,,,,,,,,,,,,,,,,,,,,,,,1.6373750201235158,61.59552602,0.0,,,,,,,,,,,,,,,,,4.078125,0.0262390401673704,26.71875,0.1719109528207029,0.061171875,0.0393585602510556,0.93515625,0.6016883348724602,1.6373750201235158,1069,,,0.0008022716079656,Information
652302,12649.0,6531.6636,ARG,Argentina,La Pampa,0.251421477,0.0,0.65,0.49,,,,,,,,,,,,,,,,,,,,,,,,,,1.978928381552767,5.02842954,0.0,,,,,,,,,,,,,,,,,0.28125,0.0043059474156574,22.21875,0.3401698458369374,0.00421875,0.0064589211234861,0.77765625,1.1905944604292809,1.978928381552767,0,,,5.418997969245727e-05,Information
652304,12651.0,3912.840913,ARG,Argentina,La Pampa,0.52431858,0.0,0.65,0.49,,,,,,,,,,,,,,,,,,,,,,,,,,0.6150228836637303,10.4863716,0.0,,,,,,,,,,,,,,,,,0.703125,0.0179696802302329,4.640625,0.1185998895195374,0.010546875,0.0269545203453493,0.162421875,0.4150996133183809,0.6150228836637303,71,,,3.171228257272256e-07,Information
652500,12666.0,7764.688001,ARG,Argentina,San Luis,0.192438307,0.0,0.65,0.49,,,,,,,,,,,,,,,,,,,,,,,,,,1.8435322193850707,3.84876614,0.0,,,,,,,,,,,,,,,,,15.328125,0.19740812506627,16.453125,0.2118967947959045,0.229921875,0.296112187599405,0.575859375,0.7416387817856658,1.8435322193850707,254117,,,3.838933419008678e-05,Information
652508,12674.0,5482.187833,ARG,Argentina,Mendoza,0.096198377,0.0,0.65,0.49,,,,,,,,,,,,,,,,,,,,,,,,,,0.4169944312164065,1.92396754,0.0,,,,,,,,,,,,,,,,,0.984375,0.0179558787477604,3.796875,0.0692583894556474,0.014765625,0.0269338181216406,0.132890625,0.2424043630947659,0.4169944312164065,93385,,,2.374974841391868e-08,Information
652600,12676.0,2947.24107,ARG,Argentina,San Juan,0.145694745,0.0,0.65,0.49,,,,,,,,,,,,,,,,,,,,,,,,,,3.882660266661226,2.9138949,0.0,,,,,,,,,,,,,,,,,17.578125,0.5964264402667514,17.71875,0.6011978517888854,0.263671875,0.8946396604001271,0.62015625,2.104192481261099,3.882660266661226,12139,,,0.0006430181367873,Information
652700,12686.0,7404.468116,ARG,Argentina,San Juan,3.292984882,0.0,0.65,0.49,,,,,,,,,,,,,,,,,,,,,,,,,,0.6627409419868084,65.85969764,0.0,,,,,,,,,,,,,,,,,4.359375,0.0588749243221499,6.1875,0.0835644087153096,0.065390625,0.0883123864832248,0.2165625,0.2924754305035836,0.6627409419868084,3411,,,4.0427824408968864e-05,Information
652904,12692.0,3118.55095,ARG,Argentina,San Juan,2.365244635,0.0,0.65,0.49,,,,,,,,,,,,,,,,,,,,,,,,,,3.1322868153753523,47.3048927,0.0,,,,,,,,,,,,,,,,,8.296875,0.2660490443477729,17.71875,0.5681725353867694,0.124453125,0.3990735665216593,0.62015625,1.9886038738536929,3.1322868153753523,8929,,,0.0023806154237978,Information
652908,12696.0,1861.708276,ARG,Argentina,San Juan,0.559566276,0.0,0.65,0.49,,,,,,,,,,,,,,,,,,,,,,,,,,2.410185253345218,11.19132552,0.0,,,,,,,,,,,,,,,,,3.234375,0.1737315690592565,9.421875,0.5060876142160952,0.048515625,0.2605973535888847,0.329765625,1.771306649756333,2.410185253345218,0,,,0.0001550097189884,Information
653000,12698.0,7818.44896,ARG,Argentina,Río Negro,1.861909728,0.0,0.65,0.49,,,,,,,,,,,,,,,,,,,,,,,,,,2.6167848487132126,37.23819456,0.0,,,,,,,,,,,,,,,,,11.25,0.1438904322070508,27.984375,0.3579274501150389,0.16875,0.2158356483105762,0.979453125,1.2527460754026365,2.6167848487132126,127,,,0.0007430088959692,Information
653220,12711.0,1255.182674,ARG,Argentina,Río Negro,4.003914021,0.0,0.65,0.49,,,,,,,,,,,,,,,,,,,,,,,,,,7.843294685915049,80.07828042,0.0,,,,,,,,,,,,,,,,,14.34375,1.142761950101825,18.84375,1.5012755030749465,0.21515625,1.7141429251527374,0.65953125,5.254464260762313,7.843294685915049,3291,,,0.1756290957944843,Information
653500,16262.0,29959.98064,ARG,Argentina,Chubut,4.06156882,0.0,0.65,0.49,,,,,,,,,,,,,,,,,,,,,,,,,,71.13766397657855,81.23137639999999,0.0,3.0,,,,,,,,,,,,,,,,589.359375,1.9671553930595151,2084.0625,6.956154360568364,8.840390625,2.9507330895892725,35.0,24.34654026198928,71.13766397657855,374496,35756.0,9.54776553020593,0.908640602735272,Warning
653601,12762.0,5972.558375,BOL,Bolivia,Santa Cruz,0.009436476,0.0,0.55,0.63,,,,,,,,,,,,,,,,,,,,,,,,,,15.827194806268484,0.1887295199999999,0.0,,,,,,,,,,,,,,,,,45.421875,0.7605095195555948,149.625,2.5052078291243123,0.681328125,1.140764279333392,5.236875,8.768227401935093,15.827194806268484,23216,,,0.0327703936041904,Information
653602,12763.0,5010.455651,BOL,Bolivia,Santa Cruz,0.289074069,0.0,0.55,0.63,,,,,,,,,,,,,,,,,,,,,,,,,,42.48058525109656,5.78148138,0.0,,,,,,,,,,,,,,,,,180.140625,3.5952942713125102,327.9375,6.545063419750799,2.702109375,5.392941406968765,11.4778125,22.9077219691278,42.48058525109656,368,,,0.212850520349756,Advisory
653701,12771.0,14553.47779,BOL,Bolivia,Santa Cruz,2.350540146,0.0,0.55,0.63,,,,,,,,,,,,,,,,,,,,,,,,,,30.87115067735259,47.01080292,0.0,,,,,,,,,,,,,,,,,58.640625,0.4029320402287142,497.671875,3.419607890574148,0.879609375,0.6043980603430713,17.418515625,11.968627617009515,30.87115067735259,295,,,0.2945068179922773,Information
653702,12772.0,9824.971895,BOL,Bolivia,Santa Cruz,1.10368092,0.0,0.55,0.63,,,,,,,,,,,,,,,,,,,,,,,,,,32.30127096291156,22.0736184,0.0,,,,,,,,,,,,,,,,,72.0,0.732826523741443,426.515625,4.34113837208554,1.08,1.0992397856121645,14.928046875,15.193984302299391,32.30127096291156,1606,,,0.18925148405541,Information
653703,12773.0,10876.76628,BOL,Bolivia,Santa Cruz,1.391650341,0.0,0.55,0.63,,,,,,,,,,,,,,,,,,,,,,,,,,30.578596271172483,27.83300682,0.0,,,,,,,,,,,,,,,,,141.046875,1.296772141516109,394.734375,3.62915194539952,2.115703125,1.945158212274164,13.815703125,12.70203180889832,30.578596271172483,72,,,0.1952578575052044,Information
653710,12779.0,1078.785026,BOL,Bolivia,Santa Cruz,2.461804581,0.0,0.55,0.63,,,,,,,,,,,,,,,,,,,,,,,,,,41.66444286469112,49.23609162,0.0,,,,,,,,,,,,,,,,,71.296875,6.608997465736014,85.359375,7.912547261739171,1.069453125,9.91349619860402,2.987578125,27.693915416087098,41.66444286469112,12,,,0.4217034454563466,Advisory
653730,12781.0,3272.53903,BOL,Bolivia,Santa Cruz,2.468795658,0.0,0.55,0.63,,,,,,,,,,,,,,,,,,,,,,,,,,33.561493498901726,49.37591316,0.0,,,,,,,,,,,,,,,,,21.09375,0.6445683245960164,227.390625,6.948446539145057,0.31640625,0.9668524868940248,7.958671875,24.3195628870077,33.561493498901726,3312,,,0.3405186308903729,Information
653740,12782.0,2150.47784,BOL,Bolivia,Santa Cruz,0.049172401,0.0,0.55,0.63,,,,,,,,,,,,,,,,,,,,,,,,,,42.64346801972635,0.98344802,0.0,,,,,,,,,,,,,,,,,2.109375,0.0980886648119797,214.734375,9.985426077859536,0.031640625,0.1471329972179695,7.515703125,34.94899127250838,42.64346801972635,9766,,,0.1997784321352719,Advisory
653750,12783.0,3158.138243,BOL,Bolivia,Santa Cruz,0.80681874,0.0,0.55,0.63,,,,,,,,,,,,,,,,,,,,,,,,,,18.99205107443241,16.1363748,0.0,,,,,,,,,,,,,,,,,3.65625,0.1157723227472598,128.671875,4.074295204374721,0.05484375,0.1736584841208897,4.503515625,14.260033215311523,18.99205107443241,3,,,0.0687492073569518,Information
653787,12793.0,9384.147506,BOL,Bolivia,Santa Cruz,1.115195156,0.0,0.55,0.63,,,,,,,,,,,,,,,,,,,,,,,,,,50.308020352793086,22.30390312,0.0,,,,,,,,,,,,,,,,,14.203125,0.1513523203927537,689.765625,7.350328034915416,0.213046875,0.2270284805891305,24.141796875,25.72614812220396,50.308020352793086,8157,,,0.3319116935441589,Advisory
653902,12800.0,17279.77797,BOL,Bolivia,Santa Cruz,1.031165632,0.0,0.55,0.63,,,,,,,,,,,,,,,,,,,,,,,,,,70.37297050671688,20.62331264,0.0,3.0,,,,,,,,,,,,,,,,15.75,0.0911470044779235,2563.171875,14.83336116624208,0.23625,0.1367205067168852,35.0,35.0,70.37297050671688,7346,52.0,0.707868227606861,0.4520849409313204,Watch
653904,12802.0,11404.43384,BOL,Bolivia,Santa Cruz,0.600563145,0.0,0.55,0.63,,,,,,,,,,,,,,,,,,,,,,,,,,41.231504658733485,12.011262899999998,0.0,,,,,,,,,,,,,,,,,72.984375,0.6399649120075969,596.390625,5.229462797349168,1.094765625,0.9599473680113952,20.873671875,18.30311979072209,41.231504658733485,14424,,,0.2242236419930272,Advisory
653906,12804.0,4183.439219,CHL,Chile,Magallanes y Antártica Chilena,2.061702923,0.0,0.7,0.42,,,,,,,,,,,,,,,,,,,,,,,,,,67.35528264967206,41.23405846,0.0,3.0,,,,,,,,,,,,,,,,12.65625,0.302532183114708,906.046875,21.65794284231182,0.18984375,0.4537982746720619,31.711640625,35.0,67.35528264967206,1562,165.0,10.56338028169014,0.5542549230605351,Watch
653907,12805.0,4538.652412,BOL,Bolivia,Santa Cruz,1.176700088,2.102300816,0.55,0.63,,,,,,,,,,,,,,,,,,,,,,,,,,70.64191072125507,23.53400176,42.04601632,3.0,,,,,,,,,,,,,,,,13.359375,0.2943467308367157,1375.3125,30.302221342979784,0.200390625,0.4415200962550735,35.0,35.0,70.64191072125507,6837,2226.0,32.55813953488372,0.5784674118947954,Watch
653908,12806.0,857.7489194,CHL,Chile,Magallanes y Antártica Chilena,3.478923537,0.0,0.7,0.42,,,,,,,,,,,,,,,,,,,,,,,,,,21.432292974566472,69.57847074,0.0,,,,,,,,,,,,,,,,,25.59375,2.9838277170856293,37.40625,4.360978971125151,0.38390625,4.475741575628444,1.30921875,15.26342639893803,21.432292974566472,13,,,0.3630748843569817,Advisory
653909,16263.0,1253.143061,CHL,Chile,Magallanes y Antártica Chilena,4.025653517,0.0,0.7,0.42,,,,,,,,,,,,,,,,,,,,,,,,,,37.83358805732737,80.51307034000001,0.0,3.0,,,,,,,,,,,,,,,,32.484375,2.5922319647004746,106.453125,8.494890031507616,0.487265625,3.888347947050712,3.725859375,29.732115110276656,37.83358805732737,4,0.0,0.0,0.7464798648461367,Watch
661001,12807.0,600.684011,ARG,Argentina,Tierra del Fuego,1.930944013,0.0,0.65,0.49,,,,,,,,,,,,,,,,,,,,,,,,,,19.00986891460085,38.61888026,0.0,,,,,,,,,,,,,,,,,0.28125,0.0468216224924304,30.65625,5.1035568516749175,0.00421875,0.0702324337386456,1.07296875,17.86244898086221,19.00986891460085,513,,,0.1205696173424663,Information
661002,12808.0,49201.40616,CHL,Chile,Magallanes y Antártica Chilena,4.01947795,3.044249329,0.7,0.42,,,,,,,,,,,,,,,,,,,,,,,,,,67.6741485819592,80.38955899999999,60.88498658,3.0,,,,,,,,,,,,,,,,161.15625,0.3275439922674934,4184.296875,8.504425383873706,2.41734375,0.4913159884012401,35.0,29.765488843557968,67.6741485819592,171266,45896.0,26.798080179370103,0.8922609699357709,Warning
661003,16265.0,12084.59314,CHL,Chile,Magallanes y Antártica Chilena,2.273325316,3.063873472,0.7,0.42,,,,,,,,,,,,,,,,,,,,,,,,,,16.243190607312208,45.46650632000001,61.27746944,,,,,,,,,,,,,,,,,0.28125,0.0023273435589944,253.828125,2.1004275619924897,0.00421875,0.0034910153384916,8.883984375,7.351496466973714,16.243190607312208,3401,,,0.192492535767139,Information
661101,12811.0,1287.677222,CHL,Chile,Magallanes y Antártica Chilena,3.400421718,0.0,0.7,0.42,,,,,,,,,,,,,,,,,,,,,,,,,,39.31104813489592,68.00843436,0.0,,,,,,,,,,,,,,,,,30.234375,2.3479777768117347,115.171875,8.944157205622377,0.453515625,3.521966665217602,4.031015625,31.30455021967832,39.31104813489592,131436,,,0.5816175533313297,Advisory
661103,16268.0,26417.44738,CHL,Chile,Magallanes y Antártica Chilena,3.61676706,0.0,0.7,0.42,,,,,,,,,,,,,,,,,,,,,,,,,,39.45374922334193,72.3353412,0.0,3.0,,,,,,,,,,,,,,,,206.015625,0.7798468264640296,729.421875,2.761136852470253,3.090234375,1.1697702396960443,25.529765625,9.663978983645888,39.45374922334193,982,68.0,6.924643584521386,0.6386952169671891,Watch
661104,12813.0,1154.555079,CHL,Chile,Magallanes y Antártica Chilena,3.32414228,0.0,0.7,0.42,,,,,,,,,,,,,,,,,,,,,,,,,,17.879526809430914,66.48284559999999,0.0,,,,,,,,,,,,,,,,,1.96875,0.1705202320152224,52.03125,4.50660613183088,0.02953125,0.2557803480228336,1.82109375,15.77312146140808,17.879526809430914,83,,,0.2648706165840752,Information
661105,12814.0,925.5684004,CHL,Chile,Magallanes y Antártica Chilena,4.016336853,0.0,0.7,0.42,,,,,,,,,,,,,,,,,,,,,,,,,,33.8549180102918,80.32673706,0.0,3.0,,,,,,,,,,,,,,,,14.34375,1.549723390929033,75.796875,8.189224585399499,0.21515625,2.324585086393549,2.652890625,28.662286048898245,33.8549180102918,23112,256.0,1.107649705780547,0.7063744287601731,Watch
661106,12815.0,8655.513229,CHL,Chile,Magallanes y Antártica Chilena,0.764659221,0.0,0.7,0.42,,,,,,,,,,,,,,,,,,,,,,,,,,44.448691407238144,15.29318442,0.0,,,,,,,,,,,,,,,,,17.71875,0.2047105645967955,581.625,6.719705517240845,0.26578125,0.3070658468951933,20.356875,23.51896931034296,44.448691407238144,2418,,,0.2595087814243951,Advisory
661107,16269.0,24518.23256,CHL,Chile,Magallanes y Antártica Chilena,2.625226843,0.0,0.7,0.42,,,,,,,,,,,,,,,,,,,,,,,,,,15.60480536948859,52.50453686,0.0,,,,,,,,,,,,,,,,,31.5,0.1284758186710789,303.1875,1.2365797547091348,0.4725,0.1927137280066183,10.6115625,4.328029141481972,15.60480536948859,202,,,0.1328423420183406,Information
661200,12817.0,14051.61761,CHL,Chile,Aisén del General Carlos Ibáñez del Campo,4.000504201,0.0,0.7,0.42,,,,,,,,,,,,,,,,,,,,,,,,,,47.45448718922736,80.01008402,0.0,3.0,,,,,,,,,,,,,,,,5.203125,0.0370286549455446,789.890625,5.621350130516868,0.078046875,0.0555429824183169,27.646171875,19.67472545680904,47.45448718922736,1171,51.0,4.355251921434671,0.8063552042509281,Warning
662580,12856.0,9811.518025,CHL,Chile,Atacama,3.154122287,0.0,0.7,0.42,,,,,,,,,,,,,,,,,,,,,,,,,,10.423857551430933,63.08244574,0.0,,,,,,,,,,,,,,,,,25.875,0.2637206590747183,136.40625,1.3902665179482436,0.388125,0.3955809886120774,4.77421875,4.865932812818853,10.423857551430933,56230,,,0.103009171817998,Information
662590,12857.0,10716.19587,CHL,Chile,Atacama,1.263901442,0.0,0.7,0.42,,,,,,,,,,,,,,,,,,,,,,,,,,0.9242954563205704,25.27802884,0.0,,,,,,,,,,,,,,,,,5.625,0.0524906419200671,11.25,0.1049812838401342,0.084375,0.0787359628801006,0.39375,0.3674344934404697,0.9242954563205704,6287,,,5.602791453018311e-06,Information
662700,12859.0,15918.84374,CHL,Chile,Antofagasta,0.181013214,0.0,0.7,0.42,,,,,,,,,,,,,,,,,,,,,,,,,,1.8580404451874928,3.62026428,0.0,,,,,,,,,,,,,,,,,3.234375,0.0203179015579942,31.21875,0.1961119193858577,0.048515625,0.0304768523369912,1.09265625,0.6863917178505019,1.8580404451874928,12051,,,3.927630636724737e-05,Information
662702,12861.0,11073.52821,CHL,Chile,Atacama,2.713032945,0.0,0.7,0.42,,,,,,,,,,,,,,,,,,,,,,,,,,2.349677660694909,54.2606589,0.0,,,,,,,,,,,,,,,,,5.203125,0.0469870568857763,33.046875,0.2984313072474985,0.078046875,0.0704805853286644,1.156640625,1.0445095753662448,2.349677660694909,11599,,,0.001495406318777,Information
662704,12863.0,5779.062472,CHL,Chile,Atacama,1.278349813,0.0,0.7,0.42,,,,,,,,,,,,,,,,,,,,,,,,,,0.6488929361581761,25.56699626,0.0,,,,,,,,,,,,,,,,,0.421875,0.0073000595176007,6.609375,0.1143675991090786,0.006328125,0.010950089276401,0.231328125,0.4002865968817751,0.6488929361581761,3962,,,1.056073308766189e-06,Information
662802,12870.0,9530.633041,CHL,Chile,Tarapacá,0.264256326,0.0,0.7,0.42,,,,,,,,,,,,,,,,,,,,,,,,,,2.485513985742015,5.28512652,0.0,,,,,,,,,,,,,,,,,13.921875,0.1460750292329965,28.6875,0.3010030905407201,0.208828125,0.2191125438494947,1.0040625,1.0535108168925205,2.485513985742015,463,,,0.0001361118634581,Information
662803,12871.0,8538.814731,CHL,Chile,Antofagasta,0.285292154,0.0,0.7,0.42,,,,,,,,,,,,,,,,,,,,,,,,,,0.4518649177303621,5.70584308,0.0,,,,,,,,,,,,,,,,,0.421875,0.0049406740080478,5.765625,0.0675225447766544,0.006328125,0.0074110110120717,0.201796875,0.2363289067182903,0.4518649177303621,1439,,,4.6270891852745966e-08,Information
662804,12872.0,3053.256006,CHL,Chile,Antofagasta,0.322484138,0.0,0.7,0.42,,,,,,,,,,,,,,,,,,,,,,,,,,0.3517013514417421,6.44968276,0.0,,,,,,,,,,,,,,,,,0.5625,0.0184229556541362,2.109375,0.0690860837030108,0.0084375,0.0276344334812043,0.073828125,0.2418012929605378,0.3517013514417421,734,,,1.1788164406119817e-08,Information
662806,12874.0,1904.670094,CHL,Chile,Antofagasta,3.623826605,0.0,0.7,0.42,,,,,,,,,,,,,,,,,,,,,,,,,,2.5401419095536446,72.4765321,0.0,,,,,,,,,,,,,,,,,2.8125,0.1476633674431588,10.40625,0.5463544595396875,0.0421875,0.2214950511647382,0.36421875,1.9122406083889063,2.5401419095536446,58218,,,0.0085903180518722,Information
662807,12875.0,3135.018465,CHL,Chile,Antofagasta,3.833716066,0.0,0.7,0.42,,,,,,,,,,,,,,,,,,,,,,,,,,2.975394104152508,76.67432132,0.0,,,,,,,,,,,,,,,,,14.203125,0.4530475708305016,14.203125,0.4530475708305016,0.213046875,0.6795713562457524,0.497109375,1.5856664979067556,2.975394104152508,97501,,,0.0197385786239045,Information
662809,12877.0,6261.944315,CHL,Chile,Antofagasta,2.042039238,0.0,0.7,0.42,,,,,,,,,,,,,,,,,,,,,,,,,,1.4845210280968628,40.840784760000005,0.0,,,,,,,,,,,,,,,,,5.625,0.0898283299480308,13.921875,0.2223251166213762,0.084375,0.1347424949220462,0.487265625,0.7781379081748167,1.4845210280968628,3497,,,0.000114288394009,Information
662900,12878.0,14818.50691,CHL,Chile,Tarapacá,1.010027289,0.0,0.7,0.42,,,,,,,,,,,,,,,,,,,,,,,,,,0.6571097972790839,20.20054578,0.0,,,,,,,,,,,,,,,,,4.5,0.0303674319459881,9.28125,0.0626328283886005,0.0675,0.0455511479189821,0.32484375,0.2192148993601017,0.6571097972790839,80509,,,7.956256475881494e-07,Information
662904,12882.0,4711.886814,CHL,Chile,Tarapacá,2.393913403,0.0,0.7,0.42,,,,,,,,,,,,,,,,,,,,,,,,,,15.064571358803642,47.87826806,0.0,,,,,,,,,,,,,,,,,53.578125,1.1370842958187664,114.890625,2.438314618592998,0.803671875,1.7056264437281494,4.021171875,8.534101165075493,15.064571358803642,2628,,,0.1072592413214221,Information
662906,12884.0,3286.454934,CHL,Chile,Arica y Parinacota,3.773834056,0.0,0.7,0.42,,,,,,,,,,,,,,,,,,,,,,,,,,0.2615181314777188,75.47668112,0.0,,,,,,,,,,,,,,,,,2.671875,0.0812996086538404,0.703125,0.0213946338562738,0.040078125,0.1219494129807605,0.024609375,0.0748812184969583,0.2615181314777188,91349,,,2.801047162578264e-06,Information
662908,12886.0,3397.414861,CHL,Chile,Arica y Parinacota,2.705664591,0.0,0.7,0.42,,,,,,,,,,,,,,,,,,,,,,,,,,0.6460421957273286,54.11329182,0.0,,,,,,,,,,,,,,,,,0.421875,0.0124175297183003,4.5,0.1324536503285366,0.006328125,0.0186262945774504,0.1575,0.463587776149878,0.6460421957273286,32719,,,1.0082048625612744e-05,Information
664054,12905.0,9939.11338,BOL,Bolivia,La Paz,1.565831602,0.0,0.55,0.63,,,,,,,,,,,,,,,,,,,,,,,,,,1.928231851347112,31.31663204,0.0,,,,,,,,,,,,,,,,,7.3125,0.0735729608925381,24.328125,0.2447715814309443,0.1096875,0.1103594413388071,0.851484375,0.856700535008305,1.928231851347112,22442,,,0.0001765223569922,Information
671011,12911.0,4312.151163,PER,Peru,Tacna,0.716319033,0.0,0.59,0.57,,,,,,,,,,,,,,,,,,,,,,,,,,0.4737394107690461,14.32638066,0.0,,,,,,,,,,,,,,,,,0.984375,0.0228279335013135,3.65625,0.0847894672905931,0.014765625,0.0342419002519702,0.12796875,0.2967631355170758,0.4737394107690461,347401,,,1.0091572703819677e-07,Information
671012,12912.0,5142.868544,PER,Peru,Tacna,2.193151522,0.0,0.59,0.57,,,,,,,,,,,,,,,,,,,,,,,,,,0.5155070578154866,43.86303044,0.0,,,,,,,,,,,,,,,,,2.8125,0.05468737876554,3.796875,0.073827961333479,0.0421875,0.08203106814831,0.132890625,0.2583978646671765,0.5155070578154866,21661,,,1.3633648440737555e-06,Information
671014,12914.0,5812.06242,PER,Peru,Tacna,4.021789953,0.0,0.59,0.57,,,,,,,,,,,,,,,,,,,,,,,,,,2.943943087190637,80.43579906,0.0,,,,,,,,,,,,,,,,,9.140625,0.157269904213634,27.0,0.464551101677196,0.137109375,0.235904856320451,0.945,1.625928855870186,2.943943087190637,15762,,,0.0291157209149846,Information
671015,12915.0,506.78043,PER,Peru,Moquegua,1.322831993,0.0,0.59,0.57,,,,,,,,,,,,,,,,,,,,,,,,,,2.7551431259499672,26.456639860000003,0.0,,,,,,,,,,,,,,,,,0.984375,0.1942409259962939,3.375,0.6659688891301504,0.014765625,0.2913613889944408,0.118125,2.3308911119555265,2.7551431259499672,76010,,,0.0005109883265337,Information
671016,12916.0,3559.742596,PER,Peru,Moquegua,2.004947819,0.0,0.59,0.57,,,,,,,,,,,,,,,,,,,,,,,,,,0.2249803954971327,40.09895638,0.0,,,,,,,,,,,,,,,,,0.984375,0.0276529825828554,1.265625,0.0355538347493856,0.014765625,0.0414794738742831,0.044296875,0.1244384216228496,0.2249803954971327,81695,,,1.1722995913505142e-08,Information
671018,12918.0,13206.40903,PER,Peru,Moquegua,1.699165001,0.0,0.59,0.57,,,,,,,,,,,,,,,,,,,,,,,,,,5.688412123210785,33.98330002,0.0,,,,,,,,,,,,,,,,,30.09375,0.2278723151030009,79.59375,0.6026903287303669,0.45140625,0.3418084726545013,2.78578125,2.1094161505562843,5.688412123210785,68015,,,0.0071135719217678,Information
671019,12919.0,1704.159856,PER,Peru,Arequipa,0.144914528,0.0,0.59,0.57,,,,,,,,,,,,,,,,,,,,,,,,,,1.4728627994412014,2.8982905599999995,0.0,,,,,,,,,,,,,,,,,0.84375,0.0495112003058833,5.765625,0.3383265354235361,0.01265625,0.0742668004588249,0.201796875,1.1841428739823765,1.4728627994412014,34162,,,1.4037061810419872e-05,Information
671030,12921.0,449.1732496,PER,Peru,Arequipa,4.067822943,0.0,0.59,0.57,,,,,,,,,,,,,,,,,,,,,,,,,,1.7665435205842923,81.35645886,0.0,,,,,,,,,,,,,,,,,0.140625,0.0313075188997091,2.109375,0.4696127834956368,0.002109375,0.0469612783495636,0.073828125,1.643644742234729,1.7665435205842923,35775,,,0.0092246561574843,Information
671050,12923.0,2483.809782,PER,Peru,Arequipa,1.689498681,0.0,0.59,0.57,,,,,,,,,,,,,,,,,,,,,,,,,,2.2794027293608203,33.78997362,0.0,,,,,,,,,,,,,,,,,3.65625,0.1472033014368413,11.390625,0.4585949006301595,0.05484375,0.2208049521552619,0.398671875,1.6050821522055585,2.2794027293608203,3429,,,0.0003773187500195,Information
671072,12926.0,11150.26868,PER,Peru,Ayacucho,1.778030347,0.0,0.59,0.57,,,,,,,,,,,,,,,,,,,,,,,,,,2.4086896259281008,35.56060694,0.0,,,,,,,,,,,,,,,,,12.796875,0.1147674138532194,30.796875,0.2761985014709347,0.191953125,0.172151120779829,1.077890625,0.9666947551482716,2.4086896259281008,79850,,,0.0005069477295273,Information
671074,12928.0,7318.924052,PER,Peru,Ica,2.310738253,0.0,0.59,0.57,,,,,,,,,,,,,,,,,,,,,,,,,,0.4675332763155135,46.21476506,0.0,,,,,,,,,,,,,,,,,2.671875,0.0365063905693577,4.5,0.0614844472747077,0.040078125,0.0547595858540365,0.1575,0.2151955654614769,0.4675332763155135,407072,,,1.0410713106393002e-06,Information
671079,12933.0,927.8853406,PER,Peru,Piura,1.838288657,1.761148979,0.59,0.57,,,,,,,,,,,,,,,,,,,,,,,,,,13.00091767741826,36.76577314,35.22297958,,,,,,,,,,,,,,,,,5.34375,0.5759062856584636,29.25,3.15232914255159,0.08015625,0.8638594284876954,1.02375,11.033151998930563,13.00091767741826,129611,,,0.0568446748011833,Information
672010,12937.0,16512.61257,ECU,Ecuador,Azuay,3.527973304,2.290431775,0.57,0.6,,,,,,,,,,,,,,,,,,,,,,,,,,42.35654507819665,70.55946608,45.8086355,3.0,,,,,,,,,,,,,,,,250.3125,1.5158867134886345,646.453125,3.9149051808467714,3.7546875,2.273830070232952,22.625859375,13.7021681329637,42.35654507819665,1247619,17539.0,1.4057977635800674,0.6419778454130338,Watch
672021,12938.0,365.7532425,ECU,Ecuador,Guayas,3.073126444,4.005958475,0.57,0.6,,,,,,,,,,,,,,,,,,,,,,,,,,54.05984375,61.46252888,80.1191695,3.0,,,,,,,,,,,,,,,,64.265625,17.570760153451655,88.453125,24.183825244028647,0.963984375,15.0,3.095859375,35.0,54.05984375,293318,8245.0,2.8109423901703954,0.8414259558447985,Warning
672023,12940.0,264.4305023,ECU,Ecuador,Guayas,2.860093739,0.0,0.57,0.6,,,,,,,,,,,,,,,,,,,,,,,,,,4.694445433118051,57.20187478,0.0,,,,,,,,,,,,,,,,,0.84375,0.3190819488221896,3.09375,1.1699671456813618,0.01265625,0.4786229232332843,0.10828125,4.0948850098847664,4.694445433118051,1285674,,,0.013548614938502,Information
672024,12941.0,1600.681522,ECU,Ecuador,Los Rios,3.427720834,0.0,0.57,0.6,,,,,,,,,,,,,,,,,,,,,,,,,,29.83072650432068,68.55441668,0.0,,,,,,,,,,,,,,,,,25.03125,1.5637870277653163,106.875,6.676843489335058,0.37546875,2.3456805416479742,3.740625,23.368952212672703,29.83072650432068,154650,,,0.4789776669731149,Advisory
672097,12959.0,3479.879056,PAN,Panama,Darién,1.101635495,1.245955362,0.62,0.53,,,,,,,,,,,,,,,,,,,,,,,,,,18.45285991431061,22.0327099,24.91910724,,,,,,,,,,,,,,,,,0.28125,0.0080821774401833,135.984375,3.907732792328668,0.00421875,0.0121232661602749,4.759453125,13.677064773150338,18.45285991431061,18358,,,0.0802567341071883,Information
672099,12961.0,786.7799669,PAN,Panama,Panamá,2.2287403,1.876535368,0.62,0.53,,,,,,,,,,,,,,,,,,,,,,,,,,14.527280383339717,44.574806,37.53070736,,,,,,,,,,,,,,,,,8.296875,1.0545356197638265,26.71875,3.3959621653411363,0.124453125,1.5818034296457395,0.93515625,11.885867578693976,14.527280383339717,317518,,,0.0902843649996196,Information
673000,16279.0,8489.864239,ECU,Ecuador,Galápagos,3.783759856,1.200118939,0.57,0.6,,,,,,,,,,,,,,,,,,,,,,,,,,22.17502255286076,75.67519712,24.00237878,,,,,,,,,,,,,,,,,91.125,1.073338718217494,251.859375,2.966588957295574,1.366875,1.610008077326241,8.815078125,10.38306135053451,22.17502255286076,35005,,,0.4631384867113136,Advisory
712308,13096.0,10992.01111,CAN,Canada,Saskatchewan,0.222583357,0.0,0.8,0.28,,,,,,,,,,,,,,,,,,,,,,,,,,43.39507736048725,4.4516671400000005,0.0,,,,,,,,,,,,,,,,,0.5625,0.0051173529066404,648.984375,5.90414591603637,0.0084375,0.0076760293599606,22.714453125,20.66451070612729,43.39507736048725,2336,,,0.2149723714517752,Advisory
712603,13121.0,6307.304318,CAN,Canada,Alberta,1.234890403,0.0,0.8,0.28,,,,,,,,,,,,,,,,,,,,,,,,,,1.990604810418672,24.69780806,0.0,,,,,,,,,,,,,,,,,4.078125,0.0646571783144136,20.25,0.3210563336991576,0.061171875,0.0969857674716204,0.70875,1.1236971679470515,1.990604810418672,6827,,,0.0001400341050947,Information
723060,13369.0,5205.822706,CAN,Canada,New foundland and Labrador,1.030036514,0.0,0.8,0.28,,,,,,,,,,,,,,,,,,,,,,,,,,41.91756955693247,20.60073028,0.0,,,,,,,,,,,,,,,,,3.515625,0.0675325534221765,408.515625,7.847282707656915,0.052734375,0.1012988301332647,14.298046875,27.465489476799203,41.91756955693247,13248,,,0.2614816932028875,Advisory
723071,13370.0,4217.706858,CAN,Canada,New foundland and Labrador,0.243486554,0.161998956,0.8,0.28,,,,,,,,,,,,,,,,,,,,,,,,,,67.83816297757232,4.86973108,3.23997912,3.0,,,,,,,,,,,,,,,,119.8125,2.8407024017148776,765.140625,18.141152309543017,1.7971875,4.261053602572316,26.779921875,35.0,67.83816297757232,10847,1814.0,16.723518023416613,0.3676355162346082,Watch
723075,16287.0,22933.08226,CAN,Canada,Newfoundland and Labrador,0.490195147,0.084430177,0.8,0.28,,,,,,,,,,,,,,,,,,,,,,,,,,74.7043020667924,9.80390294,1.68860354,3.0,,,,,,,,,,,,,,,,218.390625,0.9522951278616024,2858.90625,12.466297456166371,3.275859375,1.4284426917924036,35.0,35.0,74.7043020667924,317299,28857.0,9.094576409002235,0.425262551566117,Watch
723077,13375.0,717.9293546,CAN,Canada,New foundland and Labrador,3.217520147,0.0,0.8,0.28,,,,,,,,,,,,,,,,,,,,,,,,,,26.483718885149933,64.35040294000001,0.0,,,,,,,,,,,,,,,,,0.140625,0.0195875818550534,50.625,7.051529467819244,0.002109375,0.0293813727825801,1.771875,24.680353137367355,26.483718885149933,0,,,0.3831539788041009,Advisory
723150,13390.0,7360.656669,CAN,Canada,New foundland and Labrador,0.515773444,0.0,0.8,0.28,,,,,,,,,,,,,,,,,,,,,,,,,,70.09950235912083,10.31546888,0.0,3.0,,,,,,,,,,,,,,,,2.8125,0.0382099060805624,1506.796875,20.470957182661326,0.0421875,0.0573148591208435,35.0,35.0,70.09950235912083,0,0.0,0.0,0.4026930341118532,Watch
723404,13399.0,24663.19113,CAN,Canada,New foundland and Labrador,0.45345083,0.0,0.8,0.28,,,,,,,,,,,,,,,,,,,,,,,,,,73.68505688626941,9.0690166,0.0,3.0,,,,,,,,,,,,,,,,174.796875,0.7087358408462695,5213.25,21.13777561693717,2.621953125,1.0631037612694043,35.0,35.0,73.68505688626941,309,0.0,0.0,0.4167164664322069,Watch
723409,13404.0,3614.670244,CAN,Canada,New foundland and Labrador,1.740363012,0.0,0.8,0.28,,,,,,,,,,,,,,,,,,,,,,,,,,70.02383490867133,34.80726024,0.0,3.0,,,,,,,,,,,,,,,,0.421875,0.01167118911422,1332.703125,36.869286411821136,0.006328125,0.01750678367133,35.0,35.0,70.02383490867133,9314,1552.0,16.6630878247799,0.5284951428895984,Watch
723901,13418.0,589.4670128,CAN,Canada,Québec,1.065818246,0.0,0.8,0.28,,,,,,,,,,,,,,,,,,,,,,,,,,36.98436848604565,21.31636492,0.0,,,,,,,,,,,,,,,,,18.140625,3.077462284631072,51.046875,8.659835731171155,0.272109375,4.616193426946608,1.786640625,30.30942505909904,36.98436848604565,311,,,0.2251425389406855,Advisory
724082,13442.0,3564.190025,CAN,Canada,Québec,1.2555198,0.0,0.8,0.28,,,,,,,,,,,,,,,,,,,,,,,,,,14.93404918056022,25.110396,0.0,,,,,,,,,,,,,,,,,48.65625,1.3651418599619554,91.265625,2.5606273616049395,0.72984375,2.047712789942933,3.194296875,8.962195765617288,14.93404918056022,31006,,,0.0534405835216785,Information
725301,13461.0,190.7561736,CAN,Canada,Québec,2.826208136,0.0,0.8,0.28,,,,,,,,,,,,,,,,,,,,,,,,,,31.778303707447066,56.52416272,0.0,,,,,,,,,,,,,,,,,10.125,5.307822971480351,12.65625,6.634778714350439,0.151875,7.961734457220526,0.44296875,23.221725500226537,31.778303707447066,62031,,,0.3769802125009114,Advisory
725302,13462.0,3382.178029,CAN,Canada,Québec,0.714218873,0.0,0.8,0.28,,,,,,,,,,,,,,,,,,,,,,,,,,5.291434098384946,14.28437746,0.0,,,,,,,,,,,,,,,,,19.265625,0.5696218482952026,29.953125,0.8856164502691836,0.288984375,0.8544327724428038,1.048359375,3.0996575759421425,5.291434098384946,97734,,,0.002676833580549,Information
725303,13463.0,4629.415272,CAN,Canada,Québec,1.943423077,0.0,0.8,0.28,,,,,,,,,,,,,,,,,,,,,,,,,,43.04574674859748,38.86846154,0.0,,,,,,,,,,,,,,,,,254.8125,5.504204851696551,279.984375,6.047942527443616,3.8221875,8.256307277544828,9.799453125,21.16779884605265,43.04574674859748,71479,,,0.3628825224755838,Advisory
725304,13464.0,15081.38912,CAN,Canada,Québec,1.229626962,0.0,0.8,0.28,,,,,,,,,,,,,,,,,,,,,,,,,,33.201221556423334,24.59253924,0.0,,,,,,,,,,,,,,,,,288.140625,1.9105708548576343,446.90625,2.963296328324823,4.322109375,2.8658562822864515,15.64171875,10.37153714913688,33.201221556423334,658748,,,0.206016982129455,Information
725307,13467.0,404.4649476,CAN,Canada,Québec,3.283436042,0.0,0.8,0.28,,,,,,,,,,,,,,,,,,,,,,,,,,53.416484375,65.66872083999999,0.0,3.0,,,,,,,,,,,,,,,,60.75,15.019842968807929,71.578125,17.69699090537786,0.91125,15.0,2.505234375,35.0,53.416484375,69040,17551.0,25.421494785631516,0.6707780199727356,Watch
725551,13499.0,8209.917999,USA,United States,New York,2.826513056,0.0,0.77,0.32,,,,,,,,,,,,,,,,,,,,,,,,,,20.6953432235,56.53026112,0.0,,,,,,,,,,,,,,,,,127.546875,1.5535706326246412,211.921875,2.581291007018009,1.913203125,2.330355948936962,7.417265625,9.034518524563032,20.6953432235,355232,,,0.2289963124889247,Information
725556,13504.0,6912.243129,CAN,Canada,Ontario,1.31314037,0.0,0.8,0.28,,,,,,,,,,,,,,,,,,,,,,,,,,6.124416892084877,26.2628074,0.0,,,,,,,,,,,,,,,,,50.0625,0.7242583784169755,50.0625,0.7242583784169755,0.7509375,1.0863875676254633,1.7521875,2.534904324459414,6.124416892084877,986715,,,0.0064191463100932,Information
725578,13516.0,3329.281075,CAN,Canada,Ontario,0.650871882,0.0,0.8,0.28,,,,,,,,,,,,,,,,,,,,,,,,,,1.77067742043805,13.01743764,0.0,,,,,,,,,,,,,,,,,6.1875,0.1858509348148623,9.984375,0.2998958266330733,0.0928125,0.2787764022222935,0.349453125,1.0496353932157565,1.77067742043805,49938,,,4.923211889685877e-05,Information
725579,13517.0,6637.631422,CAN,Canada,Ontario,3.840019492,0.0,0.8,0.28,,,,,,,,,,,,,,,,,,,,,,,,,,3.8420888103734834,76.80038984000001,0.0,,,,,,,,,,,,,,,,,13.921875,0.2097416098412613,37.828125,0.5699039701747404,0.208828125,0.3146124147618919,1.323984375,1.9946638956115912,3.8420888103734834,22269,,,0.0360790525651052,Information
725581,13518.0,1739.36066,USA,United States,Michigan,2.067331972,0.0,0.77,0.32,,,,,,,,,,,,,,,,,,,,,,,,,,1.7653478044371222,41.34663944,0.0,,,,,,,,,,,,,,,,,0.703125,0.0404243361407828,7.171875,0.4123282286359852,0.010546875,0.0606365042111742,0.251015625,1.443148800225948,1.7653478044371222,9209,,,0.0002297682617857,Information
725582,13519.0,5765.501261,USA,United States,Michigan,0.53272271,0.0,0.77,0.32,,,,,,,,,,,,,,,,,,,,,,,,,,14.877569144342988,10.6544542,0.0,,,,,,,,,,,,,,,,,2.109375,0.0365861510506965,154.546875,2.680545333647698,0.031640625,0.0548792265760447,5.409140625,9.381908667766943,14.877569144342988,41306,,,0.0365139140983817,Information
725584,13521.0,2618.845462,USA,United States,Michigan,1.842876386,0.0,0.77,0.32,,,,,,,,,,,,,,,,,,,,,,,,,,1.0807692337409334,36.85752772,0.0,,,,,,,,,,,,,,,,,0.84375,0.0322183959400978,6.046875,0.2308985042373676,0.01265625,0.0483275939101467,0.211640625,0.8081447648307866,1.0807692337409334,78862,,,2.373762876590868e-05,Information
725590,13527.0,7556.068879,CAN,Canada,Ontario,1.767243462,0.0,0.8,0.28,,,,,,,,,,,,,,,,,,,,,,,,,,8.272896760825827,35.34486924,0.0,,,,,,,,,,,,,,,,,36.5625,0.4838825662775335,86.0625,1.138985117545579,0.5484375,0.7258238494163003,3.0121875,3.986447911409527,8.272896760825827,73975,,,0.0198872706629433,Information
725880,13569.0,9537.864861,USA,United States,Illinois,2.058692594,0.0,0.77,0.32,,,,,,,,,,,,,,,,,,,,,,,,,,11.483657745734096,41.17385188,0.0,,,,,,,,,,,,,,,,,5.90625,0.0619242365661186,157.640625,1.652787361681405,0.08859375,0.0928863548491779,5.517421875,5.784755765884918,11.483657745734096,4226841,,,0.0511649740551741,Information
725962,13585.0,1700.557783,CAN,Canada,Ontario,2.914039015,0.0,0.8,0.28,,,,,,,,,,,,,,,,,,,,,,,,,,32.95991637037616,58.2807803,0.0,,,,,,,,,,,,,,,,,41.765625,2.4559956396232847,118.96875,6.9958663674117805,0.626484375,3.683993459434927,4.16390625,24.48553228594124,32.95991637037616,1373,,,0.4068444689103008,Advisory
725964,13587.0,1464.032344,CAN,Canada,Ontario,3.076982704,0.0,0.8,0.28,,,,,,,,,,,,,,,,,,,,,,,,,,75.91730395484176,61.539654080000005,0.0,3.0,,,,,,,,,,,,,,,,89.4375,6.108983886561171,868.921875,59.35127584129164,1.3415625,9.163475829841758,30.412265625,35.0,75.91730395484176,376,60.0,15.957446808510639,0.7517531223457259,Watch
725980,13594.0,22941.40451,CAN,Canada,Ontario,2.40547571,0.0,0.8,0.28,,,,,,,,,,,,,,,,,,,,,,,,,,84.01015249176349,48.10951420000001,0.0,3.0,,,,,,,,,,,,,,,,823.78125,3.5908056535428883,2049.46875,8.933492931842617,12.35671875,5.386208480314332,35.0,31.26722526144916,84.01015249176349,116175,1079.0,0.9287712502689907,0.6850267664780734,Warning
725993,13597.0,3277.433383,USA,United States,Michigan,1.741062398,0.0,0.77,0.32,,,,,,,,,,,,,,,,,,,,,,,,,,3.1361737603220767,34.82124796,0.0,,,,,,,,,,,,,,,,,2.390625,0.0729419860135791,21.09375,0.6436057589433453,0.035859375,0.1094129790203686,0.73828125,2.2526201563017083,3.1361737603220767,726,,,0.001206152210851,Information
725994,13598.0,1589.257059,USA,United States,Minnesota,2.393696761,0.0,0.77,0.32,,,,,,,,,,,,,,,,,,,,,,,,,,30.610351582561776,47.87393522000001,0.0,,,,,,,,,,,,,,,,,46.546875,2.9288449430746897,99.984375,6.291265119414212,0.698203125,4.393267414612034,3.499453125,22.01942791794974,30.610351582561776,369,,,0.2972498130859043,Information
725996,13600.0,10168.28827,USA,United States,Wisconsin,3.040331385,0.0,0.77,0.32,,,,,,,,,,,,,,,,,,,,,,,,,,18.02955772740352,60.8066277,0.0,,,,,,,,,,,,,,,,,3.234375,0.031808451072135,258.328125,2.5405271573700907,0.048515625,0.0477126766082025,9.041484375,8.891845050795318,18.02955772740352,28544,,,0.2187283412602574,Information
725997,13601.0,17842.44466,USA,United States,Minnesota,1.796340884,0.0,0.77,0.32,,,,,,,,,,,,,,,,,,,,,,,,,,34.95238288317465,35.92681768,0.0,,,,,,,,,,,,,,,,,100.6875,0.5643144867122709,596.8125,3.3449031866017847,1.5103125,0.8464717300684064,20.8884375,11.707161153106249,34.95238288317465,178284,,,0.2722443423715562,Information
725998,13602.0,2034.394123,USA,United States,Minnesota,0.05039597,0.0,0.77,0.32,,,,,,,,,,,,,,,,,,,,,,,,,,28.549529312143743,1.0079194,0.0,,,,,,,,,,,,,,,,,2.8125,0.1382475484390661,136.6875,6.718830854138612,0.0421875,0.2073713226585991,4.7840625,23.515907989485143,28.549529312143743,5614,,,0.1068603450047028,Information
726011,13604.0,450.1921027,CAN,Canada,Québec,1.418553445,1.018529694,0.8,0.28,,,,,,,,,,,,,,,,,,,,,,,,,,27.1262625566278,28.3710689,20.37059388,,,,,,,,,,,,,,,,,11.953125,2.6551165446009177,28.265625,6.278569711350405,0.179296875,3.9826748169013766,0.989296875,21.974993989726418,27.1262625566278,38691,,,0.1657749606068658,Information
726012,13605.0,1999.034652,CAN,Canada,Québec,2.489411382,0.0,0.8,0.28,,,,,,,,,,,,,,,,,,,,,,,,,,6.9932818736692495,49.78822764,0.0,,,,,,,,,,,,,,,,,1.546875,0.0773810998616315,32.625,1.6320377425362291,0.023203125,0.1160716497924472,1.141875,5.712132098876802,6.9932818736692495,22269,,,0.0243448112637229,Information
726013,13606.0,7352.74026,CAN,Canada,Québec,2.051846482,2.070143693,0.8,0.28,,,,,,,,,,,,,,,,,,,,,,,,,,29.80782249655166,41.03692964,41.40287386,,,,,,,,,,,,,,,,,129.65625,1.7633731835518154,305.296875,4.1521509560639815,1.94484375,2.645059775327723,10.685390625,14.532528346223936,29.80782249655166,144162,,,0.2495473720363872,Information
726014,13607.0,1810.791968,CAN,Canada,Québec,1.013132541,0.0,0.8,0.28,,,,,,,,,,,,,,,,,,,,,,,,,,18.582854956175453,20.26265082,0.0,,,,,,,,,,,,,,,,,24.890625,1.3745712066846276,70.734375,3.9062673274710034,0.373359375,2.061856810026941,2.475703125,13.671935646148512,18.582854956175453,6037,,,0.0726274017371457,Information
726015,13608.0,753.5817268,CAN,Canada,Québec,1.475953762,3.206342823,0.8,0.28,,,,,,,,,,,,,,,,,,,,,,,,,,16.26441082850881,29.51907524,64.12685646,,,,,,,,,,,,,,,,,14.625,1.940731771949311,26.296875,3.489585013024241,0.219375,2.9110976579239662,0.920390625,12.213547545584843,16.26441082850881,6667,,,0.2144691980221696,Information
726016,13609.0,1683.533935,CAN,Canada,Québec,2.658686916,3.031370499,0.8,0.28,,,,,,,,,,,,,,,,,,,,,,,,,,8.10502803943497,53.173738320000005,60.62740998,,,,,,,,,,,,,,,,,12.234375,0.7267079531075766,28.125,1.6705929956496013,0.183515625,1.090061929661365,0.984375,5.847075484773605,8.10502803943497,8719,,,0.0569864474527068,Information
726030,13613.0,2360.066481,CAN,Canada,Québec,2.33937509,2.625346885,0.8,0.28,,,,,,,,,,,,,,,,,,,,,,,,,,10.340135101695722,46.7875018,52.5069377,,,,,,,,,,,,,,,,,19.40625,0.8222755655512889,48.09375,2.037813358105368,0.29109375,1.2334133483269334,1.68328125,7.132346753368788,10.340135101695722,13433,,,0.0636855998964934,Information
726040,13614.0,11989.70885,CAN,Canada,Québec,2.076095364,0.0,0.8,0.28,,,,,,,,,,,,,,,,,,,,,,,,,,11.176663572595007,41.52190728,0.0,,,,,,,,,,,,,,,,,38.109375,0.3178507124837307,157.78125,1.3159723225341176,0.571640625,0.4767760687255961,5.52234375,4.605903128869412,11.176663572595007,23899,,,0.0489800812100828,Information
726085,13629.0,22.92567388,CAN,Canada,New Brunswick,3.511916104,0.0,0.8,0.28,,,,,,,,,,,,,,,,,,,,,,,,,,15.984839613528814,70.23832208,0.0,,,,,,,,,,,,,,,,,0.140625,0.613395273597262,0.984375,4.293766915180835,0.002109375,0.920092910395893,0.034453125,15.028184203132922,15.984839613528814,524,,,0.2671087610577615,Information
726086,13630.0,6273.842332,USA,United States,Maine,2.53012074,0.0,0.77,0.32,,,,,,,,,,,,,,,,,,,,,,,,,,15.437063773143269,50.602414800000005,0.0,,,,,,,,,,,,,,,,,16.453125,0.2622495773765979,162.984375,2.597839830593821,0.246796875,0.3933743660648968,5.704453125,9.092439407078372,15.437063773143269,27564,,,0.1223883436515027,Information
726088,13632.0,3213.15716,USA,United States,Maine,2.653600839,0.0,0.77,0.32,,,,,,,,,,,,,,,,,,,,,,,,,,21.93410967909217,53.07201678,0.0,,,,,,,,,,,,,,,,,5.484375,0.1706849284826244,150.046875,4.669764581819496,0.082265625,0.2560273927239366,5.251640625,16.34417603636824,21.93410967909217,38,,,0.2234566106129488,Information
726089,13633.0,7041.97792,USA,United States,Maine,0.050069313,0.0,0.77,0.32,,,,,,,,,,,,,,,,,,,,,,,,,,8.513112683371688,1.00138626,0.0,,,,,,,,,,,,,,,,,19.265625,0.2735825817497186,92.25,1.3100012673563168,0.288984375,0.4103738726245779,3.22875,4.585004435747109,8.513112683371688,10356,,,0.0070737122950638,Information
731000,16295.0,4017.205989,USA,United States,New York,0.817449364,0.624219906,0.77,0.32,,,,,,,,,,,,,,,,,,,,,,,,,,62.2606696688712,16.34898728,12.48439812,3.0,,,,,,,,,,,,,,,,239.765625,5.96846727924747,420.328125,10.463195717108906,3.596484375,8.952700918871205,14.711484375,35.0,62.2606696688712,7688981,109856.0,1.4287458897349337,0.3838733399606455,Watch
731160,13639.0,4420.936669,USA,United States,New Hampshire,3.183109035,0.0,0.77,0.32,,,,,,,,,,,,,,,,,,,,,,,,,,12.107748124412517,63.66218070000001,0.0,,,,,,,,,,,,,,,,,15.46875,0.3498975705381234,99.421875,2.2488871124586662,0.23203125,0.5248463558071852,3.479765625,7.871104893605332,12.107748124412517,101868,,,0.1358810965001641,Information
731170,16297.0,3690.254115,USA,United States,New Hampshire,2.881945889,1.88842372,0.77,0.32,,,,,,,,,,,,,,,,,,,,,,,,,,18.512393848644763,57.63891778,37.7684744,,,,,,,,,,,,,,,,,53.4375,1.4480710088727655,119.671875,3.2429169172387464,0.8015625,2.1721065133091484,4.188515625,11.350209210335612,18.512393848644763,393676,,,0.2038948262327597,Information
731300,13643.0,8029.856401,USA,United States,Connecticut,0.397416447,0.426075357,0.77,0.32,,,,,,,,,,,,,,,,,,,,,,,,,,25.76225991855017,7.94832894,8.52150714,,,,,,,,,,,,,,,,,129.65625,1.6146770691755432,272.25,3.3904715899391014,1.94484375,2.422015603763315,9.52875,11.866650564786855,25.76225991855017,5001062,,,0.1025430963766781,Information
731401,13644.0,4171.129732,USA,United States,New York,0.441626568,0.0,0.77,0.32,,,,,,,,,,,,,,,,,,,,,,,,,,38.16616743722666,8.83253136,0.0,,,,,,,,,,,,,,,,,149.765625,3.590529056458834,256.78125,6.156155922153832,2.246484375,5.385793584688251,8.98734375,21.54654572753841,38.16616743722666,1953126,,,0.191945697199641,Advisory
731402,13645.0,3189.008436,USA,United States,New York,0.312491444,0.0,0.77,0.32,,,,,,,,,,,,,,,,,,,,,,,,,,6.638881689944912,6.24982888,0.0,,,,,,,,,,,,,,,,,18.421875,0.577667803992802,37.96875,1.1906130311302028,0.276328125,0.8665017059892031,1.32890625,4.1671456089557095,6.638881689944912,305795,,,0.0040521906638147,Information
731403,13646.0,6375.123291,USA,United States,New York,0.333537904,0.0,0.77,0.32,,,,,,,,,,,,,,,,,,,,,,,,,,17.32177612101324,6.67075808,0.0,,,,,,,,,,,,,,,,,90.28125,1.4161490826692733,153.984375,2.415394463431237,1.35421875,2.12422362400391,5.389453125,8.45388062200933,17.32177612101324,552187,,,0.0460745031693506,Information
731406,13649.0,1857.851829,USA,United States,Vermont,0.114115742,0.0,0.77,0.32,,,,,,,,,,,,,,,,,,,,,,,,,,3.5632638932847893,2.28231484,0.0,,,,,,,,,,,,,,,,,5.0625,0.2724921288620968,13.78125,0.7417841285690412,0.0759375,0.4087381932931452,0.48234375,2.5962444499916444,3.5632638932847893,75776,,,0.000464142754419,Information
731407,13650.0,2818.639246,USA,United States,New York,0.803410095,0.0,0.77,0.32,,,,,,,,,,,,,,,,,,,,,,,,,,6.596813382259029,16.068201900000002,0.0,,,,,,,,,,,,,,,,,11.390625,0.4041178740552412,36.5625,1.297168484621762,0.170859375,0.6061768110828618,1.2796875,4.540089696176167,6.596813382259029,187372,,,0.0054886936444121,Information
731501,13653.0,534.8605704,USA,United States,New Jersey,0.582602574,1.007413898,0.77,0.32,,,,,,,,,,,,,,,,,,,,,,,,,,34.49804435402216,11.65205148,20.14827796,,,,,,,,,,,,,,,,,23.90625,4.46962279922422,39.796875,7.440607365767378,0.35859375,6.7044341988363305,1.392890625,26.042125780185824,34.49804435402216,1112446,,,0.2006592426693868,Information
731502,13654.0,2451.358787,USA,United States,New Jersey,0.246821157,0.0,0.77,0.32,,,,,,,,,,,,,,,,,,,,,,,,,,16.928588513760978,4.9364231400000005,0.0,,,,,,,,,,,,,,,,,38.109375,1.5546224893372256,78.890625,3.218240651358611,0.571640625,2.3319337340058386,2.761171875,11.26384227975514,16.928588513760978,2009496,,,0.0422149138368947,Information
731503,13655.0,587.0967872,USA,United States,New Jersey,0.333985938,0.177305918,0.77,0.32,,,,,,,,,,,,,,,,,,,,,,,,,,20.388522924159,6.67971876,3.5461183600000004,,,,,,,,,,,,,,,,,13.359375,2.275497889048637,26.578125,4.527043168738869,0.200390625,3.413246833572956,0.930234375,15.84465109058604,20.388522924159,1442221,,,0.0641217231128171,Information
731504,13656.0,2842.206244,USA,United States,New Jersey,0.161610649,0.0,0.77,0.32,,,,,,,,,,,,,,,,,,,,,,,,,,4.555811454888649,3.23221298,0.0,,,,,,,,,,,,,,,,,12.09375,0.4255057149517766,23.625,0.831220466417424,0.18140625,0.6382585724276648,0.826875,2.909271632460984,4.555811454888649,1333815,,,0.0011218911123906,Information
731508,13658.0,1840.711027,USA,United States,Delaware,0.000960872,0.0,0.77,0.32,,,,,,,,,,,,,,,,,,,,,,,,,,17.906479499671185,0.01921744,0.0,,,,,,,,,,,,,,,,,7.734375,0.4201840966693181,76.21875,4.1407232799049165,0.116015625,0.6302761450039771,2.66765625,14.492531479667209,17.906479499671185,90923,,,0.0427330045960445,Information
731602,13660.0,8814.259377,USA,United States,Pennsylvania,0.76674212,0.0,0.77,0.32,,,,,,,,,,,,,,,,,,,,,,,,,,3.331860538804293,15.3348424,0.0,,,,,,,,,,,,,,,,,16.453125,0.186664860846939,37.546875,0.4259787850096814,0.246796875,0.2799972912704085,1.314140625,1.4909257475338848,3.331860538804293,269273,,,0.0006078446272457,Information
731603,13661.0,3756.828258,USA,United States,Pennsylvania,0.237990043,0.0,0.77,0.32,,,,,,,,,,,,,,,,,,,,,,,,,,5.811136441663555,4.75980086,0.0,,,,,,,,,,,,,,,,,15.890625,0.4229798092893058,38.53125,1.0256324579227416,0.238359375,0.6344697139339587,1.34859375,3.589713602729596,5.811136441663555,176580,,,0.0025819638841181,Information
731608,13666.0,4109.352457,USA,United States,New York,1.043599368,0.0,0.77,0.32,,,,,,,,,,,,,,,,,,,,,,,,,,5.282184273124291,20.87198736,0.0,,,,,,,,,,,,,,,,,21.515625,0.5235770167166514,34.734375,0.8452517851569469,0.322734375,0.785365525074977,1.215703125,2.958381248049314,5.282184273124291,111553,,,0.0033975028853224,Information
731802,13669.0,2577.540564,USA,United States,Maryland,0.145532728,0.0,0.77,0.32,,,,,,,,,,,,,,,,,,,,,,,,,,0.9263743505894017,2.91065456,0.0,,,,,,,,,,,,,,,,,0.84375,0.0327346933595289,5.0625,0.1964081601571738,0.01265625,0.0491020400392933,0.1771875,0.6874285605501083,0.9263743505894017,341702,,,1.642790570104632e-06,Information
731803,13670.0,851.7480964,USA,United States,Maryland,0.330176058,0.0,0.77,0.32,,,,,,,,,,,,,,,,,,,,,,,,,,10.113815200935612,6.60352116,0.0,,,,,,,,,,,,,,,,,7.3125,0.858528481751376,19.546875,2.294912672373871,0.1096875,1.287792722627064,0.684140625,8.032194353308547,10.113815200935612,66716,,,0.0131095415439858,Information
731804,13671.0,7931.620266,USA,United States,Virginia,0.468638499,0.0,0.77,0.32,,,,,,,,,,,,,,,,,,,,,,,,,,1.8534834383990808,9.37276998,0.0,,,,,,,,,,,,,,,,,9.703125,0.1223347144074383,19.265625,0.2428964619394066,0.145546875,0.1835020716111574,0.674296875,0.8501376167879231,1.8534834383990808,375915,,,5.018661065012979e-05,Information
731806,13673.0,1744.312072,USA,United States,West Virginia,0.20287088,0.0,0.77,0.32,,,,,,,,,,,,,,,,,,,,,,,,,,0.1467565960550153,4.0574176,0.0,,,,,,,,,,,,,,,,,0.140625,0.0080619174874203,0.5625,0.0322476699496814,0.002109375,0.0120928762311304,0.0196875,0.1128668448238849,0.1467565960550153,10483,,,4.503887110466743e-11,Information
731807,13674.0,1357.967455,USA,United States,Maryland,0.821296594,0.0,0.77,0.32,,,,,,,,,,,,,,,,,,,,,,,,,,0.876254106488353,16.42593188,0.0,,,,,,,,,,,,,,,,,1.40625,0.1035555008709198,2.390625,0.1760443514805638,0.02109375,0.1553332513063797,0.083671875,0.6161552301819733,0.876254106488353,7133,,,2.5842122343416214e-06,Information
731808,13675.0,3491.385761,USA,United States,Maryland,0.921658979,0.0,0.77,0.32,,,,,,,,,,,,,,,,,,,,,,,,,,0.6547994505418416,18.43317958,0.0,,,,,,,,,,,,,,,,,1.125,0.0322221626915745,4.359375,0.1248608804298514,0.016875,0.0483332440373617,0.152578125,0.4370130815044798,0.6547994505418416,92554,,,7.005474465860853e-07,Information
731902,13677.0,5044.922768,USA,United States,Virginia,0.248647851,0.0,0.77,0.32,,,,,,,,,,,,,,,,,,,,,,,,,,7.32850115202878,4.97295702,0.0,,,,,,,,,,,,,,,,,22.078125,0.4376305845456472,60.75,1.2041809714886598,0.331171875,0.6564458768184708,2.12625,4.214633400210309,7.32850115202878,303434,,,0.0051977181094544,Information
731904,13678.0,3806.076072,USA,United States,Virginia,0.063431277,0.0,0.77,0.32,,,,,,,,,,,,,,,,,,,,,,,,,,25.25250106268673,1.26862554,0.0,,,,,,,,,,,,,,,,,70.03125,1.8399855566039776,168.890625,4.437394886508789,1.05046875,2.7599783349059663,5.911171875,15.530882102780762,25.25250106268673,90140,,,0.0863660243729376,Information
731908,13682.0,4176.36447,USA,United States,Virginia,0.123633452,0.0,0.77,0.32,,,,,,,,,,,,,,,,,,,,,,,,,,13.609000519414383,2.47266904,0.0,,,,,,,,,,,,,,,,,34.3125,0.8215877768281689,99.84375,2.39068574404918,0.5146875,1.2323816652422532,3.49453125,8.36740010417213,13.609000519414383,257211,,,0.0244535144717448,Information
732120,13683.0,12023.0006,USA,United States,Virginia,0.664625592,0.0,0.77,0.32,,,,,,,,,,,,,,,,,,,,,,,,,,9.409701127861204,13.29251184,0.0,,,,,,,,,,,,,,,,,37.96875,0.3158009490891119,130.5,1.0854195583507251,0.56953125,0.4737014236336678,4.5675,3.7989684542275377,9.409701127861204,148660,,,0.0131822872559997,Information
732202,13691.0,4208.154707,USA,United States,North Carolina,4.009990981,0.0,0.77,0.32,,,,,,,,,,,,,,,,,,,,,,,,,,4.634024577143977,80.19981962,0.0,,,,,,,,,,,,,,,,,10.125,0.2406042720843917,34.875,0.8287480482906826,0.151875,0.3609064081265875,1.220625,2.900618169017389,4.634024577143977,242166,,,0.0732139234702762,Information
732203,13692.0,124.7803976,USA,United States,South Carolina,4.004968576,0.0,0.77,0.32,,,,,,,,,,,,,,,,,,,,,,,,,,9.071287076613045,80.09937151999999,0.0,,,,,,,,,,,,,,,,,0.5625,0.4507919598295871,2.953125,2.3666577891053326,0.0084375,0.6761879397443806,0.103359375,8.283302261868664,9.071287076613045,2740,,,0.216040045536595,Information
732204,13693.0,7902.60897,USA,United States,North Carolina,1.70164602,0.0,0.77,0.32,,,,,,,,,,,,,,,,,,,,,,,,,,2.465751630136584,34.0329204,0.0,,,,,,,,,,,,,,,,,5.625,0.0711790248132601,28.6875,0.3630130265476268,0.084375,0.1067685372198901,1.0040625,1.2705455929166938,2.465751630136584,249702,,,0.0005069173492228,Information
732205,13694.0,287.6991483,USA,United States,South Carolina,3.46524908,0.0,0.77,0.32,,,,,,,,,,,,,,,,,,,,,,,,,,1.5588484963531446,69.3049816,0.0,,,,,,,,,,,,,,,,,0.28125,0.0977583707324609,1.125,0.3910334829298438,0.00421875,0.1466375560986913,0.039375,1.3686171902544533,1.5588484963531446,1553,,,0.0014405223687598,Information
732206,13695.0,3727.16172,USA,United States,South Carolina,0.681896414,0.0,0.77,0.32,,,,,,,,,,,,,,,,,,,,,,,,,,2.646585621292261,13.63792828,0.0,,,,,,,,,,,,,,,,,3.9375,0.1056433902077951,18.84375,0.5055790817087339,0.0590625,0.1584650853116926,0.65953125,1.7695267859805686,2.646585621292261,71515,,,0.0002458127789133,Information
732208,13697.0,3699.450523,USA,United States,North Carolina,0.004506288,0.0,0.77,0.32,,,,,,,,,,,,,,,,,,,,,,,,,,3.171361524262658,0.09012576,0.0,,,,,,,,,,,,,,,,,10.828125,0.2926954944470027,19.828125,0.5359748664549011,0.162421875,0.439043241670504,0.693984375,1.8759120325921537,3.171361524262658,704673,,,0.0002801816579749,Information
732209,13698.0,12227.48738,USA,United States,North Carolina,0.256159585,0.0,0.77,0.32,,,,,,,,,,,,,,,,,,,,,,,,,,16.94458532604479,5.1231917000000005,0.0,,,,,,,,,,,,,,,,,115.453125,0.9442097249842004,216.84375,1.7734121753052827,1.731796875,1.4163145874763006,7.58953125,6.20694261356849,16.94458532604479,985088,,,0.042477641071267,Information
732404,13703.0,743.8420053,USA,United States,South Carolina,0.025322203,0.0,0.77,0.32,,,,,,,,,,,,,,,,,,,,,,,,,,2.782671987722672,0.50644406,0.0,,,,,,,,,,,,,,,,,1.6875,0.2268626923552704,4.78125,0.642777628339933,0.0253125,0.3402940385329056,0.16734375,2.2497216991897657,2.782671987722672,89791,,,0.0001739920225244,Information
732405,13704.0,1173.189556,USA,United States,North Carolina,0.07240274,0.0,0.77,0.32,,,,,,,,,,,,,,,,,,,,,,,,,,13.178519165565088,1.4480548,0.0,,,,,,,,,,,,,,,,,8.578125,0.7311797958327948,35.859375,3.056571277661684,0.128671875,1.0967696937491922,1.255078125,10.697999471815894,13.178519165565088,232508,,,0.0221102002210192,Information
732407,13706.0,833.0660379,USA,United States,South Carolina,0.01290417,0.0,0.77,0.32,,,,,,,,,,,,,,,,,,,,,,,,,,26.98197342535097,0.2580833999999999,0.0,,,,,,,,,,,,,,,,,22.5,2.700866315185466,49.640625,5.958786307877935,0.3375,4.051299472778199,1.737421875,20.85575207757277,26.98197342535097,228787,,,0.0955355593759373,Information
732408,13707.0,1692.255958,USA,United States,North Carolina,1.596326164,0.0,0.77,0.32,,,,,,,,,,,,,,,,,,,,,,,,,,1.846070993845197,31.92652328,0.0,,,,,,,,,,,,,,,,,2.390625,0.1412685231335176,6.609375,0.3905659168985487,0.035859375,0.2119027847002764,0.231328125,1.3669807091449204,1.846070993845197,203744,,,0.0001545640528729,Information
732409,13708.0,5488.78413,USA,United States,North Carolina,1.014280186,0.0,0.77,0.32,,,,,,,,,,,,,,,,,,,,,,,,,,36.3912293549877,20.28560372,0.0,,,,,,,,,,,,,,,,,170.015625,3.09750977586338,295.59375,5.385414018912179,2.550234375,4.64626466379507,10.34578125,18.848949066192628,36.3912293549877,627118,,,0.2164841445297827,Advisory
732544,13713.0,13900.14631,USA,United States,Georgia,0.244347296,0.0,0.77,0.32,,,,,,,,,,,,,,,,,,,,,,,,,,15.109644563049258,4.88694592,0.0,,,,,,,,,,,,,,,,,70.03125,0.5038166394460762,221.0625,1.5903609582514695,1.05046875,0.7557249591691144,7.7371875,5.566263353880143,15.109644563049258,660318,,,0.0329037249811488,Information
732546,13715.0,2081.643671,USA,United States,Georgia,0.076876154,0.0,0.77,0.32,,,,,,,,,,,,,,,,,,,,,,,,,,0.4121673120021188,1.5375230800000002,0.0,,,,,,,,,,,,,,,,,0.140625,0.006755478950537,1.96875,0.0945767053075181,0.002109375,0.0101332184258055,0.06890625,0.3310184685763133,0.4121673120021188,23780,,,2.1752206726685723e-08,Information
732547,13716.0,11084.89779,USA,United States,Georgia,0.219045903,0.0,0.77,0.32,,,,,,,,,,,,,,,,,,,,,,,,,,8.231906029973825,4.38091806,0.0,,,,,,,,,,,,,,,,,12.234375,0.1103697592145321,118.40625,1.0681762903291503,0.183515625,0.1655546388217981,4.14421875,3.738617016152026,8.231906029973825,741296,,,0.0070962318969365,Information
732548,13717.0,1431.560023,USA,United States,Georgia,0.028842078,0.0,0.77,0.32,,,,,,,,,,,,,,,,,,,,,,,,,,1.7798677782158947,0.57684156,0.0,,,,,,,,,,,,,,,,,0.421875,0.0294695991144964,6.1875,0.4322207870126143,0.006328125,0.0442043986717446,0.2165625,1.51277275454415,1.7798677782158947,897746,,,2.8749548752432585e-05,Information
732549,13718.0,1171.684835,USA,United States,Georgia,0.00198041,0.0,0.77,0.32,,,,,,,,,,,,,,,,,,,,,,,,,,3.606805154926816,0.0396082,0.0,,,,,,,,,,,,,,,,,0.28125,0.0240038952039168,10.6875,0.91214801774884,0.00421875,0.0360058428058752,0.3740625,3.19251806212094,3.606805154926816,866352,,,0.0004469509208595,Information
732602,13730.0,3353.065349,USA,United States,Florida,0.99189253,0.0,0.77,0.32,,,,,,,,,,,,,,,,,,,,,,,,,,1.568048616496272,19.8378506,0.0,,,,,,,,,,,,,,,,,1.96875,0.0587149308248136,10.40625,0.3103503486454433,0.02953125,0.0880723962372204,0.36421875,1.0862262202590516,1.568048616496272,48836,,,4.173373598977602e-05,Information
732605,13733.0,5265.303582,USA,United States,Alabama,0.818971795,0.0,0.77,0.32,,,,,,,,,,,,,,,,,,,,,,,,,,6.820881516603409,16.379435899999997,0.0,,,,,,,,,,,,,,,,,12.796875,0.2430415416980933,61.734375,1.1724751297303624,0.191953125,0.3645623125471399,2.160703125,4.103662954056269,6.820881516603409,51116,,,0.0061000898243306,Information
732606,13734.0,1242.429583,USA,United States,Alabama,0.367104062,0.0,0.77,0.32,,,,,,,,,,,,,,,,,,,,,,,,,,4.924497177523088,7.342081240000001,0.0,,,,,,,,,,,,,,,,,3.796875,0.3056008205248667,13.921875,1.1205363419245111,0.056953125,0.4584012307873,0.487265625,3.921877196735789,4.924497177523088,2050,,,0.0016693932791328,Information
732607,13735.0,2581.561962,USA,United States,Alabama,0.332639718,0.0,0.77,0.32,,,,,,,,,,,,,,,,,,,,,,,,,,5.897465617350345,6.65279436,0.0,,,,,,,,,,,,,,,,,6.1875,0.2396804760760199,31.921875,1.2365333652103756,0.0928125,0.3595207141140298,1.117265625,4.327866778236315,5.897465617350345,44129,,,0.0028741554964359,Information
732608,13736.0,1183.923651,USA,United States,Georgia,0.029309723,0.0,0.77,0.32,,,,,,,,,,,,,,,,,,,,,,,,,,2.4575635725655345,0.58619446,0.0,,,,,,,,,,,,,,,,,1.265625,0.1069008967734584,6.890625,0.5820159935443848,0.018984375,0.1603513451601876,0.241171875,2.037055977405347,2.4575635725655345,29698,,,0.0001077485371033,Information
732609,13737.0,12387.35221,USA,United States,Georgia,0.328624441,0.0,0.77,0.32,,,,,,,,,,,,,,,,,,,,,,,,,,22.71956489836593,6.57248882,0.0,,,,,,,,,,,,,,,,,68.625,0.5539924822867698,329.765625,2.662115514267367,1.029375,0.8309887234301547,11.541796875,9.317404299935784,22.71956489836593,3202994,,,0.0786869101550364,Information
732822,13749.0,2542.035444,USA,United States,Mississippi,0.127773134,0.0,0.77,0.32,,,,,,,,,,,,,,,,,,,,,,,,,,2.5463319638502653,2.55546268,0.0,,,,,,,,,,,,,,,,,7.171875,0.2821311959301458,11.671875,0.4591546914157276,0.107578125,0.4231967938952187,0.408515625,1.607041419955047,2.5463319638502653,12916,,,0.0001338886442035,Information
732826,13753.0,1087.04987,USA,United States,Alabama,0.434295904,0.0,0.77,0.32,,,,,,,,,,,,,,,,,,,,,,,,,,8.211160837654203,8.68591808,0.0,,,,,,,,,,,,,,,,,7.734375,0.711501395975513,19.6875,1.811094462483124,0.116015625,1.0672520939632697,0.6890625,6.338830618690934,8.211160837654203,20113,,,0.0080022983116403,Information
732827,13754.0,2052.013146,USA,United States,Alabama,0.03547409,0.0,0.77,0.32,,,,,,,,,,,,,,,,,,,,,,,,,,13.446101771881676,0.7094818,0.0,,,,,,,,,,,,,,,,,35.15625,1.7132565681636482,50.34375,2.453383405610344,0.52734375,2.5698848522454725,1.76203125,8.586841919636203,13.446101771881676,190189,,,0.0227846624923357,Information
732828,13755.0,6182.121617,USA,United States,Alabama,0.819070006,0.0,0.77,0.32,,,,,,,,,,,,,,,,,,,,,,,,,,12.572300171715572,16.381400120000002,0.0,,,,,,,,,,,,,,,,,47.53125,0.7688501286165608,116.859375,1.890279458225923,0.71296875,1.1532751929248413,4.090078125,6.615978103790731,12.572300171715572,140419,,,0.0290614405123123,Information
732829,13756.0,3107.259128,USA,United States,Alabama,0.119373767,0.0,0.77,0.32,,,,,,,,,,,,,,,,,,,,,,,,,,3.820171108690044,2.38747534,0.0,,,,,,,,,,,,,,,,,11.8125,0.3801581880900057,20.8125,0.6698025218728673,0.1771875,0.5702372821350086,0.7284375,2.344308826555036,3.820171108690044,292930,,,0.0005961608205297,Information
732840,13758.0,4779.698874,USA,United States,Alabama,0.176125416,0.0,0.77,0.32,,,,,,,,,,,,,,,,,,,,,,,,,,2.8786281904896622,3.52250832,0.0,,,,,,,,,,,,,,,,,21.375,0.4472039047649981,17.4375,0.3648242380977615,0.320625,0.6708058571474972,0.6103125,1.2768848333421652,2.8786281904896622,449904,,,0.0002223774498896,Information
732880,13762.0,5615.591873,USA,United States,Georgia,1.063498582,0.0,0.77,0.32,,,,,,,,,,,,,,,,,,,,,,,,,,4.848943609772601,21.26997164,0.0,,,,,,,,,,,,,,,,,10.265625,0.1828057528333869,45.421875,0.8088528515778628,0.153984375,0.2742086292500804,1.589765625,2.83098498052252,4.848943609772601,315143,,,0.0026577596830014,Information
732890,13763.0,4838.528068,USA,United States,Georgia,0.795120641,0.0,0.77,0.32,,,,,,,,,,,,,,,,,,,,,,,,,,10.839742930360554,15.90241282,0.0,,,,,,,,,,,,,,,,,7.59375,0.1569433904871573,97.734375,2.0199195627513764,0.11390625,0.2354150857307359,3.420703125,7.069718469629818,10.839742930360554,970305,,,0.0202428631420508,Information
741008,13772.0,13776.45342,USA,United States,Louisiana,2.206156334,3.58969456,0.77,0.32,,,,,,,,,,,,,,,,,,,,,,,,,,25.49456269026792,44.12312668,71.79389119999999,,,,,,,,,,,,,,,,,66.375,0.4818003441198016,393.609375,2.8571168711680617,0.995625,0.7227005161797024,13.776328125,9.999909049088217,25.49456269026792,1161522,,,0.4597461059356414,Advisory
742210,13774.0,431.5328528,USA,United States,Louisiana,3.889459172,0.0,0.77,0.32,,,,,,,,,,,,,,,,,,,,,,,,,,37.60425795943014,77.78918344,0.0,3.0,,,,,,,,,,,,,,,,2.390625,0.5539844729534285,49.640625,11.503324644268249,0.035859375,0.8309767094301427,1.737421875,35.0,37.60425795943014,73,0.0,0.0,0.7007427316522292,Watch
742222,13776.0,7792.359833,USA,United States,Louisiana,0.516387291,0.0,0.77,0.32,,,,,,,,,,,,,,,,,,,,,,,,,,8.099501021261002,10.32774582,0.0,,,,,,,,,,,,,,,,,25.171875,0.3230327595364596,90.5625,1.1621960734160894,0.377578125,0.4845491393046894,3.1696875,4.067686256956313,8.099501021261002,55593,,,0.0081004285178867,Information
742223,13777.0,408.1121948,USA,United States,Louisiana,3.049867164,0.0,0.77,0.32,,,,,,,,,,,,,,,,,,,,,,,,,,11.65569808293336,60.99734328,0.0,,,,,,,,,,,,,,,,,0.28125,0.0689148728180514,12.9375,3.170084149630366,0.00421875,0.1033723092270771,0.4528125,11.09529452370628,11.65569808293336,2874,,,0.1135554451218363,Information
742225,13779.0,556.4807539,USA,United States,Louisiana,1.617318012,0.0,0.77,0.32,,,,,,,,,,,,,,,,,,,,,,,,,,13.791836186066773,32.34636024,0.0,,,,,,,,,,,,,,,,,2.53125,0.4548674832673151,19.6875,3.5378582031902286,0.03796875,0.6823012249009726,0.6890625,12.3825037111658,13.791836186066773,3718,,,0.0558808597610898,Information
742226,13780.0,7027.69666,USA,United States,Louisiana,1.044236612,0.0,0.77,0.32,,,,,,,,,,,,,,,,,,,,,,,,,,7.596488931905407,20.88473224,0.0,,,,,,,,,,,,,,,,,2.953125,0.0420212360148076,88.3125,1.2566350579666274,0.044296875,0.0630318540222114,3.0909375,4.398222702883196,7.596488931905407,44394,,,0.0095590603704678,Information
742231,13784.0,5507.514098,USA,United States,Louisiana,2.606914448,0.0,0.77,0.32,,,,,,,,,,,,,,,,,,,,,,,,,,15.86405656231416,52.13828896,0.0,,,,,,,,,,,,,,,,,21.234375,0.3855528033282013,151.875,2.757596209234817,0.318515625,0.5783292049923019,5.315625,9.65158673232186,15.86405656231416,99983,,,0.1347402113599383,Information
742232,13785.0,3529.541283,USA,United States,Louisiana,0.098390095,0.0,0.77,0.32,,,,,,,,,,,,,,,,,,,,,,,,,,8.473832659333667,1.9678019,0.0,,,,,,,,,,,,,,,,,0.703125,0.0199211439546236,62.859375,1.780950269543352,0.010546875,0.0298817159319354,2.200078125,6.233325943401732,8.473832659333667,9744,,,0.0071763441509734,Information
742233,13786.0,3406.75718,USA,United States,Louisiana,0.114046844,0.0,0.77,0.32,,,,,,,,,,,,,,,,,,,,,,,,,,8.306647695656675,2.28093688,0.0,,,,,,,,,,,,,,,,,0.28125,0.0082556514932134,60.1875,1.766709419547673,0.00421875,0.0123834772398201,2.1065625,6.183482968416855,8.306647695656675,167704,,,0.0068498875620472,Information
742234,13787.0,6688.665649,USA,United States,Louisiana,0.313026011,0.0,0.77,0.32,,,,,,,,,,,,,,,,,,,,,,,,,,11.171660292907015,6.26052022,0.0,,,,,,,,,,,,,,,,,0.5625,0.0084097491116922,127.6875,1.9090130483541368,0.0084375,0.0126146236675383,4.4690625,6.681545669239479,11.171660292907015,127597,,,0.016704259438945,Information
742236,13789.0,9127.568455,USA,United States,Texas,0.882720932,0.0,0.77,0.32,,,,,,,,,,,,,,,,,,,,,,,,,,16.21980493151569,17.65441864,0.0,,,,,,,,,,,,,,,,,4.78125,0.0523825159286943,219.09375,2.400351759320757,0.07171875,0.0785737738930414,7.66828125,8.40123115762265,16.21980493151569,171204,,,0.0521141252742466,Information
742238,13791.0,9809.412792,USA,United States,Texas,0.278939541,0.0,0.77,0.32,,,,,,,,,,,,,,,,,,,,,,,,,,9.766148027767237,5.57879082,0.0,,,,,,,,,,,,,,,,,1.828125,0.0186364366417487,137.390625,1.40059989222989,0.027421875,0.027954654962623,4.808671875,4.902099622804615,9.766148027767237,181248,,,0.011638919306441,Information
742240,13793.0,10840.22983,USA,United States,Oklahoma,1.12657439,0.0,0.77,0.32,,,,,,,,,,,,,,,,,,,,,,,,,,12.11979540066643,22.5314878,0.0,,,,,,,,,,,,,,,,,3.234375,0.0298367751428346,178.734375,1.648806139414908,0.048515625,0.0447551627142519,6.255703125,5.770821487952178,12.11979540066643,50205,,,0.0317958670786646,Information
742260,13795.0,20593.6861,USA,United States,Oklahoma,0.440959879,0.0,0.77,0.32,,,,,,,,,,,,,,,,,,,,,,,,,,10.459103812716336,8.81919758,0.0,,,,,,,,,,,,,,,,,10.96875,0.0532626842388643,196.453125,0.9539483318165825,0.16453125,0.0798940263582964,6.875859375,3.3388191613580385,10.459103812716336,150007,,,0.0151796196608075,Information
742274,13799.0,9039.80525,USA,United States,Texas,1.144987441,0.0,0.77,0.32,,,,,,,,,,,,,,,,,,,,,,,,,,9.51796858991988,22.89974882,0.0,,,,,,,,,,,,,,,,,6.609375,0.0731141304189308,126.28125,1.396946576940424,0.099140625,0.1096711956283962,4.41984375,4.889313019291484,9.51796858991988,122718,,,0.0182226083770714,Information
742276,13801.0,4882.818401,USA,United States,Oklahoma,0.001466881,0.0,0.77,0.32,,,,,,,,,,,,,,,,,,,,,,,,,,3.461144064434308,0.02933762,0.0,,,,,,,,,,,,,,,,,0.5625,0.0115199860776931,32.203125,0.6595192029479338,0.0084375,0.0172799791165396,1.127109375,2.3083172103177683,3.461144064434308,129661,,,0.0003851143765998,Information
742290,13806.0,28267.59403,USA,United States,Texas,0.132955958,0.0,0.77,0.32,,,,,,,,,,,,,,,,,,,,,,,,,,0.5473217374998413,2.6591191600000004,0.0,,,,,,,,,,,,,,,,,0.703125,0.0024873889130407,11.25,0.0397982226086515,0.010546875,0.003731083369561,0.39375,0.1392937791302802,0.5473217374998413,228564,,,1.1038672117379713e-07,Information
742301,13807.0,2025.479942,USA,United States,Mississippi,0.879309439,0.0,0.77,0.32,,,,,,,,,,,,,,,,,,,,,,,,,,34.2978930590339,17.58618878,0.0,,,,,,,,,,,,,,,,,29.109375,1.4371593812609589,152.578125,7.532936853469276,0.436640625,2.155739071891438,5.340234375,26.365278987142467,34.2978930590339,8480,,,0.1903331949583294,Information
742302,13808.0,3114.914173,USA,United States,Mississippi,1.021311576,0.0,0.77,0.32,,,,,,,,,,,,,,,,,,,,,,,,,,6.095484824860648,20.42623152,0.0,,,,,,,,,,,,,,,,,3.65625,0.1173788360333918,39.796875,1.2776234845173031,0.05484375,0.1760682540500877,1.392890625,4.471682195810561,6.095484824860648,6780,,,0.0050976190151337,Information
742304,13810.0,2789.404555,USA,United States,Mississippi,0.255547519,0.0,0.77,0.32,,,,,,,,,,,,,,,,,,,,,,,,,,1.8311321799420623,5.11095038,0.0,,,,,,,,,,,,,,,,,0.703125,0.0252069926046137,11.109375,0.3982704831528977,0.010546875,0.0378104889069205,0.388828125,1.393946691035142,1.8311321799420623,13367,,,3.944063094167117e-05,Information
742411,13816.0,493.6084326,USA,United States,Arkansas,4.006981042,0.0,0.77,0.32,,,,,,,,,,,,,,,,,,,,,,,,,,42.15362058243559,80.13962083999999,0.0,3.0,,,,,,,,,,,,,,,,11.953125,2.4215803882903946,95.484375,19.344153925284445,0.179296875,3.632370582435592,3.341953125,35.0,42.15362058243559,346,49.0,14.16184971098266,0.7741529862558909,Watch
742412,13817.0,2790.81608,USA,United States,Arkansas,0.173528731,0.0,0.77,0.32,,,,,,,,,,,,,,,,,,,,,,,,,,23.012224935390627,3.47057462,0.0,,,,,,,,,,,,,,,,,8.578125,0.307369771161974,139.78125,5.008615615327904,0.128671875,0.461054656742961,4.89234375,17.530154653647664,23.012224935390627,128780,,,0.0758114905586967,Information
742415,13820.0,3953.74361,USA,United States,Arkansas,0.284818909,0.0,0.77,0.32,,,,,,,,,,,,,,,,,,,,,,,,,,5.235970981233815,5.69637818,0.0,,,,,,,,,,,,,,,,,0.140625,0.0035567556694159,42.328125,1.0705834564941976,0.002109375,0.0053351335041238,1.481484375,3.747042097729691,5.235970981233815,89782,,,0.0019202904565136,Information
742416,13821.0,2820.899526,USA,United States,Arkansas,0.017893662,0.0,0.77,0.32,,,,,,,,,,,,,,,,,,,,,,,,,,3.441748421804309,0.35787324,0.0,,,,,,,,,,,,,,,,,0.28125,0.0099702239435628,21.515625,0.7627221316825614,0.00421875,0.0149553359153442,0.753046875,2.6695274608889648,3.441748421804309,16492,,,0.0003818793671446,Information
742417,13822.0,10069.39375,USA,United States,Arkansas,1.357812084,0.0,0.77,0.32,,,,,,,,,,,,,,,,,,,,,,,,,,14.563394290000648,27.15624168,0.0,,,,,,,,,,,,,,,,,3.796875,0.0377070863799109,207.140625,2.057131045837366,0.056953125,0.0565606295698663,7.249921875,7.199958660430781,14.563394290000648,245754,,,0.0537201390857273,Information
742418,13823.0,4958.244033,USA,United States,Oklahoma,0.468279147,0.0,0.77,0.32,,,,,,,,,,,,,,,,,,,,,,,,,,3.805464673754856,9.36558294,0.0,,,,,,,,,,,,,,,,,1.40625,0.0283618553372893,35.4375,0.714718754499692,0.02109375,0.0425427830059339,1.2403125,2.501515640748922,3.805464673754856,77212,,,0.0007611568060956,Information
742419,13824.0,3204.60462,USA,United States,Oklahoma,1.264518193,0.0,0.77,0.32,,,,,,,,,,,,,,,,,,,,,,,,,,11.872862582565084,25.29036386,0.0,,,,,,,,,,,,,,,,,6.046875,0.1886933246951189,79.734375,2.4881189558635444,0.090703125,0.2830399870426783,2.790703125,8.708416345522405,11.872862582565084,39919,,,0.0329315866857372,Information
742424,13828.0,9136.605751,USA,United States,New Mexico,0.559264186,0.0,0.77,0.32,,,,,,,,,,,,,,,,,,,,,,,,,,0.148742110013802,11.18528372,0.0,,,,,,,,,,,,,,,,,0.140625,0.0015391383171049,1.96875,0.0215479364394699,0.002109375,0.0023087074756573,0.06890625,0.0754177775381446,0.148742110013802,14526,,,8.181481881603478e-11,Information
742425,13829.0,8247.029671,USA,United States,New Mexico,0.294672156,0.0,0.77,0.32,,,,,,,,,,,,,,,,,,,,,,,,,,0.6036134196956258,5.893443120000001,0.0,,,,,,,,,,,,,,,,,2.109375,0.0255773906981154,6.890625,0.0835528096138436,0.031640625,0.0383660860471731,0.241171875,0.2924348336484526,0.6036134196956258,1300,,,2.2177509578928265e-07,Information
742426,13830.0,5453.543979,USA,United States,New Mexico,0.028732535,0.0,0.77,0.32,,,,,,,,,,,,,,,,,,,,,,,,,,0.8766666569458086,0.5746507,0.0,,,,,,,,,,,,,,,,,4.21875,0.077357953219883,7.03125,0.1289299220331383,0.06328125,0.1160369298298245,0.24609375,0.451254727115984,0.8766666569458086,397,,,1.1168869295399428e-06,Information
742428,13832.0,3787.08313,USA,United States,New Mexico,0.397682388,0.0,0.77,0.32,,,,,,,,,,,,,,,,,,,,,,,,,,0.9931888176717886,7.95364776,0.0,,,,,,,,,,,,,,,,,2.109375,0.0556991998199836,6.890625,0.1819507194119466,0.031640625,0.0835487997299753,0.241171875,0.6368275179418131,0.9931888176717886,1948,,,2.9613979457777903e-06,Information
742429,13833.0,11238.82598,USA,United States,New Mexico,0.780743307,0.0,0.77,0.32,,,,,,,,,,,,,,,,,,,,,,,,,,1.3407051134114811,15.61486614,0.0,,,,,,,,,,,,,,,,,8.578125,0.0763258102935587,16.59375,0.1476466494203266,0.128671875,0.114488715440338,0.58078125,0.5167632729711431,1.3407051134114811,10185,,,1.7199840857007784e-05,Information
742430,13834.0,6335.563522,USA,United States,Oklahoma,0.298531933,0.0,0.77,0.32,,,,,,,,,,,,,,,,,,,,,,,,,,10.246689214122084,5.9706386600000005,0.0,,,,,,,,,,,,,,,,,9.984375,0.1575925324496347,109.265625,1.7246394044136089,0.149765625,0.236388798674452,3.824296875,6.036237915447631,10.246689214122084,437999,,,0.0133234256255255,Information
742443,13837.0,1114.814386,USA,United States,Oklahoma,1.07494214,0.0,0.77,0.32,,,,,,,,,,,,,,,,,,,,,,,,,,40.47272124915934,21.4988428,0.0,,,,,,,,,,,,,,,,,7.171875,0.6433245827728941,125.71875,11.277101509783671,0.107578125,0.964986874159341,4.40015625,35.0,40.47272124915934,26130,,,0.2538301685299441,Advisory
742444,13838.0,2697.609204,USA,United States,Missouri,0.189509016,0.0,0.77,0.32,,,,,,,,,,,,,,,,,,,,,,,,,,4.944541874577053,3.79018032,0.0,,,,,,,,,,,,,,,,,0.140625,0.0052129492966225,29.953125,1.1103582001806054,0.002109375,0.0078194239449337,1.048359375,3.886253700632119,4.944541874577053,106803,,,0.0014975172036401,Information
742445,13839.0,271.3137198,USA,United States,Oklahoma,0.525871536,0.0,0.77,0.32,,,,,,,,,,,,,,,,,,,,,,,,,,36.39620889007527,10.51743072,0.0,,,,,,,,,,,,,,,,,0.421875,0.1554934267168497,33.046875,12.18031842615323,0.006328125,0.2332401400752745,1.156640625,35.0,36.39620889007527,1492,,,0.184172106752111,Advisory
742446,13840.0,6951.43571,USA,United States,Missouri,0.159071445,0.0,0.77,0.32,,,,,,,,,,,,,,,,,,,,,,,,,,3.235462840334157,3.1814289,0.0,,,,,,,,,,,,,,,,,0.84375,0.012137780383683,37.546875,0.5401312270738949,0.01265625,0.0182066705755244,1.314140625,1.8904592947586325,3.235462840334157,237565,,,0.0003385757446167,Information
742448,13842.0,1999.578389,USA,United States,Kansas,0.103155022,0.0,0.77,0.32,,,,,,,,,,,,,,,,,,,,,,,,,,3.675176895511593,2.06310044,0.0,,,,,,,,,,,,,,,,,1.125,0.0562618603079052,17.015625,0.8509606371570673,0.016875,0.0843927904618578,0.595546875,2.9783622300497354,3.675176895511593,13679,,,0.0005140497691237,Information
742449,13843.0,4924.783923,USA,United States,Kansas,0.599497102,0.0,0.77,0.32,,,,,,,,,,,,,,,,,,,,,,,,,,2.262965476001749,11.98994204,0.0,,,,,,,,,,,,,,,,,9.421875,0.1913155002676407,17.296875,0.3512209930286538,0.141328125,0.286973250401461,0.605390625,1.2292734756002883,2.262965476001749,24442,,,0.0001257267565433,Information
742450,13844.0,16.57408599,USA,United States,Oklahoma,3.59083368,0.0,0.77,0.32,,,,,,,,,,,,,,,,,,,,,,,,,,13.172974566914416,71.8166736,0.0,,,,,,,,,,,,,,,,,0.140625,0.8484630768977042,0.5625,3.3938523075908167,0.002109375,1.2726946153465564,0.0196875,11.87848307656786,13.172974566914416,43,,,0.2234590061793822,Information
742484,13850.0,1820.960078,USA,United States,Kansas,0.08263195,0.0,0.77,0.32,,,,,,,,,,,,,,,,,,,,,,,,,,4.874792323823074,1.652639,0.0,,,,,,,,,,,,,,,,,3.796875,0.208509513564088,19.828125,1.0888830152791265,0.056953125,0.312764270346132,0.693984375,3.811090553476943,4.874792323823074,2040,,,0.0013304027276563,Information
742485,13851.0,2980.672314,USA,United States,Kansas,0.011595823,0.0,0.77,0.32,,,,,,,,,,,,,,,,,,,,,,,,,,12.162552630810897,0.23191646,0.0,,,,,,,,,,,,,,,,,9.0,0.3019453012950137,75.9375,2.5476634796766784,0.135,0.4529179519425205,2.6578125,8.916822178868374,12.162552630810897,1121,,,0.0176680131865854,Information
742486,13852.0,3635.129675,USA,United States,Kansas,0.001884072,0.0,0.77,0.32,,,,,,,,,,,,,,,,,,,,,,,,,,4.900242967805672,0.03768144,0.0,,,,,,,,,,,,,,,,,2.109375,0.0580275035167761,36.421875,1.0019415607230022,0.031640625,0.0870412552751641,1.274765625,3.506795462530508,4.900242967805672,6940,,,0.0012827436919562,Information
742491,13857.0,5494.068541,USA,United States,Oklahoma,0.546140589,0.0,0.77,0.32,,,,,,,,,,,,,,,,,,,,,,,,,,6.827173851660457,10.92281178,0.0,,,,,,,,,,,,,,,,,2.25,0.0409532568263533,68.203125,1.2413955975488362,0.03375,0.0614298852395299,2.387109375,4.344884591420927,6.827173851660457,25068,,,0.0051056231744834,Information
742492,13858.0,17463.07521,USA,United States,Kansas,0.78196445,0.0,0.77,0.32,,,,,,,,,,,,,,,,,,,,,,,,,,1.1831634886881928,15.639289000000002,0.0,,,,,,,,,,,,,,,,,4.21875,0.0241581161881229,19.6875,0.1127378755445738,0.06328125,0.0362371742821843,0.6890625,0.3945825644060083,1.1831634886881928,47171,,,9.9099530557603e-06,Information
742494,13860.0,6885.541613,USA,United States,Kansas,1.199084003,0.0,0.77,0.32,,,,,,,,,,,,,,,,,,,,,,,,,,0.5103888039005569,23.98168006,0.0,,,,,,,,,,,,,,,,,3.375,0.0490157519838741,4.5,0.0653543359784988,0.050625,0.0735236279758111,0.1575,0.2287401759247457,0.5103888039005569,6768,,,2.814102945027524e-07,Information
742495,13861.0,19678.53323,USA,United States,Kansas,1.226471584,0.0,0.77,0.32,,,,,,,,,,,,,,,,,,,,,,,,,,0.21208611875963,24.52943168,0.0,,,,,,,,,,,,,,,,,0.84375,0.0042876671255778,3.65625,0.0185798908775038,0.01265625,0.0064315006883667,0.12796875,0.0650296180712633,0.21208611875963,73914,,,2.1205354244050507e-09,Information
742498,13864.0,9034.31022,USA,United States,Colorado,0.901592861,0.0,0.77,0.32,,,,,,,,,,,,,,,,,,,,,,,,,,0.2636906227958574,18.03185722,0.0,,,,,,,,,,,,,,,,,1.125,0.0124525278917624,3.09375,0.0342444517023468,0.016875,0.0186787918376436,0.10828125,0.1198555809582138,0.2636906227958574,16275,,,4.753169825828483e-09,Information
742521,13867.0,5862.23988,USA,United States,Arkansas,0.647214986,0.0,0.77,0.32,,,,,,,,,,,,,,,,,,,,,,,,,,22.221650372980115,12.94429972,0.0,,,,,,,,,,,,,,,,,39.234375,0.6692727661064132,217.828125,3.715783206805856,0.588515625,1.0039091491596197,7.623984375,13.005241223820496,22.221650372980115,20920,,,0.0860509460809286,Information
742522,13868.0,4908.480968,USA,United States,Arkansas,0.171442361,0.0,0.77,0.32,,,,,,,,,,,,,,,,,,,,,,,,,,7.9294629248128015,3.42884722,0.0,,,,,,,,,,,,,,,,,15.890625,0.3237381402525432,67.78125,1.3809007398382818,0.238359375,0.4856072103788148,2.37234375,4.833152589433986,7.9294629248128015,44493,,,0.0062150176216708,Information
742524,13870.0,4596.783059,USA,United States,Arkansas,1.62821341,0.0,0.77,0.32,,,,,,,,,,,,,,,,,,,,,,,,,,10.949294744189888,32.5642682,0.0,,,,,,,,,,,,,,,,,6.75,0.1468418220722327,95.625,2.0802591460232964,0.10125,0.220262733108349,3.346875,7.2809070110815375,10.949294744189888,54998,,,0.034539711029836,Information
742528,13874.0,4789.876411,USA,United States,Missouri,0.264123985,0.0,0.77,0.32,,,,,,,,,,,,,,,,,,,,,,,,,,7.362080580399242,5.2824797,0.0,,,,,,,,,,,,,,,,,0.140625,0.0029358795077553,68.0625,1.4209656817536025,0.002109375,0.0044038192616329,2.3821875,4.973379886137609,7.362080580399242,16747,,,0.0053161599844189,Information
742540,13877.0,20922.16658,USA,United States,Arkansas,1.335570458,0.0,0.77,0.32,,,,,,,,,,,,,,,,,,,,,,,,,,14.830309198610722,26.71140916,0.0,,,,,,,,,,,,,,,,,60.609375,0.2896897640636566,260.71875,1.246136479290068,0.909140625,0.4345346460954848,9.12515625,4.3614776775152375,14.830309198610722,327672,,,0.0550513234911562,Information
742560,13879.0,6733.919503,USA,United States,Tennessee,0.695128326,0.0,0.77,0.32,,,,,,,,,,,,,,,,,,,,,,,,,,5.0583731416056725,13.90256652,0.0,,,,,,,,,,,,,,,,,17.578125,0.261038537703426,50.625,0.7517909885858668,0.263671875,0.391557806555139,1.771875,2.6312684600505336,5.0583731416056725,89237,,,0.0022953420582391,Information
742570,13880.0,800.168994,USA,United States,Tennessee,0.307084269,0.0,0.77,0.32,,,,,,,,,,,,,,,,,,,,,,,,,,44.80600693680279,6.14168538,0.0,,,,,,,,,,,,,,,,,29.8125,3.725775457868527,107.71875,13.46200000343062,0.4471875,5.588663186802791,3.77015625,35.0,44.80600693680279,7610,,,0.2298186737991255,Advisory
742580,13881.0,11841.36995,USA,United States,Tennessee,0.201092026,0.0,0.77,0.32,,,,,,,,,,,,,,,,,,,,,,,,,,6.219989329067779,4.0218405200000005,0.0,,,,,,,,,,,,,,,,,39.09375,0.3301454997835041,79.59375,0.6721667369692924,0.58640625,0.4952182496752562,2.78578125,2.3525835793925234,6.219989329067779,235799,,,0.0031062222271187,Information
742622,13885.0,9070.791163,USA,United States,Tennessee,0.317860182,0.0,0.77,0.32,,,,,,,,,,,,,,,,,,,,,,,,,,4.418572618284131,6.35720364,0.0,,,,,,,,,,,,,,,,,16.734375,0.1844863882240291,52.875,0.5829149745565961,0.251015625,0.2767295823360436,1.850625,2.0402024109480865,4.418572618284131,271705,,,0.0011302999899431,Information
742624,13887.0,7010.376752,USA,United States,North Carolina,1.117389459,0.0,0.77,0.32,,,,,,,,,,,,,,,,,,,,,,,,,,15.056354375424366,22.34778918,0.0,,,,,,,,,,,,,,,,,28.125,0.4011909915206512,165.234375,2.3569970751838256,0.421875,0.6017864872809768,5.783203125,8.249489763143389,15.056354375424366,215153,,,0.0504568673711007,Information
742628,13891.0,13287.63753,USA,United States,North Carolina,0.756507845,0.0,0.77,0.32,,,,,,,,,,,,,,,,,,,,,,,,,,8.683893157802721,15.1301569,0.0,,,,,,,,,,,,,,,,,55.6875,0.4190925579650568,117.703125,0.8858092702443245,0.8353125,0.6286388369475852,4.119609375,3.100332445855136,8.683893157802721,613475,,,0.0113142608239538,Information
742629,13892.0,9782.03864,USA,United States,Tennessee,1.022627824,0.0,0.77,0.32,,,,,,,,,,,,,,,,,,,,,,,,,,20.353318302383222,20.45255648,0.0,,,,,,,,,,,,,,,,,165.65625,1.6934736827871226,216.5625,2.213879008057868,2.48484375,2.540210524180684,7.5796875,7.748576528202538,20.353318302383222,538303,,,0.0864239768080237,Information
742630,13893.0,107.8589952,USA,United States,Illinois,1.541833188,0.0,0.77,0.32,,,,,,,,,,,,,,,,,,,,,,,,,,50.75375,30.83666376,0.0,,,,,,,,,,,,,,,,,13.5,12.516341334202908,15.75,14.602398223236726,0.2025,15.0,0.55125,35.0,50.75375,1406,,,0.3784761611954207,Advisory
742642,13895.0,3722.080458,USA,United States,Tennessee,0.20232818,0.0,0.77,0.32,,,,,,,,,,,,,,,,,,,,,,,,,,0.2332970535493477,4.0465636,0.0,,,,,,,,,,,,,,,,,2.25,0.0604500634842125,0.84375,0.0226687738065797,0.03375,0.0906750952263187,0.02953125,0.0793407083230289,0.2332970535493477,267403,,,8.758335389392568e-10,Information
742643,13896.0,4555.023799,USA,United States,Tennessee,1.208749483,0.0,0.77,0.32,,,,,,,,,,,,,,,,,,,,,,,,,,2.1209322876363523,24.17498966,0.0,,,,,,,,,,,,,,,,,3.234375,0.0710067640161781,17.578125,0.3859063261748814,0.048515625,0.1065101460242671,0.615234375,1.350672141612085,2.1209322876363523,873545,,,0.0001740644387662,Information
742644,13897.0,2464.926542,USA,United States,Tennessee,0.124917003,0.0,0.77,0.32,,,,,,,,,,,,,,,,,,,,,,,,,,9.230452038998012,2.49834006,0.0,,,,,,,,,,,,,,,,,5.203125,0.2110864121286028,49.921875,2.025288548801459,0.078046875,0.3166296181929042,1.747265625,7.088509920805107,9.230452038998012,514702,,,0.0092026627795239,Information
742646,13899.0,6704.254909,USA,United States,Tennessee,0.312694893,0.0,0.77,0.32,,,,,,,,,,,,,,,,,,,,,,,,,,8.76124821316219,6.25389786,0.0,,,,,,,,,,,,,,,,,20.8125,0.3104371817828451,91.546875,1.3655040901394064,0.3121875,0.4656557726742676,3.204140625,4.779264315487922,8.76124821316219,136620,,,0.008887989601582,Information
742648,13901.0,3587.315219,USA,United States,Tennessee,0.538961457,0.0,0.77,0.32,,,,,,,,,,,,,,,,,,,,,,,,,,0.9400941627834184,10.77922914,0.0,,,,,,,,,,,,,,,,,1.125,0.0313605002961323,6.609375,0.1842429392397772,0.016875,0.0470407504441984,0.231328125,0.6448502873392201,0.9400941627834184,28036,,,2.645708451164401e-06,Information
742649,13902.0,8966.111165,USA,United States,Kentucky,1.340092711,0.0,0.77,0.32,,,,,,,,,,,,,,,,,,,,,,,,,,3.281045254649216,26.801854220000003,0.0,,,,,,,,,,,,,,,,,11.53125,0.128609268704656,39.375,0.4391536004549232,0.17296875,0.192913903056984,1.378125,1.5370376015922311,3.281045254649216,176130,,,0.0009513692528529,Information
742650,13903.0,8298.36401,USA,United States,Illinois,1.590629117,0.0,0.77,0.32,,,,,,,,,,,,,,,,,,,,,,,,,,22.24712816677927,31.81258234,0.0,,,,,,,,,,,,,,,,,151.875,1.830180018833593,223.171875,2.689347861008252,2.278125,2.7452700282503897,7.811015625,9.412717513528882,22.24712816677927,82951,,,0.1313468400163753,Information
742661,13904.0,157.117972,USA,United States,Illinois,3.2078965,0.0,0.77,0.32,,,,,,,,,,,,,,,,,,,,,,,,,,45.38564302047608,64.15793,0.0,,,,,,,,,,,,,,,,,9.984375,6.354699513650723,20.109375,12.798901837352869,0.149765625,9.532049270476085,0.703828125,35.0,45.38564302047608,53,,,0.5933121734240612,Advisory
742662,13905.0,8349.138517,USA,United States,Illinois,0.361322649,0.0,0.77,0.32,,,,,,,,,,,,,,,,,,,,,,,,,,7.746477383412204,7.226452979999999,0.0,,,,,,,,,,,,,,,,,14.484375,0.1734834674312615,94.5,1.1318533020758033,0.217265625,0.2602252011468922,3.3075,3.961486557265312,7.746477383412204,90705,,,0.0065154564322299,Information
742665,13908.0,685.8643658,USA,United States,Illinois,1.690710293,0.0,0.77,0.32,,,,,,,,,,,,,,,,,,,,,,,,,,6.123726213675005,33.81420586,0.0,,,,,,,,,,,,,,,,,2.25,0.3280532000672633,10.265625,1.4967427253068888,0.03375,0.4920798001008949,0.359296875,5.23859953857411,6.123726213675005,4949,,,0.0086493897345211,Information
742666,13909.0,6152.784093,USA,United States,Illinois,0.173722527,0.0,0.77,0.32,,,,,,,,,,,,,,,,,,,,,,,,,,1.369658060220502,3.47445054,0.0,,,,,,,,,,,,,,,,,7.875,0.1279908392785663,11.53125,0.1874151575150436,0.118125,0.1919862589178494,0.40359375,0.6559530513026526,1.369658060220502,114111,,,1.044093616061518e-05,Information
742668,13911.0,5078.324021,USA,United States,Indiana,0.970699296,0.0,0.77,0.32,,,,,,,,,,,,,,,,,,,,,,,,,,5.290196631010081,19.41398592,0.0,,,,,,,,,,,,,,,,,3.9375,0.0775354227847531,49.21875,0.9691927848094148,0.0590625,0.1163031341771296,1.72265625,3.392174746832952,5.290196631010081,122417,,,0.0032300070883999,Information
742669,13912.0,11544.02893,USA,United States,Indiana,1.062299809,0.0,0.77,0.32,,,,,,,,,,,,,,,,,,,,,,,,,,4.646521850121858,21.24599618,0.0,,,,,,,,,,,,,,,,,16.03125,0.1388704940208369,64.265625,0.5567001383116007,0.24046875,0.2083057410312553,2.249296875,1.9484504840906025,4.646521850121858,391863,,,0.0023258718063816,Information
742672,13914.0,23810.15976,USA,United States,Kentucky,0.307890269,0.0,0.77,0.32,,,,,,,,,,,,,,,,,,,,,,,,,,10.360704088610662,6.15780538,0.0,,,,,,,,,,,,,,,,,100.546875,0.4222855958334053,165.375,0.6945564485315869,1.508203125,0.633428393750108,5.788125,2.430947569860554,10.360704088610662,559311,,,0.0137764409429256,Information
742674,13916.0,18109.57382,USA,United States,Kentucky,0.327248791,0.0,0.77,0.32,,,,,,,,,,,,,,,,,,,,,,,,,,3.0667960189584536,6.54497582,0.0,,,,,,,,,,,,,,,,,28.6875,0.1584106853149641,44.15625,0.2438282117102879,0.4303125,0.2376160279724461,1.54546875,0.8533987409860077,3.0667960189584536,822170,,,0.0003167544520654,Information
742679,13921.0,24914.62392,USA,United States,West Virginia,1.773193265,0.0,0.77,0.32,,,,,,,,,,,,,,,,,,,,,,,,,,6.266754591004641,35.4638653,0.0,,,,,,,,,,,,,,,,,76.640625,0.3076130116658898,94.921875,0.3809885924302305,1.149609375,0.4614195174988347,3.322265625,1.3334600735058066,6.266754591004641,552279,,,0.0098512219621403,Information
742681,13923.0,2136.552296,USA,United States,West Virginia,1.870153172,0.0,0.77,0.32,,,,,,,,,,,,,,,,,,,,,,,,,,0.8986630017589758,37.40306344,0.0,,,,,,,,,,,,,,,,,2.671875,0.125055445852627,3.375,0.1579647737085815,0.040078125,0.1875831687789405,0.118125,0.5528767079800353,0.8986630017589758,75744,,,1.0999903439381746e-05,Information
742682,13924.0,2313.761389,USA,United States,West Virginia,1.032893265,0.0,0.77,0.32,,,,,,,,,,,,,,,,,,,,,,,,,,0.523881110817555,20.6578653,0.0,,,,,,,,,,,,,,,,,1.96875,0.085088722163511,1.96875,0.085088722163511,0.02953125,0.1276330832452665,0.06890625,0.2978105275722885,0.523881110817555,35519,,,2.580081636660962e-07,Information
742684,13926.0,4001.218555,USA,United States,West Virginia,2.991538791,0.0,0.77,0.32,,,,,,,,,,,,,,,,,,,,,,,,,,0.8537595513982139,59.83077582,0.0,,,,,,,,,,,,,,,,,4.78125,0.119494847248065,4.921875,0.1230094015788904,0.07171875,0.1792422708720975,0.172265625,0.4305329055261164,0.8537595513982139,29467,,,5.876859220337124e-05,Information
742686,13928.0,3625.751139,USA,United States,West Virginia,0.710978212,0.0,0.77,0.32,,,,,,,,,,,,,,,,,,,,,,,,,,3.181423519456321,14.21956424,0.0,,,,,,,,,,,,,,,,,15.75,0.4343927478058272,17.4375,0.4809348279278801,0.23625,0.6515891217087408,0.6103125,1.6832718977475805,3.181423519456321,24930,,,0.000493051006259,Information
742687,13929.0,1776.589972,USA,United States,West Virginia,0.399289389,0.0,0.77,0.32,,,,,,,,,,,,,,,,,,,,,,,,,,1.3236806729265904,7.98578778,0.0,,,,,,,,,,,,,,,,,3.796875,0.2137170117536475,4.078125,0.2295479015131769,0.056953125,0.3205755176304712,0.142734375,0.8034176552961191,1.3236806729265904,72459,,,1.110021866659448e-05,Information
742688,13930.0,3997.508606,USA,United States,West Virginia,2.179931341,0.0,0.77,0.32,,,,,,,,,,,,,,,,,,,,,,,,,,0.147721981985096,43.59862682,0.0,,,,,,,,,,,,,,,,,0.84375,0.0211068963970192,0.84375,0.0211068963970192,0.01265625,0.0316603445955288,0.02953125,0.0738741373895671,0.147721981985096,26706,,,1.3829867349785736e-09,Information
742689,13931.0,11874.09684,USA,United States,Virginia,0.231617447,0.0,0.77,0.32,,,,,,,,,,,,,,,,,,,,,,,,,,3.41952679109267,4.63234894,0.0,,,,,,,,,,,,,,,,,35.15625,0.2960751498281572,37.96875,0.3197611618144097,0.52734375,0.4441127247422358,1.32890625,1.119164066350434,3.41952679109267,308648,,,0.000436987004469,Information
742691,13932.0,6621.770653,USA,United States,Ohio,1.016721634,0.0,0.77,0.32,,,,,,,,,,,,,,,,,,,,,,,,,,6.276209659435157,20.33443268,0.0,,,,,,,,,,,,,,,,,41.34375,0.6243609476231362,53.71875,0.8112444965715578,0.62015625,0.9365414214347044,1.88015625,2.8393557380004526,6.276209659435157,219867,,,0.0055256702299082,Information
742692,13933.0,5988.488479,USA,United States,West Virginia,2.295279925,0.0,0.77,0.32,,,,,,,,,,,,,,,,,,,,,,,,,,1.0268572082505265,45.9055985,0.0,,,,,,,,,,,,,,,,,7.59375,0.126805787917837,7.734375,0.1291540432496488,0.11390625,0.1902086818767555,0.270703125,0.4520391513737708,1.0268572082505265,62263,,,3.681695439962661e-05,Information
742693,13934.0,148.126047,USA,United States,West Virginia,2.045496101,0.0,0.77,0.32,,,,,,,,,,,,,,,,,,,,,,,,,,14.403172026861832,40.90992202,0.0,,,,,,,,,,,,,,,,,1.546875,1.0442964158560546,5.34375,3.6075694365936433,0.023203125,1.566444623784082,0.18703125,12.626493028077752,14.403172026861832,28967,,,0.0790317410050271,Information
742696,13937.0,8132.548058,USA,United States,Pennsylvania,0.217419096,0.0,0.77,0.32,,,,,,,,,,,,,,,,,,,,,,,,,,8.99706718070589,4.3483819200000005,0.0,,,,,,,,,,,,,,,,,47.53125,0.5844570441988467,94.921875,1.1671849255450342,0.71296875,0.87668556629827,3.322265625,4.08514723940762,8.99706718070589,827269,,,0.0090439466749651,Information
742697,13938.0,1305.486688,USA,United States,Pennsylvania,0.233115131,0.0,0.77,0.32,,,,,,,,,,,,,,,,,,,,,,,,,,3.0993251290561297,4.66230262,0.0,,,,,,,,,,,,,,,,,4.5,0.3446990339088257,8.296875,0.6355388437693975,0.0675,0.5170485508632385,0.290390625,2.224385953192891,3.0993251290561297,544207,,,0.0003059986561358,Information
742698,13939.0,19034.95111,USA,United States,West Virginia,0.795018412,0.0,0.77,0.32,,,,,,,,,,,,,,,,,,,,,,,,,,2.916158201646865,15.90036824,0.0,,,,,,,,,,,,,,,,,24.75,0.1300239746155559,44.015625,0.2312358184924375,0.37125,0.1950359619233338,1.540546875,0.8093253647235312,2.916158201646865,1174916,,,0.0003872719165936,Information
742702,13942.0,3269.05097,USA,United States,Missouri,0.919448146,0.0,0.77,0.32,,,,,,,,,,,,,,,,,,,,,,,,,,1.2757284278234529,18.38896292,0.0,,,,,,,,,,,,,,,,,2.25,0.0688273147435134,8.015625,0.2451973087737665,0.03375,0.1032409721152701,0.280546875,0.8581905807081828,1.2757284278234529,39918,,,1.6020915079659575e-05,Information
742703,13943.0,1035.706387,USA,United States,Missouri,0.685375215,0.0,0.77,0.32,,,,,,,,,,,,,,,,,,,,,,,,,,27.053503231986262,13.7075043,0.0,,,,,,,,,,,,,,,,,29.8125,2.878470228568866,59.765625,5.7705181468951325,0.4471875,4.3177053428533,2.091796875,20.196813514132963,27.053503231986262,48246,,,0.1230394411204184,Information
742704,13944.0,6136.884803,USA,United States,Illinois,0.307320086,0.0,0.77,0.32,,,,,,,,,,,,,,,,,,,,,,,,,,17.985720051467062,6.14640172,0.0,,,,,,,,,,,,,,,,,60.609375,0.9876244535736646,169.453125,2.761223820316162,0.909140625,1.4814366803604968,5.930859375,9.664283371106569,17.985720051467062,189784,,,0.049251173902291,Information
742707,13947.0,2184.807109,USA,United States,Missouri,0.210765189,0.0,0.77,0.32,,,,,,,,,,,,,,,,,,,,,,,,,,19.638233442424657,4.21530378,0.0,,,,,,,,,,,,,,,,,23.765625,1.0877676524639646,90.421875,4.13866627535106,0.356484375,1.6316514786959468,3.164765625,14.48533196372871,19.638233442424657,138545,,,0.0565258292080233,Information
742708,13948.0,10234.54265,USA,United States,Missouri,0.479258264,0.0,0.77,0.32,,,,,,,,,,,,,,,,,,,,,,,,,,3.676911430409208,9.58516528,0.0,,,,,,,,,,,,,,,,,18.984375,0.1854931445975372,45.0,0.4396874538608291,0.284765625,0.2782397168963058,1.575,1.5389060885129018,3.676911430409208,483602,,,0.0006815912745144,Information
742826,13956.0,6700.43415,USA,United States,Illinois,0.89508915,0.0,0.77,0.32,,,,,,,,,,,,,,,,,,,,,,,,,,15.008386884214575,17.901783000000002,0.0,,,,,,,,,,,,,,,,,2.109375,0.0314811690245723,171.140625,2.5541721801936337,0.031640625,0.0472217535368584,5.989921875,8.939602630677719,15.008386884214575,1887629,,,0.044630665086401,Information
742828,13958.0,5738.222858,USA,United States,Illinois,1.157804512,0.0,0.77,0.32,,,,,,,,,,,,,,,,,,,,,,,,,,0.6518197565177697,23.15609024,0.0,,,,,,,,,,,,,,,,,0.421875,0.0073520149085994,6.609375,0.1151815669013916,0.006328125,0.0110280223628991,0.231328125,0.4031354841548706,0.6518197565177697,55391,,,9.222120323106796e-07,Information
742829,13959.0,6157.226554,USA,United States,Indiana,0.852947332,0.0,0.77,0.32,,,,,,,,,,,,,,,,,,,,,,,,,,6.337835490555904,17.05894664,0.0,,,,,,,,,,,,,,,,,6.46875,0.1050594767485132,66.234375,1.0757176858380382,0.09703125,0.1575892151227698,2.318203125,3.7650119004331337,6.337835490555904,322607,,,0.0050615932977295,Information
742848,13968.0,3483.135137,USA,United States,Iowa,0.911642322,0.0,0.77,0.32,,,,,,,,,,,,,,,,,,,,,,,,,,3.7996056171913057,18.23284644,0.0,,,,,,,,,,,,,,,,,12.9375,0.3714326171656162,22.5,0.6459697689836804,0.1940625,0.5571489257484243,0.7875,2.260894191442881,3.7996056171913057,15994,,,0.0010739608153065,Information
742849,13969.0,6166.138094,USA,United States,Minnesota,0.99347039,0.0,0.77,0.32,,,,,,,,,,,,,,,,,,,,,,,,,,10.93335630231858,19.8694078,0.0,,,,,,,,,,,,,,,,,46.6875,0.7571594941391901,99.140625,1.6078236246027982,0.7003125,1.1357392412087852,3.469921875,5.627382686109794,10.93335630231858,49848,,,0.0231943420381587,Information
742862,13972.0,11438.17891,USA,United States,Iowa,0.358697833,0.0,0.77,0.32,,,,,,,,,,,,,,,,,,,,,,,,,,4.463532919950968,7.17395666,0.0,,,,,,,,,,,,,,,,,0.28125,0.0024588704398594,67.921875,0.5938172112260511,0.00421875,0.0036883056597891,2.377265625,2.078360239291179,4.463532919950968,255247,,,0.001203529465551,Information
742868,13978.0,1371.621361,USA,United States,Iowa,0.431252946,0.0,0.77,0.32,,,,,,,,,,,,,,,,,,,,,,,,,,6.925276709342403,8.62505892,0.0,,,,,,,,,,,,,,,,,0.5625,0.0410098599955717,23.625,1.722414119814013,0.0084375,0.0615147899933575,0.826875,6.028449419349045,6.925276709342403,25948,,,0.0049429739282988,Information
742871,13980.0,1080.587092,USA,United States,Illinois,1.349457321,0.0,0.77,0.32,,,,,,,,,,,,,,,,,,,,,,,,,,41.1247550135059,26.98914642,0.0,,,,,,,,,,,,,,,,,0.140625,0.0130137590039322,174.375,16.137061164875956,0.002109375,0.0195206385058983,6.103125,35.0,41.1247550135059,51313,,,0.2829846256097666,Advisory
742875,13984.0,27664.36032,USA,United States,Minnesota,0.611734244,0.0,0.77,0.32,,,,,,,,,,,,,,,,,,,,,,,,,,21.25274542198774,12.23468488,0.0,,,,,,,,,,,,,,,,,0.84375,0.0030499530455318,445.640625,1.6108835335484124,0.01265625,0.0045749295682977,15.597421875,5.638092367419444,21.25274542198774,554757,,,0.0780690666710419,Information
742877,13986.0,6564.208316,USA,United States,Minnesota,0.649355818,0.0,0.77,0.32,,,,,,,,,,,,,,,,,,,,,,,,,,15.567486526880309,12.98711636,0.0,,,,,,,,,,,,,,,,,31.640625,0.4820173808520787,162.703125,2.4786404873149115,0.474609375,0.723026071278118,5.694609375,8.67524170560219,15.567486526880309,351776,,,0.0426370582314072,Information
742882,13990.0,9261.522678,USA,United States,Minnesota,0.401543238,0.0,0.77,0.32,,,,,,,,,,,,,,,,,,,,,,,,,,12.701663023742238,8.03086476,0.0,,,,,,,,,,,,,,,,,54.421875,0.5876126085512885,151.171875,1.6322572459758014,0.816328125,0.8814189128269327,5.291015625,5.712900360915305,12.701663023742238,79198,,,0.0238674942151922,Information
742883,13991.0,1563.769961,USA,United States,Minnesota,1.150822696,0.0,0.77,0.32,,,,,,,,,,,,,,,,,,,,,,,,,,7.092077737431547,23.016453920000004,0.0,,,,,,,,,,,,,,,,,5.203125,0.3327295656671074,25.171875,1.6096916825516818,0.078046875,0.499094348500661,0.881015625,5.633920888930886,7.092077737431547,14698,,,0.0085485397626865,Information
742884,13992.0,3148.261102,USA,United States,Minnesota,0.907338788,0.0,0.77,0.32,,,,,,,,,,,,,,,,,,,,,,,,,,2.510708141326384,18.14677576,0.0,,,,,,,,,,,,,,,,,3.65625,0.1161355390046455,15.609375,0.495809416519833,0.05484375,0.1742033085069682,0.546328125,1.7353329578194154,2.510708141326384,18538,,,0.0002466551035737,Information
742885,13993.0,9031.771215,USA,United States,Minnesota,0.911436471,0.0,0.77,0.32,,,,,,,,,,,,,,,,,,,,,,,,,,8.723818502126651,18.22872942,0.0,,,,,,,,,,,,,,,,,33.1875,0.3674528418824354,104.0625,1.1521826398008568,0.4978125,0.551179262823653,3.6421875,4.032639239302998,8.723818502126651,81574,,,0.0126148020857761,Information
742887,13995.0,123.4346633,USA,United States,Minnesota,1.150830751,0.0,0.77,0.32,,,,,,,,,,,,,,,,,,,,,,,,,,7.381306800540118,23.01661502,0.0,,,,,,,,,,,,,,,,,0.421875,0.3417800062753179,2.390625,1.9367533688934688,0.006328125,0.5126700094129768,0.083671875,6.778636791127141,7.381306800540118,183,,,0.0095227569305909,Information
742888,13996.0,2486.864165,USA,United States,Minnesota,0.059724386,0.0,0.77,0.32,,,,,,,,,,,,,,,,,,,,,,,,,,7.98947821304815,1.19448772,0.0,,,,,,,,,,,,,,,,,12.234375,0.4919599217058675,40.21875,1.6172475587112427,0.183515625,0.7379398825588013,1.40765625,5.660366455489349,7.98947821304815,6706,,,0.0059511474953648,Information
742891,13998.0,2017.16402,USA,United States,Minnesota,0.585897828,0.0,0.77,0.32,,,,,,,,,,,,,,,,,,,,,,,,,,39.634762409084175,11.71795656,0.0,,,,,,,,,,,,,,,,,8.4375,0.4182852715166033,186.46875,9.244104500516933,0.1265625,0.6274279072749049,6.52640625,32.35436575180927,39.634762409084175,1453685,,,0.2116149891019672,Advisory
742894,14001.0,7145.40703,USA,United States,Minnesota,1.298649928,0.0,0.77,0.32,,,,,,,,,,,,,,,,,,,,,,,,,,34.539308576157175,25.97299856,0.0,,,,,,,,,,,,,,,,,70.734375,0.9899278613527802,380.953125,5.331440509750859,1.061015625,1.4848917920291704,13.333359375,18.660041784128005,34.539308576157175,188115,,,0.2229309826876763,Information
742895,14002.0,10232.50497,USA,United States,Minnesota,1.508697433,0.0,0.77,0.32,,,,,,,,,,,,,,,,,,,,,,,,,,36.51275180487918,30.17394866,0.0,,,,,,,,,,,,,,,,,36.703125,0.3586914946273058,511.875,5.00244076798235,0.550546875,0.5380372419409587,17.915625,17.508542687938224,36.51275180487918,395249,,,0.2583807220068559,Advisory
742896,14003.0,9688.783067,USA,United States,Minnesota,0.584860845,0.0,0.77,0.32,,,,,,,,,,,,,,,,,,,,,,,,,,38.89575547502338,11.6972169,0.0,,,,,,,,,,,,,,,,,11.109375,0.1146622328467303,542.109375,5.595226678786652,0.166640625,0.1719933492700954,18.973828125,19.58329337575328,38.89575547502338,79441,,,0.2061404081771821,Advisory
742898,14005.0,3339.334335,USA,United States,Minnesota,0.276986197,0.0,0.77,0.32,,,,,,,,,,,,,,,,,,,,,,,,,,52.05723030110266,5.53972394,0.0,,,,,,,,,,,,,,,,,68.0625,2.038205617401774,370.828125,11.104851679934873,1.0209375,3.057308426102661,12.978984375,35.0,52.05723030110266,5999,,,0.2756424990132674,Advisory
742899,14006.0,4022.172718,USA,United States,Minnesota,0.652523663,0.0,0.77,0.32,,,,,,,,,,,,,,,,,,,,,,,,,,34.449830172854334,13.05047326,0.0,,,,,,,,,,,,,,,,,0.5625,0.0139849787521584,282.09375,7.013466844207455,0.0084375,0.0209774681282376,9.87328125,24.54713395472609,34.449830172854334,31366,,,0.1772687964123003,Information
742912,14009.0,9343.860332,USA,United States,Missouri,0.177610734,0.0,0.77,0.32,,,,,,,,,,,,,,,,,,,,,,,,,,2.345011030231829,3.55221468,0.0,,,,,,,,,,,,,,,,,3.65625,0.0391299727324985,30.796875,0.3295947703237377,0.05484375,0.0586949590987477,1.077890625,1.1535816961330818,2.345011030231829,103021,,,0.0001009162764838,Information
742913,14010.0,1920.766711,USA,United States,Missouri,0.136326453,0.0,0.77,0.32,,,,,,,,,,,,,,,,,,,,,,,,,,9.238106539924404,2.72652906,0.0,,,,,,,,,,,,,,,,,2.109375,0.1098194272308607,41.625,2.167103364022318,0.031640625,0.164729140846291,1.456875,7.584861774078114,9.238106539924404,27538,,,0.0092815761134635,Information
742916,14013.0,6853.549249,USA,United States,Missouri,0.078918548,0.0,0.77,0.32,,,,,,,,,,,,,,,,,,,,,,,,,,3.5307267997313625,1.57837096,0.0,,,,,,,,,,,,,,,,,0.5625,0.0082074262477232,40.78125,0.5950384029599365,0.0084375,0.0123111393715848,1.42734375,2.082634410359778,3.5307267997313625,118939,,,0.0004377412204328,Information
742917,14014.0,8877.020558,USA,United States,Missouri,0.363663948,0.0,0.77,0.32,,,,,,,,,,,,,,,,,,,,,,,,,,15.928346329251577,7.273278960000001,0.0,,,,,,,,,,,,,,,,,4.21875,0.047524391462977,212.203125,2.3904768905877454,0.06328125,0.0712865871944655,7.427109375,8.366669117057109,15.928346329251577,43223,,,0.0390721401672195,Information
742923,14019.0,1404.837143,USA,United States,Kansas,2.4298239,0.0,0.77,0.32,,,,,,,,,,,,,,,,,,,,,,,,,,1.0046350236140749,48.596478000000005,0.0,,,,,,,,,,,,,,,,,1.6875,0.1201206850382829,2.8125,0.2002011417304716,0.0253125,0.1801810275574243,0.0984375,0.7007039960566506,1.0046350236140749,56860,,,4.1584082586195234e-05,Information
742932,14027.0,6302.745761,USA,United States,Missouri,0.086667936,0.0,0.77,0.32,,,,,,,,,,,,,,,,,,,,,,,,,,3.621052042835684,1.73335872,0.0,,,,,,,,,,,,,,,,,0.140625,0.0022311704347922,39.9375,0.6336524034809988,0.002109375,0.0033467556521882,1.3978125,2.217783412183496,3.621052042835684,107922,,,0.000481841765044,Information
742934,14029.0,4671.667331,USA,United States,Iowa,0.133915257,0.0,0.77,0.32,,,,,,,,,,,,,,,,,,,,,,,,,,1.0422744708483354,2.67830514,0.0,,,,,,,,,,,,,,,,,0.140625,0.0030101672493573,9.421875,0.2016812057069427,0.002109375,0.0045152508740359,0.329765625,0.7058842199742994,1.0422744708483354,15434,,,2.8581943102363187e-06,Information
742935,14030.0,2126.010178,USA,United States,Missouri,0.214786339,0.0,0.77,0.32,,,,,,,,,,,,,,,,,,,,,,,,,,5.426039181059595,4.29572678,0.0,,,,,,,,,,,,,,,,,6.328125,0.2976526201370019,24.46875,1.1509234645297408,0.094921875,0.4464789302055028,0.85640625,4.0282321258540925,5.426039181059595,6555,,,0.0020520116762205,Information
742936,14031.0,4995.870052,USA,United States,Nebraska,0.234668857,0.0,0.77,0.32,,,,,,,,,,,,,,,,,,,,,,,,,,0.4664287893100737,4.69337714,0.0,,,,,,,,,,,,,,,,,0.84375,0.0168889500982845,4.078125,0.081629925475042,0.01265625,0.0253334251474267,0.142734375,0.285704739162647,0.4664287893100737,19538,,,5.195519101158457e-08,Information
742938,14033.0,7693.973821,USA,United States,Iowa,0.411781297,0.0,0.77,0.32,,,,,,,,,,,,,,,,,,,,,,,,,,0.4656929932432495,8.23562594,0.0,,,,,,,,,,,,,,,,,1.6875,0.0219327494369374,5.0625,0.0657982483108124,0.0253125,0.0328991241554061,0.1771875,0.2302938690878433,0.4656929932432495,50921,,,6.338576333202987e-08,Information
742943,14038.0,3026.298557,USA,United States,Nebraska,2.273438213,0.0,0.77,0.32,,,,,,,,,,,,,,,,,,,,,,,,,,9.999581755433846,45.46876426,0.0,,,,,,,,,,,,,,,,,1.96875,0.0650547182663885,65.53125,2.165392765152647,0.02953125,0.0975820773995827,2.29359375,7.578874678034264,9.999581755433846,41804,,,0.04492112745693,Information
742948,14043.0,11964.13861,USA,United States,Wyoming,0.294617876,0.0,0.77,0.32,,,,,,,,,,,,,,,,,,,,,,,,,,3.572986419245598,5.89235752,0.0,,,,,,,,,,,,,,,,,9.984375,0.0834525186173681,51.328125,0.4290164689484417,0.149765625,0.1251787779260521,1.796484375,1.501557641319546,3.572986419245598,43456,,,0.0005357685372654,Information
743004,14094.0,12077.59036,USA,United States,Louisiana,3.119659215,3.211429556,0.77,0.32,,,,,,,,,,,,,,,,,,,,,,,,,,70.26787430679343,62.3931843,64.22859112,3.0,,,,,,,,,,,,,,,,127.40625,1.0548979243051069,1096.453125,9.078409620095936,1.91109375,1.5823468864576604,35.0,31.77443367033577,70.26787430679343,411706,3163.0,0.7682666757346261,0.750214775760659,Watch
743008,14098.0,10198.9582,USA,United States,Louisiana,1.544042189,2.609063681,0.77,0.32,,,,,,,,,,,,,,,,,,,,,,,,,,60.94284265120038,30.88084378,52.18127362,3.0,,,,,,,,,,,,,,,,1.96875,0.0193034421952657,878.34375,8.612092853687852,0.02953125,0.0289551632928985,30.74203125,30.14232498790748,60.94284265120038,239770,1147.0,0.47837510947991824,0.5958110171370823,Watch
751207,14107.0,14623.05451,USA,United States,Texas,0.165333842,0.0,0.77,0.32,,,,,,,,,,,,,,,,,,,,,,,,,,26.06247171334357,3.30667684,0.0,,,,,,,,,,,,,,,,,7.453125,0.0509683185101721,439.03125,3.0023224601652325,0.111796875,0.0764524777652581,15.36609375,10.508128610578314,26.06247171334357,297295,,,0.0949207839684076,Information
751209,14109.0,3760.033987,USA,United States,Texas,0.150757269,0.0,0.77,0.32,,,,,,,,,,,,,,,,,,,,,,,,,,10.994947720706609,3.01514538,0.0,,,,,,,,,,,,,,,,,0.140625,0.0037399927899399,85.78125,2.2813956018633426,0.002109375,0.0056099891849098,3.00234375,7.984884606521699,10.994947720706609,145537,,,0.014735846411313,Information
751402,14111.0,6115.245143,USA,United States,Texas,0.031460166,0.0,0.77,0.32,,,,,,,,,,,,,,,,,,,,,,,,,,10.328150294799332,0.62920332,0.0,,,,,,,,,,,,,,,,,14.203125,0.2322576555524695,105.890625,1.7315843032773222,0.213046875,0.3483864833287042,3.706171875,6.060545061470627,10.328150294799332,158653,,,0.0117875165638001,Information
751404,14113.0,2811.986305,USA,United States,Texas,0.039525418,0.0,0.77,0.32,,,,,,,,,,,,,,,,,,,,,,,,,,11.97498840065464,0.79050836,0.0,,,,,,,,,,,,,,,,,8.859375,0.315057544404089,71.296875,2.5354630954424304,0.132890625,0.4725863166061335,2.495390625,8.874120834048506,11.97498840065464,134883,,,0.0172399820889593,Information
751405,14114.0,1866.654546,USA,United States,Texas,0.122669059,0.0,0.77,0.32,,,,,,,,,,,,,,,,,,,,,,,,,,5.5024352415428215,2.45338118,0.0,,,,,,,,,,,,,,,,,0.28125,0.0150670621171172,24.609375,1.3183679352477558,0.00421875,0.0226005931756758,0.861328125,4.6142877733671455,5.5024352415428215,118095,,,0.0020192442354883,Information
751409,14118.0,9046.782696,USA,United States,Texas,0.559926612,0.0,0.77,0.32,,,,,,,,,,,,,,,,,,,,,,,,,,11.941862463293557,11.19853224,0.0,,,,,,,,,,,,,,,,,0.140625,0.0015544200045354,162.0,1.7906918452247869,0.002109375,0.0023316300068031,5.67,6.267421458286754,11.941862463293557,2759495,,,0.0224092943239526,Information
751620,14121.0,5700.96702,USA,United States,Texas,0.028234608,0.0,0.77,0.32,,,,,,,,,,,,,,,,,,,,,,,,,,8.816740587136454,0.56469216,0.0,,,,,,,,,,,,,,,,,3.09375,0.0542671092321555,90.140625,1.5811462280823487,0.04640625,0.0814006638482332,3.154921875,5.534011798288221,8.816740587136454,209088,,,0.0076995357486935,Information
751630,14122.0,5748.373499,USA,United States,Texas,0.151740533,0.0,0.77,0.32,,,,,,,,,,,,,,,,,,,,,,,,,,6.8364283559777554,3.03481066,0.0,,,,,,,,,,,,,,,,,2.953125,0.0513732275855355,70.03125,1.2182793970284147,0.044296875,0.0770598413783032,2.45109375,4.263977889599452,6.8364283559777554,99025,,,0.0039998008751687,Information
751640,14123.0,19776.00723,USA,United States,Texas,1.141364603,0.0,0.77,0.32,,,,,,,,,,,,,,,,,,,,,,,,,,7.2042457396337465,22.82729206,0.0,,,,,,,,,,,,,,,,,6.609375,0.0334211801286659,133.875,0.6769566698402134,0.099140625,0.0501317701929988,4.685625,2.369348344440747,7.2042457396337465,1196725,,,0.0088610120975874,Information
751830,14132.0,2068.5386,USA,United States,Texas,1.24295192,0.0,0.77,0.32,,,,,,,,,,,,,,,,,,,,,,,,,,11.810417737637003,24.859038400000003,0.0,,,,,,,,,,,,,,,,,0.421875,0.0203948333365133,57.65625,2.787293889323496,0.006328125,0.0305922500047699,2.01796875,9.755528612632236,11.810417737637003,10591,,,0.0321291234926351,Information
751880,14137.0,12103.71986,USA,United States,Texas,1.273470357,0.0,0.77,0.32,,,,,,,,,,,,,,,,,,,,,,,,,,0.9861438352185056,25.46940714,0.0,,,,,,,,,,,,,,,,,0.5625,0.0046473316168594,15.1875,0.1254779536552047,0.0084375,0.006970997425289,0.5315625,0.4391728377932165,0.9861438352185056,38241,,,7.620964788823382e-06,Information
751890,14138.0,26464.14277,USA,United States,Texas,0.337845926,0.0,0.77,0.32,,,,,,,,,,,,,,,,,,,,,,,,,,0.724673391295793,6.75691852,0.0,,,,,,,,,,,,,,,,,5.203125,0.0196610373741827,12.796875,0.0483555243527197,0.078046875,0.029491556061274,0.447890625,0.1692443352345189,0.724673391295793,474525,,,5.951541516747305e-07,Information
751950,14142.0,7231.199745,USA,United States,Texas,0.066633639,0.0,0.77,0.32,,,,,,,,,,,,,,,,,,,,,,,,,,44.12528384220347,1.3326727799999998,0.0,,,,,,,,,,,,,,,,,6.328125,0.0875114119759383,526.359375,7.279004778354162,0.094921875,0.1312671179639074,18.422578125,25.476516724239566,44.12528384220347,97444,,,0.2104903744683553,Advisory
751970,14152.0,14472.55394,USA,United States,Texas,0.686298696,0.0,0.77,0.32,,,,,,,,,,,,,,,,,,,,,,,,,,28.02256038781669,13.72597392,0.0,,,,,,,,,,,,,,,,,19.6875,0.1360333503156126,465.046875,3.213302067812364,0.2953125,0.2040500254734188,16.276640625,11.246557237343271,28.02256038781669,397150,,,0.130396528081684,Information
751990,14154.0,7166.981306,USA,United States,Texas,2.107231505,1.49644611,0.77,0.32,,,,,,,,,,,,,,,,,,,,,,,,,,34.281617823500845,42.1446301,29.9289222,,,,,,,,,,,,,,,,,20.953125,0.2923563506584747,399.9375,5.580278263575181,0.314296875,0.438534525987712,13.9978125,19.53097392251313,34.281617823500845,1071034,,,0.3003698831413824,Information
752101,14155.0,8015.446082,USA,United States,Texas,0.006189722,0.0,0.77,0.32,,,,,,,,,,,,,,,,,,,,,,,,,,0.2639163729984349,0.12379444,0.0,,,,,,,,,,,,,,,,,0.28125,0.0035088502514595,3.234375,0.0403517778917845,0.00421875,0.0052632753771892,0.113203125,0.1412312226212457,0.2639163729984349,1889,,,1.4598141833029092e-09,Information
752109,14163.0,5841.999912,USA,United States,New Mexico,0.095190521,0.0,0.77,0.32,,,,,,,,,,,,,,,,,,,,,,,,,,0.3584584722372514,1.90381042,0.0,,,,,,,,,,,,,,,,,1.265625,0.0216642420227155,3.234375,0.0553641740580509,0.018984375,0.0324963630340732,0.113203125,0.1937746092031781,0.3584584722372514,20998,,,1.0006375226746729e-08,Information
752121,14165.0,3230.301224,MEX,Mexico,Nuevo León,4.052010209,0.0,0.57,0.6,,,,,,,,,,,,,,,,,,,,,,,,,,8.383038398676895,81.04020417999999,0.0,,,,,,,,,,,,,,,,,18.984375,0.5876967404303545,50.34375,1.5584846894375326,0.284765625,0.8815451106455316,1.76203125,5.454696413031364,8.383038398676895,17391,,,0.2072185262709434,Information
752122,14166.0,9373.563678,MEX,Mexico,Nuevo León,2.355097425,0.0,0.57,0.6,,,,,,,,,,,,,,,,,,,,,,,,,,2.6390837007766006,47.1019485,0.0,,,,,,,,,,,,,,,,,8.015625,0.0855131012602051,33.046875,0.3525540139675123,0.120234375,0.1282696518903076,1.156640625,1.2339390488862931,2.6390837007766006,2589334,,,0.0013590793993573,Information
752123,14167.0,9306.229112,MEX,Mexico,Nuevo León,2.124741115,0.0,0.57,0.6,,,,,,,,,,,,,,,,,,,,,,,,,,0.3121548080092409,42.4948223,0.0,,,,,,,,,,,,,,,,,5.765625,0.0619544708259709,1.828125,0.0196441005057956,0.086484375,0.0929317062389563,0.063984375,0.0687543517702846,0.3121548080092409,7355355,,,9.134948224411764e-08,Information
752125,14169.0,1515.557772,MEX,Mexico,Coahuila,2.752386811,0.0,0.57,0.6,,,,,,,,,,,,,,,,,,,,,,,,,,0.2564402901579211,55.04773622,0.0,,,,,,,,,,,,,,,,,1.265625,0.0835088588092205,0.421875,0.0278362862697401,0.018984375,0.1252632882138307,0.014765625,0.0974270019440903,0.2564402901579211,4017,,,1.192842635096557e-07,Information
752130,14174.0,8409.221635,MEX,Mexico,Tamaulipas,4.011082813,0.0,0.57,0.6,,,,,,,,,,,,,,,,,,,,,,,,,,1.9071439457086576,80.22165626,0.0,,,,,,,,,,,,,,,,,4.921875,0.0585294955202631,22.78125,0.2709079506937894,0.073828125,0.0877942432803946,0.79734375,0.948177827428263,1.9071439457086576,92955,,,0.0096682140606746,Information
752141,14176.0,714.3693275,MEX,Mexico,Tamaulipas,1.819660489,0.0,0.57,0.6,,,,,,,,,,,,,,,,,,,,,,,,,,4.713938109454888,36.39320978,0.0,,,,,,,,,,,,,,,,,2.25,0.3149631308782022,8.015625,1.1220561537535956,0.03375,0.4724446963173033,0.280546875,3.9271965381375846,4.713938109454888,79,,,0.0046314373597658,Information
752142,14177.0,7443.477312,MEX,Mexico,Nuevo León,4.2163566,0.0,0.57,0.6,,,,,,,,,,,,,,,,,,,,,,,,,,0.2356273901770317,84.327132,0.0,,,,,,,,,,,,,,,,,1.125,0.0151139037960315,2.390625,0.032117045566567,0.016875,0.0226708556940472,0.083671875,0.1124096594829845,0.2356273901770317,50490,,,1.3497776497943449e-05,Information
752145,14180.0,5961.079491,MEX,Mexico,Nuevo León,4.055336149,0.0,0.57,0.6,,,,,,,,,,,,,,,,,,,,,,,,,,0.2861629966690736,81.10672298,0.0,,,,,,,,,,,,,,,,,0.5625,0.0094362103510038,2.8125,0.0471810517550194,0.0084375,0.0141543155265056,0.0984375,0.1651336811425679,0.2861629966690736,27184,,,1.3947731477643698e-05,Information
752167,14201.0,1581.411642,USA,United States,New Mexico,0.465893047,0.0,0.77,0.32,,,,,,,,,,,,,,,,,,,,,,,,,,0.3192572701927447,9.31786094,0.0,,,,,,,,,,,,,,,,,0.28125,0.0177847432382416,1.125,0.0711389729529664,0.00421875,0.0266771148573623,0.039375,0.2489864053353823,0.3192572701927447,405,,,8.06363653514973e-09,Information
752176,14210.0,4797.593464,MEX,Mexico,Coahuila,0.736426392,0.0,0.57,0.6,,,,,,,,,,,,,,,,,,,,,,,,,,0.1713275792476832,14.728527840000002,0.0,,,,,,,,,,,,,,,,,0.421875,0.0087934712086848,1.40625,0.029311570695616,0.006328125,0.0131902068130271,0.04921875,0.102590497434656,0.1713275792476832,1093,,,2.6489292558197497e-10,Information
752179,14213.0,1065.079177,USA,United States,Texas,0.393500233,0.0,0.77,0.32,,,,,,,,,,,,,,,,,,,,,,,,,,0.2191424064166255,7.870004659999999,0.0,,,,,,,,,,,,,,,,,0.421875,0.0396097312833251,0.421875,0.0396097312833251,0.006328125,0.0594145969249876,0.014765625,0.1386340594916378,0.2191424064166255,30729,,,7.646995540218576e-10,Information
752184,14218.0,12590.29407,MEX,Mexico,Chihuahua,1.036550991,0.0,0.57,0.6,,,,,,,,,,,,,,,,,,,,,,,,,,0.8578818169233318,20.73101982,0.0,,,,,,,,,,,,,,,,,2.671875,0.0212217044751273,12.515625,0.0994069314887545,0.040078125,0.0318325567126909,0.438046875,0.3479242602106407,0.8578818169233318,235096,,,3.0035991109471483e-06,Information
752186,14220.0,13748.4693,MEX,Mexico,Chihuahua,2.005334491,0.0,0.57,0.6,,,,,,,,,,,,,,,,,,,,,,,,,,0.4797455000266118,40.10668982,0.0,,,,,,,,,,,,,,,,,0.140625,0.0010228411393752,7.875,0.057279103805014,0.002109375,0.0015342617090628,0.275625,0.200476863317549,0.4797455000266118,213120,,,6.928018357495479e-07,Information
752189,14223.0,8201.008891,MEX,Mexico,Chihuahua,1.332242547,0.0,0.57,0.6,,,,,,,,,,,,,,,,,,,,,,,,,,0.1654118367560241,26.64485094,0.0,,,,,,,,,,,,,,,,,0.703125,0.0085736402600023,1.828125,0.0222914646760059,0.010546875,0.0128604603900034,0.063984375,0.0780201263660206,0.1654118367560241,23521,,,5.484555567053107e-10,Information
752220,14236.0,4259.912759,MEX,Mexico,Zacatecas,3.350153702,0.0,0.57,0.6,,,,,,,,,,,,,,,,,,,,,,,,,,0.5790069948356338,67.00307404,0.0,,,,,,,,,,,,,,,,,1.6875,0.0396134873010374,4.21875,0.0990337182525936,0.0253125,0.0594202309515561,0.14765625,0.3466180138840776,0.5790069948356338,20180,,,2.640212486157213e-05,Information
752230,14237.0,16343.09199,MEX,Mexico,Zacatecas,0.32526549,0.0,0.57,0.6,,,,,,,,,,,,,,,,,,,,,,,,,,0.2164703554403647,6.5053098,0.0,,,,,,,,,,,,,,,,,1.40625,0.0086045529256926,3.234375,0.0197904717290931,0.02109375,0.0129068293885389,0.113203125,0.0692666510518258,0.2164703554403647,333167,,,6.467334017628991e-10,Information
752243,14241.0,6996.435127,MEX,Mexico,Coahuila,1.644700675,0.0,0.57,0.6,,,,,,,,,,,,,,,,,,,,,,,,,,0.2323017478910498,32.8940135,0.0,,,,,,,,,,,,,,,,,1.125,0.016079617398947,2.25,0.0321592347978941,0.016875,0.0241194260984205,0.07875,0.1125573217926293,0.2323017478910498,609747,,,7.308844004771085e-09,Information
752246,14244.0,2651.474225,MEX,Mexico,Zacatecas,1.627031089,0.0,0.57,0.6,,,,,,,,,,,,,,,,,,,,,,,,,,0.7280245069972808,32.540621779999995,0.0,,,,,,,,,,,,,,,,,1.96875,0.0742511460641652,3.515625,0.132591332257438,0.02953125,0.1113767190962478,0.123046875,0.4640696629010329,0.7280245069972808,58845,,,2.9639297189714758e-06,Information
752247,14245.0,11330.29913,MEX,Mexico,Zacatecas,2.70161199,0.0,0.57,0.6,,,,,,,,,,,,,,,,,,,,,,,,,,0.5877208256200752,54.0322398,0.0,,,,,,,,,,,,,,,,,5.0625,0.0446810798302824,6.75,0.0595747731070433,0.0759375,0.0670216197454235,0.23625,0.2085117058746515,0.5877208256200752,234677,,,6.519680194204928e-06,Information
752248,14246.0,1382.862071,MEX,Mexico,Zacatecas,0.157514894,0.0,0.57,0.6,,,,,,,,,,,,,,,,,,,,,,,,,,0.3761997520150442,3.15029788,0.0,,,,,,,,,,,,,,,,,0.421875,0.0305073809552348,1.125,0.0813530158806263,0.006328125,0.0457610714328522,0.039375,0.284735555582192,0.3761997520150442,15412,,,1.4218642683875252e-08,Information
752252,14249.0,6060.850754,MEX,Mexico,Coahuila,1.031842607,0.0,0.57,0.6,,,,,,,,,,,,,,,,,,,,,,,,,,0.1360161120162019,20.63685214,0.0,,,,,,,,,,,,,,,,,0.140625,0.0023202188223616,1.40625,0.023202188223617,0.002109375,0.0034803282335424,0.04921875,0.0812076587826595,0.1360161120162019,44421,,,9.512234666652916e-11,Information
752256,14253.0,8264.515041,MEX,Mexico,Durango,3.084929293,0.0,0.57,0.6,,,,,,,,,,,,,,,,,,,,,,,,,,0.8344447688827901,61.69858586,0.0,,,,,,,,,,,,,,,,,0.5625,0.0068062069852184,10.546875,0.1276163809728464,0.0084375,0.0102093104778276,0.369140625,0.4466573334049624,0.8344447688827901,20528,,,6.499552948429476e-05,Information
752271,14258.0,16024.97538,MEX,Mexico,Durango,1.766113514,0.0,0.57,0.6,,,,,,,,,,,,,,,,,,,,,,,,,,0.1073379631335738,35.32227028,0.0,,,,,,,,,,,,,,,,,0.140625,0.0008775364496505,1.828125,0.0114079738454566,0.002109375,0.0013163046744757,0.063984375,0.0399279084590981,0.1073379631335738,11530,,,7.70853769259775e-11,Information
752274,14261.0,4412.48,MEX,Mexico,Durango,1.477852977,0.0,0.57,0.6,,,,,,,,,,,,,,,,,,,,,,,,,,0.3054500133898972,29.55705954,0.0,,,,,,,,,,,,,,,,,0.984375,0.0223088829884102,2.25,0.0509917325449377,0.014765625,0.0334633244826153,0.07875,0.1784710639072819,0.3054500133898972,260735,,,2.6525062766018386e-08,Information
752276,14263.0,3717.635903,MEX,Mexico,Coahuila,2.017087673,0.0,0.57,0.6,,,,,,,,,,,,,,,,,,,,,,,,,,0.6875286993720449,40.34175345999999,0.0,,,,,,,,,,,,,,,,,2.25,0.0605223335090771,4.359375,0.1172620211738369,0.03375,0.0907835002636156,0.152578125,0.4104170741084291,0.6875286993720449,6126,,,4.035646197049181e-06,Information
752312,14268.0,13823.39762,USA,United States,New Mexico,0.787175328,0.0,0.77,0.32,,,,,,,,,,,,,,,,,,,,,,,,,,4.7768110049976,15.74350656,0.0,,,,,,,,,,,,,,,,,33.1875,0.2400820761945375,64.96875,0.4699911830587982,0.4978125,0.3601231142918062,2.27390625,1.6449691407057938,4.7768110049976,54402,,,0.0020517588840451,Information
752314,14270.0,2501.223335,MEX,Mexico,Chihuahua,3.954201596,0.0,0.57,0.6,,,,,,,,,,,,,,,,,,,,,,,,,,0.4990234178196202,79.08403192,0.0,,,,,,,,,,,,,,,,,1.40625,0.0562224884252986,2.25,0.0899559814804778,0.02109375,0.0843337326379479,0.07875,0.3148459351816723,0.4990234178196202,1839,,,9.362843514946306e-05,Information
752315,14271.0,2779.450062,MEX,Mexico,Chihuahua,0.304874139,0.0,0.57,0.6,,,,,,,,,,,,,,,,,,,,,,,,,,0.3168195006941205,6.09748278,0.0,,,,,,,,,,,,,,,,,0.984375,0.0354161786705886,1.546875,0.0556539950537822,0.014765625,0.0531242680058828,0.054140625,0.1947889826882377,0.3168195006941205,4629,,,6.289762791663414e-09,Information
752319,14275.0,5046.705195,MEX,Mexico,Chihuahua,2.087232108,0.0,0.57,0.6,,,,,,,,,,,,,,,,,,,,,,,,,,0.6456791050608699,41.74464216,0.0,,,,,,,,,,,,,,,,,2.953125,0.0585159006901186,4.921875,0.0975265011501977,0.044296875,0.0877738510351779,0.172265625,0.341342754025692,0.6456791050608699,20242,,,3.361278773316718e-06,Information
752330,14277.0,19577.48491,MEX,Mexico,Chihuahua,2.457792182,0.0,0.57,0.6,,,,,,,,,,,,,,,,,,,,,,,,,,0.7361564438144215,49.15584364,0.0,,,,,,,,,,,,,,,,,5.90625,0.0301685840987177,11.390625,0.0581822693332414,0.08859375,0.0452528761480765,0.398671875,0.2036379426663449,0.7361564438144215,23003,,,1.142362848348172e-05,Information
752340,14278.0,4064.061408,MEX,Mexico,Chihuahua,0.46380022,0.0,0.57,0.6,,,,,,,,,,,,,,,,,,,,,,,,,,0.6740045080692013,9.2760044,0.0,,,,,,,,,,,,,,,,,0.84375,0.0207612512520953,5.203125,0.1280277160545881,0.01265625,0.0311418768781429,0.182109375,0.4480970061910583,0.6740045080692013,207663,,,4.73507835799914e-07,Information
752350,14279.0,14234.49881,MEX,Mexico,Chihuahua,3.100421151,0.0,0.57,0.6,,,,,,,,,,,,,,,,,,,,,,,,,,2.554575937020948,62.00842302,0.0,,,,,,,,,,,,,,,,,17.015625,0.1195379284250559,35.578125,0.2499429412523896,0.255234375,0.1793068926375838,1.245234375,0.8748002943833636,2.554575937020948,55428,,,0.0034724148548851,Information
752360,14280.0,20520.55461,MEX,Mexico,Chihuahua,3.376653929,0.0,0.57,0.6,,,,,,,,,,,,,,,,,,,,,,,,,,2.3310196535677985,67.53307858000001,0.0,,,,,,,,,,,,,,,,,13.921875,0.0678435610840844,38.8125,0.1891396248404777,0.208828125,0.1017653416261266,1.3584375,0.6619886869416719,2.3310196535677985,144153,,,0.0042203186300527,Information
753000,16318.0,70.74604773,COL,Colombia,San Andrés y Providencia,3.484375733,0.0,0.58,0.58,,,,,,,,,,,,,,,,,,,,,,,,,,44.10156978165509,69.68751465999999,0.0,3.0,,,,,,,,,,,,,,,,3.9375,5.565681937770065,19.828125,28.027184043770685,0.0590625,8.348522906655097,0.693984375,35.0,44.10156978165509,108008,41079.0,38.03329383008666,0.6461458533897274,Watch
753101,14282.0,2003.658639,MEX,Mexico,Tamaulipas,4.033869383,0.0,0.57,0.6,,,,,,,,,,,,,,,,,,,,,,,,,,28.65227234069581,80.67738766,0.0,3.0,,,,,,,,,,,,,,,,17.296875,0.8632645631154321,129.234375,6.449919784577903,0.259453125,1.294896844673148,4.523203125,22.57471924602266,28.65227234069581,35233,3575.0,10.146737433655947,0.6531935034654812,Watch
753102,14283.0,2211.710115,MEX,Mexico,Tamaulipas,3.238021508,0.0,0.57,0.6,,,,,,,,,,,,,,,,,,,,,,,,,,1.001614327039834,64.76043016,0.0,,,,,,,,,,,,,,,,,0.28125,0.0127164042951912,5.0625,0.228895277313442,0.00421875,0.0190746064427868,0.1771875,0.801133470597047,1.001614327039834,93584,,,0.0001850347867148,Information
753103,14284.0,417.833879,MEX,Mexico,Tamaulipas,4.023495544,0.0,0.57,0.6,,,,,,,,,,,,,,,,,,,,,,,,,,42.822323555296144,80.46991088,0.0,3.0,,,,,,,,,,,,,,,,14.625,3.5001948701974284,67.21875,16.08743411494587,0.219375,5.250292305296142,2.35265625,35.0,42.822323555296144,192,0.0,0.0,0.7838034789713287,Watch
753105,14286.0,2902.005621,MEX,Mexico,Tamaulipas,2.613615779,0.0,0.57,0.6,,,,,,,,,,,,,,,,,,,,,,,,,,12.57597165501296,52.27231558,0.0,,,,,,,,,,,,,,,,,7.453125,0.2568266906988252,77.625,2.6748742125613494,0.111796875,0.3852400360482377,2.716875,9.362059743964725,12.57597165501296,14228,,,0.0911472231541648,Information
753106,14287.0,19147.96383,MEX,Mexico,Tamaulipas,4.133410111,0.0,0.57,0.6,,,,,,,,,,,,,,,,,,,,,,,,,,5.096916917243089,82.66820222,0.0,,,,,,,,,,,,,,,,,10.265625,0.0536120973157267,91.265625,0.4766335775055711,0.153984375,0.08041814597359,3.194296875,1.668217521269499,5.096916917243089,178752,,,0.1104936552920342,Information
753107,16319.0,4601.440309,MEX,Mexico,Tamaulipas,3.215955511,0.0,0.57,0.6,,,,,,,,,,,,,,,,,,,,,,,,,,29.402478951571847,64.31911022,0.0,,,,,,,,,,,,,,,,,30.375,0.6601193965001546,251.71875,5.470433887663319,0.455625,0.990179094750232,8.81015625,19.146518606821616,29.402478951571847,12730,,,0.4232695071689101,Advisory
753205,14294.0,8025.480426,MEX,Mexico,San Luis Potosí,1.72363859,0.0,0.57,0.6,,,,,,,,,,,,,,,,,,,,,,,,,,0.1673995221092571,34.4727718,0.0,,,,,,,,,,,,,,,,,0.703125,0.0087611577461563,1.828125,0.0227790101400065,0.010546875,0.0131417366192344,0.063984375,0.0797265354900227,0.1673995221092571,26211,,,1.1874483558389014e-09,Information
753210,14299.0,1224.538324,MEX,Mexico,Veracruz,2.805554285,0.0,0.57,0.6,,,,,,,,,,,,,,,,,,,,,,,,,,18.774532433576137,56.1110857,0.0,,,,,,,,,,,,,,,,,21.375,1.7455558221102456,49.359375,4.030855878688791,0.320625,2.618333733165368,1.727578125,14.107995575410769,18.774532433576137,384380,,,0.1978960022333659,Information
753240,14302.0,9624.114983,MEX,Mexico,México,0.685142056,0.0,0.57,0.6,,,,,,,,,,,,,,,,,,,,,,,,,,3.697542365621453,13.70284112,0.0,,,,,,,,,,,,,,,,,12.9375,0.1344279450462766,46.265625,0.4807260208720109,0.1940625,0.2016419175694148,1.619296875,1.682541073052038,3.697542365621453,23455860,,,0.0008159938744689,Information
753241,16320.0,612.5421932,MEX,Mexico,San Luis Potosí,4.007745098,0.0,0.57,0.6,,,,,,,,,,,,,,,,,,,,,,,,,,2.49729485003563,80.15490196,0.0,,,,,,,,,,,,,,,,,2.390625,0.3902792373229825,3.09375,0.5050672483003303,0.035859375,0.5854188559844737,0.10828125,1.767735369051156,2.49729485003563,19629,,,0.0190978252654221,Information
753244,14305.0,7018.427044,MEX,Mexico,Hidalgo,1.9915602,0.0,0.57,0.6,,,,,,,,,,,,,,,,,,,,,,,,,,1.0536603615233735,39.831204,0.0,,,,,,,,,,,,,,,,,2.390625,0.0340621194041985,11.390625,0.1622959806905931,0.035859375,0.0510931791062977,0.398671875,0.5680359324170758,1.0536603615233735,747994,,,2.617455041688903e-05,Information
753246,14307.0,3920.957094,MEX,Mexico,Querétaro,1.067131292,0.0,0.57,0.6,,,,,,,,,,,,,,,,,,,,,,,,,,0.1123368026001963,21.34262584,0.0,,,,,,,,,,,,,,,,,0.140625,0.0035864967822309,0.84375,0.0215189806933857,0.002109375,0.0053797451733463,0.02953125,0.0753164324268499,0.1123368026001963,166943,,,2.8508640664890316e-11,Information
753247,14308.0,1143.036406,MEX,Mexico,Hidalgo,0.074407591,0.0,0.57,0.6,,,,,,,,,,,,,,,,,,,,,,,,,,0.2330531316294133,1.48815182,0.0,,,,,,,,,,,,,,,,,0.28125,0.0246055154858133,0.5625,0.0492110309716267,0.00421875,0.0369082732287199,0.0196875,0.1722386084006934,0.2330531316294133,64926,,,7.39370951347531e-10,Information
753248,14309.0,5380.764381,MEX,Mexico,Querétaro,1.906894749,0.0,0.57,0.6,,,,,,,,,,,,,,,,,,,,,,,,,,2.849985922357732,38.13789498,0.0,,,,,,,,,,,,,,,,,1.828125,0.0339751914536678,27.703125,0.5148548243363513,0.027421875,0.0509627871805017,0.969609375,1.8019918851772296,2.849985922357732,850541,,,0.0010433959669346,Information
753249,14310.0,6590.995093,MEX,Mexico,Hidalgo,1.193767782,0.0,0.57,0.6,,,,,,,,,,,,,,,,,,,,,,,,,,3.3079831424978288,23.87535564,0.0,,,,,,,,,,,,,,,,,3.9375,0.0597405997752158,35.859375,0.5440661765242871,0.0590625,0.0896108996628237,1.255078125,1.904231617835005,3.3079831424978288,1473203,,,0.0008562485756065,Information
753301,14316.0,3597.510537,MEX,Mexico,Veracruz,1.795974428,0.0,0.57,0.6,,,,,,,,,,,,,,,,,,,,,,,,,,58.614705796594926,35.919488560000005,0.0,,,,,,,,,,,,,,,,,187.59375,5.214543447729949,370.828125,10.30790934907337,2.81390625,7.821815171594924,12.978984375,35.0,58.614705796594926,173520,,,0.4644794962730628,Advisory
753302,14317.0,5905.075343,MEX,Mexico,Veracruz,2.967601231,0.0,0.57,0.6,,,,,,,,,,,,,,,,,,,,,,,,,,1.3881832568716668,59.35202462,0.0,,,,,,,,,,,,,,,,,3.515625,0.0595356501958845,13.21875,0.2238540447365257,0.052734375,0.0893034752938267,0.46265625,0.7834891565778399,1.3881832568716668,517895,,,0.0003664676696857,Information
753303,14318.0,3797.661786,MEX,Mexico,Puebla,3.679041171,0.0,0.57,0.6,,,,,,,,,,,,,,,,,,,,,,,,,,6.93316592289395,73.58082342,0.0,,,,,,,,,,,,,,,,,15.328125,0.4036200658404131,47.953125,1.2627013068952375,0.229921875,0.6054300987606196,1.678359375,4.419454574133331,6.93316592289395,724582,,,0.0904851283892076,Information
753304,14319.0,7916.798171,MEX,Mexico,Puebla,0.584655667,0.0,0.57,0.6,,,,,,,,,,,,,,,,,,,,,,,,,,1.5212523435422949,11.69311334,0.0,,,,,,,,,,,,,,,,,4.78125,0.0603937336410837,17.15625,0.2167069265944769,0.07171875,0.0905906004616255,0.60046875,0.7584742430806691,1.5212523435422949,1275886,,,2.4401759717856345e-05,Information
753305,14320.0,11395.80401,MEX,Mexico,Veracruz,1.328540023,0.0,0.57,0.6,,,,,,,,,,,,,,,,,,,,,,,,,,10.326044469390949,26.57080046,0.0,,,,,,,,,,,,,,,,,61.171875,0.5367929718575972,130.921875,1.1488603604584435,0.917578125,0.8051894577863958,4.582265625,4.021011261604553,10.326044469390949,2699307,,,0.0249014848998026,Information
753307,14322.0,257.798939,MEX,Mexico,Veracruz,1.121060269,0.0,0.57,0.6,,,,,,,,,,,,,,,,,,,,,,,,,,52.868750000000006,22.42120538,0.0,,,,,,,,,,,,,,,,,32.765625,12.709759443251048,67.921875,26.34684039094531,0.491484375,15.0,2.377265625,35.0,52.868750000000006,54995,,,0.3506813190972294,Advisory
753308,14323.0,5764.356189,MEX,Mexico,Veracruz,0.946667177,0.0,0.57,0.6,,,,,,,,,,,,,,,,,,,,,,,,,,11.631656131061774,18.93334354,0.0,,,,,,,,,,,,,,,,,46.96875,0.814813458100391,101.390625,1.7589236625460536,0.70453125,1.2222201871505864,3.548671875,6.156232818911188,11.631656131061774,1080867,,,0.0260963228120444,Information
753309,14324.0,268.0707015,MEX,Mexico,Veracruz,4.046413098,0.0,0.57,0.6,,,,,,,,,,,,,,,,,,,,,,,,,,49.9413873876565,80.92826196000001,0.0,3.0,,,,,,,,,,,,,,,,20.53125,7.658893675104332,89.859375,33.520774372545674,0.30796875,11.4883405126565,3.145078125,35.0,49.9413873876565,4832,1232.0,25.496688741721858,0.8321365217284313,Warning
753401,14325.0,912.3468059,MEX,Mexico,Veracruz,2.874030847,0.0,0.57,0.6,,,,,,,,,,,,,,,,,,,,,,,,,,35.05245609677619,57.48061694,0.0,,,,,,,,,,,,,,,,,26.71875,2.9285738523932223,72.28125,7.922562948053244,0.40078125,4.392860778589833,2.52984375,27.72897031818636,35.05245609677619,62884,,,0.4234347037932544,Advisory
753402,14326.0,9763.441529,MEX,Mexico,Veracruz,1.28969088,0.0,0.57,0.6,,,,,,,,,,,,,,,,,,,,,,,,,,2.974667779562808,25.7938176,0.0,,,,,,,,,,,,,,,,,17.578125,0.1800402547323933,34.453125,0.3528788992754909,0.263671875,0.2700603820985899,1.205859375,1.235076147464218,2.974667779562808,577682,,,0.0006483364471898,Information
753404,14328.0,5923.680584,MEX,Mexico,Oaxaca,2.61368157,0.0,0.57,0.6,,,,,,,,,,,,,,,,,,,,,,,,,,0.4687443494847801,52.2736314,0.0,,,,,,,,,,,,,,,,,1.125,0.0189915709345019,4.5,0.0759662837380078,0.016875,0.0284873564017528,0.1575,0.2658819930830273,0.4687443494847801,251491,,,1.8894912121352696e-06,Information
753406,14330.0,5446.237487,MEX,Mexico,Oaxaca,3.59578789,0.0,0.57,0.6,,,,,,,,,,,,,,,,,,,,,,,,,,10.947904918433366,71.9157578,0.0,,,,,,,,,,,,,,,,,38.8125,0.7126479535473985,93.65625,1.719650496603505,0.5821875,1.0689719303210978,3.27796875,6.018776738112268,10.947904918433366,604977,,,0.1730808236024337,Information
753407,14331.0,4099.204693,MEX,Mexico,Oaxaca,3.551627307,0.0,0.57,0.6,,,,,,,,,,,,,,,,,,,,,,,,,,11.390648683085466,71.03254614,0.0,,,,,,,,,,,,,,,,,37.6875,0.919385656928622,78.46875,1.914243270769295,0.5653125,1.379078485392933,2.74640625,6.699851447692533,11.390648683085466,270570,,,0.1753118521279335,Information
753504,14337.0,5647.358793,MEX,Mexico,Tabasco,2.960226357,0.0,0.57,0.6,,,,,,,,,,,,,,,,,,,,,,,,,,21.47474460917444,59.20452714,0.0,,,,,,,,,,,,,,,,,109.828125,1.9447697415205003,174.375,3.0877266062553392,1.647421875,2.9171546122807506,6.103125,10.807043121893688,21.47474460917444,247121,,,0.2605360920398778,Information
753506,14338.0,718.559405,MEX,Mexico,Tabasco,4.041923891,0.0,0.57,0.6,,,,,,,,,,,,,,,,,,,,,,,,,,28.528253502078016,80.83847782,0.0,3.0,,,,,,,,,,,,,,,,31.359375,4.3642007580613225,41.203125,5.734129247138867,0.470390625,6.546301137091984,1.442109375,20.069452364986034,28.528253502078016,65082,0.0,0.0,0.6546814912873616,Watch
753621,14344.0,364.7199389,MEX,Mexico,Tabasco,2.408452562,0.0,0.57,0.6,,,,,,,,,,,,,,,,,,,,,,,,,,50.12936003522999,48.16905124,0.0,,,,,,,,,,,,,,,,,30.515625,8.366865023486666,60.609375,16.61805910194817,0.457734375,12.550297535229998,2.121328125,35.0,50.12936003522999,12076,,,0.4866855510944506,Advisory
753622,14345.0,8188.42284,MEX,Mexico,Chiapas,2.787640159,0.0,0.57,0.6,,,,,,,,,,,,,,,,,,,,,,,,,,11.643270000815363,55.75280318,0.0,,,,,,,,,,,,,,,,,38.390625,0.4688402852709843,133.3125,1.6280607708311103,0.575859375,0.7032604279064765,4.6659375,5.698212697908886,11.643270000815363,601162,,,0.0909277510697207,Information
753623,14346.0,1123.864954,MEX,Mexico,Tabasco,4.013747841,0.0,0.57,0.6,,,,,,,,,,,,,,,,,,,,,,,,,,13.139417395823266,80.27495682,0.0,,,,,,,,,,,,,,,,,9.421875,0.8383458321188123,33.890625,3.015542470755728,0.141328125,1.2575187481782184,1.186171875,10.554398647645048,13.139417395823266,141908,,,0.3422712378501602,Information
753624,14347.0,6819.125869,MEX,Mexico,Chiapas,3.046152659,0.0,0.57,0.6,,,,,,,,,,,,,,,,,,,,,,,,,,2.207677631358916,60.92305318,0.0,,,,,,,,,,,,,,,,,11.109375,0.1629149426588441,20.8125,0.3052077406773283,0.166640625,0.2443724139882661,0.7284375,1.0682270923706492,2.207677631358916,1268218,,,0.0020291669948026,Information
753625,14348.0,3274.11054,MEX,Mexico,Chiapas,4.017018002,0.0,0.57,0.6,,,,,,,,,,,,,,,,,,,,,,,,,,19.74078459055741,80.34036004000001,0.0,,,,,,,,,,,,,,,,,68.34375,2.08739897971434,109.828125,3.3544415702816868,1.02515625,3.1310984695715103,3.843984375,11.740545495985904,19.74078459055741,620136,,,0.5016432299173257,Advisory
753626,14349.0,6293.300477,MEX,Mexico,Chiapas,0.123725157,0.0,0.57,0.6,,,,,,,,,,,,,,,,,,,,,,,,,,4.510912891763968,2.47450314,0.0,,,,,,,,,,,,,,,,,21.65625,0.3441159385243349,40.5,0.6435414954221329,0.32484375,0.5161739077865024,1.4175,2.2523952339774653,4.510912891763968,210299,,,0.0010574132778026,Information
753780,14376.0,18486.57468,NIC,Nicaragua,Matagalpa,2.123441116,0.014822582,0.56,0.61,,,,,,,,,,,,,,,,,,,,,,,,,,2.749843256386224,42.46882232,0.29645164,,,,,,,,,,,,,,,,,9.703125,0.0524874140588254,46.828125,0.253308824370853,0.145546875,0.0787311210882381,1.638984375,0.8865808852979855,2.749843256386224,1024108,,,0.0011798186990064,Information
753806,14383.0,4218.89078,CRI,Costa Rica,Alajuela,4.008668695,0.0,0.68,0.44,,,,,,,,,,,,,,,,,,,,,,,,,,1.9597717147533067,80.1733739,0.0,,,,,,,,,,,,,,,,,0.703125,0.0166661105169686,16.3125,0.3866537639936726,0.010546875,0.0249991657754529,0.5709375,1.353288173977854,1.9597717147533067,83046,,,0.0103284375072623,Information
753807,14384.0,6241.548475,NIC,Nicaragua,Lago Nicaragua,4.068543655,0.0,0.56,0.61,,,,,,,,,,,,,,,,,,,,,,,,,,4.2319765974128725,81.3708731,0.0,,,,,,,,,,,,,,,,,3.09375,0.0495670267125665,45.140625,0.7232279806697208,0.04640625,0.0743505400688497,1.579921875,2.531297932344023,4.2319765974128725,111198,,,0.0691625440497206,Information
753808,14385.0,6497.589947,NIC,Nicaragua,Chontales,4.003056521,0.0,0.56,0.61,,,,,,,,,,,,,,,,,,,,,,,,,,5.734245481815629,80.06113042000001,0.0,,,,,,,,,,,,,,,,,1.265625,0.0194783759877588,63.984375,0.98474011938114,0.018984375,0.0292175639816382,2.239453125,3.44659041783399,5.734245481815629,125190,,,0.1063427563098672,Information
753809,14386.0,13249.46444,NIC,Nicaragua,Managua,3.034247376,0.0,0.56,0.61,,,,,,,,,,,,,,,,,,,,,,,,,,24.930300753428767,60.68494752,0.0,,,,,,,,,,,,,,,,,7.734375,0.0583750010084709,402.609375,3.038684143404588,0.116015625,0.0875625015127063,14.091328125,10.63539450191606,24.930300753428767,2514323,,,0.3243663329062782,Information
753903,14388.0,4310.025256,CRI,Costa Rica,Limón,3.124643308,0.0,0.68,0.44,,,,,,,,,,,,,,,,,,,,,,,,,,2.5446005863061005,62.49286616,0.0,,,,,,,,,,,,,,,,,0.5625,0.0130509676059163,21.65625,0.5024622528277789,0.0084375,0.0195764514088744,0.75796875,1.7586178848972265,2.5446005863061005,192727,,,0.0035666375524032,Information
753906,14391.0,3236.467766,PAN,Panama,Bocas del Toro,2.044798704,0.0,0.62,0.53,,,,,,,,,,,,,,,,,,,,,,,,,,0.1150252938928,40.89597408,0.0,,,,,,,,,,,,,,,,,0.5625,0.01738005877856,0.5625,0.01738005877856,0.0084375,0.02607008816784,0.0196875,0.06083020572496,0.1150252938928,77451,,,2.1614051402754728e-10,Information
753907,16324.0,10940.04613,PAN,Panama,Ngöbe Buglé,4.00556953,1.718969613,0.62,0.53,,,,,,,,,,,,,,,,,,,,,,,,,,0.6648412686499051,80.1113906,34.37939226,,,,,,,,,,,,,,,,,6.75,0.0616999226526131,7.03125,0.0642707527631387,0.10125,0.0925498839789196,0.24609375,0.2249476346709854,0.6648412686499051,152869,,,0.0003389630144076,Information
753908,14392.0,3399.836505,PAN,Panama,Colón,0.798368451,0.0,0.62,0.53,,,,,,,,,,,,,,,,,,,,,,,,,,13.224353247291408,15.96736902,0.0,,,,,,,,,,,,,,,,,36.984375,1.0878280454893714,80.015625,2.3535139083021,0.554765625,1.631742068234057,2.800546875,8.23729867905735,13.224353247291408,239159,,,0.0322184307321168,Information
753909,14393.0,1059.605965,PAN,Panama,Colón,4.01753484,0.0,0.62,0.53,,,,,,,,,,,,,,,,,,,,,,,,,,10.223013062574632,80.3506968,0.0,,,,,,,,,,,,,,,,,11.8125,1.1148011985014634,22.921875,2.163245182806411,0.1771875,1.6722017977521952,0.802265625,7.571358139822439,10.223013062574632,180927,,,0.2567490532564335,Information
762014,14396.0,2547.297543,CUB,Cuba,Sancti Spíritus,2.202679312,0.0,-9999.0,0.6,,,,,,,,,,,,,,,,,,,,,,,,,,5.139690420717628,44.05358624,0.0,,,,,,,,,,,,,,,,,10.828125,0.42508285026315,25.171875,0.9881796129494008,0.162421875,0.637624275394725,0.881015625,3.4586286453229027,5.139690420717628,300827,,,0.0084839748021665,Information
762016,14398.0,2602.416225,CUB,Cuba,Matanzas,2.808798236,0.0,-9999.0,0.6,,,,,,,,,,,,,,,,,,,,,,,,,,42.32001267045686,56.17596472,0.0,,,,,,,,,,,,,,,,,123.890625,4.760599931136454,196.59375,7.5542777567863375,1.858359375,7.140899896704681,6.88078125,26.439972148752183,42.32001267045686,133966,,,0.4860708371090744,Advisory
762018,14399.0,2529.376928,CUB,Cuba,Ciego de Ávila,4.09545712,0.0,-9999.0,0.6,,,,,,,,,,,,,,,,,,,,,,,,,,25.27932220904909,81.9091424,0.0,3.0,,,,,,,,,,,,,,,,81.0,3.2023696865285967,111.09375,4.392138979787485,1.215,4.803554529792895,3.88828125,15.372486429256195,25.27932220904909,114285,34.0,0.029750185938662115,0.6310290526165467,Watch
771111,14407.0,5294.98612,PAN,Panama,Coclé,1.749138671,0.312817577,0.62,0.53,,,,,,,,,,,,,,,,,,,,,,,,,,10.459815642213687,34.98277342,6.256351540000001,,,,,,,,,,,,,,,,,6.46875,0.1221674590453707,100.6875,1.901563058184466,0.09703125,0.183251188568056,3.5240625,6.655470703645631,10.459815642213687,1783188,,,0.0338415088470582,Information
771112,14408.0,3972.715067,PAN,Panama,Veraguas,1.027404374,1.571210947,0.62,0.53,,,,,,,,,,,,,,,,,,,,,,,,,,1.3552096447278643,20.54808748,31.42421894,,,,,,,,,,,,,,,,,0.421875,0.0106193118035897,10.828125,0.2725623362921371,0.006328125,0.0159289677053845,0.378984375,0.95396817702248,1.3552096447278643,132681,,,4.354839417653532e-05,Information
771113,14409.0,25483.06326,PAN,Panama,Chiriqu,4.029235193,1.251995078,0.62,0.53,,,,,,,,,,,,,,,,,,,,,,,,,,27.383848242944147,80.58470385999999,25.03990156,3.0,,,,,,,,,,,,,,,,37.96875,0.1489960198852284,545.625,2.1411279894618014,0.56953125,0.2234940298278426,19.096875,7.493947963116305,27.383848242944147,918429,7966.0,0.8673506607478639,0.6345362996186704,Watch
771115,14411.0,10725.25148,CRI,Costa Rica,Alajuela,0.888468559,0.264763694,0.68,0.44,,,,,,,,,,,,,,,,,,,,,,,,,,10.332944173867272,17.76937118,5.29527388,,,,,,,,,,,,,,,,,0.140625,0.0013111580667632,152.71875,1.4239176605048935,0.002109375,0.0019667371001448,5.34515625,4.983711811767128,10.332944173867272,2870864,,,0.0190308068378954,Information
771160,14426.0,10247.37911,MEX,Mexico,Oaxaca,4.013419003,0.0,0.57,0.6,,,,,,,,,,,,,,,,,,,,,,,,,,2.178384856150036,80.26838006,0.0,,,,,,,,,,,,,,,,,18.703125,0.1825161809540239,23.484375,0.2291744527768571,0.280546875,0.2737742714310358,0.821953125,0.8021105847189999,2.178384856150036,211595,,,0.0137748812704172,Information
771170,16335.0,10517.78886,MEX,Mexico,Oaxaca,4.049157726,0.0,0.57,0.6,,,,,,,,,,,,,,,,,,,,,,,,,,54.2632634034331,80.98315452,0.0,3.0,,,,,,,,,,,,,,,,504.84375,4.799903826979846,578.390625,5.499165582275238,7.57265625,7.1998557404697685,20.243671875,19.247079537963334,54.2632634034331,662665,72644.0,10.96240181690598,0.8528009737204028,Warning
771192,14429.0,7018.431323,MEX,Mexico,Guerrero,0.582926064,0.0,0.57,0.6,,,,,,,,,,,,,,,,,,,,,,,,,,0.4125982461747671,11.65852128,0.0,,,,,,,,,,,,,,,,,1.828125,0.0260474871923303,4.078125,0.0581059329675062,0.027421875,0.0390712307884954,0.142734375,0.2033707653862717,0.4125982461747671,361936,,,4.014167481712668e-08,Information
771193,14430.0,4719.756714,MEX,Mexico,Guerrero,4.019142296,0.0,0.57,0.6,,,,,,,,,,,,,,,,,,,,,,,,,,39.25901242920722,80.38284592,0.0,3.0,,,,,,,,,,,,,,,,214.453125,4.543732611312742,267.75,5.672961896353745,3.216796875,6.815598916969114,9.37125,19.855366637238102,39.25901242920722,327877,22250.0,6.786081365878058,0.7560888535015694,Watch
771194,14431.0,7631.855325,MEX,Mexico,Guerrero,0.693961998,0.0,0.57,0.6,,,,,,,,,,,,,,,,,,,,,,,,,,0.9210505863680504,13.87923996,0.0,,,,,,,,,,,,,,,,,4.921875,0.0644911989343272,9.28125,0.1216119751333028,0.073828125,0.0967367984014908,0.32484375,0.4256419129665598,0.9210505863680504,648527,,,2.8396366493597126e-06,Information
771195,14432.0,4130.88348,MEX,Mexico,Guerrero,4.007988731,0.0,0.57,0.6,,,,,,,,,,,,,,,,,,,,,,,,,,44.8216982163076,80.15977462000001,0.0,3.0,,,,,,,,,,,,,,,,200.53125,4.854439757199317,288.421875,6.982086915859606,3.00796875,7.281659635798976,10.094765625,24.43730420550862,44.8216982163076,1029545,153256.0,14.885799066577954,0.7924583771872884,Watch
771196,14433.0,1411.975171,MEX,Mexico,Guerrero,4.118812611,0.0,0.57,0.6,,,,,,,,,,,,,,,,,,,,,,,,,,1.233178748555105,82.37625222,0.0,,,,,,,,,,,,,,,,,1.96875,0.1394323385232393,3.515625,0.2489863187914988,0.02953125,0.2091485077848589,0.123046875,0.8714521157702457,1.233178748555105,48070,,,0.0039110699658189,Information
771197,14434.0,2329.10994,MEX,Mexico,Guerrero,3.342589629,0.0,0.57,0.6,,,,,,,,,,,,,,,,,,,,,,,,,,26.199031764092425,66.85179258,0.0,,,,,,,,,,,,,,,,,41.203125,1.7690502408024094,123.75,5.31318843653966,0.618046875,2.653575361203614,4.33125,18.59615952788881,26.199031764092425,22936,,,0.4070010691902113,Advisory
771198,14435.0,1357.339582,MEX,Mexico,Guerrero,0.504431289,0.0,0.57,0.6,,,,,,,,,,,,,,,,,,,,,,,,,,1.1295926710021116,10.08862578,0.0,,,,,,,,,,,,,,,,,0.140625,0.0103603403229386,3.796875,0.2797291887193439,0.002109375,0.0155405104844079,0.132890625,0.9790521605177036,1.1295926710021116,44332,,,6.017099516374411e-06,Information
771199,14436.0,3666.872941,MEX,Mexico,Guerrero,3.788841736,0.0,0.57,0.6,,,,,,,,,,,,,,,,,,,,,,,,,,18.46758499270532,75.77683472000001,0.0,,,,,,,,,,,,,,,,,20.25,0.5522416599828484,132.890625,3.6240858936374414,0.30375,0.8283624899742725,4.651171875,12.684300627731044,18.46758499270532,177001,,,0.3930830811903194,Advisory
771200,14437.0,4901.82112,MEX,Mexico,Puebla,0.609303952,0.0,0.57,0.6,,,,,,,,,,,,,,,,,,,,,,,,,,1.6843822044526782,12.18607904,0.0,,,,,,,,,,,,,,,,,5.765625,0.1176221012247711,13.359375,0.2725390150330062,0.086484375,0.1764331518371566,0.467578125,0.9538865526155216,1.6843822044526782,601758,,,3.8456448914765074e-05,Information
771220,14439.0,18390.5945,MEX,Mexico,Michoacán,0.375425372,0.0,0.57,0.6,,,,,,,,,,,,,,,,,,,,,,,,,,2.043909103457464,7.50850744,0.0,,,,,,,,,,,,,,,,,17.71875,0.0963468038084338,30.234375,0.1644012922128038,0.26578125,0.1445202057126507,1.058203125,0.5754045227448134,2.043909103457464,1241354,,,6.885305600447039e-05,Information
771230,14440.0,13398.59391,MEX,Mexico,Michoacán,2.148390308,0.0,0.57,0.6,,,,,,,,,,,,,,,,,,,,,,,,,,0.954078467056428,42.96780616,0.0,,,,,,,,,,,,,,,,,3.9375,0.0293874120401029,13.921875,0.1039054925703639,0.0590625,0.0440811180601543,0.487265625,0.3636692239962736,0.954078467056428,287869,,,2.151058786035364e-05,Information
771240,14441.0,13466.90084,MEX,Mexico,Michoacán,3.012327164,0.0,0.57,0.6,,,,,,,,,,,,,,,,,,,,,,,,,,2.497035952201865,60.24654328,0.0,,,,,,,,,,,,,,,,,12.515625,0.0929361933228321,35.578125,0.2641894034907476,0.187734375,0.1394042899842481,1.245234375,0.9246629122176168,2.497035952201865,1175794,,,0.0028236018230132,Information
771250,14442.0,19424.50004,MEX,Mexico,Guerrero,2.108318809,0.0,0.57,0.6,,,,,,,,,,,,,,,,,,,,,,,,,,2.130206857193855,42.16637618,0.0,,,,,,,,,,,,,,,,,10.40625,0.0535728074323452,35.71875,0.1838850417272391,0.15609375,0.0803592111485178,1.25015625,0.6435976460453369,2.130206857193855,997275,,,0.0004811017165942,Information
771260,14443.0,9605.816176,MEX,Mexico,Morelos,1.087507511,0.0,0.57,0.6,,,,,,,,,,,,,,,,,,,,,,,,,,1.1925709292747937,21.75015022,0.0,,,,,,,,,,,,,,,,,1.546875,0.0161035249025817,16.03125,0.1668910762631203,0.023203125,0.0241552873538725,0.56109375,0.584118766920921,1.1925709292747937,2724670,,,1.4334101790738338e-05,Information
771270,14444.0,13046.04257,MEX,Mexico,Guerrero,1.169724712,0.0,0.57,0.6,,,,,,,,,,,,,,,,,,,,,,,,,,0.3415724242224049,23.39449424,0.0,,,,,,,,,,,,,,,,,0.421875,0.0032337392557615,5.34375,0.0409606972396465,0.006328125,0.0048506088836422,0.18703125,0.1433624403387627,0.3415724242224049,1113549,,,3.101221348473164e-08,Information
771280,14445.0,11171.67959,MEX,Mexico,Oaxaca,2.034289139,0.0,0.57,0.6,,,,,,,,,,,,,,,,,,,,,,,,,,0.2798263940378592,40.68578278,0.0,,,,,,,,,,,,,,,,,1.96875,0.0176226858717145,3.375,0.030210318637225,0.02953125,0.0264340288075717,0.118125,0.1057361152302874,0.2798263940378592,447141,,,4.2440027243277286e-08,Information
771290,14446.0,10165.57577,MEX,Mexico,Puebla,1.047764717,0.0,0.57,0.6,,,,,,,,,,,,,,,,,,,,,,,,,,0.8508265226857477,20.95529434,0.0,,,,,,,,,,,,,,,,,0.703125,0.0069167257817335,11.953125,0.1175843382894707,0.010546875,0.0103750886726002,0.418359375,0.4115451840131474,0.8508265226857477,4676134,,,2.927476663716357e-06,Information
771301,14448.0,9419.954627,MEX,Mexico,Michoacán,4.018472715,0.0,0.57,0.6,,,,,,,,,,,,,,,,,,,,,,,,,,12.816883899401084,80.3694543,0.0,,,,,,,,,,,,,,,,,16.453125,0.1746624655010013,170.578125,1.810816843185595,0.246796875,0.261993698251502,5.970234375,6.337858951149583,12.816883899401084,275776,,,0.3349360860883438,Information
771302,14449.0,7639.176749,MEX,Mexico,Jalisco,2.114500941,0.0,0.57,0.6,,,,,,,,,,,,,,,,,,,,,,,,,,1.0228332623392136,42.29001882,0.0,,,,,,,,,,,,,,,,,1.96875,0.025771756103965,11.8125,0.1546305366237903,0.02953125,0.0386576341559475,0.4134375,0.5412068781832661,1.0228332623392136,428250,,,2.7551798702330145e-05,Information
771303,14450.0,588.9938251,MEX,Mexico,Colima,4.034989882,0.0,0.57,0.6,,,,,,,,,,,,,,,,,,,,,,,,,,14.85300610958824,80.69979763999999,0.0,,,,,,,,,,,,,,,,,10.125,1.719033301941027,19.265625,3.2709383661933424,0.151875,2.5785499529115405,0.674296875,11.4482842816767,14.85300610958824,111941,,,0.3966941410579152,Advisory
771308,14455.0,12951.53327,MEX,Mexico,Jalisco,2.516148087,0.0,0.57,0.6,,,,,,,,,,,,,,,,,,,,,,,,,,1.5587640020116222,50.32296174,0.0,,,,,,,,,,,,,,,,,10.40625,0.0803476297343885,20.671875,0.1596094806885827,0.15609375,0.1205214446015827,0.723515625,0.5586331824100395,1.5587640020116222,793987,,,0.0002684378050319,Information
771440,14460.0,15043.10838,MEX,Mexico,Zacatecas,2.847304069,0.0,0.57,0.6,,,,,,,,,,,,,,,,,,,,,,,,,,1.141268430603839,56.94608138,0.0,,,,,,,,,,,,,,,,,9.28125,0.0616976875279043,15.609375,0.1037642926605664,0.13921875,0.0925465312918564,0.546328125,0.3631750243119824,1.141268430603839,239412,,,0.000141538894214,Information
771460,14462.0,23040.43143,MEX,Mexico,Jalisco,1.629721232,0.0,0.57,0.6,,,,,,,,,,,,,,,,,,,,,,,,,,1.3833808318132856,32.59442464,0.0,,,,,,,,,,,,,,,,,7.875,0.0341790474949621,24.1875,0.1049785030202407,0.118125,0.0512685712424431,0.8465625,0.3674247605708424,1.3833808318132856,2485571,,,5.0913367410127386e-05,Information
771480,14464.0,12162.21224,MEX,Mexico,Guanajuato,1.290492054,0.0,0.57,0.6,,,,,,,,,,,,,,,,,,,,,,,,,,1.960308858296837,25.80984108,0.0,,,,,,,,,,,,,,,,,7.734375,0.063593488178204,27.421875,0.2254678217227234,0.116015625,0.095390232267306,0.959765625,0.7891373760295319,1.960308858296837,3495294,,,0.000139785248966,Information
771532,14470.0,5537.442109,MEX,Mexico,Durango,4.025303965,0.0,0.57,0.6,,,,,,,,,,,,,,,,,,,,,,,,,,1.3612940776099034,80.5060793,0.0,,,,,,,,,,,,,,,,,3.796875,0.0685673082477315,12.234375,0.2209391043538018,0.056953125,0.1028509623715972,0.428203125,0.7732868652383063,1.3612940776099034,81689,,,0.0038877393196349,Information
771534,14472.0,5723.847718,MEX,Mexico,Sinaloa,2.682202421,0.0,0.57,0.6,,,,,,,,,,,,,,,,,,,,,,,,,,8.52001492921731,53.64404842,0.0,,,,,,,,,,,,,,,,,35.15625,0.6142065919539006,73.546875,1.28492019036756,0.52734375,0.9213098879308508,2.574140625,4.49722066628646,8.52001492921731,95787,,,0.0451391410852703,Information
771540,14478.0,10090.95656,MEX,Mexico,Durango,4.040000953,1.032999259,0.57,0.6,,,,,,,,,,,,,,,,,,,,,,,,,,1.6462968212328049,80.80001906,20.65998518,,,,,,,,,,,,,,,,,2.953125,0.0292650650440287,22.359375,0.2215783496190748,0.044296875,0.043897597566043,0.782578125,0.7755242236667618,1.6462968212328049,61258,,,0.0070172162569984,Information
771603,14486.0,4187.27432,MEX,Mexico,Sinaloa,4.004704419,0.0,0.57,0.6,,,,,,,,,,,,,,,,,,,,,,,,,,0.8909876708678723,80.09408838,0.0,,,,,,,,,,,,,,,,,4.078125,0.0973933085837877,5.765625,0.1376939879977688,0.061171875,0.1460899628756815,0.201796875,0.4819289579921908,0.8909876708678723,58070,,,0.0009467690350336,Information
771604,14487.0,8104.5013,MEX,Mexico,Chihuahua,1.557654878,0.0,0.57,0.6,,,,,,,,,,,,,,,,,,,,,,,,,,0.2324633677938448,31.15309756,0.0,,,,,,,,,,,,,,,,,0.703125,0.0086757343103949,2.671875,0.0329677903795007,0.010546875,0.0130136014655923,0.093515625,0.1153872663282524,0.2324633677938448,39851,,,6.318284403097816e-09,Information
771605,14488.0,1010.904313,MEX,Mexico,Chihuahua,2.352571637,0.0,0.57,0.6,,,,,,,,,,,,,,,,,,,,,,,,,,0.6739507344103002,47.05143274,0.0,,,,,,,,,,,,,,,,,0.84375,0.0834648728741318,1.40625,0.1391081214568864,0.01265625,0.1251973093111977,0.04921875,0.4868784250991024,0.6739507344103002,4984,,,6.387636678728831e-06,Information
771700,14493.0,25325.95341,MEX,Mexico,Sonora,3.611020014,1.954883874,0.57,0.6,,,,,,,,,,,,,,,,,,,,,,,,,,50.60402705439749,72.22040028,39.09767748,3.0,,,,,,,,,,,,,,,,658.546875,2.600284634721725,754.3125,2.9784169935185423,9.878203125,3.900426952082588,26.4009375,10.424459477314898,50.60402705439749,956976,1552.0,0.16217752587316714,0.7256566479912118,Watch
771801,14495.0,14607.99585,MEX,Mexico,Sonora,4.0086432,2.173026084,0.57,0.6,,,,,,,,,,,,,,,,,,,,,,,,,,2.535915715677579,80.172864,43.46052168,,,,,,,,,,,,,,,,,18.0,0.1232201883295003,35.296875,0.2416270880523796,0.27,0.1848302824942504,1.235390625,0.8456948081833285,2.535915715677579,56921,,,0.0198673318481752,Information
771802,14496.0,7111.069801,MEX,Mexico,Sonora,3.075321274,0.0,0.57,0.6,,,,,,,,,,,,,,,,,,,,,,,,,,0.6141597999170856,61.50642548,0.0,,,,,,,,,,,,,,,,,3.234375,0.0454836626616692,5.90625,0.0830571231213091,0.048515625,0.0682254939925038,0.20671875,0.2906999309245818,0.6141597999170856,28279,,,1.7517970731383394e-05,Information
771803,14497.0,1699.987217,MEX,Mexico,Sonora,0.197369181,0.0,0.57,0.6,,,,,,,,,,,,,,,,,,,,,,,,,,0.5468279628307877,3.94738362,0.0,,,,,,,,,,,,,,,,,0.703125,0.0413606051177688,1.96875,0.1158096943297527,0.010546875,0.0620409076766532,0.06890625,0.4053339301541344,0.5468279628307877,878,,,1.1797931010178427e-07,Information
771804,14498.0,2897.08363,MEX,Mexico,Sonora,3.16864861,0.0,0.57,0.6,,,,,,,,,,,,,,,,,,,,,,,,,,0.1064245789568598,63.3729722,0.0,,,,,,,,,,,,,,,,,0.28125,0.009708038700807,0.5625,0.0194160774016141,0.00421875,0.0145620580512105,0.0196875,0.0679562709056493,0.1064245789568598,4467,,,2.592782898595798e-09,Information
771806,14500.0,22954.68814,MEX,Mexico,Sonora,2.405823551,0.0,0.57,0.6,,,,,,,,,,,,,,,,,,,,,,,,,,0.8893122149108446,48.116471020000006,0.0,,,,,,,,,,,,,,,,,9.140625,0.0398202970356524,13.78125,0.060036755530676,0.137109375,0.0597304455534786,0.48234375,0.210128644357366,0.8893122149108446,158156,,,2.3881871433599062e-05,Information
771809,14503.0,15588.66081,MEX,Mexico,Chihuahua,2.833608689,0.0,0.57,0.6,,,,,,,,,,,,,,,,,,,,,,,,,,0.115417400831011,56.67217378,0.0,,,,,,,,,,,,,,,,,0.421875,0.0027062940498606,1.828125,0.0117272742160629,0.006328125,0.0040594410747909,0.063984375,0.0410454597562201,0.115417400831011,74846,,,1.5332771524359224e-09,Information
771920,14506.0,25355.98213,MEX,Mexico,Sonora,0.779502072,0.033671315,0.57,0.6,,,,,,,,,,,,,,,,,,,,,,,,,,0.7010048945233749,15.59004144,0.6734263,,,,,,,,,,,,,,,,,5.625,0.0221841140725454,11.953125,0.0471412424041591,0.084375,0.0332761711088181,0.418359375,0.1649943484145568,0.7010048945233749,1010808,,,8.300675926954923e-07,Information
771950,14509.0,8231.771243,MEX,Mexico,Sonora,3.181433355,4.000897404,0.57,0.6,,,,,,,,,,,,,,,,,,,,,,,,,,5.643600961124898,63.6286671,80.01794808,,,,,,,,,,,,,,,,,22.21875,0.2699145705616633,63.28125,0.7687440300806868,0.33328125,0.4048718558424949,2.21484375,2.690604105282404,5.643600961124898,5851,,,0.1030590075751795,Information
771960,14510.0,26045.64708,MEX,Mexico,Sonora,3.048452808,0.0,0.57,0.6,,,,,,,,,,,,,,,,,,,,,,,,,,0.6558584390048863,60.96905616,0.0,,,,,,,,,,,,,,,,,3.375,0.0129580193950067,12.09375,0.0464329028321075,0.050625,0.01943702909251,0.42328125,0.1625151599123762,0.6558584390048863,240935,,,2.192809080029528e-05,Information
771970,14511.0,5091.738627,MEX,Mexico,Sonora,4.043754241,2.082249631,0.57,0.6,,,,,,,,,,,,,,,,,,,,,,,,,,16.738996271143698,80.87508482000001,41.64499262,,,,,,,,,,,,,,,,,81.84375,1.607383174752398,126.28125,2.480120431147171,1.22765625,2.411074762128597,4.41984375,8.6804215090151,16.738996271143698,7021,,,0.4469975018768745,Advisory
771980,14512.0,12579.63888,USA,United States,Arizona,3.510683462,0.0,0.77,0.32,,,,,,,,,,,,,,,,,,,,,,,,,,0.9389755700054612,70.21366924,0.0,,,,,,,,,,,,,,,,,2.390625,0.019003923898099,13.921875,0.1106699097595179,0.035859375,0.0285058858471485,0.487265625,0.3873446841583127,0.9389755700054612,32228,,,0.000273096811146,Information
772213,14519.0,10950.87386,USA,United States,Arizona,0.208586047,0.0,0.77,0.32,,,,,,,,,,,,,,,,,,,,,,,,,,0.6335878093538359,4.17172094,0.0,,,,,,,,,,,,,,,,,0.421875,0.0038524322847622,9.28125,0.0847535102647693,0.006328125,0.0057786484271433,0.32484375,0.2966372859266925,0.6335878093538359,13573,,,2.598213357923269e-07,Information
772214,14520.0,4856.243168,USA,United States,Arizona,0.026244463,0.0,0.77,0.32,,,,,,,,,,,,,,,,,,,,,,,,,,0.6001299722954819,0.52488926,0.0,,,,,,,,,,,,,,,,,1.265625,0.0260618127287407,5.0625,0.1042472509149631,0.018984375,0.039092719093111,0.1771875,0.3648653782023708,0.6001299722954819,4946,,,1.606396278263615e-07,Information
772217,14523.0,2412.268026,USA,United States,Arizona,0.023765767,0.0,0.77,0.32,,,,,,,,,,,,,,,,,,,,,,,,,,1.968144695646628,0.47531534,0.0,,,,,,,,,,,,,,,,,1.546875,0.0641253369562974,10.265625,0.4255590543463376,0.023203125,0.096188005434446,0.359296875,1.4894566902121815,1.968144695646628,230237,,,4.366953074052589e-05,Information
772218,14524.0,5750.706993,USA,United States,Arizona,0.314738454,0.0,0.77,0.32,,,,,,,,,,,,,,,,,,,,,,,,,,1.5791566170221154,6.29476908,0.0,,,,,,,,,,,,,,,,,5.625,0.0978140601972795,14.0625,0.2445351504931989,0.084375,0.1467210902959192,0.4921875,0.8558730267261961,1.5791566170221154,1279830,,,2.2203849003366614e-05,Information
772221,14527.0,2120.828307,USA,United States,Arizona,0.900702618,0.0,0.77,0.32,,,,,,,,,,,,,,,,,,,,,,,,,,1.2738508758960494,18.01405236,0.0,,,,,,,,,,,,,,,,,0.421875,0.0198919921305245,6.1875,0.2917492179143607,0.006328125,0.0298379881957867,0.2165625,1.0211222627002623,1.2738508758960494,1997659,,,1.5601551334162107e-05,Information
772227,14533.0,4020.291006,USA,United States,Arizona,0.070100629,0.0,0.77,0.32,,,,,,,,,,,,,,,,,,,,,,,,,,0.1593842613326417,1.40201258,0.0,,,,,,,,,,,,,,,,,0.421875,0.0104936433537823,1.125,0.0279830489434195,0.006328125,0.0157404650306734,0.039375,0.0979406713019682,0.1593842613326417,86268,,,6.486487221709299e-11,Information
772240,14537.0,21187.19506,USA,United States,Arizona,0.653236631,0.0,0.77,0.32,,,,,,,,,,,,,,,,,,,,,,,,,,0.9563290814155164,13.06473262,0.0,,,,,,,,,,,,,,,,,4.921875,0.0232304228345088,16.453125,0.0776559849039295,0.073828125,0.0348456342517632,0.575859375,0.2717959471637532,0.9563290814155164,1683024,,,3.2441788266773878e-06,Information
772250,14538.0,8499.917654,USA,United States,Arizona,0.08330673,0.0,0.77,0.32,,,,,,,,,,,,,,,,,,,,,,,,,,0.6549850475626485,1.6661346,0.0,,,,,,,,,,,,,,,,,1.6875,0.0198531335081859,7.875,0.0926479563715342,0.0253125,0.0297797002622788,0.275625,0.3242678473003696,0.6549850475626485,1652844,,,2.7002098741517374e-07,Information
772310,14544.0,15265.56021,USA,United States,Arizona,1.310452412,0.0,0.77,0.32,,,,,,,,,,,,,,,,,,,,,,,,,,3.629644578710168,26.20904824,0.0,,,,,,,,,,,,,,,,,13.640625,0.0893555480986766,56.8125,0.3721612518749008,0.204609375,0.1340333221480149,1.9884375,1.3025643815621528,3.629644578710168,42929,,,0.0012972296374445,Information
772347,14554.0,6821.106451,USA,United States,Nevada,4.001152903,0.0,0.77,0.32,,,,,,,,,,,,,,,,,,,,,,,,,,0.6034086279607466,80.02305806000001,0.0,,,,,,,,,,,,,,,,,0.5625,0.0082464627117413,6.75,0.0989575525408956,0.0084375,0.0123696940676119,0.23625,0.3463514338931346,0.6034086279607466,2003,,,0.0002328566397884,Information
772350,14557.0,11791.27815,USA,United States,Arizona,0.086107593,0.0,0.77,0.32,,,,,,,,,,,,,,,,,,,,,,,,,,3.1823148453786056,1.72215186,0.0,,,,,,,,,,,,,,,,,13.078125,0.1109135483831852,43.59375,0.3697118279439508,0.196171875,0.1663703225747778,1.52578125,1.2939913978038278,3.1823148453786056,1443,,,0.000301579612736,Information
772402,14563.0,7072.010728,USA,United States,Arizona,0.359775416,0.0,0.77,0.32,,,,,,,,,,,,,,,,,,,,,,,,,,0.4939321473584923,7.19550832,0.0,,,,,,,,,,,,,,,,,2.8125,0.0397694532451536,4.640625,0.0656195978545034,0.0421875,0.0596541798677304,0.162421875,0.2296685924907619,0.4939321473584923,12269,,,8.211268306027877e-08,Information
772403,14564.0,12487.25041,USA,United States,Arizona,0.024874656,0.0,0.77,0.32,,,,,,,,,,,,,,,,,,,,,,,,,,25.516448643658727,0.4974931199999999,0.0,,,,,,,,,,,,,,,,,124.3125,0.9955153931117822,351.5625,2.8153715868545874,1.8646875,1.4932730896676731,12.3046875,9.853800553991055,25.516448643658727,89285,,,0.0867790393763588,Information
772404,14565.0,5496.478184,USA,United States,Arizona,0.107593035,0.0,0.77,0.32,,,,,,,,,,,,,,,,,,,,,,,,,,0.2834765103660085,2.1518607000000003,0.0,,,,,,,,,,,,,,,,,1.125,0.0204676515094834,2.390625,0.0434937594576524,0.016875,0.030701477264225,0.083671875,0.1522281581017834,0.2834765103660085,5759,,,2.547448065637629e-09,Information
772408,14569.0,9452.660688,USA,United States,New Mexico,0.324674616,0.0,0.77,0.32,,,,,,,,,,,,,,,,,,,,,,,,,,1.7855525742773324,6.4934923200000005,0.0,,,,,,,,,,,,,,,,,2.390625,0.0252904983998616,23.765625,0.2514173076221543,0.035859375,0.0379357475997924,0.831796875,0.87996057667754,1.7855525742773324,11314,,,3.774206505349728e-05,Information
772602,14573.0,10682.54276,USA,United States,Arizona,0.960091054,0.0,0.77,0.32,,,,,,,,,,,,,,,,,,,,,,,,,,0.7242249176779705,19.20182108,0.0,,,,,,,,,,,,,,,,,2.953125,0.0276444013956292,9.421875,0.0881988044527219,0.044296875,0.0414666020934438,0.329765625,0.3086958155845266,0.7242249176779705,14567,,,1.2108844039630989e-06,Information
772604,14575.0,11914.5526,USA,United States,New Mexico,0.070313749,0.0,0.77,0.32,,,,,,,,,,,,,,,,,,,,,,,,,,0.6026613308030346,1.4062749799999998,0.0,,,,,,,,,,,,,,,,,0.84375,0.0070816759005073,9.0,0.0755378762720782,0.01265625,0.0106225138507609,0.315,0.2643825669522737,0.6026613308030346,7212,,,1.7216828810899725e-07,Information
772607,14578.0,1519.100664,USA,United States,New Mexico,3.4389357,0.0,0.77,0.32,,,,,,,,,,,,,,,,,,,,,,,,,,0.5171735364044244,68.77871400000001,0.0,,,,,,,,,,,,,,,,,0.28125,0.0185142437692546,1.828125,0.120342584500155,0.00421875,0.0277713656538819,0.063984375,0.4211990457505425,0.5171735364044244,30219,,,2.061497906577113e-05,Information
772808,14589.0,2539.721543,USA,United States,Colorado,1.774752216,0.0,0.77,0.32,,,,,,,,,,,,,,,,,,,,,,,,,,0.2395429647100938,35.49504432,0.0,,,,,,,,,,,,,,,,,0.28125,0.011074048678846,1.265625,0.0498332190548071,0.00421875,0.016611073018269,0.044296875,0.1744162666918248,0.2395429647100938,47686,,,1.0982582209709298e-08,Information
773100,14600.0,21524.17432,USA,United States,California,0.012402309,0.0,0.77,0.32,,,,,,,,,,,,,,,,,,,,,,,,,,0.840310747665735,0.24804618,0.0,,,,,,,,,,,,,,,,,6.75,0.0313600879606747,13.5,0.0627201759213494,0.10125,0.047040131941012,0.4725,0.2195206157247229,0.840310747665735,72281,,,8.911087367950251e-07,Information
773201,14602.0,21221.35721,USA,United States,California,0.439716854,0.0,0.77,0.32,,,,,,,,,,,,,,,,,,,,,,,,,,3.128188744638136,8.79433708,0.0,,,,,,,,,,,,,,,,,29.53125,0.1391581589775188,48.09375,0.2266290017633878,0.44296875,0.2087372384662781,1.68328125,0.7932015061718573,3.128188744638136,3209,,,0.0003722252724307,Information
773202,14603.0,11201.90579,USA,United States,California,0.286386611,0.0,0.77,0.32,,,,,,,,,,,,,,,,,,,,,,,,,,3.675692724167276,5.72773222,0.0,,,,,,,,,,,,,,,,,22.5,0.2008586791214802,45.84375,0.409249558710016,0.3375,0.3012880186822203,1.60453125,1.432373455485056,3.675692724167276,464828,,,0.0005883977760048,Information
773204,14605.0,7446.685158,USA,United States,Nevada,0.026374187,0.0,0.77,0.32,,,,,,,,,,,,,,,,,,,,,,,,,,0.3096993689710422,0.52748374,0.0,,,,,,,,,,,,,,,,,0.28125,0.0037768482759796,3.65625,0.0490990275877351,0.00421875,0.0056652724139694,0.12796875,0.1718465965570728,0.3096993689710422,63535,,,3.91600102217332e-09,Information
773205,14606.0,9136.698653,USA,United States,California,0.000121864,0.0,0.77,0.32,,,,,,,,,,,,,,,,,,,,,,,,,,1.7171522649623627,0.00243728,0.0,,,,,,,,,,,,,,,,,9.703125,0.1061994640349966,19.265625,0.2108598054028194,0.145546875,0.1592991960524949,0.674296875,0.7380093189098679,1.7171522649623627,441853,,,2.4069982395934e-05,Information
773206,14607.0,6746.930403,USA,United States,California,1.013666099,0.0,0.77,0.32,,,,,,,,,,,,,,,,,,,,,,,,,,0.2513182443042252,20.27332198,0.0,,,,,,,,,,,,,,,,,0.84375,0.0125056870253521,2.53125,0.0375170610760563,0.01265625,0.0187585305380281,0.08859375,0.131309713766197,0.2513182443042252,11425,,,4.2146885673646e-09,Information
773207,14608.0,9701.171161,USA,United States,California,3.507710971,0.0,0.77,0.32,,,,,,,,,,,,,,,,,,,,,,,,,,2.5045517280593943,70.15421942,0.0,,,,,,,,,,,,,,,,,11.671875,0.1203140817319609,30.234375,0.3116569587032723,0.175078125,0.1804711225979413,1.058203125,1.090799355461453,2.5045517280593943,42660,,,0.0066072847505795,Information
773209,14610.0,9117.298183,USA,United States,California,0.940799186,0.0,0.77,0.32,,,,,,,,,,,,,,,,,,,,,,,,,,21.57230677536521,18.81598372,0.0,,,,,,,,,,,,,,,,,85.078125,0.9331506252181454,257.484375,2.824130239296569,1.276171875,1.3997259378272182,9.011953125,9.884455837537992,21.57230677536521,27767,,,0.0925345107312822,Information
773305,14615.0,9561.677959,USA,United States,Nevada,0.031058728,0.0,0.77,0.32,,,,,,,,,,,,,,,,,,,,,,,,,,2.0800454530340904,0.62117456,0.0,,,,,,,,,,,,,,,,,0.84375,0.0088242879919841,28.6875,0.3000257917274612,0.01265625,0.0132364319879761,1.0040625,1.0500902710461142,2.0800454530340904,3481,,,5.5193073864745725e-05,Information
773501,14625.0,7179.000421,USA,United States,Nevada,1.105548182,0.0,0.77,0.32,,,,,,,,,,,,,,,,,,,,,,,,,,12.285936885024892,22.11096364,0.0,,,,,,,,,,,,,,,,,3.65625,0.0509297922516152,145.125,2.02152098475642,0.05484375,0.0763946883774228,5.079375,7.07532344664747,12.285936885024892,524343,,,0.0323858957670808,Information
773506,14630.0,18347.1271,USA,United States,Nevada,0.048297962,0.0,0.77,0.32,,,,,,,,,,,,,,,,,,,,,,,,,,0.1205858919079478,0.96595924,0.0,,,,,,,,,,,,,,,,,0.28125,0.0015329375462323,2.109375,0.0114970315967427,0.00421875,0.0022994063193484,0.073828125,0.0402396105885994,0.1205858919079478,693,,,9.674257795289196e-12,Information
773508,14632.0,7812.723815,USA,United States,Oregon,0.662572215,0.0,0.77,0.32,,,,,,,,,,,,,,,,,,,,,,,,,,0.2292431880676636,13.2514443,0.0,,,,,,,,,,,,,,,,,0.140625,0.0017999484345127,2.8125,0.0359989686902556,0.002109375,0.002699922651769,0.0984375,0.1259963904158946,0.2292431880676636,86,,,1.4604267274817227e-09,Information
773601,14634.0,3843.785008,USA,United States,Nevada,0.819301728,0.0,0.77,0.32,,,,,,,,,,,,,,,,,,,,,,,,,,3.866939117441049,16.38603456,0.0,,,,,,,,,,,,,,,,,0.703125,0.0182925163224692,30.375,0.7902367051306699,0.010546875,0.0274387744837038,1.063125,2.765828467957345,3.866939117441049,956,,,0.0010569420661608,Information
773609,14642.0,2324.539591,USA,United States,Oregon,3.09510043,0.0,0.77,0.32,,,,,,,,,,,,,,,,,,,,,,,,,,5.882653868798822,61.9020086,0.0,,,,,,,,,,,,,,,,,1.125,0.0483966805454886,31.21875,1.343007885137311,0.016875,0.0725950208182329,1.09265625,4.700527597980589,5.882653868798822,393,,,0.0308703346626635,Information
773816,14652.0,15010.65895,USA,United States,Utah,1.846117648,0.0,0.77,0.32,,,,,,,,,,,,,,,,,,,,,,,,,,8.73033206070438,36.922352960000005,0.0,,,,,,,,,,,,,,,,,1.828125,0.0121788457566175,148.921875,0.9921075120198442,0.027421875,0.0182682686349262,5.212265625,3.4723762920694545,8.73033206070438,2425707,,,0.0239890103203051,Information
773836,14663.0,3919.111518,USA,United States,Utah,0.610698972,0.0,0.77,0.32,,,,,,,,,,,,,,,,,,,,,,,,,,1.3809614776346364,12.21397944,0.0,,,,,,,,,,,,,,,,,2.953125,0.0753519002000989,9.84375,0.2511730006669966,0.044296875,0.1130278503001483,0.34453125,0.8791055023344881,1.3809614776346364,1262,,,1.6470307383145406e-05,Information
773840,14667.0,5398.714706,USA,United States,Utah,0.006044938,0.0,0.77,0.32,,,,,,,,,,,,,,,,,,,,,,,,,,0.3609932986113359,0.12089876,0.0,,,,,,,,,,,,,,,,,0.5625,0.0104191466049482,3.375,0.0625148796296896,0.0084375,0.0156287199074223,0.118125,0.2188020787039136,0.3609932986113359,25542,,,9.391279123662632e-09,Information
774112,14671.0,3637.707088,MEX,Mexico,Baja California Sur,1.914557018,3.485213976,0.57,0.6,,,,,,,,,,,,,,,,,,,,,,,,,,0.5377449484145326,38.29114036,69.70427952,,,,,,,,,,,,,,,,,0.703125,0.0193287964909084,3.796875,0.1043755010509057,0.010546875,0.0289931947363626,0.132890625,0.3653142536781699,0.5377449484145326,7585,,,2.7725463502940496e-05,Information
774113,14672.0,459.4927512,MEX,Mexico,Baja California Sur,1.351253677,3.306519792,0.57,0.6,,,,,,,,,,,,,,,,,,,,,,,,,,28.873606386336498,27.02507354,66.13039584,,,,,,,,,,,,,,,,,16.3125,3.550110411103142,29.25,6.365715219909082,0.2446875,5.325165616654713,1.02375,22.280003269681785,28.873606386336498,0,,,0.436601998602635,Advisory
774114,14673.0,4188.509253,MEX,Mexico,Baja California Sur,0.281341669,0.0,0.57,0.6,,,,,,,,,,,,,,,,,,,,,,,,,,0.8550751336065424,5.626833380000001,0.0,,,,,,,,,,,,,,,,,2.390625,0.0570757960797282,6.1875,0.1477255898534143,0.035859375,0.0856136941195923,0.2165625,0.5170395644869501,0.8550751336065424,18899,,,1.2766749013744685e-06,Information
774115,16337.0,3151.425115,MEX,Mexico,Baja California Sur,2.655567027,0.0,0.57,0.6,,,,,,,,,,,,,,,,,,,,,,,,,,5.583893836614445,53.11134054,0.0,,,,,,,,,,,,,,,,,16.03125,0.5086984273505484,31.359375,0.995085520168178,0.24046875,0.7630476410258226,1.097578125,3.4827993205886227,5.583893836614445,648,,,0.0166731235768289,Information
774116,14674.0,2650.039603,MEX,Mexico,Baja California Sur,2.106771534,0.0,0.57,0.6,,,,,,,,,,,,,,,,,,,,,,,,,,0.1275427149208624,42.13543068,0.0,,,,,,,,,,,,,,,,,0.140625,0.005306524469519,0.703125,0.0265326223475954,0.002109375,0.0079597867042785,0.024609375,0.0928641782165839,0.1275427149208624,874,,,4.75544539220504e-10,Information
774118,14676.0,3151.952695,MEX,Mexico,Baja California Sur,2.541693094,0.0,0.57,0.6,,,,,,,,,,,,,,,,,,,,,,,,,,2.948554426853093,50.83386188,0.0,,,,,,,,,,,,,,,,,10.6875,0.3390755202802687,15.609375,0.4952287204093399,0.1603125,0.5086132804204031,0.546328125,1.7333005214326898,2.948554426853093,3674,,,0.00244729784576,Information
774131,14679.0,8550.373996,MEX,Mexico,Baja California,4.065333965,3.662024756,0.57,0.6,,,,,,,,,,,,,,,,,,,,,,,,,,19.297036747888463,81.3066793,73.24049512,,,,,,,,,,,,,,,,,144.421875,1.6890708531749337,192.234375,2.2482569194645903,2.166328125,2.5336062797624006,6.728203125,7.8688992181260655,19.297036747888463,40709,,,0.5126783530336589,Advisory
774137,14685.0,3669.065787,MEX,Mexico,Baja California,4.116678536,3.00537196,0.57,0.6,,,,,,,,,,,,,,,,,,,,,,,,,,1.791727570157418,82.33357072000001,60.1074392,,,,,,,,,,,,,,,,,1.546875,0.0421599145372269,13.078125,0.3564429138147365,0.023203125,0.0632398718058403,0.457734375,1.2475501983515778,1.791727570157418,387213,,,0.0110546198499565,Information
774140,14688.0,4442.526015,MEX,Mexico,Baja California,4.07427889,0.0,0.57,0.6,,,,,,,,,,,,,,,,,,,,,,,,,,1.273212558885248,81.48557780000002,0.0,,,,,,,,,,,,,,,,,3.796875,0.0854665788685878,9.5625,0.2152491615949618,0.056953125,0.1281998683028817,0.3346875,0.7533720655823662,1.273212558885248,1819335,,,0.003714157183238,Information
774150,16338.0,9220.502501,USA,United States,California,2.813908744,0.101008526,0.77,0.32,,,,,,,,,,,,,,,,,,,,,,,,,,4.978955381227378,56.27817488,2.02017052,,,,,,,,,,,,,,,,,9.28125,0.1006588306806046,64.265625,0.6969861457732774,0.13921875,0.1509882460209069,2.249296875,2.439451510206471,4.978955381227378,4741669,,,0.0149041896640499,Information
774160,14689.0,6515.846551,USA,United States,California,0.813167465,0.0,0.77,0.32,,,,,,,,,,,,,,,,,,,,,,,,,,3.9244594454825,16.2633493,0.0,,,,,,,,,,,,,,,,,5.765625,0.0884861998317733,41.765625,0.6409853987813828,0.086484375,0.1327292997476599,1.461796875,2.24344889573484,3.9244594454825,4830821,,,0.0011050301458181,Information
774170,14690.0,15553.08566,USA,United States,California,1.008137113,0.005010881,0.77,0.32,,,,,,,,,,,,,,,,,,,,,,,,,,7.924711166274177,20.16274226,0.10021762,,,,,,,,,,,,,,,,,35.4375,0.2278486775221843,122.625,0.7884287571402572,0.5315625,0.3417730162832764,4.291875,2.7595006499909003,7.924711166274177,11995705,,,0.0104439549518095,Information
774190,14692.0,3691.449964,USA,United States,California,0.53989862,0.319322625,0.77,0.32,,,,,,,,,,,,,,,,,,,,,,,,,,9.534352059076026,10.7979724,6.386452500000001,,,,,,,,,,,,,,,,,22.078125,0.5980881555114529,63.984375,1.733312807373956,0.331171875,0.8971322332671794,2.239453125,6.066594825808847,9.534352059076026,294651,,,0.0126758041091054,Information
774401,14694.0,24553.8437,USA,United States,California,0.276865117,0.0,0.77,0.32,,,,,,,,,,,,,,,,,,,,,,,,,,8.064306507113985,5.53730234,0.0,,,,,,,,,,,,,,,,,58.5,0.2382519035483233,138.65625,0.5647028290832857,0.8775,0.3573778553224849,4.85296875,1.9764599017915,8.064306507113985,1085763,,,0.0069322058713632,Information
774402,14695.0,5907.738048,USA,United States,California,0.005704628,0.0,0.77,0.32,,,,,,,,,,,,,,,,,,,,,,,,,,2.616542440714335,0.11409256,0.0,,,,,,,,,,,,,,,,,4.078125,0.0690302272513975,26.015625,0.4403652428106396,0.061171875,0.1035453408770962,0.910546875,1.5412783498372389,2.616542440714335,555324,,,0.0001351721735565,Information
774421,14698.0,1626.037821,USA,United States,California,0.916741849,0.0,0.77,0.32,,,,,,,,,,,,,,,,,,,,,,,,,,25.95085245359893,18.33483698,0.0,,,,,,,,,,,,,,,,,42.46875,2.611793492245982,85.5,5.258180275779989,0.63703125,3.917690238368973,2.9925,18.40363096522996,25.95085245359893,361192,,,0.1258100747631806,Information
774422,14699.0,5855.023476,USA,United States,California,0.230546704,0.0,0.77,0.32,,,,,,,,,,,,,,,,,,,,,,,,,,13.02918733523765,4.61093408,0.0,,,,,,,,,,,,,,,,,57.9375,0.9895348880952538,112.640625,1.92382875088422,0.8690625,1.4843023321428808,3.942421875,6.733400628094769,13.02918733523765,317618,,,0.0232529828724253,Information
774424,14701.0,5041.278519,USA,United States,California,3.343693369,0.0,0.77,0.32,,,,,,,,,,,,,,,,,,,,,,,,,,14.892711527226208,66.87386738,0.0,,,,,,,,,,,,,,,,,49.921875,0.9902621887703348,121.21875,2.40452396259163,0.748828125,1.485393283155502,4.24265625,8.415833869070706,14.892711527226208,249312,,,0.2120146069064091,Information
774425,14702.0,1903.036162,USA,United States,California,0.306867447,0.0,0.77,0.32,,,,,,,,,,,,,,,,,,,,,,,,,,0.3826154514155627,6.137348940000001,0.0,,,,,,,,,,,,,,,,,0.140625,0.007389507503806,1.6875,0.0886740900456725,0.002109375,0.011084261255709,0.0590625,0.3103593151598537,0.3826154514155627,175209,,,1.8716065716759e-08,Information
774426,14703.0,3612.115212,USA,United States,California,0.113193129,0.0,0.77,0.32,,,,,,,,,,,,,,,,,,,,,,,,,,5.855835061162706,2.26386258,0.0,,,,,,,,,,,,,,,,,13.359375,0.3698490833126308,38.671875,1.0706157674839312,0.200390625,0.5547736249689461,1.353515625,3.7471551861937593,5.855835061162706,49759,,,0.0024401311708175,Information
774427,14704.0,10634.36232,USA,United States,California,0.250159952,0.0,0.77,0.32,,,,,,,,,,,,,,,,,,,,,,,,,,9.080828049951034,5.00319904,0.0,,,,,,,,,,,,,,,,,44.578125,0.4191894506714175,114.609375,1.0777268211268305,0.668671875,0.6287841760071262,4.011328125,3.7720438739439066,9.080828049951034,441917,,,0.0094454264634941,Information
774428,14705.0,5277.187403,USA,United States,California,0.072905585,0.0,0.77,0.32,,,,,,,,,,,,,,,,,,,,,,,,,,8.962354420043717,1.4581117,0.0,,,,,,,,,,,,,,,,,17.71875,0.3357612426416118,80.859375,1.5322437660232284,0.26578125,0.5036418639624176,2.830078125,5.3628531810813,8.962354420043717,163695,,,0.008254845020168,Information
774429,14706.0,11951.94923,USA,United States,California,0.173609365,0.0,0.77,0.32,,,,,,,,,,,,,,,,,,,,,,,,,,8.0636150008586,3.4721873,0.0,,,,,,,,,,,,,,,,,32.484375,0.2717914406464884,111.515625,0.9330329542539624,0.487265625,0.4076871609697326,3.903046875,3.2656153398888685,8.0636150008586,909148,,,0.006523767085314,Information
774440,14708.0,5994.054285,USA,United States,California,1.517644064,0.0,0.77,0.32,,,,,,,,,,,,,,,,,,,,,,,,,,12.401433624492164,30.35288128,0.0,,,,,,,,,,,,,,,,,40.78125,0.6803617060825196,115.3125,1.923781375819538,0.61171875,1.0205425591237791,4.0359375,6.733234815368383,12.401433624492164,1329816,,,0.0422070667788483,Information
774492,14714.0,2072.704956,USA,United States,California,0.464874645,0.0,0.77,0.32,,,,,,,,,,,,,,,,,,,,,,,,,,8.178576227902397,9.2974929,0.0,,,,,,,,,,,,,,,,,16.171875,0.7802304399937663,33.1875,1.6011685551176422,0.242578125,1.1703456599906494,1.1615625,5.604089942911748,8.178576227902397,4660,,,0.0080626553256861,Information
774493,14715.0,7171.415515,USA,United States,California,0.660032487,0.0,0.77,0.32,,,,,,,,,,,,,,,,,,,,,,,,,,0.6767991488655158,13.20064974,0.0,,,,,,,,,,,,,,,,,2.109375,0.0294136491690683,7.171875,0.1000064071748324,0.031640625,0.0441204737536024,0.251015625,0.3500224251119134,0.6767991488655158,170417,,,6.050401416722083e-07,Information
774600,14723.0,9387.068157,USA,United States,California,1.417051226,0.0,0.77,0.32,,,,,,,,,,,,,,,,,,,,,,,,,,2.2174495242295733,28.34102452,0.0,,,,,,,,,,,,,,,,,14.484375,0.1543013724566418,24.46875,0.2606644544413173,0.217265625,0.2314520586849627,0.85640625,0.9123255905446106,2.2174495242295733,39684,,,0.000254893264879,Information
774804,14729.0,2101.428366,USA,United States,California,1.527404796,0.0,0.77,0.32,,,,,,,,,,,,,,,,,,,,,,,,,,0.3077288232406459,30.54809592,0.0,,,,,,,,,,,,,,,,,0.28125,0.0133837538547708,1.40625,0.0669187692738542,0.00421875,0.0200756307821561,0.04921875,0.2342156924584897,0.3077288232406459,3052,,,2.993804471269525e-08,Information
781008,14743.0,2221.138851,USA,United States,Oregon,0.769060305,2.227284202,0.77,0.32,,,,,,,,,,,,,,,,,,,,,,,,,,1.0832446202067243,15.3812061,44.54568404,,,,,,,,,,,,,,,,,3.9375,0.1772739240413449,3.9375,0.1772739240413449,0.0590625,0.2659108860620173,0.1378125,0.6204587341447072,1.0832446202067243,6104,,,4.1494768692767214e-05,Information
782506,14754.0,6532.349368,USA,United States,Oregon,1.659120188,0.0,0.77,0.32,,,,,,,,,,,,,,,,,,,,,,,,,,0.2064218659165275,33.18240376,0.0,,,,,,,,,,,,,,,,,0.84375,0.0129164861292959,1.96875,0.0301384676350239,0.01265625,0.0193747291939438,0.06890625,0.1054846367225836,0.2064218659165275,57882,,,3.739479014295886e-09,Information
782618,14765.0,4691.102957,USA,United States,Washington,1.56492969,0.0,0.77,0.32,,,,,,,,,,,,,,,,,,,,,,,,,,0.3765373726085095,31.2985938,0.0,,,,,,,,,,,,,,,,,1.125,0.0239815670276968,2.953125,0.0629516134477041,0.016875,0.0359723505415452,0.103359375,0.2203306470669643,0.3765373726085095,3478,,,9.62138870147765e-08,Information
782669,14779.0,9563.714877,USA,United States,Montana,0.97935365,0.0,0.77,0.32,,,,,,,,,,,,,,,,,,,,,,,,,,1.9676295758973887,19.587073,0.0,,,,,,,,,,,,,,,,,0.140625,0.0014704014267505,27.421875,0.2867282782163611,0.002109375,0.0022056021401257,0.959765625,1.0035489737572638,1.9676295758973887,47834,,,0.0001034883358618,Information
782681,14781.0,142.3869121,CAN,Canada,British Columbia,2.795755387,0.0,0.8,0.28,,,,,,,,,,,,,,,,,,,,,,,,,,3.005065153457629,55.91510774,0.0,,,,,,,,,,,,,,,,,0.84375,0.5925755306915258,0.84375,0.5925755306915258,0.01265625,0.8888632960372886,0.02953125,2.0740143574203405,3.005065153457629,1413,,,0.0036176255381581,Information
782688,14788.0,2702.900737,CAN,Canada,British Columbia,0.128404808,0.0,0.8,0.28,,,,,,,,,,,,,,,,,,,,,,,,,,0.8029927443267794,2.56809616,0.0,,,,,,,,,,,,,,,,,0.5625,0.0208109751218692,4.640625,0.1716905447554216,0.0084375,0.0312164626828038,0.162421875,0.6009169066439756,0.8029927443267794,29326,,,7.990389669552812e-07,Information
782702,14800.0,8529.548298,USA,United States,Washington,0.712508799,0.0,0.77,0.32,,,,,,,,,,,,,,,,,,,,,,,,,,2.0254189252339527,14.25017598,0.0,,,,,,,,,,,,,,,,,17.859375,0.2093824242152519,18.984375,0.2225718682603071,0.267890625,0.3140736363228779,0.664453125,0.7790015389110748,2.0254189252339527,83490,,,8.996096980459136e-05,Information
782705,14803.0,2448.358991,USA,United States,Washington,1.563408332,0.0,0.77,0.32,,,,,,,,,,,,,,,,,,,,,,,,,,10.48174315050806,31.26816664,0.0,,,,,,,,,,,,,,,,,28.828125,1.1774468167490804,46.546875,1.9011458358241249,0.432421875,1.7661702251236204,1.629140625,6.654010425384437,10.48174315050806,11870,,,0.0300147099019763,Information
782707,14805.0,1422.542255,USA,United States,Washington,0.851966478,0.0,0.77,0.32,,,,,,,,,,,,,,,,,,,,,,,,,,1.7106957090030026,17.03932956,0.0,,,,,,,,,,,,,,,,,1.40625,0.0988547085150496,5.484375,0.3855333632086938,0.02109375,0.1482820627725743,0.191953125,1.3493667712304285,1.7106957090030026,24650,,,5.19142259382068e-05,Information
782708,14806.0,10631.54489,USA,United States,Oregon,1.780665425,0.0,0.77,0.32,,,,,,,,,,,,,,,,,,,,,,,,,,0.2947281804562581,35.6133085,0.0,,,,,,,,,,,,,,,,,0.28125,0.0026454292677084,4.21875,0.0396814390156273,0.00421875,0.0039681439015626,0.14765625,0.1388850365546955,0.2947281804562581,29282,,,3.5899751163846566e-08,Information
782900,14817.0,16828.95738,USA,United States,Idaho,2.128930196,0.0,0.77,0.32,,,,,,,,,,,,,,,,,,,,,,,,,,10.052514874706697,42.578603920000006,0.0,,,,,,,,,,,,,,,,,11.53125,0.0685202876284453,175.21875,1.0411741266468653,0.17296875,0.1027804314426679,6.13265625,3.644109443264029,10.052514874706697,6506,,,0.0407022664506094,Information
782920,14819.0,12193.27276,USA,United States,Oregon,1.337473261,0.0,0.77,0.32,,,,,,,,,,,,,,,,,,,,,,,,,,1.9670140824482216,26.74946522,0.0,,,,,,,,,,,,,,,,,1.828125,0.0149928984343876,30.09375,0.2468061742276115,0.027421875,0.0224893476515814,1.05328125,0.8638216097966402,1.9670140824482216,11620,,,0.0001488065228203,Information
782940,14821.0,10351.69997,USA,United States,Idaho,0.123270894,0.0,0.77,0.32,,,,,,,,,,,,,,,,,,,,,,,,,,7.290573297709434,2.46541788,0.0,,,,,,,,,,,,,,,,,9.0,0.0869422415826332,102.09375,0.9862510529529958,0.135,0.1304133623739498,3.57328125,3.451878685335485,7.290573297709434,755460,,,0.0047485029669837,Information
782992,14827.0,8381.553142,USA,United States,Idaho,3.007767492,0.0,0.77,0.32,,,,,,,,,,,,,,,,,,,,,,,,,,1.0300699160541242,60.15534984,0.0,,,,,,,,,,,,,,,,,2.109375,0.0251668749724906,12.515625,0.149323458170111,0.031640625,0.0377503124587359,0.438046875,0.5226321035953885,1.0300699160541242,32955,,,0.0001284099314084,Information
782993,14828.0,489.6768035,USA,United States,Idaho,0.670969114,0.0,0.77,0.32,,,,,,,,,,,,,,,,,,,,,,,,,,6.943621528933834,13.41938228,0.0,,,,,,,,,,,,,,,,,0.28125,0.0574358429842415,9.140625,1.866664896987849,0.00421875,0.0861537644763622,0.319921875,6.533327139457471,6.943621528933834,4097,,,0.0058137438332313,Information
782998,14832.0,8474.565157,USA,United States,Idaho,1.527776513,0.0,0.77,0.32,,,,,,,,,,,,,,,,,,,,,,,,,,7.81734929955133,30.55553026,0.0,,,,,,,,,,,,,,,,,1.828125,0.0215719032918303,101.671875,1.199729698461024,0.027421875,0.0323578549377454,3.558515625,4.199053944613584,7.81734929955133,50778,,,0.0144744420600879,Information
783102,14836.0,5457.904529,USA,United States,Washington,1.2121206,0.0,0.77,0.32,,,,,,,,,,,,,,,,,,,,,,,,,,2.959211699281358,24.242412,0.0,,,,,,,,,,,,,,,,,19.125,0.3504092074054706,21.65625,0.3967868966209006,0.286875,0.5256138111082059,0.75796875,1.388754138173152,2.959211699281358,137829,,,0.0005921892482143,Information
783104,14838.0,2643.803225,USA,United States,Washington,1.852584683,2.362073748,0.77,0.32,,,,,,,,,,,,,,,,,,,,,,,,,,1.570355647047955,37.05169366,47.24147496,,,,,,,,,,,,,,,,,5.484375,0.2074426321621852,7.03125,0.2659520925156221,0.082265625,0.3111639482432778,0.24609375,0.9308323238046772,1.570355647047955,339285,,,0.0002203550010799,Information
783106,14840.0,4542.384144,USA,United States,Washington,0.865406284,1.075765231,0.77,0.32,,,,,,,,,,,,,,,,,,,,,,,,,,1.3326189965902948,17.30812568,21.51530462,,,,,,,,,,,,,,,,,2.8125,0.0619168240939388,10.6875,0.2352839315569676,0.0421875,0.0928752361409082,0.3740625,0.8234937604493866,1.3326189965902948,297888,,,2.2932401785423247e-05,Information
783107,14841.0,2357.513738,USA,United States,Washington,0.42958393,2.33361222,0.77,0.32,,,,,,,,,,,,,,,,,,,,,,,,,,7.076371719782568,8.5916786,46.6722444,,,,,,,,,,,,,,,,,17.15625,0.7277264060557012,31.21875,1.3242234601997187,0.25734375,1.0915896090835515,1.09265625,4.634782110699016,7.076371719782568,194768,,,0.0217074842754276,Information
783306,14880.0,1352.265059,CAN,Canada,British Columbia,3.117920538,0.0,0.8,0.28,,,,,,,,,,,,,,,,,,,,,,,,,,1.168741394554885,62.35841076,0.0,,,,,,,,,,,,,,,,,2.390625,0.1767867167417479,2.953125,0.218383591269218,0.035859375,0.2651800751126218,0.103359375,0.764342569442263,1.168741394554885,246,,,0.0002581230171815,Information
811205,14949.0,4563.322772,USA,United States,Alaska,3.037993573,0.0,0.77,0.32,,,,,,,,,,,,,,,,,,,,,,,,,,0.4465446627844882,60.75987146,0.0,,,,,,,,,,,,,,,,,0.140625,0.0030816360581355,3.9375,0.0862858096277957,0.002109375,0.0046224540872032,0.1378125,0.3020003336972849,0.4465446627844882,7,,,3.804224001861522e-06,Information
811308,14961.0,5762.306877,USA,United States,Alaska,4.025932517,0.0,0.77,0.32,,,,,,,,,,,,,,,,,,,,,,,,,,3.856295556771993,80.51865034000001,0.0,,,,,,,,,,,,,,,,,0.140625,0.0024404288596229,40.21875,0.6979626538521597,0.002109375,0.0036606432894343,1.40765625,2.442869288482559,3.856295556771993,21780,,,0.0526429354694244,Information
811530,14974.0,4166.185534,USA,United States,Alaska,3.037993207,0.0,0.77,0.32,,,,,,,,,,,,,,,,,,,,,,,,,,14.13930877739809,60.75986414,0.0,,,,,,,,,,,,,,,,,50.484375,1.2117649246993285,97.171875,2.332394325814028,0.757265625,1.8176473870489929,3.401015625,8.163380140349098,14.13930877739809,20,,,0.1536885057244646,Information
811540,14984.0,4490.794035,USA,United States,Alaska,4.036179622,3.502942863,0.77,0.32,,,,,,,,,,,,,,,,,,,,,,,,,,13.479107553790588,80.72359243999999,70.05885726,,,,,,,,,,,,,,,,,0.5625,0.0125256245464273,119.109375,2.652300997705985,0.0084375,0.0187884368196409,4.168828125,9.283053491970946,13.479107553790588,0,,,0.3602685572576543,Advisory
812101,15027.0,5245.082327,USA,United States,Alaska,3.239352773,0.0,0.77,0.32,,,,,,,,,,,,,,,,,,,,,,,,,,31.464287876060588,64.78705545999999,0.0,,,,,,,,,,,,,,,,,4.078125,0.0777514011309115,307.546875,5.863528078389778,0.061171875,0.1166271016963672,10.764140625,20.522348274364223,31.464287876060588,740,,,0.4551894722003815,Advisory
812209,15044.0,10782.95354,USA,United States,Alaska,1.354297786,0.0,0.77,0.32,,,,,,,,,,,,,,,,,,,,,,,,,,45.46953214735954,27.08595572,0.0,,,,,,,,,,,,,,,,,17.4375,0.1617135781039929,666.5625,6.181631937201018,0.2615625,0.2425703671559893,23.3296875,21.63571178020356,45.46953214735954,10,,,0.3183781764233012,Advisory
812460,15059.0,10578.4178,USA,United States,Alaska,1.5727264,0.0,0.77,0.32,,,,,,,,,,,,,,,,,,,,,,,,,,7.401186336360208,31.454528000000003,0.0,,,,,,,,,,,,,,,,,1.96875,0.0186110062683581,107.859375,1.019617271987906,0.02953125,0.0279165094025371,3.775078125,3.568660451957671,7.401186336360208,771,,,0.0130118791270673,Information
812474,15063.0,5612.6647,USA,United States,Alaska,3.124546201,0.0,0.77,0.32,,,,,,,,,,,,,,,,,,,,,,,,,,3.9254355098289766,62.49092402,0.0,,,,,,,,,,,,,,,,,3.515625,0.0626373601103382,38.8125,0.6915164556181341,0.052734375,0.0939560401655072,1.3584375,2.4203075946634693,3.9254355098289766,235,,,0.0120007376886197,Information
813103,15142.0,5498.255596,USA,United States,Alaska,3.888552385,1.407783602,0.77,0.32,,,,,,,,,,,,,,,,,,,,,,,,,,14.983464022110072,77.7710477,28.15567204,,,,,,,,,,,,,,,,,30.515625,0.5550055734915041,138.796875,2.524380189106519,0.457734375,0.8325083602372563,4.857890625,8.835330661872817,14.983464022110072,469,,,0.3466250072230971,Information
823010,16352.0,9144.378519,CAN,Canada,Northwest Territories,0.486032901,0.0,0.8,0.28,,,,,,,,,,,,,,,,,,,,,,,,,,10.12321922394861,9.72065802,0.0,,,,,,,,,,,,,,,,,91.6875,1.0026651872951846,98.859375,1.0810945194302377,1.3753125,1.503997780942777,3.460078125,3.783830818005832,10.12321922394861,608,,,0.0143319989885378,Information
823070,15452.0,4431.972021,CAN,Canada,Northwest Territories,2.5771181,2.017497339,0.8,0.28,,,,,,,,,,,,,,,,,,,,,,,,,,1.680572558755705,51.542362,40.34994678,,,,,,,,,,,,,,,,,10.125,0.22845360825725,10.40625,0.2347995418199514,0.151875,0.342680412385875,0.36421875,0.82179839636983,1.680572558755705,262,,,0.000387523995489,Information
831990,16360.0,9482.164262,CAN,Canada,Nunavut,4.022286355,2.217451437,0.8,0.28,,,,,,,,,,,,,,,,,,,,,,,,,,0.3322692124611885,80.4457271,44.34902874,,,,,,,,,,,,,,,,,3.234375,0.0341100924922377,3.234375,0.0341100924922377,0.048515625,0.0511651387383565,0.113203125,0.1193853237228319,0.3322692124611885,918,,,2.3006819300789745e-05,Information
841001,15593.0,7687.302668,CAN,Canada,Northwest Territories,2.007493819,0.0,0.8,0.28,,,,,,,,,,,,,,,,,,,,,,,,,,1.5401290588392151,40.14987638,0.0,,,,,,,,,,,,,,,,,12.796875,0.1664676877192617,13.640625,0.177443579217235,0.191953125,0.2497015315788925,0.477421875,0.6210525272603225,1.5401290588392151,0,,,0.0001261188060518,Information
851077,15655.0,11492.34675,CAN,Canada,Nunavut,1.495347215,0.0,0.8,0.28,,,,,,,,,,,,,,,,,,,,,,,,,,2.8376517627741453,29.9069443,0.0,,,,,,,,,,,,,,,,,25.03125,0.2178079946930471,32.625,0.2838845773527356,0.37546875,0.3267119920395706,1.141875,0.9935960207345744,2.8376517627741453,0,,,0.0006709920693748,Information
851091,15659.0,34351.54028,CAN,Canada,Nunavut,0.469100155,0.0,0.8,0.28,,,,,,,,,,,,,,,,,,,,,,,,,,0.614587468096983,9.3820031,0.0,,,,,,,,,,,,,,,,,1.546875,0.0045030731877897,12.9375,0.0376620666615138,0.023203125,0.0067546097816845,0.4528125,0.1318172333152983,0.614587468096983,0,,,2.965401989285161e-07,Information
851093,16370.0,13621.09432,CAN,Canada,Nunavut,3.018844288,0.0,0.8,0.28,,,,,,,,,,,,,,,,,,,,,,,,,,0.6023480409459847,60.37688576,0.0,,,,,,,,,,,,,,,,,0.84375,0.0061944362173113,9.5625,0.0702036104628622,0.01265625,0.0092916543259669,0.3346875,0.2457126366200177,0.6023480409459847,519,,,1.41748982868402e-05,Information
851095,16371.0,66527.92824,CAN,Canada,Nunavut,4.012803393,0.0,0.8,0.28,,,,,,,,,,,,,,,,,,,,,,,,,,4.167008163123002,80.25606786,0.0,,,,,,,,,,,,,,,,,6.890625,0.0103574922333179,100.546875,0.151134835649436,0.103359375,0.0155362383499768,3.519140625,0.528971924773026,4.167008163123002,1686,,,0.0598959210011587,Information
852033,15669.0,56962.86141,CAN,Canada,Nunavut,4.032069998,0.0,0.8,0.28,,,,,,,,,,,,,,,,,,,,,,,,,,0.247968206460016,80.64139996,0.0,,,,,,,,,,,,,,,,,0.28125,0.0004937427528002,5.90625,0.0103685978088045,0.00421875,0.0007406141292003,0.20671875,0.0362900923308157,0.247968206460016,2062,,,6.57507619695708e-06,Information
111011,0.0,1894.935871,EGY,Egypt,As Suways,4.180674079,0.0,0.55,0.63,,,,,,,,,,,,,,,,,,,,,,,,,,7.384074480520036,83.61348158,0.0,,,,,,,,,,,,,,,,,0.0,0.0,33.609375,1.7736418158628675,0.0,0.0,1.176328125,6.207746355520037,7.384074480520036,326082,,,0.2126867902543769,Information
111013,2.0,895.121761,EGY,Egypt,As Suways,4.008111796,0.0,0.55,0.63,,,,,,,,,,,,,,,,,,,,,,,,,,26.05972387455485,80.16223592,0.0,3.0,,,,,,,,,,,,,,,,0.0,0.0,61.171875,6.833916642729958,0.0,0.0,2.141015625,23.91870824955485,26.05972387455485,8152,4951.0,60.73356231599607,0.6074978954792942,Watch
111015,4.0,16672.32333,EGY,Egypt,Al Bahr al Ahmar,4.159506062,1.332958752,0.55,0.63,,,,,,,,,,,,,,,,,,,,,,,,,,14.33855044858371,83.19012124,26.65917504,,,,,,,,,,,,,,,,,0.0,0.0,256.078125,1.5359474495953458,0.0,0.0,8.962734375,5.37581607358371,14.33855044858371,292552,,,0.4368285321159526,Advisory
111016,5.0,1836.63245,EGY,Egypt,Al Bahr al Ahmar,4.105107295,0.0,0.55,0.63,,,,,,,,,,,,,,,,,,,,,,,,,,0.1268809670691269,82.1021459,0.0,,,,,,,,,,,,,,,,,0.0,0.0,0.5625,0.0306267048768934,0.0,0.0,0.0196875,0.1071934670691269,0.1268809670691269,0,,,3.726211293400987e-07,Information
111017,6.0,8665.540548,EGY,Egypt,Al Bahr al Ahmar,4.007958344,0.0,0.55,0.63,,,,,,,,,,,,,,,,,,,,,,,,,,4.6859512038402205,80.15916688000001,0.0,,,,,,,,,,,,,,,,,0.0,0.0,62.15625,0.7172807010972059,0.0,0.0,2.17546875,2.5104824538402206,4.6859512038402205,50483,,,0.0744858483022012,Information
111019,8.0,6579.747718,EGY,Egypt,Al Bahr al Ahmar,4.101170927,0.0,0.55,0.63,,,,,,,,,,,,,,,,,,,,,,,,,,5.407365737270009,82.02341854,0.0,,,,,,,,,,,,,,,,,0.0,0.0,61.3125,0.9318366392200024,0.0,0.0,2.1459375,3.2614282372700085,5.407365737270009,1847,,,0.1148159068792655,Information
111020,9.0,11704.61889,EGY,Egypt,Al Bahr al Ahmar,4.051834921,0.0,0.55,0.63,,,,,,,,,,,,,,,,,,,,,,,,,,1.2230107243308528,81.03669842000001,0.0,,,,,,,,,,,,,,,,,0.0,0.0,18.84375,0.1609941355231008,0.0,0.0,0.65953125,0.5634794743308528,1.2230107243308528,4483,,,0.003060854927211,Information
111030,10.0,5536.333886,SDN,Sudan,Red Sea,4.025144707,4.001214603,0.28,1.0,,,,,,,,,,,,,,,,,,,,,,,,,,7.237492704685086,80.50289414,80.02429206000001,,,,,,,,,,,,,,,,,0.0,0.0,73.6875,1.330980058481453,0.0,0.0,2.5790625,4.658430204685086,7.237492704685086,1295,,,0.160844938110042,Information
111041,11.0,13759.44857,SDN,Sudan,Red Sea,4.004020509,0.0,0.28,1.0,,,,,,,,,,,,,,,,,,,,,,,,,,0.4589439692090883,80.08041018,0.0,,,,,,,,,,,,,,,,,0.0,0.0,7.59375,0.0551893483454538,0.0,0.0,0.26578125,0.1931627192090882,0.4589439692090883,25617,,,8.145034485700362e-05,Information
111050,20.0,16232.23619,SDN,Sudan,Red Sea,4.193406948,3.139393724,0.28,1.0,,,,,,,,,,,,,,,,,,,,,,,,,,11.414041349547055,83.86813896,62.78787448,,,,,,,,,,,,,,,,,0.0,0.0,201.796875,1.2431859212991585,0.0,0.0,7.062890625,4.351150724547055,11.414041349547055,102610,,,0.3646894060841102,Advisory
111060,21.0,4594.232147,SDN,Sudan,Red Sea,2.145063189,0.0,0.28,1.0,,,,,,,,,,,,,,,,,,,,,,,,,,1.672948883092897,42.90126378,0.0,,,,,,,,,,,,,,,,,0.0,0.0,15.046875,0.3275166451693991,0.0,0.0,0.526640625,1.146308258092897,1.672948883092897,72462,,,0.0002076274377039,Information
111070,22.0,11245.65671,SDN,Sudan,Red Sea,4.348485206,0.088554359,0.28,1.0,,,,,,,,,,,,,,,,,,,,,,,,,,13.929249934584217,86.96970412,1.77108718,,,,,,,,,,,,,,,,,0.0,0.0,210.65625,1.87322319559549,0.0,0.0,7.37296875,6.556281184584216,13.929249934584217,1032799,,,0.5265952429435115,Advisory
111084,26.0,12535.47938,ERI,Eritrea,Semenawi Keyih Bahri,1.095632061,0.0,0.34,0.92,,,,,,,,,,,,,,,,,,,,,,,,,,0.1681163819379642,21.91264122,0.0,,,,,,,,,,,,,,,,,0.0,0.0,2.671875,0.0213145019822755,0.0,0.0,0.093515625,0.0746007569379642,0.1681163819379642,936399,,,4.1020648166236927e-10,Information
111087,29.0,11482.82071,ERI,Eritrea,Gash Barka,2.845503708,0.0,0.34,0.92,,,,,,,,,,,,,,,,,,,,,,,,,,2.265209670314804,56.91007415999999,0.0,,,,,,,,,,,,,,,,,0.0,0.0,34.59375,0.3012652629470868,0.0,0.0,1.21078125,1.0544284203148038,2.265209670314804,345809,,,0.0016115305614036,Information
111090,32.0,426.8161988,ERI,Eritrea,Debub,4.992908817,0.0,0.34,0.92,,,,,,,,,,,,,,,,,,,,,,,,,,36.07137179074955,99.85817634,0.0,3.0,,,,,,,,,,,,,,,,0.0,0.0,42.1875,9.884231225928444,0.0,0.0,1.4765625,34.59480929074955,36.07137179074955,1655,0.0,0.0,0.9999999847611648,Warning
111091,33.0,173.0360206,SDN,Sudan,Red Sea,3.554465127,0.0,0.28,1.0,,,,,,,,,,,,,,,,,,,,,,,,,,24.59594814898608,71.08930253999999,0.0,,,,,,,,,,,,,,,,,0.0,0.0,11.953125,6.907882506853166,0.0,0.0,0.418359375,24.17758877398608,24.59594814898608,0,,,0.435798631041538,Advisory
111093,35.0,16458.12912,ERI,Eritrea,Debub,4.012092701,1.945103522,0.34,0.92,,,,,,,,,,,,,,,,,,,,,,,,,,10.713414561607236,80.24185402,38.90207044,,,,,,,,,,,,,,,,,0.0,0.0,190.40625,1.1569130890306387,0.0,0.0,6.66421875,4.049195811607236,10.713414561607236,410383,,,0.2702459847528114,Information
111095,37.0,1492.77497,ERI,Eritrea,Debub,4.324446634,0.0,0.34,0.92,,,,,,,,,,,,,,,,,,,,,,,,,,6.176589558861316,86.48893268,0.0,,,,,,,,,,,,,,,,,0.0,0.0,22.921875,1.535521123960376,0.0,0.0,0.802265625,5.374323933861317,6.176589558861316,40133,,,0.2168890571745619,Information
111097,39.0,2233.02653,ERI,Eritrea,Debub,4.44006278,1.039155317,0.34,0.92,,,,,,,,,,,,,,,,,,,,,,,,,,5.527445581774364,88.80125559999999,20.783106340000003,,,,,,,,,,,,,,,,,0.0,0.0,28.828125,1.290988916221247,0.0,0.0,1.008984375,4.518461206774364,5.527445581774364,206595,,,0.2400704764500615,Information
111098,40.0,2868.950829,ERI,Eritrea,Debub,4.011053607,0.0,0.34,0.92,,,,,,,,,,,,,,,,,,,,,,,,,,0.6623261025766245,80.22107214,0.0,,,,,,,,,,,,,,,,,0.0,0.0,4.21875,0.147048529307607,0.0,0.0,0.14765625,0.5146698525766246,0.6623261025766245,171679,,,0.0003411252073281,Information
111099,41.0,4886.112423,ERI,Eritrea,Debub,4.208870807,2.316126771,0.34,0.92,,,,,,,,,,,,,,,,,,,,,,,,,,36.5279839258083,84.17741614,46.32253542,3.0,,,,,,,,,,,,,,,,0.0,0.0,342.5625,7.0109418359452285,0.0,0.0,11.9896875,24.53829642580829,36.5279839258083,72612,1499.0,2.0643970693549276,0.7986026273646123,Watch
112111,65.0,32877.02541,ERI,Eritrea,Debubawi Keyih Bahri,4.090526924,0.181811865,0.34,0.92,,,,,,,,,,,,,,,,,,,,,,,,,,52.58741455041962,81.81053847999999,3.6362373,3.0,,,,,,,,,,,,,,,,0.0,0.0,1652.0625,5.024975585834178,0.0,0.0,35.0,17.587414550419624,52.58741455041962,1132711,23572.0,2.0810250805368713,0.8557991626268486,Warning
112112,66.0,4081.006791,SOM,Somalia,Awdal,3.349701774,0.0,-9999.0,1.0,,,,,,,,,,,,,,,,,,,,,,,,,,7.302396762845814,66.99403548000001,0.0,,,,,,,,,,,,,,,,,0.0,0.0,60.46875,1.481711575098804,0.0,0.0,2.11640625,5.185990512845814,7.302396762845814,58253,,,0.0657151357372429,Information
112113,67.0,6074.696366,SOM,Somalia,Awdal,4.477025156,0.0,-9999.0,1.0,,,,,,,,,,,,,,,,,,,,,,,,,,4.3891324198202994,89.54050312,0.0,,,,,,,,,,,,,,,,,0.0,0.0,47.390625,0.7801315842343712,0.0,0.0,1.658671875,2.7304605448202994,4.3891324198202994,61008,,,0.192593504633607,Information
112115,69.0,1122.084265,SOM,Somalia,Awdal,4.463578082,0.0,-9999.0,1.0,,,,,,,,,,,,,,,,,,,,,,,,,,3.854059188555567,89.27156163999999,0.0,,,,,,,,,,,,,,,,,0.0,0.0,11.109375,0.9900660181587334,0.0,0.0,0.388828125,3.4652310635555668,3.854059188555567,6052,,,0.152971706842331,Information
112116,70.0,3885.283479,SOM,Somalia,Woqooyi Galbeed,3.040780714,0.0,-9999.0,1.0,,,,,,,,,,,,,,,,,,,,,,,,,,2.022835000071993,60.81561428,0.0,,,,,,,,,,,,,,,,,0.0,0.0,16.171875,0.4162341071634265,0.0,0.0,0.566015625,1.4568193750719929,2.022835000071993,169614,,,0.0015194354296615,Information
112117,71.0,1713.699599,SOM,Somalia,Woqooyi Galbeed,4.52345317,0.0,-9999.0,1.0,,,,,,,,,,,,,,,,,,,,,,,,,,3.12876478918532,90.4690634,0.0,,,,,,,,,,,,,,,,,0.0,0.0,13.078125,0.7631515469100913,0.0,0.0,0.457734375,2.67103041418532,3.12876478918532,5404,,,0.1326600361588865,Information
112118,72.0,3759.030886,SOM,Somalia,Woqooyi Galbeed,0.42265901,0.0,-9999.0,1.0,,,,,,,,,,,,,,,,,,,,,,,,,,2.6662707397494563,8.4531802,0.0,,,,,,,,,,,,,,,,,0.0,0.0,20.8125,0.553666639928416,0.0,0.0,0.7284375,1.937833239749456,2.6662707397494563,375099,,,0.0002029868593383,Information
112119,73.0,5705.686355,SOM,Somalia,Woqooyi Galbeed,4.761150524,0.0,-9999.0,1.0,,,,,,,,,,,,,,,,,,,,,,,,,,0.7451475794601989,95.22301048,0.0,,,,,,,,,,,,,,,,,0.0,0.0,7.734375,0.1355555584171997,0.0,0.0,0.270703125,0.474444454460199,0.7451475794601989,99030,,,0.0315856767803242,Information
112120,74.0,5351.821994,SOM,Somalia,Woqooyi Galbeed,0.589338143,0.0,-9999.0,1.0,,,,,,,,,,,,,,,,,,,,,,,,,,0.1976591309408863,11.78676286,0.0,,,,,,,,,,,,,,,,,0.0,0.0,1.96875,0.0367865374116818,0.0,0.0,0.06890625,0.1287528809408863,0.1976591309408863,18323,,,5.271390049058089e-10,Information
112130,75.0,3034.82135,SOM,Somalia,Woqooyi Galbeed,4.080161172,2.040641962,-9999.0,1.0,,,,,,,,,,,,,,,,,,,,,,,,,,2.621345208967852,81.60322344000001,40.81283924,,,,,,,,,,,,,,,,,0.0,0.0,17.4375,0.5745807739908148,0.0,0.0,0.6103125,2.011032708967852,2.621345208967852,5702,,,0.0256783093463366,Information
112150,77.0,478.0656572,SOM,Somalia,Sanaag,4.267088308,0.0,-9999.0,1.0,,,,,,,,,,,,,,,,,,,,,,,,,,4.962288164440207,85.34176615999999,0.0,,,,,,,,,,,,,,,,,0.0,0.0,6.46875,1.3531091184114878,0.0,0.0,0.22640625,4.735881914440207,4.962288164440207,667,,,0.1393741959136962,Information
112170,79.0,14395.82127,SOM,Somalia,Sanaag,4.6418247,0.0,-9999.0,1.0,,,,,,,,,,,,,,,,,,,,,,,,,,2.885929220355282,92.836494,0.0,,,,,,,,,,,,,,,,,0.0,0.0,48.65625,0.3379887058157949,0.0,0.0,1.70296875,1.182960470355282,2.885929220355282,259009,,,0.1816347926503428,Information
112190,81.0,11126.10586,SOM,Somalia,Bari,4.089817898,4.008119526,-9999.0,1.0,,,,,,,,,,,,,,,,,,,,,,,,,,8.158702313903705,81.79635796,80.16239052,,,,,,,,,,,,,,,,,0.0,0.0,122.765625,1.103401553972487,0.0,0.0,4.296796875,3.8619054389037046,8.158702313903705,104704,,,0.2111213244327389,Information
112300,83.0,7051.446638,SOM,Somalia,Bari,2.512352823,3.621314024,-9999.0,1.0,,,,,,,,,,,,,,,,,,,,,,,,,,8.557412688468844,50.24705646,72.42628048,,,,,,,,,,,,,,,,,0.0,0.0,101.109375,1.4338813038482412,0.0,0.0,3.538828125,5.018584563468844,8.557412688468844,18446,,,0.1209873578809597,Information
112500,85.0,710.139727,SOM,Somalia,Bari,4.064781357,0.0,-9999.0,1.0,,,,,,,,,,,,,,,,,,,,,,,,,,9.20457186659499,81.29562714000001,0.0,,,,,,,,,,,,,,,,,0.0,0.0,17.4375,2.455502676169997,0.0,0.0,0.6103125,8.59425936659499,9.20457186659499,2202,,,0.2391445414226326,Information
112700,87.0,7816.826827,SOM,Somalia,Bari,4.051263391,2.766972181,-9999.0,1.0,,,,,,,,,,,,,,,,,,,,,,,,,,3.948872497737072,81.02526782,55.33944362,,,,,,,,,,,,,,,,,0.0,0.0,49.5,0.6332492850677348,0.0,0.0,1.7325,2.216372497737072,3.948872497737072,25738,,,0.0582450076628041,Information
112903,99.0,990.5369926,SOM,Somalia,Nugaal,2.180346131,0.0,-9999.0,1.0,,,,,,,,,,,,,,,,,,,,,,,,,,12.56049135270536,43.60692262,0.0,,,,,,,,,,,,,,,,,0.0,0.0,32.34375,3.265274315058674,0.0,0.0,1.13203125,11.428460102705358,12.56049135270536,1783,,,0.0665756592253069,Information
112905,101.0,31.45104872,SOM,Somalia,Mudug,4.35465701,0.0,-9999.0,1.0,,,,,,,,,,,,,,,,,,,,,,,,,,14.128684137866912,87.09314020000001,0.0,,,,,,,,,,,,,,,,,0.0,0.0,1.265625,4.024110646533403,0.0,0.0,0.044296875,14.084387262866912,14.128684137866912,375,,,0.5360344441964078,Advisory
112907,103.0,661.8558752,SOM,Somalia,Mudug,4.226238895,0.0,-9999.0,1.0,,,,,,,,,,,,,,,,,,,,,,,,,,3.4886117195832407,84.5247779,0.0,,,,,,,,,,,,,,,,,0.0,0.0,6.1875,0.9348712055952116,0.0,0.0,0.2165625,3.272049219583241,3.4886117195832407,9430,,,0.0681467927849149,Information
112909,105.0,17562.28073,SOM,Somalia,Galguduud,4.512670134,1.856002546,-9999.0,1.0,,,,,,,,,,,,,,,,,,,,,,,,,,10.937751946708502,90.25340268,37.12005092,,,,,,,,,,,,,,,,,0.0,0.0,199.125,1.1338219847738575,0.0,0.0,6.969375,3.9683769467085015,10.937751946708502,1851049,,,0.5458971453198542,Advisory
113000,106.0,3943.558329,YEM,Yemen,Hadramawt,4.101064827,0.0,0.31,0.96,,,,,,,,,,,,,,,,,,,,,,,,,,8.301074427122337,82.02129654000001,0.0,,,,,,,,,,,,,,,,,0.0,0.0,67.078125,1.700954300606382,0.0,0.0,2.347734375,5.953340052122337,8.301074427122337,69594,,,0.2198195004351403,Information
114100,109.0,1429.38731,SOM,Somalia,Jubbada Hoose,4.204872371,0.0,-9999.0,1.0,,,,,,,,,,,,,,,,,,,,,,,,,,2.7942287473033915,84.09744742000001,0.0,,,,,,,,,,,,,,,,,0.0,0.0,9.984375,0.6985073206581118,0.0,0.0,0.349453125,2.4447756223033914,2.7942287473033915,102249,,,0.0410241093354775,Information
114224,114.0,66716.89672,KEN,Kenya,Wajir,3.494354063,0.0,0.42,0.81,,,,,,,,,,,,,,,,,,,,,,,,,,0.5037044365108067,69.88708126,0.0,,,,,,,,,,,,,,,,,0.0,0.0,12.515625,0.0187593032888019,0.0,0.0,0.438046875,0.0656575615108066,0.5037044365108067,1630809,,,2.15018131308784e-05,Information
114284,128.0,12465.71089,KEN,Kenya,Marsabit,4.008459889,0.0,0.42,0.81,,,,,,,,,,,,,,,,,,,,,,,,,,1.170867163093907,80.16919778,0.0,,,,,,,,,,,,,,,,,0.0,0.0,18.5625,0.1489084751696877,0.0,0.0,0.6496875,0.521179663093907,1.170867163093907,72410,,,0.0023311000477175,Information
114289,133.0,4638.076988,KEN,Kenya,Samburu,2.350499491,0.0,0.42,0.81,,,,,,,,,,,,,,,,,,,,,,,,,,0.1242700979051997,47.00998982,0.0,,,,,,,,,,,,,,,,,0.0,0.0,1.125,0.0242557422586285,0.0,0.0,0.039375,0.0848950979051997,0.1242700979051997,164018,,,7.003402585337014e-10,Information
114410,136.0,2899.198384,SOM,Somalia,Gedo,1.12210076,0.0,-9999.0,1.0,,,,,,,,,,,,,,,,,,,,,,,,,,1.3796086778347438,22.4420152,0.0,,,,,,,,,,,,,,,,,0.0,0.0,8.859375,0.305580157952784,0.0,0.0,0.310078125,1.069530552834744,1.3796086778347438,48459,,,2.7980405068374062e-05,Information
114418,144.0,10750.55834,SOM,Somalia,Bakool,4.051548982,0.0,-9999.0,1.0,,,,,,,,,,,,,,,,,,,,,,,,,,0.8170108003683976,81.03097964,0.0,,,,,,,,,,,,,,,,,0.0,0.0,12.09375,0.1124941572481136,0.0,0.0,0.42328125,0.3937295503683976,0.8170108003683976,244533,,,0.0008306893580376,Information
114420,146.0,15132.09902,SOM,Somalia,Bakool,2.318404854,0.0,-9999.0,1.0,,,,,,,,,,,,,,,,,,,,,,,,,,0.2942813015593528,46.368097080000005,0.0,,,,,,,,,,,,,,,,,0.0,0.0,5.0625,0.0334553718741008,0.0,0.0,0.1771875,0.1170938015593528,0.2942813015593528,112086,,,9.680874009790213e-08,Information
114601,163.0,5003.852662,SOM,Somalia,Bay,4.015565598,0.0,-9999.0,1.0,,,,,,,,,,,,,,,,,,,,,,,,,,0.1033063213880869,80.31131196000001,0.0,,,,,,,,,,,,,,,,,0.0,0.0,0.984375,0.0196723418251677,0.0,0.0,0.034453125,0.0688531963880869,0.1033063213880869,26938,,,7.60079310732154e-08,Information
114604,166.0,5965.409892,SOM,Somalia,Bay,3.666431046,0.0,-9999.0,1.0,,,,,,,,,,,,,,,,,,,,,,,,,,0.2766238729532152,73.32862092,0.0,,,,,,,,,,,,,,,,,0.0,0.0,2.953125,0.0495041422723472,0.0,0.0,0.103359375,0.1732644979532152,0.2766238729532152,50645,,,2.453938313741696e-06,Information
114605,167.0,3517.209038,SOM,Somalia,Bay,4.060774717,0.0,-9999.0,1.0,,,,,,,,,,,,,,,,,,,,,,,,,,0.4918048160769855,81.21549434,0.0,,,,,,,,,,,,,,,,,0.0,0.0,3.65625,0.1039531617362816,0.0,0.0,0.12796875,0.3638360660769856,0.4918048160769855,69820,,,0.0001348936054095,Information
114704,175.0,7161.995994,SOM,Somalia,Bakool,4.057699408,0.0,-9999.0,1.0,,,,,,,,,,,,,,,,,,,,,,,,,,2.311640920294795,81.15398816000001,0.0,,,,,,,,,,,,,,,,,0.0,0.0,27.5625,0.3848438343699414,0.0,0.0,0.9646875,1.346953420294795,2.311640920294795,41839,,,0.0179373978169214,Information
114706,177.0,1239.698962,SOM,Somalia,Hiiraan,4.038224068,0.0,-9999.0,1.0,,,,,,,,,,,,,,,,,,,,,,,,,,6.291991605041678,80.76448135999999,0.0,,,,,,,,,,,,,,,,,0.0,0.0,19.828125,1.599430637154765,0.0,0.0,0.693984375,5.598007230041678,6.291991605041678,34403,,,0.1318943919182162,Information
114707,178.0,383.5886622,SOM,Somalia,Hiiraan,4.317211871,0.0,-9999.0,1.0,,,,,,,,,,,,,,,,,,,,,,,,,,30.24392486094108,86.34423741999998,0.0,3.0,,,,,,,,,,,,,,,,0.0,0.0,31.921875,8.321902638840308,0.0,0.0,1.117265625,29.12665923594108,30.24392486094108,11030,340.0,3.0825022665457844,0.7867321431663625,Watch
114708,179.0,1271.020035,SOM,Somalia,Hiiraan,4.000460576,0.0,-9999.0,1.0,,,,,,,,,,,,,,,,,,,,,,,,,,8.292681893359156,80.00921152000001,0.0,,,,,,,,,,,,,,,,,0.0,0.0,26.71875,2.1021501838169017,0.0,0.0,0.93515625,7.357525643359156,8.292681893359156,17423,,,0.1894572393978786,Information
114709,180.0,11.85057709,ETH,Ethiopia,Somali,4.893587447,0.0,0.37,0.88,,,,,,,,,,,,,,,,,,,,,,,,,,35.162421875,97.87174894,0.0,3.0,,,,,,,,,,,,,,,,0.0,0.0,4.640625,39.15948535861484,0.0,0.0,0.162421875,35.0,35.162421875,208,0.0,0.0,0.9974816519429576,Warning
114801,181.0,4887.599744,ETH,Ethiopia,Somali,4.002394764,0.0,0.37,0.88,,,,,,,,,,,,,,,,,,,,,,,,,,0.8395521103302088,80.04789528,0.0,,,,,,,,,,,,,,,,,0.0,0.0,7.875,0.1611220315229168,0.0,0.0,0.275625,0.5639271103302088,0.8395521103302088,52639,,,0.0007668734368544,Information
114806,186.0,3815.792463,ETH,Ethiopia,Somali,2.409038631,0.0,0.37,0.88,,,,,,,,,,,,,,,,,,,,,,,,,,0.2316674332810008,48.18077262,0.0,,,,,,,,,,,,,,,,,0.0,0.0,1.828125,0.0479094452231431,0.0,0.0,0.063984375,0.1676830582810008,0.2316674332810008,30859,,,3.1474796633122846e-08,Information
114807,187.0,7562.936975,ETH,Ethiopia,Somali,4.029068271,0.0,0.37,0.88,,,,,,,,,,,,,,,,,,,,,,,,,,0.2857440856220751,80.58136542,0.0,,,,,,,,,,,,,,,,,0.0,0.0,3.515625,0.0464849173205929,0.0,0.0,0.123046875,0.1626972106220751,0.2857440856220751,164012,,,1.2275301085070087e-05,Information
114808,188.0,7937.242187,ETH,Ethiopia,Somali,2.939760182,0.0,0.37,0.88,,,,,,,,,,,,,,,,,,,,,,,,,,0.3336859143638653,58.79520364,0.0,,,,,,,,,,,,,,,,,0.0,0.0,4.21875,0.0531513326753901,0.0,0.0,0.14765625,0.1860296643638653,0.3336859143638653,376767,,,7.319200826185123e-07,Information
114920,191.0,11266.69343,ETH,Ethiopia,Somali,4.006641697,0.0,0.37,0.88,,,,,,,,,,,,,,,,,,,,,,,,,,0.3994868873199627,80.13283394,0.0,,,,,,,,,,,,,,,,,0.0,0.0,6.046875,0.0536703606628465,0.0,0.0,0.211640625,0.1878462623199627,0.3994868873199627,91871,,,4.679367992527046e-05,Information
114935,196.0,8659.227819,ETH,Ethiopia,Somali,4.147337192,0.0,0.37,0.88,,,,,,,,,,,,,,,,,,,,,,,,,,0.1272700829769666,82.94674384000001,0.0,,,,,,,,,,,,,,,,,0.0,0.0,1.6875,0.0194878808505619,0.0,0.0,0.0590625,0.0682075829769666,0.1272700829769666,151213,,,4.846150535618422e-07,Information
114950,202.0,7546.584294,ETH,Ethiopia,Oromia,2.019649204,0.0,0.37,0.88,,,,,,,,,,,,,,,,,,,,,,,,,,0.1258825189318238,40.39298408,0.0,,,,,,,,,,,,,,,,,0.0,0.0,1.546875,0.0204976839805211,0.0,0.0,0.054140625,0.0717418939318238,0.1258825189318238,294453,,,3.6331271455913264e-10,Information
114960,203.0,14879.55302,ETH,Ethiopia,Oromia,0.64575508,0.0,0.37,0.88,,,,,,,,,,,,,,,,,,,,,,,,,,0.2633499538223028,12.9151016,0.0,,,,,,,,,,,,,,,,,0.0,0.0,4.5,0.0302428439492294,0.0,0.0,0.1575,0.1058499538223028,0.2633499538223028,2242905,,,3.292984367056281e-09,Information
114990,206.0,27352.87351,ETH,Ethiopia,Oromia,2.178768498,0.0,0.37,0.88,,,,,,,,,,,,,,,,,,,,,,,,,,0.8939295235068605,43.57536996,0.0,,,,,,,,,,,,,,,,,0.0,0.0,18.703125,0.0683771852876744,0.0,0.0,0.654609375,0.2393201485068604,0.8939295235068605,3685859,,,1.6988156827190347e-05,Information
115202,211.0,6292.144661,TZA,Tanzania,Manyara,2.749456689,0.0,0.44,0.78,,,,,,,,,,,,,,,,,,,,,,,,,,4.8045364089543146,54.98913378,0.0,,,,,,,,,,,,,,,,,0.0,0.0,53.015625,0.8425684382726611,0.0,0.0,1.855546875,2.948989533954314,4.8045364089543146,242255,,,0.0126319531693437,Information
115203,212.0,7961.236226,TZA,Tanzania,Manyara,4.038807724,0.0,0.44,0.78,,,,,,,,,,,,,,,,,,,,,,,,,,13.225072317093892,80.77615448,0.0,,,,,,,,,,,,,,,,,0.0,0.0,167.484375,2.103748340598255,0.0,0.0,5.861953125,7.363119192093892,13.225072317093892,731622,,,0.3541883881918529,Advisory
115204,213.0,4051.939166,TZA,Tanzania,Arusha,3.335608779,0.0,0.44,0.78,,,,,,,,,,,,,,,,,,,,,,,,,,2.08239808156009,66.71217558000001,0.0,,,,,,,,,,,,,,,,,0.0,0.0,17.15625,0.4234083804457401,0.0,0.0,0.60046875,1.4819293315600903,2.08239808156009,23327,,,0.0027884639196934,Information
115205,214.0,16271.83964,KEN,Kenya,Narok,2.688643646,0.0,0.42,0.81,,,,,,,,,,,,,,,,,,,,,,,,,,29.14038724265597,53.77287292,0.0,,,,,,,,,,,,,,,,,0.0,0.0,515.671875,3.1691061764731345,0.0,0.0,18.048515625,11.09187161765597,29.14038724265597,639082,,,0.3222408690079595,Information
115207,216.0,5736.218295,TZA,Tanzania,Arusha,2.283363845,0.0,0.44,0.78,,,,,,,,,,,,,,,,,,,,,,,,,,6.062498191907111,45.6672769,0.0,,,,,,,,,,,,,,,,,0.0,0.0,63.140625,1.1007360905448889,0.0,0.0,2.209921875,3.852576316907111,6.062498191907111,123052,,,0.0141535194125102,Information
115209,218.0,5650.345026,KEN,Kenya,Kajiado,3.229137283,0.0,0.42,0.81,,,,,,,,,,,,,,,,,,,,,,,,,,0.2317546462568438,64.58274566,0.0,,,,,,,,,,,,,,,,,0.0,0.0,2.390625,0.0423093632162411,0.0,0.0,0.083671875,0.1480827712568438,0.2317546462568438,282256,,,2.461687486947094e-07,Information
115421,221.0,2354.620583,KEN,Kenya,Marsabit,4.435171848,0.0,0.42,0.81,,,,,,,,,,,,,,,,,,,,,,,,,,17.612598334257253,88.70343696,0.0,3.0,,,,,,,,,,,,,,,,0.0,0.0,95.90625,4.07310845264493,0.0,0.0,3.35671875,14.255879584257254,17.612598334257253,9738,524.0,5.380981721092627,0.6715206175310207,Watch
115422,222.0,5081.293042,KEN,Kenya,Marsabit,4.525100317,0.0,0.42,0.81,,,,,,,,,,,,,,,,,,,,,,,,,,18.260174767041622,90.50200634,0.0,3.0,,,,,,,,,,,,,,,,0.0,0.0,175.78125,3.4593802905833213,0.0,0.0,6.15234375,12.107831017041624,18.260174767041622,10449,899.0,8.603694133409896,0.7433287167739588,Watch
115423,223.0,164.5021586,KEN,Kenya,Marsabit,4.966232746,0.0,0.42,0.81,,,,,,,,,,,,,,,,,,,,,,,,,,35.70875,99.32465492,0.0,3.0,,,,,,,,,,,,,,,,0.0,0.0,20.25,12.309868866234828,0.0,0.0,0.70875,35.0,35.70875,708,80.0,11.299435028248588,0.9999637497708236,Warning
115425,225.0,270.7411006,KEN,Kenya,Marsabit,4.776440424,0.0,0.42,0.81,,,,,,,,,,,,,,,,,,,,,,,,,,36.80140625,95.52880848,0.0,3.0,,,,,,,,,,,,,,,,0.0,0.0,51.46875,19.01032015098944,0.0,0.0,1.80140625,35.0,36.80140625,6864,1075.0,15.661421911421911,0.9824793633760304,Warning
115426,226.0,3550.141884,KEN,Kenya,Turkana,3.771902419,0.0,0.42,0.81,,,,,,,,,,,,,,,,,,,,,,,,,,0.958073633299542,75.43804838,0.0,,,,,,,,,,,,,,,,,0.0,0.0,7.171875,0.2020165737998691,0.0,0.0,0.251015625,0.7070580082995418,0.958073633299542,54733,,,0.0005892583079826,Information
115427,227.0,2006.514543,KEN,Kenya,Turkana,4.134944561,0.0,0.42,0.81,,,,,,,,,,,,,,,,,,,,,,,,,,8.953210653468293,82.69889122000001,0.0,,,,,,,,,,,,,,,,,0.0,0.0,42.75,2.1305601867052264,0.0,0.0,1.49625,7.456960653468292,8.953210653468293,32349,,,0.2550254653631623,Information
115428,228.0,1706.215053,KEN,Kenya,Turkana,0.070578225,0.0,0.42,0.81,,,,,,,,,,,,,,,,,,,,,,,,,,0.7091410132458428,1.4115645,0.0,,,,,,,,,,,,,,,,,0.0,0.0,2.953125,0.1730804680702408,0.0,0.0,0.103359375,0.6057816382458427,0.7091410132458428,63465,,,4.014631082712431e-07,Information
115440,231.0,12211.04567,SSD,South Sudan,Eastern Equatoria,4.041485564,0.0,-9999.0,1.0,,,,,,,,,,,,,,,,,,,,,,,,,,35.649051983292104,80.82971128,0.0,3.0,,,,,,,,,,,,,,,,0.0,0.0,559.96875,4.585755923797744,0.0,0.0,19.59890625,16.050145733292105,35.649051983292104,72580,2353.0,3.2419399283549186,0.7324899076417449,Watch
115452,233.0,2610.543398,ETH,Ethiopia,"Southern Nations, Nationalities and Peoples",4.071569739,0.0,0.37,0.88,,,,,,,,,,,,,,,,,,,,,,,,,,44.6075,81.43139478,0.0,3.0,,,,,,,,,,,,,,,,0.0,0.0,274.5,10.515052159752766,0.0,0.0,9.6075,35.0,44.6075,87432,9090.0,10.39665111172111,0.8096017725672675,Warning
115454,235.0,4474.516142,ETH,Ethiopia,"Southern Nations, Nationalities and Peoples",3.185218767,0.0,0.37,0.88,,,,,,,,,,,,,,,,,,,,,,,,,,1.990208462608287,63.70437534,0.0,,,,,,,,,,,,,,,,,0.0,0.0,17.578125,0.3928497393166534,0.0,0.0,0.615234375,1.374974087608287,1.990208462608287,395672,,,0.0018453334520046,Information
115455,236.0,7299.119542,ETH,Ethiopia,"Southern Nations, Nationalities and Peoples",3.592321748,0.0,0.37,0.88,,,,,,,,,,,,,,,,,,,,,,,,,,3.697799551196116,71.84643496,0.0,,,,,,,,,,,,,,,,,0.0,0.0,44.578125,0.6107329074846046,0.0,0.0,1.560234375,2.1375651761961163,3.697799551196116,59492,,,0.0211815193239957,Information
115456,237.0,4221.482811,ETH,Ethiopia,"Southern Nations, Nationalities and Peoples",2.82092622,0.0,0.37,0.88,,,,,,,,,,,,,,,,,,,,,,,,,,1.144088251703158,56.4185244,0.0,,,,,,,,,,,,,,,,,0.0,0.0,9.703125,0.2298511076294737,0.0,0.0,0.339609375,0.8044788767031579,1.144088251703158,323959,,,0.0001363062327673,Information
115457,238.0,639.5644505,ETH,Ethiopia,"Southern Nations, Nationalities and Peoples",4.109082584,0.0,0.37,0.88,,,,,,,,,,,,,,,,,,,,,,,,,,3.0295061440701585,82.18165168,0.0,,,,,,,,,,,,,,,,,0.0,0.0,5.203125,0.8135419340200453,0.0,0.0,0.182109375,2.8473967690701585,3.0295061440701585,5750,,,0.0382114641224477,Information
115459,240.0,14601.75369,ETH,Ethiopia,"Southern Nations, Nationalities and Peoples",2.617507718,0.0,0.37,0.88,,,,,,,,,,,,,,,,,,,,,,,,,,9.752118040478823,52.350154360000005,0.0,,,,,,,,,,,,,,,,,0.0,0.0,165.375,1.1325694401368067,0.0,0.0,5.788125,3.9639930404788233,9.752118040478823,3934021,,,0.056324878951195,Information
115502,246.0,7629.772738,KEN,Kenya,Turkana,4.014139764,0.0,0.42,0.81,,,,,,,,,,,,,,,,,,,,,,,,,,0.1592185730096549,80.28279528,0.0,,,,,,,,,,,,,,,,,0.0,0.0,1.96875,0.0258035208599014,0.0,0.0,0.06890625,0.0903123230096549,0.1592185730096549,321998,,,7.215100767455402e-07,Information
115503,247.0,640.8661554,SSD,South Sudan,Eastern Equatoria,3.569344146,0.0,-9999.0,1.0,,,,,,,,,,,,,,,,,,,,,,,,,,0.3268889309613028,71.38688292,0.0,,,,,,,,,,,,,,,,,0.0,0.0,0.5625,0.0877718374175151,0.0,0.0,0.0196875,0.3072014309613028,0.3268889309613028,5053,,,3.874569955667537e-06,Information
115504,248.0,2085.681906,SSD,South Sudan,Eastern Equatoria,3.5296184,0.0,-9999.0,1.0,,,,,,,,,,,,,,,,,,,,,,,,,,0.114081088720529,70.592368,0.0,,,,,,,,,,,,,,,,,0.0,0.0,0.5625,0.026969596777294,0.0,0.0,0.0196875,0.094393588720529,0.114081088720529,121546,,,1.4112901076991818e-08,Information
115505,249.0,1804.06243,KEN,Kenya,Turkana,4.013883922,0.0,0.42,0.81,,,,,,,,,,,,,,,,,,,,,,,,,,19.515655334078595,80.27767843999999,0.0,,,,,,,,,,,,,,,,,0.0,0.0,85.21875,4.723714024022456,0.0,0.0,2.98265625,16.532999084078597,19.515655334078595,7746,,,0.4957975849128404,Advisory
115507,251.0,491.1452232,KEN,Kenya,Turkana,4.229582247,0.0,0.42,0.81,,,,,,,,,,,,,,,,,,,,,,,,,,4.205363542579544,84.59164494,0.0,,,,,,,,,,,,,,,,,0.0,0.0,5.625,1.1452824407370126,0.0,0.0,0.196875,4.008488542579544,4.205363542579544,3245,,,0.097049348527787,Information
115508,252.0,6417.538442,KEN,Kenya,Turkana,3.038625354,0.0,0.42,0.81,,,,,,,,,,,,,,,,,,,,,,,,,,2.5056662266160794,60.77250708,0.0,,,,,,,,,,,,,,,,,0.0,0.0,27.984375,0.4360608861760227,0.0,0.0,0.979453125,1.5262131016160794,2.5056662266160794,64461,,,0.0029722859450204,Information
115509,253.0,6482.066266,KEN,Kenya,Turkana,4.164740964,0.0,0.42,0.81,,,,,,,,,,,,,,,,,,,,,,,,,,0.8510159148485628,83.29481928,0.0,,,,,,,,,,,,,,,,,0.0,0.0,9.5625,0.1475224042424465,0.0,0.0,0.3346875,0.5163284148485627,0.8510159148485628,206705,,,0.0014552143050375,Information
115603,256.0,1702.438603,ETH,Ethiopia,"Southern Nations, Nationalities and Peoples",2.00775419,0.0,0.37,0.88,,,,,,,,,,,,,,,,,,,,,,,,,,2.1314543819283616,40.1550838,0.0,,,,,,,,,,,,,,,,,0.0,0.0,8.859375,0.5203932162652462,0.0,0.0,0.310078125,1.8213762569283616,2.1314543819283616,85222,,,0.000426570727396,Information
115607,260.0,4165.246886,ETH,Ethiopia,Oromia,3.321589423,0.0,0.37,0.88,,,,,,,,,,,,,,,,,,,,,,,,,,4.0004779464806886,66.43178845999999,0.0,,,,,,,,,,,,,,,,,0.0,0.0,33.609375,0.8068999489944825,0.0,0.0,1.176328125,2.8241498214806886,4.0004779464806886,1515217,,,0.0167031592477151,Information
115608,261.0,10446.94978,ETH,Ethiopia,Oromia,4.026687451,0.0,0.37,0.88,,,,,,,,,,,,,,,,,,,,,,,,,,10.028138714423,80.53374902,0.0,,,,,,,,,,,,,,,,,0.0,0.0,146.390625,1.4012762398351433,0.0,0.0,5.123671875,4.9044668394230015,10.028138714423,2587538,,,0.2535733054365977,Information
115714,265.0,21246.88364,ETH,Ethiopia,Somali,1.971357621,0.0,0.37,0.88,,,,,,,,,,,,,,,,,,,,,,,,,,1.4621550209038752,39.42715242,0.0,,,,,,,,,,,,,,,,,0.0,0.0,28.40625,0.1336960774011072,0.0,0.0,0.99421875,0.4679362709038752,1.4621550209038752,1392075,,,9.807058921694698e-05,Information
115716,267.0,5846.908053,ETH,Ethiopia,Afar,2.33752732,0.0,0.37,0.88,,,,,,,,,,,,,,,,,,,,,,,,,,2.84137435913872,46.7505464,0.0,,,,,,,,,,,,,,,,,0.0,0.0,29.953125,0.5122899954682057,0.0,0.0,1.048359375,1.7930149841387202,2.84137435913872,710325,,,0.0016909978120352,Information
115718,269.0,3763.48343,ETH,Ethiopia,Amhara,3.141223523,0.0,0.37,0.88,,,,,,,,,,,,,,,,,,,,,,,,,,1.943984023632756,62.82447046,0.0,,,,,,,,,,,,,,,,,0.0,0.0,15.1875,0.403549006752216,0.0,0.0,0.5315625,1.412421523632756,1.943984023632756,378799,,,0.0015841897144101,Information
115730,272.0,12900.52422,ETH,Ethiopia,Somali,1.864031773,0.0,0.37,0.88,,,,,,,,,,,,,,,,,,,,,,,,,,7.138232706298264,37.28063546,0.0,,,,,,,,,,,,,,,,,0.0,0.0,114.890625,0.890588808942361,0.0,0.0,4.021171875,3.1170608312982635,7.138232706298264,1098260,,,0.0148824451160903,Information
115740,273.0,3775.206627,ETH,Ethiopia,Afar,4.10627438,0.0,0.37,0.88,,,,,,,,,,,,,,,,,,,,,,,,,,2.981233982951613,82.12548760000001,0.0,,,,,,,,,,,,,,,,,0.0,0.0,23.34375,0.6183436379861753,0.0,0.0,0.81703125,2.1642027329516136,2.981233982951613,26692,,,0.0366435579597614,Information
115750,274.0,3742.639192,ETH,Ethiopia,Afar,4.018988877,0.0,0.37,0.88,,,,,,,,,,,,,,,,,,,,,,,,,,23.62100386386973,80.37977753999999,0.0,,,,,,,,,,,,,,,,,0.0,0.0,183.796875,4.910889496819924,0.0,0.0,6.432890625,17.188113238869732,23.62100386386973,51631,,,0.5736111730526446,Advisory
115802,276.0,7177.850318,ETH,Ethiopia,Afar,2.820747229,0.0,0.37,0.88,,,,,,,,,,,,,,,,,,,,,,,,,,65.93890625,56.41494458,0.0,3.0,,,,,,,,,,,,,,,,0.0,0.0,883.96875,12.31522964153966,0.0,0.0,30.93890625,35.0,65.93890625,107864,4289.0,3.9763034932878436,0.6605681918643356,Watch
115803,277.0,18956.24411,ETH,Ethiopia,Afar,4.013601752,0.0,0.37,0.88,,,,,,,,,,,,,,,,,,,,,,,,,,30.92282949410362,80.27203503999999,0.0,3.0,,,,,,,,,,,,,,,,0.0,0.0,578.390625,3.0511878911724626,0.0,0.0,20.243671875,10.67915761910362,30.92282949410362,822733,586.0,0.07122602350944959,0.6734491913989138,Watch
115805,279.0,2347.231527,ETH,Ethiopia,Afar,4.255289987,0.0,0.37,0.88,,,,,,,,,,,,,,,,,,,,,,,,,,22.343697219469693,85.10579974000001,0.0,3.0,,,,,,,,,,,,,,,,0.0,0.0,121.359375,5.170319741277055,0.0,0.0,4.247578125,18.09611909446969,22.343697219469693,38307,720.0,1.8795520400971104,0.6574715885740374,Watch
115806,280.0,4605.666418,ETH,Ethiopia,Afar,3.831840133,0.0,0.37,0.88,,,,,,,,,,,,,,,,,,,,,,,,,,18.69891019822236,76.63680266,0.0,,,,,,,,,,,,,,,,,0.0,0.0,168.46875,3.6578582709206735,0.0,0.0,5.89640625,12.802503948222355,18.69891019822236,22648,,,0.4118857549669384,Advisory
115807,281.0,2263.581064,ETH,Ethiopia,Afar,4.116582826,0.0,0.37,0.88,,,,,,,,,,,,,,,,,,,,,,,,,,5.066469524917041,82.33165652,0.0,,,,,,,,,,,,,,,,,0.0,0.0,26.71875,1.1803752214048688,0.0,0.0,0.93515625,4.131313274917041,5.066469524917041,7687,,,0.105808708932177,Information
115808,282.0,6940.633627,ETH,Ethiopia,Afar,4.26536431,0.0,0.37,0.88,,,,,,,,,,,,,,,,,,,,,,,,,,27.161995456612807,85.3072862,0.0,3.0,,,,,,,,,,,,,,,,0.0,0.0,317.953125,4.5810388804608015,0.0,0.0,11.128359375,16.033636081612805,27.161995456612807,21387,818.0,3.8247533548417265,0.7305466329519341,Watch
115809,283.0,5870.788949,ETH,Ethiopia,Afar,3.920828856,0.0,0.37,0.88,,,,,,,,,,,,,,,,,,,,,,,,,,48.911178920657576,78.41657712,0.0,3.0,,,,,,,,,,,,,,,,0.0,0.0,516.9375,8.805247548759306,0.0,0.0,18.0928125,30.81836642065757,48.911178920657576,10987,102.0,0.9283698916901792,0.7933443650541678,Watch
115900,284.0,16915.15501,ETH,Ethiopia,Dikhil,4.046142286,0.0,0.37,0.88,,,,,,,,,,,,,,,,,,,,,,,,,,16.50905026033443,80.92284572,0.0,,,,,,,,,,,,,,,,,0.0,0.0,296.4375,1.752496502952694,0.0,0.0,10.3753125,6.133737760334429,16.50905026033443,192081,,,0.4425201481553067,Advisory
116006,290.0,3720.094382,TZA,Tanzania,Katavi,1.04813204,0.0,0.44,0.78,,,,,,,,,,,,,,,,,,,,,,,,,,0.4356572662697793,20.962640800000003,0.0,,,,,,,,,,,,,,,,,0.0,0.0,3.375,0.0907235046485084,0.0,0.0,0.118125,0.3175322662697794,0.4356572662697793,38792,,,9.920555512537405e-08,Information
116007,291.0,5968.599344,TZA,Tanzania,Mbeya,3.301629901,0.0,0.44,0.78,,,,,,,,,,,,,,,,,,,,,,,,,,0.1975223466126785,66.03259802,0.0,,,,,,,,,,,,,,,,,0.0,0.0,2.109375,0.035341206175051,0.0,0.0,0.073828125,0.1236942216126785,0.1975223466126785,213,,,1.3212784079221846e-07,Information
117101,296.0,275.6656588,SOM,Somalia,Jubbada Hoose,0.076219428,4.038380391,-9999.0,1.0,,,,,,,,,,,,,,,,,,,,,,,,,,36.491328125,1.5243885600000002,80.76760782,3.0,,,,,,,,,,,,,,,,0.0,0.0,42.609375,15.456903550690434,0.0,0.0,1.491328125,35.0,36.491328125,139818,3718.0,2.6591712082850565,0.7390692826499196,Watch
117102,297.0,10792.86685,SOM,Somalia,Jubbada Hoose,3.63070695,0.0,-9999.0,1.0,,,,,,,,,,,,,,,,,,,,,,,,,,1.1283792582015972,72.614139,0.0,,,,,,,,,,,,,,,,,0.0,0.0,16.734375,0.1550503237718849,0.0,0.0,0.585703125,0.5426761332015971,1.1283792582015972,52409,,,0.0007132257681459,Information
117103,298.0,147.0780335,SOM,Somalia,Jubbada Hoose,3.583761659,0.0,-9999.0,1.0,,,,,,,,,,,,,,,,,,,,,,,,,,35.674296875,71.67523317999999,0.0,,,,,,,,,,,,,,,,,0.0,0.0,19.265625,13.098913917870664,0.0,0.0,0.674296875,35.0,35.674296875,4576,,,0.5912236855954488,Advisory
117104,299.0,11246.31515,KEN,Kenya,Garissa,3.316705607,0.0,0.42,0.81,,,,,,,,,,,,,,,,,,,,,,,,,,0.5486001994253418,66.33411214,0.0,,,,,,,,,,,,,,,,,0.0,0.0,8.296875,0.0737741641215262,0.0,0.0,0.290390625,0.2582095744253417,0.5486001994253418,98719,,,1.920259175727162e-05,Information
117105,300.0,7743.041606,SOM,Somalia,Jubbada Hoose,4.064276265,0.197907877,-9999.0,1.0,,,,,,,,,,,,,,,,,,,,,,,,,,16.466447492909886,81.2855253,3.95815754,,,,,,,,,,,,,,,,,0.0,0.0,205.3125,2.6515742836885385,0.0,0.0,7.1859375,9.280509992909884,16.466447492909886,91805,,,0.4490853888074149,Advisory
117106,301.0,5751.791917,KEN,Kenya,Garissa,3.630420154,0.0,0.42,0.81,,,,,,,,,,,,,,,,,,,,,,,,,,0.983966334879416,72.60840308,0.0,,,,,,,,,,,,,,,,,0.0,0.0,10.265625,0.178476988536976,0.0,0.0,0.359296875,0.624669459879416,0.983966334879416,67983,,,0.0004398780929052,Information
117107,302.0,450.9320757,KEN,Kenya,Lamu,4.371391733,1.388609834,0.42,0.81,,,,,,,,,,,,,,,,,,,,,,,,,,37.84484375,87.42783466,27.77219668,3.0,,,,,,,,,,,,,,,,0.0,0.0,81.28125,18.025164848649176,0.0,0.0,2.84484375,35.0,37.84484375,18789,1356.0,7.216988663579754,0.86477122309116,Warning
117108,303.0,9822.302911,KEN,Kenya,Garissa,3.5601761,0.0,0.42,0.81,,,,,,,,,,,,,,,,,,,,,,,,,,1.0429432173582909,71.203522,0.0,,,,,,,,,,,,,,,,,0.0,0.0,14.765625,0.1503275263880831,0.0,0.0,0.516796875,0.5261463423582908,1.0429432173582909,102110,,,0.0004529876297986,Information
117109,304.0,3194.208429,KEN,Kenya,Lamu,4.287860191,1.191895828,0.42,0.81,,,,,,,,,,,,,,,,,,,,,,,,,,12.991267547767745,85.75720382,23.83791656,,,,,,,,,,,,,,,,,0.0,0.0,89.859375,2.8131969779336417,0.0,0.0,3.145078125,9.846189422767743,12.991267547767745,114686,,,0.4633594108717955,Advisory
117201,305.0,2070.586695,KEN,Kenya,Lamu,4.375618141,0.0,0.42,0.81,,,,,,,,,,,,,,,,,,,,,,,,,,34.22992787696288,87.51236282,0.0,3.0,,,,,,,,,,,,,,,,0.0,0.0,167.765625,8.102323143417964,0.0,0.0,5.871796875,28.358131001962875,34.22992787696288,61416,5845.0,9.517063957274976,0.8433594576363705,Warning
117202,306.0,7822.225682,KEN,Kenya,Tana River,3.719580431,0.0,0.42,0.81,,,,,,,,,,,,,,,,,,,,,,,,,,0.1457825454943074,74.39160862,0.0,,,,,,,,,,,,,,,,,0.0,0.0,1.828125,0.0233709058555164,0.0,0.0,0.063984375,0.0817981704943074,0.1457825454943074,4542,,,1.1795273969772083e-07,Information
117204,308.0,12962.71742,KEN,Kenya,Kitui,2.821141278,0.0,0.42,0.81,,,,,,,,,,,,,,,,,,,,,,,,,,0.5580046029185513,56.42282555999999,0.0,,,,,,,,,,,,,,,,,0.0,0.0,9.0,0.0694298865481575,0.0,0.0,0.315,0.2430046029185512,0.5580046029185513,529546,,,6.56517116742068e-06,Information
117205,309.0,6260.108688,KEN,Kenya,Tana River,4.090031084,0.0,0.42,0.81,,,,,,,,,,,,,,,,,,,,,,,,,,6.596625848030902,81.80062167999999,0.0,,,,,,,,,,,,,,,,,0.0,0.0,72.5625,1.1591252422945433,0.0,0.0,2.5396875,4.056938348030902,6.596625848030902,113666,,,0.1550936374173802,Information
117206,310.0,13428.34117,KEN,Kenya,Kitui,3.625193274,0.0,0.42,0.81,,,,,,,,,,,,,,,,,,,,,,,,,,0.1030459669460665,72.50386548,0.0,,,,,,,,,,,,,,,,,0.0,0.0,1.6875,0.0125667048417333,0.0,0.0,0.0590625,0.0439834669460665,0.1030459669460665,423987,,,1.157620984559226e-08,Information
117300,16038.0,2944.128623,TZA,Tanzania,Zanzibar South and Central,0.922428062,2.58179524,0.44,0.78,,,,,,,,,,,,,,,,,,,,,,,,,,34.947744074824826,18.44856124,51.6359048,,,,,,,,,,,,,,,,,0.0,0.0,227.109375,7.713975985664236,0.0,0.0,7.948828125,26.998915949824827,34.947744074824826,1659471,,,0.3726269463316886,Advisory
117310,314.0,1485.368021,KEN,Kenya,Kilifi,4.188049495,4.00129474,0.42,0.81,,,,,,,,,,,,,,,,,,,,,,,,,,38.7426393659219,83.7609899,80.02589479999999,3.0,,,,,,,,,,,,,,,,0.0,0.0,143.15625,9.637763033120542,0.0,0.0,5.01046875,33.7321706159219,38.7426393659219,136512,8544.0,6.258790436005627,0.8077198180013994,Warning
117320,315.0,8368.755668,TZA,Tanzania,Arusha,1.700552058,0.0,0.44,0.78,,,,,,,,,,,,,,,,,,,,,,,,,,11.570147607909432,34.01104116,0.0,,,,,,,,,,,,,,,,,0.0,0.0,150.609375,1.799662709402695,0.0,0.0,5.271328125,6.298819482909432,11.570147607909432,255623,,,0.0408366064035898,Information
117321,316.0,31.34025919,KEN,Kenya,Kilifi,3.213395452,0.0,0.42,0.81,,,,,,,,,,,,,,,,,,,,,,,,,,3.150771825932069,64.26790903999999,0.0,,,,,,,,,,,,,,,,,0.0,0.0,0.28125,0.897408021694877,0.0,0.0,0.00984375,3.140928075932069,3.150771825932069,16252,,,0.0075827668782487,Information
117322,317.0,2957.874832,KEN,Kenya,Kilifi,3.450086595,0.0,0.42,0.81,,,,,,,,,,,,,,,,,,,,,,,,,,0.4527973359626686,69.00173190000001,0.0,,,,,,,,,,,,,,,,,0.0,0.0,2.953125,0.0998394174179053,0.0,0.0,0.103359375,0.3494379609626685,0.4527973359626686,60782,,,1.1881323310375503e-05,Information
117323,318.0,3900.87774,KEN,Kenya,Taita Taveta,4.031266048,0.0,0.42,0.81,,,,,,,,,,,,,,,,,,,,,,,,,,1.8766973559570383,80.62532096,0.0,,,,,,,,,,,,,,,,,0.0,0.0,15.046875,0.3857304945591538,0.0,0.0,0.526640625,1.3500567309570384,1.8766973559570383,128781,,,0.0097859940233501,Information
117326,321.0,9219.895811,KEN,Kenya,Kajiado,2.024827183,0.0,0.42,0.81,,,,,,,,,,,,,,,,,,,,,,,,,,0.1026019454394676,40.49654366,0.0,,,,,,,,,,,,,,,,,0.0,0.0,1.40625,0.0152523415541336,0.0,0.0,0.04921875,0.0533831954394675,0.1026019454394676,571564,,,9.896866239954234e-11,Information
117331,325.0,824.6292303,KEN,Kenya,Kilifi,4.294596692,0.0,0.42,0.81,,,,,,,,,,,,,,,,,,,,,,,,,,27.45831067566547,85.89193384,0.0,3.0,,,,,,,,,,,,,,,,0.0,0.0,59.765625,7.247575371618706,0.0,0.0,2.091796875,25.36651380066547,27.45831067566547,410892,30947.0,7.531662821373987,0.747269577734701,Watch
117332,326.0,7731.461552,KEN,Kenya,Kilifi,4.003218774,0.0,0.42,0.81,,,,,,,,,,,,,,,,,,,,,,,,,,1.501291946751543,80.06437548,0.0,,,,,,,,,,,,,,,,,0.0,0.0,18.703125,0.2419093062147266,0.0,0.0,0.654609375,0.846682571751543,1.501291946751543,417691,,,0.0048522797968827,Information
117333,327.0,1384.847108,KEN,Kenya,Kilifi,4.262070059,0.0,0.42,0.81,,,,,,,,,,,,,,,,,,,,,,,,,,29.74015948847429,85.24140118,0.0,3.0,,,,,,,,,,,,,,,,0.0,0.0,103.359375,7.463594675278368,0.0,0.0,3.617578125,26.12258136347429,29.74015948847429,1639578,199656.0,12.177279763451327,0.7582462641456538,Watch
117334,328.0,3930.843137,KEN,Kenya,Kwale,2.562998219,0.0,0.42,0.81,,,,,,,,,,,,,,,,,,,,,,,,,,1.7617474124864148,51.25996438,0.0,,,,,,,,,,,,,,,,,0.0,0.0,14.203125,0.3613251535675471,0.0,0.0,0.497109375,1.2646380374864148,1.7617474124864148,250609,,,0.0004497735790814,Information
117335,329.0,111.0407123,KEN,Kenya,Kwale,3.215474581,0.0,0.42,0.81,,,,,,,,,,,,,,,,,,,,,,,,,,27.78663072510098,64.30949162,0.0,,,,,,,,,,,,,,,,,0.0,0.0,8.71875,7.851849850028851,0.0,0.0,0.30515625,27.48147447510098,27.78663072510098,25278,,,0.4011661618934344,Advisory
117336,330.0,4396.410898,KEN,Kenya,Taita Taveta,3.694898849,0.0,0.42,0.81,,,,,,,,,,,,,,,,,,,,,,,,,,0.8058543268262066,73.89797698,0.0,,,,,,,,,,,,,,,,,0.0,0.0,7.03125,0.1599315933789162,0.0,0.0,0.24609375,0.5597605768262066,0.8058543268262066,170238,,,0.0002527120995196,Information
117337,16039.0,3232.913481,KEN,Kenya,Kwale,4.151545344,0.07008373,0.42,0.81,,,,,,,,,,,,,,,,,,,,,,,,,,26.1899894178553,83.03090687999999,1.4016746,3.0,,,,,,,,,,,,,,,,0.0,0.0,182.8125,5.654729119387229,0.0,0.0,6.3984375,19.7915519178553,26.1899894178553,722699,89123.0,12.331966697061986,0.6678498309612423,Watch
117338,331.0,6718.890674,TZA,Tanzania,Tanga,4.06275649,0.0,0.44,0.78,,,,,,,,,,,,,,,,,,,,,,,,,,0.502139423788444,81.25512979999999,0.0,,,,,,,,,,,,,,,,,0.0,0.0,5.765625,0.0858121567966983,0.0,0.0,0.201796875,0.3003425487884441,0.502139423788444,248684,,,0.0001474167798349,Information
117339,332.0,3845.018717,TZA,Tanzania,Tanga,4.013815436,3.141807667,0.44,0.78,,,,,,,,,,,,,,,,,,,,,,,,,,25.679942929252373,80.27630872,62.83615334,3.0,,,,,,,,,,,,,,,,0.0,0.0,203.765625,5.299470301214964,0.0,0.0,7.131796875,18.54814605425237,25.679942929252373,601556,14459.0,2.403599997340231,0.6040675591768951,Watch
117341,334.0,3053.380815,TZA,Tanzania,Tanga,4.003149444,0.0,0.44,0.78,,,,,,,,,,,,,,,,,,,,,,,,,,5.070953848686521,80.06298888,0.0,,,,,,,,,,,,,,,,,0.0,0.0,33.890625,1.1099377067675775,0.0,0.0,1.186171875,3.8847819736865215,5.070953848686521,232154,,,0.0854919912229129,Information
117342,335.0,1244.183695,TZA,Tanzania,Tanga,3.79097881,0.0,0.44,0.78,,,,,,,,,,,,,,,,,,,,,,,,,,0.3558475606965461,75.8195762,0.0,,,,,,,,,,,,,,,,,0.0,0.0,1.125,0.0904207316275846,0.0,0.0,0.039375,0.3164725606965461,0.3558475606965461,233942,,,1.2280507019114884e-05,Information
117343,336.0,194.9155719,TZA,Tanzania,Tanga,4.143246708,0.0,0.44,0.78,,,,,,,,,,,,,,,,,,,,,,,,,,0.2574350504120633,82.86493416,0.0,,,,,,,,,,,,,,,,,0.0,0.0,0.140625,0.0721466215463038,0.0,0.0,0.004921875,0.2525131754120633,0.2574350504120633,81855,,,1.3457308318136204e-05,Information
117344,337.0,20632.26319,TZA,Tanzania,Manyara,3.184995224,0.0,0.44,0.78,,,,,,,,,,,,,,,,,,,,,,,,,,0.7818916462055919,63.69990448,0.0,,,,,,,,,,,,,,,,,0.0,0.0,15.046875,0.0729288632015977,0.0,0.0,0.526640625,0.2552510212055919,0.7818916462055919,234580,,,6.205573322248436e-05,Information
117345,338.0,1705.631284,TZA,Tanzania,Tanga,3.825997448,0.0,0.44,0.78,,,,,,,,,,,,,,,,,,,,,,,,,,5.134330899274777,76.51994896,0.0,,,,,,,,,,,,,,,,,0.0,0.0,21.375,1.253201685507079,0.0,0.0,0.748125,4.386205899274777,5.134330899274777,322219,,,0.064230153209172,Information
117346,339.0,2196.520652,TZA,Tanzania,Kilimanjaro,4.044353928,0.0,0.44,0.78,,,,,,,,,,,,,,,,,,,,,,,,,,2.623629331089236,80.88707855999999,0.0,,,,,,,,,,,,,,,,,0.0,0.0,13.5,0.6146083803112102,0.0,0.0,0.4725,2.151129331089236,2.623629331089236,211891,,,0.0235274334569672,Information
117350,343.0,7794.801531,TZA,Tanzania,Tanga,2.704172085,0.920494658,0.44,0.78,,,,,,,,,,,,,,,,,,,,,,,,,,6.0563007239782,54.0834417,18.40989316,,,,,,,,,,,,,,,,,0.0,0.0,75.796875,0.9724028854223428,0.0,0.0,2.652890625,3.4034100989782,6.0563007239782,440151,,,0.0213964032395796,Information
117361,345.0,7069.368044,TZA,Tanzania,Pwani,3.845662079,2.068423624,0.44,0.78,,,,,,,,,,,,,,,,,,,,,,,,,,3.2919042839039223,76.91324157999999,41.36847248,,,,,,,,,,,,,,,,,0.0,0.0,38.953125,0.5510128311154063,0.0,0.0,1.363359375,1.9285449089039224,3.2919042839039223,215420,,,0.0257198673056061,Information
117363,347.0,1673.309586,TZA,Tanzania,Morogoro,4.024198147,0.0,0.44,0.78,,,,,,,,,,,,,,,,,,,,,,,,,,0.995740753421452,80.48396294,0.0,,,,,,,,,,,,,,,,,0.0,0.0,4.078125,0.2437161081204149,0.0,0.0,0.142734375,0.8530063784214521,0.995740753421452,123908,,,0.0014625334626365,Information
117365,349.0,4392.637757,TZA,Tanzania,Morogoro,3.928939981,0.0,0.44,0.78,,,,,,,,,,,,,,,,,,,,,,,,,,1.62879699080815,78.57879962,0.0,,,,,,,,,,,,,,,,,0.0,0.0,14.203125,0.3233393188023286,0.0,0.0,0.497109375,1.13168761580815,1.62879699080815,229419,,,0.0049897415196521,Information
117366,350.0,3301.611439,TZA,Tanzania,Morogoro,1.151819999,0.0,0.44,0.78,,,,,,,,,,,,,,,,,,,,,,,,,,0.4759048362090053,23.03639998,0.0,,,,,,,,,,,,,,,,,0.0,0.0,3.375,0.1022228103454301,0.0,0.0,0.118125,0.3577798362090053,0.4759048362090053,78739,,,1.8297237557183265e-07,Information
117368,352.0,3109.485087,TZA,Tanzania,Dodoma,1.997113016,0.0,0.44,0.78,,,,,,,,,,,,,,,,,,,,,,,,,,2.656058921205305,39.94226032,0.0,,,,,,,,,,,,,,,,,0.0,0.0,18.0,0.5788739774872301,0.0,0.0,0.63,2.0260589212053053,2.656058921205305,497458,,,0.0009089847954949,Information
117369,353.0,7161.658267,TZA,Tanzania,Dodoma,1.966367653,0.0,0.44,0.78,,,,,,,,,,,,,,,,,,,,,,,,,,1.663011867197395,39.32735306,0.0,,,,,,,,,,,,,,,,,0.0,0.0,19.828125,0.2768649977706843,0.0,0.0,0.693984375,0.969027492197395,1.663011867197395,412812,,,0.0001610392300517,Information
117370,354.0,244.7383548,TZA,Tanzania,Pwani,4.093755374,0.666473469,0.44,0.78,,,,,,,,,,,,,,,,,,,,,,,,,,31.728543456703537,81.87510748,13.32946938,3.0,,,,,,,,,,,,,,,,0.0,0.0,21.65625,8.848735630486726,0.0,0.0,0.75796875,30.970574706703538,31.728543456703537,3608,247.0,6.8458980044345905,0.7122365539470145,Watch
117380,355.0,17655.58937,TZA,Tanzania,Morogoro,2.967928957,0.055678408,0.44,0.78,,,,,,,,,,,,,,,,,,,,,,,,,,6.190800709456009,59.35857914,1.11356816,,,,,,,,,,,,,,,,,0.0,0.0,112.921875,0.6395814527017168,0.0,0.0,3.952265625,2.238535084456009,6.190800709456009,1210951,,,0.0299367951213553,Information
117390,356.0,7798.726748,TZA,Tanzania,Pwani,1.53099174,2.564522546,0.44,0.78,,,,,,,,,,,,,,,,,,,,,,,,,,23.12874981163701,30.6198348,51.29045092,,,,,,,,,,,,,,,,,0.0,0.0,289.546875,3.712745481896291,0.0,0.0,10.134140625,12.994609186637016,23.12874981163701,7438014,,,0.2281967206538546,Information
117410,358.0,5675.737095,TZA,Tanzania,Pwani,3.977674255,0.0,0.44,0.78,,,,,,,,,,,,,,,,,,,,,,,,,,32.51602553099428,79.5534851,0.0,3.0,,,,,,,,,,,,,,,,0.0,0.0,336.375,5.926543008855508,0.0,0.0,11.773125,20.74290053099428,32.51602553099428,111598,6942.0,6.220541586766788,0.6786476882690387,Watch
117420,359.0,8245.088392,TZA,Tanzania,Lindi,3.750999987,0.0,0.44,0.78,,,,,,,,,,,,,,,,,,,,,,,,,,2.7119431593402443,75.01999974,0.0,,,,,,,,,,,,,,,,,0.0,0.0,35.015625,0.4246846526686412,0.0,0.0,1.225546875,1.4863962843402443,2.7119431593402443,3929,,,0.013195470892703,Information
117442,362.0,25500.22368,TZA,Tanzania,Ruvuma,2.417885796,0.0,0.44,0.78,,,,,,,,,,,,,,,,,,,,,,,,,,0.86335264613208,48.35771592,0.0,,,,,,,,,,,,,,,,,0.0,0.0,17.71875,0.0694846846091657,0.0,0.0,0.62015625,0.2431963961320799,0.86335264613208,94668,,,2.145060218755388e-05,Information
117443,363.0,1261.549225,TZA,Tanzania,Morogoro,4.000705416,0.0,0.44,0.78,,,,,,,,,,,,,,,,,,,,,,,,,,6.063223879053984,80.01410831999999,0.0,,,,,,,,,,,,,,,,,0.0,0.0,19.40625,1.5382871797297095,0.0,0.0,0.67921875,5.384005129053984,6.063223879053984,28,,,0.1164768015399437,Information
117444,364.0,3986.214997,TZA,Tanzania,Morogoro,4.039606689,0.0,0.44,0.78,,,,,,,,,,,,,,,,,,,,,,,,,,0.2244984843504728,80.79213378,0.0,,,,,,,,,,,,,,,,,0.0,0.0,1.828125,0.0458611741001351,0.0,0.0,0.063984375,0.1605141093504728,0.2244984843504728,99386,,,4.309411674580537e-06,Information
117445,365.0,5156.310867,TZA,Tanzania,Morogoro,3.448234195,0.0,0.44,0.78,,,,,,,,,,,,,,,,,,,,,,,,,,32.1316886618747,68.9646839,0.0,,,,,,,,,,,,,,,,,0.0,0.0,312.328125,6.057201224821342,0.0,0.0,10.931484375,21.200204286874698,32.1316886618747,257474,,,0.5138472750748421,Advisory
117446,366.0,5847.052773,TZA,Tanzania,Morogoro,3.304000303,0.0,0.44,0.78,,,,,,,,,,,,,,,,,,,,,,,,,,21.7568506940298,66.08000606,0.0,,,,,,,,,,,,,,,,,0.0,0.0,229.359375,3.922649305437085,0.0,0.0,8.027578125,13.729272569029796,21.7568506940298,223514,,,0.3284938368989311,Information
117447,367.0,6037.585616,TZA,Tanzania,Morogoro,4.03035501,0.0,0.44,0.78,,,,,,,,,,,,,,,,,,,,,,,,,,20.38226203100169,80.6071002,0.0,,,,,,,,,,,,,,,,,0.0,0.0,219.234375,3.631159687429057,0.0,0.0,7.673203125,12.7090589060017,20.38226203100169,211531,,,0.5198423837956218,Advisory
117448,368.0,9704.89288,TZA,Tanzania,Morogoro,3.939320049,0.0,0.44,0.78,,,,,,,,,,,,,,,,,,,,,,,,,,1.5189990418067412,78.78640098,0.0,,,,,,,,,,,,,,,,,0.0,0.0,21.375,0.2202497262304975,0.0,0.0,0.748125,0.7708740418067412,1.5189990418067412,298873,,,0.0041871886453296,Information
117449,369.0,8593.985424,TZA,Tanzania,Ruvuma,3.682940614,0.0,0.44,0.78,,,,,,,,,,,,,,,,,,,,,,,,,,0.2875227525234404,73.65881228,0.0,,,,,,,,,,,,,,,,,0.0,0.0,3.796875,0.0441806078638401,0.0,0.0,0.132890625,0.1546321275234403,0.2875227525234404,142218,,,3.127415542833504e-06,Information
117480,373.0,5418.748113,TZA,Tanzania,Iringa,1.429284569,0.0,0.44,0.78,,,,,,,,,,,,,,,,,,,,,,,,,,3.753319402855337,28.58569138,0.0,,,,,,,,,,,,,,,,,0.0,0.0,37.6875,0.695501972244382,0.0,0.0,1.3190625,2.434256902855337,3.753319402855337,415877,,,0.0016103030113723,Information
117490,374.0,29276.63044,TZA,Tanzania,Mbeya,4.003778479,0.0,0.44,0.78,,,,,,,,,,,,,,,,,,,,,,,,,,1.7498047273641066,80.07556958,0.0,,,,,,,,,,,,,,,,,0.0,0.0,37.265625,0.1272879578183162,0.0,0.0,1.304296875,0.4455078523641067,1.7498047273641066,941323,,,0.0074986875015406,Information
117501,375.0,3522.056422,TZA,Tanzania,Pwani,4.055619872,2.32965525,0.44,0.78,,,,,,,,,,,,,,,,,,,,,,,,,,50.83859375,81.11239744000001,46.593105,3.0,,,,,,,,,,,,,,,,0.0,0.0,452.53125,12.84849518980078,0.0,0.0,15.83859375,35.0,50.83859375,158410,5424.0,3.4240262609683736,0.8389496031621638,Warning
117502,376.0,16804.9308,TZA,Tanzania,Lindi,4.009095909,0.0,0.44,0.78,,,,,,,,,,,,,,,,,,,,,,,,,,0.7379660715804759,80.18191818,0.0,,,,,,,,,,,,,,,,,0.0,0.0,13.21875,0.0786599490229931,0.0,0.0,0.46265625,0.2753098215804758,0.7379660715804759,108538,,,0.000500132520701,Information
117503,377.0,142.6565973,TZA,Tanzania,Lindi,1.885281426,0.0,0.44,0.78,,,,,,,,,,,,,,,,,,,,,,,,,,35.713671875,37.70562852,0.0,,,,,,,,,,,,,,,,,0.0,0.0,20.390625,14.29350298523548,0.0,0.0,0.713671875,35.0,35.713671875,22853,,,0.2889900797261817,Advisory
117504,378.0,4150.735731,TZA,Tanzania,Lindi,3.273601095,0.0,0.44,0.78,,,,,,,,,,,,,,,,,,,,,,,,,,8.75900994950032,65.4720219,0.0,,,,,,,,,,,,,,,,,0.0,0.0,73.40625,1.7685117712858058,0.0,0.0,2.56921875,6.189791199500321,8.75900994950032,16909,,,0.0850804367520727,Information
117505,379.0,1626.104233,TZA,Tanzania,Lindi,4.006933991,0.0,0.44,0.78,,,,,,,,,,,,,,,,,,,,,,,,,,39.34216134961598,80.13867982000001,0.0,3.0,,,,,,,,,,,,,,,,0.0,0.0,157.21875,9.668430028461708,0.0,0.0,5.50265625,33.83950509961598,39.34216134961598,35133,668.0,1.901346312583611,0.7528616694190455,Watch
117506,380.0,17173.09027,TZA,Tanzania,Lindi,4.00800846,0.0,0.44,0.78,,,,,,,,,,,,,,,,,,,,,,,,,,1.5186432701473225,80.1601692,0.0,,,,,,,,,,,,,,,,,0.0,0.0,27.421875,0.1596793271849493,0.0,0.0,0.959765625,0.5588776451473225,1.5186432701473225,261259,,,0.0050867722371068,Information
117507,381.0,1524.047224,TZA,Tanzania,Lindi,2.5315697,0.0,0.44,0.78,,,,,,,,,,,,,,,,,,,,,,,,,,14.514490381086578,50.631394,0.0,,,,,,,,,,,,,,,,,0.0,0.0,54.84375,3.598559751739022,0.0,0.0,1.91953125,12.594959131086576,14.514490381086578,83152,,,0.1104445744283733,Information
117508,382.0,6051.505242,TZA,Tanzania,Lindi,2.184009943,0.0,0.44,0.78,,,,,,,,,,,,,,,,,,,,,,,,,,2.1410498494450643,43.68019886,0.0,,,,,,,,,,,,,,,,,0.0,0.0,23.0625,0.3811035284128755,0.0,0.0,0.8071875,1.333862349445064,2.1410498494450643,423547,,,0.0005382130722046,Information
117509,383.0,5676.392975,TZA,Tanzania,Mtwara,0.643721866,0.0,0.44,0.78,,,,,,,,,,,,,,,,,,,,,,,,,,13.116911279826132,12.87443732,0.0,,,,,,,,,,,,,,,,,0.0,0.0,135.703125,2.3906576870931806,0.0,0.0,4.749609375,8.367301904826132,13.116911279826132,474538,,,0.0291491591410096,Information
117610,384.0,17905.45635,TZA,Tanzania,Mtwara,1.568122327,0.562989359,0.44,0.78,,,,,,,,,,,,,,,,,,,,,,,,,,8.12325852243534,31.36244654,11.25978718,,,,,,,,,,,,,,,,,0.0,0.0,148.921875,0.8317122564100967,0.0,0.0,5.212265625,2.9109928974353387,8.12325852243534,864999,,,0.0164169525031841,Information
117623,387.0,5160.939609,MOZ,Mozambique,Nassa,3.444766013,0.0,0.41,0.82,,,,,,,,,,,,,,,,,,,,,,,,,,1.9085425714041109,68.89532026,0.0,,,,,,,,,,,,,,,,,0.0,0.0,18.5625,0.3596728775440317,0.0,0.0,0.6496875,1.258855071404111,1.9085425714041109,791,,,0.0026271244039829,Information
117624,388.0,4643.163315,MOZ,Mozambique,Nassa,2.93340444,0.0,0.41,0.82,,,,,,,,,,,,,,,,,,,,,,,,,,0.1396992375589597,58.6680888,0.0,,,,,,,,,,,,,,,,,0.0,0.0,1.265625,0.0272578178739885,0.0,0.0,0.044296875,0.0954023625589597,0.1396992375589597,32726,,,6.35575130796427e-09,Information
117625,389.0,2607.556641,MOZ,Mozambique,Nassa,3.525224827,0.0,0.41,0.82,,,,,,,,,,,,,,,,,,,,,,,,,,0.8567029405756161,70.50449654,0.0,,,,,,,,,,,,,,,,,0.0,0.0,5.0625,0.1941472687358903,0.0,0.0,0.1771875,0.6795154405756161,0.8567029405756161,1702,,,0.0002008975890916,Information
117626,390.0,4265.761112,MOZ,Mozambique,Nassa,1.69269727,0.0,0.41,0.82,,,,,,,,,,,,,,,,,,,,,,,,,,0.329199367383293,33.8539454,0.0,,,,,,,,,,,,,,,,,0.0,0.0,2.8125,0.0659319621095123,0.0,0.0,0.0984375,0.230761867383293,0.329199367383293,26155,,,5.6970890998760105e-08,Information
117627,391.0,1950.680854,MOZ,Mozambique,Nassa,2.146834204,0.0,0.41,0.82,,,,,,,,,,,,,,,,,,,,,,,,,,0.1507672493149794,42.936684080000006,0.0,,,,,,,,,,,,,,,,,0.0,0.0,0.703125,0.036045106947137,0.0,0.0,0.024609375,0.1261578743149795,0.1507672493149794,2238,,,1.4587020783259214e-09,Information
117628,392.0,4022.524579,MOZ,Mozambique,Nassa,1.274004283,0.0,0.41,0.82,,,,,,,,,,,,,,,,,,,,,,,,,,0.1029459661060922,25.48008566,0.0,,,,,,,,,,,,,,,,,0.0,0.0,0.84375,0.0209756331731692,0.0,0.0,0.02953125,0.0734147161060922,0.1029459661060922,143272,,,2.280290842654284e-11,Information
117630,394.0,6704.998058,TZA,Tanzania,Mtwara,0.241881588,0.0,0.44,0.78,,,,,,,,,,,,,,,,,,,,,,,,,,2.3176089379324023,4.83763176,0.0,,,,,,,,,,,,,,,,,0.0,0.0,26.578125,0.3963927322664007,0.0,0.0,0.930234375,1.3873745629324024,2.3176089379324023,78779,,,0.0001015823422804,Information
117640,395.0,10342.0613,TZA,Tanzania,Ruvuma,2.312171611,0.0,0.44,0.78,,,,,,,,,,,,,,,,,,,,,,,,,,0.1064905612920253,46.24343222,0.0,,,,,,,,,,,,,,,,,0.0,0.0,1.546875,0.0149571246548644,0.0,0.0,0.054140625,0.0523499362920254,0.1064905612920253,190495,,,2.420640370139786e-10,Information
117650,396.0,22872.57792,MOZ,Mozambique,Nassa,2.216770159,0.0,0.41,0.82,,,,,,,,,,,,,,,,,,,,,,,,,,2.4050723450989056,44.33540318,0.0,,,,,,,,,,,,,,,,,0.0,0.0,47.8125,0.2090385271711159,0.0,0.0,1.6734375,0.7316348450989056,2.4050723450989056,163362,,,0.0008396656618958,Information
117670,398.0,13639.47184,TZA,Tanzania,Ruvuma,2.272076776,0.0,0.44,0.78,,,,,,,,,,,,,,,,,,,,,,,,,,0.1620781222012123,45.44153552,0.0,,,,,,,,,,,,,,,,,0.0,0.0,2.671875,0.0195892849146321,0.0,0.0,0.093515625,0.0685624972012123,0.1620781222012123,113753,,,2.960927609280863e-09,Information
117690,400.0,7542.412533,MOZ,Mozambique,Nassa,3.085655112,0.0,0.41,0.82,,,,,,,,,,,,,,,,,,,,,,,,,,0.1602646180223497,61.71310224,0.0,,,,,,,,,,,,,,,,,0.0,0.0,1.96875,0.0261023908635285,0.0,0.0,0.06890625,0.0913583680223497,0.1602646180223497,34029,,,2.174787464006216e-08,Information
117701,401.0,3589.956521,MOZ,Mozambique,Cabo Delgado,4.017263711,4.002330078,0.41,0.82,,,,,,,,,,,,,,,,,,,,,,,,,,30.70553478509464,80.34527422,80.04660156,3.0,,,,,,,,,,,,,,,,0.0,0.0,231.75,6.455509938598469,0.0,0.0,8.11125,22.594284785094644,30.70553478509464,66000,7278.0,11.027272727272727,0.6722465648758696,Watch
117702,402.0,2584.212993,MOZ,Mozambique,Cabo Delgado,1.500720576,0.0,0.41,0.82,,,,,,,,,,,,,,,,,,,,,,,,,,0.8628411224510204,30.01441152,0.0,,,,,,,,,,,,,,,,,0.0,0.0,5.0625,0.1959010349860058,0.0,0.0,0.1771875,0.6856536224510204,0.8628411224510204,30390,,,5.517919070973264e-06,Information
117703,403.0,2614.859921,MOZ,Mozambique,Cabo Delgado,3.05762355,1.049952723,0.41,0.82,,,,,,,,,,,,,,,,,,,,,,,,,,13.676880965062471,61.152471000000006,20.999054460000004,,,,,,,,,,,,,,,,,0.0,0.0,81.0,3.097680275732135,0.0,0.0,2.835,10.841880965062472,13.676880965062471,130585,,,0.148257133886839,Information
117705,405.0,3144.380054,MOZ,Mozambique,Cabo Delgado,3.189616052,3.430657277,0.41,0.82,,,,,,,,,,,,,,,,,,,,,,,,,,26.82954120638973,63.79232104,68.61314554,,,,,,,,,,,,,,,,,0.0,0.0,183.375,5.831833201825639,0.0,0.0,6.418125,20.41141620638973,26.82954120638973,102978,,,0.4376675070993006,Advisory
117707,407.0,4220.211339,MOZ,Mozambique,Cabo Delgado,4.096245933,1.203120607,0.41,0.82,,,,,,,,,,,,,,,,,,,,,,,,,,20.846718803767367,81.92491865999999,24.06241214,,,,,,,,,,,,,,,,,0.0,0.0,176.765625,4.188549122504962,0.0,0.0,6.186796875,14.659921928767366,20.846718803767367,485631,,,0.5567215523191131,Advisory
117803,412.0,3740.229663,MOZ,Mozambique,Cabo Delgado,2.833553407,0.0,0.41,0.82,,,,,,,,,,,,,,,,,,,,,,,,,,0.1446492840637474,56.67106814,0.0,,,,,,,,,,,,,,,,,0.0,0.0,1.125,0.0300783668753564,0.0,0.0,0.039375,0.1052742840637474,0.1446492840637474,48099,,,5.911334241485948e-09,Information
117804,413.0,4025.459107,MOZ,Mozambique,Nassa,3.527959911,0.0,0.41,0.82,,,,,,,,,,,,,,,,,,,,,,,,,,0.1028924473654595,70.55919822,0.0,,,,,,,,,,,,,,,,,0.0,0.0,0.84375,0.020960342104417,0.0,0.0,0.02953125,0.0733611973654595,0.1028924473654595,18685,,,7.72668311694473e-09,Information
117807,416.0,11792.60789,MOZ,Mozambique,Nampula,1.723128047,0.0,0.41,0.82,,,,,,,,,,,,,,,,,,,,,,,,,,0.1091468414378128,34.46256094,0.0,,,,,,,,,,,,,,,,,0.0,0.0,1.6875,0.0143098118393751,0.0,0.0,0.0590625,0.0500843414378128,0.1091468414378128,373515,,,7.887633497480625e-11,Information
117911,419.0,3559.751584,MOZ,Mozambique,Nampula,4.21769593,1.165916479,0.41,0.82,,,,,,,,,,,,,,,,,,,,,,,,,,10.08660228257291,84.35391859999999,23.31832958,,,,,,,,,,,,,,,,,0.0,0.0,75.65625,2.1253238664494027,0.0,0.0,2.64796875,7.43863353257291,10.08660228257291,280951,,,0.3303262542549642,Information
117912,420.0,9482.057493,MOZ,Mozambique,Nampula,3.211276741,0.525897073,0.41,0.82,,,,,,,,,,,,,,,,,,,,,,,,,,0.2629275921091298,64.22553482,10.51794146,,,,,,,,,,,,,,,,,0.0,0.0,3.65625,0.0385596691740371,0.0,0.0,0.12796875,0.1349588421091298,0.2629275921091298,457446,,,4.482125137765237e-07,Information
117913,421.0,4016.198326,MOZ,Mozambique,Nampula,4.01248169,1.01939879,0.41,0.82,,,,,,,,,,,,,,,,,,,,,,,,,,24.064885425750408,80.24963380000001,20.387975800000003,,,,,,,,,,,,,,,,,0.0,0.0,197.015625,4.905525300214402,0.0,0.0,6.895546875,17.169338550750407,24.064885425750408,625500,,,0.5783138265174936,Advisory
117914,422.0,8105.1408,MOZ,Mozambique,Nampula,3.522706308,0.0,0.41,0.82,,,,,,,,,,,,,,,,,,,,,,,,,,1.06645775576723,70.45412616,0.0,,,,,,,,,,,,,,,,,0.0,0.0,13.640625,0.1682959659334943,0.0,0.0,0.477421875,0.58903588076723,1.06645775576723,997969,,,0.0004475121868712,Information
117915,423.0,2424.510066,MOZ,Mozambique,Nampula,3.262757866,1.690285713,0.41,0.82,,,,,,,,,,,,,,,,,,,,,,,,,,21.46423530059065,65.25515732,33.80571426,,,,,,,,,,,,,,,,,0.0,0.0,119.671875,4.935919907311615,0.0,0.0,4.188515625,17.275719675590654,21.46423530059065,66591,,,0.3150297610800595,Information
117916,424.0,3744.137432,MOZ,Mozambique,Nampula,1.835535288,0.0,0.41,0.82,,,,,,,,,,,,,,,,,,,,,,,,,,0.686562192394139,36.71070576,0.0,,,,,,,,,,,,,,,,,0.0,0.0,5.34375,0.1427231263983254,0.0,0.0,0.18703125,0.4995309423941389,0.686562192394139,126035,,,3.037320088917265e-06,Information
117918,426.0,2892.104979,MOZ,Mozambique,Nampula,1.816753223,0.0,0.41,0.82,,,,,,,,,,,,,,,,,,,,,,,,,,0.3510430204303015,36.33506446,0.0,,,,,,,,,,,,,,,,,0.0,0.0,2.25,0.077798005837229,0.0,0.0,0.07875,0.2722930204303015,0.3510430204303015,314876,,,9.93870157310946e-08,Information
117930,429.0,3177.854548,MOZ,Mozambique,Nampula,4.095420647,2.683310311,0.41,0.82,,,,,,,,,,,,,,,,,,,,,,,,,,18.69548549669985,81.90841294,53.66620622,,,,,,,,,,,,,,,,,0.0,0.0,128.8125,4.053442284771386,0.0,0.0,4.5084375,14.18704799669985,18.69548549669985,236979,,,0.5130969365010003,Advisory
117970,432.0,3912.557592,MOZ,Mozambique,Zambezia,4.257151209,4.006026833,0.41,0.82,,,,,,,,,,,,,,,,,,,,,,,,,,30.22519762808788,85.14302418,80.12053666,3.0,,,,,,,,,,,,,,,,0.0,0.0,242.859375,6.207177000882251,0.0,0.0,8.500078125,21.72511950308788,30.22519762808788,381098,19929.0,5.22936357577316,0.7612119323143756,Watch
117980,433.0,19148.26047,MOZ,Mozambique,Zambezia,4.097006244,3.402954081,0.41,0.82,,,,,,,,,,,,,,,,,,,,,,,,,,4.105768453941601,81.94012488,68.05908162,,,,,,,,,,,,,,,,,0.0,0.0,77.0625,0.4024517011261718,0.0,0.0,2.6971875,1.4085809539416012,4.105768453941601,1064402,,,0.069263363095393,Information
121000,435.0,4430.952022,MOZ,Mozambique,Zambezia,4.334133909,4.004120188,0.41,0.82,,,,,,,,,,,,,,,,,,,,,,,,,,27.907908227837208,86.68267818000001,80.08240376,3.0,,,,,,,,,,,,,,,,0.0,0.0,244.828125,5.525406815096345,0.0,0.0,8.568984375,19.33892385283721,27.907908227837208,108250,4364.0,4.031408775981524,0.770302828354229,Watch
122212,438.0,1531.615518,MOZ,Mozambique,Zambezia,4.010395937,0.0,0.41,0.82,,,,,,,,,,,,,,,,,,,,,,,,,,0.5929129805384149,80.20791874,0.0,,,,,,,,,,,,,,,,,0.0,0.0,2.25,0.1469037087252614,0.0,0.0,0.07875,0.5141629805384149,0.5929129805384149,57283,,,0.0002257533870156,Information
122213,439.0,2585.51095,MOZ,Mozambique,Zambezia,3.603996277,0.0,0.41,0.82,,,,,,,,,,,,,,,,,,,,,,,,,,12.170789818625533,72.07992553999999,0.0,,,,,,,,,,,,,,,,,0.0,0.0,71.4375,2.762993519607295,0.0,0.0,2.5003125,9.670477318625531,12.170789818625533,297840,,,0.2031825758062356,Information
122216,442.0,1760.656145,MWI,Malawi,Chikwawa,0.039281079,0.0,0.45,0.76,,,,,,,,,,,,,,,,,,,,,,,,,,1.0520528658652957,0.78562158,0.0,,,,,,,,,,,,,,,,,0.0,0.0,4.5,0.2555865331043702,0.0,0.0,0.1575,0.8945528658652957,1.0520528658652957,253925,,,2.726755884273065e-06,Information
122219,445.0,317.2011654,MWI,Malawi,Mangochi,4.020557063,0.0,0.45,0.76,,,,,,,,,,,,,,,,,,,,,,,,,,11.04604466120604,80.41114126,0.0,,,,,,,,,,,,,,,,,0.0,0.0,9.703125,3.058981510344583,0.0,0.0,0.339609375,10.70643528620604,11.04604466120604,6213,,,0.2833600760393616,Information
122220,446.0,8486.936622,MWI,Malawi,Lilongwe,3.752835539,0.0,0.45,0.76,,,,,,,,,,,,,,,,,,,,,,,,,,1.2222201080916886,75.05671078,0.0,,,,,,,,,,,,,,,,,0.0,0.0,16.03125,0.1888932451690539,0.0,0.0,0.56109375,0.6611263580916886,1.2222201080916886,3593926,,,0.001280937265185,Information
122230,447.0,12773.82837,MOZ,Mozambique,Nassa,4.375843167,0.0,0.41,0.82,,,,,,,,,,,,,,,,,,,,,,,,,,8.722318293645689,87.51686334,0.0,,,,,,,,,,,,,,,,,0.0,0.0,139.78125,1.0942784410416255,0.0,0.0,4.89234375,3.829974543645689,8.722318293645689,941461,,,0.3599869766344874,Advisory
122250,449.0,3516.439784,MOZ,Mozambique,Nassa,4.307419146,0.0,0.41,0.82,,,,,,,,,,,,,,,,,,,,,,,,,,3.8783193753983536,86.14838292,0.0,,,,,,,,,,,,,,,,,0.0,0.0,28.828125,0.8198100001138152,0.0,0.0,1.008984375,2.8693350003983533,3.8783193753983536,75117,,,0.1015090079112659,Information
122260,450.0,8304.74514,MWI,Malawi,Kasungu,4.004283142,0.0,0.45,0.76,,,,,,,,,,,,,,,,,,,,,,,,,,1.410299362104193,80.08566284,0.0,,,,,,,,,,,,,,,,,0.0,0.0,18.28125,0.2201301748869123,0.0,0.0,0.63984375,0.7704556121041931,1.410299362104193,702290,,,0.0040528142305026,Information
122282,453.0,15826.97937,TZA,Tanzania,Ruvuma,3.228451198,0.0,0.44,0.78,,,,,,,,,,,,,,,,,,,,,,,,,,0.4015837801971541,64.56902396000001,0.0,,,,,,,,,,,,,,,,,0.0,0.0,7.03125,0.0444257229134726,0.0,0.0,0.24609375,0.1554900301971541,0.4015837801971541,434680,,,3.7334536884494086e-06,Information
122284,455.0,2580.351778,MWI,Malawi,Karonga,4.261242075,0.0,0.45,0.76,,,,,,,,,,,,,,,,,,,,,,,,,,2.399630911812008,85.2248415,0.0,,,,,,,,,,,,,,,,,0.0,0.0,14.0625,0.544983831946288,0.0,0.0,0.4921875,1.907443411812008,2.399630911812008,144241,,,0.034560171727662,Information
122286,457.0,2085.866757,MWI,Malawi,Karonga,4.105597901,0.0,0.45,0.76,,,,,,,,,,,,,,,,,,,,,,,,,,3.792918055251409,82.11195802,0.0,,,,,,,,,,,,,,,,,0.0,0.0,18.703125,0.8966596229289738,0.0,0.0,0.654609375,3.1383086802514084,3.792918055251409,141665,,,0.0604512271493897,Information
122287,458.0,1945.127346,TZA,Tanzania,Njombe,0.447441988,0.0,0.44,0.78,,,,,,,,,,,,,,,,,,,,,,,,,,0.5742842759896112,8.94883976,0.0,,,,,,,,,,,,,,,,,0.0,0.0,2.671875,0.1373624717113175,0.0,0.0,0.093515625,0.4807686509896112,0.5742842759896112,38922,,,2.0307518584451453e-07,Information
122289,,,,,,,,,,,,,,,,,,,,,,,,,,,,,,,,,,,1.656852527897763,,,,,,,,,,,,,,,,,,,0.0,0.0,14.0625,0.332761436542218,0.0,0.0,0.4921875,1.164665027897763,1.656852527897763,411813,,,,Information
122321,463.0,1010.530056,MOZ,Mozambique,Manica,3.882392663,0.0,0.41,0.82,,,,,,,,,,,,,,,,,,,,,,,,,,1.0725549880952132,77.64785326,0.0,,,,,,,,,,,,,,,,,0.0,0.0,2.8125,0.2783192823129181,0.0,0.0,0.0984375,0.9741174880952131,1.0725549880952132,39415,,,0.0011952080391721,Information
122460,500.0,6277.813098,ZMB,Zambia,Muchinga,1.74081111,0.0,0.51,0.68,,,,,,,,,,,,,,,,,,,,,,,,,,0.1148578718115573,34.8162222,0.0,,,,,,,,,,,,,,,,,0.0,0.0,1.265625,0.0201602848033021,0.0,0.0,0.044296875,0.0705609968115573,0.1148578718115573,16075,,,1.1393905531432026e-10,Information
122491,503.0,5655.25485,ZMB,Zambia,Muchinga,2.084396715,0.0,0.51,0.68,,,,,,,,,,,,,,,,,,,,,,,,,,0.3678767194123665,41.6879343,0.0,,,,,,,,,,,,,,,,,0.0,0.0,3.796875,0.067138884117819,0.0,0.0,0.132890625,0.2349860944123665,0.3678767194123665,21390,,,2.0332682846349777e-07,Information
122492,504.0,2572.364046,ZMB,Zambia,Muchinga,2.05384066,0.0,0.51,0.68,,,,,,,,,,,,,,,,,,,,,,,,,,0.1443332355293356,41.0768132,0.0,,,,,,,,,,,,,,,,,0.0,0.0,0.84375,0.0328005672940959,0.0,0.0,0.02953125,0.1148019855293356,0.1443332355293356,6212,,,9.170040312825111e-10,Information
122493,505.0,1290.316824,ZMB,Zambia,Muchinga,2.272818053,0.0,0.51,0.68,,,,,,,,,,,,,,,,,,,,,,,,,,0.5598654937315891,45.45636106,0.0,,,,,,,,,,,,,,,,,0.0,0.0,1.828125,0.1416803196375969,0.0,0.0,0.063984375,0.4958811187315891,0.5598654937315891,2527,,,2.3353531973098706e-06,Information
122494,506.0,2345.190032,ZMB,Zambia,Muchinga,1.519487773,0.0,0.51,0.68,,,,,,,,,,,,,,,,,,,,,,,,,,0.1295449011634393,30.38975546,0.0,,,,,,,,,,,,,,,,,0.0,0.0,0.703125,0.0299815789038398,0.0,0.0,0.024609375,0.1049355261634393,0.1295449011634393,88251,,,1.6220577761859308e-10,Information
122495,507.0,5048.956052,ZMB,Zambia,Muchinga,1.209461172,0.0,0.51,0.68,,,,,,,,,,,,,,,,,,,,,,,,,,0.1173614185693169,24.18922344,0.0,,,,,,,,,,,,,,,,,0.0,0.0,1.125,0.0222818338769477,0.0,0.0,0.039375,0.0779864185693169,0.1173614185693169,74933,,,4.8762862180315576e-11,Information
122498,510.0,2564.198974,ZMB,Zambia,Muchinga,2.210467543,0.0,0.51,0.68,,,,,,,,,,,,,,,,,,,,,,,,,,0.1688152604846998,44.20935086,0.0,,,,,,,,,,,,,,,,,0.0,0.0,0.984375,0.0383891815670571,0.0,0.0,0.034453125,0.1343621354846998,0.1688152604846998,20171,,,3.304758507495277e-09,Information
122613,515.0,160.1770905,ZMB,Zambia,Southern,4.387730942,0.0,0.51,0.68,,,,,,,,,,,,,,,,,,,,,,,,,,13.112356460224664,87.75461884,0.0,,,,,,,,,,,,,,,,,0.0,0.0,5.90625,3.6873250600641896,0.0,0.0,0.20671875,12.905637710224664,13.112356460224664,382,,,0.5272688603866578,Advisory
122781,545.0,411.2760204,ZWE,Zimbabwe,Matabeleland North,4.047073496,0.0,0.43,0.79,,,,,,,,,,,,,,,,,,,,,,,,,,3.3640691620014094,80.94146992,0.0,,,,,,,,,,,,,,,,,0.0,0.0,3.796875,0.9231938677146884,0.0,0.0,0.132890625,3.231178537001409,3.3640691620014094,851,,,0.0414268059022368,Information
123022,631.0,4225.216313,MOZ,Mozambique,Sofala,3.749201175,0.0,0.41,0.82,,,,,,,,,,,,,,,,,,,,,,,,,,5.286049115667273,74.9840235,0.0,,,,,,,,,,,,,,,,,0.0,0.0,44.859375,1.0617059973335066,0.0,0.0,1.570078125,3.715970990667273,5.286049115667273,425716,,,0.0600393232421778,Information
123027,636.0,5464.771422,MOZ,Mozambique,Manica,2.116330526,0.0,0.41,0.82,,,,,,,,,,,,,,,,,,,,,,,,,,0.2228548379089812,42.32661052,0.0,,,,,,,,,,,,,,,,,0.0,0.0,2.25,0.0411728108311375,0.0,0.0,0.07875,0.1441048379089812,0.2228548379089812,328382,,,1.379892950014274e-08,Information
123030,639.0,1004.854914,MOZ,Mozambique,Sofala,4.332592185,2.809984187,0.41,0.82,,,,,,,,,,,,,,,,,,,,,,,,,,11.535204912274729,86.6518437,56.19968374,,,,,,,,,,,,,,,,,0.0,0.0,30.09375,2.994835332078494,0.0,0.0,1.05328125,10.48192366227473,11.535204912274729,7921,,,0.4419707141861553,Advisory
125207,711.0,1132.576184,MOZ,Mozambique,Maputo,3.912101292,0.0,0.41,0.82,,,,,,,,,,,,,,,,,,,,,,,,,,0.7740674642420752,78.24202584,0.0,,,,,,,,,,,,,,,,,0.0,0.0,2.25,0.1986621326405929,0.0,0.0,0.07875,0.6953174642420752,0.7740674642420752,28651,,,0.0004248487954318,Information
125403,717.0,133.7454168,MOZ,Mozambique,Maputo,3.063651305,0.0,0.41,0.82,,,,,,,,,,,,,,,,,,,,,,,,,,7.085577648850771,61.2730261,0.0,,,,,,,,,,,,,,,,,0.0,0.0,2.671875,1.997732006814506,0.0,0.0,0.093515625,6.992062023850771,7.085577648850771,722,,,0.0447090777527276,Information
125406,720.0,838.2306125,SWZ,Swaziland,Lubombo,0.525078431,0.0,0.51,0.68,,,,,,,,,,,,,,,,,,,,,,,,,,0.3181965410160579,10.50156862,0.0,,,,,,,,,,,,,,,,,0.0,0.0,0.703125,0.0838820474331594,0.0,0.0,0.024609375,0.2935871660160579,0.3181965410160579,32489,,,8.536788335809029e-09,Information
125538,733.0,6111.727398,ZAF,South Africa,Eastern Cape,1.186855057,0.0,0.63,0.51,,,,,,,,,,,,,,,,,,,,,,,,,,0.7785024081033307,23.73710114,0.0,,,,,,,,,,,,,,,,,0.0,0.0,8.4375,0.1380542594580945,0.0,0.0,0.2953125,0.4831899081033307,0.7785024081033307,356843,,,2.274610932204608e-06,Information
125803,760.0,629.9379839,ZAF,South Africa,Western Cape,1.127116438,0.0,0.63,0.51,,,,,,,,,,,,,,,,,,,,,,,,,,5.647710504522325,22.54232876,0.0,,,,,,,,,,,,,,,,,0.0,0.0,9.5625,1.5180065727206642,0.0,0.0,0.3346875,5.313023004522325,5.647710504522325,208,,,0.0044161057498209,Information
126045,776.0,975.3812985,ZAF,South Africa,Western Cape,0.231621359,0.0,0.63,0.51,,,,,,,,,,,,,,,,,,,,,,,,,,2.0491676759340467,4.63242718,0.0,,,,,,,,,,,,,,,,,0.0,0.0,5.203125,0.533445228838299,0.0,0.0,0.182109375,1.867058300934047,2.0491676759340467,2328,,,6.144079498115824e-05,Information
127302,799.0,5221.399014,NAM,Namibia,!Karas,1.505670505,0.0,0.57,0.6,,,,,,,,,,,,,,,,,,,,,,,,,,0.8608936770295746,30.113410100000003,0.0,,,,,,,,,,,,,,,,,0.0,0.0,8.4375,0.1615946220084499,0.0,0.0,0.2953125,0.5655811770295747,0.8608936770295746,741,,,5.496516021156685e-06,Information
127306,803.0,6460.570345,NAM,Namibia,!Karas,0.499459233,0.0,0.57,0.6,,,,,,,,,,,,,,,,,,,,,,,,,,0.9405152951706368,9.98918466,0.0,,,,,,,,,,,,,,,,,0.0,0.0,10.546875,0.1632499057630391,0.0,0.0,0.369140625,0.5713746701706368,0.9405152951706368,6754,,,2.542412497507213e-06,Information
127308,805.0,4629.527746,NAM,Namibia,!Karas,0.553247132,0.0,0.57,0.6,,,,,,,,,,,,,,,,,,,,,,,,,,0.9798616148934876,11.06494264,0.0,,,,,,,,,,,,,,,,,0.0,0.0,8.859375,0.1913667113981393,0.0,0.0,0.310078125,0.6697834898934876,0.9798616148934876,440,,,3.2682212677500164e-06,Information
127601,859.0,475.541077,ZAF,South Africa,Northern Cape,2.796843382,0.0,0.63,0.51,,,,,,,,,,,,,,,,,,,,,,,,,,1.8431807597513947,55.93686764,0.0,,,,,,,,,,,,,,,,,0.0,0.0,2.390625,0.5027168242146842,0.0,0.0,0.083671875,1.7595088847513949,1.8431807597513947,2388,,,0.0007514300585461,Information
127602,860.0,6773.80098,ZAF,South Africa,Northern Cape,1.82544552,0.0,0.63,0.51,,,,,,,,,,,,,,,,,,,,,,,,,,0.207194658220795,36.5089104,0.0,,,,,,,,,,,,,,,,,0.0,0.0,2.390625,0.03529222377737,0.0,0.0,0.083671875,0.1235227832207949,0.207194658220795,228,,,5.1718051048250155e-09,Information
128030,931.0,3974.150233,NAM,Namibia,Erongo,1.701022721,0.0,0.57,0.6,,,,,,,,,,,,,,,,,,,,,,,,,,0.7095705201049451,34.02045442,0.0,,,,,,,,,,,,,,,,,0.0,0.0,5.765625,0.1450781843156986,0.0,0.0,0.201796875,0.5077736451049452,0.7095705201049451,86726,,,2.915309651702794e-06,Information
131330,1068.0,2397.830157,AGO,Angola,Namibe,3.483043957,0.0,0.41,0.82,,,,,,,,,,,,,,,,,,,,,,,,,,0.2544824541612486,69.66087914,0.0,,,,,,,,,,,,,,,,,0.0,0.0,1.40625,0.0586467726174996,0.0,0.0,0.04921875,0.2052637041612486,0.2544824541612486,306608,,,8.722943697604009e-07,Information
131370,1072.0,5634.407697,AGO,Angola,Benguela,3.087950876,0.0,0.41,0.82,,,,,,,,,,,,,,,,,,,,,,,,,,1.1198957495959156,61.75901752,0.0,,,,,,,,,,,,,,,,,0.0,0.0,11.53125,0.2046577141702616,0.0,0.0,0.40359375,0.7163019995959156,1.1198957495959156,642171,,,0.0002072525666366,Information
131902,1097.0,11050.35954,AGO,Angola,Cuanza Norte,1.724842379,0.0,0.41,0.82,,,,,,,,,,,,,,,,,,,,,,,,,,8.728977418711143,34.49684758,0.0,,,,,,,,,,,,,,,,,0.0,0.0,130.921875,1.1847747982031838,0.0,0.0,4.582265625,4.146711793711143,8.728977418711143,715244,,,0.0219287578374495,Information
131903,1098.0,183.2524875,AGO,Angola,Bengo,0.995935586,0.0,0.41,0.82,,,,,,,,,,,,,,,,,,,,,,,,,,16.13686719358003,19.91871172,0.0,,,,,,,,,,,,,,,,,0.0,0.0,8.296875,4.527564733880009,0.0,0.0,0.290390625,15.846476568580032,16.13686719358003,127288,,,0.0545849166998166,Information
131905,1100.0,7731.651558,AGO,Angola,Bengo,2.121922422,0.0,0.41,0.82,,,,,,,,,,,,,,,,,,,,,,,,,,0.5756753993372687,42.43844844,0.0,,,,,,,,,,,,,,,,,0.0,0.0,7.171875,0.0927599355249339,0.0,0.0,0.251015625,0.3246597743372686,0.5756753993372687,67502,,,2.061673776698959e-06,Information
131906,1101.0,13518.68875,AGO,Angola,Uíge,1.506324185,0.0,0.41,0.82,,,,,,,,,,,,,,,,,,,,,,,,,,2.020789693833346,30.1264837,0.0,,,,,,,,,,,,,,,,,0.0,0.0,33.1875,0.2454934839523846,0.0,0.0,1.1615625,0.8592271938333461,2.020789693833346,204711,,,0.0001976526485931,Information
131907,1102.0,3787.313025,AGO,Angola,Zaire,4.023915984,0.0,0.41,0.82,,,,,,,,,,,,,,,,,,,,,,,,,,2.65179977586389,80.47831968,0.0,,,,,,,,,,,,,,,,,0.0,0.0,20.8125,0.5495320788182543,0.0,0.0,0.7284375,1.92336227586389,2.65179977586389,40694,,,0.0229513412841038,Information
131908,1103.0,19553.87617,AGO,Angola,Uíge,0.85089828,0.0,0.41,0.82,,,,,,,,,,,,,,,,,,,,,,,,,,2.4027837759917614,17.0179656,0.0,,,,,,,,,,,,,,,,,0.0,0.0,45.421875,0.2322909002833604,0.0,0.0,1.589765625,0.8130181509917614,2.4027837759917614,353384,,,0.0001985556279252,Information
132110,1105.0,11085.37473,AGO,Angola,Zaire,3.358326889,0.0,0.41,0.82,,,,,,,,,,,,,,,,,,,,,,,,,,8.96864912963451,67.16653778,0.0,,,,,,,,,,,,,,,,,0.0,0.0,134.71875,1.2152836798955742,0.0,0.0,4.71515625,4.25349287963451,8.96864912963451,600338,,,0.0971929669533787,Information
132120,1106.0,6948.287071,AGO,Angola,Zaire,1.14193887,0.0,0.41,0.82,,,,,,,,,,,,,,,,,,,,,,,,,,0.9124146092240272,22.8387774,0.0,,,,,,,,,,,,,,,,,0.0,0.0,10.6875,0.1538148883497221,0.0,0.0,0.3740625,0.5383521092240273,0.9124146092240272,184205,,,4.549264521416133e-06,Information
132130,1107.0,8576.353175,COD,Democratic Republic of the Congo,Kongo-Central,1.838247687,0.0,0.32,0.94,,,,,,,,,,,,,,,,,,,,,,,,,,5.277078820870774,36.76495374,0.0,,,,,,,,,,,,,,,,,0.0,0.0,69.609375,0.8116430559630784,0.0,0.0,2.436328125,2.8407506958707742,5.277078820870774,392945,,,0.0065051726789666,Information
132150,1109.0,11355.56777,COD,Democratic Republic of the Congo,Kongo-Central,1.257614032,0.0,0.32,0.94,,,,,,,,,,,,,,,,,,,,,,,,,,6.229424302512711,25.15228064,0.0,,,,,,,,,,,,,,,,,0.0,0.0,94.640625,0.8334292650036317,0.0,0.0,3.312421875,2.9170024275127107,6.229424302512711,422931,,,0.0064562820825266,Information
132210,1114.0,4990.571097,COD,Democratic Republic of the Congo,Maï-Ndombe,3.022438626,0.0,0.32,0.94,,,,,,,,,,,,,,,,,,,,,,,,,,10.822051400434187,60.44877252,0.0,,,,,,,,,,,,,,,,,0.0,0.0,102.9375,2.06263968583834,0.0,0.0,3.6028125,7.219238900434189,10.822051400434187,88142,,,0.0974858680808615,Information
132221,1115.0,1405.628979,COD,Democratic Republic of the Congo,Maï-Ndombe,3.495303993,0.0,0.32,0.94,,,,,,,,,,,,,,,,,,,,,,,,,,16.85355678602073,69.90607985999999,0.0,,,,,,,,,,,,,,,,,0.0,0.0,59.34375,4.221864438863065,0.0,0.0,2.07703125,14.776525536020728,16.85355678602073,15529,,,0.2810377511319492,Information
132228,1122.0,5873.296664,COD,Democratic Republic of the Congo,Kasaï,2.877490262,0.0,0.32,0.94,,,,,,,,,,,,,,,,,,,,,,,,,,0.94443945886106,57.54980524,0.0,,,,,,,,,,,,,,,,,0.0,0.0,9.984375,0.1699960953888743,0.0,0.0,0.349453125,0.59498633386106,0.94443945886106,11866,,,7.076038139095065e-05,Information
132254,1137.0,3176.337544,COD,Democratic Republic of the Congo,Kwilu,0.00157471,0.0,0.32,0.94,,,,,,,,,,,,,,,,,,,,,,,,,,0.1837558411213402,0.0314942,0.0,,,,,,,,,,,,,,,,,0.0,0.0,1.265625,0.0398454188918115,0.0,0.0,0.044296875,0.1394589661213402,0.1837558411213402,225338,,,1.4978353489589134e-10,Information
132257,1140.0,899.7658761,COD,Democratic Republic of the Congo,Maï-Ndombe,4.006181416,0.0,0.32,0.94,,,,,,,,,,,,,,,,,,,,,,,,,,14.60778321982556,80.12362832000001,0.0,,,,,,,,,,,,,,,,,0.0,0.0,34.453125,3.829121098521589,0.0,0.0,1.205859375,13.40192384482556,14.60778321982556,14725,,,0.379049844681244,Advisory
132259,1142.0,6053.804025,COD,Democratic Republic of the Congo,Kasaï,1.829903834,0.0,0.32,0.94,,,,,,,,,,,,,,,,,,,,,,,,,,5.795129552036739,36.59807668,0.0,,,,,,,,,,,,,,,,,0.0,0.0,62.4375,1.0313763005819254,0.0,0.0,2.1853125,3.609817052036739,5.795129552036739,267877,,,0.008367552958249,Information
132264,1146.0,18659.72836,COD,Democratic Republic of the Congo,Sankuru,4.00685538,0.0,0.32,0.94,,,,,,,,,,,,,,,,,,,,,,,,,,0.869351029519433,80.13710760000001,0.0,,,,,,,,,,,,,,,,,0.0,0.0,16.171875,0.0866672584341237,0.0,0.0,0.566015625,0.3033354045194329,0.869351029519433,91483,,,0.0008774247831107,Information
132267,1149.0,1954.377429,COD,Democratic Republic of the Congo,Kasaï-Oriental,1.543020656,0.0,0.32,0.94,,,,,,,,,,,,,,,,,,,,,,,,,,3.161101231641464,30.86041312,0.0,,,,,,,,,,,,,,,,,0.0,0.0,14.765625,0.7555155304689897,0.0,0.0,0.516796875,2.644304356641464,3.161101231641464,145359,,,0.0010170526478428,Information
132281,1153.0,1767.133915,COD,Democratic Republic of the Congo,Kasaï,2.970687367,0.0,0.32,0.94,,,,,,,,,,,,,,,,,,,,,,,,,,6.68593239855393,59.41374734,0.0,,,,,,,,,,,,,,,,,0.0,0.0,28.6875,1.623391399586837,0.0,0.0,1.0040625,5.68186989855393,6.68593239855393,131574,,,0.0356608469818773,Information
132283,1155.0,9067.785912,COD,Democratic Republic of the Congo,Kasaï-Central,1.894250006,0.0,0.32,0.94,,,,,,,,,,,,,,,,,,,,,,,,,,3.974301524493992,37.88500012,0.0,,,,,,,,,,,,,,,,,0.0,0.0,54.0,0.5955147212839977,0.0,0.0,1.89,2.084301524493992,3.974301524493992,1173349,,,0.0029876067332755,Information
132293,1164.0,749.6071273,COD,Democratic Republic of the Congo,Kasaï,4.006885282,0.0,0.32,0.94,,,,,,,,,,,,,,,,,,,,,,,,,,6.140570436089893,80.13770564,0.0,,,,,,,,,,,,,,,,,0.0,0.0,12.234375,1.632104946025684,0.0,0.0,0.428203125,5.712367311089894,6.140570436089893,304484,,,0.1202164324224805,Information
132295,1166.0,1901.299861,COD,Democratic Republic of the Congo,Kasaï,1.354774217,0.0,0.32,0.94,,,,,,,,,,,,,,,,,,,,,,,,,,1.4480121933253134,27.09548434,0.0,,,,,,,,,,,,,,,,,0.0,0.0,6.609375,0.3476240195215181,0.0,0.0,0.231328125,1.2166840683253133,1.4480121933253134,258228,,,4.4466144524071066e-05,Information
132297,1168.0,4551.276413,COD,Democratic Republic of the Congo,Kasaï-Central,0.52475456,0.0,0.32,0.94,,,,,,,,,,,,,,,,,,,,,,,,,,1.888337875113644,10.4950912,0.0,,,,,,,,,,,,,,,,,0.0,0.0,16.875,0.3707751071753269,0.0,0.0,0.590625,1.2977128751136442,1.888337875113644,525659,,,5.7020028736253394e-05,Information
132301,1171.0,1771.878086,COG,Republic of Congo,Pool,0.2327982,0.0,0.44,0.78,,,,,,,,,,,,,,,,,,,,,,,,,,6.703418902748409,4.655964,0.0,,,,,,,,,,,,,,,,,0.0,0.0,28.828125,1.6269812936424024,0.0,0.0,1.008984375,5.694434527748409,6.703418902748409,2756,,,0.0039669006503622,Information
132425,1185.0,594.9617291,COG,Republic of Congo,Cuvette,4.210464211,0.0,0.44,0.78,,,,,,,,,,,,,,,,,,,,,,,,,,0.7011822739357426,84.20928422,0.0,,,,,,,,,,,,,,,,,0.0,0.0,1.125,0.1890877925530693,0.0,0.0,0.039375,0.6618072739357426,0.7011822739357426,786,,,0.0009215672446431,Information
132465,1197.0,1684.085576,CAF,Central African Republic,Mambéré-Kadéï,2.36712457,0.0,0.36,0.89,,,,,,,,,,,,,,,,,,,,,,,,,,0.8536919014968981,47.3424914,0.0,,,,,,,,,,,,,,,,,0.0,0.0,3.515625,0.2087557218562566,0.0,0.0,0.123046875,0.7306450264968981,0.8536919014968981,46865,,,1.878036861265393e-05,Information
132493,1206.0,5660.557505,CMR,Cameroon,Est,3.804788886,0.0,0.42,0.81,,,,,,,,,,,,,,,,,,,,,,,,,,1.266372701892378,76.09577772,0.0,,,,,,,,,,,,,,,,,0.0,0.0,13.078125,0.2310395219692509,0.0,0.0,0.457734375,0.8086383268923781,1.266372701892378,2722,,,0.0016522262983874,Information
132618,1221.0,25292.88011,COD,Democratic Republic of the Congo,Sud-Ubangi,4.054793979,0.0,0.32,0.94,,,,,,,,,,,,,,,,,,,,,,,,,,0.5494262212749432,81.09587958,0.0,,,,,,,,,,,,,,,,,0.0,0.0,11.25,0.0444789203642695,0.0,0.0,0.39375,0.1556762212749432,0.5494262212749432,1606304,,,0.0002013860972176,Information
132619,1222.0,3251.336119,COD,Democratic Republic of the Congo,Sud-Ubangi,4.012670114,0.0,0.32,0.94,,,,,,,,,,,,,,,,,,,,,,,,,,13.620660101711689,80.25340227999999,0.0,,,,,,,,,,,,,,,,,0.0,0.0,95.484375,2.936773421917625,0.0,0.0,3.341953125,10.278706976711687,13.620660101711689,319097,,,0.3551722539474827,Advisory
132624,1226.0,2662.097053,CAF,Central African Republic,Mambéré-Kadéï,3.337201685,0.0,0.36,0.89,,,,,,,,,,,,,,,,,,,,,,,,,,0.1170529430330477,66.7440337,0.0,,,,,,,,,,,,,,,,,0.0,0.0,0.703125,0.0264124480094422,0.0,0.0,0.024609375,0.0924435680330477,0.1170529430330477,26230,,,8.052167362358791e-09,Information
132635,1236.0,1212.15293,COD,Democratic Republic of the Congo,Nord-Ubangi,0.696286906,0.0,0.32,0.94,,,,,,,,,,,,,,,,,,,,,,,,,,3.4599973755126103,13.92573812,0.0,,,,,,,,,,,,,,,,,0.0,0.0,10.6875,0.8816956787178887,0.0,0.0,0.3740625,3.0859348755126104,3.4599973755126103,22448,,,0.0006546292093788,Information
132637,1238.0,5224.819806,COD,Democratic Republic of the Congo,Nord-Ubangi,1.862919339,0.0,0.32,0.94,,,,,,,,,,,,,,,,,,,,,,,,,,2.954463604421079,37.25838678,0.0,,,,,,,,,,,,,,,,,0.0,0.0,28.96875,0.5544449584060226,0.0,0.0,1.01390625,1.940557354421079,2.954463604421079,72843,,,0.0011226497658853,Information
132638,1239.0,4455.939388,CAF,Central African Republic,Ouaka,2.607042167,0.0,0.36,0.89,,,,,,,,,,,,,,,,,,,,,,,,,,0.3033829882297966,52.14084334,0.0,,,,,,,,,,,,,,,,,0.0,0.0,2.671875,0.0599621037799419,0.0,0.0,0.093515625,0.2098673632297966,0.3033829882297966,41841,,,2.08507822718838e-07,Information
132639,1240.0,88.64327244,COD,Democratic Republic of the Congo,Nord-Ubangi,2.19588824,0.0,0.32,0.94,,,,,,,,,,,,,,,,,,,,,,,,,,35.339609375,43.9177648,0.0,,,,,,,,,,,,,,,,,0.0,0.0,9.703125,10.946262172471142,0.0,0.0,0.339609375,35.0,35.339609375,5579,,,0.3221071092485323,Advisory
132642,1242.0,12003.54772,CAF,Central African Republic,Ouaka,3.003238763,0.0,0.36,0.89,,,,,,,,,,,,,,,,,,,,,,,,,,0.5684001912817238,60.064775260000005,0.0,,,,,,,,,,,,,,,,,0.0,0.0,8.859375,0.0738063046519211,0.0,0.0,0.310078125,0.2583220662817239,0.5684001912817238,94224,,,1.0584586948796258e-05,Information
132645,1245.0,5113.089729,CAF,Central African Republic,Ouaka,2.746472617,0.0,0.36,0.89,,,,,,,,,,,,,,,,,,,,,,,,,,0.5528203518885282,54.92945234,0.0,,,,,,,,,,,,,,,,,0.0,0.0,5.34375,0.1045111719681509,0.0,0.0,0.18703125,0.3657891018885282,0.5528203518885282,1906,,,5.388868729769563e-06,Information
132648,1248.0,3024.408621,CAF,Central African Republic,Ouaka,1.503077038,0.0,0.36,0.89,,,,,,,,,,,,,,,,,,,,,,,,,,0.2967400470519195,30.06154076,0.0,,,,,,,,,,,,,,,,,0.0,0.0,1.96875,0.0650953705862627,0.0,0.0,0.06890625,0.2278337970519194,0.2967400470519195,1097,,,2.347186044037068e-08,Information
132649,1249.0,2463.456671,CAF,Central African Republic,Ouaka,2.415046219,0.0,0.36,0.89,,,,,,,,,,,,,,,,,,,,,,,,,,0.1992113813774696,48.300924380000005,0.0,,,,,,,,,,,,,,,,,0.0,0.0,1.125,0.0456675375364199,0.0,0.0,0.039375,0.1598363813774696,0.1992113813774696,729,,,1.3579554178956472e-08,Information
132662,1252.0,5956.511965,CAF,Central African Republic,Mbomou,3.288670206,0.0,0.36,0.89,,,,,,,,,,,,,,,,,,,,,,,,,,1.0679761210315446,65.77340412,0.0,,,,,,,,,,,,,,,,,0.0,0.0,11.390625,0.1912297845804413,0.0,0.0,0.398671875,0.6693042460315445,1.0679761210315446,2805,,,0.0002629184142387,Information
132665,1255.0,511.6515892,CAF,Central African Republic,Haute-Kotto,4.017018787,0.0,0.36,0.89,,,,,,,,,,,,,,,,,,,,,,,,,,0.1011177063739986,80.34037573999998,0.0,,,,,,,,,,,,,,,,,0.0,0.0,0.140625,0.0274845232497139,0.0,0.0,0.004921875,0.0961958313739986,0.1011177063739986,2027,,,6.819811821802222e-08,Information
132666,1256.0,7327.365849,CAF,Central African Republic,Haute-Kotto,1.409510391,0.0,0.36,0.89,,,,,,,,,,,,,,,,,,,,,,,,,,1.0591479775624348,28.19020782,0.0,,,,,,,,,,,,,,,,,0.0,0.0,12.796875,0.1746449578749814,0.0,0.0,0.447890625,0.611257352562435,1.0591479775624348,1917,,,1.2403082156051166e-05,Information
132667,1257.0,8550.097698,CAF,Central African Republic,Haute-Kotto,2.539111926,0.0,0.36,0.89,,,,,,,,,,,,,,,,,,,,,,,,,,0.6193465138230052,50.78223852,0.0,,,,,,,,,,,,,,,,,0.0,0.0,8.15625,0.0953936468065729,0.0,0.0,0.28546875,0.3338777638230051,0.6193465138230052,2865,,,6.062030336139151e-06,Information
132669,1259.0,20066.70791,CAF,Central African Republic,Haute-Kotto,4.00805811,0.0,0.36,0.89,,,,,,,,,,,,,,,,,,,,,,,,,,0.5088495794447505,80.1611622,0.0,,,,,,,,,,,,,,,,,0.0,0.0,9.703125,0.0483543441270716,0.0,0.0,0.339609375,0.1692402044447505,0.5088495794447505,14994,,,0.000124520381168,Information
132670,1260.0,2895.417471,CAF,Central African Republic,Mbomou,2.388286832,0.0,0.36,0.89,,,,,,,,,,,,,,,,,,,,,,,,,,3.923808707351327,47.76573664,0.0,,,,,,,,,,,,,,,,,0.0,0.0,25.171875,0.8693694521003791,0.0,0.0,0.881015625,3.0427930823513267,3.923808707351327,96080,,,0.0048172866667475,Information
132681,1261.0,27.20539028,CAF,Central African Republic,Mbomou,3.875250119,0.0,0.36,0.89,,,,,,,,,,,,,,,,,,,,,,,,,,35.0984375,77.50500238,0.0,3.0,,,,,,,,,,,,,,,,0.0,0.0,2.8125,10.33802482140667,0.0,0.0,0.0984375,35.0,35.0984375,10216,2801.0,27.417776037588098,0.6717908561226733,Watch
132682,1262.0,21383.53253,COD,Democratic Republic of the Congo,Bas-Uélé,4.027275101,0.0,0.32,0.94,,,,,,,,,,,,,,,,,,,,,,,,,,1.1918919829152324,80.54550202,0.0,,,,,,,,,,,,,,,,,0.0,0.0,23.203125,0.1085093165472092,0.0,0.0,0.812109375,0.3797826079152322,1.1918919829152324,152362,,,0.0026148295239033,Information
132683,1263.0,2266.732837,COD,Democratic Republic of the Congo,Bas-Uélé,3.880080119,0.0,0.32,0.94,,,,,,,,,,,,,,,,,,,,,,,,,,6.685484278121579,77.60160238,0.0,,,,,,,,,,,,,,,,,0.0,0.0,35.296875,1.557169615177594,0.0,0.0,1.235390625,5.450093653121579,6.685484278121579,36626,,,0.1133216702580418,Information
132685,1265.0,7372.981122,CAF,Central African Republic,Mbomou,4.04115429,0.0,0.36,0.89,,,,,,,,,,,,,,,,,,,,,,,,,,3.038526980079167,80.8230858,0.0,,,,,,,,,,,,,,,,,0.0,0.0,36.84375,0.4997130657369049,0.0,0.0,1.28953125,1.7489957300791672,3.038526980079167,85515,,,0.0327131314256188,Information
132687,1267.0,3250.102538,CAF,Central African Republic,Mbomou,3.559732068,0.0,0.36,0.89,,,,,,,,,,,,,,,,,,,,,,,,,,0.2407875358036529,71.19464136,0.0,,,,,,,,,,,,,,,,,0.0,0.0,1.6875,0.0519214388010437,0.0,0.0,0.0590625,0.1817250358036529,0.2407875358036529,4261,,,8.574867422432128e-07,Information
132691,1270.0,12936.66534,COD,Democratic Republic of the Congo,Bas-Uélé,2.625863761,0.0,0.32,0.94,,,,,,,,,,,,,,,,,,,,,,,,,,12.243234993878849,52.51727522,0.0,,,,,,,,,,,,,,,,,0.0,0.0,197.296875,1.5250983911082423,0.0,0.0,6.905390625,5.337844368878848,12.243234993878849,250912,,,0.0876462821656903,Information
132692,1271.0,9240.107924,COD,Democratic Republic of the Congo,Bas-Uélé,4.051277615,0.0,0.32,0.94,,,,,,,,,,,,,,,,,,,,,,,,,,2.3674075031836663,81.0255523,0.0,,,,,,,,,,,,,,,,,0.0,0.0,32.484375,0.3515583937667619,0.0,0.0,1.136953125,1.2304543781836663,2.3674075031836663,131911,,,0.0187033309412094,Information
132693,1272.0,379.849911,COD,Democratic Republic of the Congo,Bas-Uélé,4.033430324,0.0,0.32,0.94,,,,,,,,,,,,,,,,,,,,,,,,,,11.83565498599091,80.66860648000001,0.0,,,,,,,,,,,,,,,,,0.0,0.0,12.375,3.257865710283117,0.0,0.0,0.433125,11.40252998599091,11.83565498599091,652,,,0.3118498130775259,Information
132694,1273.0,17792.35048,COD,Democratic Republic of the Congo,Bas-Uélé,3.050435895,0.0,0.32,0.94,,,,,,,,,,,,,,,,,,,,,,,,,,3.013759551454614,61.0087179,0.0,,,,,,,,,,,,,,,,,0.0,0.0,55.125,0.309824157558461,0.0,0.0,1.929375,1.0843845514546135,3.013759551454614,83391,,,0.0052313531857473,Information
132695,1274.0,3430.180776,COD,Democratic Republic of the Congo,Bas-Uélé,3.676264445,0.0,0.32,0.94,,,,,,,,,,,,,,,,,,,,,,,,,,6.879607253356354,73.5252889,0.0,,,,,,,,,,,,,,,,,0.0,0.0,50.203125,1.4635708223875297,0.0,0.0,1.757109375,5.122497878356354,6.879607253356354,64758,,,0.0888889634447788,Information
132696,1275.0,25098.24579,COD,Democratic Republic of the Congo,Haut-Uélé,4.000330878,0.0,0.32,0.94,,,,,,,,,,,,,,,,,,,,,,,,,,4.976350024657728,80.00661756,0.0,,,,,,,,,,,,,,,,,0.0,0.0,101.671875,0.4050955427593508,0.0,0.0,3.558515625,1.4178343996577278,4.976350024657728,509542,,,0.082157504209631,Information
132697,1276.0,32423.30755,COD,Democratic Republic of the Congo,Haut-Uélé,4.014532916,0.0,0.32,0.94,,,,,,,,,,,,,,,,,,,,,,,,,,7.618378296475137,80.29065832,0.0,,,,,,,,,,,,,,,,,0.0,0.0,166.359375,0.5130857632786106,0.0,0.0,5.822578125,1.795800171475137,7.618378296475137,293830,,,0.1709217132616944,Information
132698,1277.0,16738.59856,COD,Democratic Republic of the Congo,Haut-Uélé,3.176421184,0.0,0.32,0.94,,,,,,,,,,,,,,,,,,,,,,,,,,2.649598247517112,63.52842368,0.0,,,,,,,,,,,,,,,,,0.0,0.0,47.390625,0.2831218207191747,0.0,0.0,1.658671875,0.9909263725171114,2.649598247517112,345585,,,0.004369166126582,Information
132699,1278.0,22430.74941,COD,Democratic Republic of the Congo,Haut-Uélé,2.222647964,0.0,0.32,0.94,,,,,,,,,,,,,,,,,,,,,,,,,,1.9071224332356609,44.45295928,0.0,,,,,,,,,,,,,,,,,0.0,0.0,37.6875,0.1680171237816174,0.0,0.0,1.3190625,0.5880599332356609,1.9071224332356609,2114020,,,0.0003736174195947,Information
132721,1280.0,34.706298,COD,Democratic Republic of the Congo,Équateur,0.270050769,0.0,0.32,0.94,,,,,,,,,,,,,,,,,,,,,,,,,,21.346083955486712,5.4010153800000005,0.0,,,,,,,,,,,,,,,,,0.0,0.0,2.109375,6.077787380139061,0.0,0.0,0.073828125,21.27225583048672,21.346083955486712,246957,,,0.0682728606072964,Information
132722,1281.0,14427.54616,COD,Democratic Republic of the Congo,Équateur,4.006855143,0.0,0.32,0.94,,,,,,,,,,,,,,,,,,,,,,,,,,4.466658397810414,80.13710286,0.0,,,,,,,,,,,,,,,,,0.0,0.0,75.375,0.5224381136601182,0.0,0.0,2.638125,1.8285333978104137,4.466658397810414,216649,,,0.0678216630720492,Information
132742,1291.0,3836.964037,COD,Democratic Republic of the Congo,Équateur,3.893199731,0.0,0.32,0.94,,,,,,,,,,,,,,,,,,,,,,,,,,0.922968771451397,77.86399462,0.0,,,,,,,,,,,,,,,,,0.0,0.0,7.3125,0.1905803632718277,0.0,0.0,0.2559375,0.667031271451397,0.922968771451397,101737,,,0.0007430983826131,Information
132746,1295.0,6516.58602,COD,Democratic Republic of the Congo,Mongala,2.471466337,0.0,0.32,0.94,,,,,,,,,,,,,,,,,,,,,,,,,,0.5613623023524019,49.42932673999999,0.0,,,,,,,,,,,,,,,,,0.0,0.0,6.328125,0.0971079792435434,0.0,0.0,0.221484375,0.3398779273524019,0.5613623023524019,22896,,,3.3855367521323543e-06,Information
132747,1296.0,4203.361235,COD,Democratic Republic of the Congo,Mongala,2.311465973,0.0,0.32,0.94,,,,,,,,,,,,,,,,,,,,,,,,,,1.3138690701584963,46.22931946,0.0,,,,,,,,,,,,,,,,,0.0,0.0,11.109375,0.2642974129024276,0.0,0.0,0.388828125,0.9250409451584966,1.3138690701584963,149034,,,0.000102914773054,Information
132749,1298.0,16187.41505,COD,Democratic Republic of the Congo,Tshuapa,3.162558383,0.0,0.32,0.94,,,,,,,,,,,,,,,,,,,,,,,,,,1.297876333907777,63.25116766,0.0,,,,,,,,,,,,,,,,,0.0,0.0,22.921875,0.1416030596879363,0.0,0.0,0.802265625,0.495610708907777,1.297876333907777,168534,,,0.0004138267096371,Information
132754,1302.0,4356.2719,COD,Democratic Republic of the Congo,Sud-Ubangi,4.004433244,0.0,0.32,0.94,,,,,,,,,,,,,,,,,,,,,,,,,,6.909822243114113,80.08866488000001,0.0,,,,,,,,,,,,,,,,,0.0,0.0,59.90625,1.3751724266040324,0.0,0.0,2.09671875,4.813103493114113,6.909822243114113,262990,,,0.144949032729616,Information
132756,1304.0,52473.00791,COD,Democratic Republic of the Congo,Nord-Ubangi,4.013107408,0.0,0.32,0.94,,,,,,,,,,,,,,,,,,,,,,,,,,2.853750480508374,80.26214816,0.0,,,,,,,,,,,,,,,,,0.0,0.0,68.484375,0.1305135301452498,0.0,0.0,2.396953125,0.4567973555083743,2.853750480508374,1635480,,,0.0265624588556384,Information
132758,1306.0,53470.38197,COD,Democratic Republic of the Congo,Bas-Uélé,4.052373636,0.0,0.32,0.94,,,,,,,,,,,,,,,,,,,,,,,,,,7.262055001511047,81.04747271999999,0.0,,,,,,,,,,,,,,,,,0.0,0.0,174.796875,0.3269041075745849,0.0,0.0,6.117890625,1.1441643765110472,7.262055001511047,757078,,,0.1687102537458417,Information
132759,1307.0,11212.57583,COD,Democratic Republic of the Congo,Tshopo,4.02899681,0.0,0.32,0.94,,,,,,,,,,,,,,,,,,,,,,,,,,28.632793071557096,80.57993619999999,0.0,3.0,,,,,,,,,,,,,,,,0.0,0.0,432.421875,3.856579270444884,0.0,0.0,15.134765625,13.498027446557094,28.632793071557096,203972,16926.0,8.298197791853784,0.6510829744354376,Watch
132761,1308.0,37826.51351,COD,Democratic Republic of the Congo,Tshopo,3.863880787,0.0,0.32,0.94,,,,,,,,,,,,,,,,,,,,,,,,,,10.012880486160684,77.27761574,0.0,,,,,,,,,,,,,,,,,0.0,0.0,226.265625,0.5981667460459099,0.0,0.0,7.919296875,2.0935836111606845,10.012880486160684,350243,,,0.2062568126466635,Information
132762,1309.0,21809.78143,COD,Democratic Republic of the Congo,Haut-Uélé,3.226074846,0.0,0.32,0.94,,,,,,,,,,,,,,,,,,,,,,,,,,4.156411285167165,64.52149692,0.0,,,,,,,,,,,,,,,,,0.0,0.0,81.421875,0.3733273314763328,0.0,0.0,2.849765625,1.3066456601671648,4.156411285167165,666537,,,0.0160054319306017,Information
132763,1310.0,17572.35476,COD,Democratic Republic of the Congo,Ituri,3.097188787,0.0,0.32,0.94,,,,,,,,,,,,,,,,,,,,,,,,,,3.830506040782972,61.94377574,0.0,,,,,,,,,,,,,,,,,0.0,0.0,69.75,0.3969302973665633,0.0,0.0,2.44125,1.3892560407829715,3.830506040782972,155166,,,0.0108360044737678,Information
132764,1311.0,12924.4598,COD,Democratic Republic of the Congo,Ituri,4.003494156,0.0,0.32,0.94,,,,,,,,,,,,,,,,,,,,,,,,,,1.3793496761449555,80.06988312000001,0.0,,,,,,,,,,,,,,,,,0.0,0.0,22.21875,0.1719124074699873,0.0,0.0,0.77765625,0.6016934261449555,1.3793496761449555,93791,,,0.0037855667759521,Information
132765,1312.0,1580.938692,COD,Democratic Republic of the Congo,Ituri,3.667279716,0.0,0.32,0.94,,,,,,,,,,,,,,,,,,,,,,,,,,2.884358914990541,73.34559432,0.0,,,,,,,,,,,,,,,,,0.0,0.0,11.25,0.7116025471401546,0.0,0.0,0.39375,2.490608914990541,2.884358914990541,1742,,,0.0130859405544323,Information
132766,1313.0,8282.441118,COD,Democratic Republic of the Congo,Nord-Kivu,0.936203139,0.0,0.32,0.94,,,,,,,,,,,,,,,,,,,,,,,,,,0.2933392452909418,18.72406278,0.0,,,,,,,,,,,,,,,,,0.0,0.0,3.796875,0.0458424629402691,0.0,0.0,0.132890625,0.1604486202909418,0.2933392452909418,3393743,,,9.314407040973706e-09,Information
132767,1314.0,9010.5408,COD,Democratic Republic of the Congo,Ituri,3.354863939,0.0,0.32,0.94,,,,,,,,,,,,,,,,,,,,,,,,,,0.861890881918743,67.09727878,0.0,,,,,,,,,,,,,,,,,0.0,0.0,11.671875,0.1295357876910694,0.0,0.0,0.408515625,0.4533752569187429,0.861890881918743,509032,,,0.0001351684298526,Information
132769,1316.0,5740.377686,COD,Democratic Republic of the Congo,Ituri,2.181372588,0.0,0.32,0.94,,,,,,,,,,,,,,,,,,,,,,,,,,0.3374001488311594,43.62745176,0.0,,,,,,,,,,,,,,,,,0.0,0.0,3.515625,0.0612437925231884,0.0,0.0,0.123046875,0.2143532738311594,0.3374001488311594,2056191,,,1.5401376415139185e-07,Information
132770,1317.0,6256.40645,COD,Democratic Republic of the Congo,Tshopo,4.053863445,0.0,0.32,0.94,,,,,,,,,,,,,,,,,,,,,,,,,,14.425778963776487,81.0772689,0.0,,,,,,,,,,,,,,,,,0.0,0.0,158.625,2.5354011325075683,0.0,0.0,5.551875,8.873903963776488,14.425778963776487,309977,,,0.3930620454916413,Advisory
132781,1318.0,1061.436688,COD,Democratic Republic of the Congo,Tshopo,4.06838707,0.0,0.32,0.94,,,,,,,,,,,,,,,,,,,,,,,,,,17.080172653592115,81.3677414,0.0,,,,,,,,,,,,,,,,,0.0,0.0,46.828125,4.4117680795977465,0.0,0.0,1.638984375,15.441188278592112,17.080172653592115,130941,,,0.4653452488073143,Advisory
132782,1319.0,5852.012989,COD,Democratic Republic of the Congo,Tshopo,2.259102507,0.0,0.32,0.94,,,,,,,,,,,,,,,,,,,,,,,,,,0.4666354859716892,45.18205014,0.0,,,,,,,,,,,,,,,,,0.0,0.0,4.921875,0.0841056745633398,0.0,0.0,0.172265625,0.2943698609716892,0.4666354859716892,107961,,,9.385502032902096e-07,Information
132783,1320.0,55803.32545,COD,Democratic Republic of the Congo,Sankuru,3.708276828,0.0,0.32,0.94,,,,,,,,,,,,,,,,,,,,,,,,,,9.698281621483584,74.16553655999999,0.0,,,,,,,,,,,,,,,,,0.0,0.0,234.984375,0.4210938561381667,0.0,0.0,8.224453125,1.4738284964835835,9.698281621483584,533459,,,0.1636021338352842,Information
132787,1324.0,2362.920781,COD,Democratic Republic of the Congo,Lomami,3.018081962,0.0,0.32,0.94,,,,,,,,,,,,,,,,,,,,,,,,,,0.4892784696722545,60.36163924,0.0,,,,,,,,,,,,,,,,,0.0,0.0,2.671875,0.113075098477787,0.0,0.0,0.093515625,0.3957628446722545,0.4892784696722545,47529,,,5.548313192520655e-06,Information
132791,1327.0,5209.021902,COD,Democratic Republic of the Congo,Tshopo,2.295740208,0.0,0.32,0.94,,,,,,,,,,,,,,,,,,,,,,,,,,7.099089158283572,45.91480416,0.0,,,,,,,,,,,,,,,,,0.0,0.0,69.46875,1.3336236880810206,0.0,0.0,2.43140625,4.667682908283572,7.099089158283572,183235,,,0.0211480976395584,Information
132792,1328.0,59700.82149,COD,Democratic Republic of the Congo,Tshopo,4.109040316,0.0,0.32,0.94,,,,,,,,,,,,,,,,,,,,,,,,,,9.458407049573928,82.18080631999999,0.0,,,,,,,,,,,,,,,,,0.0,0.0,231.46875,0.3877145141639792,0.0,0.0,8.10140625,1.357000799573927,9.458407049573928,1116253,,,0.2632453099516675,Information
132793,1329.0,38669.7262,COD,Democratic Republic of the Congo,Tshopo,4.023674859,0.0,0.32,0.94,,,,,,,,,,,,,,,,,,,,,,,,,,10.456608016881672,80.47349718,0.0,,,,,,,,,,,,,,,,,0.0,0.0,237.375,0.6138522905376206,0.0,0.0,8.308125,2.148483016881672,10.456608016881672,886858,,,0.2661369849953462,Information
132794,1330.0,52202.99992,COD,Democratic Republic of the Congo,Nord-Kivu,3.11714429,0.0,0.32,0.94,,,,,,,,,,,,,,,,,,,,,,,,,,5.600796853030045,62.342885800000005,0.0,,,,,,,,,,,,,,,,,0.0,0.0,134.296875,0.2572589222942985,0.0,0.0,4.700390625,0.9004062280300447,5.600796853030045,3223075,,,0.0283502164819217,Information
132795,1331.0,981.4913175,COD,Democratic Republic of the Congo,Tshopo,4.010898422,0.0,0.32,0.94,,,,,,,,,,,,,,,,,,,,,,,,,,7.599491378556296,80.21796844,0.0,,,,,,,,,,,,,,,,,0.0,0.0,19.40625,1.9772207510160844,0.0,0.0,0.67921875,6.920272628556296,7.599491378556296,15747,,,0.1693611899957897,Information
132796,1332.0,31260.54449,COD,Democratic Republic of the Congo,Sud-Kivu,3.678316497,0.0,0.32,0.94,,,,,,,,,,,,,,,,,,,,,,,,,,4.255105147576639,73.56632994,0.0,,,,,,,,,,,,,,,,,0.0,0.0,92.109375,0.2946505778790398,0.0,0.0,3.223828125,1.0312770225766394,4.255105147576639,1737097,,,0.0338860530492811,Information
132797,1333.0,16980.90819,COD,Democratic Republic of the Congo,Maniema,4.125267015,0.0,0.32,0.94,,,,,,,,,,,,,,,,,,,,,,,,,,10.182096631343557,82.5053403,0.0,,,,,,,,,,,,,,,,,0.0,0.0,183.09375,1.078232966098159,0.0,0.0,6.40828125,3.7738153813435567,10.182096631343557,82396,,,0.2941625640575996,Information
132798,1334.0,28766.46801,COD,Democratic Republic of the Congo,Sud-Kivu,3.176670923,0.0,0.32,0.94,,,,,,,,,,,,,,,,,,,,,,,,,,4.9680057540425,63.53341846,0.0,,,,,,,,,,,,,,,,,0.0,0.0,105.328125,0.3661489654407144,0.0,0.0,3.686484375,1.2815213790425004,4.9680057540425,907061,,,0.0231100484338295,Information
132841,1339.0,4925.344523,COD,Democratic Republic of the Congo,Tanganyika,4.025182902,0.0,0.32,0.94,,,,,,,,,,,,,,,,,,,,,,,,,,6.100165787026953,80.50365804,0.0,,,,,,,,,,,,,,,,,0.0,0.0,57.515625,1.1677482605791294,0.0,0.0,2.013046875,4.087118912026953,6.100165787026953,31457,,,0.1226358280901402,Information
132842,1340.0,5864.561591,COD,Democratic Republic of the Congo,Tanganyika,3.379813225,0.0,0.32,0.94,,,,,,,,,,,,,,,,,,,,,,,,,,4.180736068762322,67.5962645,0.0,,,,,,,,,,,,,,,,,0.0,0.0,44.15625,0.7529335196463774,0.0,0.0,1.54546875,2.635267318762321,4.180736068762322,198533,,,0.0202904674791686,Information
132843,1341.0,4497.779301,TZA,Tanzania,Kigoma,4.004683926,0.0,0.44,0.78,,,,,,,,,,,,,,,,,,,,,,,,,,4.584920032244927,80.09367852,0.0,,,,,,,,,,,,,,,,,0.0,0.0,40.640625,0.9035709020699793,0.0,0.0,1.422421875,3.162498157244928,4.584920032244927,56932,,,0.0710161706315267,Information
132844,1342.0,3126.201364,COD,Democratic Republic of the Congo,Tanganyika,4.044552972,0.0,0.32,0.94,,,,,,,,,,,,,,,,,,,,,,,,,,2.500564516613791,80.89105943999999,0.0,,,,,,,,,,,,,,,,,0.0,0.0,17.015625,0.5442907547467974,0.0,0.0,0.595546875,1.905017641613791,2.500564516613791,477782,,,0.0209939627197621,Information
132862,1350.0,1632.039921,COD,Democratic Republic of the Congo,Tanganyika,4.110868819,0.0,0.32,0.94,,,,,,,,,,,,,,,,,,,,,,,,,,14.55806931223925,82.21737638,0.0,,,,,,,,,,,,,,,,,0.0,0.0,58.359375,3.5758546249255,0.0,0.0,2.042578125,12.515491187239247,14.55806931223925,9104,,,0.4207104356235136,Advisory
132864,1352.0,3568.790728,TZA,Tanzania,Kigoma,3.529072898,0.0,0.44,0.78,,,,,,,,,,,,,,,,,,,,,,,,,,1.2725051684210145,70.58145796,0.0,,,,,,,,,,,,,,,,,0.0,0.0,9.5625,0.267947905263147,0.0,0.0,0.3346875,0.9378176684210144,1.2725051684210145,676395,,,0.0008429023961287,Information
132881,1359.0,1018.973385,TZA,Tanzania,Kigoma,4.235592758,0.0,0.44,0.78,,,,,,,,,,,,,,,,,,,,,,,,,,11.496420075505169,84.71185516,0.0,,,,,,,,,,,,,,,,,0.0,0.0,30.375,2.9809414501443343,0.0,0.0,1.063125,10.43329507550517,11.496420075505169,25317,,,0.3878059854514901,Advisory
132882,1360.0,16254.03327,TZA,Tanzania,Kigoma,3.295214733,0.0,0.44,0.78,,,,,,,,,,,,,,,,,,,,,,,,,,6.065826786972803,65.90429466,0.0,,,,,,,,,,,,,,,,,0.0,0.0,107.296875,0.660124617706515,0.0,0.0,3.755390625,2.3104361619728024,6.065826786972803,2122926,,,0.04212869761003,Information
132884,1362.0,17357.45412,TZA,Tanzania,Tabora,2.565792785,0.0,0.44,0.78,,,,,,,,,,,,,,,,,,,,,,,,,,3.646011980328861,51.3158557,0.0,,,,,,,,,,,,,,,,,0.0,0.0,66.09375,0.3807802086653887,0.0,0.0,2.31328125,1.3327307303288605,3.646011980328861,1231540,,,0.0047748808605909,Information
132885,1363.0,208.1703278,TZA,Tanzania,Tabora,4.454574694,0.0,0.44,0.78,,,,,,,,,,,,,,,,,,,,,,,,,,37.820234375,89.09149388,0.0,3.0,,,,,,,,,,,,,,,,0.0,0.0,80.578125,38.7077860030061,0.0,0.0,2.820234375,35.0,37.820234375,29,16.0,55.172413793103445,0.8931216052735935,Warning
132886,1364.0,7175.061193,TZA,Tanzania,Shinyanga,1.508647739,0.0,0.44,0.78,,,,,,,,,,,,,,,,,,,,,,,,,,5.914349441965552,30.17295478,0.0,,,,,,,,,,,,,,,,,0.0,0.0,70.59375,0.983876626275872,0.0,0.0,2.47078125,3.443568191965552,5.914349441965552,537206,,,0.0067813813417498,Information
132887,1365.0,463.5071719,TZA,Tanzania,Geita,4.316283431,0.0,0.44,0.78,,,,,,,,,,,,,,,,,,,,,,,,,,42.062890625,86.32566861999999,0.0,3.0,,,,,,,,,,,,,,,,0.0,0.0,201.796875,43.53694769432566,0.0,0.0,7.062890625,35.0,42.062890625,90,90.0,100.0,0.8694182646670171,Warning
132888,1366.0,7217.031089,TZA,Tanzania,Geita,1.814525977,0.0,0.44,0.78,,,,,,,,,,,,,,,,,,,,,,,,,,7.350292138997793,36.29051954,0.0,,,,,,,,,,,,,,,,,0.0,0.0,88.03125,1.2197709682850837,0.0,0.0,3.08109375,4.269198388997793,7.350292138997793,629450,,,0.0154020829224548,Information
132889,1367.0,12851.80707,TZA,Tanzania,Kigoma,2.347014446,0.0,0.44,0.78,,,,,,,,,,,,,,,,,,,,,,,,,,8.847856834928324,46.94028892,0.0,,,,,,,,,,,,,,,,,0.0,0.0,142.171875,1.106240345693807,0.0,0.0,4.976015625,3.871841209928325,8.847856834928324,670447,,,0.0366271832390212,Information
132891,1368.0,1083.886719,TZA,Tanzania,Katavi,4.162534139,0.0,0.44,0.78,,,,,,,,,,,,,,,,,,,,,,,,,,1.7112666253934847,83.25068278,0.0,,,,,,,,,,,,,,,,,0.0,0.0,4.78125,0.4411208215409956,0.0,0.0,0.16734375,1.5439228753934846,1.7112666253934847,5331,,,0.0112705645855845,Information
132893,1370.0,6276.204061,TZA,Tanzania,Katavi,3.747905301,0.0,0.44,0.78,,,,,,,,,,,,,,,,,,,,,,,,,,8.666753103723831,74.95810602,0.0,,,,,,,,,,,,,,,,,0.0,0.0,95.484375,1.5213714224925234,0.0,0.0,3.341953125,5.324799978723832,8.666753103723831,97263,,,0.1443322355409254,Information
132894,1371.0,4272.709312,TZA,Tanzania,Katavi,3.074072427,0.0,0.44,0.78,,,,,,,,,,,,,,,,,,,,,,,,,,0.9864723202920072,61.48144854,0.0,,,,,,,,,,,,,,,,,0.0,0.0,8.4375,0.1974742343691449,0.0,0.0,0.2953125,0.6911598202920072,0.9864723202920072,5049,,,0.0001237853168798,Information
132895,1372.0,2905.712087,TZA,Tanzania,Katavi,4.021860187,0.0,0.44,0.78,,,,,,,,,,,,,,,,,,,,,,,,,,5.027913622109545,80.43720374,0.0,,,,,,,,,,,,,,,,,0.0,0.0,32.34375,1.1131092491741557,0.0,0.0,1.13203125,3.895882372109545,5.027913622109545,564,,,0.087132803570484,Information
132896,1373.0,7607.645004,TZA,Tanzania,Tabora,1.375789375,0.0,0.44,0.78,,,,,,,,,,,,,,,,,,,,,,,,,,0.4214861793955788,27.5157875,0.0,,,,,,,,,,,,,,,,,0.0,0.0,5.203125,0.0683933726844511,0.0,0.0,0.182109375,0.2393768043955788,0.4214861793955788,483435,,,1.3210515746803726e-07,Information
132897,1374.0,6920.695619,TZA,Tanzania,Tabora,4.029245633,0.0,0.44,0.78,,,,,,,,,,,,,,,,,,,,,,,,,,1.648616382924598,80.58491266000001,0.0,,,,,,,,,,,,,,,,,0.0,0.0,19.265625,0.2783770022641708,0.0,0.0,0.674296875,0.9743195079245978,1.648616382924598,43665,,,0.0068293912188952,Information
132898,1375.0,8458.28882,TZA,Tanzania,Tabora,4.011455279,0.0,0.44,0.78,,,,,,,,,,,,,,,,,,,,,,,,,,1.3318680214726526,80.22910558,0.0,,,,,,,,,,,,,,,,,0.0,0.0,17.4375,0.2061587204207579,0.0,0.0,0.6103125,0.7215555214726526,1.3318680214726526,13615,,,0.0034917674359642,Information
132899,1376.0,7015.491785,TZA,Tanzania,Tabora,4.009718315,0.0,0.44,0.78,,,,,,,,,,,,,,,,,,,,,,,,,,2.5188332660427486,80.1943663,0.0,,,,,,,,,,,,,,,,,0.0,0.0,29.671875,0.4229478974407853,0.0,0.0,1.038515625,1.4803176410427483,2.5188332660427486,17860,,,0.0195957472629995,Information
132952,1390.0,4765.494317,COD,Democratic Republic of the Congo,Haut-Lomami,0.720668195,0.0,0.32,0.94,,,,,,,,,,,,,,,,,,,,,,,,,,1.8147532214521112,14.4133639,0.0,,,,,,,,,,,,,,,,,0.0,0.0,16.734375,0.3511571704148889,0.0,0.0,0.585703125,1.2290500964521112,1.8147532214521112,392778,,,5.820168408450655e-05,Information
132953,1391.0,5367.42676,COD,Democratic Republic of the Congo,Tanganyika,3.623120849,0.0,0.32,0.94,,,,,,,,,,,,,,,,,,,,,,,,,,5.340781549784017,72.46241698,0.0,,,,,,,,,,,,,,,,,0.0,0.0,53.296875,0.9929688356525764,0.0,0.0,1.865390625,3.4753909247840173,5.340781549784017,64969,,,0.0504839016095758,Information
132956,1394.0,5573.209132,COD,Democratic Republic of the Congo,Haut-Katanga,1.847704775,0.0,0.32,0.94,,,,,,,,,,,,,,,,,,,,,,,,,,0.3438296809048335,36.9540955,0.0,,,,,,,,,,,,,,,,,0.0,0.0,3.515625,0.0630808016870953,0.0,0.0,0.123046875,0.2207828059048335,0.3438296809048335,103977,,,9.36740804054585e-08,Information
132999,1417.0,10870.50458,ZMB,Zambia,Muchinga,2.039653793,0.0,0.51,0.68,,,,,,,,,,,,,,,,,,,,,,,,,,5.660315614926362,40.79307586,0.0,,,,,,,,,,,,,,,,,0.0,0.0,84.234375,0.7748892828361034,0.0,0.0,2.948203125,2.712112489926362,5.660315614926362,342819,,,0.009448444004742,Information
133201,1419.0,13657.52547,COG,Republic of Congo,Niari,2.353975833,0.0,0.44,0.78,,,,,,,,,,,,,,,,,,,,,,,,,,0.6223729906837765,47.07951666,0.0,,,,,,,,,,,,,,,,,0.0,0.0,10.265625,0.075164604481079,0.0,0.0,0.359296875,0.2630761156837765,0.6223729906837765,112904,,,4.435530938984817e-06,Information
133207,1425.0,3743.656444,COG,Republic of Congo,Bouenza,2.311250711,0.0,0.44,0.78,,,,,,,,,,,,,,,,,,,,,,,,,,0.1987602657392999,46.22501422,0.0,,,,,,,,,,,,,,,,,0.0,0.0,1.546875,0.0413198973540857,0.0,0.0,0.054140625,0.1446196407392999,0.1987602657392999,112417,,,1.068892250330928e-08,Information
133208,1426.0,6297.796509,COG,Republic of Congo,Pool,1.793358927,0.0,0.44,0.78,,,,,,,,,,,,,,,,,,,,,,,,,,0.1401081930552199,35.867178540000005,0.0,,,,,,,,,,,,,,,,,0.0,0.0,1.546875,0.0245621623014914,0.0,0.0,0.054140625,0.0859675680552199,0.1401081930552199,91662,,,4.4974027357068616e-10,Information
133302,1429.0,25130.97902,GAB,Gabon,Nyanga,3.085559422,0.0,0.57,0.6,,,,,,,,,,,,,,,,,,,,,,,,,,0.6467542310617433,61.71118844,0.0,,,,,,,,,,,,,,,,,0.0,0.0,13.21875,0.0525994231604981,0.0,0.0,0.46265625,0.1840979810617433,0.6467542310617433,74579,,,2.242632575537222e-05,Information
133303,1430.0,392.9008401,GAB,Gabon,Ogoou,3.172740346,0.0,0.57,0.6,,,,,,,,,,,,,,,,,,,,,,,,,,13.149395249956957,63.45480692,0.0,,,,,,,,,,,,,,,,,0.0,0.0,14.203125,3.614938821416273,0.0,0.0,0.497109375,12.652285874956956,13.149395249956957,6692,,,0.153349302558225,Information
133304,1431.0,4492.789393,GAB,Gabon,Ogoou,0.533463037,0.0,0.57,0.6,,,,,,,,,,,,,,,,,,,,,,,,,,12.256989116634465,10.66926074,0.0,,,,,,,,,,,,,,,,,0.0,0.0,108.5625,2.4163718904669897,0.0,0.0,3.7996875,8.457301616634464,12.256989116634465,6901,,,0.0235028224297239,Information
133305,1432.0,506.2810575,GAB,Gabon,Ogoou,1.30795793,0.0,0.57,0.6,,,,,,,,,,,,,,,,,,,,,,,,,,13.17581918136102,26.1591586,0.0,,,,,,,,,,,,,,,,,0.0,0.0,18.140625,3.5831135161031487,0.0,0.0,0.634921875,12.54089730636102,13.17581918136102,318,,,0.0423964784582771,Information
133306,1433.0,3758.704534,GAB,Gabon,Ogoou,0.162454991,0.0,0.57,0.6,,,,,,,,,,,,,,,,,,,,,,,,,,4.071724409082304,3.24909982,0.0,,,,,,,,,,,,,,,,,0.0,0.0,31.78125,0.8455373311663726,0.0,0.0,1.11234375,2.959380659082304,4.071724409082304,2346,,,0.0007672648171435,Information
133307,1434.0,232.5545902,GAB,Gabon,Ogoou,4.030707376,0.0,0.57,0.6,,,,,,,,,,,,,,,,,,,,,,,,,,8.66262920720044,80.61414751999999,0.0,,,,,,,,,,,,,,,,,0.0,0.0,5.625,2.418786916342983,0.0,0.0,0.196875,8.46575420720044,8.66262920720044,526,,,0.2102583160595587,Information
133308,1435.0,9090.489429,GAB,Gabon,Ogoou,3.052076516,0.0,0.57,0.6,,,,,,,,,,,,,,,,,,,,,,,,,,9.106181134620348,61.04153032,0.0,,,,,,,,,,,,,,,,,0.0,0.0,123.890625,1.3628597884629567,0.0,0.0,4.336171875,4.770009259620348,9.106181134620348,9258,,,0.0730365567752372,Information
133421,1437.0,1479.168332,GAB,Gabon,Moyen-Ogooué,3.130960784,0.0,0.57,0.6,,,,,,,,,,,,,,,,,,,,,,,,,,2.979325863748462,62.61921568,0.0,,,,,,,,,,,,,,,,,0.0,0.0,10.96875,0.7415484610709892,0.0,0.0,0.38390625,2.595419613748462,2.979325863748462,5178,,,0.005711914138104,Information
133424,1440.0,2244.440758,GAB,Gabon,Ngounié,1.403142263,0.0,0.57,0.6,,,,,,,,,,,,,,,,,,,,,,,,,,0.8860848828442478,28.06284526,0.0,,,,,,,,,,,,,,,,,0.0,0.0,4.640625,0.2067608593840708,0.0,0.0,0.162421875,0.7236630078442478,0.8860848828442478,7844,,,5.494558193006691e-06,Information
133428,1444.0,2543.672259,GAB,Gabon,Ngounié,0.929030141,0.0,0.57,0.6,,,,,,,,,,,,,,,,,,,,,,,,,,0.1698995248775261,18.58060282,0.0,,,,,,,,,,,,,,,,,0.0,0.0,0.984375,0.0386989713935789,0.0,0.0,0.034453125,0.1354463998775261,0.1698995248775261,40782,,,3.3681301006754004e-10,Information
133461,1449.0,3566.388272,GAB,Gabon,Ogooué-Lolo,3.266145209,0.0,0.57,0.6,,,,,,,,,,,,,,,,,,,,,,,,,,1.2918595203323997,65.32290418,0.0,,,,,,,,,,,,,,,,,0.0,0.0,9.703125,0.2720714700949713,0.0,0.0,0.339609375,0.9522501453323996,1.2918595203323997,1188,,,0.0005009427226069,Information
133462,1450.0,11238.0399,GAB,Gabon,Ogooué-Lolo,3.617366242,0.0,0.57,0.6,,,,,,,,,,,,,,,,,,,,,,,,,,0.5580918659621686,72.34732484,0.0,,,,,,,,,,,,,,,,,0.0,0.0,8.4375,0.0750798188463339,0.0,0.0,0.2953125,0.2627793659621686,0.5580918659621686,59226,,,4.751285059699571e-05,Information
133466,1454.0,7609.738928,GAB,Gabon,Haut-Ogooué,2.395407267,0.0,0.57,0.6,,,,,,,,,,,,,,,,,,,,,,,,,,0.3530818826650203,47.90814534,0.0,,,,,,,,,,,,,,,,,0.0,0.0,4.359375,0.0572867879042915,0.0,0.0,0.152578125,0.2005037576650202,0.3530818826650203,87145,,,2.956091363072152e-07,Information
133468,1456.0,6354.031822,GAB,Gabon,Haut-Ogooué,4.034386517,0.0,0.57,0.6,,,,,,,,,,,,,,,,,,,,,,,,,,0.3420344075945286,80.68773034,0.0,,,,,,,,,,,,,,,,,0.0,0.0,3.796875,0.0597553664555796,0.0,0.0,0.132890625,0.2091437825945286,0.3420344075945286,310408,,,2.746619925292587e-05,Information
133469,1457.0,8588.942055,COG,Republic of Congo,Lékoumou,0.650490243,0.0,0.44,0.78,,,,,,,,,,,,,,,,,,,,,,,,,,3.589843216372391,13.00980486,0.0,,,,,,,,,,,,,,,,,0.0,0.0,47.390625,0.5517632403921117,0.0,0.0,1.658671875,1.9311713413723908,3.589843216372391,94973,,,0.0007170787342108,Information
133471,1458.0,585.0596124,GAB,Gabon,Ogooué-Ivindo,2.530463807,0.0,0.57,0.6,,,,,,,,,,,,,,,,,,,,,,,,,,7.212881343261448,50.60927614,0.0,,,,,,,,,,,,,,,,,0.0,0.0,11.390625,1.9469169909318425,0.0,0.0,0.398671875,6.814209468261448,7.212881343261448,649,,,0.0271839277462122,Information
133475,1462.0,4.082479919,GAB,Gabon,Ogooué-Ivindo,4.030351234,0.0,0.57,0.6,,,,,,,,,,,,,,,,,,,,,,,,,,12.061013018668358,80.60702468000001,0.0,,,,,,,,,,,,,,,,,0.0,0.0,0.140625,3.4445974696195307,0.0,0.0,0.004921875,12.056091143668358,12.061013018668358,2515,,,0.3174174652908079,Information
133478,1465.0,4688.190046,GAB,Gabon,Ogooué-Ivindo,1.177555695,0.0,0.57,0.6,,,,,,,,,,,,,,,,,,,,,,,,,,1.1565247143906108,23.5511139,0.0,,,,,,,,,,,,,,,,,0.0,0.0,10.546875,0.2249668826830317,0.0,0.0,0.369140625,0.7873840893906109,1.1565247143906108,14297,,,1.3873975274442632e-05,Information
133550,1472.0,2089.556536,GNQ,Equatorial Guinea,Litoral,4.011603929,0.264350422,0.47,0.74,,,,,,,,,,,,,,,,,,,,,,,,,,1.4238257030112318,80.23207857999999,5.287008439999999,,,,,,,,,,,,,,,,,0.0,0.0,7.03125,0.3364948437174948,0.0,0.0,0.24609375,1.1777319530112318,1.4238257030112318,315188,,,0.0042602967681495,Information
133567,1479.0,240.016506,GAB,Gabon,Wouleu-Ntem,3.814173459,0.0,0.57,0.6,,,,,,,,,,,,,,,,,,,,,,,,,,1.6798871739324537,76.28346918,0.0,,,,,,,,,,,,,,,,,0.0,0.0,1.125,0.468717763980701,0.0,0.0,0.039375,1.6405121739324535,1.6798871739324537,7008,,,0.0040551194640188,Information
133590,1484.0,343.5948593,CMR,Cameroon,Littoral,0.042804388,4.004598944,0.42,0.81,,,,,,,,,,,,,,,,,,,,,,,,,,4.000545259835664,0.85608776,80.09197888,,,,,,,,,,,,,,,,,0.0,0.0,3.796875,1.1050441813816183,0.0,0.0,0.132890625,3.867654634835664,4.000545259835664,1061,,,0.0542807956238857,Information
133623,1488.0,1750.585913,CMR,Cameroon,Centre,1.326560078,0.0,0.42,0.81,,,,,,,,,,,,,,,,,,,,,,,,,,7.400391417837418,26.53120156,0.0,,,,,,,,,,,,,,,,,0.0,0.0,31.5,1.799397547953548,0.0,0.0,1.1025,6.297891417837418,7.400391417837418,103067,,,0.0108571695888232,Information
133625,1490.0,2532.424607,CMR,Cameroon,Ouest,0.817694868,0.0,0.42,0.81,,,,,,,,,,,,,,,,,,,,,,,,,,2.654945763600141,16.35389736,0.0,,,,,,,,,,,,,,,,,0.0,0.0,15.328125,0.605274682457183,0.0,0.0,0.536484375,2.1184613886001404,2.654945763600141,61883,,,0.0002801161892087,Information
133627,1492.0,5021.026747,CMR,Cameroon,Ouest,1.228448886,0.0,0.42,0.81,,,,,,,,,,,,,,,,,,,,,,,,,,0.2503148331303462,24.56897772,0.0,,,,,,,,,,,,,,,,,0.0,0.0,2.390625,0.0476122737515275,0.0,0.0,0.083671875,0.1666429581303462,0.2503148331303462,538218,,,5.707034890926816e-09,Information
133670,1499.0,1976.510788,CMR,Cameroon,Adamaoua,1.125249724,0.0,0.42,0.81,,,,,,,,,,,,,,,,,,,,,,,,,,0.2684134103973623,22.50499448,0.0,,,,,,,,,,,,,,,,,0.0,0.0,1.265625,0.0640332958278178,0.0,0.0,0.044296875,0.2241165353973623,0.2684134103973623,33495,,,7.332369590910624e-09,Information
133680,1500.0,5836.726217,CMR,Cameroon,Adamaoua,2.201272675,0.0,0.42,0.81,,,,,,,,,,,,,,,,,,,,,,,,,,0.1335447028864182,44.0254535,0.0,,,,,,,,,,,,,,,,,0.0,0.0,1.40625,0.0240931293961195,0.0,0.0,0.04921875,0.0843259528864182,0.1335447028864182,62307,,,7.791366240983901e-10,Information
133690,1501.0,4606.204028,CMR,Cameroon,Adamaoua,0.017678717,0.0,0.42,0.81,,,,,,,,,,,,,,,,,,,,,,,,,,0.2341078793418102,0.35357434,0.0,,,,,,,,,,,,,,,,,0.0,0.0,2.109375,0.0457942155262315,0.0,0.0,0.073828125,0.1602797543418102,0.2341078793418102,128412,,,7.082141033029957e-10,Information
133704,1505.0,12263.4806,CMR,Cameroon,Littoral,2.862607912,0.0,0.42,0.81,,,,,,,,,,,,,,,,,,,,,,,,,,1.5458095854296352,57.25215824,0.0,,,,,,,,,,,,,,,,,0.0,0.0,24.328125,0.1983786315513244,0.0,0.0,0.851484375,0.6943252104296354,1.5458095854296352,2402605,,,0.0004504566902295,Information
133801,1511.0,6055.691443,NGA,Nigeria,Abia,2.938601931,3.162083584,0.39,0.85,,,,,,,,,,,,,,,,,,,,,,,,,,7.816686191782726,58.77203862,63.24167168,,,,,,,,,,,,,,,,,0.0,0.0,84.234375,1.390995161937922,0.0,0.0,2.948203125,4.868483066782726,7.816686191782726,3111821,,,0.0607986155392464,Information
133802,1512.0,7141.156508,NGA,Nigeria,Ebonyi,2.381141422,0.0,0.39,0.85,,,,,,,,,,,,,,,,,,,,,,,,,,0.1299555506861797,47.62282843999999,0.0,,,,,,,,,,,,,,,,,0.0,0.0,1.546875,0.0216614073389085,0.0,0.0,0.054140625,0.0758149256861797,0.1299555506861797,4245221,,,9.924761650506003e-10,Information
133803,1513.0,3643.138997,NGA,Nigeria,Ebonyi,2.942333752,0.0,0.39,0.85,,,,,,,,,,,,,,,,,,,,,,,,,,3.299302782788522,58.84667504,0.0,,,,,,,,,,,,,,,,,0.0,0.0,25.171875,0.6909391879395778,0.0,0.0,0.881015625,2.418287157788522,3.299302782788522,1527041,,,0.0058081073177026,Information
133805,1515.0,5278.033263,NGA,Nigeria,Cross River,3.009374092,0.0,0.39,0.85,,,,,,,,,,,,,,,,,,,,,,,,,,2.251038874399581,60.18748184,0.0,,,,,,,,,,,,,,,,,0.0,0.0,22.21875,0.420966464114166,0.0,0.0,0.77765625,1.473382624399581,2.251038874399581,439246,,,0.0020343251869738,Information
133806,1516.0,3343.628267,CMR,Cameroon,Sud-Ouest,2.245558887,0.0,0.42,0.81,,,,,,,,,,,,,,,,,,,,,,,,,,0.5696190750540654,44.91117774,0.0,,,,,,,,,,,,,,,,,0.0,0.0,4.078125,0.1219670571583044,0.0,0.0,0.142734375,0.4268847000540654,0.5696190750540654,56060,,,2.418520581533147e-06,Information
133807,1517.0,7061.148711,CMR,Cameroon,Sud-Ouest,3.142861554,0.0,0.42,0.81,,,,,,,,,,,,,,,,,,,,,,,,,,0.4281204674840093,62.85723108,0.0,,,,,,,,,,,,,,,,,0.0,0.0,5.0625,0.0716951335668598,0.0,0.0,0.1771875,0.2509329674840093,0.4281204674840093,317696,,,4.03874373323669e-06,Information
133808,1518.0,2356.660056,CMR,Cameroon,Sud-Ouest,0.900002372,0.0,0.42,0.81,,,,,,,,,,,,,,,,,,,,,,,,,,0.5419435261279427,18.00004744,0.0,,,,,,,,,,,,,,,,,0.0,0.0,2.953125,0.1253097574651265,0.0,0.0,0.103359375,0.4385841511279427,0.5419435261279427,185467,,,2.592841385704367e-07,Information
141000,16045.0,26886.33954,NGA,Nigeria,Rivers,4.008854796,4.001070643,0.39,0.85,,,,,,,,,,,,,,,,,,,,,,,,,,51.78681237931206,80.17709592,80.02141286,3.0,,,,,,,,,,,,,,,,0.0,0.0,1289.53125,4.796232108374874,0.0,0.0,35.0,16.78681237931206,51.78681237931206,26128746,344576.0,1.3187621020924616,0.8315472431931519,Warning
142213,1524.0,3471.145187,NGA,Nigeria,Benue,3.33738471,0.0,0.39,0.85,,,,,,,,,,,,,,,,,,,,,,,,,,0.2483165522655149,66.7476942,0.0,,,,,,,,,,,,,,,,,0.0,0.0,1.828125,0.0526663363615757,0.0,0.0,0.063984375,0.1843321772655149,0.2483165522655149,324883,,,4.861211451614464e-07,Information
142214,1525.0,9359.413001,NGA,Nigeria,Nassarawa,1.550647728,0.0,0.39,0.85,,,,,,,,,,,,,,,,,,,,,,,,,,0.1628898920974913,31.01295456,0.0,,,,,,,,,,,,,,,,,0.0,0.0,2.25,0.0240399691707118,0.0,0.0,0.07875,0.0841398920974913,0.1628898920974913,1920778,,,7.305516188422054e-10,Information
142218,1529.0,2239.722299,NGA,Nigeria,Nassarawa,0.560850761,0.0,0.39,0.85,,,,,,,,,,,,,,,,,,,,,,,,,,0.2689725561818459,11.21701522,0.0,,,,,,,,,,,,,,,,,0.0,0.0,1.40625,0.0627868017662417,0.0,0.0,0.04921875,0.2197538061818459,0.2689725561818459,315519,,,3.328802539643011e-09,Information
142219,1530.0,246.2576127,NGA,Nigeria,Benue,1.07468384,0.0,0.39,0.85,,,,,,,,,,,,,,,,,,,,,,,,,,0.409577585285429,21.493676800000003,0.0,,,,,,,,,,,,,,,,,0.0,0.0,0.28125,0.1142096672244083,0.0,0.0,0.00984375,0.399733835285429,0.409577585285429,79609,,,7.368794988019241e-08,Information
142279,1544.0,170.9553897,NGA,Nigeria,Adamawa,4.038354953,0.0,0.39,0.85,,,,,,,,,,,,,,,,,,,,,,,,,,0.585651861098913,80.76709905999999,0.0,,,,,,,,,,,,,,,,,0.0,0.0,0.28125,0.164516603171118,0.0,0.0,0.00984375,0.575808111098913,0.585651861098913,45131,,,0.0002400214744192,Information
142281,1545.0,980.3773913,NGA,Nigeria,Adamawa,2.435570506,0.0,0.39,0.85,,,,,,,,,,,,,,,,,,,,,,,,,,0.8268863417080031,48.71141012,0.0,,,,,,,,,,,,,,,,,0.0,0.0,2.109375,0.2151594904880009,0.0,0.0,0.073828125,0.7530582167080031,0.8268863417080031,112421,,,1.8331931366022145e-05,Information
142282,1546.0,5464.242186,NGA,Nigeria,Adamawa,1.336450089,0.0,0.39,0.85,,,,,,,,,,,,,,,,,,,,,,,,,,0.1253636972417091,26.72900178,0.0,,,,,,,,,,,,,,,,,0.0,0.0,1.265625,0.0231619492119169,0.0,0.0,0.044296875,0.0810668222417091,0.1253636972417091,670572,,,9.408304366794863e-11,Information
142285,1549.0,7632.136406,CMR,Cameroon,Nord,3.630636095,0.0,0.42,0.81,,,,,,,,,,,,,,,,,,,,,,,,,,0.6822454428921225,72.6127219,0.0,,,,,,,,,,,,,,,,,0.0,0.0,8.4375,0.1105522693977493,0.0,0.0,0.2953125,0.3869329428921225,0.6822454428921225,1083227,,,0.0001110544539117,Information
142291,1554.0,2119.636581,NGA,Nigeria,Adamawa,2.92386276,0.0,0.39,0.85,,,,,,,,,,,,,,,,,,,,,,,,,,3.517780880523353,58.4772552,0.0,,,,,,,,,,,,,,,,,0.0,0.0,17.578125,0.829299001578101,0.0,0.0,0.615234375,2.902546505523353,3.517780880523353,446639,,,0.0067857200649635,Information
142293,1556.0,679.9310864,NGA,Nigeria,Gombe,2.630904925,0.0,0.39,0.85,,,,,,,,,,,,,,,,,,,,,,,,,,0.1546194514899846,52.6180985,0.0,,,,,,,,,,,,,,,,,0.0,0.0,0.28125,0.0413644861399956,0.0,0.0,0.00984375,0.1447757014899846,0.1546194514899846,145124,,,5.170813939149136e-09,Information
142294,1557.0,2472.202073,NGA,Nigeria,Gombe,1.986571524,0.0,0.39,0.85,,,,,,,,,,,,,,,,,,,,,,,,,,0.2979689415208453,39.73143048,0.0,,,,,,,,,,,,,,,,,0.0,0.0,1.6875,0.0682589832916701,0.0,0.0,0.0590625,0.2389064415208453,0.2979689415208453,715743,,,5.4940051693989764e-08,Information
142344,1569.0,3548.455986,NGA,Nigeria,Niger,2.425989595,0.0,0.39,0.85,,,,,,,,,,,,,,,,,,,,,,,,,,1.2402947271899705,48.5197919,0.0,,,,,,,,,,,,,,,,,0.0,0.0,9.28125,0.2615574220542773,0.0,0.0,0.32484375,0.9154509771899704,1.2402947271899705,116177,,,9.732969239121624e-05,Information
142345,1570.0,9311.683335,NGA,Nigeria,Kaduna,3.897041683,0.0,0.39,0.85,,,,,,,,,,,,,,,,,,,,,,,,,,1.8169480708308687,77.94083366,0.0,,,,,,,,,,,,,,,,,0.0,0.0,25.03125,0.2688155202373912,0.0,0.0,0.87609375,0.9408543208308692,1.8169480708308687,523584,,,0.0062700455570267,Information
142346,1571.0,5954.108791,NGA,Nigeria,Kaduna,1.319051045,0.0,0.39,0.85,,,,,,,,,,,,,,,,,,,,,,,,,,0.1714469310955156,26.3810209,0.0,,,,,,,,,,,,,,,,,0.0,0.0,1.828125,0.0307035874558616,0.0,0.0,0.063984375,0.1074625560955156,0.1714469310955156,1058412,,,6.705911655742617e-10,Information
142347,1572.0,2494.606023,NGA,Nigeria,Kaduna,2.581332312,0.0,0.39,0.85,,,,,,,,,,,,,,,,,,,,,,,,,,1.0353816653432302,51.62664624,0.0,,,,,,,,,,,,,,,,,0.0,0.0,5.90625,0.2367608329552086,0.0,0.0,0.20671875,0.8286629153432301,1.0353816653432302,2078635,,,6.047834764268567e-05,Information
142348,1573.0,10940.82021,NGA,Nigeria,Kaduna,0.91225514,0.0,0.39,0.85,,,,,,,,,,,,,,,,,,,,,,,,,,0.1036256032572047,18.2451028,0.0,,,,,,,,,,,,,,,,,0.0,0.0,1.546875,0.0141385652163442,0.0,0.0,0.054140625,0.0494849782572047,0.1036256032572047,2089043,,,1.2729607032726516e-11,Information
142349,1574.0,6739.968249,NGA,Nigeria,Kaduna,0.16452656,0.0,0.39,0.85,,,,,,,,,,,,,,,,,,,,,,,,,,2.041473892281824,3.2905312,0.0,,,,,,,,,,,,,,,,,0.0,0.0,23.484375,0.348434504937664,0.0,0.0,0.821953125,1.219520767281824,2.041473892281824,2611136,,,5.715014228221243e-05,Information
142360,1576.0,10103.83872,NGA,Nigeria,Kwara,1.195990723,0.0,0.39,0.85,,,,,,,,,,,,,,,,,,,,,,,,,,0.1664838411836582,23.91981446,0.0,,,,,,,,,,,,,,,,,0.0,0.0,2.390625,0.0236605617667595,0.0,0.0,0.083671875,0.0828119661836582,0.1664838411836582,462883,,,4.5443040824856377e-10,Information
142370,1577.0,2243.739394,NGA,Nigeria,Niger,3.575195612,0.0,0.39,0.85,,,,,,,,,,,,,,,,,,,,,,,,,,6.177319721873201,71.50391224,0.0,,,,,,,,,,,,,,,,,0.0,0.0,32.34375,1.4415109919637716,0.0,0.0,1.13203125,5.045288471873201,6.177319721873201,86205,,,0.0631468086263336,Information
142391,1579.0,14.14754713,NGA,Nigeria,Niger,4.127491261,0.0,0.39,0.85,,,,,,,,,,,,,,,,,,,,,,,,,,13.935527340121494,82.54982522,0.0,,,,,,,,,,,,,,,,,0.0,0.0,0.5625,3.9759542400347128,0.0,0.0,0.0196875,13.915839840121494,13.935527340121494,1407,,,0.4110253599645542,Advisory
142393,1581.0,6118.173933,NGA,Nigeria,Niger,2.962583554,0.0,0.39,0.85,,,,,,,,,,,,,,,,,,,,,,,,,,4.7327924868501166,59.25167108,0.0,,,,,,,,,,,,,,,,,0.0,0.0,51.328125,0.8389451748143191,0.0,0.0,1.796484375,2.9363081118501166,4.7327924868501166,243598,,,0.0156632918630233,Information
142394,1582.0,2236.917149,NGA,Nigeria,Niger,0.769284949,0.0,0.39,0.85,,,,,,,,,,,,,,,,,,,,,,,,,,3.5002257283863702,15.38569898,0.0,,,,,,,,,,,,,,,,,0.0,0.0,18.28125,0.8172519938246773,0.0,0.0,0.63984375,2.8603819783863704,3.5002257283863702,55961,,,0.0007230804717588,Information
142395,1583.0,314.465817,NGA,Nigeria,Kebbi,3.673163809,0.0,0.39,0.85,,,,,,,,,,,,,,,,,,,,,,,,,,10.977736186308777,73.46327618000001,0.0,,,,,,,,,,,,,,,,,0.0,0.0,9.5625,3.040871053231079,0.0,0.0,0.3346875,10.643048686308775,10.977736186308777,19627,,,0.1887099083396426,Information
142396,1584.0,9972.026798,NGA,Nigeria,Niger,1.064951557,0.0,0.39,0.85,,,,,,,,,,,,,,,,,,,,,,,,,,0.207008690322015,21.299031140000004,0.0,,,,,,,,,,,,,,,,,0.0,0.0,2.953125,0.0296140900920043,0.0,0.0,0.103359375,0.103649315322015,0.207008690322015,983703,,,1.4194710316148192e-09,Information
142397,1585.0,3395.586366,NGA,Nigeria,Kebbi,1.818284271,0.0,0.39,0.85,,,,,,,,,,,,,,,,,,,,,,,,,,1.2426748285039872,36.36568542,0.0,,,,,,,,,,,,,,,,,0.0,0.0,9.0,0.2650499510011392,0.0,0.0,0.315,0.9276748285039872,1.2426748285039872,330737,,,4.144503973835112e-05,Information
142420,1589.0,17442.97509,NGA,Nigeria,Zamfara,2.809627541,0.0,0.39,0.85,,,,,,,,,,,,,,,,,,,,,,,,,,0.5652805865744114,56.19255082,0.0,,,,,,,,,,,,,,,,,0.0,0.0,10.265625,0.0588524890212604,0.0,0.0,0.359296875,0.2059837115744114,0.5652805865744114,2466425,,,6.799525647512726e-06,Information
142440,1591.0,12391.37101,NGA,Nigeria,Zamfara,2.778214652,0.0,0.39,0.85,,,,,,,,,,,,,,,,,,,,,,,,,,2.0367015208344283,55.56429304,0.0,,,,,,,,,,,,,,,,,0.0,0.0,32.203125,0.2598834702384081,0.0,0.0,1.127109375,0.9095921458344284,2.0367015208344283,3139702,,,0.0010256186572941,Information
142461,1593.0,1980.426208,NGA,Nigeria,Sokoto,2.967809034,0.0,0.39,0.85,,,,,,,,,,,,,,,,,,,,,,,,,,3.6920355023864864,59.35618068,0.0,,,,,,,,,,,,,,,,,0.0,0.0,17.4375,0.880492286396139,0.0,0.0,0.6103125,3.0817230023864863,3.6920355023864864,271426,,,0.0082273941639415,Information
142464,1596.0,1387.350293,NGA,Nigeria,Sokoto,0.135406663,0.0,0.39,0.85,,,,,,,,,,,,,,,,,,,,,,,,,,2.06033246658846,2.7081332600000003,0.0,,,,,,,,,,,,,,,,,0.0,0.0,7.171875,0.5169476690252741,0.0,0.0,0.251015625,1.8093168415884595,2.06033246658846,64726,,,5.790076887074742e-05,Information
142466,1598.0,8317.628919,NGA,Nigeria,Katsina,1.998012951,0.0,0.39,0.85,,,,,,,,,,,,,,,,,,,,,,,,,,1.0622490988758777,39.96025902,0.0,,,,,,,,,,,,,,,,,0.0,0.0,13.78125,0.165687242535965,0.0,0.0,0.48234375,0.5799053488758775,1.0622490988758777,1772916,,,2.734557209337171e-05,Information
142486,1608.0,12138.59651,NGA,Nigeria,Katsina,1.685580625,0.0,0.39,0.85,,,,,,,,,,,,,,,,,,,,,,,,,,0.7899413746733792,33.7116125,0.0,,,,,,,,,,,,,,,,,0.0,0.0,12.375,0.1019475356209655,0.0,0.0,0.433125,0.3568163746733792,0.7899413746733792,4379152,,,4.71577941758589e-06,Information
142510,1621.0,636.0967108,NGA,Nigeria,Kebbi,2.444174237,0.0,0.39,0.85,,,,,,,,,,,,,,,,,,,,,,,,,,2.1397501007586976,48.88348474,0.0,,,,,,,,,,,,,,,,,0.0,0.0,3.65625,0.5747946716453423,0.0,0.0,0.12796875,2.0117813507586977,2.1397501007586976,100961,,,0.0007532757195727,Information
142530,1623.0,3501.63146,NGA,Nigeria,Kebbi,3.077106532,0.0,0.39,0.85,,,,,,,,,,,,,,,,,,,,,,,,,,0.6832016309406281,61.54213064,0.0,,,,,,,,,,,,,,,,,0.0,0.0,5.0625,0.1445754659830366,0.0,0.0,0.1771875,0.5060141309406281,0.6832016309406281,244832,,,2.7825779608724866e-05,Information
142542,1625.0,8212.92769,NER,Niger,Dosso,3.037204838,0.0,0.35,0.9,,,,,,,,,,,,,,,,,,,,,,,,,,0.2182942718008059,60.744096760000005,0.0,,,,,,,,,,,,,,,,,0.0,0.0,2.8125,0.0342447919430874,0.0,0.0,0.0984375,0.1198567718008059,0.2182942718008059,546393,,,1.040161868024069e-07,Information
142544,1627.0,5806.207429,NGA,Nigeria,Sokoto,3.866598901,0.0,0.39,0.85,,,,,,,,,,,,,,,,,,,,,,,,,,0.5225529655330022,77.33197802000001,0.0,,,,,,,,,,,,,,,,,0.0,0.0,5.484375,0.0944570972951435,0.0,0.0,0.191953125,0.3305998405330022,0.5225529655330022,328532,,,8.16289613112639e-05,Information
142548,1631.0,10658.85599,NER,Niger,Tahoua,4.013311048,0.0,0.35,0.9,,,,,,,,,,,,,,,,,,,,,,,,,,0.8299377251686055,80.26622096,0.0,,,,,,,,,,,,,,,,,0.0,0.0,12.234375,0.1147813143338873,0.0,0.0,0.428203125,0.4017346001686055,0.8299377251686055,1004665,,,0.0007655157838893,Information
142549,1632.0,31535.48636,NER,Niger,Tahoua,4.022795507,0.0,0.35,0.9,,,,,,,,,,,,,,,,,,,,,,,,,,0.5769528902789981,80.45591013999999,0.0,,,,,,,,,,,,,,,,,0.0,0.0,12.515625,0.0396874329368566,0.0,0.0,0.438046875,0.1389060152789981,0.5769528902789981,1443144,,,0.0002136134147981,Information
142550,1633.0,507.8350857,BEN,Benin,Alibori,3.193707474,0.0,0.47,0.74,,,,,,,,,,,,,,,,,,,,,,,,,,7.638048099492781,63.87414948,0.0,,,,,,,,,,,,,,,,,0.0,0.0,10.546875,2.0768307069979373,0.0,0.0,0.369140625,7.268907474492781,7.638048099492781,116990,,,0.0601081196355152,Information
142590,1637.0,4452.485053,BEN,Benin,Alibori,4.011470791,0.0,0.47,0.74,,,,,,,,,,,,,,,,,,,,,,,,,,1.997011894120621,80.22941582,0.0,,,,,,,,,,,,,,,,,0.0,0.0,17.578125,0.394793576891606,0.0,0.0,0.615234375,1.381777519120621,1.997011894120621,207831,,,0.0109371595666162,Information
142621,1639.0,10304.36445,NER,Niger,Tillabéry,4.023864689,0.0,0.35,0.9,,,,,,,,,,,,,,,,,,,,,,,,,,0.4073315592353217,80.47729378,0.0,,,,,,,,,,,,,,,,,0.0,0.0,5.90625,0.0573179454958062,0.0,0.0,0.20671875,0.2006128092353216,0.4073315592353217,157851,,,5.448333986996216e-05,Information
142631,1648.0,26003.95535,NER,Niger,Tillabéry,4.050377298,0.0,0.35,0.9,,,,,,,,,,,,,,,,,,,,,,,,,,0.1908092453644965,81.00754596,0.0,,,,,,,,,,,,,,,,,0.0,0.0,3.9375,0.015141927246999,0.0,0.0,0.1378125,0.0529967453644965,0.1908092453644965,488654,,,2.107159335502726e-06,Information
142711,1704.0,28.21354904,NER,Niger,Dosso,3.917410286,0.0,0.35,0.9,,,,,,,,,,,,,,,,,,,,,,,,,,10.49657669481767,78.34820572,0.0,,,,,,,,,,,,,,,,,0.0,0.0,0.84375,2.9905844128050485,0.0,0.0,0.02953125,10.46704544481767,10.49657669481767,646,,,0.2345208492428228,Information
142717,1710.0,2994.439104,NER,Niger,Tillabéry,3.449760966,0.0,0.35,0.9,,,,,,,,,,,,,,,,,,,,,,,,,,1.431025706036658,68.99521932,0.0,,,,,,,,,,,,,,,,,0.0,0.0,9.421875,0.3146457374390451,0.0,0.0,0.329765625,1.101260081036658,1.431025706036658,260357,,,0.0010498692927813,Information
142718,1711.0,17607.24846,NER,Niger,Tillabéry,4.029757229,0.0,0.35,0.9,,,,,,,,,,,,,,,,,,,,,,,,,,0.4707518614267164,80.59514458000001,0.0,,,,,,,,,,,,,,,,,0.0,0.0,8.578125,0.0487192818362047,0.0,0.0,0.300234375,0.1705174864267164,0.4707518614267164,822493,,,0.0001000273225733,Information
142728,1720.0,2610.739606,BFA,Burkina Faso,Centre-Nord,2.581168028,0.0,0.44,0.78,,,,,,,,,,,,,,,,,,,,,,,,,,0.2615172047459391,51.62336056,0.0,,,,,,,,,,,,,,,,,0.0,0.0,1.546875,0.0592504513559826,0.0,0.0,0.054140625,0.2073765797459391,0.2615172047459391,155239,,,8.93301493382111e-08,Information
142731,1722.0,790.351651,NER,Niger,Tillabéry,4.001469585,0.0,0.35,0.9,,,,,,,,,,,,,,,,,,,,,,,,,,0.2687854803121813,80.02939169999999,0.0,,,,,,,,,,,,,,,,,0.0,0.0,0.5625,0.0711708515177661,0.0,0.0,0.0196875,0.2490979803121813,0.2687854803121813,50570,,,8.233024306227231e-06,Information
142733,1724.0,923.199402,NER,Niger,Tillabéry,3.969853939,0.0,0.35,0.9,,,,,,,,,,,,,,,,,,,,,,,,,,2.2129343169990983,79.39707878,0.0,,,,,,,,,,,,,,,,,0.0,0.0,5.34375,0.5788294477140281,0.0,0.0,0.18703125,2.0259030669990983,2.2129343169990983,86810,,,0.0128368061177118,Information
142734,1725.0,2291.979763,NER,Niger,Tillabéry,3.557203056,0.0,0.35,0.9,,,,,,,,,,,,,,,,,,,,,,,,,,0.4223394210802956,71.14406112,0.0,,,,,,,,,,,,,,,,,0.0,0.0,2.25,0.0981684060229416,0.0,0.0,0.07875,0.3435894210802956,0.4223394210802956,53330,,,1.1986262595160736e-05,Information
142735,1726.0,33.48290952,NER,Niger,Tillabéry,4.018784881,0.0,0.35,0.9,,,,,,,,,,,,,,,,,,,,,,,,,,10.324217514815308,80.37569762000001,0.0,,,,,,,,,,,,,,,,,0.0,0.0,0.984375,2.9399326828043737,0.0,0.0,0.034453125,10.289764389815309,10.324217514815308,12439,,,0.2603468787116015,Information
142736,1727.0,1575.76224,NER,Niger,Tillabéry,4.016269341,0.0,0.35,0.9,,,,,,,,,,,,,,,,,,,,,,,,,,2.856383922685395,80.32538682,0.0,,,,,,,,,,,,,,,,,0.0,0.0,11.109375,0.7050159421958272,0.0,0.0,0.388828125,2.467555797685395,2.856383922685395,103429,,,0.0268175055203021,Information
142737,1728.0,3496.212725,NER,Niger,Tillabéry,3.988220675,0.0,0.35,0.9,,,,,,,,,,,,,,,,,,,,,,,,,,1.747963955618377,79.7644135,0.0,,,,,,,,,,,,,,,,,0.0,0.0,12.9375,0.370043273033822,0.0,0.0,0.4528125,1.295151455618377,1.747963955618377,176194,,,0.0071628492814789,Information
142743,1733.0,576.330893,NER,Niger,Tillabéry,4.002996758,0.0,0.35,0.9,,,,,,,,,,,,,,,,,,,,,,,,,,0.9935423759916092,80.05993516000001,0.0,,,,,,,,,,,,,,,,,0.0,0.0,1.546875,0.2684005002833169,0.0,0.0,0.054140625,0.9394017509916092,0.9935423759916092,5226,,,0.0013534052052566,Information
142744,1734.0,5121.905831,MLI,Mali,Gao,4.025863555,0.0,0.38,0.86,,,,,,,,,,,,,,,,,,,,,,,,,,0.5085967304526885,80.5172711,0.0,,,,,,,,,,,,,,,,,0.0,0.0,4.921875,0.096094601557911,0.0,0.0,0.172265625,0.3363311054526885,0.5085967304526885,26732,,,0.000133369682721,Information
142748,1738.0,8883.865218,BFA,Burkina Faso,Sahel,3.89593383,0.0,0.44,0.78,,,,,,,,,,,,,,,,,,,,,,,,,,1.1612948220434045,77.9186766,0.0,,,,,,,,,,,,,,,,,0.0,0.0,15.609375,0.1757047705838298,0.0,0.0,0.546328125,0.6149666970434043,1.1612948220434045,341894,,,0.0016137478303099,Information
142882,1777.0,1684.907771,MLI,Mali,Sikasso,0.055815703,0.0,0.38,0.86,,,,,,,,,,,,,,,,,,,,,,,,,,0.6826682912563937,1.11631406,0.0,,,,,,,,,,,,,,,,,0.0,0.0,2.8125,0.1669230832161125,0.0,0.0,0.0984375,0.5842307912563938,0.6826682912563937,76076,,,3.25077338514004e-07,Information
142910,1794.0,521.1665375,MLI,Mali,Mopti,4.097977359,0.0,0.38,0.86,,,,,,,,,,,,,,,,,,,,,,,,,,0.7948916567788714,81.95954717999999,0.0,,,,,,,,,,,,,,,,,0.0,0.0,1.125,0.2158619019368204,0.0,0.0,0.039375,0.7555166567788714,0.7948916567788714,20446,,,0.0008976281940657,Information
142965,1803.0,1113.245174,GIN,Guinea,Kankan,4.023358701,0.0,0.39,0.85,,,,,,,,,,,,,,,,,,,,,,,,,,0.2456691700416793,80.46717402,0.0,,,,,,,,,,,,,,,,,0.0,0.0,0.703125,0.0631599414404798,0.0,0.0,0.024609375,0.2210597950416793,0.2456691700416793,6730,,,6.0475674849526754e-06,Information
142967,1805.0,1778.958842,GIN,Guinea,Kankan,4.008919313,0.0,0.39,0.85,,,,,,,,,,,,,,,,,,,,,,,,,,1.4665068552830745,80.17838626,0.0,,,,,,,,,,,,,,,,,0.0,0.0,6.328125,0.355720708652307,0.0,0.0,0.221484375,1.2450224802830745,1.4665068552830745,10081,,,0.004608621261114,Information
142987,1815.0,6078.538338,GIN,Guinea,Faranah,2.729581772,0.0,0.39,0.85,,,,,,,,,,,,,,,,,,,,,,,,,,0.130190107362673,54.59163544,0.0,,,,,,,,,,,,,,,,,0.0,0.0,1.40625,0.0231346735321923,0.0,0.0,0.04921875,0.080971357362673,0.130190107362673,75656,,,2.3928714203501397e-09,Information
143010,16046.0,25648.83623,NGA,Nigeria,Delta,4.068311239,2.760915083,0.39,0.85,,,,,,,,,,,,,,,,,,,,,,,,,,24.23019051070376,81.36622478,55.21830166,3.0,,,,,,,,,,,,,,,,0.0,0.0,498.09375,1.9419740744867864,0.0,0.0,17.43328125,6.796909260703752,24.23019051070376,8916947,60765.0,0.6814552110716818,0.6035796425478135,Watch
143020,1819.0,14131.51549,NGA,Nigeria,Ondo,1.15735983,0.0,0.39,0.85,,,,,,,,,,,,,,,,,,,,,,,,,,0.1849051974399959,23.1471966,0.0,,,,,,,,,,,,,,,,,0.0,0.0,3.09375,0.0218925564114274,0.0,0.0,0.10828125,0.0766239474399959,0.1849051974399959,4954133,,,8.207933398041202e-10,Information
143041,1821.0,699.5167636,NGA,Nigeria,Lagos,2.610142992,0.0,0.39,0.85,,,,,,,,,,,,,,,,,,,,,,,,,,15.508287267758254,52.20285984,0.0,,,,,,,,,,,,,,,,,0.0,0.0,28.96875,4.141251719359501,0.0,0.0,1.01390625,14.494381017758254,15.508287267758254,6355762,,,0.1301692835677498,Information
143042,1822.0,22214.93573,NGA,Nigeria,Oyo,2.494775457,0.0,0.39,0.85,,,,,,,,,,,,,,,,,,,,,,,,,,1.0349295566392844,49.89550914,0.0,,,,,,,,,,,,,,,,,0.0,0.0,20.390625,0.0917879090397956,0.0,0.0,0.713671875,0.3212576816392846,1.0349295566392844,6195928,,,5.227607754187773e-05,Information
143043,1823.0,1431.918564,NGA,Nigeria,Ogun,1.694727517,0.0,0.39,0.85,,,,,,,,,,,,,,,,,,,,,,,,,,5.501225129229312,33.89455034,0.0,,,,,,,,,,,,,,,,,0.0,0.0,19.6875,1.3749036083512318,0.0,0.0,0.6890625,4.812162629229311,5.501225129229312,1330663,,,0.0064543110753768,Information
143046,1826.0,9307.44807,NGA,Nigeria,Ogun,3.66973944,0.0,0.39,0.85,,,,,,,,,,,,,,,,,,,,,,,,,,4.022731583475316,73.3947888,0.0,,,,,,,,,,,,,,,,,0.0,0.0,55.40625,0.5952893809929475,0.0,0.0,1.93921875,2.083512833475316,4.022731583475316,2377029,,,0.0294361383360334,Information
143047,1827.0,2693.288975,NGA,Nigeria,Ogun,4.012868392,0.0,0.39,0.85,,,,,,,,,,,,,,,,,,,,,,,,,,0.1623752504096229,80.25736784,0.0,,,,,,,,,,,,,,,,,0.0,0.0,0.984375,0.0365491786884637,0.0,0.0,0.034453125,0.1279221254096229,0.1623752504096229,765191,,,7.908535684755686e-07,Information
143049,1829.0,4644.184309,NGA,Nigeria,Osun,1.072540369,0.0,0.39,0.85,,,,,,,,,,,,,,,,,,,,,,,,,,0.5431932487280425,21.45080738,0.0,,,,,,,,,,,,,,,,,0.0,0.0,4.921875,0.105979321065155,0.0,0.0,0.172265625,0.3709276237280425,0.5431932487280425,3533875,,,3.279007875411735e-07,Information
143050,1830.0,213.6379946,NGA,Nigeria,Lagos,0.409617705,0.0,0.39,0.85,,,,,,,,,,,,,,,,,,,,,,,,,,36.49625,8.1923541,0.0,,,,,,,,,,,,,,,,,0.0,0.0,42.75,20.010485536173828,0.0,0.0,1.49625,35.0,36.49625,676368,,,0.1781375472497064,Advisory
143061,1831.0,3592.82249,BEN,Benin,Atlantique,2.841641586,0.0,0.47,0.74,,,,,,,,,,,,,,,,,,,,,,,,,,8.975352265744581,56.83283172,0.0,,,,,,,,,,,,,,,,,0.0,0.0,67.78125,1.8865738616413088,0.0,0.0,2.37234375,6.60300851574458,8.975352265744581,2793044,,,0.0581380239840439,Information
143062,1832.0,7350.313126,NGA,Nigeria,Ogun,1.21618516,0.0,0.39,0.85,,,,,,,,,,,,,,,,,,,,,,,,,,5.367524455096383,24.3237032,0.0,,,,,,,,,,,,,,,,,0.0,0.0,64.96875,0.8838909157418239,0.0,0.0,2.27390625,3.093618205096384,5.367524455096383,7943253,,,0.0040713089274335,Information
144102,1844.0,3317.031952,GHA,Ghana,Volta,3.533469151,0.0,0.53,0.65,,,,,,,,,,,,,,,,,,,,,,,,,,1.9364863600777635,70.66938302,0.0,,,,,,,,,,,,,,,,,0.0,0.0,13.78125,0.4154693171650753,0.0,0.0,0.48234375,1.4541426100777637,1.9364863600777635,496619,,,0.0032863070336395,Information
144107,1849.0,1146.332447,GHA,Ghana,Volta,2.526827405,0.0,0.53,0.65,,,,,,,,,,,,,,,,,,,,,,,,,,5.264348981541349,50.536548100000005,0.0,,,,,,,,,,,,,,,,,0.0,0.0,15.46875,1.349412209011814,0.0,0.0,0.54140625,4.722942731541349,5.264348981541349,105518,,,0.0125364868851294,Information
144108,1850.0,4458.52209,GHA,Ghana,Volta,3.137955124,0.0,0.53,0.65,,,,,,,,,,,,,,,,,,,,,,,,,,3.319914467303878,62.75910248,0.0,,,,,,,,,,,,,,,,,0.0,0.0,29.25,0.6560469906582508,0.0,0.0,1.02375,2.296164467303878,3.319914467303878,275441,,,0.0078144426165247,Information
144109,1851.0,1721.500218,GHA,Ghana,Brong Ahafo,4.00626953,0.0,0.53,0.65,,,,,,,,,,,,,,,,,,,,,,,,,,14.980083040505043,80.1253906,0.0,,,,,,,,,,,,,,,,,0.0,0.0,62.859375,3.651429975858584,0.0,0.0,2.200078125,12.780004915505044,14.980083040505043,25133,,,0.3886951722349142,Advisory
144304,1864.0,8652.358837,GHA,Ghana,Northern,2.800611166,0.0,0.53,0.65,,,,,,,,,,,,,,,,,,,,,,,,,,1.8568117165272056,56.01222332,0.0,,,,,,,,,,,,,,,,,0.0,0.0,24.609375,0.2844238832934873,0.0,0.0,0.861328125,0.9954835915272054,1.8568117165272056,617886,,,0.0007752791004803,Information
144305,1865.0,35.49018663,GHA,Ghana,Northern,4.352921611,0.0,0.53,0.65,,,,,,,,,,,,,,,,,,,,,,,,,,9.742242310367908,87.05843222,0.0,,,,,,,,,,,,,,,,,0.0,0.0,0.984375,2.773654052962259,0.0,0.0,0.034453125,9.707789185367908,9.742242310367908,2655,,,0.388215485645314,Advisory
144307,1867.0,3013.508733,GHA,Ghana,Northern,3.411930202,0.0,0.53,0.65,,,,,,,,,,,,,,,,,,,,,,,,,,6.163828281323655,68.23860404,0.0,,,,,,,,,,,,,,,,,0.0,0.0,40.78125,1.3532812946639012,0.0,0.0,1.42734375,4.736484531323654,6.163828281323655,142045,,,0.0505490159734198,Information
144308,1868.0,6064.097484,GHA,Ghana,Northern,1.332713963,0.0,0.53,0.65,,,,,,,,,,,,,,,,,,,,,,,,,,3.2726115441556134,26.65427926,0.0,,,,,,,,,,,,,,,,,0.0,0.0,35.296875,0.5820631197587467,0.0,0.0,1.235390625,2.037220919155613,3.2726115441556134,568961,,,0.0009367174153891,Information
144309,1869.0,465.9147465,GHA,Ghana,Northern,3.284359353,0.0,0.53,0.65,,,,,,,,,,,,,,,,,,,,,,,,,,23.217775679182,65.68718706,0.0,,,,,,,,,,,,,,,,,0.0,0.0,29.53125,6.338337694051999,0.0,0.0,1.03359375,22.184181929182,23.217775679182,9050,,,0.3480462184296031,Information
144494,1881.0,2735.002352,BFA,Burkina Faso,Plateau-Central,1.688647377,0.0,0.44,0.78,,,,,,,,,,,,,,,,,,,,,,,,,,0.43543717734506,33.77294754,0.0,,,,,,,,,,,,,,,,,0.0,0.0,2.671875,0.0976918720985886,0.0,0.0,0.093515625,0.34192155234506,0.43543717734506,491493,,,2.523810871005275e-07,Information
144495,1882.0,3992.086752,BFA,Burkina Faso,Plateau-Central,2.245666393,0.0,0.44,0.78,,,,,,,,,,,,,,,,,,,,,,,,,,0.1207566728478019,44.91332786,0.0,,,,,,,,,,,,,,,,,0.0,0.0,0.984375,0.0246581565279434,0.0,0.0,0.034453125,0.0863035478478019,0.1207566728478019,405325,,,4.59478589169353e-10,Information
144808,1913.0,2350.660777,BFA,Burkina Faso,Nord,2.597932422,0.0,0.44,0.78,,,,,,,,,,,,,,,,,,,,,,,,,,0.2844615012877225,51.95864844,0.0,,,,,,,,,,,,,,,,,0.0,0.0,1.546875,0.065805964653635,0.0,0.0,0.054140625,0.2303208762877225,0.2844615012877225,149306,,,1.4547298081889798e-07,Information
145808,1993.0,4701.340701,SEN,Senegal,Kédougou,2.606686693,0.0,0.48,0.72,,,,,,,,,,,,,,,,,,,,,,,,,,0.2462554096289577,52.13373386,0.0,,,,,,,,,,,,,,,,,0.0,0.0,2.25,0.0478586884654165,0.0,0.0,0.07875,0.1675054096289577,0.2462554096289577,15254,,,6.82873473342069e-08,Information
151137,2087.0,350.1883427,MRT,Mauritania,Trarza,4.396176139,0.0,0.4,0.83,,,,,,,,,,,,,,,,,,,,,,,,,,1.4547124230300583,87.92352277999998,0.0,,,,,,,,,,,,,,,,,0.0,0.0,1.40625,0.401569620865731,0.0,0.0,0.04921875,1.4054936730300585,1.4547124230300583,664,,,0.0171532216737301,Information
151503,2160.0,2898.49446,MAR,Morocco,Souss - Massa - Draâ,1.597030415,0.0,0.55,0.63,,,,,,,,,,,,,,,,,,,,,,,,,,0.2190267337007438,31.9406083,0.0,,,,,,,,,,,,,,,,,0.0,0.0,1.40625,0.0485165667716411,0.0,0.0,0.04921875,0.1698079837007438,0.2190267337007438,190326,,,4.7634858060230176e-09,Information
151505,2162.0,84.12561907,MAR,Morocco,Souss - Massa - Draâ,0.0,4.00154481,0.55,0.63,,,,,,,,,,,,,,,,,,,,,,,,,,3.539906606221198,0.0,80.0308962,,,,,,,,,,,,,,,,,0.0,0.0,0.84375,1.0029643874917709,0.0,0.0,0.02953125,3.510375356221198,3.539906606221198,4773,,,0.0418074623024904,Information
151803,2180.0,2186.043139,MAR,Morocco,Gharb - Chrarda - Béni Hssen,4.138665478,0.0,0.55,0.63,,,,,,,,,,,,,,,,,,,,,,,,,,0.7133586158667069,82.77330956,0.0,,,,,,,,,,,,,,,,,0.0,0.0,3.65625,0.1672542473904877,0.0,0.0,0.12796875,0.5853898658667069,0.7133586158667069,442555,,,0.0007256957729003,Information
151806,2183.0,1929.275934,MAR,Morocco,Meknès - Tafilalet,0.952863887,0.0,0.55,0.63,,,,,,,,,,,,,,,,,,,,,,,,,,2.160770618949227,19.05727774,0.0,,,,,,,,,,,,,,,,,0.0,0.0,9.984375,0.5175192839854934,0.0,0.0,0.349453125,1.811317493949227,2.160770618949227,267391,,,0.0001454470896117,Information
151809,2186.0,7408.326787,MAR,Morocco,Fès - Boulemane,0.68652182,0.0,0.55,0.63,,,,,,,,,,,,,,,,,,,,,,,,,,1.94301771852073,13.7304364,0.0,,,,,,,,,,,,,,,,,0.0,0.0,23.625,0.3188979195773514,0.0,0.0,0.826875,1.11614271852073,1.94301771852073,1748881,,,7.434878468185046e-05,Information
153030,2198.0,1681.835585,DZA,Algeria,Tlemcen,0.15546659,0.0,0.53,0.65,,,,,,,,,,,,,,,,,,,,,,,,,,0.4102412985893127,3.1093318,0.0,,,,,,,,,,,,,,,,,0.0,0.0,1.6875,0.1003367995969465,0.0,0.0,0.0590625,0.3511787985893127,0.4102412985893127,11277,,,2.3198508284407922e-08,Information
153031,2199.0,44.4457801,MAR,Morocco,Oriental,4.147696631,4.006587089,0.55,0.63,,,,,,,,,,,,,,,,,,,,,,,,,,3.336931411630111,82.95393261999999,80.13174178,,,,,,,,,,,,,,,,,0.0,0.0,0.421875,0.9491902247514604,0.0,0.0,0.014765625,3.322165786630112,3.336931411630111,17157,,,0.0514591003465954,Information
153034,2202.0,7828.769756,DZA,Algeria,Tlemcen,1.449604852,0.0,0.53,0.65,,,,,,,,,,,,,,,,,,,,,,,,,,0.7621971987777736,28.99209704,0.0,,,,,,,,,,,,,,,,,0.0,0.0,9.5625,0.122145628222221,0.0,0.0,0.3346875,0.4275096987777735,0.7621971987777736,1552537,,,2.88917855695768e-06,Information
153039,2207.0,256.7652539,DZA,Algeria,Mostaganem,0.536065608,1.176742868,0.53,0.65,,,,,,,,,,,,,,,,,,,,,,,,,,3.932192204204296,10.72131216,23.53485736,,,,,,,,,,,,,,,,,0.0,0.0,2.8125,1.0953584869155126,0.0,0.0,0.0984375,3.8337547042042943,3.932192204204296,331341,,,0.0015004881553231,Information
153044,2211.0,3629.438985,DZA,Algeria,Djelfa,0.092073241,0.0,0.53,0.65,,,,,,,,,,,,,,,,,,,,,,,,,,1.848285514263081,1.84146482,0.0,,,,,,,,,,,,,,,,,0.0,0.0,14.0625,0.3874565755037374,0.0,0.0,0.4921875,1.356098014263081,1.848285514263081,305366,,,3.5587198531596426e-05,Information
153045,2212.0,681.9114661,DZA,Algeria,Médéa,2.413594873,0.0,0.53,0.65,,,,,,,,,,,,,,,,,,,,,,,,,,0.4625969992601286,48.271897460000005,0.0,,,,,,,,,,,,,,,,,0.0,0.0,0.84375,0.1237330712171796,0.0,0.0,0.02953125,0.4330657492601286,0.4625969992601286,14691,,,1.1973252853325285e-06,Information
153046,2213.0,3296.829768,DZA,Algeria,Tiaret,2.201725404,0.0,0.53,0.65,,,,,,,,,,,,,,,,,,,,,,,,,,1.627781161577004,44.03450808,0.0,,,,,,,,,,,,,,,,,0.0,0.0,11.53125,0.349767831879144,0.0,0.0,0.40359375,1.224187411577004,1.627781161577004,644825,,,0.0002019537488995,Information
153048,2215.0,3103.436752,DZA,Algeria,Tiaret,1.590800004,0.0,0.53,0.65,,,,,,,,,,,,,,,,,,,,,,,,,,0.1246878533369689,31.81600008,0.0,,,,,,,,,,,,,,,,,0.0,0.0,0.84375,0.0271876009534197,0.0,0.0,0.02953125,0.0951566033369689,0.1246878533369689,136564,,,1.4488822042720729e-10,Information
153052,2219.0,4142.260133,DZA,Algeria,Médéa,2.113467231,0.050203466,0.53,0.65,,,,,,,,,,,,,,,,,,,,,,,,,,1.243494165531577,42.26934462,1.0040693200000002,,,,,,,,,,,,,,,,,0.0,0.0,10.40625,0.2512215472947363,0.0,0.0,0.36421875,0.879275415531577,1.243494165531577,828497,,,6.205483666741932e-05,Information
154606,2280.0,4754.939616,DZA,Algeria,Tiaret,1.620818767,0.0,0.53,0.65,,,,,,,,,,,,,,,,,,,,,,,,,,4.413883365590285,32.41637534,0.0,,,,,,,,,,,,,,,,,0.0,0.0,40.640625,0.8547032830257958,0.0,0.0,1.422421875,2.991461490590285,4.413883365590285,71487,,,0.0031800856814096,Information
154720,2282.0,28722.83161,DZA,Algeria,El Bayadh,0.221769586,0.0,0.53,0.65,,,,,,,,,,,,,,,,,,,,,,,,,,0.1128026641030324,4.43539172,0.0,,,,,,,,,,,,,,,,,0.0,0.0,2.390625,0.0083230826008664,0.0,0.0,0.083671875,0.0291307891030324,0.1128026641030324,171405,,,7.815472010177744e-12,Information
154730,2283.0,20277.73425,DZA,Algeria,El Bayadh,3.156987367,0.0,0.53,0.65,,,,,,,,,,,,,,,,,,,,,,,,,,0.6687686676582776,63.13974734,0.0,,,,,,,,,,,,,,,,,0.0,0.0,12.796875,0.0631080121880793,0.0,0.0,0.447890625,0.2208780426582775,0.6687686676582776,114142,,,3.043005630865504e-05,Information
154780,2288.0,14848.86048,DZA,Algeria,Ghardaïa,0.021933144,0.0,0.53,0.65,,,,,,,,,,,,,,,,,,,,,,,,,,0.3788800713405995,0.43866288,0.0,,,,,,,,,,,,,,,,,0.0,0.0,6.46875,0.043563948954457,0.0,0.0,0.22640625,0.1524738213405995,0.3788800713405995,264773,,,1.2641588394352928e-08,Information
154814,2293.0,16325.86263,DZA,Algeria,El Oued,2.589845521,0.0,0.53,0.65,,,,,,,,,,,,,,,,,,,,,,,,,,3.2540251816203765,51.79691042,0.0,,,,,,,,,,,,,,,,,0.0,0.0,57.65625,0.3531589804629647,0.0,0.0,2.01796875,1.2360564316203764,3.2540251816203765,595608,,,0.003513833545617,Information
154817,2296.0,17797.15896,DZA,Algeria,Biskra,2.114888864,0.0,0.53,0.65,,,,,,,,,,,,,,,,,,,,,,,,,,0.4458700537145449,42.297777280000005,0.0,,,,,,,,,,,,,,,,,0.0,0.0,8.15625,0.0458289439184414,0.0,0.0,0.28546875,0.1604013037145449,0.4458700537145449,1312854,,,5.780308011512564e-07,Information
154819,2298.0,11384.69866,DZA,Algeria,Laghouat,2.294398766,0.0,0.53,0.65,,,,,,,,,,,,,,,,,,,,,,,,,,0.6194225012597181,45.88797532,0.0,,,,,,,,,,,,,,,,,0.0,0.0,9.421875,0.0827591075027766,0.0,0.0,0.329765625,0.2896568762597181,0.6194225012597181,381025,,,3.910538952458947e-06,Information
156002,2613.0,30772.11359,LBY,Libya,Al Jabal al Gharbi,2.307530554,3.073350597,0.52,0.67,,,,,,,,,,,,,,,,,,,,,,,,,,0.3325880604684774,46.15061108,61.467011940000006,,,,,,,,,,,,,,,,,0.0,0.0,7.171875,0.0233064101338507,0.0,0.0,0.251015625,0.0815724354684774,0.3325880604684774,11084,,,1.005253451411766e-06,Information
156003,2614.0,31363.23067,LBY,Libya,Misratah,1.950941941,2.097309878,0.52,0.67,,,,,,,,,,,,,,,,,,,,,,,,,,1.2463082453279777,39.01883882,41.94619756,,,,,,,,,,,,,,,,,0.0,0.0,27.0,0.0860880700937079,0.0,0.0,0.945,0.3013082453279777,1.2463082453279777,312961,,,6.122103624940188e-05,Information
156007,2618.0,367.2281311,LBY,Libya,Misratah,4.0963248,4.380755095,0.52,0.67,,,,,,,,,,,,,,,,,,,,,,,,,,3.612689531654385,81.92649599999999,87.61510189999998,,,,,,,,,,,,,,,,,0.0,0.0,3.65625,0.99563450904411,0.0,0.0,0.12796875,3.484720781654385,3.612689531654385,0,,,0.1089698134313501,Information
156030,2621.0,190.2936644,TUN,Tunisia,Médenine,0.686101202,1.540308161,0.58,0.58,,,,,,,,,,,,,,,,,,,,,,,,,,30.046770620632447,13.72202404,30.80616322,,,,,,,,,,,,,,,,,0.0,0.0,16.03125,8.424479105894985,0.0,0.0,0.56109375,29.48567687063245,30.046770620632447,34056,,,0.2020963701186893,Information
156040,2622.0,16951.14294,LBY,Libya,Nalut,2.072305548,1.153590973,0.52,0.67,,,,,,,,,,,,,,,,,,,,,,,,,,2.238075918337307,41.44611096,23.07181946,,,,,,,,,,,,,,,,,0.0,0.0,40.21875,0.2372627623820876,0.0,0.0,1.40765625,0.8304196683373066,2.238075918337307,274418,,,0.0005486145367312,Information
156050,2623.0,17666.46545,LBY,Libya,Tripoli,4.017302217,1.133590952,0.52,0.67,,,,,,,,,,,,,,,,,,,,,,,,,,7.5151768702060835,80.34604434,22.671819040000003,,,,,,,,,,,,,,,,,0.0,0.0,137.109375,0.7760996414874526,0.0,0.0,4.798828125,2.716348745206084,7.5151768702060835,3667183,,,0.1681870860565429,Information
156070,2625.0,3185.187227,LBY,Libya,Surt,3.456622688,0.0,0.52,0.67,,,,,,,,,,,,,,,,,,,,,,,,,,0.3667367403105311,69.13245376,0.0,,,,,,,,,,,,,,,,,0.0,0.0,2.53125,0.0794694258030089,0.0,0.0,0.08859375,0.2781429903105312,0.3667367403105311,13515,,,4.650504022901234e-06,Information
156091,2627.0,12338.85238,LBY,Libya,Surt,3.260620592,2.476314661,0.52,0.67,,,,,,,,,,,,,,,,,,,,,,,,,,2.9851178171100807,65.21241184,49.52629322,,,,,,,,,,,,,,,,,0.0,0.0,47.109375,0.3817970548885945,0.0,0.0,1.648828125,1.3362896921100806,2.9851178171100807,61843,,,0.0070320611202086,Information
156093,16050.0,12591.1711,LBY,Libya,Al Wahat,4.036413667,1.125603481,0.52,0.67,,,,,,,,,,,,,,,,,,,,,,,,,,2.587443167978849,80.72827333999999,22.51206962,,,,,,,,,,,,,,,,,0.0,0.0,41.203125,0.3272382265653855,0.0,0.0,1.442109375,1.1453337929788492,2.587443167978849,163815,,,0.0223232989562667,Information
156095,2630.0,27762.81279,LBY,Libya,Darnah,3.338232625,0.434316964,0.52,0.67,,,,,,,,,,,,,,,,,,,,,,,,,,10.109004691262587,66.7646525,8.68633928,,,,,,,,,,,,,,,,,0.0,0.0,212.34375,0.7648495546464534,0.0,0.0,7.43203125,2.676973441262587,10.109004691262587,1717639,,,0.1169863696251372,Information
156097,16051.0,7138.555071,EGY,Egypt,Matrouh,4.144467125,0.0,0.55,0.63,,,,,,,,,,,,,,,,,,,,,,,,,,4.667577799314514,82.8893425,0.0,,,,,,,,,,,,,,,,,0.0,0.0,55.546875,0.7781249069470039,0.0,0.0,1.944140625,2.7234371743145136,4.667577799314514,241497,,,0.096961454963751,Information
156099,16052.0,8588.686276,EGY,Egypt,Matrouh,0.459383075,0.0,0.55,0.63,,,,,,,,,,,,,,,,,,,,,,,,,,1.2996079788502304,9.1876615,0.0,,,,,,,,,,,,,,,,,0.0,0.0,17.15625,0.1997540653857801,0.0,0.0,0.60046875,0.6991392288502304,1.2996079788502304,47799,,,1.0845533857510137e-05,Information
157402,2679.0,11214.91711,LBY,Libya,Wadi ash Shati',1.227098104,0.0,0.52,0.67,,,,,,,,,,,,,,,,,,,,,,,,,,23.155365268668422,24.54196208,0.0,,,,,,,,,,,,,,,,,0.0,0.0,349.734375,3.118474898190978,0.0,0.0,12.240703125,10.914662143668425,23.155365268668422,741,,,0.118731816759638,Information
157407,2684.0,12711.4561,LBY,Libya,Al Jufrah,0.737343545,0.0,0.52,0.67,,,,,,,,,,,,,,,,,,,,,,,,,,0.2462284823289847,14.7468709,0.0,,,,,,,,,,,,,,,,,0.0,0.0,3.9375,0.0309759949511385,0.0,0.0,0.1378125,0.1084159823289847,0.2462284823289847,5641,,,2.500780446658033e-09,Information
157408,2685.0,2421.975042,LBY,Libya,Al Jufrah,4.107983918,0.0,0.52,0.67,,,,,,,,,,,,,,,,,,,,,,,,,,6.134198736473548,82.15967836000002,0.0,,,,,,,,,,,,,,,,,0.0,0.0,34.171875,1.4109094604210135,0.0,0.0,1.196015625,4.938183111473547,6.134198736473548,19,,,0.1428546228841952,Information
157520,2687.0,16645.30922,LBY,Libya,Al Jufrah,1.328802186,0.0,0.52,0.67,,,,,,,,,,,,,,,,,,,,,,,,,,0.2521212521109485,26.57604372,0.0,,,,,,,,,,,,,,,,,0.0,0.0,4.5,0.027034643460271,0.0,0.0,0.1575,0.0946212521109484,0.2521212521109485,557,,,6.971170681288238e-09,Information
157590,2694.0,16879.82903,LBY,Libya,Al Wahat,1.334308207,0.0,0.52,0.67,,,,,,,,,,,,,,,,,,,,,,,,,,0.10972790162759,26.68616414,0.0,,,,,,,,,,,,,,,,,0.0,0.0,1.96875,0.0116633290364543,0.0,0.0,0.06890625,0.04082165162759,0.10972790162759,39839,,,3.897586280222024e-11,Information
157629,2705.0,11507.00885,LBY,Libya,Murzuq,2.051426435,0.0,0.52,0.67,,,,,,,,,,,,,,,,,,,,,,,,,,0.5427504075521203,41.0285287,0.0,,,,,,,,,,,,,,,,,0.0,0.0,8.296875,0.0721027950148915,0.0,0.0,0.290390625,0.2523597825521202,0.5427504075521203,1446,,,1.3783655763295412e-06,Information
157640,2707.0,27257.35436,LBY,Libya,Murzuq,4.039497066,0.0,0.52,0.67,,,,,,,,,,,,,,,,,,,,,,,,,,1.0024094689149283,80.78994132,0.0,,,,,,,,,,,,,,,,,0.0,0.0,20.953125,0.0768714554042652,0.0,0.0,0.733359375,0.2690500939149282,1.0024094689149283,5824,,,0.0015733698455956,Information
157660,2709.0,10157.00869,LBY,Libya,Murzuq,2.033359912,0.0,0.52,0.67,,,,,,,,,,,,,,,,,,,,,,,,,,9.98255552770506,40.66719824,0.0,,,,,,,,,,,,,,,,,0.0,0.0,143.71875,1.4149712222014452,0.0,0.0,5.03015625,4.952399277705059,9.98255552770506,21,,,0.0373482723798682,Information
157670,2710.0,17958.67496,LBY,Libya,Murzuq,4.004326437,0.0,0.52,0.67,,,,,,,,,,,,,,,,,,,,,,,,,,4.283361045472365,80.08652873999999,0.0,,,,,,,,,,,,,,,,,0.0,0.0,78.609375,0.4377236915635327,0.0,0.0,2.751328125,1.5320329204723644,4.283361045472365,134,,,0.0621884845277927,Information
157690,2712.0,22818.47653,TCD,Chad,Tibesti,3.263414811,0.0,0.32,0.94,,,,,,,,,,,,,,,,,,,,,,,,,,0.3327056752013837,65.26829622,0.0,,,,,,,,,,,,,,,,,0.0,0.0,6.609375,0.0289650143432525,0.0,0.0,0.231328125,0.1013775502013837,0.3327056752013837,9521,,,1.6746269536860148e-06,Information
158650,2805.0,28654.40401,EGY,Egypt,Matrouh,0.010599425,0.0,0.55,0.63,,,,,,,,,,,,,,,,,,,,,,,,,,2.217607329083538,0.2119885,0.0,,,,,,,,,,,,,,,,,0.0,0.0,46.96875,0.163914594023868,0.0,0.0,1.64390625,0.573701079083538,2.217607329083538,28546,,,7.043969914994549e-05,Information
158902,2828.0,16477.27504,EGY,Egypt,Matrouh,0.048308268,0.0,0.55,0.63,,,,,,,,,,,,,,,,,,,,,,,,,,0.2768130240929602,0.96616536,0.0,,,,,,,,,,,,,,,,,0.0,0.0,4.921875,0.0298706854551315,0.0,0.0,0.172265625,0.1045473990929602,0.2768130240929602,0,,,2.0528875579684467e-09,Information
159012,2832.0,35289.28873,SDN,Sudan,North Darfur,2.008598261,0.0,0.28,1.0,,,,,,,,,,,,,,,,,,,,,,,,,,1.1938368471601124,40.17196522,0.0,,,,,,,,,,,,,,,,,0.0,0.0,26.578125,0.0753149920457464,0.0,0.0,0.930234375,0.2636024721601124,1.1938368471601124,221055,,,4.5333050870057706e-05,Information
159019,2839.0,31367.61449,SDN,Sudan,North Darfur,2.832873013,0.0,0.28,1.0,,,,,,,,,,,,,,,,,,,,,,,,,,1.025573174107227,56.65746026,0.0,,,,,,,,,,,,,,,,,0.0,0.0,22.21875,0.0708334068877791,0.0,0.0,0.77765625,0.2479169241072268,1.025573174107227,455704,,,9.059904713847828e-05,Information
161220,2881.0,13185.98467,NER,Niger,Agadez,3.67341867,0.0,0.35,0.9,,,,,,,,,,,,,,,,,,,,,,,,,,0.2855995360624374,73.4683734,0.0,,,,,,,,,,,,,,,,,0.0,0.0,4.640625,0.0351936174464107,0.0,0.0,0.162421875,0.1231776610624374,0.2855995360624374,43027,,,2.928287037831438e-06,Information
161524,2908.0,40801.26288,TCD,Chad,Borkou,4.00427139,0.0,0.32,0.94,,,,,,,,,,,,,,,,,,,,,,,,,,8.861347662568745,80.0854278,0.0,,,,,,,,,,,,,,,,,0.0,0.0,203.34375,0.4983761178767844,0.0,0.0,7.11703125,1.7443164125687454,8.861347662568745,12609,,,0.2090411108243685,Information
161529,2913.0,16011.57242,TCD,Chad,Tibesti,3.846963722,0.0,0.32,0.94,,,,,,,,,,,,,,,,,,,,,,,,,,0.9115238860407346,76.93927443999999,0.0,,,,,,,,,,,,,,,,,0.0,0.0,16.03125,0.1001228960116385,0.0,0.0,0.56109375,0.3504301360407347,0.9115238860407346,13778,,,0.0006172895303519,Information
161612,2963.0,11768.75084,TCD,Chad,Borkou,3.417801236,0.0,0.32,0.94,,,,,,,,,,,,,,,,,,,,,,,,,,0.5371378193638869,68.35602472,0.0,,,,,,,,,,,,,,,,,0.0,0.0,8.296875,0.070499198389682,0.0,0.0,0.290390625,0.2467471943638869,0.5371378193638869,1197,,,2.2903749402056345e-05,Information
161680,2977.0,4381.876194,TCD,Chad,Ennedi Ouest,4.090449555,0.0,0.32,0.94,,,,,,,,,,,,,,,,,,,,,,,,,,0.3392386432096361,81.8089911,0.0,,,,,,,,,,,,,,,,,0.0,0.0,2.953125,0.0673940766313246,0.0,0.0,0.103359375,0.2358792682096361,0.3392386432096361,8502,,,3.417192237849418e-05,Information
161740,2984.0,14970.69552,TCD,Chad,Ennedi Ouest,4.61118259,0.0,0.32,0.94,,,,,,,,,,,,,,,,,,,,,,,,,,0.1395623143508097,92.2236518,0.0,,,,,,,,,,,,,,,,,0.0,0.0,2.390625,0.0159686969573742,0.0,0.0,0.083671875,0.0558904393508097,0.1395623143508097,2219,,,2.9058223355739403e-05,Information
162011,2989.0,529.5209793,TCD,Chad,Batha,4.304836718,0.0,0.32,0.94,,,,,,,,,,,,,,,,,,,,,,,,,,29.263563563611857,86.09673436,0.0,3.0,,,,,,,,,,,,,,,,0.0,0.0,42.046875,7.940549411031959,0.0,0.0,1.471640625,27.79192293861185,29.263563563611857,7945,110.0,1.3845185651353054,0.7716281315680237,Watch
162013,2991.0,416.3906578,TCD,Chad,Batha,1.099853013,0.0,0.32,0.94,,,,,,,,,,,,,,,,,,,,,,,,,,35.95255121190673,21.99706026,0.0,,,,,,,,,,,,,,,,,0.0,0.0,41.0625,9.861532489116208,0.0,0.0,1.4371875,34.51536371190673,35.95255121190673,6535,,,0.2193038500658174,Advisory
162015,2993.0,414.7635361,TCD,Chad,Batha,4.185480006,0.0,0.32,0.94,,,,,,,,,,,,,,,,,,,,,,,,,,5.314322191225561,83.70960011999999,0.0,,,,,,,,,,,,,,,,,0.0,0.0,6.046875,1.4579090189215889,0.0,0.0,0.211640625,5.102681566225561,5.314322191225561,10969,,,0.1313205575537798,Information
162018,2996.0,9828.545404,TCD,Chad,Ouaddaï,2.387622111,0.0,0.32,0.94,,,,,,,,,,,,,,,,,,,,,,,,,,0.228381028080626,47.752442220000006,0.0,,,,,,,,,,,,,,,,,0.0,0.0,3.234375,0.0329079723087503,0.0,0.0,0.113203125,0.115177903080626,0.228381028080626,503094,,,2.774870557549223e-08,Information
162027,3004.0,3854.398577,TCD,Chad,Guara,4.106660175,0.0,0.32,0.94,,,,,,,,,,,,,,,,,,,,,,,,,,0.3361361613480626,82.13320350000001,0.0,,,,,,,,,,,,,,,,,0.0,0.0,2.671875,0.0693201532423036,0.0,0.0,0.093515625,0.2426205363480626,0.3361361613480626,24015,,,3.545925960764536e-05,Information
162205,3014.0,2309.104539,NGA,Nigeria,Borno,4.111180222,0.0,0.39,0.85,,,,,,,,,,,,,,,,,,,,,,,,,,0.9707673674986084,82.22360444,0.0,,,,,,,,,,,,,,,,,0.0,0.0,5.203125,0.2253308549996024,0.0,0.0,0.182109375,0.7886579924986084,0.9707673674986084,196651,,,0.0018214193172905,Information
162462,3034.0,22402.85649,NER,Niger,Zinder,4.002774142,0.0,0.35,0.9,,,,,,,,,,,,,,,,,,,,,,,,,,0.1850903719997794,80.05548284,0.0,,,,,,,,,,,,,,,,,0.0,0.0,3.65625,0.0163204634285084,0.0,0.0,0.12796875,0.0571216219997793,0.1850903719997794,720530,,,1.4353169076043238e-06,Information
162464,3036.0,6480.824137,NER,Niger,Zinder,3.601984651,0.0,0.35,0.9,,,,,,,,,,,,,,,,,,,,,,,,,,1.0513771990972,72.03969302,0.0,,,,,,,,,,,,,,,,,0.0,0.0,11.8125,0.1822684854563429,0.0,0.0,0.4134375,0.6379396990972002,1.0513771990972,495112,,,0.0005177766839503,Information
162465,3037.0,9243.742466,NGA,Nigeria,Jigawa,1.571716478,0.0,0.39,0.85,,,,,,,,,,,,,,,,,,,,,,,,,,0.9119316425509189,31.43432956,0.0,,,,,,,,,,,,,,,,,0.0,0.0,12.515625,0.1353956478716911,0.0,0.0,0.438046875,0.4738847675509188,0.9119316425509189,4111030,,,7.802088503149851e-06,Information
162466,3038.0,10555.55281,NER,Niger,Zinder,2.543561859,0.0,0.35,0.9,,,,,,,,,,,,,,,,,,,,,,,,,,0.4696505527413322,50.87123718,0.0,,,,,,,,,,,,,,,,,0.0,0.0,6.890625,0.0652796222118092,0.0,0.0,0.241171875,0.2284786777413322,0.4696505527413322,2256103,,,1.6579777826496822e-06,Information
162468,3040.0,6045.190908,NER,Niger,Zinder,3.118876624,0.0,0.35,0.9,,,,,,,,,,,,,,,,,,,,,,,,,,0.7315659358539183,62.37753248,0.0,,,,,,,,,,,,,,,,,0.0,0.0,7.875,0.1302688388154052,0.0,0.0,0.275625,0.4559409358539182,0.7315659358539183,1720870,,,4.071205637944221e-05,Information
162469,3041.0,6603.802233,NGA,Nigeria,Jigawa,1.162323823,0.0,0.39,0.85,,,,,,,,,,,,,,,,,,,,,,,,,,1.2003718636880931,23.24647646,0.0,,,,,,,,,,,,,,,,,0.0,0.0,13.640625,0.2065571396251695,0.0,0.0,0.477421875,0.7229499886880932,1.2003718636880931,2453049,,,1.605455647623897e-05,Information
162609,3054.0,13327.45721,CMR,Cameroon,Nord,1.373523865,0.0,0.42,0.81,,,,,,,,,,,,,,,,,,,,,,,,,,0.2239876289167548,27.4704773,0.0,,,,,,,,,,,,,,,,,0.0,0.0,3.65625,0.0274339654047871,0.0,0.0,0.12796875,0.0960188789167548,0.2239876289167548,406758,,,3.731521925141148e-09,Information
162703,3057.0,997.0964704,TCD,Chad,Chari-Baguirmi,4.027640487,0.0,0.32,0.94,,,,,,,,,,,,,,,,,,,,,,,,,,0.5971234416739883,80.55280974,0.0,,,,,,,,,,,,,,,,,0.0,0.0,1.546875,0.1551379476211395,0.0,0.0,0.054140625,0.5429828166739883,0.5971234416739883,22533,,,0.0002476050459724,Information
162709,3063.0,1801.117398,TCD,Chad,Moyen-Char,4.006226842,0.0,0.32,0.94,,,,,,,,,,,,,,,,,,,,,,,,,,0.3547352727897282,80.12453684,0.0,,,,,,,,,,,,,,,,,0.0,0.0,1.546875,0.0858841850827795,0.0,0.0,0.054140625,0.3005946477897282,0.3547352727897282,32086,,,2.8382589865706356e-05,Information
162828,3072.0,8125.382001,CAF,Central African Republic,Ouham-Pendé,2.040834514,0.0,0.36,0.89,,,,,,,,,,,,,,,,,,,,,,,,,,0.2086063677924845,40.81669028,0.0,,,,,,,,,,,,,,,,,0.0,0.0,2.671875,0.0328830693692813,0.0,0.0,0.093515625,0.1150907427924845,0.2086063677924845,42462,,,8.118818294466411e-09,Information
162840,3075.0,24308.05268,TCD,Chad,Salamat,2.243762176,0.0,0.32,0.94,,,,,,,,,,,,,,,,,,,,,,,,,,0.1319866725338542,44.875243520000005,0.0,,,,,,,,,,,,,,,,,0.0,0.0,2.671875,0.0109917278668155,0.0,0.0,0.093515625,0.0384710475338542,0.1319866725338542,152642,,,7.965219610534785e-10,Information
162867,3083.0,5808.055858,CAF,Central African Republic,Bamingui-Bangoran,3.710274541,0.0,0.36,0.89,,,,,,,,,,,,,,,,,,,,,,,,,,0.4420711741328221,74.20549082,0.0,,,,,,,,,,,,,,,,,0.0,0.0,4.640625,0.0798997997522349,0.0,0.0,0.162421875,0.2796492991328221,0.4420711741328221,68,,,2.3867766935500808e-05,Information
162883,3089.0,2078.818883,TCD,Chad,Salamat,4.031205916,0.0,0.32,0.94,,,,,,,,,,,,,,,,,,,,,,,,,,0.2001872602835322,80.62411832000001,0.0,,,,,,,,,,,,,,,,,0.0,0.0,0.984375,0.0473526100810092,0.0,0.0,0.034453125,0.1657341352835322,0.2001872602835322,3267,,,2.40933803439348e-06,Information
162885,3091.0,5767.146613,TCD,Chad,Salamat,4.015010639,0.0,0.32,0.94,,,,,,,,,,,,,,,,,,,,,,,,,,0.4575110740450425,80.30021278,0.0,,,,,,,,,,,,,,,,,0.0,0.0,4.78125,0.082904949727155,0.0,0.0,0.16734375,0.2901673240450425,0.4575110740450425,3474,,,8.409079044024966e-05,Information
162887,3093.0,7062.049607,CAF,Central African Republic,Vakaga,3.938104022,0.0,0.36,0.89,,,,,,,,,,,,,,,,,,,,,,,,,,0.7372634525527831,78.76208044,0.0,,,,,,,,,,,,,,,,,0.0,0.0,8.71875,0.1234592007293666,0.0,0.0,0.30515625,0.4321072025527831,0.7372634525527831,70630,,,0.000388869349887,Information
162893,3098.0,1918.403199,CAF,Central African Republic,Bamingui-Bangoran,3.692276353,0.0,0.36,0.89,,,,,,,,,,,,,,,,,,,,,,,,,,0.4892476473618545,73.84552706,0.0,,,,,,,,,,,,,,,,,0.0,0.0,2.25,0.117285042103387,0.0,0.0,0.07875,0.4104976473618545,0.4892476473618545,1032,,,3.461644957228702e-05,Information
162910,3105.0,13184.24878,TCD,Chad,Guara,4.120562846,0.0,0.32,0.94,,,,,,,,,,,,,,,,,,,,,,,,,,0.372165982617004,82.41125692,0.0,,,,,,,,,,,,,,,,,0.0,0.0,6.046875,0.0458643878905726,0.0,0.0,0.211640625,0.1605253576170041,0.372165982617004,149136,,,5.770550037234979e-05,Information
172110,3131.0,9518.321586,EGY,Egypt,Al Fayyum,4.221059261,0.0,0.55,0.63,,,,,,,,,,,,,,,,,,,,,,,,,,5.934580172927952,84.42118522,0.0,,,,,,,,,,,,,,,,,0.0,0.0,82.6875,0.8687193351222717,0.0,0.0,2.8940625,3.040517672927951,5.934580172927952,3437058,,,0.1672434379688518,Information
172111,3132.0,25391.76841,EGY,Egypt,Bani Suwayf,3.367829483,0.004255481,0.55,0.63,,,,,,,,,,,,,,,,,,,,,,,,,,11.394874001014704,67.35658966,0.08510962,,,,,,,,,,,,,,,,,0.0,0.0,233.578125,0.9198970360042004,0.0,0.0,8.175234375,3.2196396260147013,11.394874001014704,28310172,,,0.1462898278034596,Information
172115,3136.0,12900.15886,EGY,Egypt,Suhaj,3.693633873,0.0,0.55,0.63,,,,,,,,,,,,,,,,,,,,,,,,,,7.225693338266295,73.87267746,0.0,,,,,,,,,,,,,,,,,0.0,0.0,116.296875,0.9015150609332272,0.0,0.0,4.070390625,3.155302713266295,7.225693338266295,3262549,,,0.0993370259825151,Information
172116,3137.0,15711.31585,EGY,Egypt,Al Bahr al Ahmar,4.031814111,0.0,0.55,0.63,,,,,,,,,,,,,,,,,,,,,,,,,,0.3141282036524208,80.63628222,0.0,,,,,,,,,,,,,,,,,0.0,0.0,5.484375,0.0349071653292631,0.0,0.0,0.191953125,0.1221750786524208,0.3141282036524208,104921,,,1.883251034855066e-05,Information
172117,3138.0,37158.6911,EGY,Egypt,Aswan,4.012574421,0.0,0.55,0.63,,,,,,,,,,,,,,,,,,,,,,,,,,9.300935067960742,80.25148842,0.0,,,,,,,,,,,,,,,,,0.0,0.0,209.390625,0.5635037694173548,0.0,0.0,7.328671875,1.972263192960742,9.300935067960742,5190727,,,0.225736018445163,Information
172118,3139.0,21418.92802,EGY,Egypt,Al Bahr al Ahmar,4.166583258,0.0,0.55,0.63,,,,,,,,,,,,,,,,,,,,,,,,,,0.194934171184263,83.33166516,0.0,,,,,,,,,,,,,,,,,0.0,0.0,3.796875,0.017726727481218,0.0,0.0,0.132890625,0.062043546184263,0.194934171184263,205031,,,4.321506591914085e-06,Information
172119,3140.0,19719.32651,EGY,Egypt,Aswan,4.230900174,0.0,0.55,0.63,,,,,,,,,,,,,,,,,,,,,,,,,,34.32976380156905,84.61800348,0.0,3.0,,,,,,,,,,,,,,,,0.0,0.0,650.8125,3.300378943305444,0.0,0.0,22.7784375,11.551326301569054,34.32976380156905,560460,44070.0,7.863183813296221,0.7889591526150346,Watch
172121,3141.0,4936.738826,EGY,Egypt,Aswan,4.079484133,0.0,0.55,0.63,,,,,,,,,,,,,,,,,,,,,,,,,,15.338519398223925,81.58968266000001,0.0,,,,,,,,,,,,,,,,,0.0,0.0,144.84375,2.933996613778264,0.0,0.0,5.06953125,10.268988148223924,15.338519398223925,0,,,0.4275779293001335,Advisory
172131,3151.0,23966.5212,EGY,Egypt,Aswan,1.249617217,0.0,0.55,0.63,,,,,,,,,,,,,,,,,,,,,,,,,,51.85632623192605,24.99234434,0.0,,,,,,,,,,,,,,,,,0.0,0.0,1154.25,4.816093209121729,0.0,0.0,35.0,16.85632623192605,51.85632623192605,8734,,,0.356021657957156,Advisory
172132,3152.0,8584.4891,SDN,Sudan,Northern,4.084344146,0.0,0.28,1.0,,,,,,,,,,,,,,,,,,,,,,,,,,1.5343669840262957,81.68688292,0.0,,,,,,,,,,,,,,,,,0.0,0.0,20.25,0.2358905668646559,0.0,0.0,0.70875,0.8256169840262957,1.5343669840262957,10480,,,0.0065783424864696,Information
172133,3153.0,14946.94682,SDN,Sudan,Northern,4.004972584,0.0,0.28,1.0,,,,,,,,,,,,,,,,,,,,,,,,,,23.436743304763645,80.09945168,0.0,,,,,,,,,,,,,,,,,0.0,0.0,401.203125,2.684181122789613,0.0,0.0,14.042109375,9.394633929763645,23.436743304763645,9956,,,0.564960339424075,Advisory
172134,3154.0,4623.751921,SDN,Sudan,Northern,4.065896629,0.0,0.28,1.0,,,,,,,,,,,,,,,,,,,,,,,,,,0.1712330337775914,81.31793258,0.0,,,,,,,,,,,,,,,,,0.0,0.0,1.546875,0.0334549739364547,0.0,0.0,0.054140625,0.1170924087775914,0.1712330337775914,449,,,1.3507926777816042e-06,Information
172135,3155.0,6970.850398,SDN,Sudan,Northern,4.051042945,0.0,0.28,1.0,,,,,,,,,,,,,,,,,,,,,,,,,,7.872520351916805,81.0208589,0.0,,,,,,,,,,,,,,,,,0.0,0.0,92.390625,1.3253852791190872,0.0,0.0,3.233671875,4.638848476916805,7.872520351916805,30230,,,0.1894398719138257,Information
172137,3157.0,5661.282961,SDN,Sudan,Northern,4.064750479,0.0,0.28,1.0,,,,,,,,,,,,,,,,,,,,,,,,,,4.125586358146173,81.29500958,0.0,,,,,,,,,,,,,,,,,0.0,0.0,42.609375,0.7526452094703353,0.0,0.0,1.491328125,2.634258233146173,4.125586358146173,33190,,,0.0653200915607759,Information
172150,3169.0,2494.839657,SDN,Sudan,Northern,4.069628235,0.0,0.28,1.0,,,,,,,,,,,,,,,,,,,,,,,,,,4.215166545036348,81.3925647,0.0,,,,,,,,,,,,,,,,,0.0,0.0,24.046875,0.9638645485818136,0.0,0.0,0.841640625,3.3735259200363474,4.215166545036348,52625,,,0.0687888480372462,Information
172170,3180.0,4682.198393,SDN,Sudan,Northern,4.127484219,0.0,0.28,1.0,,,,,,,,,,,,,,,,,,,,,,,,,,2.793511292263223,82.54968438,0.0,,,,,,,,,,,,,,,,,0.0,0.0,25.453125,0.5436148335037779,0.0,0.0,0.890859375,1.9026519172632228,2.793511292263223,100914,,,0.0334713598992593,Information
172195,3194.0,13271.047,SDN,Sudan,River Nile,4.074290713,0.0,0.28,1.0,,,,,,,,,,,,,,,,,,,,,,,,,,3.081126519169046,81.48581426,0.0,,,,,,,,,,,,,,,,,0.0,0.0,50.203125,0.3782906126197274,0.0,0.0,1.757109375,1.324017144169046,3.081126519169046,100755,,,0.0364671223541672,Information
172197,3196.0,11238.20424,SDN,Sudan,River Nile,4.025394938,0.0,0.28,1.0,,,,,,,,,,,,,,,,,,,,,,,,,,4.892571671493686,80.50789875999999,0.0,,,,,,,,,,,,,,,,,0.0,0.0,73.96875,0.6581901204267674,0.0,0.0,2.58890625,2.303665421493686,4.892571671493686,86509,,,0.0834411458664716,Information
172199,3198.0,3996.836505,SDN,Sudan,River Nile,4.043856567,0.0,0.28,1.0,,,,,,,,,,,,,,,,,,,,,,,,,,5.808633658701355,80.87713133999999,0.0,,,,,,,,,,,,,,,,,0.0,0.0,47.390625,1.1857033667718155,0.0,0.0,1.658671875,4.149961783701355,5.808633658701355,223329,,,0.1167209183594552,Information
172210,3199.0,1990.510141,SDN,Sudan,River Nile,4.074815782,0.0,0.28,1.0,,,,,,,,,,,,,,,,,,,,,,,,,,1.808563163538185,81.49631564,0.0,,,,,,,,,,,,,,,,,0.0,0.0,8.578125,0.4309510824394814,0.0,0.0,0.300234375,1.5083287885381849,1.808563163538185,71706,,,0.0100242979635481,Information
172230,3201.0,4798.559865,SDN,Sudan,River Nile,4.017210883,0.0,0.28,1.0,,,,,,,,,,,,,,,,,,,,,,,,,,0.4553657590121618,80.34421766,0.0,,,,,,,,,,,,,,,,,0.0,0.0,4.21875,0.0879170025749034,0.0,0.0,0.14765625,0.3077095090121619,0.4553657590121618,48442,,,8.326591688512301e-05,Information
172249,3210.0,26908.93101,ERI,Eritrea,Gash Barka,4.003035114,0.0,0.34,0.92,,,,,,,,,,,,,,,,,,,,,,,,,,0.999142233532282,80.06070228,0.0,,,,,,,,,,,,,,,,,0.0,0.0,20.8125,0.077344209580652,0.0,0.0,0.7284375,0.2707047335322819,0.999142233532282,2620502,,,0.0013787585421311,Information
172265,3216.0,800.4067008,SDN,Sudan,Al Qadarif,1.137862315,0.0,0.28,1.0,,,,,,,,,,,,,,,,,,,,,,,,,,0.8633826675975991,22.7572463,0.0,,,,,,,,,,,,,,,,,0.0,0.0,1.828125,0.2283995121707426,0.0,0.0,0.063984375,0.7993982925975991,0.8633826675975991,23988,,,3.49733913727365e-06,Information
172266,3217.0,14578.13362,ETH,Ethiopia,Tigray,2.104078152,0.0,0.37,0.88,,,,,,,,,,,,,,,,,,,,,,,,,,1.3027983704201,42.08156304,0.0,,,,,,,,,,,,,,,,,0.0,0.0,22.078125,0.1514468558343143,0.0,0.0,0.772734375,0.5300639954201001,1.3027983704201,736388,,,7.396431596640554e-05,Information
172269,3220.0,3824.807305,ETH,Ethiopia,Amhara,1.458604878,0.0,0.37,0.88,,,,,,,,,,,,,,,,,,,,,,,,,,0.2134820440044172,29.17209756,0.0,,,,,,,,,,,,,,,,,0.0,0.0,1.6875,0.0441198697155478,0.0,0.0,0.0590625,0.1544195440044173,0.2134820440044172,342450,,,3.2287738673360358e-09,Information
172275,3225.0,7400.688218,ETH,Ethiopia,Tigray,0.809044262,0.0,0.37,0.88,,,,,,,,,,,,,,,,,,,,,,,,,,0.8100707239762337,16.180885240000002,0.0,,,,,,,,,,,,,,,,,0.0,0.0,9.84375,0.1330112782789239,0.0,0.0,0.34453125,0.4655394739762336,0.8100707239762337,792312,,,1.748000291435402e-06,Information
172276,3226.0,5408.246058,ETH,Ethiopia,Tigray,1.289769525,0.0,0.37,0.88,,,,,,,,,,,,,,,,,,,,,,,,,,0.5328573237452668,25.795390500000003,0.0,,,,,,,,,,,,,,,,,0.0,0.0,5.34375,0.0988074496415048,0.0,0.0,0.18703125,0.3458260737452668,0.5328573237452668,1061923,,,3.980362150646306e-07,Information
172278,3228.0,5127.492562,ETH,Ethiopia,Tigray,1.070368406,0.0,0.37,0.88,,,,,,,,,,,,,,,,,,,,,,,,,,0.1016460552337636,21.40736812,0.0,,,,,,,,,,,,,,,,,0.0,0.0,0.984375,0.0191979800667896,0.0,0.0,0.034453125,0.0671929302337636,0.1016460552337636,1172741,,,1.4601328359273547e-11,Information
172279,3229.0,2908.962513,ETH,Ethiopia,Tigray,1.354806327,0.0,0.37,0.88,,,,,,,,,,,,,,,,,,,,,,,,,,7.273241839246901,27.09612654,0.0,,,,,,,,,,,,,,,,,0.0,0.0,46.828125,1.609787846927686,0.0,0.0,1.638984375,5.634257464246901,7.273241839246901,269571,,,0.0105849765354393,Information
172280,3230.0,7609.677065,ETH,Ethiopia,Amhara,1.364416589,0.0,0.37,0.88,,,,,,,,,,,,,,,,,,,,,,,,,,2.6310416589620016,27.28833178,0.0,,,,,,,,,,,,,,,,,0.0,0.0,32.484375,0.4268824382748576,0.0,0.0,1.136953125,1.4940885339620016,2.6310416589620016,814754,,,0.0004515047861931,Information
172290,3231.0,21364.79154,ETH,Ethiopia,Amhara,1.161000386,0.0,0.37,0.88,,,,,,,,,,,,,,,,,,,,,,,,,,3.3237791349333285,23.22000772,0.0,,,,,,,,,,,,,,,,,0.0,0.0,64.6875,0.3027761814095225,0.0,0.0,2.2640625,1.059716634933329,3.3237791349333285,2364697,,,0.0008451958663618,Information
172302,3233.0,32015.69732,SDN,Sudan,Kassala,3.083511814,0.0,0.28,1.0,,,,,,,,,,,,,,,,,,,,,,,,,,0.4456852700747275,61.67023628,0.0,,,,,,,,,,,,,,,,,0.0,0.0,9.703125,0.0303073985927793,0.0,0.0,0.339609375,0.1060758950747275,0.4456852700747275,432326,,,4.20701489738275e-06,Information
172303,3234.0,898.3935038,SDN,Sudan,River Nile,4.123623808,0.0,0.28,1.0,,,,,,,,,,,,,,,,,,,,,,,,,,6.567788316443438,82.47247615999999,0.0,,,,,,,,,,,,,,,,,0.0,0.0,15.46875,1.721823447555268,0.0,0.0,0.54140625,6.026382066443438,6.567788316443438,46641,,,0.163149633377997,Information
172305,3236.0,1229.769867,SDN,Sudan,River Nile,4.150480495,0.0,0.28,1.0,,,,,,,,,,,,,,,,,,,,,,,,,,6.022577360859864,83.0096099,0.0,,,,,,,,,,,,,,,,,0.0,0.0,18.84375,1.532298888817104,0.0,0.0,0.65953125,5.363046110859864,6.022577360859864,49499,,,0.1498370331111142,Information
172306,3237.0,7682.985963,SDN,Sudan,River Nile,3.384654641,0.0,0.28,1.0,,,,,,,,,,,,,,,,,,,,,,,,,,0.2718738166317015,67.69309282,0.0,,,,,,,,,,,,,,,,,0.0,0.0,3.375,0.0439282333233433,0.0,0.0,0.118125,0.1537488166317015,0.2718738166317015,133019,,,8.86565855674075e-07,Information
172307,3238.0,2541.555435,SDN,Sudan,River Nile,4.049466183,0.0,0.28,1.0,,,,,,,,,,,,,,,,,,,,,,,,,,2.963072145149971,80.98932366,0.0,,,,,,,,,,,,,,,,,0.0,0.0,17.15625,0.6750295414714202,0.0,0.0,0.60046875,2.362603395149971,2.963072145149971,164425,,,0.0315295813458873,Information
172423,3244.0,3528.491024,SDN,Sudan,Al Qadarif,2.627648027,0.0,0.28,1.0,,,,,,,,,,,,,,,,,,,,,,,,,,0.150966611640698,52.55296054,0.0,,,,,,,,,,,,,,,,,0.0,0.0,1.125,0.031883317611628,0.0,0.0,0.039375,0.111591611640698,0.150966611640698,189424,,,4.45397933361357e-09,Information
172430,3251.0,758.1771941,SDN,Sudan,Al Jazirah,3.083216484,0.0,0.28,1.0,,,,,,,,,,,,,,,,,,,,,,,,,,4.749057947953082,61.66432968,0.0,,,,,,,,,,,,,,,,,0.0,0.0,9.5625,1.2612486994151662,0.0,0.0,0.3346875,4.414370447953082,4.749057947953082,515862,,,0.018379327654305,Information
172443,3254.0,256.0966609,SDN,Sudan,Sennar,4.086247888,0.0,0.28,1.0,,,,,,,,,,,,,,,,,,,,,,,,,,1.7739904540332876,81.72495776,0.0,,,,,,,,,,,,,,,,,0.0,0.0,1.265625,0.4941981654380822,0.0,0.0,0.044296875,1.7296935790332877,1.7739904540332876,19022,,,0.0098423307276109,Information
172457,3267.0,1125.446911,ETH,Ethiopia,Benshangul-Gumaz,4.057076865,0.0,0.37,0.88,,,,,,,,,,,,,,,,,,,,,,,,,,41.66421875,81.1415373,0.0,3.0,,,,,,,,,,,,,,,,0.0,0.0,190.40625,16.918279139021212,0.0,0.0,6.66421875,35.0,41.66421875,14863,874.0,5.880374083294086,0.7860181293860355,Watch
172458,3268.0,14771.85364,ETH,Ethiopia,Oromia,2.892792346,0.0,0.37,0.88,,,,,,,,,,,,,,,,,,,,,,,,,,5.843692391603447,57.85584692,0.0,,,,,,,,,,,,,,,,,0.0,0.0,99.5625,0.674001397600985,0.0,0.0,3.4846875,2.359004891603448,5.843692391603447,1580229,,,0.0240925068692575,Information
172459,3269.0,5415.055171,ETH,Ethiopia,Benshangul-Gumaz,2.281521519,0.0,0.37,0.88,,,,,,,,,,,,,,,,,,,,,,,,,,21.577121063987555,45.63043038,0.0,,,,,,,,,,,,,,,,,0.0,0.0,216.5625,3.999266732567872,0.0,0.0,7.5796875,13.997433563987553,21.577121063987555,75058,,,0.1776986271854254,Information
172471,3271.0,15472.73626,ETH,Ethiopia,Benshangul-Gumaz,1.635849334,0.0,0.37,0.88,,,,,,,,,,,,,,,,,,,,,,,,,,0.8264930915086549,32.71698668,0.0,,,,,,,,,,,,,,,,,0.0,0.0,14.34375,0.0927033832881871,0.0,0.0,0.50203125,0.3244618415086548,0.8264930915086549,1461230,,,5.425740769323295e-06,Information
172472,3272.0,5533.835953,ETH,Ethiopia,Amhara,0.849982868,0.0,0.37,0.88,,,,,,,,,,,,,,,,,,,,,,,,,,0.1243441972779643,16.99965736,0.0,,,,,,,,,,,,,,,,,0.0,0.0,1.265625,0.0228706635079898,0.0,0.0,0.044296875,0.0800473222779643,0.1243441972779643,1136288,,,3.922407594894975e-11,Information
172475,3275.0,3187.015295,ETH,Ethiopia,Amhara,1.256103468,0.0,0.37,0.88,,,,,,,,,,,,,,,,,,,,,,,,,,0.2647501984612649,25.12206936,0.0,,,,,,,,,,,,,,,,,0.0,0.0,1.828125,0.0573616638460757,0.0,0.0,0.063984375,0.2007658234612649,0.2647501984612649,576709,,,8.267335839325156e-09,Information
172476,3276.0,6832.362035,ETH,Ethiopia,Oromia,2.154750438,0.0,0.37,0.88,,,,,,,,,,,,,,,,,,,,,,,,,,0.2546384999498623,43.095008760000006,0.0,,,,,,,,,,,,,,,,,0.0,0.0,2.953125,0.0432226071285321,0.0,0.0,0.103359375,0.1512791249498623,0.2546384999498623,1245402,,,3.1636940641432926e-08,Information
172477,3277.0,1074.812421,ETH,Ethiopia,Oromia,3.120559725,0.0,0.37,0.88,,,,,,,,,,,,,,,,,,,,,,,,,,0.3042884952463716,62.4111945,0.0,,,,,,,,,,,,,,,,,0.0,0.0,0.84375,0.0785020700703919,0.0,0.0,0.02953125,0.2747572452463716,0.3042884952463716,108242,,,7.305445799319695e-07,Information
172480,3280.0,15386.76948,ETH,Ethiopia,Amhara,1.31676131,0.0,0.37,0.88,,,,,,,,,,,,,,,,,,,,,,,,,,0.5278419815721801,26.3352262,0.0,,,,,,,,,,,,,,,,,0.0,0.0,9.140625,0.0594057447349086,0.0,0.0,0.319921875,0.2079201065721801,0.5278419815721801,2598663,,,3.936631318625538e-07,Information
172491,3281.0,906.9203099,ETH,Ethiopia,Amhara,3.047240685,0.0,0.37,0.88,,,,,,,,,,,,,,,,,,,,,,,,,,0.4735366299939912,60.9448137,0.0,,,,,,,,,,,,,,,,,0.0,0.0,1.125,0.1240461799982832,0.0,0.0,0.039375,0.4341616299939912,0.4735366299939912,150121,,,5.109149871948879e-06,Information
172493,3283.0,5428.5734,ETH,Ethiopia,Amhara,0.715735354,0.0,0.37,0.88,,,,,,,,,,,,,,,,,,,,,,,,,,3.329259084978509,14.31470708,0.0,,,,,,,,,,,,,,,,,0.0,0.0,33.46875,0.6165293814224313,0.0,0.0,1.17140625,2.157852834978509,3.329259084978509,1061837,,,0.0005812364333166,Information
172495,3285.0,4569.053964,ETH,Ethiopia,Amhara,0.785147188,0.0,0.37,0.88,,,,,,,,,,,,,,,,,,,,,,,,,,0.4394340196731884,15.70294376,0.0,,,,,,,,,,,,,,,,,0.0,0.0,3.9375,0.0861775770494824,0.0,0.0,0.1378125,0.3016215196731884,0.4394340196731884,799054,,,7.336566080824681e-08,Information
172496,3286.0,1815.048226,ETH,Ethiopia,Amhara,1.332396486,0.0,0.37,0.88,,,,,,,,,,,,,,,,,,,,,,,,,,0.961167692260574,26.64792972,0.0,,,,,,,,,,,,,,,,,0.0,0.0,4.21875,0.2324318406458783,0.0,0.0,0.14765625,0.813511442260574,0.961167692260574,530364,,,7.292078418864156e-06,Information
172521,3291.0,362.8278483,SDN,Sudan,White Nile,4.085165235,0.0,0.28,1.0,,,,,,,,,,,,,,,,,,,,,,,,,,0.4217251533451415,81.70330469999999,0.0,,,,,,,,,,,,,,,,,0.0,0.0,0.421875,0.1162741509557547,0.0,0.0,0.014765625,0.4069595283451415,0.4217251533451415,18012,,,8.158390485760549e-05,Information
172530,3300.0,13989.10762,SDN,Sudan,White Nile,2.411466187,0.0,0.28,1.0,,,,,,,,,,,,,,,,,,,,,,,,,,0.5908166166209563,48.22932374,0.0,,,,,,,,,,,,,,,,,0.0,0.0,9.84375,0.0703672476059875,0.0,0.0,0.34453125,0.2462853666209562,0.5908166166209563,1001204,,,3.855163056987023e-06,Information
172541,3301.0,1328.873975,SDN,Sudan,White Nile,3.61952435,0.0,0.28,1.0,,,,,,,,,,,,,,,,,,,,,,,,,,1.6364326511751126,72.390487,0.0,,,,,,,,,,,,,,,,,0.0,0.0,5.484375,0.4127084360500322,0.0,0.0,0.191953125,1.4444795261751129,1.6364326511751126,79919,,,0.0023593004191439,Information
172542,3302.0,2585.364426,SDN,Sudan,White Nile,3.759453001,0.0,0.28,1.0,,,,,,,,,,,,,,,,,,,,,,,,,,0.6469018169014786,75.18906002,0.0,,,,,,,,,,,,,,,,,0.0,0.0,3.796875,0.1468603405432796,0.0,0.0,0.132890625,0.5140111919014786,0.6469018169014786,173550,,,0.0001327397547908,Information
172543,3303.0,7935.024995,SDN,Sudan,North Kurdufan,4.00608373,0.0,0.28,1.0,,,,,,,,,,,,,,,,,,,,,,,,,,2.414037436725135,80.1216746,0.0,,,,,,,,,,,,,,,,,0.0,0.0,30.515625,0.3845687319214672,0.0,0.0,1.068046875,1.345990561725135,2.414037436725135,382074,,,0.0175012562481669,Information
172544,3304.0,3711.607615,SDN,Sudan,North Kurdufan,2.44873043,0.0,0.28,1.0,,,,,,,,,,,,,,,,,,,,,,,,,,1.0364103824986448,48.9746086,0.0,,,,,,,,,,,,,,,,,0.0,0.0,8.015625,0.21596100214247,0.0,0.0,0.280546875,0.755863507498645,1.0364103824986448,246289,,,4.878428348605187e-05,Information
172545,3305.0,1057.295633,SDN,Sudan,North Kurdufan,0.402187535,0.0,0.28,1.0,,,,,,,,,,,,,,,,,,,,,,,,,,0.463260820397628,8.0437507,0.0,,,,,,,,,,,,,,,,,0.0,0.0,1.265625,0.1197039843993223,0.0,0.0,0.044296875,0.418963945397628,0.463260820397628,28758,,,6.089857736032453e-08,Information
172558,3317.0,9405.419965,SDN,Sudan,South Kurdufan,4.002765792,0.0,0.28,1.0,,,,,,,,,,,,,,,,,,,,,,,,,,0.3554213220706977,80.05531583999999,0.0,,,,,,,,,,,,,,,,,0.0,0.0,4.921875,0.0523301991630565,0.0,0.0,0.172265625,0.1831556970706977,0.3554213220706977,147066,,,2.819683970802597e-05,Information
172560,3319.0,15032.85847,SDN,Sudan,South Kurdufan,4.008162668,0.0,0.28,1.0,,,,,,,,,,,,,,,,,,,,,,,,,,5.638815609201946,80.16325336,0.0,,,,,,,,,,,,,,,,,0.0,0.0,96.75,0.6435901740576988,0.0,0.0,3.38625,2.252565609201946,5.638815609201946,98949,,,0.1042208227845036,Information
172570,3320.0,417.6283836,SSD,South Sudan,Upper Nile,2.430181851,0.0,-9999.0,1.0,,,,,,,,,,,,,,,,,,,,,,,,,,6.138742804626044,48.60363702,0.0,,,,,,,,,,,,,,,,,0.0,0.0,7.03125,1.683614015607441,0.0,0.0,0.24609375,5.892649054626044,6.138742804626044,22977,,,0.0167954992353527,Information
172581,3321.0,1534.712682,SSD,South Sudan,Upper Nile,4.632796865,0.0,-9999.0,1.0,,,,,,,,,,,,,,,,,,,,,,,,,,20.19774672222552,92.6559373,0.0,3.0,,,,,,,,,,,,,,,,0.0,0.0,76.78125,5.00297227777872,0.0,0.0,2.68734375,17.51040297222552,20.19774672222552,19254,485.0,2.5189570998234134,0.8441541865078164,Warning
172583,3323.0,1885.72289,SSD,South Sudan,Upper Nile,4.702981892,0.0,-9999.0,1.0,,,,,,,,,,,,,,,,,,,,,,,,,,1.1168138944317867,94.05963784,0.0,,,,,,,,,,,,,,,,,0.0,0.0,5.0625,0.2684646841233676,0.0,0.0,0.1771875,0.9396263944317866,1.1168138944317867,2566,,,0.0473321849106115,Information
172584,3324.0,14440.31771,SSD,South Sudan,Upper Nile,4.009549511,0.0,-9999.0,1.0,,,,,,,,,,,,,,,,,,,,,,,,,,5.09814402808425,80.19099022,0.0,,,,,,,,,,,,,,,,,0.0,0.0,86.0625,0.5959875794526429,0.0,0.0,3.0121875,2.08595652808425,5.09814402808425,363729,,,0.0873492558861392,Information
172587,3327.0,1786.605278,SSD,South Sudan,Upper Nile,4.27802209,0.0,-9999.0,1.0,,,,,,,,,,,,,,,,,,,,,,,,,,1.4936489520629634,85.5604418,0.0,,,,,,,,,,,,,,,,,0.0,0.0,6.46875,0.362069343446561,0.0,0.0,0.22640625,1.2672427020629635,1.4936489520629634,3382,,,0.0116417832901199,Information
172588,3328.0,1598.015921,SSD,South Sudan,Upper Nile,2.491840428,0.0,-9999.0,1.0,,,,,,,,,,,,,,,,,,,,,,,,,,0.2857742973501192,49.83680856,0.0,,,,,,,,,,,,,,,,,0.0,0.0,1.125,0.0703997992428912,0.0,0.0,0.039375,0.2463992973501192,0.2857742973501192,21830,,,1.1841095406328902e-07,Information
172589,3329.0,9591.524307,SDN,Sudan,Blue Nile,3.674772228,0.0,0.28,1.0,,,,,,,,,,,,,,,,,,,,,,,,,,2.040831802559345,73.49544456000001,0.0,,,,,,,,,,,,,,,,,0.0,0.0,28.546875,0.2976260507312416,0.0,0.0,0.999140625,1.0416911775593456,2.040831802559345,273590,,,0.0051742861659011,Information
172620,3332.0,19647.04867,SSD,South Sudan,Jungoli,4.012979314,0.0,-9999.0,1.0,,,,,,,,,,,,,,,,,,,,,,,,,,2.599457788403673,80.25958628,0.0,,,,,,,,,,,,,,,,,0.0,0.0,49.21875,0.2505147252581923,0.0,0.0,1.72265625,0.876801538403673,2.599457788403673,480196,,,0.021312543564944,Information
172642,3335.0,7838.754068,ETH,Ethiopia,Gambela Peoples,4.078136773,0.0,0.37,0.88,,,,,,,,,,,,,,,,,,,,,,,,,,3.091413797302211,81.56273546,0.0,,,,,,,,,,,,,,,,,0.0,0.0,38.8125,0.495136084943489,0.0,0.0,1.3584375,1.7329762973022114,3.091413797302211,102759,,,0.0370702504850478,Information
172650,3343.0,20135.93969,ETH,Ethiopia,Gambela Peoples,3.621726001,0.0,0.37,0.88,,,,,,,,,,,,,,,,,,,,,,,,,,4.0145781668989935,72.43452002,0.0,,,,,,,,,,,,,,,,,0.0,0.0,76.640625,0.3806160833997123,0.0,0.0,2.682421875,1.332156291898993,4.0145781668989935,1114774,,,0.0270127546882235,Information
172660,3344.0,22857.58723,ETH,Ethiopia,Gambela Peoples,4.027908297,0.0,0.37,0.88,,,,,,,,,,,,,,,,,,,,,,,,,,1.9739678125229567,80.55816594,0.0,,,,,,,,,,,,,,,,,0.0,0.0,39.234375,0.1716470535779878,0.0,0.0,1.373203125,0.6007646875229573,1.9739678125229567,481483,,,0.0110867824590997,Information
172670,3345.0,17894.38819,SSD,South Sudan,Jungoli,4.094982405,0.0,-9999.0,1.0,,,,,,,,,,,,,,,,,,,,,,,,,,9.191521002188727,81.8996481,0.0,,,,,,,,,,,,,,,,,0.0,0.0,168.46875,0.9414613577682076,0.0,0.0,5.89640625,3.2951147521887267,9.191521002188727,208707,,,0.2489968333505862,Information
172681,3346.0,899.8817054,SSD,South Sudan,Jungoli,4.29200003,0.0,-9999.0,1.0,,,,,,,,,,,,,,,,,,,,,,,,,,0.1192331279673691,85.8400006,0.0,,,,,,,,,,,,,,,,,0.0,0.0,0.28125,0.0312541079906769,0.0,0.0,0.00984375,0.1093893779673691,0.1192331279673691,11499,,,8.892257769601865e-07,Information
172682,3347.0,5631.445136,SSD,South Sudan,Jungoli,4.009231862,0.0,-9999.0,1.0,,,,,,,,,,,,,,,,,,,,,,,,,,3.6750405304266778,80.18463724,0.0,,,,,,,,,,,,,,,,,0.0,0.0,37.828125,0.6717303301219079,0.0,0.0,1.323984375,2.3510561554266776,3.6750405304266778,6484,,,0.0460045727406596,Information
172683,3348.0,3096.104593,SSD,South Sudan,Jungoli,4.021033512,0.0,-9999.0,1.0,,,,,,,,,,,,,,,,,,,,,,,,,,1.9153357656729493,80.42067023999999,0.0,,,,,,,,,,,,,,,,,0.0,0.0,12.9375,0.4178637901922713,0.0,0.0,0.4528125,1.4625232656729497,1.9153357656729493,7061,,,0.0100471754533774,Information
172684,3349.0,2478.446923,SSD,South Sudan,Jungoli,0.293421071,0.0,-9999.0,1.0,,,,,,,,,,,,,,,,,,,,,,,,,,2.131130008592576,5.86842142,0.0,,,,,,,,,,,,,,,,,0.0,0.0,12.09375,0.4879567881693074,0.0,0.0,0.42328125,1.707848758592576,2.131130008592576,17327,,,7.591983236651743e-05,Information
172686,3351.0,5059.656358,SSD,South Sudan,Eastern Equatoria,3.458758735,0.0,-9999.0,1.0,,,,,,,,,,,,,,,,,,,,,,,,,,0.7178285053058067,69.1751747,0.0,,,,,,,,,,,,,,,,,0.0,0.0,6.890625,0.1361876086588019,0.0,0.0,0.241171875,0.4766566303058066,0.7178285053058067,497584,,,8.500934202812934e-05,Information
172687,3352.0,6751.116947,SSD,South Sudan,Eastern Equatoria,4.027398943,0.0,-9999.0,1.0,,,,,,,,,,,,,,,,,,,,,,,,,,0.7815894583850258,80.54797886,0.0,,,,,,,,,,,,,,,,,0.0,0.0,9.0,0.1333112738242931,0.0,0.0,0.315,0.4665894583850258,0.7815894583850258,274139,,,0.0006536403560056,Information
172688,3353.0,6783.832469,SSD,South Sudan,Eastern Equatoria,3.350690038,0.0,-9999.0,1.0,,,,,,,,,,,,,,,,,,,,,,,,,,0.791516473564684,67.01380076000001,0.0,,,,,,,,,,,,,,,,,0.0,0.0,9.140625,0.134741313875624,0.0,0.0,0.319921875,0.471594598564684,0.791516473564684,345555,,,9.57802260156854e-05,Information
172691,3355.0,260.3413869,SSD,South Sudan,Jungoli,4.013072281,0.0,-9999.0,1.0,,,,,,,,,,,,,,,,,,,,,,,,,,1.3578356810386845,80.26144562,0.0,,,,,,,,,,,,,,,,,0.0,0.0,0.984375,0.3781093017253384,0.0,0.0,0.034453125,1.3233825560386845,1.3578356810386845,13645,,,0.0037177609608759,Information
172692,3356.0,13005.93377,SSD,South Sudan,Eastern Equatoria,4.038399976,0.0,-9999.0,1.0,,,,,,,,,,,,,,,,,,,,,,,,,,0.4091916518166134,80.76799952,0.0,,,,,,,,,,,,,,,,,0.0,0.0,6.609375,0.0508181505190324,0.0,0.0,0.231328125,0.1778635268166134,0.4091916518166134,618264,,,5.902342149572306e-05,Information
172693,3357.0,5331.105902,SSD,South Sudan,Jungoli,4.038603474,0.0,-9999.0,1.0,,,,,,,,,,,,,,,,,,,,,,,,,,2.222216694723325,80.77206948,0.0,,,,,,,,,,,,,,,,,0.0,0.0,22.078125,0.4141378056352358,0.0,0.0,0.772734375,1.4494823197233253,2.222216694723325,20972,,,0.0154694086054974,Information
172694,3358.0,8598.78814,SSD,South Sudan,Eastern Equatoria,3.890004466,0.0,-9999.0,1.0,,,,,,,,,,,,,,,,,,,,,,,,,,0.6068101465591011,77.80008932,0.0,,,,,,,,,,,,,,,,,0.0,0.0,8.015625,0.0932180775883146,0.0,0.0,0.280546875,0.3262632715591011,0.6068101465591011,1047832,,,0.000159336630153,Information
172699,3363.0,3312.9761,UGA,Uganda,Kotido,2.328080794,0.0,0.44,0.78,,,,,,,,,,,,,,,,,,,,,,,,,,0.2966734543427602,46.56161588,0.0,,,,,,,,,,,,,,,,,0.0,0.0,2.109375,0.0636700940979315,0.0,0.0,0.073828125,0.2228453293427602,0.2966734543427602,198038,,,1.0310393064821481e-07,Information
172701,3364.0,599.3227687,SSD,South Sudan,Upper Nile,3.344246221,0.0,-9999.0,1.0,,,,,,,,,,,,,,,,,,,,,,,,,,4.004107712957949,66.88492442,0.0,,,,,,,,,,,,,,,,,0.0,0.0,6.46875,1.0793432751308425,0.0,0.0,0.22640625,3.777701462957949,4.004107712957949,16487,,,0.017314602508842,Information
172702,3365.0,6475.596157,SSD,South Sudan,Jungoli,4.186675376,0.0,-9999.0,1.0,,,,,,,,,,,,,,,,,,,,,,,,,,10.819462943749768,83.73350752,0.0,,,,,,,,,,,,,,,,,0.0,0.0,121.5,1.876275126785648,0.0,0.0,4.2525,6.566962943749767,10.819462943749768,189218,,,0.3417246920290834,Information
172703,3366.0,496.864456,SSD,South Sudan,Upper Nile,4.285938989,0.0,-9999.0,1.0,,,,,,,,,,,,,,,,,,,,,,,,,,3.847281491629297,85.71877978,0.0,,,,,,,,,,,,,,,,,0.0,0.0,5.203125,1.047192033322656,0.0,0.0,0.182109375,3.665172116629297,3.847281491629297,39953,,,0.0948311770364262,Information
172707,3370.0,764.013005,SSD,South Sudan,Jungoli,4.193402146,0.0,-9999.0,1.0,,,,,,,,,,,,,,,,,,,,,,,,,,23.57669685605296,83.86804292000001,0.0,3.0,,,,,,,,,,,,,,,,0.0,0.0,47.8125,6.2580741017294175,0.0,0.0,1.6734375,21.90325935605296,23.57669685605296,49195,3171.0,6.445777009858726,0.6478255815423869,Watch
172822,3375.0,2767.115172,SSD,South Sudan,Unity,4.00672582,0.0,-9999.0,1.0,,,,,,,,,,,,,,,,,,,,,,,,,,1.4987874775710464,80.1345164,0.0,,,,,,,,,,,,,,,,,0.0,0.0,9.28125,0.3354124935917275,0.0,0.0,0.32484375,1.1739437275710465,1.4987874775710464,8357,,,0.004878457716873,Information
172824,3377.0,15525.83629,SDN,Sudan,West Kurdufan,3.865645628,0.0,0.28,1.0,,,,,,,,,,,,,,,,,,,,,,,,,,1.1247871785351102,77.31291256,0.0,,,,,,,,,,,,,,,,,0.0,0.0,19.546875,0.1258990152957458,0.0,0.0,0.684140625,0.4406465535351103,1.1247871785351102,63872,,,0.0013313919768367,Information
172846,3389.0,19573.65559,SSD,South Sudan,West Equatoria,3.231887744,0.0,-9999.0,1.0,,,,,,,,,,,,,,,,,,,,,,,,,,3.3910054746603544,64.63775487999999,0.0,,,,,,,,,,,,,,,,,0.0,0.0,64.125,0.3276087070458156,0.0,0.0,2.244375,1.1466304746603546,3.3910054746603544,67483,,,0.0095258390254181,Information
172847,3390.0,15219.89542,SSD,South Sudan,West Equatoria,2.347012711,0.0,-9999.0,1.0,,,,,,,,,,,,,,,,,,,,,,,,,,6.141255541730667,46.94025422,0.0,,,,,,,,,,,,,,,,,0.0,0.0,105.890625,0.6957381904944762,0.0,0.0,3.706171875,2.435083666730667,6.141255541730667,125904,,,0.0155266377655647,Information
172848,3391.0,5243.157189,SSD,South Sudan,West Equatoria,1.369075345,0.0,-9999.0,1.0,,,,,,,,,,,,,,,,,,,,,,,,,,2.9762949323817285,27.3815069,0.0,,,,,,,,,,,,,,,,,0.0,0.0,29.25,0.5578699806804939,0.0,0.0,1.02375,1.9525449323817283,2.9762949323817285,90137,,,0.0007002684072623,Information
172849,3392.0,12949.35931,SSD,South Sudan,West Equatoria,3.487909768,0.0,-9999.0,1.0,,,,,,,,,,,,,,,,,,,,,,,,,,2.826167345038658,69.75819536,0.0,,,,,,,,,,,,,,,,,0.0,0.0,45.5625,0.3518513842967595,0.0,0.0,1.5946875,1.231479845038658,2.826167345038658,383849,,,0.0088867389068577,Information
172850,3393.0,420.8224595,SSD,South Sudan,Unity,4.435578128,0.0,-9999.0,1.0,,,,,,,,,,,,,,,,,,,,,,,,,,12.431794947371651,88.71156256,0.0,,,,,,,,,,,,,,,,,0.0,0.0,14.34375,3.4085039135347577,0.0,0.0,0.50203125,11.929763697371651,12.431794947371651,28587,,,0.5384296593359945,Advisory
172861,3394.0,6226.835264,SSD,South Sudan,Warap,4.078838162,0.0,-9999.0,1.0,,,,,,,,,,,,,,,,,,,,,,,,,,5.1945993156750125,81.57676324,0.0,,,,,,,,,,,,,,,,,0.0,0.0,56.953125,0.9146399830500036,0.0,0.0,1.993359375,3.2012399406750127,5.1945993156750125,286711,,,0.1027577507846281,Information
172862,3395.0,11115.57797,SSD,South Sudan,West Bahr-al-Ghazal,4.106826878,0.0,-9999.0,1.0,,,,,,,,,,,,,,,,,,,,,,,,,,0.6264354210375145,82.13653756,0.0,,,,,,,,,,,,,,,,,0.0,0.0,9.421875,0.0847627988678613,0.0,0.0,0.329765625,0.2966697960375145,0.6264354210375145,57715,,,0.0004033770909007,Information
172863,3396.0,5927.451591,SSD,South Sudan,North Bahr-al-Ghazal,4.138496411,0.0,-9999.0,1.0,,,,,,,,,,,,,,,,,,,,,,,,,,0.2777334266710993,82.76992822,0.0,,,,,,,,,,,,,,,,,0.0,0.0,2.953125,0.0498211576203141,0.0,0.0,0.103359375,0.1743740516710993,0.2777334266710993,295542,,,1.8316524201596507e-05,Information
172864,3397.0,18622.57066,SSD,South Sudan,West Bahr-al-Ghazal,3.446382017,0.0,-9999.0,1.0,,,,,,,,,,,,,,,,,,,,,,,,,,1.9290334816812835,68.92764034,0.0,,,,,,,,,,,,,,,,,0.0,0.0,35.859375,0.1925586733375095,0.0,0.0,1.255078125,0.6739553566812833,1.9290334816812835,43138,,,0.0027238129620228,Information
172866,3399.0,9564.67774,SSD,South Sudan,West Bahr-al-Ghazal,4.005263499,0.0,-9999.0,1.0,,,,,,,,,,,,,,,,,,,,,,,,,,0.7953531910499514,80.10526998,0.0,,,,,,,,,,,,,,,,,0.0,0.0,11.109375,0.1161500188714147,0.0,0.0,0.388828125,0.4065250660499514,0.7953531910499514,3391,,,0.0006422423109728,Information
172867,3400.0,3767.634526,SSD,South Sudan,West Bahr-al-Ghazal,4.042347855,0.0,-9999.0,1.0,,,,,,,,,,,,,,,,,,,,,,,,,,0.4856069622177599,80.8469571,0.0,,,,,,,,,,,,,,,,,0.0,0.0,3.796875,0.1007760963479314,0.0,0.0,0.132890625,0.3527163372177599,0.4856069622177599,2602,,,0.0001190098363569,Information
172868,3401.0,6031.928979,SSD,South Sudan,West Bahr-al-Ghazal,4.093004171,0.0,-9999.0,1.0,,,,,,,,,,,,,,,,,,,,,,,,,,0.3532026105491716,81.86008342,0.0,,,,,,,,,,,,,,,,,0.0,0.0,3.796875,0.0629462815854776,0.0,0.0,0.132890625,0.2203119855491716,0.3532026105491716,19054,,,4.0940255128405535e-05,Information
172869,3402.0,8526.953462,SSD,South Sudan,West Bahr-al-Ghazal,3.452891922,0.0,-9999.0,1.0,,,,,,,,,,,,,,,,,,,,,,,,,,0.1283281530437039,69.05783844,0.0,,,,,,,,,,,,,,,,,0.0,0.0,1.6875,0.0197901865839154,0.0,0.0,0.0590625,0.0692656530437039,0.1283281530437039,10269,,,2.0640248289310593e-08,Information
172870,3403.0,7377.974995,SSD,South Sudan,North Bahr-al-Ghazal,4.153660508,0.0,-9999.0,1.0,,,,,,,,,,,,,,,,,,,,,,,,,,3.663360441475,83.07321016,0.0,,,,,,,,,,,,,,,,,0.0,0.0,44.4375,0.6022994118499999,0.0,0.0,1.5553125,2.108047941475,3.663360441475,374929,,,0.0629444433730741,Information
172882,3405.0,81312.36071,SSD,South Sudan,West Bahr-al-Ghazal,3.852972044,0.0,-9999.0,1.0,,,,,,,,,,,,,,,,,,,,,,,,,,0.5692995039024003,77.05944088,0.0,,,,,,,,,,,,,,,,,0.0,0.0,14.484375,0.0178132511149715,0.0,0.0,0.506953125,0.0623463789024002,0.5692995039024003,2548431,,,0.0001094015617541,Information
172894,3416.0,38325.73108,SDN,Sudan,West Kurdufan,2.476625335,0.0,0.28,1.0,,,,,,,,,,,,,,,,,,,,,,,,,,0.3785719217419303,49.5325067,0.0,,,,,,,,,,,,,,,,,0.0,0.0,8.578125,0.0223821562119801,0.0,0.0,0.300234375,0.0783375467419303,0.3785719217419303,840101,,,4.973637895099974e-07,Information
172914,3425.0,13285.56467,SSD,South Sudan,Central Equatoria,4.10837399,0.0,-9999.0,1.0,,,,,,,,,,,,,,,,,,,,,,,,,,4.08898650842471,82.1674798,0.0,,,,,,,,,,,,,,,,,0.0,0.0,66.65625,0.501719359549917,0.0,0.0,2.33296875,1.7560177584247094,4.08898650842471,177417,,,0.0704123820194101,Information
172915,3426.0,14902.4245,SSD,South Sudan,Central Equatoria,3.380142734,0.0,-9999.0,1.0,,,,,,,,,,,,,,,,,,,,,,,,,,20.97275396521,67.60285468000001,0.0,,,,,,,,,,,,,,,,,0.0,0.0,358.59375,2.4062779186314263,0.0,0.0,12.55078125,8.421972715209993,20.97275396521,974755,,,0.3318370533524333,Information
172916,3427.0,3980.927263,SSD,South Sudan,Central Equatoria,1.639280403,0.0,-9999.0,1.0,,,,,,,,,,,,,,,,,,,,,,,,,,0.4667088945418973,32.78560806,0.0,,,,,,,,,,,,,,,,,0.0,0.0,3.796875,0.0953766484405421,0.0,0.0,0.132890625,0.3338182695418973,0.4667088945418973,413171,,,3.348733697850579e-07,Information
172917,3428.0,1370.580074,SSD,South Sudan,Central Equatoria,1.192339944,0.0,-9999.0,1.0,,,,,,,,,,,,,,,,,,,,,,,,,,6.410744075468419,23.84679888,0.0,,,,,,,,,,,,,,,,,0.0,0.0,22.078125,1.6108599144195483,0.0,0.0,0.772734375,5.63800970046842,6.410744075468419,11895,,,0.0066660671406631,Information
172918,3429.0,5582.77868,SSD,South Sudan,Central Equatoria,2.295993204,0.0,-9999.0,1.0,,,,,,,,,,,,,,,,,,,,,,,,,,0.7830688109063056,45.91986408,0.0,,,,,,,,,,,,,,,,,0.0,0.0,8.015625,0.1435776959732302,0.0,0.0,0.280546875,0.5025219359063057,0.7830688109063056,479939,,,1.1427501344908971e-05,Information
172919,3430.0,2354.275706,SSD,South Sudan,Central Equatoria,3.198720389,0.0,-9999.0,1.0,,,,,,,,,,,,,,,,,,,,,,,,,,1.833787028999156,63.97440778,0.0,,,,,,,,,,,,,,,,,0.0,0.0,9.984375,0.424095401142616,0.0,0.0,0.349453125,1.484333903999156,1.833787028999156,112811,,,0.0014514073854018,Information
172921,3431.0,159.1497067,SSD,South Sudan,Eastern Equatoria,2.749262647,0.0,-9999.0,1.0,,,,,,,,,,,,,,,,,,,,,,,,,,0.3141825769894872,54.98525294,0.0,,,,,,,,,,,,,,,,,0.0,0.0,0.140625,0.0883602005684249,0.0,0.0,0.004921875,0.3092607019894872,0.3141825769894872,33328,,,3.439106272212444e-07,Information
172922,3432.0,3178.418164,SSD,South Sudan,Eastern Equatoria,2.518510674,0.0,-9999.0,1.0,,,,,,,,,,,,,,,,,,,,,,,,,,0.3469219279436257,50.37021348,0.0,,,,,,,,,,,,,,,,,0.0,0.0,2.390625,0.0752143008410359,0.0,0.0,0.083671875,0.2632500529436257,0.3469219279436257,524188,,,3.466221664312735e-07,Information
172923,3433.0,406.228087,SSD,South Sudan,Eastern Equatoria,3.779220033,0.0,-9999.0,1.0,,,,,,,,,,,,,,,,,,,,,,,,,,2.269480616937163,75.58440066,0.0,,,,,,,,,,,,,,,,,0.0,0.0,2.53125,0.623110533410618,0.0,0.0,0.08859375,2.180886866937163,2.269480616937163,21631,,,0.0087585310864733,Information
172925,3435.0,1690.368474,UGA,Uganda,Kitgum,3.698345086,0.0,0.44,0.78,,,,,,,,,,,,,,,,,,,,,,,,,,0.2723123778753437,73.96690172,0.0,,,,,,,,,,,,,,,,,0.0,0.0,1.125,0.0665535365358125,0.0,0.0,0.039375,0.2329373778753437,0.2723123778753437,66601,,,2.555560628245098e-06,Information
172929,3439.0,6827.210722,UGA,Uganda,Kitgum,2.548373048,0.0,0.44,0.78,,,,,,,,,,,,,,,,,,,,,,,,,,0.1213107828971377,50.96746096,0.0,,,,,,,,,,,,,,,,,0.0,0.0,1.40625,0.0205977236848965,0.0,0.0,0.04921875,0.0720920328971377,0.1213107828971377,277489,,,9.75206872046195e-10,Information
172944,3444.0,13093.5202,UGA,Uganda,Kamwenge,2.014983483,0.0,0.44,0.78,,,,,,,,,,,,,,,,,,,,,,,,,,4.531425025011531,40.29966966,0.0,,,,,,,,,,,,,,,,,0.0,0.0,73.40625,0.5606303642890088,0.0,0.0,2.56921875,1.9622062750115308,4.531425025011531,2616444,,,0.0049643721988289,Information
172945,3445.0,477.2641025,COD,Democratic Republic of the Congo,Nord-Kivu,0.090845636,0.0,0.32,0.94,,,,,,,,,,,,,,,,,,,,,,,,,,7.455362962788235,1.81691272,0.0,,,,,,,,,,,,,,,,,0.0,0.0,9.703125,2.0330724536537814,0.0,0.0,0.339609375,7.115753587788235,7.455362962788235,46387,,,0.0049701331156059,Information
172947,3447.0,3044.554927,COD,Democratic Republic of the Congo,Nord-Kivu,4.044387227,0.0,0.32,0.94,,,,,,,,,,,,,,,,,,,,,,,,,,3.690405430703481,80.88774454,0.0,,,,,,,,,,,,,,,,,0.0,0.0,24.609375,0.808307801629566,0.0,0.0,0.861328125,2.829077305703481,3.690405430703481,504538,,,0.050026839096842,Information
172952,3451.0,2322.702691,UGA,Uganda,Gulu,2.199640106,0.0,0.44,0.78,,,,,,,,,,,,,,,,,,,,,,,,,,1.1489353811672354,43.99280212,0.0,,,,,,,,,,,,,,,,,0.0,0.0,6.1875,0.2663922517620672,0.0,0.0,0.2165625,0.9323728811672352,1.1489353811672354,538000,,,5.081972579855075e-05,Information
172959,3458.0,342.041728,UGA,Uganda,Lira,4.016892996,0.0,0.44,0.78,,,,,,,,,,,,,,,,,,,,,,,,,,36.5159375,80.33785992,0.0,3.0,,,,,,,,,,,,,,,,0.0,0.0,43.3125,12.662928657995248,0.0,0.0,1.5159375,35.0,36.5159375,47795,2673.0,5.592635212888378,0.7320595564196655,Watch
172961,3459.0,442.0820697,UGA,Uganda,Lira,4.053660772,0.0,0.44,0.78,,,,,,,,,,,,,,,,,,,,,,,,,,29.412727703066235,81.07321544,0.0,3.0,,,,,,,,,,,,,,,,0.0,0.0,35.578125,8.047855236590353,0.0,0.0,1.245234375,28.16749332806624,29.412727703066235,37329,5183.0,13.884647325135955,0.6703389877997475,Watch
172968,3466.0,6686.564399,UGA,Uganda,Moroto,1.708849011,0.0,0.44,0.78,,,,,,,,,,,,,,,,,,,,,,,,,,0.5895704586262043,34.176980220000004,0.0,,,,,,,,,,,,,,,,,0.0,0.0,6.75,0.1009487024646298,0.0,0.0,0.23625,0.3533204586262042,0.5895704586262043,262553,,,1.2065925957237123e-06,Information
172971,3468.0,4126.768829,UGA,Uganda,Kamuli,3.688152509,0.0,0.44,0.78,,,,,,,,,,,,,,,,,,,,,,,,,,22.307518499014066,73.76305018,0.0,,,,,,,,,,,,,,,,,0.0,0.0,186.1875,4.511701714004019,0.0,0.0,6.5165625,15.790955999014066,22.307518499014066,1605187,,,0.4355564851474051,Advisory
172973,3470.0,1668.03515,UGA,Uganda,Lake Victoria,4.004637411,0.0,0.44,0.78,,,,,,,,,,,,,,,,,,,,,,,,,,31.12372295435664,80.09274822,0.0,3.0,,,,,,,,,,,,,,,,0.0,0.0,127.125,7.621242272673324,0.0,0.0,4.449375,26.67434795435664,31.12372295435664,231255,17174.0,7.4264340230481505,0.6725214031145691,Watch
172982,3476.0,5069.088189,MWI,Malawi,Mwanza,4.09793445,0.0,0.45,0.76,,,,,,,,,,,,,,,,,,,,,,,,,,2.45808552389016,81.958689,0.0,,,,,,,,,,,,,,,,,0.0,0.0,23.625,0.466060149682903,0.0,0.0,0.826875,1.6312105238901604,2.45808552389016,212320,,,0.0231153221200928,Information
172987,3481.0,1288.82943,MWI,Malawi,Mwanza,2.085226539,0.0,0.45,0.76,,,,,,,,,,,,,,,,,,,,,,,,,,6.164815501172429,41.704530780000006,0.0,,,,,,,,,,,,,,,,,0.0,0.0,20.109375,1.5602821074778368,0.0,0.0,0.703828125,5.460987376172429,6.164815501172429,127843,,,0.0123306850453864,Information
172988,3482.0,11940.32153,TZA,Tanzania,Simiyu,2.663121376,0.0,0.44,0.78,,,,,,,,,,,,,,,,,,,,,,,,,,1.3927663543659077,53.26242752,0.0,,,,,,,,,,,,,,,,,0.0,0.0,21.65625,0.181370744104545,0.0,0.0,0.75796875,0.6347976043659076,1.3927663543659077,1622935,,,0.0002213250173609,Information
172989,3483.0,18947.48341,TZA,Tanzania,Mara,4.017988308,0.0,0.44,0.78,,,,,,,,,,,,,,,,,,,,,,,,,,4.579384930293806,80.35976615999999,0.0,,,,,,,,,,,,,,,,,0.0,0.0,85.640625,0.4519894443696589,0.0,0.0,2.997421875,1.581963055293806,4.579384930293806,677074,,,0.0726941653749555,Information
172991,3484.0,9806.566103,TZA,Tanzania,Kagera,3.907009006,0.0,0.44,0.78,,,,,,,,,,,,,,,,,,,,,,,,,,5.556926023357569,78.14018012,0.0,,,,,,,,,,,,,,,,,0.0,0.0,78.609375,0.8015993995307338,0.0,0.0,2.751328125,2.8055978983575685,5.556926023357569,836989,,,0.0854050938213518,Information
172993,3486.0,6322.206542,TZA,Tanzania,Kagera,3.862419704,0.0,0.44,0.78,,,,,,,,,,,,,,,,,,,,,,,,,,0.2287248093160541,77.24839408,0.0,,,,,,,,,,,,,,,,,0.0,0.0,2.53125,0.0400374455188726,0.0,0.0,0.08859375,0.1401310593160541,0.2287248093160541,1010512,,,2.1137588275162024e-06,Information
172996,3489.0,12257.96048,BDI,Burundi,Karuzi,3.142991399,0.0,0.35,0.9,,,,,,,,,,,,,,,,,,,,,,,,,,0.96520927253743,62.85982798,0.0,,,,,,,,,,,,,,,,,0.0,0.0,15.1875,0.1238990778678371,0.0,0.0,0.5315625,0.4336467725374299,0.96520927253743,4672978,,,0.0001310642564081,Information
173000,3493.0,20982.76472,EGY,Egypt,Ash Sharqiyah,4.035599734,0.044428853,0.55,0.63,,,,,,,,,,,,,,,,,,,,,,,,,,57.51848154446071,80.71199468,0.8885770599999999,3.0,,,,,,,,,,,,,,,,0.0,0.0,1350.0,6.433851869845918,0.0,0.0,35.0,22.518481544460712,57.51848154446071,31237808,191838.0,0.6141211956997751,0.8627202975031996,Warning
181201,3495.0,4506.259891,MDG,Madagascar,Toliary,4.001257436,0.0,0.4,0.83,,,,,,,,,,,,,,,,,,,,,,,,,,1.5368855689884175,80.02514872,0.0,,,,,,,,,,,,,,,,,0.0,0.0,13.640625,0.3027039125681193,0.0,0.0,0.477421875,1.0594636939884174,1.5368855689884175,142810,,,0.005163013744505,Information
181205,3499.0,1257.31762,MDG,Madagascar,Toliary,3.946075013,0.0,0.4,0.83,,,,,,,,,,,,,,,,,,,,,,,,,,1.542369903124496,78.92150026,0.0,,,,,,,,,,,,,,,,,0.0,0.0,4.921875,0.3914583651784274,0.0,0.0,0.172265625,1.370104278124496,1.542369903124496,12278,,,0.0044622425200063,Information
181206,3500.0,10589.0281,MDG,Madagascar,Toliary,4.032995088,0.0,0.4,0.83,,,,,,,,,,,,,,,,,,,,,,,,,,0.3540886853921553,80.65990176,0.0,,,,,,,,,,,,,,,,,0.0,0.0,5.203125,0.0491369458263301,0.0,0.0,0.182109375,0.1719793103921553,0.3540886853921553,188688,,,3.1619296764825526e-05,Information
181207,3501.0,2502.081039,MDG,Madagascar,Fianarantsoa,3.102867642,0.0,0.4,0.83,,,,,,,,,,,,,,,,,,,,,,,,,,2.557672046836542,62.05735284,0.0,,,,,,,,,,,,,,,,,0.0,0.0,14.625,0.5845134419532977,0.0,0.0,0.511875,2.045797046836542,2.557672046836542,19987,,,0.0034985920607348,Information
181209,3503.0,2377.20876,MDG,Madagascar,Toliary,4.02217025,0.0,0.4,0.83,,,,,,,,,,,,,,,,,,,,,,,,,,0.5637786881824898,80.44340500000001,0.0,,,,,,,,,,,,,,,,,0.0,0.0,3.09375,0.1301421251949971,0.0,0.0,0.10828125,0.4554974381824898,0.5637786881824898,35703,,,0.0001952619660858,Information
181401,3505.0,5294.892779,MDG,Madagascar,Toliary,4.001653965,0.0,0.4,0.83,,,,,,,,,,,,,,,,,,,,,,,,,,1.052086786620516,80.0330793,0.0,,,,,,,,,,,,,,,,,0.0,0.0,10.40625,0.1965337247487189,0.0,0.0,0.36421875,0.6878680366205162,1.052086786620516,73715,,,0.0016236608586536,Information
181403,3507.0,5363.145769,MDG,Madagascar,Toliary,3.309589252,0.0,0.4,0.83,,,,,,,,,,,,,,,,,,,,,,,,,,1.1420264139212546,66.19178504,0.0,,,,,,,,,,,,,,,,,0.0,0.0,11.390625,0.2123870111203585,0.0,0.0,0.398671875,0.7433545389212547,1.1420264139212546,26082,,,0.0003521502284785,Information
181404,3508.0,4185.614748,MDG,Madagascar,Toliary,1.770529622,0.0,0.4,0.83,,,,,,,,,,,,,,,,,,,,,,,,,,0.4337034095435528,35.41059244,0.0,,,,,,,,,,,,,,,,,0.0,0.0,3.65625,0.0873527598695865,0.0,0.0,0.12796875,0.3057346595435528,0.4337034095435528,39328,,,2.815739925773027e-07,Information
181405,3509.0,4822.245547,MDG,Madagascar,Fianarantsoa,3.903887374,0.0,0.4,0.83,,,,,,,,,,,,,,,,,,,,,,,,,,1.830545941816775,78.07774748,0.0,,,,,,,,,,,,,,,,,0.0,0.0,17.015625,0.3528568762333643,0.0,0.0,0.595546875,1.2349990668167752,1.830545941816775,45439,,,0.006516103385128,Information
181406,3510.0,9808.245981,MDG,Madagascar,Fianarantsoa,2.537991303,0.0,0.4,0.83,,,,,,,,,,,,,,,,,,,,,,,,,,0.4671787811230764,50.75982606,0.0,,,,,,,,,,,,,,,,,0.0,0.0,6.609375,0.0673859017494504,0.0,0.0,0.231328125,0.2358506561230764,0.4671787811230764,264219,,,1.598396403121235e-06,Information
181407,3511.0,1423.224734,MDG,Madagascar,Toliary,4.038573929,0.0,0.4,0.83,,,,,,,,,,,,,,,,,,,,,,,,,,2.7653102152299804,80.77147858000001,0.0,,,,,,,,,,,,,,,,,0.0,0.0,9.84375,0.6916511329228515,0.0,0.0,0.34453125,2.4207789652299803,2.7653102152299804,5466,,,0.0262359482398318,Information
181408,3512.0,7737.713255,MDG,Madagascar,Fianarantsoa,3.292135959,0.0,0.4,0.83,,,,,,,,,,,,,,,,,,,,,,,,,,0.2933519139747609,65.84271918,0.0,,,,,,,,,,,,,,,,,0.0,0.0,3.65625,0.0472523325642174,0.0,0.0,0.12796875,0.1653831639747609,0.2933519139747609,348364,,,9.807152871421117e-07,Information
181500,16054.0,21703.50389,MDG,Madagascar,Menabe,4.09387891,3.820473137,0.4,0.83,,,,,,,,,,,,,,,,,,,,,,,,,,6.995533325923789,81.8775782,76.40946274,,,,,,,,,,,,,,,,,0.0,0.0,136.828125,0.6304425574067969,0.0,0.0,4.788984375,2.206548950923789,6.995533325923789,380893,,,0.1705794046945385,Information
181602,3515.0,16684.51459,MDG,Madagascar,Antananarivo,2.669288224,0.0,0.4,0.83,,,,,,,,,,,,,,,,,,,,,,,,,,4.849054027986819,53.385764480000006,0.0,,,,,,,,,,,,,,,,,0.0,0.0,86.625,0.519194007996234,0.0,0.0,3.031875,1.8171790279868192,4.849054027986819,1066687,,,0.0118140744628787,Information
181604,3517.0,7222.673157,MDG,Madagascar,Toliary,4.014519553,0.0,0.4,0.83,,,,,,,,,,,,,,,,,,,,,,,,,,1.4670441712538858,80.29039106,0.0,,,,,,,,,,,,,,,,,0.0,0.0,17.578125,0.2433742275011102,0.0,0.0,0.615234375,0.8518097962538858,1.4670441712538858,117082,,,0.0046903820329432,Information
181605,3518.0,1997.061817,MDG,Madagascar,Antananarivo,4.004280545,0.0,0.4,0.83,,,,,,,,,,,,,,,,,,,,,,,,,,2.5132338118516686,80.0856109,0.0,,,,,,,,,,,,,,,,,0.0,0.0,11.953125,0.598535553386191,0.0,0.0,0.418359375,2.0948744368516685,2.5132338118516686,24318,,,0.0192321548147185,Information
181606,3519.0,3556.240653,MDG,Madagascar,Antananarivo,2.748455911,0.0,0.4,0.83,,,,,,,,,,,,,,,,,,,,,,,,,,0.8630511570476244,54.969118220000006,0.0,,,,,,,,,,,,,,,,,0.0,0.0,6.46875,0.1818985448707498,0.0,0.0,0.22640625,0.6366449070476243,0.8630511570476244,226526,,,3.832661969694743e-05,Information
181607,3520.0,5830.934199,MDG,Madagascar,Fianarantsoa,4.011772884,0.0,0.4,0.83,,,,,,,,,,,,,,,,,,,,,,,,,,0.3207083185030042,80.23545768,0.0,,,,,,,,,,,,,,,,,0.0,0.0,3.375,0.0578809481437155,0.0,0.0,0.118125,0.2025833185030042,0.3207083185030042,131181,,,1.8852339488578144e-05,Information
181609,3522.0,4520.047934,MDG,Madagascar,Fianarantsoa,3.110291941,0.0,0.4,0.83,,,,,,,,,,,,,,,,,,,,,,,,,,0.3004064066148988,62.20583882,0.0,,,,,,,,,,,,,,,,,0.0,0.0,2.671875,0.0591116518899711,0.0,0.0,0.093515625,0.2068907816148988,0.3004064066148988,395358,,,6.664860814565867e-07,Information
181701,3523.0,821.0683698,MDG,Madagascar,Toliary,4.013436553,4.062882733,0.4,0.83,,,,,,,,,,,,,,,,,,,,,,,,,,6.810997139151771,80.26873106,81.25765466000001,,,,,,,,,,,,,,,,,0.0,0.0,14.765625,1.798342932614792,0.0,0.0,0.516796875,6.294200264151772,6.810997139151771,41718,,,0.1557100111871534,Information
181702,3524.0,13365.69471,MDG,Madagascar,Toliary,3.598031266,0.0,0.4,0.83,,,,,,,,,,,,,,,,,,,,,,,,,,2.133877192765009,71.96062532,0.0,,,,,,,,,,,,,,,,,0.0,0.0,34.875,0.2609291979328597,0.0,0.0,1.220625,0.9132521927650088,2.133877192765009,320139,,,0.005002316146894,Information
181703,3525.0,10540.08417,MDG,Madagascar,Mahajanga,4.09411427,3.667390559,0.4,0.83,,,,,,,,,,,,,,,,,,,,,,,,,,13.476125410100591,81.8822854,73.34781118000001,,,,,,,,,,,,,,,,,0.0,0.0,197.578125,1.8745402957430264,0.0,0.0,6.915234375,6.5608910351005925,13.476125410100591,228372,,,0.3836262916850321,Advisory
181704,3526.0,7965.38885,MDG,Madagascar,Mahajanga,4.053950906,0.0,0.4,0.83,,,,,,,,,,,,,,,,,,,,,,,,,,1.198902801936446,81.07901812,0.0,,,,,,,,,,,,,,,,,0.0,0.0,15.1875,0.1906686576961274,0.0,0.0,0.5315625,0.6673403019364459,1.198902801936446,42958,,,0.0029001276324537,Information
181705,3527.0,7273.813759,MDG,Madagascar,Mahajanga,4.096142354,0.0,0.4,0.83,,,,,,,,,,,,,,,,,,,,,,,,,,13.570281457632367,81.92284708000001,0.0,,,,,,,,,,,,,,,,,0.0,0.0,163.265625,2.2445670236092488,0.0,0.0,5.714296875,7.85598458263237,13.570281457632367,75284,,,0.3871454976716741,Advisory
181706,3528.0,8643.794636,MDG,Madagascar,Mahajanga,4.052935803,0.0,0.4,0.83,,,,,,,,,,,,,,,,,,,,,,,,,,5.106290594862102,81.05871606,0.0,,,,,,,,,,,,,,,,,0.0,0.0,67.640625,0.7825339199606006,0.0,0.0,2.367421875,2.738868719862102,5.106290594862102,102386,,,0.0949507348651579,Information
181707,3529.0,9328.842332,MDG,Madagascar,Mahajanga,4.154033005,0.0,0.4,0.83,,,,,,,,,,,,,,,,,,,,,,,,,,23.42446417698757,83.08066009999999,0.0,3.0,,,,,,,,,,,,,,,,0.0,0.0,323.015625,3.462547800567877,0.0,0.0,11.305546875,12.11891730198757,23.42446417698757,122391,3644.0,2.9773431052936896,0.6275319194651957,Watch
181708,3530.0,18974.45409,MDG,Madagascar,Mahajanga,4.047334457,0.0,0.4,0.83,,,,,,,,,,,,,,,,,,,,,,,,,,11.431567005371775,80.94668913999999,0.0,,,,,,,,,,,,,,,,,0.0,0.0,213.890625,1.127255751534793,0.0,0.0,7.486171875,3.945395130371775,11.431567005371775,224463,,,0.3047237334248396,Information
181801,3532.0,3379.11556,MDG,Madagascar,Mahajanga,4.022865117,0.0,0.4,0.83,,,,,,,,,,,,,,,,,,,,,,,,,,33.3040464281156,80.45730234000001,0.0,3.0,,,,,,,,,,,,,,,,0.0,0.0,240.328125,7.112160586604455,0.0,0.0,8.411484375,24.8925620531156,33.3040464281156,237803,12966.0,5.452412290845784,0.7030099323594837,Watch
181802,3533.0,12945.54537,MDG,Madagascar,Mahajanga,4.018928653,0.0,0.4,0.83,,,,,,,,,,,,,,,,,,,,,,,,,,2.939940317613086,80.37857306,0.0,,,,,,,,,,,,,,,,,0.0,0.0,47.390625,0.3660766978894532,0.0,0.0,1.658671875,1.281268442613086,2.939940317613086,276369,,,0.0288327043740673,Information
181806,3537.0,3705.430145,MDG,Madagascar,Mahajanga,4.006741481,0.0,0.4,0.83,,,,,,,,,,,,,,,,,,,,,,,,,,3.1130115376915466,80.13482961999999,0.0,,,,,,,,,,,,,,,,,0.0,0.0,24.046875,0.6489631179118704,0.0,0.0,0.841640625,2.2713709126915465,3.1130115376915466,33614,,,0.0319141444124786,Information
181808,3539.0,4869.234432,MDG,Madagascar,Antananarivo,3.210333856,0.0,0.4,0.83,,,,,,,,,,,,,,,,,,,,,,,,,,0.1352698515851574,64.20667712,0.0,,,,,,,,,,,,,,,,,0.0,0.0,1.265625,0.0259922790243307,0.0,0.0,0.044296875,0.0909729765851574,0.1352698515851574,104262,,,1.2147868041888032e-08,Information
181938,3550.0,4036.503858,MDG,Madagascar,Toamasina,4.137196959,0.0,0.4,0.83,,,,,,,,,,,,,,,,,,,,,,,,,,0.9242254367267008,82.74393918,0.0,,,,,,,,,,,,,,,,,0.0,0.0,7.59375,0.188126910493343,0.0,0.0,0.26578125,0.6584441867267006,0.9242254367267008,104082,,,0.0017114496939964,Information
181939,3551.0,2690.336754,MDG,Madagascar,Toamasina,4.097702034,1.052185068,0.4,0.83,,,,,,,,,,,,,,,,,,,,,,,,,,3.4592611563310656,81.95404068,21.04370136,,,,,,,,,,,,,,,,,0.0,0.0,20.953125,0.7788290803803044,0.0,0.0,0.733359375,2.725901781331065,3.4592611563310656,169372,,,0.0492808565865951,Information
181972,3556.0,7008.039276,MDG,Madagascar,Fianarantsoa,3.316011371,0.476216496,0.4,0.83,,,,,,,,,,,,,,,,,,,,,,,,,,0.8361541368155228,66.32022742000001,9.52432992,,,,,,,,,,,,,,,,,0.0,0.0,9.84375,0.1404636819472922,0.0,0.0,0.34453125,0.4916228868155227,0.8361541368155228,405822,,,0.0001095805934858,Information
181974,3558.0,2781.674406,MDG,Madagascar,Fianarantsoa,4.013909768,0.622708619,0.4,0.83,,,,,,,,,,,,,,,,,,,,,,,,,,0.2940054545848952,80.27819536000001,12.45417238,,,,,,,,,,,,,,,,,0.0,0.0,1.828125,0.0657203084528272,0.0,0.0,0.063984375,0.2300210795848952,0.2940054545848952,331853,,,1.3003305875505606e-05,Information
181975,3559.0,1508.08499,MDG,Madagascar,Fianarantsoa,4.140373166,4.102302358,0.4,0.83,,,,,,,,,,,,,,,,,,,,,,,,,,17.50224422613576,82.80746332,82.04604716,,,,,,,,,,,,,,,,,0.0,0.0,65.53125,4.34532870746736,0.0,0.0,2.29359375,15.20865047613576,17.50224422613576,232838,,,0.5071222327742291,Advisory
181976,3560.0,4434.45292,MDG,Madagascar,Fianarantsoa,4.002317621,3.304978685,0.4,0.83,,,,,,,,,,,,,,,,,,,,,,,,,,0.9131996059771854,80.04635242,66.09957370000001,,,,,,,,,,,,,,,,,0.0,0.0,8.015625,0.1807579231363387,0.0,0.0,0.280546875,0.6326527309771854,0.9131996059771854,565715,,,0.0010204579233906,Information
181991,3565.0,1184.795597,MDG,Madagascar,Fianarantsoa,1.506426573,1.244984154,0.4,0.83,,,,,,,,,,,,,,,,,,,,,,,,,,14.357329887927682,30.12853146,24.89968308,,,,,,,,,,,,,,,,,0.0,0.0,43.453125,3.667563003693623,0.0,0.0,1.520859375,12.83647051292768,14.357329887927682,142196,,,0.0567795090882463,Information
181992,3566.0,1539.832308,MDG,Madagascar,Fianarantsoa,3.516190978,0.0,0.4,0.83,,,,,,,,,,,,,,,,,,,,,,,,,,0.5901693253951369,70.32381956,0.0,,,,,,,,,,,,,,,,,0.0,0.0,2.25,0.1461198072557534,0.0,0.0,0.07875,0.5114193253951369,0.5901693253951369,121593,,,4.470069252883068e-05,Information
186000,,,,,,,,,,,,,,,,,,,,,,,,,,,,,,,,,,,35.14765625,,,,,,,,,,,,,,,,,,,0.0,0.0,4.21875,13.563573228889837,0.0,0.0,0.14765625,35.0,35.14765625,39,,,,Advisory
211012,3575.0,6278.319166,EGY,Egypt,Al Isma`iliyah,4.027328926,0.0,0.55,0.63,,,,,,,,,,,,,,,,,,,,,,,,,,23.25118662362241,80.54657852,0.0,,,,,,,,,,,,,,,,,0.0,0.0,256.21875,4.081008678177831,0.0,0.0,8.96765625,14.283530373622408,23.25118662362241,1336033,,,0.5707693474113826,Advisory
211013,3576.0,7778.241552,EGY,Egypt,Shamal Sina'',4.053340871,0.0,0.55,0.63,,,,,,,,,,,,,,,,,,,,,,,,,,23.140473869107343,81.06681741999999,0.0,,,,,,,,,,,,,,,,,0.0,0.0,289.265625,3.7189077126020993,0.0,0.0,10.124296875,13.016176994107347,23.140473869107343,254526,,,0.5795205664548339,Advisory
211014,3577.0,23910.33141,EGY,Egypt,Shamal Sina'',4.0810687,0.0,0.55,0.63,,,,,,,,,,,,,,,,,,,,,,,,,,0.2024300657660102,81.621374,0.0,,,,,,,,,,,,,,,,,0.0,0.0,4.078125,0.0170559116474315,0.0,0.0,0.142734375,0.0596956907660102,0.2024300657660102,100655,,,3.263622214172961e-06,Information
211015,3578.0,1959.617794,EGY,Egypt,Shamal Sina'',4.017249084,0.0,0.55,0.63,,,,,,,,,,,,,,,,,,,,,,,,,,0.3604605592077325,80.34498168,0.0,,,,,,,,,,,,,,,,,0.0,0.0,1.6875,0.0861137312022093,0.0,0.0,0.0590625,0.3013980592077325,0.3604605592077325,1061314,,,3.184494440332281e-05,Information
211035,3588.0,6802.879574,TUR,Turkey,Mersin,4.023760548,0.0,0.57,0.6,,,,,,,,,,,,,,,,,,,,,,,,,,4.48588233390995,80.47521096,0.0,,,,,,,,,,,,,,,,,0.0,0.0,51.890625,0.7627744168314142,0.0,0.0,1.816171875,2.66971045890995,4.48588233390995,1285654,,,0.0706794120408892,Information
211038,3591.0,2643.204771,TUR,Turkey,Isparta,3.010034404,0.0,0.57,0.6,,,,,,,,,,,,,,,,,,,,,,,,,,0.4237692573541686,60.200688080000006,0.0,,,,,,,,,,,,,,,,,0.0,0.0,2.53125,0.0957644306726196,0.0,0.0,0.08859375,0.3351755073541685,0.4237692573541686,30128,,,2.7806605948866566e-06,Information
211039,3592.0,364.1280423,TUR,Turkey,Antalya,2.684409093,0.0,0.57,0.6,,,,,,,,,,,,,,,,,,,,,,,,,,4.062629533522587,53.68818186,0.0,,,,,,,,,,,,,,,,,0.0,0.0,4.078125,1.1199700452921677,0.0,0.0,0.142734375,3.919895158522587,4.062629533522587,75854,,,0.0074754392932628,Information
211059,3603.0,4865.839396,TUR,Turkey,Kocaeli,3.719906,0.2334932,0.57,0.6,,,,,,,,,,,,,,,,,,,,,,,,,,18.630887885695337,74.39812,4.6698640000000005,,,,,,,,,,,,,,,,,0.0,0.0,174.234375,3.580767074484382,0.0,0.0,6.098203125,12.532684760695338,18.630887885695337,6278584,,,0.3753012784109697,Advisory
213025,3608.0,14.39782576,TUR,Turkey,Edirne,4.005961229,0.0,0.57,0.6,,,,,,,,,,,,,,,,,,,,,,,,,,35.12796875,80.11922458000001,0.0,3.0,,,,,,,,,,,,,,,,0.0,0.0,3.65625,25.39445927872152,0.0,0.0,0.12796875,35.0,35.12796875,5771,394.0,6.827239646508404,0.7154048664039824,Watch
213026,3609.0,5636.710479,BGR,Bulgaria,Kardzhali,2.529885175,0.0,0.7,0.42,,,,,,,,,,,,,,,,,,,,,,,,,,5.953011693305131,50.5977035,0.0,,,,,,,,,,,,,,,,,0.0,0.0,61.3125,1.087735483801466,0.0,0.0,2.1459375,3.80707419330513,5.953011693305131,230798,,,0.0171681665231805,Information
213028,3611.0,3380.530245,BGR,Bulgaria,Stara Zagora,0.496028512,0.0,0.7,0.42,,,,,,,,,,,,,,,,,,,,,,,,,,6.526252686903192,9.92057024,0.0,,,,,,,,,,,,,,,,,0.0,0.0,47.109375,1.3935498748294832,0.0,0.0,1.648828125,4.877424561903191,6.526252686903192,218739,,,0.0043342438669172,Information
213074,3621.0,10867.26136,GRC,Greece,Thessaly and Central Greece,2.072805803,0.0,0.72,0.39,,,,,,,,,,,,,,,,,,,,,,,,,,2.816386068599387,41.45611606,0.0,,,,,,,,,,,,,,,,,0.0,0.0,41.90625,0.3856192338855392,0.0,0.0,1.46671875,1.3496673185993873,2.816386068599387,532778,,,0.0012053844560703,Information
213076,3623.0,6823.41759,ALB,Albania,Gjirokastër,3.166283387,3.129174401,0.63,0.51,,,,,,,,,,,,,,,,,,,,,,,,,,1.2620489315510697,63.32566774,62.58348802,,,,,,,,,,,,,,,,,0.0,0.0,14.625,0.2143354090145913,0.0,0.0,0.511875,0.7501739315510696,1.2620489315510697,112275,,,0.0003767413172829,Information
213090,3628.0,5957.513059,BIH,Bosnia and Herzegovina,Repuplika Srpska,0.229529692,0.0,0.62,0.53,,,,,,,,,,,,,,,,,,,,,,,,,,1.0019461425153884,4.59059384,0.0,,,,,,,,,,,,,,,,,0.0,0.0,10.6875,0.1793953264329681,0.0,0.0,0.3740625,0.6278836425153883,1.0019461425153884,121680,,,2.6039592486292e-06,Information
213092,3629.0,7341.246634,BIH,Bosnia and Herzegovina,Federacija Bosna i Hercegovina,1.423083341,1.222524654,0.62,0.53,,,,,,,,,,,,,,,,,,,,,,,,,,1.232386537135264,28.46166682,24.45049308,,,,,,,,,,,,,,,,,0.0,0.0,14.90625,0.203047939181504,0.0,0.0,0.52171875,0.710667787135264,1.232386537135264,361571,,,2.440210673475424e-05,Information
213098,3633.0,3843.916045,SVN,Slovenia,Goriška,0.942842505,1.329174473,0.81,0.26,,,,,,,,,,,,,,,,,,,,,,,,,,0.4254287980775794,18.8568501,26.58348946,,,,,,,,,,,,,,,,,0.0,0.0,3.375,0.0878010851650227,0.0,0.0,0.118125,0.3073037980775794,0.4254287980775794,329255,,,1.2968431928815137e-07,Information
215002,3661.0,5937.425166,ITA,Italy,Campania,0.631106813,0.0,0.73,0.38,,,,,,,,,,,,,,,,,,,,,,,,,,0.1453259847986397,12.62213626,0.0,,,,,,,,,,,,,,,,,0.0,0.0,1.546875,0.0260529599424685,0.0,0.0,0.054140625,0.0911853597986397,0.1453259847986397,831481,,,7.818977406253946e-11,Information
215003,3662.0,337.1947892,ITA,Italy,Campania,0.422552961,0.0,0.73,0.38,,,,,,,,,,,,,,,,,,,,,,,,,,1.0562104623206523,8.45105922,0.0,,,,,,,,,,,,,,,,,0.0,0.0,0.984375,0.2919306678059007,0.0,0.0,0.034453125,1.0217573373206523,1.0562104623206523,65391,,,4.056383465993783e-06,Information
215004,3663.0,4128.052675,ITA,Italy,Lazio,0.355320517,0.0,0.73,0.38,,,,,,,,,,,,,,,,,,,,,,,,,,0.1684486965942588,7.10641034,0.0,,,,,,,,,,,,,,,,,0.0,0.0,1.40625,0.0340656990269311,0.0,0.0,0.04921875,0.1192299465942588,0.1684486965942588,659676,,,1.3721192391205362e-10,Information
216025,3672.0,4637.499194,FRA,France,Auvergne-Rhône-Alpes,0.611619261,0.0,0.75,0.35,,,,,,,,,,,,,,,,,,,,,,,,,,3.324508059800501,12.23238522,0.0,,,,,,,,,,,,,,,,,0.0,0.0,30.09375,0.6489219456572859,0.0,0.0,1.05328125,2.271226809800501,3.324508059800501,1171147,,,0.0005313646839469,Information
216029,3676.0,7849.235954,FRA,France,Bourgogne-Franche-Comté,1.814986088,0.0,0.75,0.35,,,,,,,,,,,,,,,,,,,,,,,,,,1.343086772683514,36.29972176,0.0,,,,,,,,,,,,,,,,,0.0,0.0,16.875,0.2149890779095755,0.0,0.0,0.590625,0.7524617726835142,1.343086772683514,888197,,,5.687512288773727e-05,Information
216032,3678.0,2627.038515,FRA,France,Occitanie,0.887869588,0.0,0.75,0.35,,,,,,,,,,,,,,,,,,,,,,,,,,1.3011529013235783,17.75739176,0.0,,,,,,,,,,,,,,,,,0.0,0.0,7.734375,0.2944142218067367,0.0,0.0,0.270703125,1.0304497763235785,1.3011529013235783,201824,,,1.688549880123799e-05,Information
216033,3679.0,1809.317623,FRA,France,Occitanie,0.095311499,0.0,0.75,0.35,,,,,,,,,,,,,,,,,,,,,,,,,,0.8352450643711439,1.90622998,0.0,,,,,,,,,,,,,,,,,0.0,0.0,3.65625,0.202078946963184,0.0,0.0,0.12796875,0.7072763143711439,0.8352450643711439,208647,,,9.398108765023842e-07,Information
216034,3680.0,5285.50604,FRA,France,Occitanie,1.461393986,0.0,0.75,0.35,,,,,,,,,,,,,,,,,,,,,,,,,,1.9358100298220664,29.22787972,0.0,,,,,,,,,,,,,,,,,0.0,0.0,19.125,0.3618385799491618,0.0,0.0,0.669375,1.2664350298220663,1.9358100298220664,323834,,,0.0001597588857242,Information
216035,3681.0,7045.699868,FRA,France,Occitanie,3.325057406,0.038457777,0.75,0.35,,,,,,,,,,,,,,,,,,,,,,,,,,15.813185042206545,66.50114812,0.76915554,,,,,,,,,,,,,,,,,0.0,0.0,186.75,2.6505528692018703,0.0,0.0,6.53625,9.276935042206546,15.813185042206545,870191,,,0.2264265205908213,Information
216036,16068.0,3177.972275,ESP,Spain,Cataluña,0.590788974,0.0,0.76,0.33,,,,,,,,,,,,,,,,,,,,,,,,,,0.204093449157557,11.81577948,0.0,,,,,,,,,,,,,,,,,0.0,0.0,1.40625,0.0442499140450163,0.0,0.0,0.04921875,0.154874699157557,0.204093449157557,524719,,,6.451288479497121e-10,Information
216037,3682.0,2788.683745,ESP,Spain,Cataluña,0.111771124,0.0,0.76,0.33,,,,,,,,,,,,,,,,,,,,,,,,,,6.545685880221594,2.23542248,0.0,,,,,,,,,,,,,,,,,0.0,0.0,40.78125,1.4623834657775985,0.0,0.0,1.42734375,5.118342130221595,6.545685880221594,3638596,,,0.003428029321669,Information
216038,3683.0,5011.305627,ESP,Spain,Cataluña,0.915502167,0.0,0.76,0.33,,,,,,,,,,,,,,,,,,,,,,,,,,0.1474341726203129,18.31004334,0.0,,,,,,,,,,,,,,,,,0.0,0.0,1.40625,0.0280615493200894,0.0,0.0,0.04921875,0.0982154226203129,0.1474341726203129,2330870,,,1.330823644203703e-10,Information
216039,3684.0,3382.814092,ESP,Spain,Cataluña,1.997932888,0.568840257,0.76,0.33,,,,,,,,,,,,,,,,,,,,,,,,,,12.987504994767974,39.95865776,11.376805139999998,,,,,,,,,,,,,,,,,0.0,0.0,93.796875,2.77274696279085,0.0,0.0,3.282890625,9.704614369767974,12.987504994767974,1275520,,,0.0628790589414659,Information
221005,3705.0,12335.92922,TUR,Turkey,Konya,0.633266021,0.0,0.57,0.6,,,,,,,,,,,,,,,,,,,,,,,,,,3.226051575406159,12.66532042,0.0,,,,,,,,,,,,,,,,,0.0,0.0,50.90625,0.4126665215446169,0.0,0.0,1.78171875,1.4443328254061591,3.226051575406159,560405,,,0.0004860340264024,Information
221006,3706.0,1180.575961,TUR,Turkey,Konya,4.070495757,0.0,0.57,0.6,,,,,,,,,,,,,,,,,,,,,,,,,,7.691034590473265,81.40991514,0.0,,,,,,,,,,,,,,,,,0.0,0.0,23.203125,1.9654072044209328,0.0,0.0,0.812109375,6.878925215473265,7.691034590473265,36400,,,0.1887334961108219,Information
221100,3710.0,3167.541259,TUR,Turkey,Kocaeli,1.243285894,0.0,0.57,0.6,,,,,,,,,,,,,,,,,,,,,,,,,,16.961627357468707,24.86571788,0.0,,,,,,,,,,,,,,,,,0.0,0.0,116.578125,3.68039799499106,0.0,0.0,4.080234375,12.881392982468707,16.961627357468707,1422817,,,0.0683328183297803,Information
221202,3712.0,2446.996619,TUR,Turkey,Bursa,4.013695892,0.0,0.57,0.6,,,,,,,,,,,,,,,,,,,,,,,,,,2.3283310546886806,80.27391784000001,0.0,,,,,,,,,,,,,,,,,0.0,0.0,13.078125,0.5344561941967658,0.0,0.0,0.457734375,1.8705966796886804,2.3283310546886806,323999,,,0.0163075378375127,Information
221204,3714.0,4608.422192,TUR,Turkey,Ankara,0.96749902,0.0,0.57,0.6,,,,,,,,,,,,,,,,,,,,,,,,,,4.274961373997508,19.3499804,0.0,,,,,,,,,,,,,,,,,0.0,0.0,38.53125,0.8361050354278594,0.0,0.0,1.34859375,2.926367623997508,4.274961373997508,73359,,,0.0016551834761906,Information
221206,3716.0,7176.567271,TUR,Turkey,Ankara,1.424740468,0.0,0.57,0.6,,,,,,,,,,,,,,,,,,,,,,,,,,2.073303410481724,28.49480936,0.0,,,,,,,,,,,,,,,,,0.0,0.0,24.75,0.3448724029947783,0.0,0.0,0.86625,1.207053410481724,2.073303410481724,5707501,,,0.0001995888426503,Information
221209,3719.0,10858.31926,TUR,Turkey,Eskisehir,3.015774861,0.0,0.57,0.6,,,,,,,,,,,,,,,,,,,,,,,,,,1.9571207839149063,60.315497220000005,0.0,,,,,,,,,,,,,,,,,0.0,0.0,29.109375,0.2680836168328304,0.0,0.0,1.018828125,0.9382926589149064,1.9571207839149063,1080154,,,0.0013084491965227,Information
221400,3721.0,3102.234401,TUR,Turkey,Kayseri,4.047024567,0.0,0.57,0.6,,,,,,,,,,,,,,,,,,,,,,,,,,7.608208758388394,80.94049134000001,0.0,,,,,,,,,,,,,,,,,0.0,0.0,51.46875,1.6590864309681126,0.0,0.0,1.80140625,5.806802508388394,7.608208758388394,92765,,,0.1792208764883518,Information
221402,3723.0,6973.291187,TUR,Turkey,Kastamonu,1.985353439,0.0,0.57,0.6,,,,,,,,,,,,,,,,,,,,,,,,,,3.234615067067809,39.70706878,0.0,,,,,,,,,,,,,,,,,0.0,0.0,37.96875,0.5444882334479454,0.0,0.0,1.32890625,1.905708817067809,3.234615067067809,257045,,,0.001720594177184,Information
221404,3725.0,3385.322494,TUR,Turkey,Çankiri,1.31294522,0.0,0.57,0.6,,,,,,,,,,,,,,,,,,,,,,,,,,1.595780759509096,26.2589044,0.0,,,,,,,,,,,,,,,,,0.0,0.0,11.53125,0.3406248598597417,0.0,0.0,0.40359375,1.192187009509096,1.595780759509096,61770,,,6.324425499366311e-05,Information
221406,3727.0,18804.50637,TUR,Turkey,Yozgat,1.50747243,0.0,0.57,0.6,,,,,,,,,,,,,,,,,,,,,,,,,,2.661360978172998,30.1494486,0.0,,,,,,,,,,,,,,,,,0.0,0.0,49.640625,0.2639826009065708,0.0,0.0,1.737421875,0.9239391031729978,2.661360978172998,455847,,,0.0005424703468364,Information
221408,3729.0,3587.371644,TUR,Turkey,Çankiri,1.95122731,0.0,0.57,0.6,,,,,,,,,,,,,,,,,,,,,,,,,,2.3488766379167663,39.0245462,0.0,,,,,,,,,,,,,,,,,0.0,0.0,17.71875,0.4939201108333618,0.0,0.0,0.62015625,1.7287203879167663,2.3488766379167663,99768,,,0.0005639067167456,Information
221602,3733.0,22688.74021,TUR,Turkey,Tokat,2.736425703,0.0,0.57,0.6,,,,,,,,,,,,,,,,,,,,,,,,,,7.417372086701298,54.72851406,0.0,,,,,,,,,,,,,,,,,0.0,0.0,147.09375,0.6483116676289422,0.0,0.0,5.14828125,2.269090836701298,7.417372086701298,1153052,,,0.0352369563594065,Information
221604,3735.0,1625.046877,TUR,Turkey,Giresun,1.614401454,0.0,0.57,0.6,,,,,,,,,,,,,,,,,,,,,,,,,,0.3520946281703899,32.28802908,0.0,,,,,,,,,,,,,,,,,0.0,0.0,1.40625,0.08653596519154,0.0,0.0,0.04921875,0.3028758781703899,0.3520946281703899,11635,,,7.237387675135512e-08,Information
221607,3738.0,399.4789768,TUR,Turkey,Giresun,3.643800486,0.0,0.57,0.6,,,,,,,,,,,,,,,,,,,,,,,,,,1.921938520749853,72.87600972,0.0,,,,,,,,,,,,,,,,,0.0,0.0,2.109375,0.5280315416428152,0.0,0.0,0.073828125,1.848110395749853,1.921938520749853,2337,,,0.0040594559879949,Information
221608,3739.0,1412.953757,TUR,Turkey,Erzincan,1.329495369,0.0,0.57,0.6,,,,,,,,,,,,,,,,,,,,,,,,,,0.6360930806627187,26.58990738,0.0,,,,,,,,,,,,,,,,,0.0,0.0,2.25,0.1592408801893482,0.0,0.0,0.07875,0.5573430806627188,0.6360930806627187,8247,,,1.0247972920928332e-06,Information
221609,3740.0,3052.921427,TUR,Turkey,Gümüshane,2.192451584,0.0,0.57,0.6,,,,,,,,,,,,,,,,,,,,,,,,,,0.5260931961655055,43.84903168,0.0,,,,,,,,,,,,,,,,,0.0,0.0,3.515625,0.115156091761573,0.0,0.0,0.123046875,0.4030463211655055,0.5260931961655055,38661,,,1.5036484162223391e-06,Information
221901,16071.0,2981.839048,GEO,Georgia,Guria,4.049469227,0.0,0.67,0.46,,,,,,,,,,,,,,,,,,,,,,,,,,2.2070889033544137,80.98938454,0.0,,,,,,,,,,,,,,,,,0.0,0.0,14.484375,0.4857530795298325,0.0,0.0,0.506953125,1.7001357783544138,2.2070889033544137,382587,,,0.0156466463896544,Information
221904,3745.0,4060.840418,GEO,Georgia,Samegrelo-Zemo Svaneti,3.120822832,0.0,0.67,0.46,,,,,,,,,,,,,,,,,,,,,,,,,,0.5623929605173015,62.41645664,0.0,,,,,,,,,,,,,,,,,0.0,0.0,4.640625,0.1142774530049433,0.0,0.0,0.162421875,0.3999710855173015,0.5623929605173015,110630,,,1.3221301630107484e-05,Information
221906,3747.0,2091.549231,GEO,Georgia,Abkhazia,4.029736475,0.0,0.67,0.46,,,,,,,,,,,,,,,,,,,,,,,,,,1.7641525070617354,80.5947295,0.0,,,,,,,,,,,,,,,,,0.0,0.0,8.71875,0.4168560734462101,0.0,0.0,0.30515625,1.4589962570617354,1.7641525070617354,5825,,,0.0082452616838138,Information
221908,3749.0,1547.385816,GEO,Georgia,Abkhazia,4.07761346,0.0,0.67,0.46,,,,,,,,,,,,,,,,,,,,,,,,,,0.293836425203398,81.55226920000001,0.0,,,,,,,,,,,,,,,,,0.0,0.0,1.125,0.072703264343828,0.0,0.0,0.039375,0.254461425203398,0.293836425203398,11813,,,1.7390030172797743e-05,Information
222022,3752.0,3205.049838,RUS,Russia,Krasnodar,1.091225462,0.0,0.65,0.49,,,,,,,,,,,,,,,,,,,,,,,,,,2.0481285482286657,21.82450924,0.0,,,,,,,,,,,,,,,,,0.0,0.0,14.203125,0.4431483352081902,0.0,0.0,0.497109375,1.5510191732286658,2.0481285482286657,258778,,,0.0001352484236201,Information
222028,3758.0,3195.645202,RUS,Russia,Krasnodar,1.128970541,0.0,0.65,0.49,,,,,,,,,,,,,,,,,,,,,,,,,,0.2438843317670689,22.57941082,0.0,,,,,,,,,,,,,,,,,0.0,0.0,1.6875,0.052806237647734,0.0,0.0,0.0590625,0.1848218317670689,0.2438843317670689,110875,,,4.197880825836317e-09,Information
222050,3762.0,1708.919741,RUS,Russia,Krasnodar,0.299015032,0.0,0.65,0.49,,,,,,,,,,,,,,,,,,,,,,,,,,5.159613530915004,5.98030064,0.0,,,,,,,,,,,,,,,,,0.0,0.0,21.515625,1.259019044547144,0.0,0.0,0.753046875,4.406566655915004,5.159613530915004,141743,,,0.0018501429912327,Information
222070,3764.0,2338.493033,RUS,Russia,Rostov,0.869268556,0.0,0.65,0.49,,,,,,,,,,,,,,,,,,,,,,,,,,2.025588498510575,17.38537112,0.0,,,,,,,,,,,,,,,,,0.0,0.0,10.96875,0.4690520710030215,0.0,0.0,0.38390625,1.641682248510575,2.025588498510575,30213,,,0.0001043167703132,Information
222080,3765.0,5004.963896,RUS,Russia,Rostov,1.599201159,0.0,0.65,0.49,,,,,,,,,,,,,,,,,,,,,,,,,,0.4131641366296272,31.98402318,0.0,,,,,,,,,,,,,,,,,0.0,0.0,3.9375,0.0786718961798935,0.0,0.0,0.1378125,0.2753516366296272,0.4131641366296272,127377,,,1.665794861838473e-07,Information
222090,3766.0,16.12034451,RUS,Russia,Rostov,0.565979208,0.0,0.65,0.49,,,,,,,,,,,,,,,,,,,,,,,,,,27.523160603496954,11.31958416,0.0,,,,,,,,,,,,,,,,,0.0,0.0,1.265625,7.851103922427701,0.0,0.0,0.044296875,27.47886372849696,27.523160603496954,5352,,,0.120998226824853,Information
223203,3770.0,533.9169996,RUS,Russia,Rostov,0.1708434,0.0,0.65,0.49,,,,,,,,,,,,,,,,,,,,,,,,,,18.15884951738812,3.416868,0.0,,,,,,,,,,,,,,,,,0.0,0.0,26.296875,4.925273969253746,0.0,0.0,0.920390625,17.238458892388113,18.15884951738812,1556,,,0.0473365399277597,Information
223205,3772.0,2994.805424,RUS,Russia,Rostov,1.153363074,0.0,0.65,0.49,,,,,,,,,,,,,,,,,,,,,,,,,,14.009917866901636,23.06726148,0.0,,,,,,,,,,,,,,,,,0.0,0.0,92.25,3.08033367625761,0.0,0.0,3.22875,10.781167866901637,14.009917866901636,19414,,,0.0442685021938763,Information
223209,3776.0,6332.992332,RUS,Russia,Stavropol',0.270723703,0.0,0.65,0.49,,,,,,,,,,,,,,,,,,,,,,,,,,1.3455295532836615,5.41447406,0.0,,,,,,,,,,,,,,,,,0.0,0.0,14.90625,0.2353745152239033,0.0,0.0,0.52171875,0.8238108032836615,1.3455295532836615,487511,,,1.0559629229255277e-05,Information
223405,3782.0,6457.474103,UKR,Ukraine,Luhans'k,2.920338611,0.0,0.61,0.54,,,,,,,,,,,,,,,,,,,,,,,,,,0.639736696140285,58.40677222,0.0,,,,,,,,,,,,,,,,,0.0,0.0,7.171875,0.1110631631829386,0.0,0.0,0.251015625,0.3887210711402851,0.639736696140285,1125374,,,1.4923146588411092e-05,Information
223409,3786.0,23174.05212,UKR,Ukraine,Kharkiv,3.016461936,0.0,0.61,0.54,,,,,,,,,,,,,,,,,,,,,,,,,,10.343158469340777,60.32923871999999,0.0,,,,,,,,,,,,,,,,,0.0,0.0,206.4375,0.890813134097364,0.0,0.0,7.2253125,3.117845969340774,10.343158469340777,2876810,,,0.0894274528346305,Information
223507,3793.0,10180.78358,RUS,Russia,Volgograd,1.755701118,0.0,0.65,0.49,,,,,,,,,,,,,,,,,,,,,,,,,,17.610212864925977,35.11402236,0.0,,,,,,,,,,,,,,,,,0.0,0.0,253.828125,2.49320813997885,0.0,0.0,8.883984375,8.726228489925974,17.610212864925977,129787,,,0.0960907908374182,Information
223508,3794.0,9398.574937,RUS,Russia,Volgograd,1.421949712,0.0,0.65,0.49,,,,,,,,,,,,,,,,,,,,,,,,,,3.3218969111252217,28.43899424,0.0,,,,,,,,,,,,,,,,,0.0,0.0,45.984375,0.4892696531786348,0.0,0.0,1.609453125,1.7124437861252215,3.3218969111252217,95267,,,0.0010702424857386,Information
223509,3795.0,4326.24081,RUS,Russia,Volgograd,1.550731574,0.0,0.65,0.49,,,,,,,,,,,,,,,,,,,,,,,,,,14.293932614316605,31.01463148,0.0,,,,,,,,,,,,,,,,,0.0,0.0,123.328125,2.850699496947601,0.0,0.0,4.316484375,9.977448239316605,14.293932614316605,31027,,,0.0577368729920119,Information
223601,3796.0,1025.870908,RUS,Russia,Volgograd,2.458060198,0.0,0.65,0.49,,,,,,,,,,,,,,,,,,,,,,,,,,0.3173964166787263,49.16120396,0.0,,,,,,,,,,,,,,,,,0.0,0.0,0.84375,0.0822471904796361,0.0,0.0,0.02953125,0.2878651666787263,0.3173964166787263,8144,,,1.924646680235152e-07,Information
223602,3797.0,2147.836569,RUS,Russia,Volgograd,3.101837303,0.0,0.65,0.49,,,,,,,,,,,,,,,,,,,,,,,,,,2.2548274163664432,62.03674606,0.0,,,,,,,,,,,,,,,,,0.0,0.0,11.390625,0.5303301546761265,0.0,0.0,0.398671875,1.856155541366443,2.2548274163664432,48345,,,0.0023747860162942,Information
223603,3798.0,7588.636518,RUS,Russia,Volgograd,0.995203833,0.0,0.65,0.49,,,,,,,,,,,,,,,,,,,,,,,,,,1.768197208354691,19.90407666,0.0,,,,,,,,,,,,,,,,,0.0,0.0,21.796875,0.2872304523870546,0.0,0.0,0.762890625,1.005306583354691,1.768197208354691,107405,,,6.857161350444128e-05,Information
223605,3800.0,1989.113029,RUS,Russia,Volgograd,2.012827738,0.0,0.65,0.49,,,,,,,,,,,,,,,,,,,,,,,,,,1.512963142933606,40.25655476,0.0,,,,,,,,,,,,,,,,,0.0,0.0,7.171875,0.360556433695316,0.0,0.0,0.251015625,1.261947517933606,1.512963142933606,31175,,,0.0001184646768139,Information
223606,3801.0,3380.814184,RUS,Russia,Saratov,0.443247628,0.0,0.65,0.49,,,,,,,,,,,,,,,,,,,,,,,,,,0.1753211566879507,8.86495256,0.0,,,,,,,,,,,,,,,,,0.0,0.0,1.265625,0.0374355090537002,0.0,0.0,0.044296875,0.1310242816879507,0.1753211566879507,62969,,,2.007052450000773e-10,Information
223607,3802.0,156.3834545,RUS,Russia,Saratov,2.118001699,0.0,0.65,0.49,,,,,,,,,,,,,,,,,,,,,,,,,,4.1554897849049794,42.36003398,0.0,,,,,,,,,,,,,,,,,0.0,0.0,1.828125,1.1690015456871368,0.0,0.0,0.063984375,4.091505409904979,4.1554897849049794,969,,,0.0042719330862631,Information
223700,3805.0,376.3992675,RUS,Russia,Volgograd,2.082209152,0.0,0.65,0.49,,,,,,,,,,,,,,,,,,,,,,,,,,7.8696692169313565,41.64418304,0.0,,,,,,,,,,,,,,,,,0.0,0.0,8.15625,2.166914419123245,0.0,0.0,0.28546875,7.584200466931357,7.8696692169313565,1984,,,0.0225595177473492,Information
223801,3806.0,3988.712732,RUS,Russia,Volgograd,2.735079935,0.0,0.65,0.49,,,,,,,,,,,,,,,,,,,,,,,,,,0.8458077341827644,54.7015987,0.0,,,,,,,,,,,,,,,,,0.0,0.0,6.890625,0.172753102623647,0.0,0.0,0.241171875,0.6046358591827644,0.8458077341827644,20948,,,3.435126053304912e-05,Information
223803,3808.0,4990.200812,RUS,Russia,Volgograd,3.147011097,0.0,0.65,0.49,,,,,,,,,,,,,,,,,,,,,,,,,,0.7392477518006896,62.94022194,0.0,,,,,,,,,,,,,,,,,0.0,0.0,7.03125,0.1409011433716256,0.0,0.0,0.24609375,0.4931540018006896,0.7392477518006896,86683,,,4.526689588023061e-05,Information
223920,3816.0,5719.579328,RUS,Russia,Voronezh,1.905129766,0.0,0.65,0.49,,,,,,,,,,,,,,,,,,,,,,,,,,1.366245628792771,38.10259532,0.0,,,,,,,,,,,,,,,,,0.0,0.0,14.203125,0.2483246439407916,0.0,0.0,0.497109375,0.8691362537927706,1.366245628792771,145416,,,6.853075722927697e-05,Information
223930,3817.0,3483.785283,RUS,Russia,Voronezh,2.670865467,0.0,0.65,0.49,,,,,,,,,,,,,,,,,,,,,,,,,,3.3146698350300534,53.41730934,0.0,,,,,,,,,,,,,,,,,0.0,0.0,24.46875,0.702361024294301,0.0,0.0,0.85640625,2.4582635850300534,3.3146698350300534,100296,,,0.0041103173750221,Information
223970,3821.0,7774.276627,RUS,Russia,Voronezh,0.583685872,0.0,0.65,0.49,,,,,,,,,,,,,,,,,,,,,,,,,,0.6976766922858295,11.67371744,0.0,,,,,,,,,,,,,,,,,0.0,0.0,8.71875,0.1121486977959513,0.0,0.0,0.30515625,0.3925204422858295,0.6976766922858295,592384,,,6.458159757656012e-07,Information
224001,3824.0,1910.492353,RUS,Russia,Rostov,1.316116274,0.0,0.65,0.49,,,,,,,,,,,,,,,,,,,,,,,,,,13.43968535372082,26.322325480000003,0.0,,,,,,,,,,,,,,,,,0.0,0.0,61.59375,3.2239726010630907,0.0,0.0,2.15578125,11.283904103720818,13.43968535372082,428879,,,0.0444257034620189,Information
224002,3825.0,7074.605185,UKR,Ukraine,Donets'k,1.390461356,0.0,0.61,0.54,,,,,,,,,,,,,,,,,,,,,,,,,,2.0194260928743626,27.809227120000003,0.0,,,,,,,,,,,,,,,,,0.0,0.0,23.90625,0.3379163836783894,0.0,0.0,0.83671875,1.1827073428743629,2.0194260928743626,836152,,,0.0001741134041437,Information
224003,3826.0,3366.666943,UKR,Ukraine,Donets'k,2.10545318,0.0,0.61,0.54,,,,,,,,,,,,,,,,,,,,,,,,,,7.210741358329124,42.1090636,0.0,,,,,,,,,,,,,,,,,0.0,0.0,51.890625,1.541305566665464,0.0,0.0,1.816171875,5.394569483329124,7.210741358329124,140281,,,0.0186261102077859,Information
224004,3827.0,5032.745119,UKR,Ukraine,Donets'k,2.32410498,0.0,0.61,0.54,,,,,,,,,,,,,,,,,,,,,,,,,,1.190827777066425,46.4820996,0.0,,,,,,,,,,,,,,,,,0.0,0.0,11.390625,0.2263302577332643,0.0,0.0,0.398671875,0.792155902066425,1.190827777066425,1607683,,,7.079689657162551e-05,Information
224005,3828.0,6766.576274,UKR,Ukraine,Zaporizhzhya,2.293977833,0.0,0.61,0.54,,,,,,,,,,,,,,,,,,,,,,,,,,13.439638328583422,45.87955666,0.0,,,,,,,,,,,,,,,,,0.0,0.0,154.96875,2.290209165309549,0.0,0.0,5.42390625,8.015732078583422,13.439638328583422,331348,,,0.0818093555021683,Information
224006,3829.0,4709.122385,UKR,Ukraine,Zaporizhzhya,2.397280396,0.0,0.61,0.54,,,,,,,,,,,,,,,,,,,,,,,,,,3.228469281951685,47.94560792,0.0,,,,,,,,,,,,,,,,,0.0,0.0,29.53125,0.6271072948433386,0.0,0.0,1.03359375,2.194875531951685,3.228469281951685,274420,,,0.0027155934980492,Information
224007,3830.0,4712.011859,UKR,Ukraine,Zaporizhzhya,3.307488247,0.0,0.61,0.54,,,,,,,,,,,,,,,,,,,,,,,,,,5.101928348099212,66.14976494000001,0.0,,,,,,,,,,,,,,,,,0.0,0.0,46.6875,0.990818813742632,0.0,0.0,1.6340625,3.467865848099212,5.101928348099212,89639,,,0.029223688353203,Information
225111,3833.0,3801.136676,UKR,Ukraine,Mykolayiv,3.298555854,0.0,0.61,0.54,,,,,,,,,,,,,,,,,,,,,,,,,,11.973103968694703,65.97111708,0.0,,,,,,,,,,,,,,,,,0.0,0.0,94.21875,2.4786993481984867,0.0,0.0,3.29765625,8.675447718694704,11.973103968694703,412456,,,0.1481162245885099,Information
225115,3837.0,5988.295751,UKR,Ukraine,Dnipropetrovs'k,2.550841063,0.0,0.61,0.54,,,,,,,,,,,,,,,,,,,,,,,,,,0.893590256151235,51.01682126,0.0,,,,,,,,,,,,,,,,,0.0,0.0,9.5625,0.1596865017574957,0.0,0.0,0.3346875,0.558902756151235,0.893590256151235,377137,,,3.1142173139261826e-05,Information
225116,3838.0,2895.061888,UKR,Ukraine,Zaporizhzhya,2.452204483,0.0,0.61,0.54,,,,,,,,,,,,,,,,,,,,,,,,,,0.2411508758977076,49.04408966,0.0,,,,,,,,,,,,,,,,,0.0,0.0,1.546875,0.0534315002564879,0.0,0.0,0.054140625,0.1870102508977076,0.2411508758977076,89632,,,4.3183852226927926e-08,Information
225118,3840.0,2808.693735,UKR,Ukraine,Dnipropetrovs'k,1.430529642,0.0,0.61,0.54,,,,,,,,,,,,,,,,,,,,,,,,,,1.436517793574842,28.61059284,0.0,,,,,,,,,,,,,,,,,0.0,0.0,9.0,0.3204336553070978,0.0,0.0,0.315,1.1215177935748422,1.436517793574842,267939,,,4.69323242957647e-05,Information
225119,3841.0,150.1684809,UKR,Ukraine,Dnipropetrovs'k,0.014023549,0.0,0.61,0.54,,,,,,,,,,,,,,,,,,,,,,,,,,23.287511556861453,0.28047098,0.0,,,,,,,,,,,,,,,,,0.0,0.0,9.84375,6.555137230531844,0.0,0.0,0.34453125,22.94298030686145,23.287511556861453,131601,,,0.0729115822706184,Information
225120,3842.0,22784.90814,UKR,Ukraine,Dnipropetrovs'k,2.3129942,0.0,0.61,0.54,,,,,,,,,,,,,,,,,,,,,,,,,,3.817209835039642,46.259884,0.0,,,,,,,,,,,,,,,,,0.0,0.0,75.796875,0.3326626314398977,0.0,0.0,2.652890625,1.164319210039642,3.817209835039642,1381390,,,0.0040888932849228,Information
225130,3843.0,12999.09899,UKR,Ukraine,Dnipropetrovs'k,2.849311259,0.0,0.61,0.54,,,,,,,,,,,,,,,,,,,,,,,,,,8.377283703282329,56.98622518,0.0,,,,,,,,,,,,,,,,,0.0,0.0,135.28125,1.0406971295092369,0.0,0.0,4.73484375,3.642439953282329,8.377283703282329,1102820,,,0.0509201403321718,Information
225140,3844.0,14543.96094,UKR,Ukraine,Kharkiv,3.193017088,0.0,0.61,0.54,,,,,,,,,,,,,,,,,,,,,,,,,,2.566557573209741,63.86034176,0.0,,,,,,,,,,,,,,,,,0.0,0.0,43.453125,0.2987709137742119,0.0,0.0,1.520859375,1.0456981982097415,2.566557573209741,788420,,,0.0040866552212315,Information
225150,3845.0,2436.547905,UKR,Ukraine,Kirovohrad,4.017956885,0.0,0.61,0.54,,,,,,,,,,,,,,,,,,,,,,,,,,14.093482924740515,80.3591377,0.0,,,,,,,,,,,,,,,,,0.0,0.0,78.890625,3.2378031570687185,0.0,0.0,2.761171875,11.332311049740516,14.093482924740515,78447,,,0.3699824906708836,Advisory
225170,3847.0,7162.408456,UKR,Ukraine,Cherkasy,2.184792278,0.0,0.61,0.54,,,,,,,,,,,,,,,,,,,,,,,,,,6.863927916271303,43.69584556,0.0,,,,,,,,,,,,,,,,,0.0,0.0,81.84375,1.1426847617918008,0.0,0.0,2.86453125,3.999396666271303,6.863927916271303,493032,,,0.017667929968262,Information
225201,3850.0,8922.173601,UKR,Ukraine,Chernihiv,3.727111344,0.0,0.61,0.54,,,,,,,,,,,,,,,,,,,,,,,,,,3.8413046491631055,74.54222688,0.0,,,,,,,,,,,,,,,,,0.0,0.0,51.75,0.5800156140466017,0.0,0.0,1.81125,2.030054649163106,3.8413046491631055,564004,,,0.0292982210600901,Information
225206,3855.0,6063.269596,RUS,Russia,Bryansk,0.638966293,0.0,0.65,0.49,,,,,,,,,,,,,,,,,,,,,,,,,,2.438368030404707,12.77932586,0.0,,,,,,,,,,,,,,,,,0.0,0.0,26.296875,0.4337078301156306,0.0,0.0,0.920390625,1.517977405404707,2.438368030404707,107973,,,0.0001737053959964,Information
225207,3856.0,566.1795537,RUS,Russia,Bryansk,1.559940339,0.0,0.65,0.49,,,,,,,,,,,,,,,,,,,,,,,,,,13.686129750585255,31.19880678,0.0,,,,,,,,,,,,,,,,,0.0,0.0,20.953125,3.7007915358815016,0.0,0.0,0.733359375,12.952770375585256,13.686129750585255,25626,,,0.0531728696773357,Information
225208,3857.0,5384.55366,RUS,Russia,Bryansk,0.614269875,0.0,0.65,0.49,,,,,,,,,,,,,,,,,,,,,,,,,,1.1390709873104208,12.285397499999998,0.0,,,,,,,,,,,,,,,,,0.0,0.0,11.390625,0.2115426035172631,0.0,0.0,0.398671875,0.7403991123104208,1.1390709873104208,85509,,,6.999547282284069e-06,Information
225209,3858.0,19199.11834,RUS,Russia,Bryansk,1.30856601,0.0,0.65,0.49,,,,,,,,,,,,,,,,,,,,,,,,,,10.457200586993704,26.1713202,0.0,,,,,,,,,,,,,,,,,0.0,0.0,196.453125,1.023240346283915,0.0,0.0,6.875859375,3.5813412119937027,10.457200586993704,832673,,,0.0253236284904078,Information
225410,3860.0,1218.819154,UKR,Ukraine,Kiev,0.233848634,0.0,0.61,0.54,,,,,,,,,,,,,,,,,,,,,,,,,,32.98145688714888,4.67697268,0.0,,,,,,,,,,,,,,,,,0.0,0.0,102.375,8.39952339632825,0.0,0.0,3.583125,29.39833188714888,32.98145688714888,856,,,0.1442709050115146,Information
225420,3861.0,8147.103376,UKR,Ukraine,Zhytomyr,3.65939685,0.0,0.61,0.54,,,,,,,,,,,,,,,,,,,,,,,,,,9.263847027494364,73.18793699999999,0.0,,,,,,,,,,,,,,,,,0.0,0.0,118.828125,1.4585321864269611,0.0,0.0,4.158984375,5.104862652494364,9.263847027494364,175524,,,0.1439516412088767,Information
225430,3862.0,11469.83554,BLR,Belarus,Homyel'',1.186861585,0.0,0.67,0.46,,,,,,,,,,,,,,,,,,,,,,,,,,16.703208830685863,23.7372317,0.0,,,,,,,,,,,,,,,,,0.0,0.0,254.953125,2.2228141301959607,0.0,0.0,8.923359375,7.779849455685863,16.703208830685863,234358,,,0.0644336194995542,Information
225440,3863.0,9537.573558,BLR,Belarus,Minsk,2.229492933,0.0,0.67,0.46,,,,,,,,,,,,,,,,,,,,,,,,,,14.417811490956218,44.58985866,0.0,,,,,,,,,,,,,,,,,0.0,0.0,201.09375,2.108437211701777,0.0,0.0,7.03828125,7.379530240956219,14.417811490956218,106011,,,0.0891031697836157,Information
225463,3867.0,421.3397382,BLR,Belarus,Brest,2.078371887,0.0,0.67,0.46,,,,,,,,,,,,,,,,,,,,,,,,,,2.9216820656042715,41.56743774,0.0,,,,,,,,,,,,,,,,,0.0,0.0,3.375,0.8010163044583632,0.0,0.0,0.118125,2.8035570656042714,2.9216820656042715,24603,,,0.0013690163844685,Information
225465,3869.0,607.9709196,BLR,Belarus,Brest,1.785221287,0.0,0.67,0.46,,,,,,,,,,,,,,,,,,,,,,,,,,4.379759564954345,35.70442574,0.0,,,,,,,,,,,,,,,,,0.0,0.0,7.171875,1.1796411257012414,0.0,0.0,0.251015625,4.128743939954345,4.379759564954345,5755,,,0.0036102801515678,Information
225467,3871.0,6815.075535,UKR,Ukraine,Volyn,3.180552528,0.0,0.61,0.54,,,,,,,,,,,,,,,,,,,,,,,,,,5.015437009010423,63.61105056,0.0,,,,,,,,,,,,,,,,,0.0,0.0,58.078125,0.8522007525744068,0.0,0.0,2.032734375,2.9827026340104235,5.015437009010423,503754,,,0.0237539172880409,Information
225469,3873.0,2220.995012,UKR,Ukraine,Rivne,3.259390076,0.0,0.61,0.54,,,,,,,,,,,,,,,,,,,,,,,,,,8.016434981253324,65.18780152,0.0,,,,,,,,,,,,,,,,,0.0,0.0,41.625,1.8741599946438072,0.0,0.0,1.456875,6.559559981253325,8.016434981253324,159029,,,0.0709877501212047,Information
225490,3876.0,12018.97502,UKR,Ukraine,Rivne,2.255900905,0.0,0.61,0.54,,,,,,,,,,,,,,,,,,,,,,,,,,7.745570476690844,45.1180181,0.0,,,,,,,,,,,,,,,,,0.0,0.0,120.796875,1.005051386197384,0.0,0.0,4.227890625,3.517679851690844,7.745570476690844,944636,,,0.0251112535834984,Information
225601,3878.0,3768.65942,BLR,Belarus,Homyel'',0.805204638,0.0,0.67,0.46,,,,,,,,,,,,,,,,,,,,,,,,,,1.5824063538734905,16.10409276,0.0,,,,,,,,,,,,,,,,,0.0,0.0,12.375,0.3283661011067115,0.0,0.0,0.433125,1.1492813538734905,1.5824063538734905,538182,,,3.5841394607426844e-05,Information
225602,3879.0,10812.39203,RUS,Russia,Bryansk,1.732991535,0.0,0.65,0.49,,,,,,,,,,,,,,,,,,,,,,,,,,9.047616115499302,34.6598307,0.0,,,,,,,,,,,,,,,,,0.0,0.0,134.296875,1.2420644258569435,0.0,0.0,4.700390625,4.347225490499302,9.047616115499302,312168,,,0.024014842552489,Information
225603,3880.0,491.9603937,BLR,Belarus,Homyel'',0.45181142,0.0,0.67,0.46,,,,,,,,,,,,,,,,,,,,,,,,,,1.0496803854201031,9.0362284,0.0,,,,,,,,,,,,,,,,,0.0,0.0,1.40625,0.2858461815486009,0.0,0.0,0.04921875,1.0004616354201032,1.0496803854201031,56076,,,4.060373919920709e-06,Information
225605,3882.0,3960.373628,BLR,Belarus,Homyel'',0.679673625,0.0,0.67,0.46,,,,,,,,,,,,,,,,,,,,,,,,,,1.596170532651315,13.5934725,0.0,,,,,,,,,,,,,,,,,0.0,0.0,12.9375,0.3266737236146614,0.0,0.0,0.4528125,1.1433580326513149,1.596170532651315,46377,,,3.283445341421038e-05,Information
225606,3883.0,4931.435318,BLR,Belarus,Mahilyow,0.601100432,0.0,0.67,0.46,,,,,,,,,,,,,,,,,,,,,,,,,,3.651109686777633,12.02200864,0.0,,,,,,,,,,,,,,,,,0.0,0.0,34.453125,0.6986429462221809,0.0,0.0,1.205859375,2.445250311777633,3.651109686777633,65408,,,0.0007311688647171,Information
225608,3885.0,6498.000231,RUS,Russia,Smolensk,0.608444251,0.0,0.65,0.49,,,,,,,,,,,,,,,,,,,,,,,,,,1.9244333899428083,12.16888502,0.0,,,,,,,,,,,,,,,,,0.0,0.0,21.65625,0.333275611412231,0.0,0.0,0.75796875,1.1664646399428085,1.9244333899428083,72761,,,6.6513996116712e-05,Information
225700,3887.0,2649.471397,BLR,Belarus,Homyel'',2.484386861,0.0,0.67,0.46,,,,,,,,,,,,,,,,,,,,,,,,,,6.838119889466348,49.68773722,0.0,,,,,,,,,,,,,,,,,0.0,0.0,40.921875,1.5445297898475276,0.0,0.0,1.432265625,5.405854264466347,6.838119889466348,94987,,,0.0229813322809866,Information
225800,3888.0,24950.54761,BLR,Belarus,Minsk,0.587106546,0.0,0.67,0.46,,,,,,,,,,,,,,,,,,,,,,,,,,38.809293014448,11.74213092,0.0,,,,,,,,,,,,,,,,,0.0,0.0,791.578125,3.172588182699429,0.0,0.0,27.705234375,11.104058639448002,38.809293014448,3104028,,,0.2056514033021919,Advisory
225901,3889.0,2230.971735,BLR,Belarus,Homyel'',0.638987193,0.0,0.67,0.46,,,,,,,,,,,,,,,,,,,,,,,,,,3.750699534028345,12.77974386,0.0,,,,,,,,,,,,,,,,,0.0,0.0,19.546875,0.8761596882938129,0.0,0.0,0.684140625,3.066558909028345,3.750699534028345,115602,,,0.0008262025975353,Information
225902,3890.0,4963.084029,BLR,Belarus,Mahilyow,0.680388067,0.0,0.67,0.46,,,,,,,,,,,,,,,,,,,,,,,,,,5.520049933254738,13.60776134,0.0,,,,,,,,,,,,,,,,,0.0,0.0,52.3125,1.054032123787068,0.0,0.0,1.8309375,3.689112433254738,5.520049933254738,60163,,,0.0029751202755695,Information
225903,3891.0,13865.13863,BLR,Belarus,Mahilyow,2.05752019,0.0,0.67,0.46,,,,,,,,,,,,,,,,,,,,,,,,,,7.878676590670621,41.1504038,0.0,,,,,,,,,,,,,,,,,0.0,0.0,130.78125,0.9432379544773204,0.0,0.0,4.57734375,3.301332840670621,7.878676590670621,997502,,,0.0221719707836001,Information
225904,3892.0,3293.297309,RUS,Russia,Smolensk,0.401831269,0.0,0.65,0.49,,,,,,,,,,,,,,,,,,,,,,,,,,6.536244004401778,8.03662538,0.0,,,,,,,,,,,,,,,,,0.0,0.0,46.265625,1.4048420369719368,0.0,0.0,1.619296875,4.916947129401779,6.536244004401778,60852,,,0.0040962974889127,Information
225905,3893.0,1286.581931,RUS,Russia,Smolensk,1.482088567,0.0,0.65,0.49,,,,,,,,,,,,,,,,,,,,,,,,,,5.09492244978426,29.64177134,0.0,,,,,,,,,,,,,,,,,0.0,0.0,16.59375,1.2897546285097885,0.0,0.0,0.58078125,4.51414119978426,5.09492244978426,19467,,,0.0043279295885849,Information
225906,3894.0,1440.873603,RUS,Russia,Smolensk,0.220842124,0.0,0.65,0.49,,,,,,,,,,,,,,,,,,,,,,,,,,18.95420706836966,4.41684248,0.0,,,,,,,,,,,,,,,,,0.0,0.0,68.203125,4.733456483819902,0.0,0.0,2.387109375,16.567097693369657,18.95420706836966,2662,,,0.0528344547980222,Information
225907,3895.0,2180.157125,RUS,Russia,Smolensk,0.19892181,0.0,0.65,0.49,,,,,,,,,,,,,,,,,,,,,,,,,,3.0797374824347434,3.9784362,0.0,,,,,,,,,,,,,,,,,0.0,0.0,15.75,0.7224249949813553,0.0,0.0,0.55125,2.5284874824347434,3.0797374824347434,63111,,,0.0002911490800001,Information
225908,3896.0,1308.117092,RUS,Russia,Smolensk,0.484235219,0.0,0.65,0.49,,,,,,,,,,,,,,,,,,,,,,,,,,0.4254752051195569,9.68470438,0.0,,,,,,,,,,,,,,,,,0.0,0.0,1.40625,0.1075018443198734,0.0,0.0,0.04921875,0.3762564551195569,0.4254752051195569,3886,,,4.21077895462223e-08,Information
225909,3897.0,1354.585432,RUS,Russia,Smolensk,2.214005645,0.0,0.65,0.49,,,,,,,,,,,,,,,,,,,,,,,,,,2.4754075539514,44.2801129,0.0,,,,,,,,,,,,,,,,,0.0,0.0,8.4375,0.6228843011289713,0.0,0.0,0.2953125,2.1800950539513995,2.4754075539514,65880,,,0.0009230599344705,Information
226010,3898.0,1094.765621,UKR,Ukraine,Mykolayiv,1.119927321,0.0,0.61,0.54,,,,,,,,,,,,,,,,,,,,,,,,,,17.158764111894953,22.39854642,0.0,,,,,,,,,,,,,,,,,0.0,0.0,48.375,4.418754031969987,0.0,0.0,1.693125,15.465639111894957,17.158764111894953,90991,,,0.065639541903483,Information
226026,3904.0,2462.661967,UKR,Ukraine,Odessa,4.001674159,0.0,0.61,0.54,,,,,,,,,,,,,,,,,,,,,,,,,,2.1171689585682185,80.03348318,0.0,,,,,,,,,,,,,,,,,0.0,0.0,11.953125,0.4853741667337767,0.0,0.0,0.418359375,1.6988095835682184,2.1171689585682185,66532,,,0.012416943435055,Information
226030,3908.0,2861.132465,UKR,Ukraine,Mykolayiv,3.048065667,0.0,0.61,0.54,,,,,,,,,,,,,,,,,,,,,,,,,,19.292491197369905,60.96131334,0.0,,,,,,,,,,,,,,,,,0.0,0.0,122.625,4.285890342105687,0.0,0.0,4.291875,15.000616197369904,19.292491197369905,52567,,,0.2404557910593358,Information
226040,3909.0,5393.103959,UKR,Ukraine,Odessa,3.508347981,0.0,0.61,0.54,,,,,,,,,,,,,,,,,,,,,,,,,,12.081377133386123,70.16695962,0.0,,,,,,,,,,,,,,,,,0.0,0.0,120.9375,2.242447038110321,0.0,0.0,4.2328125,7.848564633386124,12.081377133386123,132588,,,0.1830106047645374,Information
226062,,,,,,,,,,,,,,,,,,,,,,,,,,,,,,,,,,,1.946127352417724,,,,,,,,,,,,,,,,,,,0.0,0.0,24.328125,0.312755136405064,0.0,0.0,0.851484375,1.094642977417724,1.946127352417724,704404,,,,Information
226063,3913.0,20312.53564,UKR,Ukraine,Vinnytsya,3.010576785,0.0,0.61,0.54,,,,,,,,,,,,,,,,,,,,,,,,,,16.16622982399005,60.2115357,0.0,,,,,,,,,,,,,,,,,0.0,0.0,309.515625,1.5237665568542995,0.0,0.0,10.833046875,5.333182948990048,16.16622982399005,1164330,,,0.1838865448381348,Information
226064,3914.0,3372.838209,UKR,Ukraine,Ternopil',2.752247655,0.0,0.61,0.54,,,,,,,,,,,,,,,,,,,,,,,,,,1.5806789867752922,55.0449531,0.0,,,,,,,,,,,,,,,,,0.0,0.0,11.390625,0.3377163176500835,0.0,0.0,0.398671875,1.1820071117752922,1.5806789867752922,157274,,,0.0004072663132872,Information
226065,3915.0,1665.779646,UKR,Ukraine,Ternopil',3.060975192,0.0,0.61,0.54,,,,,,,,,,,,,,,,,,,,,,,,,,1.6545048128403008,61.21950384,0.0,,,,,,,,,,,,,,,,,0.0,0.0,6.75,0.4052156608115145,0.0,0.0,0.23625,1.4182548128403007,1.6545048128403008,104212,,,0.0008040991976013,Information
226066,3916.0,3923.048982,UKR,Ukraine,Ternopil',2.638496523,0.0,0.61,0.54,,,,,,,,,,,,,,,,,,,,,,,,,,3.493584047411173,52.769930460000005,0.0,,,,,,,,,,,,,,,,,0.0,0.0,28.125,0.7169168706889066,0.0,0.0,0.984375,2.509209047411173,3.493584047411173,485937,,,0.0046057588495111,Information
226068,3918.0,5942.878864,UKR,Ukraine,L'viv,1.541412153,0.0,0.61,0.54,,,,,,,,,,,,,,,,,,,,,,,,,,0.8846576774394777,30.82824306,0.0,,,,,,,,,,,,,,,,,0.0,0.0,9.421875,0.1585405864112793,0.0,0.0,0.329765625,0.5548920524394776,0.8846576774394777,1031489,,,6.528514663672082e-06,Information
226069,3919.0,2914.685968,UKR,Ukraine,L'viv,4.00788162,0.0,0.61,0.54,,,,,,,,,,,,,,,,,,,,,,,,,,0.5234002210079766,80.1576324,0.0,,,,,,,,,,,,,,,,,0.0,0.0,3.375,0.1157929202879933,0.0,0.0,0.118125,0.4052752210079766,0.5234002210079766,145224,,,0.0001388672873172,Information
226080,3921.0,5399.726709,UKR,Ukraine,Odessa,2.107971296,0.0,0.61,0.54,,,,,,,,,,,,,,,,,,,,,,,,,,5.755137052996629,42.15942592,0.0,,,,,,,,,,,,,,,,,0.0,0.0,57.65625,1.067762372284751,0.0,0.0,2.01796875,3.737168302996628,5.755137052996629,262591,,,0.0105107627670086,Information
227102,3924.0,3285.667767,UKR,Ukraine,Odessa,1.074393042,0.0,0.61,0.54,,,,,,,,,,,,,,,,,,,,,,,,,,12.95601102775474,21.487860840000003,0.0,,,,,,,,,,,,,,,,,0.0,0.0,91.546875,2.786248686501354,0.0,0.0,3.204140625,9.75187040275474,12.95601102775474,100539,,,0.0357968285820274,Information
227103,3925.0,343.6323077,UKR,Ukraine,Odessa,2.231349667,0.0,0.61,0.54,,,,,,,,,,,,,,,,,,,,,,,,,,37.200078125,44.62699334,0.0,,,,,,,,,,,,,,,,,0.0,0.0,62.859375,18.292626623241755,0.0,0.0,2.200078125,35.0,37.200078125,73727,,,0.3453956758527544,Advisory
227104,,,,,,,,,,,,,,,,,,,,,,,,,,,,,,,,,,,14.767798997184878,,,,,,,,,,,,,,,,,,,0.0,0.0,126.28125,2.9565586420528223,0.0,0.0,4.41984375,10.347955247184878,14.767798997184878,227002,,,,Information
227106,,,,,,,,,,,,,,,,,,,,,,,,,,,,,,,,,,,12.701936360282737,,,,,,,,,,,,,,,,,,,0.0,0.0,31.78125,3.311312174366496,0.0,0.0,1.11234375,11.589592610282736,12.701936360282737,52674,,,,Information
227107,3929.0,565.1551355,ROU,Romania,Tulcea,2.563044668,0.0,0.72,0.39,,,,,,,,,,,,,,,,,,,,,,,,,,16.009878212304294,51.26089336,0.0,,,,,,,,,,,,,,,,,0.0,0.0,24.46875,4.329563417801227,0.0,0.0,0.85640625,15.153471962304296,16.009878212304294,30252,,,0.132794998519685,Information
227109,3931.0,307.9981472,ROU,Romania,Tulcea,0.569149717,0.0,0.72,0.39,,,,,,,,,,,,,,,,,,,,,,,,,,36.156640625,11.382994340000002,0.0,,,,,,,,,,,,,,,,,0.0,0.0,33.046875,10.729569414760428,0.0,0.0,1.156640625,35.0,36.156640625,129038,,,0.1850027268239753,Advisory
227202,3933.0,5549.710687,ROU,Romania,Buzau,1.583464788,0.0,0.72,0.39,,,,,,,,,,,,,,,,,,,,,,,,,,1.8203566333435173,31.66929576,0.0,,,,,,,,,,,,,,,,,0.0,0.0,18.5625,0.334476895241005,0.0,0.0,0.6496875,1.1706691333435175,1.8203566333435173,324917,,,0.0001442981434122,Information
227204,3935.0,7324.054226,ROU,Romania,Vaslui,1.153684593,0.0,0.72,0.39,,,,,,,,,,,,,,,,,,,,,,,,,,2.572887736029192,23.07369186,0.0,,,,,,,,,,,,,,,,,0.0,0.0,31.078125,0.4243295317226264,0.0,0.0,1.087734375,1.4851533610291925,2.572887736029192,485985,,,0.0003396266906976,Information
227205,3936.0,1093.950928,ROU,Romania,Vrancea,3.322994441,0.0,0.72,0.39,,,,,,,,,,,,,,,,,,,,,,,,,,9.73315390091333,66.45988882,0.0,,,,,,,,,,,,,,,,,0.0,0.0,27.421875,2.506682364546666,0.0,0.0,0.959765625,8.77338827591333,9.73315390091333,61250,,,0.1080056625572796,Information
227206,3937.0,4442.859953,ROU,Romania,Bacau,2.3840503,0.0,0.72,0.39,,,,,,,,,,,,,,,,,,,,,,,,,,0.5760015564079294,47.681006,0.0,,,,,,,,,,,,,,,,,0.0,0.0,5.0625,0.1139468732594084,0.0,0.0,0.1771875,0.3988140564079294,0.5760015564079294,250177,,,3.256627982562724e-06,Information
227207,3938.0,1140.211409,ROU,Romania,Bacau,2.324678312,0.0,0.72,0.39,,,,,,,,,,,,,,,,,,,,,,,,,,15.19587501200347,46.49356624,0.0,,,,,,,,,,,,,,,,,0.0,0.0,44.4375,3.8973035748581344,0.0,0.0,1.5553125,13.64056251200347,15.19587501200347,88062,,,0.1040552836172172,Information
227208,3939.0,7033.445261,ROU,Romania,Neam?,2.245741361,0.0,0.72,0.39,,,,,,,,,,,,,,,,,,,,,,,,,,2.26474113383868,44.91482722,0.0,,,,,,,,,,,,,,,,,0.0,0.0,26.71875,0.3798813953824799,0.0,0.0,0.93515625,1.3295848838386797,2.26474113383868,418719,,,0.0007078762632809,Information
227310,3941.0,4746.263883,ROU,Romania,Braila,1.30813219,0.0,0.72,0.39,,,,,,,,,,,,,,,,,,,,,,,,,,33.29040890920464,26.1626438,0.0,,,,,,,,,,,,,,,,,0.0,0.0,306.140625,6.450139152629898,0.0,0.0,10.714921875,22.57548703420464,33.29040890920464,293676,,,0.212843010288414,Information
227340,3944.0,12679.76014,ROU,Romania,Dombovi?a,1.918051091,0.0,0.72,0.39,,,,,,,,,,,,,,,,,,,,,,,,,,4.912382750535604,38.36102182,0.0,,,,,,,,,,,,,,,,,0.0,0.0,78.46875,0.6188504287244585,0.0,0.0,2.74640625,2.1659765005356046,4.912382750535604,7394833,,,0.0057106838311973,Information
227371,3947.0,4239.829697,BGR,Bulgaria,Pleven,1.194707714,0.0,0.7,0.42,,,,,,,,,,,,,,,,,,,,,,,,,,5.653443663169788,23.89415428,0.0,,,,,,,,,,,,,,,,,0.0,0.0,48.09375,1.1343321180485109,0.0,0.0,1.68328125,3.970162413169788,5.653443663169788,220151,,,0.0046630869851177,Information
227372,3948.0,8679.449848,BGR,Bulgaria,Sofia,0.924550934,0.0,0.7,0.42,,,,,,,,,,,,,,,,,,,,,,,,,,3.071853223598355,18.49101868,0.0,,,,,,,,,,,,,,,,,0.0,0.0,40.78125,0.46985984959953,0.0,0.0,1.42734375,1.644509473598355,3.071853223598355,1661833,,,0.0005219272223381,Information
227373,3949.0,871.7070199,ROU,Romania,Dolj,1.239489317,0.0,0.72,0.39,,,,,,,,,,,,,,,,,,,,,,,,,,22.65083115404808,24.789786340000003,0.0,,,,,,,,,,,,,,,,,0.0,0.0,51.890625,5.952759794013737,0.0,0.0,1.816171875,20.83465927904808,22.65083115404808,44371,,,0.1150520983318786,Information
227374,3950.0,4303.692401,BGR,Bulgaria,Vratsa,1.201045131,0.0,0.7,0.42,,,,,,,,,,,,,,,,,,,,,,,,,,3.0099226951852165,24.02090262,0.0,,,,,,,,,,,,,,,,,0.0,0.0,25.875,0.6012279129100618,0.0,0.0,0.905625,2.1042976951852164,3.0099226951852165,175750,,,0.0006221108617453,Information
227375,3951.0,207.0773437,BGR,Bulgaria,Vratsa,0.90614552,0.0,0.7,0.42,,,,,,,,,,,,,,,,,,,,,,,,,,20.37880370447608,18.1229104,0.0,,,,,,,,,,,,,,,,,0.0,0.0,11.8125,5.704390344136023,0.0,0.0,0.4134375,19.96536620447608,20.37880370447608,12872,,,0.0821545853365766,Information
227376,3952.0,10179.38637,ROU,Romania,Gorj,2.237435131,0.0,0.72,0.39,,,,,,,,,,,,,,,,,,,,,,,,,,1.3952530296775438,44.74870262,0.0,,,,,,,,,,,,,,,,,0.0,0.0,20.109375,0.1975499727650125,0.0,0.0,0.703828125,0.6914249046775437,1.3952530296775438,822472,,,0.0001171596003727,Information
227378,3954.0,4936.360464,SRB,Serbia,Zajecarski,3.042572217,0.0,0.65,0.49,,,,,,,,,,,,,,,,,,,,,,,,,,0.819089181895684,60.85144434,0.0,,,,,,,,,,,,,,,,,0.0,0.0,7.734375,0.156681730541624,0.0,0.0,0.270703125,0.548386056895684,0.819089181895684,169775,,,5.5107963193180616e-05,Information
227383,3958.0,4217.59928,SRB,Serbia,Pomoravski,3.353051063,0.0,0.65,0.49,,,,,,,,,,,,,,,,,,,,,,,,,,0.3152427706729728,67.06102126,0.0,,,,,,,,,,,,,,,,,0.0,0.0,2.671875,0.0633506130494208,0.0,0.0,0.093515625,0.2217271456729728,0.3152427706729728,445951,,,1.6671836573780668e-06,Information
227384,3959.0,15685.38398,SRB,Serbia,Jablanicki,2.797162062,0.0,0.65,0.49,,,,,,,,,,,,,,,,,,,,,,,,,,1.1686635257135145,55.94324124,0.0,,,,,,,,,,,,,,,,,0.0,0.0,20.390625,0.1299976144895755,0.0,0.0,0.713671875,0.4549916507135143,1.1686635257135145,1096651,,,0.0001419204979463,Information
227385,3960.0,3069.606623,SRB,Serbia,Rasinski,2.161725556,0.0,0.65,0.49,,,,,,,,,,,,,,,,,,,,,,,,,,2.2632583335956884,43.23451112,0.0,,,,,,,,,,,,,,,,,0.0,0.0,15.1875,0.4947702381701966,0.0,0.0,0.5315625,1.7316958335956882,2.2632583335956884,266216,,,0.0006362224088234,Information
227386,3961.0,4743.626041,SRB,Serbia,Moravi?ki,2.782812779,0.0,0.65,0.49,,,,,,,,,,,,,,,,,,,,,,,,,,0.6883938089990822,55.65625558,0.0,,,,,,,,,,,,,,,,,0.0,0.0,6.328125,0.1334026954283092,0.0,0.0,0.221484375,0.4669094339990822,0.6883938089990822,369544,,,1.5542682979400775e-05,Information
227388,3963.0,2892.802356,XKO,Kosovo,Pristina,0.906049983,0.0,-9999.0,0.6,,,,,,,,,,,,,,,,,,,,,,,,,,0.504529980681729,18.12099966,0.0,,,,,,,,,,,,,,,,,0.0,0.0,3.234375,0.1118076730519226,0.0,0.0,0.113203125,0.3913268556817291,0.504529980681729,816762,,,1.7962698542052525e-07,Information
227389,3964.0,1198.571335,SRB,Serbia,Raški,2.211719703,0.0,0.65,0.49,,,,,,,,,,,,,,,,,,,,,,,,,,0.7817686218161342,44.23439406,0.0,,,,,,,,,,,,,,,,,0.0,0.0,2.390625,0.1994562133760383,0.0,0.0,0.083671875,0.6980967468161341,0.7817686218161342,93714,,,9.89026774908103e-06,Information
227390,3965.0,12351.70997,ROU,Romania,Timi?,2.305716145,0.0,0.72,0.39,,,,,,,,,,,,,,,,,,,,,,,,,,6.501852425639267,46.1143229,0.0,,,,,,,,,,,,,,,,,0.0,0.0,102.65625,0.8311096216112192,0.0,0.0,3.59296875,2.908883675639267,6.501852425639267,1108342,,,0.0172244540077467,Information
227402,3967.0,19962.00006,SRB,Serbia,Zlatiborski,3.225565452,0.0,0.65,0.49,,,,,,,,,,,,,,,,,,,,,,,,,,2.615174000048624,64.51130904,0.0,,,,,,,,,,,,,,,,,0.0,0.0,49.78125,0.249380071442464,0.0,0.0,1.74234375,0.872830250048624,2.615174000048624,650510,,,0.0045551984559176,Information
227405,3970.0,11624.60198,BIH,Bosnia and Herzegovina,Repuplika Srpska,2.618669458,0.0,0.62,0.53,,,,,,,,,,,,,,,,,,,,,,,,,,5.466066886272117,52.37338916,0.0,,,,,,,,,,,,,,,,,0.0,0.0,83.953125,0.7222021460777475,0.0,0.0,2.938359375,2.527707511272116,5.466066886272117,686197,,,0.015200263905809,Information
227406,3971.0,9925.486988,BIH,Bosnia and Herzegovina,Federacija Bosna i Hercegovina,1.412011044,0.0,0.62,0.53,,,,,,,,,,,,,,,,,,,,,,,,,,0.3458244893806783,28.24022088,0.0,,,,,,,,,,,,,,,,,0.0,0.0,4.921875,0.0495882469659081,0.0,0.0,0.172265625,0.1735588643806783,0.3458244893806783,349391,,,4.773332126596792e-08,Information
227500,3975.0,663.8969201,SRB,Serbia,Grad Beograd,1.097641723,0.0,0.65,0.49,,,,,,,,,,,,,,,,,,,,,,,,,,15.653485475416838,21.95283446,0.0,,,,,,,,,,,,,,,,,0.0,0.0,27.84375,4.193986921547668,0.0,0.0,0.97453125,14.678954225416838,15.653485475416838,231173,,,0.0540689065146365,Information
227622,3978.0,1542.811996,HUN,Hungary,Békés,0.018134516,0.0,0.78,0.31,,,,,,,,,,,,,,,,,,,,,,,,,,0.515533902485533,0.36269032,0.0,,,,,,,,,,,,,,,,,0.0,0.0,1.96875,0.1276079007101523,0.0,0.0,0.06890625,0.446627652485533,0.515533902485533,80458,,,7.044313414711312e-08,Information
227624,3980.0,1942.611838,ROU,Romania,Hunedoara,1.8605876,0.0,0.72,0.39,,,,,,,,,,,,,,,,,,,,,,,,,,1.391879689551732,37.211752,0.0,,,,,,,,,,,,,,,,,0.0,0.0,6.46875,0.3329924113004949,0.0,0.0,0.22640625,1.165473439551732,1.391879689551732,45532,,,6.973316437675117e-05,Information
227626,3982.0,6249.392586,ROU,Romania,Sibiu,3.279191804,0.0,0.72,0.39,,,,,,,,,,,,,,,,,,,,,,,,,,1.3309546032131654,65.58383608,0.0,,,,,,,,,,,,,,,,,0.0,0.0,14.625,0.2340227437751901,0.0,0.0,0.511875,0.8190796032131654,1.3309546032131654,375164,,,0.0005717115871046,Information
227627,3983.0,1137.57015,ROU,Romania,Alba,2.327586707,0.0,0.72,0.39,,,,,,,,,,,,,,,,,,,,,,,,,,0.7228265627220778,46.55173414,0.0,,,,,,,,,,,,,,,,,0.0,0.0,2.109375,0.1854281250634508,0.0,0.0,0.073828125,0.6489984377220778,0.7228265627220778,60078,,,8.41363131160856e-06,Information
227628,3984.0,2944.358754,ROU,Romania,Alba,3.158064038,0.0,0.72,0.39,,,,,,,,,,,,,,,,,,,,,,,,,,0.4760395942078871,63.16128076,0.0,,,,,,,,,,,,,,,,,0.0,0.0,3.09375,0.1050738126308249,0.0,0.0,0.10828125,0.3677583442078871,0.4760395942078871,158419,,,6.844108453392433e-06,Information
227629,3985.0,6716.531487,ROU,Romania,Mure?,2.202119786,0.0,0.72,0.39,,,,,,,,,,,,,,,,,,,,,,,,,,1.2739871124713793,44.04239572,0.0,,,,,,,,,,,,,,,,,0.0,0.0,14.625,0.2177463178489655,0.0,0.0,0.511875,0.7621121124713792,1.2739871124713793,483667,,,7.76483634464538e-05,Information
227670,3990.0,480.6506006,HUN,Hungary,Szabolcs-Szatmár-Bereg,4.055120579,0.0,0.78,0.31,,,,,,,,,,,,,,,,,,,,,,,,,,3.756274982182974,81.10241158,0.0,,,,,,,,,,,,,,,,,0.0,0.0,4.921875,1.0240026734808496,0.0,0.0,0.172265625,3.584009357182974,3.756274982182974,26602,,,0.0530897037538311,Information
227692,3993.0,11715.64674,UKR,Ukraine,Transcarpathia,4.009349686,0.0,0.61,0.54,,,,,,,,,,,,,,,,,,,,,,,,,,1.4596780003919552,80.18699372,0.0,,,,,,,,,,,,,,,,,0.0,0.0,22.5,0.1920508572548444,0.0,0.0,0.7875,0.6721780003919553,1.4596780003919552,840553,,,0.0045520151628161,Information
227694,3995.0,3154.380516,ROU,Romania,Satu Mare,1.804742564,0.0,0.72,0.39,,,,,,,,,,,,,,,,,,,,,,,,,,0.5747049399181566,36.09485128,0.0,,,,,,,,,,,,,,,,,0.0,0.0,3.9375,0.1248264114051876,0.0,0.0,0.1378125,0.4368924399181566,0.5747049399181566,213130,,,1.230717268899542e-06,Information
227696,3997.0,1918.681057,ROU,Romania,Maramure?,0.187105919,0.0,0.72,0.39,,,,,,,,,,,,,,,,,,,,,,,,,,0.3974654127449799,3.74211838,0.0,,,,,,,,,,,,,,,,,0.0,0.0,1.828125,0.0952802964985657,0.0,0.0,0.063984375,0.3334810377449799,0.3974654127449799,204519,,,2.0133332295339318e-08,Information
227697,3998.0,3835.745888,ROU,Romania,Salaj,1.941246706,0.0,0.72,0.39,,,,,,,,,,,,,,,,,,,,,,,,,,0.7989062936277131,38.82493412,0.0,,,,,,,,,,,,,,,,,0.0,0.0,6.328125,0.1649776910364895,0.0,0.0,0.221484375,0.5774219186277132,0.7989062936277131,159222,,,7.181043911550329e-06,Information
227698,3999.0,5017.329596,ROU,Romania,Bistri?a-N?s?ud,2.086252082,0.0,0.72,0.39,,,,,,,,,,,,,,,,,,,,,,,,,,0.6039966331496684,41.72504164,0.0,,,,,,,,,,,,,,,,,0.0,0.0,5.765625,0.114914216614191,0.0,0.0,0.201796875,0.4021997581496685,0.6039966331496684,262916,,,2.4460893542050005e-06,Information
227699,4000.0,3756.847293,ROU,Romania,Cluj,3.162173675,0.0,0.72,0.39,,,,,,,,,,,,,,,,,,,,,,,,,,1.189514908109825,63.2434735,0.0,,,,,,,,,,,,,,,,,0.0,0.0,9.28125,0.2470489023170929,0.0,0.0,0.32484375,0.8646711581098251,1.189514908109825,490506,,,0.0003009350959869,Information
227801,4002.0,2735.325296,HRV,Croatia,Osjecko-Baranjska,3.121864209,0.0,0.75,0.35,,,,,,,,,,,,,,,,,,,,,,,,,,8.249623743900727,62.43728418,0.0,,,,,,,,,,,,,,,,,0.0,0.0,50.625,1.850785355400208,0.0,0.0,1.771875,6.477748743900728,8.249623743900727,224268,,,0.0647793554065402,Information
227802,4003.0,1570.376023,HUN,Hungary,Baranya,1.678391473,0.0,0.78,0.31,,,,,,,,,,,,,,,,,,,,,,,,,,2.538472350716098,33.56782946,0.0,,,,,,,,,,,,,,,,,0.0,0.0,9.84375,0.6268403144903136,0.0,0.0,0.34453125,2.193941100716098,2.538472350716098,172874,,,0.000548057096537,Information
227806,4007.0,2308.115114,AUT,Austria,Kärnten,1.242227008,0.0,0.83,0.24,,,,,,,,,,,,,,,,,,,,,,,,,,2.83457805100834,24.84454016,0.0,,,,,,,,,,,,,,,,,0.0,0.0,15.1875,0.6580044431452399,0.0,0.0,0.5315625,2.30301555100834,2.83457805100834,219688,,,0.0005233464296277,Information
227808,4009.0,1384.933569,AUT,Austria,Kärnten,1.57590733,0.0,0.83,0.24,,,,,,,,,,,,,,,,,,,,,,,,,,0.809211664169336,31.5181466,0.0,,,,,,,,,,,,,,,,,0.0,0.0,2.8125,0.2030783326198103,0.0,0.0,0.0984375,0.710774164169336,0.809211664169336,52536,,,4.53437665147059e-06,Information
227809,4010.0,5830.166834,AUT,Austria,Kärnten,2.034269208,0.0,0.83,0.24,,,,,,,,,,,,,,,,,,,,,,,,,,1.523491166769246,40.68538416,0.0,,,,,,,,,,,,,,,,,0.0,0.0,16.03125,0.2749706905054989,0.0,0.0,0.56109375,0.962397416769246,1.523491166769246,216983,,,0.000125199633283,Information
227912,4012.0,4185.756941,HUN,Hungary,Bács-Kiskun,1.430583531,0.0,0.78,0.31,,,,,,,,,,,,,,,,,,,,,,,,,,8.557096964293235,28.61167062,0.0,,,,,,,,,,,,,,,,,0.0,0.0,72.140625,1.7234785969409243,0.0,0.0,2.524921875,6.032175089293235,8.557096964293235,179807,,,0.0169451955822989,Information
227913,4013.0,73.35727234,HUN,Hungary,Bács-Kiskun,4.04064475,0.0,0.78,0.31,,,,,,,,,,,,,,,,,,,,,,,,,,35.145116423123454,80.812895,0.0,3.0,,,,,,,,,,,,,,,,0.0,0.0,7.3125,9.96833683517813,0.0,0.0,0.2559375,34.88917892312345,35.145116423123454,173,0.0,0.0,0.7274926323008655,Watch
227914,4014.0,14923.12638,HUN,Hungary,Somogy,0.812157683,0.0,0.78,0.31,,,,,,,,,,,,,,,,,,,,,,,,,,11.187457739046284,16.24315366,0.0,,,,,,,,,,,,,,,,,0.0,0.0,191.390625,1.2825102468703666,0.0,0.0,6.698671875,4.488785864046283,11.187457739046284,987353,,,0.0220507609795323,Information
227916,4016.0,5159.663853,SVK,Slovakia,Banskobystrický,0.931066991,0.0,0.79,0.29,,,,,,,,,,,,,,,,,,,,,,,,,,1.489484428262034,18.62133982,0.0,,,,,,,,,,,,,,,,,0.0,0.0,14.484375,0.2807232295034382,0.0,0.0,0.506953125,0.9825313032620338,1.489484428262034,328145,,,3.157995521642872e-05,Information
227917,4017.0,46.6336842,HUN,Hungary,Komárom-Esztergom,2.050266528,0.0,0.78,0.31,,,,,,,,,,,,,,,,,,,,,,,,,,35.16734375,41.00533056,0.0,,,,,,,,,,,,,,,,,0.0,0.0,4.78125,10.252782042987612,0.0,0.0,0.16734375,35.0,35.16734375,4959,,,0.3024631960313353,Advisory
227918,4018.0,5452.087684,SVK,Slovakia,Banskobystrický,2.519164953,0.0,0.79,0.29,,,,,,,,,,,,,,,,,,,,,,,,,,0.7532665316480756,50.383299060000006,0.0,,,,,,,,,,,,,,,,,0.0,0.0,7.59375,0.1392815090423073,0.0,0.0,0.26578125,0.4874852816480755,0.7532665316480756,434105,,,1.4092039740292496e-05,Information
227930,4021.0,1431.732691,HUN,Hungary,Komárom-Esztergom,2.246892724,0.0,0.78,0.31,,,,,,,,,,,,,,,,,,,,,,,,,,4.519376672359227,44.93785448,0.0,,,,,,,,,,,,,,,,,0.0,0.0,16.171875,1.129531727816922,0.0,0.0,0.566015625,3.953361047359227,4.519376672359227,106131,,,0.0062081162421189,Information
227996,4032.0,3181.519737,DEU,Germany,Bayern,0.628460001,0.0,0.81,0.26,,,,,,,,,,,,,,,,,,,,,,,,,,0.3670573690492912,12.56920002,0.0,,,,,,,,,,,,,,,,,0.0,0.0,2.53125,0.0795610340140832,0.0,0.0,0.08859375,0.2784636190492912,0.3670573690492912,242506,,,2.2113423684888504e-08,Information
227999,4035.0,14788.90732,DEU,Germany,Baden-Württemberg,0.696539657,0.0,0.81,0.26,,,,,,,,,,,,,,,,,,,,,,,,,,3.4897333481656165,13.93079314,0.0,,,,,,,,,,,,,,,,,0.0,0.0,59.484375,0.4022229209044618,0.0,0.0,2.081953125,1.4077802231656165,3.4897333481656165,2098039,,,0.0006745470571933,Information
231409,4056.0,5650.858933,ESP,Spain,Castilla-La Mancha,0.18935923,0.0,0.76,0.33,,,,,,,,,,,,,,,,,,,,,,,,,,0.2453730132076789,3.7871846,0.0,,,,,,,,,,,,,,,,,0.0,0.0,2.53125,0.044794075202194,0.0,0.0,0.08859375,0.156779263207679,0.2453730132076789,154007,,,1.175134431550926e-09,Information
231806,4073.0,5411.677545,ESP,Spain,Castilla y León,0.618120126,0.0,0.76,0.33,,,,,,,,,,,,,,,,,,,,,,,,,,3.85461738831656,12.36240252,0.0,,,,,,,,,,,,,,,,,0.0,0.0,38.671875,0.7146005038047314,0.0,0.0,1.353515625,2.50110176331656,3.85461738831656,221911,,,0.0008922392085979,Information
231906,4081.0,2589.505043,ESP,Spain,Galicia,3.183124608,0.0,0.76,0.33,,,,,,,,,,,,,,,,,,,,,,,,,,0.9810843126506226,63.66249216,0.0,,,,,,,,,,,,,,,,,0.0,0.0,5.765625,0.2226535536144636,0.0,0.0,0.201796875,0.7792874376506226,0.9810843126506226,27158,,,0.0001519531330025,Information
231907,4082.0,831.3601131,ESP,Spain,Principado de Asturias,3.887292756,2.089083409,0.76,0.33,,,,,,,,,,,,,,,,,,,,,,,,,,5.771210303155836,77.74585512,41.78166818,,,,,,,,,,,,,,,,,0.0,0.0,12.65625,1.522354729473096,0.0,0.0,0.44296875,5.328241553155836,5.771210303155836,29117,,,0.0885647066396253,Information
232142,4089.0,11564.04855,FRA,France,Occitanie,2.020588015,0.0,0.75,0.35,,,,,,,,,,,,,,,,,,,,,,,,,,0.6149301360963415,40.4117603,0.0,,,,,,,,,,,,,,,,,0.0,0.0,9.421875,0.0814755745989547,0.0,0.0,0.329765625,0.2851645110963414,0.6149301360963415,394088,,,2.395873633801889e-06,Information
232143,4090.0,7250.05099,FRA,France,Occitanie,1.293610877,0.0,0.75,0.35,,,,,,,,,,,,,,,,,,,,,,,,,,1.2413257578989585,25.87221754,0.0,,,,,,,,,,,,,,,,,0.0,0.0,14.90625,0.2056020022568453,0.0,0.0,0.52171875,0.7196070078989586,1.2413257578989585,337045,,,2.16049159046209e-05,Information
232146,4093.0,5187.615313,FRA,France,Occitanie,0.430988268,0.0,0.75,0.35,,,,,,,,,,,,,,,,,,,,,,,,,,0.9798538815275584,8.61976536,0.0,,,,,,,,,,,,,,,,,0.0,0.0,9.5625,0.1843332518650167,0.0,0.0,0.3346875,0.6451663815275585,0.9798538815275584,245933,,,2.8749792560057807e-06,Information
232147,4094.0,995.6719801,FRA,France,Occitanie,2.297477247,0.0,0.75,0.35,,,,,,,,,,,,,,,,,,,,,,,,,,0.5435457069185136,45.94954494,0.0,,,,,,,,,,,,,,,,,0.0,0.0,1.40625,0.1412362734052896,0.0,0.0,0.04921875,0.4943269569185136,0.5435457069185136,135319,,,2.1169268671008627e-06,Information
232148,4095.0,3508.708841,FRA,France,Occitanie,1.104066695,0.0,0.75,0.35,,,,,,,,,,,,,,,,,,,,,,,,,,0.1894947097107396,22.0813339,0.0,,,,,,,,,,,,,,,,,0.0,0.0,1.40625,0.0400788456316399,0.0,0.0,0.04921875,0.1402759597107396,0.1894947097107396,233211,,,8.771657508506046e-10,Information
232149,4096.0,5303.742313,FRA,France,Occitanie,1.96250748,0.0,0.75,0.35,,,,,,,,,,,,,,,,,,,,,,,,,,0.5396714028698836,39.2501496,0.0,,,,,,,,,,,,,,,,,0.0,0.0,5.34375,0.1007543293913953,0.0,0.0,0.18703125,0.3526401528698835,0.5396714028698836,225667,,,1.158760807169815e-06,Information
232180,4100.0,9794.926719,FRA,France,Nouvelle-Aquitaine,1.157998349,1.440238075,0.75,0.35,,,,,,,,,,,,,,,,,,,,,,,,,,0.7360630327075939,23.15996698,28.8047615,,,,,,,,,,,,,,,,,0.0,0.0,10.40625,0.1062412236307411,0.0,0.0,0.36421875,0.3718442827075938,0.7360630327075939,647410,,,2.4170064290088293e-06,Information
232220,4103.0,22290.23975,FRA,France,Pays de la Loire,1.514585628,0.0,0.75,0.35,,,,,,,,,,,,,,,,,,,,,,,,,,1.4972916562590224,30.29171256,0.0,,,,,,,,,,,,,,,,,0.0,0.0,29.53125,0.1324851160740064,0.0,0.0,1.03359375,0.4636979062590224,1.4972916562590224,1607310,,,6.135165822608845e-05,Information
232250,4106.0,3723.098076,FRA,France,Centre-Val de Loire,1.691023135,0.0,0.75,0.35,,,,,,,,,,,,,,,,,,,,,,,,,,2.031871752893566,33.8204627,0.0,,,,,,,,,,,,,,,,,0.0,0.0,15.75,0.4230347865410188,0.0,0.0,0.55125,1.4806217528935657,2.031871752893566,231793,,,0.0002475311694783,Information
232260,4107.0,13694.9076,FRA,France,Centre-Val de Loire,1.672811173,0.0,0.75,0.35,,,,,,,,,,,,,,,,,,,,,,,,,,3.295622489733966,33.45622346,0.0,,,,,,,,,,,,,,,,,0.0,0.0,54.421875,0.3973876756382761,0.0,0.0,1.904765625,1.3908568647339663,3.295622489733966,700544,,,0.0013267479625754,Information
232304,4114.0,2058.725032,FRA,France,Bretagne,0.584420439,0.0,0.75,0.35,,,,,,,,,,,,,,,,,,,,,,,,,,0.2018048813952969,11.68840878,0.0,,,,,,,,,,,,,,,,,0.0,0.0,0.984375,0.0478147875415134,0.0,0.0,0.034453125,0.1673517563952969,0.2018048813952969,136557,,,5.959657511202906e-10,Information
232308,4117.0,2306.959851,FRA,France,Normandie,1.012420075,0.274961499,0.75,0.35,,,,,,,,,,,,,,,,,,,,,,,,,,0.3150812598056287,20.2484015,5.49922998,,,,,,,,,,,,,,,,,0.0,0.0,1.6875,0.0731482170873225,0.0,0.0,0.0590625,0.2560187598056287,0.3150812598056287,162058,,,1.566460608674719e-08,Information
232309,4118.0,74.03983051,FRA,France,Normandie,1.472588075,3.320365425,0.75,0.35,,,,,,,,,,,,,,,,,,,,,,,,,,6.027140797784786,29.4517615,66.4073085,,,,,,,,,,,,,,,,,0.0,0.0,1.265625,1.7093839779385105,0.0,0.0,0.044296875,5.982843922784786,6.027140797784786,2968,,,0.0428950434145765,Information
232401,4119.0,1957.601769,FRA,France,Normandie,1.715611675,1.017176714,0.75,0.35,,,,,,,,,,,,,,,,,,,,,,,,,,4.239058690490555,34.3122335,20.34353428,,,,,,,,,,,,,,,,,0.0,0.0,19.828125,1.0128783758544444,0.0,0.0,0.693984375,3.5450743154905555,4.239058690490555,690390,,,0.00306662209304,Information
232402,4120.0,5921.037737,FRA,France,Centre-Val de Loire,1.404627754,0.0,0.75,0.35,,,,,,,,,,,,,,,,,,,,,,,,,,1.0322828810495674,28.09255508,0.0,,,,,,,,,,,,,,,,,0.0,0.0,10.96875,0.1852504660141621,0.0,0.0,0.38390625,0.6483766310495673,1.0322828810495674,668990,,,1.0997767811171444e-05,Information
232404,4122.0,16820.63131,FRA,France,Hauts-de-France,1.190013236,0.0,0.75,0.35,,,,,,,,,,,,,,,,,,,,,,,,,,1.1771953647422209,23.80026472,0.0,,,,,,,,,,,,,,,,,0.0,0.0,21.09375,0.1254040327834917,0.0,0.0,0.73828125,0.4389141147422209,1.1771953647422209,1953663,,,1.5215073625599826e-05,Information
232405,4123.0,1090.89767,FRA,France,Île-de-France,0.776590937,0.0,0.75,0.35,,,,,,,,,,,,,,,,,,,,,,,,,,0.1000790696761933,15.53181874,0.0,,,,,,,,,,,,,,,,,0.0,0.0,0.28125,0.0257815199074838,0.0,0.0,0.00984375,0.0902353196761933,0.1000790696761933,7190193,,,8.01971336968063e-12,Information
232408,4126.0,2139.208666,FRA,France,Grand Est,0.816388003,0.0,0.75,0.35,,,,,,,,,,,,,,,,,,,,,,,,,,0.2792979880597402,16.32776006,0.0,,,,,,,,,,,,,,,,,0.0,0.0,1.40625,0.0657369251599258,0.0,0.0,0.04921875,0.2300792380597403,0.2792979880597402,76707,,,5.907190689296788e-09,Information
232409,4127.0,3452.10441,FRA,France,Grand Est,2.126128322,0.0,0.75,0.35,,,,,,,,,,,,,,,,,,,,,,,,,,3.4331273815774166,42.52256644,0.0,,,,,,,,,,,,,,,,,0.0,0.0,25.171875,0.7291747875935476,0.0,0.0,0.881015625,2.5521117565774167,3.4331273815774166,151922,,,0.0024167866121305,Information
232501,4128.0,4427.093069,FRA,France,Normandie,0.879524577,2.9164973,0.75,0.35,,,,,,,,,,,,,,,,,,,,,,,,,,4.17026937885206,17.59049154,58.329946,,,,,,,,,,,,,,,,,0.0,0.0,36.5625,0.8258805368148742,0.0,0.0,1.2796875,2.89058187885206,4.17026937885206,619942,,,0.0106731673056067,Information
232502,4129.0,6208.359907,FRA,France,Hauts-de-France,1.094623536,0.146101474,0.75,0.35,,,,,,,,,,,,,,,,,,,,,,,,,,1.5933619835193586,21.89247072,2.92202948,,,,,,,,,,,,,,,,,0.0,0.0,17.4375,0.280871281005531,0.0,0.0,0.6103125,0.9830494835193584,1.5933619835193586,657224,,,4.966141393174872e-05,Information
232503,4130.0,5556.858926,FRA,France,Hauts-de-France,3.169088664,3.18946542,0.75,0.35,,,,,,,,,,,,,,,,,,,,,,,,,,3.982180713601679,63.38177328,63.7893084,,,,,,,,,,,,,,,,,0.0,0.0,40.640625,0.7313596681719083,0.0,0.0,1.422421875,2.559758838601679,3.982180713601679,886588,,,0.0136387069155496,Information
232504,4131.0,1557.448756,BEL,Belgium,Vlaanderen,1.105291256,3.020717246,0.77,0.32,,,,,,,,,,,,,,,,,,,,,,,,,,0.3287163452093479,22.10582512,60.41434492,,,,,,,,,,,,,,,,,0.0,0.0,1.265625,0.0812627057740994,0.0,0.0,0.044296875,0.2844194702093479,0.3287163452093479,287497,,,8.29649464727575e-07,Information
232505,4132.0,2606.118625,BEL,Belgium,Vlaanderen,3.006641625,2.674655935,0.77,0.32,,,,,,,,,,,,,,,,,,,,,,,,,,1.6665403356641122,60.1328325,53.4931187,,,,,,,,,,,,,,,,,0.0,0.0,9.84375,0.3777168816183178,0.0,0.0,0.34453125,1.3220090856641122,1.6665403356641122,919588,,,0.000749690531444,Information
232506,4133.0,19043.41592,BEL,Belgium,Wallonie,1.205369683,0.0,0.77,0.32,,,,,,,,,,,,,,,,,,,,,,,,,,1.4712602200331548,24.10739366,0.0,,,,,,,,,,,,,,,,,0.0,0.0,27.5625,0.1447350628666157,0.0,0.0,0.9646875,0.5065727200331549,1.4712602200331548,10148035,,,4.020078505647483e-05,Information
232507,4134.0,3590.645065,NLD,Netherlands,Noord-Brabant,1.477160779,2.285039667,0.83,0.24,,,,,,,,,,,,,,,,,,,,,,,,,,5.588811061078992,29.54321558,45.70079334,,,,,,,,,,,,,,,,,0.0,0.0,42.1875,1.1749281603082835,0.0,0.0,1.4765625,4.112248561078992,5.588811061078992,1617235,,,0.0114907203114913,Information
232509,16075.0,450.8347518,NLD,Netherlands,Zuid-Holland,0.633229747,3.195746214,0.83,0.24,,,,,,,,,,,,,,,,,,,,,,,,,,2.5100759111416213,12.66459494,63.91492428,,,,,,,,,,,,,,,,,0.0,0.0,3.09375,0.6862270460404633,0.0,0.0,0.10828125,2.401794661141621,2.5100759111416213,225393,,,0.0038429379584317,Information
232701,16076.0,6738.996169,NLD,Netherlands,Noord-Holland,0.337884504,2.729370151,0.83,0.24,,,,,,,,,,,,,,,,,,,,,,,,,,8.594489895586921,6.75769008,54.58740302,,,,,,,,,,,,,,,,,0.0,0.0,98.859375,1.466974791596263,0.0,0.0,3.460078125,5.1344117705869206,8.594489895586921,5327271,,,0.047989480846969,Information
232702,4145.0,10593.20284,NLD,Netherlands,Overijssel,0.08764565,1.161199006,0.83,0.24,,,,,,,,,,,,,,,,,,,,,,,,,,0.2870439803209401,1.7529130000000002,23.22398012,,,,,,,,,,,,,,,,,0.0,0.0,4.21875,0.0398250658059829,0.0,0.0,0.14765625,0.1393877303209401,0.2870439803209401,2870008,,,1.1418246624049409e-08,Information
232703,4146.0,7869.280797,NLD,Netherlands,Friesland,0.384504172,2.179304376,0.83,0.24,,,,,,,,,,,,,,,,,,,,,,,,,,8.617017775796306,7.690083439999999,43.58608752000001,,,,,,,,,,,,,,,,,0.0,0.0,108.421875,1.3777863287989447,0.0,0.0,3.794765625,4.822252150796307,8.617017775796306,1570387,,,0.0301238343648772,Information
232704,4147.0,12130.25671,DEU,Germany,Niedersachsen,0.703884607,1.812312585,0.81,0.26,,,,,,,,,,,,,,,,,,,,,,,,,,4.516635302688499,14.07769214,36.2462517,,,,,,,,,,,,,,,,,0.0,0.0,70.734375,0.5831234793395712,0.0,0.0,2.475703125,2.040932177688499,4.516635302688499,2653065,,,0.004057338859926,Information
232705,4148.0,3104.907476,DEU,Germany,Niedersachsen,3.238057129,4.002159688,0.81,0.26,,,,,,,,,,,,,,,,,,,,,,,,,,7.270828822306208,64.76114258,80.04319376,,,,,,,,,,,,,,,,,0.0,0.0,49.21875,1.5851921635160593,0.0,0.0,1.72265625,5.548172572306208,7.270828822306208,479308,,,0.156319531015295,Information
232707,4150.0,1929.438886,DEU,Germany,Niedersachsen,2.975864339,3.831584495,0.81,0.26,,,,,,,,,,,,,,,,,,,,,,,,,,5.72107206895055,59.517286780000006,76.6316899,,,,,,,,,,,,,,,,,0.0,0.0,26.4375,1.3702170197001569,0.0,0.0,0.9253125,4.795759568950549,5.72107206895055,298788,,,0.0796803962477756,Information
232708,4151.0,1808.931145,DEU,Germany,Niedersachsen,3.474388555,3.51105317,0.81,0.26,,,,,,,,,,,,,,,,,,,,,,,,,,3.3737153176151624,69.4877711,70.22106339999999,,,,,,,,,,,,,,,,,0.0,0.0,14.765625,0.8162624121757606,0.0,0.0,0.516796875,2.856918442615162,3.3737153176151624,132241,,,0.0147109597880697,Information
232709,4152.0,1173.872895,DEU,Germany,Niedersachsen,3.067265897,3.701857943,0.81,0.26,,,,,,,,,,,,,,,,,,,,,,,,,,5.106692760208267,61.34531794,74.03715885999999,,,,,,,,,,,,,,,,,0.0,0.0,15.328125,1.3057738243452193,0.0,0.0,0.536484375,4.570208385208267,5.106692760208267,302386,,,0.0519626666376641,Information
232900,4162.0,918.9342968,DEU,Germany,Schleswig-Holstein,2.460099886,3.089789421,0.81,0.26,,,,,,,,,,,,,,,,,,,,,,,,,,3.099575656413142,49.20199772,61.79578842,,,,,,,,,,,,,,,,,0.0,0.0,7.453125,0.8110617946894692,0.0,0.0,0.260859375,2.838716281413142,3.099575656413142,609654,,,0.0060078902665319,Information
233012,4163.0,2956.632937,GBR,United Kingdom,England,1.266233801,0.627993675,0.8,0.28,,,,,,,,,,,,,,,,,,,,,,,,,,0.6902005527932836,25.32467602,12.5598735,,,,,,,,,,,,,,,,,0.0,0.0,4.5,0.1522001579409382,0.0,0.0,0.1575,0.5327005527932837,0.6902005527932836,548538,,,1.4071804235316969e-06,Information
233015,4165.0,118.9420697,GBR,United Kingdom,England,0.348676559,0.587243594,0.8,0.28,,,,,,,,,,,,,,,,,,,,,,,,,,14.655419104158009,6.97353118,11.744871880000002,,,,,,,,,,,,,,,,,0.0,0.0,4.921875,4.138043851188002,0.0,0.0,0.172265625,14.483153479158007,14.655419104158009,23185,,,0.0362932742915568,Information
233033,4180.0,5.120871811,GBR,United Kingdom,England,2.391766123,4.004874439,0.8,0.28,,,,,,,,,,,,,,,,,,,,,,,,,,35.034453125,47.83532246,80.09748877999999,3.0,,,,,,,,,,,,,,,,0.0,0.0,0.984375,19.222801045639308,0.0,0.0,0.034453125,35.0,35.034453125,10,0.0,0.0,0.714128390391803,Watch
233037,4184.0,9249.984955,GBR,United Kingdom,England,0.572615679,2.895247176,0.8,0.28,,,,,,,,,,,,,,,,,,,,,,,,,,10.28380091858886,11.45231358,57.90494352,,,,,,,,,,,,,,,,,0.0,0.0,141.1875,1.5263538338825315,0.0,0.0,4.9415625,5.3422384185888605,10.28380091858886,2768213,,,0.0793643166321703,Information
234002,4192.0,5506.641615,IRL,Ireland,Kilkenny,1.314423153,0.0,0.79,0.29,,,,,,,,,,,,,,,,,,,,,,,,,,3.2432272056487887,26.28846306,0.0,,,,,,,,,,,,,,,,,0.0,0.0,32.90625,0.5975738444710824,0.0,0.0,1.15171875,2.0915084556487886,3.2432272056487887,369234,,,0.0008932947451192,Information
234008,4198.0,5734.459993,GBR,United Kingdom,Northern Ireland,0.280721684,0.0,0.8,0.28,,,,,,,,,,,,,,,,,,,,,,,,,,2.822514496982649,5.61443368,0.0,,,,,,,,,,,,,,,,,0.0,0.0,29.390625,0.512526463423614,0.0,0.0,1.028671875,1.7938426219826489,2.822514496982649,639250,,,0.0002242556545532,Information
241000,4202.0,13722.29383,DNK,Denmark,Sjælland,2.178087245,1.755584711,0.87,0.18,,,,,,,,,,,,,,,,,,,,,,,,,,57.11855255815347,43.5617449,35.111694220000004,,,,,,,,,,,,,,,,,0.0,0.0,944.015625,6.879430195186706,0.0,0.0,33.040546875,24.07800568315347,57.11855255815347,3205187,,,0.5047799190212325,Advisory
241001,4203.0,13817.85634,DEU,Germany,Schleswig-Holstein,1.76299951,3.401819003,0.81,0.26,,,,,,,,,,,,,,,,,,,,,,,,,,14.414047768268176,35.2599902,68.03638006,,,,,,,,,,,,,,,,,0.0,0.0,238.921875,1.7290806123623363,0.0,0.0,8.362265625,6.051782143268177,14.414047768268176,1136519,,,0.2129012101756215,Information
241002,4204.0,3598.095871,DNK,Denmark,Midtjylland,1.162686558,2.200996083,0.87,0.18,,,,,,,,,,,,,,,,,,,,,,,,,,8.128630540887004,23.25373116,44.01992166,,,,,,,,,,,,,,,,,0.0,0.0,61.453125,1.7079346188248583,0.0,0.0,2.150859375,5.977771165887004,8.128630540887004,136186,,,0.0268279974174272,Information
241003,4205.0,13185.96147,DNK,Denmark,Nordjylland,2.101219342,2.001979189,0.87,0.18,,,,,,,,,,,,,,,,,,,,,,,,,,6.006249345566909,42.02438684,40.03958378,,,,,,,,,,,,,,,,,0.0,0.0,97.59375,0.7401337415905452,0.0,0.0,3.41578125,2.590468095566908,6.006249345566909,915332,,,0.0116883345458736,Information
241004,4206.0,2742.625245,DNK,Denmark,Midtjylland,1.648408462,0.0,0.87,0.18,,,,,,,,,,,,,,,,,,,,,,,,,,0.8918413993821601,32.968169239999995,0.0,,,,,,,,,,,,,,,,,0.0,0.0,5.484375,0.1999680783949029,0.0,0.0,0.191953125,0.6998882743821602,0.8918413993821601,346295,,,7.814389562181374e-06,Information
241005,16081.0,12931.57629,DEU,Germany,Schleswig-Holstein,2.152089519,1.47748627,0.81,0.26,,,,,,,,,,,,,,,,,,,,,,,,,,20.27506391953041,43.04179038,29.5497254,,,,,,,,,,,,,,,,,0.0,0.0,326.671875,2.526156655580118,0.0,0.0,11.433515625,8.841548294530414,20.27506391953041,2477424,,,0.1508192460141065,Information
241006,4207.0,3070.919344,DEU,Germany,Mecklenburg-Vorpommern,0.63007634,0.0,0.81,0.26,,,,,,,,,,,,,,,,,,,,,,,,,,15.0415554403614,12.6015268,0.0,,,,,,,,,,,,,,,,,0.0,0.0,100.96875,3.2878997686746856,0.0,0.0,3.53390625,11.5076491903614,15.0415554403614,209084,,,0.0392326442632563,Information
242226,4217.0,5433.064892,POL,Poland,Wielkopolskie,0.671791017,0.0,0.78,0.31,,,,,,,,,,,,,,,,,,,,,,,,,,0.9786691755959332,13.43582034,0.0,,,,,,,,,,,,,,,,,0.0,0.0,9.84375,0.1811822644559809,0.0,0.0,0.34453125,0.6341379255959332,0.9786691755959332,508436,,,3.689586297585424e-06,Information
242227,4218.0,12427.19246,POL,Poland,Dolnoslaskie,1.231001842,0.0,0.78,0.31,,,,,,,,,,,,,,,,,,,,,,,,,,0.7461252742826723,24.62003684,0.0,,,,,,,,,,,,,,,,,0.0,0.0,11.8125,0.0950536497950492,0.0,0.0,0.4134375,0.3326877742826722,0.7461252742826723,2350721,,,1.961663776041168e-06,Information
242228,4219.0,4584.762154,POL,Poland,Opolskie,0.676515317,0.0,0.78,0.31,,,,,,,,,,,,,,,,,,,,,,,,,,1.1899445184000643,13.53030634,0.0,,,,,,,,,,,,,,,,,0.0,0.0,10.6875,0.2331091481143041,0.0,0.0,0.3740625,0.8158820184000644,1.1899445184000643,433514,,,9.100562089688378e-06,Information
242229,4220.0,13496.30775,POL,Poland,Slaskie,0.456847164,0.0,0.78,0.31,,,,,,,,,,,,,,,,,,,,,,,,,,1.036813394814756,9.13694328,0.0,,,,,,,,,,,,,,,,,0.0,0.0,17.015625,0.1260761485185017,0.0,0.0,0.595546875,0.441266519814756,1.036813394814756,3388739,,,3.852854381647298e-06,Information
242280,4226.0,4847.917075,POL,Poland,Wielkopolskie,0.793998229,0.0,0.78,0.31,,,,,,,,,,,,,,,,,,,,,,,,,,0.7537215542785212,15.87996458,0.0,,,,,,,,,,,,,,,,,0.0,0.0,7.03125,0.1450365155081489,0.0,0.0,0.24609375,0.5076278042785212,0.7537215542785212,528627,,,1.2086900193216632e-06,Information
242441,4232.0,3405.790515,POL,Poland,Mazowieckie,0.457574691,0.0,0.78,0.31,,,,,,,,,,,,,,,,,,,,,,,,,,0.678067799937495,9.15149382,0.0,,,,,,,,,,,,,,,,,0.0,0.0,4.921875,0.1445149071249986,0.0,0.0,0.172265625,0.505802174937495,0.678067799937495,1971686,,,4.848212852638391e-07,Information
242442,4233.0,9158.149407,POL,Poland,Lódzkie,0.748337086,0.0,0.78,0.31,,,,,,,,,,,,,,,,,,,,,,,,,,2.03864497725774,14.966741720000002,0.0,,,,,,,,,,,,,,,,,0.0,0.0,27.84375,0.3040324935022113,0.0,0.0,0.97453125,1.0641137272577397,2.03864497725774,732074,,,9.545260973925448e-05,Information
242443,4234.0,4372.255064,POL,Poland,Mazowieckie,0.214610559,0.0,0.78,0.31,,,,,,,,,,,,,,,,,,,,,,,,,,3.073998189048798,4.29221118,0.0,,,,,,,,,,,,,,,,,0.0,0.0,26.71875,0.6110976968710852,0.0,0.0,0.93515625,2.138841939048798,3.073998189048798,586483,,,0.000292667092991,Information
242444,4235.0,10278.8714,POL,Poland,Lubelskie,0.328221001,0.0,0.78,0.31,,,,,,,,,,,,,,,,,,,,,,,,,,4.690034733392746,6.56442002,0.0,,,,,,,,,,,,,,,,,0.0,0.0,67.921875,0.6607911738264988,0.0,0.0,2.377265625,2.3127691083927457,4.690034733392746,1147956,,,0.0013865430904956,Information
242445,4236.0,7528.730147,POL,Poland,Mazowieckie,0.622764918,0.0,0.78,0.31,,,,,,,,,,,,,,,,,,,,,,,,,,3.254450302996572,12.45529836,0.0,,,,,,,,,,,,,,,,,0.0,0.0,39.9375,0.5304679437133064,0.0,0.0,1.3978125,1.8566378029965724,3.254450302996572,769746,,,0.0004971649877708,Information
242446,4237.0,33310.80692,POL,Poland,Malopolskie,0.789866877,0.0,0.78,0.31,,,,,,,,,,,,,,,,,,,,,,,,,,3.711672894180304,15.79733754,0.0,,,,,,,,,,,,,,,,,0.0,0.0,81.5625,0.2448529697658013,0.0,0.0,2.8546875,0.8569853941803045,3.711672894180304,7335332,,,0.0008989164406171,Information
242447,4238.0,4847.742784,POL,Poland,Lubelskie,0.631347102,0.0,0.78,0.31,,,,,,,,,,,,,,,,,,,,,,,,,,1.025086134867495,12.62694204,0.0,,,,,,,,,,,,,,,,,0.0,0.0,9.5625,0.1972567528192843,0.0,0.0,0.3346875,0.690398634867495,1.025086134867495,411337,,,4.386213300496024e-06,Information
242448,4239.0,3495.847816,POL,Poland,Podkarpackie,1.104535381,0.0,0.78,0.31,,,,,,,,,,,,,,,,,,,,,,,,,,0.5700323309242177,22.09070762,0.0,,,,,,,,,,,,,,,,,0.0,0.0,4.21875,0.1206788802640622,0.0,0.0,0.14765625,0.4223760809242177,0.5700323309242177,728065,,,4.380418977244408e-07,Information
242449,4240.0,8462.947933,POL,Poland,Podkarpackie,1.520695176,0.0,0.78,0.31,,,,,,,,,,,,,,,,,,,,,,,,,,0.7945874027150153,30.41390352,0.0,,,,,,,,,,,,,,,,,0.0,0.0,10.40625,0.1229624722042901,0.0,0.0,0.36421875,0.4303686527150153,0.7945874027150153,631538,,,3.865572933242241e-06,Information
242460,4242.0,5931.737299,POL,Poland,Mazowieckie,0.425459618,0.0,0.78,0.31,,,,,,,,,,,,,,,,,,,,,,,,,,0.7138477044234763,8.50919236,0.0,,,,,,,,,,,,,,,,,0.0,0.0,7.59375,0.1280189869781361,0.0,0.0,0.26578125,0.4480664544234763,0.7138477044234763,421817,,,6.070450224841836e-07,Information
242491,4245.0,525.0669082,POL,Poland,Mazowieckie,0.819907037,0.0,0.78,0.31,,,,,,,,,,,,,,,,,,,,,,,,,,0.6906195004562059,16.39814074,0.0,,,,,,,,,,,,,,,,,0.0,0.0,0.984375,0.1874761072732017,0.0,0.0,0.034453125,0.6561663754562059,0.6906195004562059,67989,,,8.083900194433056e-07,Information
242492,4246.0,2754.27262,POL,Poland,Mazowieckie,0.223147195,0.0,0.78,0.31,,,,,,,,,,,,,,,,,,,,,,,,,,0.9572571990108184,4.4629439,0.0,,,,,,,,,,,,,,,,,0.0,0.0,5.90625,0.2144395568602339,0.0,0.0,0.20671875,0.7505384490108186,0.9572571990108184,223093,,,2.0802680575626284e-06,Information
242493,4247.0,7268.758003,POL,Poland,Podlaskie,0.644732003,0.0,0.78,0.31,,,,,,,,,,,,,,,,,,,,,,,,,,0.865293004875076,12.89464006,0.0,,,,,,,,,,,,,,,,,0.0,0.0,10.40625,0.1431640728214503,0.0,0.0,0.36421875,0.5010742548750761,0.865293004875076,310948,,,1.995932001503408e-06,Information
242496,4250.0,3150.11423,POL,Poland,Lubelskie,0.349240543,0.0,0.78,0.31,,,,,,,,,,,,,,,,,,,,,,,,,,0.8629449528963011,6.9848108600000005,0.0,,,,,,,,,,,,,,,,,0.0,0.0,5.90625,0.1874932008275146,0.0,0.0,0.20671875,0.6562262028963012,0.8629449528963011,216863,,,1.4332054143222622e-06,Information
242497,4251.0,147.0049909,POL,Poland,Lubelskie,3.171050401,0.0,0.78,0.31,,,,,,,,,,,,,,,,,,,,,,,,,,3.397319361867808,63.42100802,0.0,,,,,,,,,,,,,,,,,0.0,0.0,1.40625,0.9566001748193736,0.0,0.0,0.04921875,3.348100611867808,3.397319361867808,48129,,,0.0087391794395801,Information
242601,4255.0,5678.526056,LTU,Lithuania,Taurages,1.264378982,0.062448707,0.77,0.32,,,,,,,,,,,,,,,,,,,,,,,,,,13.412734922770792,25.28757964,1.24897414,,,,,,,,,,,,,,,,,0.0,0.0,138.796875,2.444241227934512,0.0,0.0,4.857890625,8.554844297770792,13.412734922770792,188971,,,0.0429492467152534,Information
242602,4256.0,6208.067188,LTU,Lithuania,Marijampoles,1.468589783,0.0,0.77,0.32,,,,,,,,,,,,,,,,,,,,,,,,,,8.108392417809608,29.371795660000004,0.0,,,,,,,,,,,,,,,,,0.0,0.0,88.734375,1.429339797945602,0.0,0.0,3.105703125,5.002689292809607,8.108392417809608,177304,,,0.0152118509274383,Information
242604,4258.0,5960.191074,LTU,Lithuania,Kauno,2.216329854,0.0,0.77,0.32,,,,,,,,,,,,,,,,,,,,,,,,,,5.219196755183853,44.32659708,0.0,,,,,,,,,,,,,,,,,0.0,0.0,55.6875,0.9343240729096725,0.0,0.0,1.9490625,3.2701342551838537,5.219196755183853,189427,,,0.0089626146514773,Information
242605,4259.0,55.76933513,LTU,Lithuania,Kauno,1.801352958,0.0,0.77,0.32,,,,,,,,,,,,,,,,,,,,,,,,,,13.3119499032518,36.02705916,0.0,,,,,,,,,,,,,,,,,0.0,0.0,2.109375,3.782320508071942,0.0,0.0,0.073828125,13.2381217782518,13.3119499032518,40951,,,0.0582310479297383,Information
242708,4270.0,17542.94674,LVA,Latvia,Zemgale,0.754485176,0.0,0.76,0.33,,,,,,,,,,,,,,,,,,,,,,,,,,10.826213128721156,15.08970352,0.0,,,,,,,,,,,,,,,,,0.0,0.0,197.015625,1.123047501063188,0.0,0.0,6.895546875,3.930666253721158,10.826213128721156,644311,,,0.0197172007983216,Information
242709,4271.0,56.84724485,LVA,Latvia,Riga,3.303233587,0.0,0.76,0.33,,,,,,,,,,,,,,,,,,,,,,,,,,35.388828125,66.06467174,0.0,,,,,,,,,,,,,,,,,0.0,0.0,11.109375,19.542503826443728,0.0,0.0,0.388828125,35.0,35.388828125,35300,,,0.5167265670053759,Advisory
242801,4272.0,5567.88066,LVA,Latvia,Riga,1.830690045,0.0,0.76,0.33,,,,,,,,,,,,,,,,,,,,,,,,,,9.922141588044855,36.6138009,0.0,,,,,,,,,,,,,,,,,0.0,0.0,101.390625,1.820991346584244,0.0,0.0,3.548671875,6.373469713044854,9.922141588044855,843519,,,0.0318354471119009,Information
242805,4276.0,370.3386197,BLR,Belarus,Vitsyebsk,3.403562094,0.0,0.67,0.46,,,,,,,,,,,,,,,,,,,,,,,,,,6.339899090734388,68.07124188,0.0,,,,,,,,,,,,,,,,,0.0,0.0,6.46875,1.746712240209825,0.0,0.0,0.22640625,6.113492840734388,6.339899090734388,5564,,,0.0529775460979117,Information
242808,4279.0,9547.117735,RUS,Russia,Tver',2.092714909,0.0,0.65,0.49,,,,,,,,,,,,,,,,,,,,,,,,,,19.5699743232914,41.85429818,0.0,,,,,,,,,,,,,,,,,0.0,0.0,273.09375,2.8604837352261137,0.0,0.0,9.55828125,10.011693073291395,19.5699743232914,53325,,,0.1380867568022484,Information
242809,4280.0,7253.459755,RUS,Russia,Tver',2.022699625,0.0,0.65,0.49,,,,,,,,,,,,,,,,,,,,,,,,,,39.85209166904159,40.4539925,0.0,,,,,,,,,,,,,,,,,0.0,0.0,478.6875,6.599436905440453,0.0,0.0,16.7540625,23.098029169041585,39.85209166904159,42788,,,0.3439986526101606,Advisory
242910,4282.0,29.87505431,LVA,Latvia,Riga,3.666222208,0.0,0.76,0.33,,,,,,,,,,,,,,,,,,,,,,,,,,35.118125,73.32444416,0.0,3.0,,,,,,,,,,,,,,,,0.0,0.0,3.375,11.297050593503132,0.0,0.0,0.118125,35.0,35.118125,14333,1322.0,9.2234703132631,0.6083302584830992,Watch
242920,4283.0,9181.250609,LVA,Latvia,Vidzeme,1.553294806,0.0,0.76,0.33,,,,,,,,,,,,,,,,,,,,,,,,,,9.593725789531378,31.06589612,0.0,,,,,,,,,,,,,,,,,0.0,0.0,131.203125,1.4290332612946797,0.0,0.0,4.592109375,5.001616414531378,9.593725789531378,196288,,,0.0243024225721948,Information
242930,4284.0,5864.792727,LVA,Latvia,Riga,1.986766585,0.0,0.76,0.33,,,,,,,,,,,,,,,,,,,,,,,,,,10.771119294628509,39.7353317,0.0,,,,,,,,,,,,,,,,,0.0,0.0,113.765625,1.9398064056081448,0.0,0.0,3.981796875,6.7893224196285065,10.771119294628509,79253,,,0.0425458479205402,Information
242940,4285.0,6901.931519,EST,Estonia,Vijandi,2.040891612,0.0,0.78,0.31,,,,,,,,,,,,,,,,,,,,,,,,,,9.184409582228156,40.81783224,0.0,,,,,,,,,,,,,,,,,0.0,0.0,107.15625,1.5525545234937588,0.0,0.0,3.75046875,5.433940832228156,9.184409582228156,100076,,,0.0312231960355967,Information
242962,4288.0,6978.162064,RUS,Russia,Pskov,1.553719054,0.0,0.65,0.49,,,,,,,,,,,,,,,,,,,,,,,,,,20.609197134520585,31.07438108,0.0,,,,,,,,,,,,,,,,,0.0,0.0,242.015625,3.4681857884344525,0.0,0.0,8.470546875,12.138650259520585,20.609197134520585,61575,,,0.1136601444667117,Information
242963,4289.0,4814.77154,EST,Estonia,Peipsi,3.006008847,0.0,0.78,0.31,,,,,,,,,,,,,,,,,,,,,,,,,,21.974412161623423,60.12017694,0.0,,,,,,,,,,,,,,,,,0.0,0.0,204.046875,4.237934724749549,0.0,0.0,7.141640625,14.832771536623422,21.974412161623423,13306,,,0.2755903472128507,Information
242964,4290.0,12232.38832,EST,Estonia,Tartu,1.242699295,0.0,0.78,0.31,,,,,,,,,,,,,,,,,,,,,,,,,,26.09407274933546,24.8539859,0.0,,,,,,,,,,,,,,,,,0.0,0.0,410.203125,3.353418106952989,0.0,0.0,14.357109375,11.736963374335462,26.09407274933546,247455,,,0.1450904433846602,Information
242966,4292.0,3061.09386,RUS,Russia,Pskov,2.134659704,0.0,0.65,0.49,,,,,,,,,,,,,,,,,,,,,,,,,,15.372502241062298,42.693194080000005,0.0,,,,,,,,,,,,,,,,,0.0,0.0,102.9375,3.3627684974463707,0.0,0.0,3.6028125,11.769689741062296,15.372502241062298,10901,,,0.0941140349046166,Information
242970,4296.0,193.4486181,RUS,Russia,Leningrad,0.16555664,1.289314367,0.65,0.49,,,,,,,,,,,,,,,,,,,,,,,,,,36.40765625,3.3111328,25.78628734,,,,,,,,,,,,,,,,,0.0,0.0,40.21875,20.79040440007965,0.0,0.0,1.40765625,35.0,36.40765625,1038,,,0.2381798020462848,Advisory
242980,4297.0,13393.57214,RUS,Russia,Leningrad,1.361459295,0.0,0.65,0.49,,,,,,,,,,,,,,,,,,,,,,,,,,17.674771646595296,27.2291859,0.0,,,,,,,,,,,,,,,,,0.0,0.0,289.125,2.1586847561700853,0.0,0.0,10.119375,7.555396646595298,17.674771646595296,303464,,,0.0785083504291836,Information
242990,4298.0,1649.442194,RUS,Russia,Leningrad,0.758029533,0.0,0.65,0.49,,,,,,,,,,,,,,,,,,,,,,,,,,4.553757570348846,15.16059066,0.0,,,,,,,,,,,,,,,,,0.0,0.0,18.421875,1.1168548415282418,0.0,0.0,0.644765625,3.908991945348846,4.553757570348846,30857,,,0.0017233471655969,Information
243100,4299.0,1664.988002,RUS,Russia,Leningrad,1.960670917,0.173149884,0.65,0.49,,,,,,,,,,,,,,,,,,,,,,,,,,10.862113133418193,39.21341834,3.46299768,,,,,,,,,,,,,,,,,0.0,0.0,44.296875,2.66049214526234,0.0,0.0,1.550390625,9.31172250841819,10.862113133418193,947734,,,0.0425267717869202,Information
243223,4303.0,1759.415666,RUS,Russia,Leningrad,0.346639652,0.0,0.65,0.49,,,,,,,,,,,,,,,,,,,,,,,,,,19.441749712539604,6.93279304,0.0,,,,,,,,,,,,,,,,,0.0,0.0,83.109375,4.7236918821541725,0.0,0.0,2.908828125,16.532921587539605,19.441749712539604,162853,,,0.0586861218357115,Information
243224,4304.0,10876.73501,RUS,Russia,Karelia,2.607525585,0.0,0.65,0.49,,,,,,,,,,,,,,,,,,,,,,,,,,17.93988171611302,52.1505117,0.0,,,,,,,,,,,,,,,,,0.0,0.0,267.046875,2.4552117403180063,0.0,0.0,9.346640625,8.593241091113022,17.93988171611302,57136,,,0.1632879479936109,Information
243226,4306.0,7676.385708,FIN,Finland,Eastern Finland,0.904196719,0.0,0.86,0.19,,,,,,,,,,,,,,,,,,,,,,,,,,70.0,18.08393438,0.0,3.0,,,,,,,,,,,,,,,,0.0,0.0,1686.09375,21.96468252338822,0.0,0.0,35.0,35.0,70.0,29165,1342.0,4.601405794616835,0.4375436571056729,Watch
243227,4307.0,8293.873848,FIN,Finland,Eastern Finland,2.538790603,0.0,0.86,0.19,,,,,,,,,,,,,,,,,,,,,,,,,,41.00396170271975,50.77581205999999,0.0,,,,,,,,,,,,,,,,,0.0,0.0,531.140625,6.404011379348498,0.0,0.0,18.589921875,22.414039827719744,41.00396170271975,94508,,,0.4275102583980203,Advisory
243242,4312.0,6639.58857,RUS,Russia,Leningrad,3.209896962,0.0,0.65,0.49,,,,,,,,,,,,,,,,,,,,,,,,,,10.237881236961808,64.19793924000001,0.0,,,,,,,,,,,,,,,,,0.0,0.0,116.71875,1.757921424846231,0.0,0.0,4.08515625,6.152724986961808,10.237881236961808,11822,,,0.1053011904646429,Information
243243,4313.0,72.60101985,RUS,Russia,Leningrad,3.813706312,0.0,0.65,0.49,,,,,,,,,,,,,,,,,,,,,,,,,,9.559991932068392,76.27412624,0.0,,,,,,,,,,,,,,,,,0.0,0.0,1.96875,2.7117387663052552,0.0,0.0,0.06890625,9.491085682068393,9.559991932068392,7,,,0.1816805290777436,Information
243250,4320.0,21625.35937,RUS,Russia,Leningrad,2.97754007,0.0,0.65,0.49,,,,,,,,,,,,,,,,,,,,,,,,,,11.624525712378285,59.5508014,0.0,,,,,,,,,,,,,,,,,0.0,0.0,227.109375,1.0501993106795096,0.0,0.0,7.948828125,3.6756975873782833,11.624525712378285,437236,,,0.1062116415250232,Information
243260,4321.0,11936.75295,RUS,Russia,Novgorod,0.694181039,0.0,0.65,0.49,,,,,,,,,,,,,,,,,,,,,,,,,,23.4722153310857,13.88362078,0.0,,,,,,,,,,,,,,,,,0.0,0.0,364.921875,3.057128487453057,0.0,0.0,12.772265625,10.6999497060857,23.4722153310857,174954,,,0.0968206677177048,Information
243281,4323.0,2370.906227,RUS,Russia,Novgorod,2.121262404,0.0,0.65,0.49,,,,,,,,,,,,,,,,,,,,,,,,,,15.948113490018672,42.42524808,0.0,,,,,,,,,,,,,,,,,0.0,0.0,87.328125,3.683322604291049,0.0,0.0,3.056484375,12.891629115018672,15.948113490018672,8205,,,0.0996158433111074,Information
243282,4324.0,3801.336565,RUS,Russia,Novgorod,3.637906352,0.0,0.65,0.49,,,,,,,,,,,,,,,,,,,,,,,,,,8.166417962816881,72.75812704,0.0,,,,,,,,,,,,,,,,,0.0,0.0,64.265625,1.6906060250905373,0.0,0.0,2.249296875,5.917121087816881,8.166417962816881,34215,,,0.1141547674931604,Information
243283,4325.0,611.7550407,RUS,Russia,Novgorod,0.035378325,0.0,0.65,0.49,,,,,,,,,,,,,,,,,,,,,,,,,,13.404168914185714,0.7075665,0.0,,,,,,,,,,,,,,,,,0.0,0.0,22.078125,3.608981296910204,0.0,0.0,0.772734375,12.631434539185712,13.404168914185714,3432,,,0.0226152982543326,Information
243284,4326.0,7427.319672,RUS,Russia,Novgorod,1.489176835,0.0,0.65,0.49,,,,,,,,,,,,,,,,,,,,,,,,,,16.16802964155837,29.783536700000003,0.0,,,,,,,,,,,,,,,,,0.0,0.0,196.875,2.6506870404452485,0.0,0.0,6.890625,9.27740464155837,16.16802964155837,24161,,,0.0709778510016101,Information
243285,4327.0,2966.016953,RUS,Russia,Novgorod,2.162131376,0.0,0.65,0.49,,,,,,,,,,,,,,,,,,,,,,,,,,5.744798459282452,43.24262752,0.0,,,,,,,,,,,,,,,,,0.0,0.0,37.546875,1.2659022383664147,0.0,0.0,1.314140625,4.430657834282451,5.744798459282452,19337,,,0.0109964426760336,Information
243286,4328.0,5355.995503,RUS,Russia,Tver',1.394042114,0.0,0.65,0.49,,,,,,,,,,,,,,,,,,,,,,,,,,17.455731457644188,27.880842280000003,0.0,,,,,,,,,,,,,,,,,0.0,0.0,173.953125,3.2478205950411967,0.0,0.0,6.088359375,11.367372082644188,17.455731457644188,11721,,,0.0780002963217941,Information
243287,4329.0,1597.339893,RUS,Russia,Novgorod,1.388690953,0.0,0.65,0.49,,,,,,,,,,,,,,,,,,,,,,,,,,7.397108221744156,27.77381906,0.0,,,,,,,,,,,,,,,,,0.0,0.0,29.109375,1.8223657419269017,0.0,0.0,1.018828125,6.378280096744156,7.397108221744156,921,,,0.0113420522240813,Information
243290,4332.0,23283.73432,RUS,Russia,Novgorod,1.234617324,0.0,0.65,0.49,,,,,,,,,,,,,,,,,,,,,,,,,,23.942634760329632,24.69234648,0.0,,,,,,,,,,,,,,,,,0.0,0.0,478.546875,2.0552840386656097,0.0,0.0,16.749140625,7.193494135329634,23.942634760329632,270832,,,0.125913916658637,Information
243300,4333.0,9313.164344,RUS,Russia,Leningrad,2.40274081,1.085444828,0.65,0.49,,,,,,,,,,,,,,,,,,,,,,,,,,56.13703085724067,48.054816200000005,21.70889656,,,,,,,,,,,,,,,,,0.0,0.0,773.4375,8.304776673497333,0.0,0.0,27.0703125,29.066718357240667,56.13703085724067,1173334,,,0.5309295343286009,Advisory
243804,4348.0,3613.12176,FIN,Finland,Lapland,2.298232011,0.0,0.86,0.19,,,,,,,,,,,,,,,,,,,,,,,,,,48.963359375,45.96464022,0.0,,,,,,,,,,,,,,,,,0.0,0.0,398.953125,11.041784681048572,0.0,0.0,13.963359375,35.0,48.963359375,2611,,,0.4607412774808058,Advisory
243805,4349.0,2376.421796,FIN,Finland,Lapland,3.048593025,0.0,0.86,0.19,,,,,,,,,,,,,,,,,,,,,,,,,,39.88519755155056,60.971860500000005,0.0,,,,,,,,,,,,,,,,,0.0,0.0,218.8125,9.207645729014445,0.0,0.0,7.6584375,32.22676005155056,39.88519755155056,6910,,,0.5086652842797572,Advisory
243806,4350.0,4612.107569,FIN,Finland,Lapland,3.469894153,0.0,0.86,0.19,,,,,,,,,,,,,,,,,,,,,,,,,,30.57888222656679,69.39788306,0.0,,,,,,,,,,,,,,,,,0.0,0.0,275.765625,5.979167243304796,0.0,0.0,9.651796875,20.927085351566788,30.57888222656679,8353,,,0.4996969873247522,Advisory
243808,4352.0,11239.39838,FIN,Finland,Lapland,3.451166255,0.0,0.86,0.19,,,,,,,,,,,,,,,,,,,,,,,,,,17.085940195795946,69.0233251,0.0,,,,,,,,,,,,,,,,,0.0,0.0,258.328125,2.2984159487988416,0.0,0.0,9.041484375,8.044455820795946,17.085940195795946,2153,,,0.2759288931753085,Information
243900,4354.0,295.7144665,FIN,Finland,Lapland,2.309804261,0.0,0.86,0.19,,,,,,,,,,,,,,,,,,,,,,,,,,8.910823513043196,46.19608522,0.0,,,,,,,,,,,,,,,,,0.0,0.0,7.3125,2.4728245751551987,0.0,0.0,0.2559375,8.654886013043196,8.910823513043196,2688,,,0.0360821998645246,Information
244100,4355.0,141.9482715,FIN,Finland,Lapland,3.603094085,1.447350866,0.86,0.19,,,,,,,,,,,,,,,,,,,,,,,,,,15.473000475024346,72.0618817,28.94701732,,,,,,,,,,,,,,,,,0.0,0.0,6.1875,4.3589822785783845,0.0,0.0,0.2165625,15.256437975024346,15.473000475024346,11412,,,0.2772952530024485,Information
244202,4357.0,3445.276266,FIN,Finland,Lapland,4.001064552,0.0,0.86,0.19,,,,,,,,,,,,,,,,,,,,,,,,,,50.62203125,80.02129104,0.0,3.0,,,,,,,,,,,,,,,,0.0,0.0,446.34375,12.955238289434634,0.0,0.0,15.62203125,35.0,50.62203125,1912,21.0,1.0983263598326358,0.8237418911271259,Warning
244203,4358.0,3607.234589,SWE,Sweden,Norrbotten,3.707813747,0.0,0.84,0.22,,,,,,,,,,,,,,,,,,,,,,,,,,33.40082765970498,74.15627494,0.0,3.0,,,,,,,,,,,,,,,,0.0,0.0,252.984375,7.0132498670585655,0.0,0.0,8.854453125,24.54637453470498,33.40082765970498,7816,226.0,2.8915046059365404,0.6012225713324768,Watch
244310,4365.0,2097.419566,SWE,Sweden,Norrbotten,3.66671991,3.080453706,0.84,0.22,,,,,,,,,,,,,,,,,,,,,,,,,,44.5878125,73.3343982,61.60907412,3.0,,,,,,,,,,,,,,,,0.0,0.0,273.9375,13.060691546647258,0.0,0.0,9.5878125,35.0,44.5878125,10278,473.0,4.602062658104689,0.6964041187310104,Watch
244402,4375.0,9256.81781,SWE,Sweden,Jämtland,3.11984706,0.0,0.84,0.22,,,,,,,,,,,,,,,,,,,,,,,,,,70.0,62.3969412,0.0,3.0,,,,,,,,,,,,,,,,0.0,0.0,1029.796875,11.124739583219943,0.0,0.0,35.0,35.0,70.0,11281,310.0,2.7479833348107436,0.7328350016002592,Watch
244403,4376.0,535.2983212,SWE,Sweden,Västerbotten,4.001293178,0.0,0.84,0.22,,,,,,,,,,,,,,,,,,,,,,,,,,8.427539345836298,80.02586356,0.0,,,,,,,,,,,,,,,,,0.0,0.0,12.234375,2.2855246345246565,0.0,0.0,0.428203125,7.999336220836298,8.427539345836298,2134,,,0.1940870367967149,Information
244404,4377.0,8505.143588,SWE,Sweden,Jämtland,3.460828321,0.0,0.84,0.22,,,,,,,,,,,,,,,,,,,,,,,,,,62.20750248553562,69.21656642,0.0,3.0,,,,,,,,,,,,,,,,0.0,0.0,816.890625,9.604665888724464,0.0,0.0,28.591171875,33.61633061053562,62.20750248553562,5957,52.0,0.8729226120530469,0.7591275654195,Watch
244407,4380.0,479.1532934,SWE,Sweden,Västerbotten,4.003455562,0.0,0.84,0.22,,,,,,,,,,,,,,,,,,,,,,,,,,37.377265625,80.06911124,0.0,3.0,,,,,,,,,,,,,,,,0.0,0.0,67.921875,14.175395627896116,0.0,0.0,2.377265625,35.0,37.377265625,180,37.0,20.555555555555554,0.7352573551662493,Watch
244408,4381.0,2555.568143,SWE,Sweden,Västerbotten,1.807572203,0.0,0.84,0.22,,,,,,,,,,,,,,,,,,,,,,,,,,44.26296875,36.15144406,0.0,,,,,,,,,,,,,,,,,0.0,0.0,264.65625,10.356063119921377,0.0,0.0,9.26296875,35.0,44.26296875,962,,,0.3570461582151575,Advisory
244409,4382.0,4662.85702,SWE,Sweden,Västerbotten,3.269079468,0.0,0.84,0.22,,,,,,,,,,,,,,,,,,,,,,,,,,41.80436828385098,65.38158936,0.0,,,,,,,,,,,,,,,,,0.0,0.0,379.828125,8.145823973957423,0.0,0.0,13.293984375,28.510383908850983,41.80436828385098,5348,,,0.5748027900256856,Advisory
244503,4385.0,705.4670449,SWE,Sweden,Västerbotten,3.088794481,0.0,0.84,0.22,,,,,,,,,,,,,,,,,,,,,,,,,,30.32393110619732,61.77588962,0.0,,,,,,,,,,,,,,,,,0.0,0.0,57.09375,8.093042816056375,0.0,0.0,1.99828125,28.325649856197312,30.32393110619732,79134,,,0.4084518236743348,Advisory
244505,4387.0,2518.167464,SWE,Sweden,Gävleborg,3.230493332,0.066693213,0.84,0.22,,,,,,,,,,,,,,,,,,,,,,,,,,44.12515625,64.60986664,1.33386426,,,,,,,,,,,,,,,,,0.0,0.0,260.71875,10.3535111818001,0.0,0.0,9.12515625,35.0,44.12515625,35780,,,0.5872968789507604,Advisory
244506,4388.0,2263.533423,SWE,Sweden,Gävleborg,4.005260045,0.0,0.84,0.22,,,,,,,,,,,,,,,,,,,,,,,,,,15.466330302444316,80.1052009,0.0,,,,,,,,,,,,,,,,,0.0,0.0,81.5625,3.6033265149840905,0.0,0.0,2.8546875,12.611642802444315,15.466330302444316,10991,,,0.4006005638101163,Advisory
244507,4389.0,712.9206669,SWE,Sweden,Gävleborg,4.013471245,2.123778082,0.84,0.22,,,,,,,,,,,,,,,,,,,,,,,,,,32.46846702059701,80.26942489999999,42.47556164,3.0,,,,,,,,,,,,,,,,0.0,0.0,61.734375,8.659361113027717,0.0,0.0,2.160703125,30.307763895597013,32.46846702059701,18947,631.0,3.3303425344381696,0.6907931861355556,Watch
244509,4391.0,4871.329233,SWE,Sweden,Gävleborg,4.003516496,1.172095581,0.84,0.22,,,,,,,,,,,,,,,,,,,,,,,,,,14.364508736829258,80.07032991999999,23.44191162,,,,,,,,,,,,,,,,,0.0,0.0,134.4375,2.759770353379788,0.0,0.0,4.7053125,9.659196236829258,14.364508736829258,152503,,,0.3716641224513635,Advisory
244760,4398.0,4588.870202,SWE,Sweden,Skåne,1.213287241,0.0,0.84,0.22,,,,,,,,,,,,,,,,,,,,,,,,,,7.416940724309452,24.26574482,0.0,,,,,,,,,,,,,,,,,0.0,0.0,66.65625,1.452563421231272,0.0,0.0,2.33296875,5.083971974309452,7.416940724309452,168259,,,0.0100771224150411,Information
244770,4399.0,7924.695205,SWE,Sweden,Skåne,1.31881831,1.131942852,0.84,0.22,,,,,,,,,,,,,,,,,,,,,,,,,,23.80167345411919,26.3763662,22.63885704,,,,,,,,,,,,,,,,,0.0,0.0,300.65625,3.7939156297483394,0.0,0.0,10.52296875,13.278704704119187,23.80167345411919,1238424,,,0.1294045871704773,Information
244790,4401.0,13839.54708,SWE,Sweden,Västra Götaland,3.179461056,0.067754594,0.84,0.22,,,,,,,,,,,,,,,,,,,,,,,,,,32.93803795482869,63.589221120000005,1.35509188,,,,,,,,,,,,,,,,,0.0,0.0,546.328125,3.947586737093911,0.0,0.0,19.121484375,13.816553579828687,32.93803795482869,1327420,,,0.4600782071044555,Advisory
244802,4403.0,5197.481232,SWE,Sweden,Vwrmland,3.137204989,0.0,0.84,0.22,,,,,,,,,,,,,,,,,,,,,,,,,,24.62403814635269,62.744099780000006,0.0,,,,,,,,,,,,,,,,,0.0,0.0,240.609375,4.629345720386482,0.0,0.0,8.421328125,16.202710021352686,24.62403814635269,48773,,,0.3394051228572186,Information
244803,4404.0,945.75046,SWE,Sweden,Västra Götaland,3.598559085,0.0,0.84,0.22,,,,,,,,,,,,,,,,,,,,,,,,,,30.589603463740648,71.9711817,0.0,,,,,,,,,,,,,,,,,0.0,0.0,75.515625,7.984730453925899,0.0,0.0,2.643046875,27.94655658874065,30.589603463740648,10940,,,0.5348339414068642,Advisory
244804,4405.0,5008.490066,SWE,Sweden,Vwrmland,3.320690802,0.0,0.84,0.22,,,,,,,,,,,,,,,,,,,,,,,,,,14.232725667523644,66.41381604,0.0,,,,,,,,,,,,,,,,,0.0,0.0,135.703125,2.709461797863898,0.0,0.0,4.749609375,9.483116292523643,14.232725667523644,50425,,,0.1952886622075362,Information
244805,4406.0,6976.238934,SWE,Sweden,Västra Götaland,2.090276952,0.0,0.84,0.22,,,,,,,,,,,,,,,,,,,,,,,,,,12.336385636420584,41.80553904,0.0,,,,,,,,,,,,,,,,,0.0,0.0,144.84375,2.076244110405881,0.0,0.0,5.06953125,7.266854386420583,12.336385636420584,221756,,,0.0604224371166233,Information
244806,4407.0,5979.058664,SWE,Sweden,Vwrmland,2.426859378,0.0,0.84,0.22,,,,,,,,,,,,,,,,,,,,,,,,,,25.426162044344466,48.53718756,0.0,,,,,,,,,,,,,,,,,0.0,0.0,271.828125,4.546336476955561,0.0,0.0,9.513984375,15.912177669344466,25.426162044344466,50977,,,0.2403799732210634,Information
244807,4408.0,1185.82934,SWE,Sweden,Vwrmland,3.586613759,0.0,0.84,0.22,,,,,,,,,,,,,,,,,,,,,,,,,,26.8816016517305,71.73227518,0.0,,,,,,,,,,,,,,,,,0.0,0.0,81.421875,6.866238864780143,0.0,0.0,2.849765625,24.0318360267305,26.8816016517305,12416,,,0.4799501928600144,Advisory
244809,4410.0,13264.56369,SWE,Sweden,Dalarna,3.646807821,0.0,0.84,0.22,,,,,,,,,,,,,,,,,,,,,,,,,,26.24255440257585,72.93615642,0.0,,,,,,,,,,,,,,,,,0.0,0.0,427.5,3.222872686450242,0.0,0.0,14.9625,11.280054402575848,26.24255440257585,125689,,,0.4877080026601486,Advisory
244900,4411.0,6215.016836,SWE,Sweden,Västra Götaland,3.282337986,0.088806507,0.84,0.22,,,,,,,,,,,,,,,,,,,,,,,,,,33.52837815638233,65.64675972,1.7761301400000002,,,,,,,,,,,,,,,,,0.0,0.0,367.171875,5.907817866109236,0.0,0.0,12.851015625,20.67736253138233,33.52837815638233,219464,,,0.4903049989985453,Advisory
251010,4412.0,223.9361832,NOR,Norway,Ãstfold,4.014624238,0.0,0.84,0.22,,,,,,,,,,,,,,,,,,,,,,,,,,20.44870597139634,80.29248476,0.0,,,,,,,,,,,,,,,,,0.0,0.0,12.796875,5.714518670398954,0.0,0.0,0.447890625,20.00081534639634,20.44870597139634,14414,,,0.5147254263462754,Advisory
251024,4416.0,4163.869293,NOR,Norway,Hedmark,3.285846137,0.0,0.84,0.22,,,,,,,,,,,,,,,,,,,,,,,,,,3.4154314198990923,65.71692274,0.0,,,,,,,,,,,,,,,,,0.0,0.0,28.6875,0.6889625485425979,0.0,0.0,1.0040625,2.4113689198990924,3.4154314198990923,3253,,,0.0105455963601068,Information
251025,4417.0,1792.458912,NOR,Norway,Hedmark,2.635592962,0.0,0.84,0.22,,,,,,,,,,,,,,,,,,,,,,,,,,0.971419902449166,52.71185924,0.0,,,,,,,,,,,,,,,,,0.0,0.0,4.21875,0.2353610435569046,0.0,0.0,0.14765625,0.823763652449166,0.971419902449166,3121,,,5.1111057232111e-05,Information
251026,4418.0,1753.225442,NOR,Norway,Hedmark,2.624901023,0.0,0.84,0.22,,,,,,,,,,,,,,,,,,,,,,,,,,2.5406252331303234,52.49802046,0.0,,,,,,,,,,,,,,,,,0.0,0.0,10.828125,0.617611673751521,0.0,0.0,0.378984375,2.1616408581303235,2.5406252331303234,23,,,0.0017037697941396,Information
251027,4419.0,733.1857484,NOR,Norway,Hedmark,1.561008608,0.0,0.84,0.22,,,,,,,,,,,,,,,,,,,,,,,,,,0.8646223479266394,31.22017216,0.0,,,,,,,,,,,,,,,,,0.0,0.0,1.6875,0.2301599565504684,0.0,0.0,0.0590625,0.8055598479266394,0.8646223479266394,2303,,,6.033523414614394e-06,Information
251028,4420.0,1808.981778,NOR,Norway,Hedmark,3.065593529,0.0,0.84,0.22,,,,,,,,,,,,,,,,,,,,,,,,,,0.2891687445662865,61.31187058,0.0,,,,,,,,,,,,,,,,,0.0,0.0,1.265625,0.0699633913046533,0.0,0.0,0.044296875,0.2448718695662865,0.2891687445662865,2013,,,4.883451232104328e-07,Information
251029,4421.0,3298.144361,NOR,Norway,Hedmark,3.12047815,0.0,0.84,0.22,,,,,,,,,,,,,,,,,,,,,,,,,,3.0164459652978346,62.409563,0.0,,,,,,,,,,,,,,,,,0.0,0.0,21.375,0.6480917043708099,0.0,0.0,0.748125,2.2683209652978347,3.0164459652978346,14397,,,0.0058233757546244,Information
251030,4422.0,3252.246619,NOR,Norway,Akershus,2.902377202,0.0,0.84,0.22,,,,,,,,,,,,,,,,,,,,,,,,,,14.059006646882391,58.04754404,0.0,,,,,,,,,,,,,,,,,0.0,0.0,98.578125,3.0310777919663976,0.0,0.0,3.450234375,10.608772271882392,14.059006646882391,1173289,,,0.1371368138070049,Information
251050,4424.0,7756.744098,NOR,Norway,Telemark,3.387047837,3.003212702,0.84,0.22,,,,,,,,,,,,,,,,,,,,,,,,,,18.03872275217046,67.74095674,60.06425404,,,,,,,,,,,,,,,,,0.0,0.0,225.140625,2.902514536334417,0.0,0.0,7.879921875,10.15880087717046,18.03872275217046,318409,,,0.2805266524972762,Information
251060,4425.0,11134.26443,NOR,Norway,Telemark,3.405069443,0.0,0.84,0.22,,,,,,,,,,,,,,,,,,,,,,,,,,2.457038343754644,68.10138886,0.0,,,,,,,,,,,,,,,,,0.0,0.0,36.984375,0.3321672053584698,0.0,0.0,1.294453125,1.1625852187546442,2.457038343754644,130448,,,0.0051795565972567,Information
251071,16088.0,3076.923076,NOR,Norway,Aust-Agder,4.007481029,0.0,0.84,0.22,,,,,,,,,,,,,,,,,,,,,,,,,,40.93646485161522,80.14962058,0.0,3.0,,,,,,,,,,,,,,,,0.0,0.0,275.203125,8.944101564747205,0.0,0.0,9.632109375,31.304355476615218,40.93646485161522,62657,7310.0,11.666693266514516,0.7654051537599802,Watch
251072,4426.0,4033.099553,NOR,Norway,Telemark,4.009157668,0.0,0.84,0.22,,,,,,,,,,,,,,,,,,,,,,,,,,8.271654280778689,80.18315336,0.0,,,,,,,,,,,,,,,,,0.0,0.0,67.921875,1.684111044508197,0.0,0.0,2.377265625,5.894388655778689,8.271654280778689,34307,,,0.1911413992513749,Information
251074,4428.0,3797.018578,NOR,Norway,Aust-Agder,3.669341277,0.0,0.84,0.22,,,,,,,,,,,,,,,,,,,,,,,,,,1.1624826063889042,73.38682554,0.0,,,,,,,,,,,,,,,,,0.0,0.0,9.140625,0.2407316375396869,0.0,0.0,0.319921875,0.8425607313889042,1.1624826063889042,30151,,,0.0008715103348695,Information
251078,4431.0,3597.004665,NOR,Norway,Sør-Trøndelag,2.757476117,0.0,0.84,0.22,,,,,,,,,,,,,,,,,,,,,,,,,,3.460555107445666,55.14952234,0.0,,,,,,,,,,,,,,,,,0.0,0.0,26.15625,0.7271675306987617,0.0,0.0,0.91546875,2.545086357445666,3.460555107445666,40539,,,0.0052049860544275,Information
251079,4432.0,16550.79808,NOR,Norway,Nord-Trøndelag,1.966737073,2.655660785,0.84,0.22,,,,,,,,,,,,,,,,,,,,,,,,,,61.75824514638553,39.33474146,53.1132157,3.0,,,,,,,,,,,,,,,,0.0,0.0,1265.34375,7.645212898967296,0.0,0.0,35.0,26.758245146385537,61.75824514638553,330751,6692.0,2.0232743060489615,0.6085307261814027,Watch
251080,4433.0,6572.128399,NOR,Norway,Nord-Trøndelag,3.322649757,0.0,0.84,0.22,,,,,,,,,,,,,,,,,,,,,,,,,,34.340924981961884,66.45299514,0.0,,,,,,,,,,,,,,,,,0.0,0.0,389.109375,5.92059910198911,0.0,0.0,13.618828125,20.722096856961883,34.340924981961884,8819,,,0.5093304911596046,Advisory
251092,4434.0,4132.272634,NOR,Norway,Nordland,3.142649845,0.0,0.84,0.22,,,,,,,,,,,,,,,,,,,,,,,,,,19.45859387286093,62.85299690000001,0.0,,,,,,,,,,,,,,,,,0.0,0.0,162.5625,3.9339732493888375,0.0,0.0,5.6896875,13.76890637286093,19.45859387286093,3761,,,0.2589472802304478,Information
251094,4436.0,1819.254387,NOR,Norway,Nordland,3.451803217,0.0,0.84,0.22,,,,,,,,,,,,,,,,,,,,,,,,,,32.967490848053394,69.03606434,0.0,,,,,,,,,,,,,,,,,0.0,0.0,144.984375,7.969439349443828,0.0,0.0,5.074453125,27.8930377230534,32.967490848053394,1915,,,0.5249968189930486,Advisory
251098,4440.0,1494.972068,NOR,Norway,Nordland,4.010508224,0.0,0.84,0.22,,,,,,,,,,,,,,,,,,,,,,,,,,7.8338593011905795,80.21016447999999,0.0,,,,,,,,,,,,,,,,,0.0,0.0,29.109375,1.94715176462588,0.0,0.0,1.018828125,6.81503117619058,7.8338593011905795,3494,,,0.1770377380285356,Information
252107,4447.0,6948.688055,NOR,Norway,Finnmark,3.748150343,3.43683767,0.84,0.22,,,,,,,,,,,,,,,,,,,,,,,,,,10.864567187096656,74.96300686,68.7367534,,,,,,,,,,,,,,,,,0.0,0.0,127.265625,1.831505803456188,0.0,0.0,4.454296875,6.4102703120966575,10.864567187096656,10076,,,0.2019017382580167,Information
252108,4448.0,2815.541574,FIN,Finland,Lapland,1.493612287,0.0,0.86,0.19,,,,,,,,,,,,,,,,,,,,,,,,,,35.06064819989991,29.87224574,0.0,,,,,,,,,,,,,,,,,0.0,0.0,220.078125,7.81654680711426,0.0,0.0,7.702734375,27.35791382489991,35.06064819989991,204,,,0.244079703236302,Advisory
252109,4449.0,726.9475768,NOR,Norway,Finnmark,2.461483417,0.0,0.84,0.22,,,,,,,,,,,,,,,,,,,,,,,,,,26.146053505210062,49.22966834,0.0,,,,,,,,,,,,,,,,,0.0,0.0,50.625,6.964051001488588,0.0,0.0,1.771875,24.37417850521006,26.146053505210062,5172,,,0.2534687292803054,Information
252300,4451.0,9089.868167,RUS,Russia,Murmansk,1.816914287,0.065992777,0.65,0.49,,,,,,,,,,,,,,,,,,,,,,,,,,48.95393627193859,36.33828574,1.31985554,,,,,,,,,,,,,,,,,0.0,0.0,666.0,7.3268389348395955,0.0,0.0,23.31,25.643936271938585,48.95393627193859,75989,,,0.3963895324819057,Advisory
252511,4453.0,2183.499171,RUS,Russia,Murmansk,1.118689735,0.015669528,0.65,0.49,,,,,,,,,,,,,,,,,,,,,,,,,,16.450397970775096,22.3737947,0.31339056,,,,,,,,,,,,,,,,,0.0,0.0,84.234375,3.8577699559357415,0.0,0.0,2.948203125,13.502194845775096,16.450397970775096,146129,,,0.0603843211838974,Information
252512,4454.0,1753.528139,RUS,Russia,Murmansk,1.339575097,0.0,0.65,0.49,,,,,,,,,,,,,,,,,,,,,,,,,,0.5938251632083589,26.79150194,0.0,,,,,,,,,,,,,,,,,0.0,0.0,2.53125,0.1443518323452454,0.0,0.0,0.08859375,0.5052314132083588,0.5938251632083589,205,,,7.379115826919402e-07,Information
252513,4455.0,1036.738003,RUS,Russia,Murmansk,3.008745715,0.0,0.65,0.49,,,,,,,,,,,,,,,,,,,,,,,,,,13.41350450999007,60.1749143,0.0,,,,,,,,,,,,,,,,,0.0,0.0,36.0,3.472429859997163,0.0,0.0,1.26,12.15350450999007,13.41350450999007,1077,,,0.1382456866309809,Information
252514,4456.0,9388.693046,RUS,Russia,Murmansk,3.020313588,0.0,0.65,0.49,,,,,,,,,,,,,,,,,,,,,,,,,,40.40276686055561,60.40627176,0.0,,,,,,,,,,,,,,,,,0.0,0.0,558.984375,5.953803924444459,0.0,0.0,19.564453125,20.83831373555561,40.40276686055561,5760,,,0.5080690712132657,Advisory
252515,4457.0,2541.46658,RUS,Russia,Murmansk,3.489212856,0.0,0.65,0.49,,,,,,,,,,,,,,,,,,,,,,,,,,7.286446098761271,69.78425712,0.0,,,,,,,,,,,,,,,,,0.0,0.0,42.1875,1.6599667425032203,0.0,0.0,1.4765625,5.809883598761271,7.286446098761271,792,,,0.077462748377985,Information
252516,4458.0,2212.395115,RUS,Russia,Murmansk,1.612634548,0.0,0.65,0.49,,,,,,,,,,,,,,,,,,,,,,,,,,10.188259627429357,32.252690959999995,0.0,,,,,,,,,,,,,,,,,0.0,0.0,52.734375,2.383587572122673,0.0,0.0,1.845703125,8.342556502429357,10.188259627429357,3,,,0.029076108352179,Information
252517,4459.0,4129.426751,RUS,Russia,Murmansk,3.400597657,0.997445459,0.65,0.49,,,,,,,,,,,,,,,,,,,,,,,,,,5.978520301265702,68.01195314,19.94890918,,,,,,,,,,,,,,,,,0.0,0.0,49.921875,1.2089299075044864,0.0,0.0,1.747265625,4.231254676265702,5.978520301265702,2846,,,0.0467527450084068,Information
252518,4460.0,7419.570284,RUS,Russia,Murmansk,1.764661178,0.0,0.65,0.49,,,,,,,,,,,,,,,,,,,,,,,,,,20.649703326028305,35.29322356,0.0,,,,,,,,,,,,,,,,,0.0,0.0,251.296875,3.386946486008087,0.0,0.0,8.795390625,11.854312701028306,20.649703326028305,3,,,0.1266927248247757,Information
252519,16092.0,3955.641049,RUS,Russia,Murmansk,3.261590826,0.0,0.65,0.49,,,,,,,,,,,,,,,,,,,,,,,,,,13.1275986553869,65.23181652,0.0,,,,,,,,,,,,,,,,,0.0,0.0,106.3125,2.6876174729676863,0.0,0.0,3.7209375,9.4066611553869,13.1275986553869,253,,,0.165031765368863,Information
252540,4463.0,10034.67594,RUS,Russia,Murmansk,2.168539621,0.0,0.65,0.49,,,,,,,,,,,,,,,,,,,,,,,,,,25.85415797161165,43.37079242,0.0,,,,,,,,,,,,,,,,,0.0,0.0,369.984375,3.687058527603329,0.0,0.0,12.949453125,12.90470484661165,25.85415797161165,373,,,0.2165043742688651,Information
252560,4465.0,12506.09636,RUS,Russia,Murmansk,2.648019652,0.0,0.65,0.49,,,,,,,,,,,,,,,,,,,,,,,,,,70.0,52.96039304,0.0,3.0,,,,,,,,,,,,,,,,0.0,0.0,1621.265625,12.963802441127369,0.0,0.0,35.0,35.0,70.0,160740,11405.0,7.0953091949732485,0.6545025582691634,Watch
252570,4466.0,1849.699844,RUS,Russia,Murmansk,3.998436348,0.0,0.65,0.49,,,,,,,,,,,,,,,,,,,,,,,,,,4.004427087769629,79.96872696,0.0,,,,,,,,,,,,,,,,,0.0,0.0,17.859375,0.9655282750770368,0.0,0.0,0.625078125,3.3793489627696287,4.004427087769629,28738,,,0.0537104795312006,Information
252602,4470.0,2196.864748,RUS,Russia,Karelia,1.620330157,0.0,0.65,0.49,,,,,,,,,,,,,,,,,,,,,,,,,,28.500978866768733,32.40660314,0.0,,,,,,,,,,,,,,,,,0.0,0.0,146.671875,6.676418069076781,0.0,0.0,5.133515625,23.36746324176873,28.500978866768733,4,,,0.193911562452926,Information
252608,4476.0,1105.453899,RUS,Russia,Karelia,2.034051965,0.0,0.65,0.49,,,,,,,,,,,,,,,,,,,,,,,,,,15.921432107870851,40.6810393,0.0,,,,,,,,,,,,,,,,,0.0,0.0,45.28125,4.096168102248815,0.0,0.0,1.58484375,14.336588357870854,15.921432107870851,0,,,0.0942107871096858,Information
252609,4477.0,4410.864055,FIN,Finland,Oulu,0.324047885,0.0,0.86,0.19,,,,,,,,,,,,,,,,,,,,,,,,,,40.23316826853992,6.480957699999999,0.0,,,,,,,,,,,,,,,,,0.0,0.0,351.84375,7.976753433868549,0.0,0.0,12.31453125,27.91863701853992,40.23316826853992,6916,,,0.1994818850017918,Advisory
252801,4479.0,1907.061251,RUS,Russia,Karelia,3.508262115,0.0,0.65,0.49,,,,,,,,,,,,,,,,,,,,,,,,,,37.7064015651418,70.1652423,0.0,,,,,,,,,,,,,,,,,0.0,0.0,172.546875,9.047788840040516,0.0,0.0,6.039140625,31.667260940141805,37.7064015651418,7986,,,0.5925679874212615,Advisory
252802,4480.0,1688.222988,RUS,Russia,Karelia,1.662601624,0.0,0.65,0.49,,,,,,,,,,,,,,,,,,,,,,,,,,41.69375,33.25203248,0.0,,,,,,,,,,,,,,,,,0.0,0.0,191.25,11.32847979033256,0.0,0.0,6.69375,35.0,41.69375,98,,,0.3189729854505032,Advisory
252807,4485.0,296.7053014,RUS,Russia,Karelia,2.62861729,0.0,0.65,0.49,,,,,,,,,,,,,,,,,,,,,,,,,,13.493687496613752,52.57234580000001,0.0,,,,,,,,,,,,,,,,,0.0,0.0,11.109375,3.744245534746786,0.0,0.0,0.388828125,13.104859371613752,13.493687496613752,1163,,,0.1043798056979838,Information
252808,4486.0,1311.169512,RUS,Russia,Karelia,0.823651661,0.0,0.65,0.49,,,,,,,,,,,,,,,,,,,,,,,,,,12.058619413089076,16.473033219999998,0.0,,,,,,,,,,,,,,,,,0.0,0.0,39.9375,3.0459448323111644,0.0,0.0,1.3978125,10.660806913089075,12.058619413089076,254,,,0.0264712383688514,Information
261100,4497.0,1050.212346,RUS,Russia,Arkhangel'sk,1.667466586,1.063957344,0.65,0.49,,,,,,,,,,,,,,,,,,,,,,,,,,13.879022442840748,33.34933172,21.279146880000003,,,,,,,,,,,,,,,,,0.0,0.0,37.6875,3.5885599836687856,0.0,0.0,1.3190625,12.559959942840749,13.879022442840748,1607,,,0.0583138866789995,Information
261203,4500.0,7274.784634,RUS,Russia,Arkhangel'sk,2.535427529,0.0,0.65,0.49,,,,,,,,,,,,,,,,,,,,,,,,,,6.264521014031283,50.70855058,0.0,,,,,,,,,,,,,,,,,0.0,0.0,75.375,1.036113146866081,0.0,0.0,2.638125,3.6263960140312834,6.264521014031283,49009,,,0.0195635124355565,Information
261205,4502.0,1168.547562,RUS,Russia,Arkhangel'sk,3.38702436,0.0,0.65,0.49,,,,,,,,,,,,,,,,,,,,,,,,,,1.5053270389510367,67.74048719999999,0.0,,,,,,,,,,,,,,,,,0.0,0.0,4.5,0.3850934397002962,0.0,0.0,0.1575,1.3478270389510367,1.5053270389510367,4417,,,0.0010890678316096,Information
261207,4504.0,1220.468091,RUS,Russia,Arkhangel'sk,2.34569023,0.0,0.65,0.49,,,,,,,,,,,,,,,,,,,,,,,,,,0.8597431545052192,46.913804600000006,0.0,,,,,,,,,,,,,,,,,0.0,0.0,2.671875,0.2189221512872055,0.0,0.0,0.093515625,0.7662275295052192,0.8597431545052192,3144,,,1.869535765281857e-05,Information
261422,4510.0,2605.524556,RUS,Russia,Arkhangel'sk,3.617112021,0.0,0.65,0.49,,,,,,,,,,,,,,,,,,,,,,,,,,2.595510737517643,72.34224042,0.0,,,,,,,,,,,,,,,,,0.0,0.0,15.328125,0.5882932464336122,0.0,0.0,0.536484375,2.059026362517643,2.595510737517643,73,,,0.0089877353761496,Information
261424,4512.0,4097.597033,RUS,Russia,Arkhangel'sk,3.324457119,0.0,0.65,0.49,,,,,,,,,,,,,,,,,,,,,,,,,,7.924872407918036,66.48914238,0.0,,,,,,,,,,,,,,,,,0.0,0.0,65.8125,1.606124259405153,0.0,0.0,2.3034375,5.621434907918036,7.924872407918036,2183,,,0.0746704742034313,Information
261426,4514.0,4932.452737,RUS,Russia,Arkhangel'sk,3.039019849,0.0,0.65,0.49,,,,,,,,,,,,,,,,,,,,,,,,,,0.7450214906966961,60.780396980000006,0.0,,,,,,,,,,,,,,,,,0.0,0.0,7.03125,0.1425507830561989,0.0,0.0,0.24609375,0.4989277406966961,0.7450214906966961,172,,,3.692650478947526e-05,Information
261428,4516.0,2979.337084,RUS,Russia,Arkhangel'sk,3.480045041,0.0,0.65,0.49,,,,,,,,,,,,,,,,,,,,,,,,,,1.415165995808367,69.60090081999999,0.0,,,,,,,,,,,,,,,,,0.0,0.0,9.28125,0.3115206416595335,0.0,0.0,0.32484375,1.0903222458083677,1.415165995808367,499,,,0.0010804935543359,Information
261429,4517.0,7061.756172,RUS,Russia,Arkhangel'sk,3.217259215,0.0,0.65,0.49,,,,,,,,,,,,,,,,,,,,,,,,,,2.152386045286436,64.3451843,0.0,,,,,,,,,,,,,,,,,0.0,0.0,25.453125,0.3604361915104102,0.0,0.0,0.890859375,1.2615266702864356,2.152386045286436,2146,,,0.0024978786999221,Information
261444,4522.0,1838.979996,RUS,Russia,Arkhangel'sk,3.102481878,0.0,0.65,0.49,,,,,,,,,,,,,,,,,,,,,,,,,,0.4119184207524515,62.04963756,0.0,,,,,,,,,,,,,,,,,0.0,0.0,1.828125,0.0994097273578433,0.0,0.0,0.063984375,0.3479340457524515,0.4119184207524515,2108,,,3.0454519245783714e-06,Information
261446,4524.0,19573.69589,RUS,Russia,Vologda,3.083692445,0.0,0.65,0.49,,,,,,,,,,,,,,,,,,,,,,,,,,3.2199656762069555,61.6738489,0.0,,,,,,,,,,,,,,,,,0.0,0.0,60.890625,0.3110839432019873,0.0,0.0,2.131171875,1.0887938012069556,3.2199656762069555,78869,,,0.0066290183384077,Information
261447,4525.0,7818.077014,RUS,Russia,Arkhangel'sk,3.578072529,0.0,0.65,0.49,,,,,,,,,,,,,,,,,,,,,,,,,,1.6826071356095789,71.56145058,0.0,,,,,,,,,,,,,,,,,0.0,0.0,21.09375,0.2698073958884511,0.0,0.0,0.73828125,0.9443258856095788,1.6826071356095789,21029,,,0.002346375114554,Information
261464,4532.0,3525.37509,RUS,Russia,Vologda,1.302653974,0.0,0.65,0.49,,,,,,,,,,,,,,,,,,,,,,,,,,18.86427220426531,26.05307948,0.0,,,,,,,,,,,,,,,,,0.0,0.0,140.484375,3.984948308361517,0.0,0.0,4.916953125,13.94731907926531,18.86427220426531,19514,,,0.0859572771023483,Information
261465,4533.0,2.36906811,RUS,Russia,Vologda,4.035882318,0.0,0.65,0.49,,,,,,,,,,,,,,,,,,,,,,,,,,35.103359375,80.71764635999999,0.0,3.0,,,,,,,,,,,,,,,,0.0,0.0,2.953125,124.65344443493662,0.0,0.0,0.103359375,35.0,35.103359375,0,0.0,0.0,0.7254490583115474,Watch
261466,4534.0,3047.385804,RUS,Russia,Vologda,3.06247731,0.0,0.65,0.49,,,,,,,,,,,,,,,,,,,,,,,,,,15.34115378597668,61.2495462,0.0,,,,,,,,,,,,,,,,,0.0,0.0,102.375,3.3594367959933376,0.0,0.0,3.583125,11.75802878597668,15.34115378597668,318784,,,0.1770662290633233,Information
261469,4537.0,10290.27838,RUS,Russia,Vologda,3.449932664,0.0,0.65,0.49,,,,,,,,,,,,,,,,,,,,,,,,,,8.501500169604988,68.99865328,0.0,,,,,,,,,,,,,,,,,0.0,0.0,123.1875,1.1971250484585676,0.0,0.0,4.3115625,4.189937669604987,8.501500169604988,34144,,,0.0978693280691003,Information
261492,4541.0,17328.09729,RUS,Russia,Komi,2.458349459,0.0,0.65,0.49,,,,,,,,,,,,,,,,,,,,,,,,,,4.362399278397604,49.16698918,0.0,,,,,,,,,,,,,,,,,0.0,0.0,79.03125,0.4560872938278866,0.0,0.0,2.76609375,1.596305528397603,4.362399278397604,149749,,,0.0070339725607786,Information
261493,4542.0,2850.440542,RUS,Russia,Komi,2.971416932,0.0,0.65,0.49,,,,,,,,,,,,,,,,,,,,,,,,,,11.826706494289022,59.42833864,0.0,,,,,,,,,,,,,,,,,0.0,0.0,74.953125,2.629527748368292,0.0,0.0,2.623359375,9.203347119289022,11.826706494289022,19721,,,0.1088420662202575,Information
261494,4543.0,6539.73552,RUS,Russia,Komi,2.047516549,0.0,0.65,0.49,,,,,,,,,,,,,,,,,,,,,,,,,,1.5933417101843848,40.95033098,0.0,,,,,,,,,,,,,,,,,0.0,0.0,18.0,0.2752404886241099,0.0,0.0,0.63,0.9633417101843846,1.5933417101843848,1962,,,0.0001516029866241,Information
261495,4544.0,2073.397217,RUS,Russia,Komi,2.160078453,0.0,0.65,0.49,,,,,,,,,,,,,,,,,,,,,,,,,,9.199889055745963,43.20156906,0.0,,,,,,,,,,,,,,,,,0.0,0.0,45.140625,2.177133480213133,0.0,0.0,1.579921875,7.619967180745965,9.199889055745963,2926,,,0.034355350969535,Information
261496,4545.0,7953.258571,RUS,Russia,Komi,3.679047227,0.0,0.65,0.49,,,,,,,,,,,,,,,,,,,,,,,,,,1.2999140123345638,73.58094453999999,0.0,,,,,,,,,,,,,,,,,0.0,0.0,16.453125,0.2068727535241611,0.0,0.0,0.575859375,0.7240546373345639,1.2999140123345638,1658,,,0.0012985719813243,Information
261498,4547.0,8179.793781,RUS,Russia,Komi,2.155412233,0.0,0.65,0.49,,,,,,,,,,,,,,,,,,,,,,,,,,3.150428772980106,43.10824466,0.0,,,,,,,,,,,,,,,,,0.0,0.0,40.5,0.4951225065657446,0.0,0.0,1.4175,1.732928772980106,3.150428772980106,3152,,,0.0019041929890384,Information
261499,4548.0,15126.24103,RUS,Russia,Komi,3.247581777,0.0,0.65,0.49,,,,,,,,,,,,,,,,,,,,,,,,,,4.349493811596569,64.95163554,0.0,,,,,,,,,,,,,,,,,0.0,0.0,74.8125,0.4945875175990197,0.0,0.0,2.6184375,1.731056311596569,4.349493811596569,9231,,,0.0184590111354757,Information
261501,4549.0,100.6078251,RUS,Russia,Arkhangel'sk,1.893320109,0.0,0.65,0.49,,,,,,,,,,,,,,,,,,,,,,,,,,17.294753354370364,37.86640218,0.0,,,,,,,,,,,,,,,,,0.0,0.0,4.921875,4.892139351248675,0.0,0.0,0.172265625,17.122487729370363,17.294753354370364,73142,,,0.100469008621058,Information
261700,4567.0,5036.621762,RUS,Russia,Nenets,2.206963519,1.012790276,0.65,0.49,,,,,,,,,,,,,,,,,,,,,,,,,,16.22223136088936,44.13927038,20.255805520000003,,,,,,,,,,,,,,,,,0.0,0.0,155.25,3.0824232459683887,0.0,0.0,5.43375,10.78848136088936,16.22223136088936,97,,,0.1081402808103043,Information
261900,4601.0,3252.632992,RUS,Russia,Nenets,3.196046549,0.0,0.65,0.49,,,,,,,,,,,,,,,,,,,,,,,,,,0.3208615453077545,63.92093098,0.0,,,,,,,,,,,,,,,,,0.0,0.0,2.25,0.069174727230787,0.0,0.0,0.07875,0.2421115453077545,0.3208615453077545,0,,,1.165053440479316e-06,Information
262002,16097.0,46246.10874,RUS,Russia,Arkhangel'sk,2.387574557,3.159598384,0.65,0.49,,,,,,,,,,,,,,,,,,,,,,,,,,0.6584769105866564,47.751491140000006,63.191967680000005,,,,,,,,,,,,,,,,,0.0,0.0,15.46875,0.0334487601676161,0.0,0.0,0.54140625,0.1170706605866563,0.6584769105866564,232,,,2.8664687936590183e-05,Information
281001,4634.0,72500.39421,TKM,Turkmenistan,Tashauz,3.108714736,0.0,0.51,0.68,,,,,,,,,,,,,,,,,,,,,,,,,,22.67743925649911,62.17429472,0.0,,,,,,,,,,,,,,,,,0.0,0.0,569.390625,0.7853621089997456,0.0,0.0,19.928671875,2.7487673814991096,22.67743925649911,3645993,,,0.3044590735082584,Information
281002,4635.0,14521.57079,TKM,Turkmenistan,Tashauz,4.1304286,0.0,0.51,0.68,,,,,,,,,,,,,,,,,,,,,,,,,,1.9614501406675755,82.60857200000001,0.0,,,,,,,,,,,,,,,,,0.0,0.0,33.1875,0.2285393259050216,0.0,0.0,1.1615625,0.7998876406675756,1.9614501406675755,252,,,0.0145439438684399,Information
281004,4637.0,13264.21133,TKM,Turkmenistan,Mary,2.897353615,0.0,0.51,0.68,,,,,,,,,,,,,,,,,,,,,,,,,,0.1899153911766551,57.9470723,0.0,,,,,,,,,,,,,,,,,0.0,0.0,3.09375,0.0233240403361872,0.0,0.0,0.10828125,0.0816341411766552,0.1899153911766551,187,,,3.330083590829159e-08,Information
281007,4640.0,15370.33777,KAZ,Kazakhstan,Mangghystau,0.892923802,0.0,0.63,0.51,,,,,,,,,,,,,,,,,,,,,,,,,,0.1624813105299454,17.85847604,0.0,,,,,,,,,,,,,,,,,0.0,0.0,2.8125,0.0182982315799844,0.0,0.0,0.0984375,0.0640438105299454,0.1624813105299454,144,,,2.398032681081966e-10,Information
281010,4642.0,7061.355086,TKM,Turkmenistan,Balkan,1.446703107,0.0,0.51,0.68,,,,,,,,,,,,,,,,,,,,,,,,,,8.586046737485784,28.93406214,0.0,,,,,,,,,,,,,,,,,0.0,0.0,101.53125,1.4378437107102242,0.0,0.0,3.55359375,5.032452987485785,8.586046737485784,143319,,,0.0172802913811569,Information
281011,4643.0,2235.216872,TKM,Turkmenistan,Balkan,0.394407748,0.0,0.51,0.68,,,,,,,,,,,,,,,,,,,,,,,,,,1.7512007770952538,7.88815496,0.0,,,,,,,,,,,,,,,,,0.0,0.0,9.140625,0.4089368291700725,0.0,0.0,0.319921875,1.431278902095254,1.7512007770952538,40206,,,3.705315519394433e-05,Information
281013,4645.0,7247.463731,TKM,Turkmenistan,Balkan,3.548440063,0.0,0.51,0.68,,,,,,,,,,,,,,,,,,,,,,,,,,1.1010261228214024,70.96880126,0.0,,,,,,,,,,,,,,,,,0.0,0.0,13.21875,0.1823913922346864,0.0,0.0,0.46265625,0.6383698728214023,1.1010261228214024,1415,,,0.0005337052745355,Information
281030,4653.0,2633.690769,TKM,Turkmenistan,Ahal,4.056403227,0.0,0.51,0.68,,,,,,,,,,,,,,,,,,,,,,,,,,2.077680257444264,81.12806454,0.0,,,,,,,,,,,,,,,,,0.0,0.0,12.375,0.4698729306983611,0.0,0.0,0.433125,1.644555257444264,2.077680257444264,0,,,0.0136771661615539,Information
281040,4654.0,17053.77292,TKM,Turkmenistan,Ahal,1.661122776,0.0,0.51,0.68,,,,,,,,,,,,,,,,,,,,,,,,,,1.2180427826292033,33.22245552,0.0,,,,,,,,,,,,,,,,,0.0,0.0,21.9375,0.1286372236083438,0.0,0.0,0.7678125,0.4502302826292033,1.2180427826292033,259462,,,3.1124174743754774e-05,Information
281050,4655.0,7277.219645,TKM,Turkmenistan,Ahal,2.912986674,0.0,0.51,0.68,,,,,,,,,,,,,,,,,,,,,,,,,,5.351856116884846,58.25973348,0.0,,,,,,,,,,,,,,,,,0.0,0.0,64.40625,0.8850392476813845,0.0,0.0,2.25421875,3.097637366884846,5.351856116884846,0,,,0.0199867401746008,Information
281061,4657.0,4567.909612,TKM,Turkmenistan,Ahal,4.038816964,0.0,0.51,0.68,,,,,,,,,,,,,,,,,,,,,,,,,,7.016456538276869,80.77633927999999,0.0,,,,,,,,,,,,,,,,,0.0,0.0,62.859375,1.3761081180791055,0.0,0.0,2.200078125,4.816378413276869,7.016456538276869,31,,,0.1567551907058974,Information
281062,4658.0,29112.22463,TKM,Turkmenistan,Mary,2.235662568,0.0,0.51,0.68,,,,,,,,,,,,,,,,,,,,,,,,,,4.919722878665812,44.71325136,0.0,,,,,,,,,,,,,,,,,0.0,0.0,104.625,0.3593851081902321,0.0,0.0,3.661875,1.2578478786658125,4.919722878665812,676766,,,0.0077756098196079,Information
281067,4663.0,1025.075119,TKM,Turkmenistan,Mary,3.829668594,0.0,0.51,0.68,,,,,,,,,,,,,,,,,,,,,,,,,,4.923108339321751,76.59337188,0.0,,,,,,,,,,,,,,,,,0.0,0.0,13.078125,1.2758211326633573,0.0,0.0,0.457734375,4.465373964321751,4.923108339321751,83764,,,0.059488826522517,Information
281069,4665.0,28508.66817,AFG,Afghanistan,Badghis,4.039731247,0.0,0.3,0.97,,,,,,,,,,,,,,,,,,,,,,,,,,0.3390645031512928,80.79462493999999,0.0,,,,,,,,,,,,,,,,,0.0,0.0,7.171875,0.0251568223289408,0.0,0.0,0.251015625,0.0880488781512928,0.3390645031512928,688909,,,2.709779458108994e-05,Information
281070,4666.0,14378.62871,TKM,Turkmenistan,Ahal,3.176879139,0.0,0.51,0.68,,,,,,,,,,,,,,,,,,,,,,,,,,0.5591099050107431,63.53758278,0.0,,,,,,,,,,,,,,,,,0.0,0.0,9.421875,0.0655269371459266,0.0,0.0,0.329765625,0.229344280010743,0.5591099050107431,336045,,,1.4724149234341124e-05,Information
281091,4668.0,5255.438224,IRN,Iran,Razavi Khorasan,1.394570765,0.0,0.54,0.64,,,,,,,,,,,,,,,,,,,,,,,,,,0.8000817403167533,27.8914153,0.0,,,,,,,,,,,,,,,,,0.0,0.0,7.875,0.1498447829476438,0.0,0.0,0.275625,0.5244567403167533,0.8000817403167533,49555,,,3.3783140656118517e-06,Information
281092,4669.0,6204.907487,IRN,Iran,Razavi Khorasan,1.334179728,0.0,0.54,0.64,,,,,,,,,,,,,,,,,,,,,,,,,,0.1413951491232504,26.683594560000003,0.0,,,,,,,,,,,,,,,,,0.0,0.0,1.546875,0.0249298640352144,0.0,0.0,0.054140625,0.0872545241232504,0.1413951491232504,336677,,,2.0394095243329784e-10,Information
281093,4670.0,2064.143146,AFG,Afghanistan,Hirat,3.15815134,0.0,0.3,0.97,,,,,,,,,,,,,,,,,,,,,,,,,,0.1438325744611493,63.1630268,0.0,,,,,,,,,,,,,,,,,0.0,0.0,0.703125,0.0340637712746141,0.0,0.0,0.024609375,0.1192231994611493,0.1438325744611493,26114,,,1.4646774501146096e-08,Information
281094,4671.0,5609.920028,IRN,Iran,Razavi Khorasan,1.940035069,0.0,0.54,0.64,,,,,,,,,,,,,,,,,,,,,,,,,,0.2054309368656667,38.80070138,0.0,,,,,,,,,,,,,,,,,0.0,0.0,2.109375,0.0376008033901905,0.0,0.0,0.073828125,0.1316028118656667,0.2054309368656667,146673,,,6.1045257919946644e-09,Information
281095,4672.0,13830.73274,AFG,Afghanistan,Hirat,3.431323147,0.0,0.3,0.97,,,,,,,,,,,,,,,,,,,,,,,,,,0.6190783933556947,68.62646294,0.0,,,,,,,,,,,,,,,,,0.0,0.0,10.265625,0.0742232909587699,0.0,0.0,0.359296875,0.2597815183556946,0.6190783933556947,1565563,,,4.3277017783863296e-05,Information
281096,4673.0,7482.490872,AFG,Afghanistan,Ghor,4.003462825,0.0,0.3,0.97,,,,,,,,,,,,,,,,,,,,,,,,,,0.1264970447061555,80.0692565,0.0,,,,,,,,,,,,,,,,,0.0,0.0,1.546875,0.0206732627731873,0.0,0.0,0.054140625,0.0723564197061555,0.1264970447061555,134560,,,2.098484826594565e-07,Information
281097,4674.0,9298.835709,AFG,Afghanistan,Ghor,4.086348316,0.0,0.3,0.97,,,,,,,,,,,,,,,,,,,,,,,,,,1.981686012721246,81.72696631999999,0.0,,,,,,,,,,,,,,,,,0.0,0.0,27.28125,0.2933835036346418,0.0,0.0,0.95484375,1.026842262721246,1.981686012721246,205187,,,0.0131592880635539,Information
281098,4675.0,3260.086381,AFG,Afghanistan,Ghor,2.035077019,0.0,0.3,0.97,,,,,,,,,,,,,,,,,,,,,,,,,,0.1801732593210133,40.70154038,0.0,,,,,,,,,,,,,,,,,0.0,0.0,1.265625,0.0388218240917181,0.0,0.0,0.044296875,0.1358763843210133,0.1801732593210133,76971,,,3.387280587192445e-09,Information
281401,4680.0,1542.119705,TKM,Turkmenistan,Balkan,4.069668194,0.0,0.51,0.68,,,,,,,,,,,,,,,,,,,,,,,,,,0.5157344033538578,81.39336388000001,0.0,,,,,,,,,,,,,,,,,0.0,0.0,1.96875,0.1276651866725308,0.0,0.0,0.06890625,0.4468281533538578,0.5157344033538578,7312,,,0.0001680994335776,Information
281404,4683.0,8445.733661,TKM,Turkmenistan,Balkan,4.050612875,0.0,0.51,0.68,,,,,,,,,,,,,,,,,,,,,,,,,,0.225739950973537,81.01225749999999,0.0,,,,,,,,,,,,,,,,,0.0,0.0,2.953125,0.034965878849582,0.0,0.0,0.103359375,0.122380575973537,0.225739950973537,55347,,,4.664573824522061e-06,Information
281408,4687.0,1756.462741,IRN,Iran,North Khorasan,1.63066081,0.0,0.54,0.64,,,,,,,,,,,,,,,,,,,,,,,,,,1.0212451419949704,32.6132162,0.0,,,,,,,,,,,,,,,,,0.0,0.0,4.359375,0.2481905762842773,0.0,0.0,0.152578125,0.8686670169949705,1.0212451419949704,4710,,,1.398302937563556e-05,Information
281409,4688.0,8602.101938,IRN,Iran,North Khorasan,2.348942779,0.0,0.54,0.64,,,,,,,,,,,,,,,,,,,,,,,,,,0.3299511974104356,46.97885558,0.0,,,,,,,,,,,,,,,,,0.0,0.0,4.359375,0.0506780206886959,0.0,0.0,0.152578125,0.1773730724104356,0.3299511974104356,757217,,,1.8921346037986854e-07,Information
281500,16101.0,21448.31742,TKM,Turkmenistan,Balkan,1.742956431,0.0,0.51,0.68,,,,,,,,,,,,,,,,,,,,,,,,,,5.766091704486166,34.85912862,0.0,,,,,,,,,,,,,,,,,0.0,0.0,112.359375,0.5238610227103331,0.0,0.0,3.932578125,1.8335135794861657,5.766091704486166,75237,,,0.0076635243003379,Information
281600,4689.0,23805.65307,TKM,Turkmenistan,Balkan,1.01705685,0.0,0.51,0.68,,,,,,,,,,,,,,,,,,,,,,,,,,28.95008908034073,20.341137,0.0,,,,,,,,,,,,,,,,,0.0,0.0,582.46875,2.446766522954494,0.0,0.0,20.38640625,8.56368283034073,28.95008908034073,1485,,,0.155725992931383,Information
281607,4695.0,7788.949405,TKM,Turkmenistan,Balkan,4.256714164,0.0,0.51,0.68,,,,,,,,,,,,,,,,,,,,,,,,,,0.5620461810537154,85.13428328,0.0,,,,,,,,,,,,,,,,,0.0,0.0,7.03125,0.0902721231582044,0.0,0.0,0.24609375,0.3159524310537154,0.5620461810537154,2942,,,0.0005278819006875,Information
281803,4702.0,3630.443084,TKM,Turkmenistan,Balkan,4.212369272,0.0,0.51,0.68,,,,,,,,,,,,,,,,,,,,,,,,,,13.47126716508907,84.24738544,0.0,,,,,,,,,,,,,,,,,0.0,0.0,102.515625,2.823777225739734,0.0,0.0,3.588046875,9.88322029008907,13.47126716508907,172,,,0.4378402295772654,Advisory
281903,4712.0,458.9075106,KAZ,Kazakhstan,Mangghystau,3.524661784,0.0,0.63,0.51,,,,,,,,,,,,,,,,,,,,,,,,,,5.496520053374033,70.49323568,0.0,,,,,,,,,,,,,,,,,0.0,0.0,6.890625,1.5015280509640092,0.0,0.0,0.241171875,5.255348178374033,5.496520053374033,1371,,,0.0464296132038332,Information
281905,4714.0,269.6612993,KAZ,Kazakhstan,Mangghystau,4.089130107,0.0,0.63,0.51,,,,,,,,,,,,,,,,,,,,,,,,,,1.1246550247866376,81.78260214,0.0,,,,,,,,,,,,,,,,,0.0,0.0,0.84375,0.3128925070818965,0.0,0.0,0.02953125,1.0951237747866376,1.1246550247866376,86,,,0.0026772057300761,Information
281907,4716.0,12373.46967,KAZ,Kazakhstan,Mangghystau,0.747584591,0.0,0.63,0.51,,,,,,,,,,,,,,,,,,,,,,,,,,12.53069259984066,14.95169182,0.0,,,,,,,,,,,,,,,,,0.0,0.0,198.0,1.6001978856687602,0.0,0.0,6.93,5.600692599840661,12.53069259984066,490590,,,0.0277438043480539,Information
281909,4718.0,511.6047765,KAZ,Kazakhstan,Mangghystau,4.06027732,0.0,0.63,0.51,,,,,,,,,,,,,,,,,,,,,,,,,,0.7078855592048534,81.2055464,0.0,,,,,,,,,,,,,,,,,0.0,0.0,0.984375,0.1924092669156724,0.0,0.0,0.034453125,0.6734324342048534,0.7078855592048534,6337,,,0.0005208142403082,Information
282080,4726.0,24989.82819,KAZ,Kazakhstan,Aqtöbe,0.633660967,0.0,0.63,0.51,,,,,,,,,,,,,,,,,,,,,,,,,,33.64394347118713,12.67321934,0.0,,,,,,,,,,,,,,,,,0.0,0.0,686.53125,2.747242777482036,0.0,0.0,24.02859375,9.615349721187126,33.64394347118713,208,,,0.1700863370310955,Information
282090,4727.0,25463.51167,KAZ,Kazakhstan,Aqtöbe,1.309346248,0.0,0.63,0.51,,,,,,,,,,,,,,,,,,,,,,,,,,0.4592707888292793,26.18692496,0.0,,,,,,,,,,,,,,,,,0.0,0.0,9.421875,0.0370014753797941,0.0,0.0,0.329765625,0.1295051638292793,0.4592707888292793,277,,,1.890642635121683e-07,Information
282100,4728.0,14945.66981,KAZ,Kazakhstan,Mangghystau,1.844257639,0.0,0.63,0.51,,,,,,,,,,,,,,,,,,,,,,,,,,16.988729461933744,36.88515278,0.0,,,,,,,,,,,,,,,,,0.0,0.0,290.8125,1.9457977034096408,0.0,0.0,10.1784375,6.810291961933743,16.988729461933744,15823,,,0.0946916107823061,Information
282200,4729.0,23859.62555,KAZ,Kazakhstan,Mangghystau,2.771068195,0.0,0.63,0.51,,,,,,,,,,,,,,,,,,,,,,,,,,29.60125059371817,55.4213639,0.0,,,,,,,,,,,,,,,,,0.0,0.0,595.96875,2.497812669633763,0.0,0.0,20.85890625,8.74234434371817,29.60125059371817,12304,,,0.3411090837447428,Information
282300,16103.0,20000.18294,KAZ,Kazakhstan,Atyrau,3.192363263,0.0,0.63,0.51,,,,,,,,,,,,,,,,,,,,,,,,,,8.246576418566944,63.84726526,0.0,,,,,,,,,,,,,,,,,0.0,0.0,157.078125,0.7853834410191267,0.0,0.0,5.497734375,2.748842043566944,8.246576418566944,83959,,,0.0697099838531566,Information
282402,4732.0,34187.38925,KAZ,Kazakhstan,Atyrau,2.345070346,0.0,0.63,0.51,,,,,,,,,,,,,,,,,,,,,,,,,,4.930201711986295,46.90140692,0.0,,,,,,,,,,,,,,,,,0.0,0.0,108.984375,0.3187853105675128,0.0,0.0,3.814453125,1.1157485869862949,4.930201711986295,31560,,,0.0087324746269179,Information
282403,4733.0,15458.60016,KAZ,Kazakhstan,Aqtöbe,1.475800801,0.0,0.63,0.51,,,,,,,,,,,,,,,,,,,,,,,,,,4.198795235057915,29.51601602,0.0,,,,,,,,,,,,,,,,,0.0,0.0,72.84375,0.4712182814451187,0.0,0.0,2.54953125,1.6492639850579154,4.198795235057915,28766,,,0.0023967871543968,Information
282407,4737.0,2789.572762,KAZ,Kazakhstan,Aqtöbe,1.523585954,0.0,0.63,0.51,,,,,,,,,,,,,,,,,,,,,,,,,,0.3836169997172733,30.47171908,0.0,,,,,,,,,,,,,,,,,0.0,0.0,2.390625,0.0856986070620781,0.0,0.0,0.083671875,0.2999451247172733,0.3836169997172733,18549,,,9.972781646580561e-08,Information
282408,4738.0,3070.11723,KAZ,Kazakhstan,Aqtöbe,2.679808564,0.0,0.63,0.51,,,,,,,,,,,,,,,,,,,,,,,,,,0.1676274315821448,53.59617128,0.0,,,,,,,,,,,,,,,,,0.0,0.0,1.125,0.0366435518806128,0.0,0.0,0.039375,0.1282524315821448,0.1676274315821448,1930,,,9.36211615268046e-09,Information
282409,4739.0,2345.589201,KAZ,Kazakhstan,Aqtöbe,1.288683856,0.0,0.63,0.51,,,,,,,,,,,,,,,,,,,,,,,,,,1.062121755940664,25.77367712,0.0,,,,,,,,,,,,,,,,,0.0,0.0,5.765625,0.2458071088401897,0.0,0.0,0.201796875,0.860324880940664,1.062121755940664,4971,,,1.0839836402026578e-05,Information
282601,4740.0,5368.530187,KAZ,Kazakhstan,Atyrau,2.135361741,0.0,0.63,0.51,,,,,,,,,,,,,,,,,,,,,,,,,,9.877010894528734,42.70723482,0.0,,,,,,,,,,,,,,,,,0.0,0.0,98.578125,1.8362218627224955,0.0,0.0,3.450234375,6.426776519528734,9.877010894528734,41289,,,0.0393767809897662,Information
282602,4741.0,5015.124479,KAZ,Kazakhstan,Atyrau,3.537473652,0.0,0.63,0.51,,,,,,,,,,,,,,,,,,,,,,,,,,0.7662688009777952,70.74947304,0.0,,,,,,,,,,,,,,,,,0.0,0.0,7.3125,0.1458089431365129,0.0,0.0,0.2559375,0.5103313009777952,0.7662688009777952,0,,,0.0001352010630137,Information
282603,4742.0,5398.474118,KAZ,Kazakhstan,Atyrau,1.922737482,0.0,0.63,0.51,,,,,,,,,,,,,,,,,,,,,,,,,,3.158782779676728,38.45474964,0.0,,,,,,,,,,,,,,,,,0.0,0.0,31.640625,0.5861031156219223,0.0,0.0,1.107421875,2.051360904676728,3.158782779676728,380,,,0.0014910070130972,Information
282605,4744.0,4997.43788,KAZ,Kazakhstan,Atyrau,3.366710725,0.0,0.63,0.51,,,,,,,,,,,,,,,,,,,,,,,,,,5.701479299378391,67.3342145,0.0,,,,,,,,,,,,,,,,,0.0,0.0,54.28125,1.0861815855366832,0.0,0.0,1.89984375,3.8016355493783913,5.701479299378391,7760,,,0.0404400196194771,Information
282606,4745.0,5238.230286,KAZ,Kazakhstan,Aqtöbe,1.770170518,0.0,0.63,0.51,,,,,,,,,,,,,,,,,,,,,,,,,,2.534275303782948,35.40341036,0.0,,,,,,,,,,,,,,,,,0.0,0.0,24.890625,0.4751724082236995,0.0,0.0,0.871171875,1.6631034287829485,2.534275303782948,2847,,,0.000601318647529,Information
282607,4746.0,1802.722963,KAZ,Kazakhstan,Aqtöbe,1.189674707,0.0,0.63,0.51,,,,,,,,,,,,,,,,,,,,,,,,,,3.3835539178975287,23.79349414,0.0,,,,,,,,,,,,,,,,,0.0,0.0,14.765625,0.8190734408278654,0.0,0.0,0.516796875,2.866757042897529,3.3835539178975287,11818,,,0.0009212216226572,Information
282608,4747.0,4651.352606,KAZ,Kazakhstan,Aqtöbe,2.030131383,0.0,0.63,0.51,,,,,,,,,,,,,,,,,,,,,,,,,,0.372083385875888,40.60262766,0.0,,,,,,,,,,,,,,,,,0.0,0.0,3.375,0.0725595388216823,0.0,0.0,0.118125,0.253958385875888,0.372083385875888,776,,,1.959123060387255e-07,Information
282609,4748.0,11549.03757,KAZ,Kazakhstan,Aqtöbe,0.621988592,0.0,0.63,0.51,,,,,,,,,,,,,,,,,,,,,,,,,,0.817339844183568,12.43977184,0.0,,,,,,,,,,,,,,,,,0.0,0.0,12.515625,0.1083694197667337,0.0,0.0,0.438046875,0.3792929691835679,0.817339844183568,15158,,,1.4767510711319771e-06,Information
282700,16105.0,2013.764002,KAZ,Kazakhstan,Atyrau,3.536748781,0.0,0.63,0.51,,,,,,,,,,,,,,,,,,,,,,,,,,23.020627934212207,70.73497562,0.0,,,,,,,,,,,,,,,,,0.0,0.0,110.25,5.474822266917774,0.0,0.0,3.85875,19.161877934212207,23.020627934212207,13361,,,0.4051641921577669,Advisory
282810,4749.0,431.1714017,KAZ,Kazakhstan,Atyrau,1.227455904,0.0,0.63,0.51,,,,,,,,,,,,,,,,,,,,,,,,,,8.692337369086937,24.54911808,0.0,,,,,,,,,,,,,,,,,0.0,0.0,10.265625,2.380868712596268,0.0,0.0,0.359296875,8.333040494086937,8.692337369086937,4796,,,0.0153461248971776,Information
282811,4750.0,7823.492653,KAZ,Kazakhstan,Atyrau,4.009059533,0.0,0.63,0.51,,,,,,,,,,,,,,,,,,,,,,,,,,5.483168237006072,80.18119066,0.0,,,,,,,,,,,,,,,,,0.0,0.0,68.765625,0.878963246287449,0.0,0.0,2.406796875,3.076371362006072,5.483168237006072,290490,,,0.0994051625684384,Information
282812,4751.0,3504.720145,KAZ,Kazakhstan,West Kazakhstan,1.963542052,0.0,0.63,0.51,,,,,,,,,,,,,,,,,,,,,,,,,,0.3793087134310435,39.27084104,0.0,,,,,,,,,,,,,,,,,0.0,0.0,2.8125,0.0802489181231553,0.0,0.0,0.0984375,0.2808712134310435,0.3793087134310435,197,,,1.9290526037260745e-07,Information
282813,4752.0,2661.077343,KAZ,Kazakhstan,West Kazakhstan,4.023528784,0.0,0.63,0.51,,,,,,,,,,,,,,,,,,,,,,,,,,13.839844965381513,80.47057568,0.0,,,,,,,,,,,,,,,,,0.0,0.0,83.109375,3.1231476686804323,0.0,0.0,2.908828125,10.931016840381512,13.839844965381513,8670,,,0.3652838282738117,Advisory
282814,4753.0,6005.317628,KAZ,Kazakhstan,West Kazakhstan,0.537898639,0.0,0.63,0.51,,,,,,,,,,,,,,,,,,,,,,,,,,4.840444673910723,10.75797278,0.0,,,,,,,,,,,,,,,,,0.0,0.0,51.890625,0.8640779425459209,0.0,0.0,1.816171875,3.024272798910723,4.840444673910723,2576,,,0.0017821759771268,Information
282816,4755.0,7547.481905,KAZ,Kazakhstan,West Kazakhstan,2.685041149,0.0,0.63,0.51,,,,,,,,,,,,,,,,,,,,,,,,,,3.696117975303968,53.70082298,0.0,,,,,,,,,,,,,,,,,0.0,0.0,45.421875,0.6018149572297049,0.0,0.0,1.589765625,2.1063523503039674,3.696117975303968,213502,,,0.0057383138368723,Information
282817,4756.0,7757.682651,KAZ,Kazakhstan,West Kazakhstan,2.159299663,0.0,0.63,0.51,,,,,,,,,,,,,,,,,,,,,,,,,,11.795912496854124,43.18599326,0.0,,,,,,,,,,,,,,,,,0.0,0.0,147.234375,1.8979169633868933,0.0,0.0,5.153203125,6.642709371854126,11.795912496854124,134907,,,0.0579718178364141,Information
282818,4757.0,6967.391958,KAZ,Kazakhstan,West Kazakhstan,2.476087193,0.0,0.63,0.51,,,,,,,,,,,,,,,,,,,,,,,,,,3.416019092645254,49.52174386,0.0,,,,,,,,,,,,,,,,,0.0,0.0,40.078125,0.5752242050415012,0.0,0.0,1.402734375,2.013284717645254,3.416019092645254,31318,,,0.003539904057675,Information
282819,4758.0,3482.171017,RUS,Russia,Orenburg,3.104148523,0.0,0.65,0.49,,,,,,,,,,,,,,,,,,,,,,,,,,5.37389805473447,62.08297046,0.0,,,,,,,,,,,,,,,,,0.0,0.0,39.65625,1.1388369442098485,0.0,0.0,1.38796875,3.9859293047344697,5.37389805473447,17876,,,0.02535966888128,Information
282821,4759.0,880.1077861,KAZ,Kazakhstan,West Kazakhstan,3.549735653,0.0,0.63,0.51,,,,,,,,,,,,,,,,,,,,,,,,,,1.2169084594840869,70.99471306,0.0,,,,,,,,,,,,,,,,,0.0,0.0,2.8125,0.3195631312811677,0.0,0.0,0.0984375,1.118470959484087,1.2169084594840869,20490,,,0.0007591456147435,Information
282822,4760.0,1144.382705,KAZ,Kazakhstan,West Kazakhstan,0.563329045,0.0,0.63,0.51,,,,,,,,,,,,,,,,,,,,,,,,,,0.7189630492895077,11.2665809,0.0,,,,,,,,,,,,,,,,,0.0,0.0,2.109375,0.1843242640827165,0.0,0.0,0.073828125,0.6451349242895077,0.7189630492895077,1365,,,7.338577523718259e-07,Information
282824,4762.0,1343.942032,KAZ,Kazakhstan,West Kazakhstan,2.938323417,0.0,0.63,0.51,,,,,,,,,,,,,,,,,,,,,,,,,,4.48681121885015,58.76646834,0.0,,,,,,,,,,,,,,,,,0.0,0.0,15.1875,1.1300710625286143,0.0,0.0,0.5315625,3.95524871885015,4.48681121885015,1917,,,0.0132736820026867,Information
282825,4763.0,2268.724898,RUS,Russia,Orenburg,2.210407652,0.0,0.65,0.49,,,,,,,,,,,,,,,,,,,,,,,,,,2.182539052289404,44.20815304,0.0,,,,,,,,,,,,,,,,,0.0,0.0,11.53125,0.508270086368401,0.0,0.0,0.40359375,1.7789453022894035,2.182539052289404,10831,,,0.0005952659113329,Information
282826,4764.0,14698.8335,KAZ,Kazakhstan,Aqtöbe,1.528090883,0.0,0.63,0.51,,,,,,,,,,,,,,,,,,,,,,,,,,2.497647210328397,30.56181766,0.0,,,,,,,,,,,,,,,,,0.0,0.0,42.46875,0.2889259886652563,0.0,0.0,1.48640625,1.0112409603283972,2.497647210328397,19463,,,0.0004419535990263,Information
282827,4765.0,10206.50964,RUS,Russia,Orenburg,1.570191923,0.0,0.65,0.49,,,,,,,,,,,,,,,,,,,,,,,,,,3.6930385576975127,31.403838460000003,0.0,,,,,,,,,,,,,,,,,0.0,0.0,53.296875,0.5221851236278607,0.0,0.0,1.865390625,1.8276479326975128,3.6930385576975127,429858,,,0.0017401472960875,Information
282828,4766.0,5136.938946,KAZ,Kazakhstan,Aqtöbe,2.225170514,0.0,0.63,0.51,,,,,,,,,,,,,,,,,,,,,,,,,,2.4655462655086824,44.50341028,0.0,,,,,,,,,,,,,,,,,0.0,0.0,23.90625,0.4653792901453379,0.0,0.0,0.83671875,1.6288275155086829,2.4655462655086824,125920,,,0.0009231346793421,Information
282829,4767.0,5707.479016,KAZ,Kazakhstan,Aqtöbe,1.285963273,0.0,0.63,0.51,,,,,,,,,,,,,,,,,,,,,,,,,,2.0724505432617724,25.71926546,0.0,,,,,,,,,,,,,,,,,0.0,0.0,21.515625,0.3769724766462207,0.0,0.0,0.753046875,1.3194036682617725,2.0724505432617724,146562,,,0.000172376652493,Information
282830,4768.0,5497.637985,RUS,Russia,Orenburg,2.501352313,0.0,0.65,0.49,,,,,,,,,,,,,,,,,,,,,,,,,,6.729172969291367,50.02704626,0.0,,,,,,,,,,,,,,,,,0.0,0.0,68.203125,1.240589598368962,0.0,0.0,2.387109375,4.342063594291368,6.729172969291367,49956,,,0.0224799368134989,Information
282841,4769.0,2304.267281,RUS,Russia,Orenburg,1.579815131,0.0,0.65,0.49,,,,,,,,,,,,,,,,,,,,,,,,,,3.311494425526994,31.59630262,0.0,,,,,,,,,,,,,,,,,0.0,0.0,17.71875,0.7689537644362839,0.0,0.0,0.62015625,2.691338175526994,3.311494425526994,180977,,,0.0012307792316769,Information
282842,4770.0,7313.821858,RUS,Russia,Orenburg,0.728372696,0.0,0.65,0.49,,,,,,,,,,,,,,,,,,,,,,,,,,1.9224855788227844,14.56745392,0.0,,,,,,,,,,,,,,,,,0.0,0.0,23.203125,0.3172503439493669,0.0,0.0,0.812109375,1.1103762038227842,1.9224855788227844,68547,,,7.408752404968406e-05,Information
282843,4771.0,3339.023656,RUS,Russia,Orenburg,2.360359916,0.0,0.65,0.49,,,,,,,,,,,,,,,,,,,,,,,,,,1.4746752454104244,47.20719832,0.0,,,,,,,,,,,,,,,,,0.0,0.0,10.546875,0.3158670344029784,0.0,0.0,0.369140625,1.1055346204104244,1.4746752454104244,29156,,,0.0001731584100394,Information
282844,4772.0,7668.212841,RUS,Russia,Bashkortostan,1.497240965,0.0,0.65,0.49,,,,,,,,,,,,,,,,,,,,,,,,,,0.2835104374474585,29.9448193,0.0,,,,,,,,,,,,,,,,,0.0,0.0,3.515625,0.0458467321278453,0.0,0.0,0.123046875,0.1604635624474585,0.2835104374474585,56253,,,1.7963146585478865e-08,Information
282845,4773.0,263.1157194,RUS,Russia,Orenburg,3.319546529,0.0,0.65,0.49,,,,,,,,,,,,,,,,,,,,,,,,,,0.9599155231614228,66.39093058,0.0,,,,,,,,,,,,,,,,,0.0,0.0,0.703125,0.2672303280461208,0.0,0.0,0.024609375,0.9353061481614228,0.9599155231614228,1923,,,0.0001884827569107,Information
282847,4775.0,3166.275067,RUS,Russia,Bashkortostan,3.206876393,0.0,0.65,0.49,,,,,,,,,,,,,,,,,,,,,,,,,,1.882923562543332,64.13752786,0.0,,,,,,,,,,,,,,,,,0.0,0.0,12.9375,0.4086031607266662,0.0,0.0,0.4528125,1.4301110625433318,1.882923562543332,57016,,,0.001605062693557,Information
282848,4776.0,1206.057483,RUS,Russia,Bashkortostan,0.275818402,0.0,0.65,0.49,,,,,,,,,,,,,,,,,,,,,,,,,,0.9603614370556024,5.516368040000001,0.0,,,,,,,,,,,,,,,,,0.0,0.0,2.953125,0.2448577320158864,0.0,0.0,0.103359375,0.8570020620556024,0.9603614370556024,3667,,,2.2282359313861243e-06,Information
282849,4777.0,4427.450043,RUS,Russia,Bashkortostan,1.00829819,0.0,0.65,0.49,,,,,,,,,,,,,,,,,,,,,,,,,,1.1227020856180985,20.1659638,0.0,,,,,,,,,,,,,,,,,0.0,0.0,9.84375,0.2223345244623138,0.0,0.0,0.34453125,0.7781708356180983,1.1227020856180985,27323,,,1.0030464450959025e-05,Information
282880,4781.0,8045.858529,RUS,Russia,Orenburg,1.523458146,0.0,0.65,0.49,,,,,,,,,,,,,,,,,,,,,,,,,,2.991610349411104,30.46916292,0.0,,,,,,,,,,,,,,,,,0.0,0.0,38.109375,0.4736520641174581,0.0,0.0,1.333828125,1.6577822244111031,2.991610349411104,50015,,,0.000827717375683,Information
282892,4783.0,4110.169129,RUS,Russia,Bashkortostan,0.707368578,0.0,0.65,0.49,,,,,,,,,,,,,,,,,,,,,,,,,,9.783216622518458,14.14737156,0.0,,,,,,,,,,,,,,,,,0.0,0.0,81.421875,1.980985999290988,0.0,0.0,2.849765625,6.933450997518458,9.783216622518458,49250,,,0.0149291939002877,Information
282894,4785.0,6402.966059,RUS,Russia,Orenburg,0.823664595,0.0,0.65,0.49,,,,,,,,,,,,,,,,,,,,,,,,,,9.166555604507,16.4732919,0.0,,,,,,,,,,,,,,,,,0.0,0.0,102.234375,1.5966721370019996,0.0,0.0,3.578203125,5.588352479506999,9.166555604507,32889,,,0.0135662996230224,Information
282896,4787.0,3523.269604,RUS,Russia,Chelyabinsk,0.750957288,0.0,0.65,0.49,,,,,,,,,,,,,,,,,,,,,,,,,,2.5692438017134647,15.01914576,0.0,,,,,,,,,,,,,,,,,0.0,0.0,19.125,0.5428196576324185,0.0,0.0,0.669375,1.8998688017134648,2.5692438017134647,10150,,,0.0002336659057314,Information
282899,4790.0,6807.169333,RUS,Russia,Chelyabinsk,0.283659934,0.0,0.65,0.49,,,,,,,,,,,,,,,,,,,,,,,,,,19.929777463528858,5.6731986800000005,0.0,,,,,,,,,,,,,,,,,0.0,0.0,230.625,3.3879721324368166,0.0,0.0,8.071875,11.85790246352886,19.929777463528858,503865,,,0.0600265928875393,Information
282900,4791.0,50613.97653,KAZ,Kazakhstan,West Kazakhstan,1.164518355,0.0,0.63,0.51,,,,,,,,,,,,,,,,,,,,,,,,,,7.76280491005714,23.2903671,0.0,,,,,,,,,,,,,,,,,0.0,0.0,185.203125,0.3659130100163257,0.0,0.0,6.482109375,1.28069553505714,7.76280491005714,73036,,,0.0109908608955165,Information
282903,4794.0,3996.902808,KAZ,Kazakhstan,West Kazakhstan,2.168881776,0.0,0.63,0.51,,,,,,,,,,,,,,,,,,,,,,,,,,2.7233033855106235,43.37763552,0.0,,,,,,,,,,,,,,,,,0.0,0.0,22.21875,0.5558991815744638,0.0,0.0,0.77765625,1.9456471355106235,2.7233033855106235,0,,,0.0012044405015618,Information
282904,4795.0,9934.401265,KAZ,Kazakhstan,West Kazakhstan,3.136807999,0.0,0.63,0.51,,,,,,,,,,,,,,,,,,,,,,,,,,30.033676473577348,62.73615998,0.0,,,,,,,,,,,,,,,,,0.0,0.0,427.640625,4.304644171022099,0.0,0.0,14.967421875,15.066254598577348,30.033676473577348,18206,,,0.4146091952356351,Advisory
282906,4797.0,27821.17062,KAZ,Kazakhstan,West Kazakhstan,2.214757846,0.0,0.63,0.51,,,,,,,,,,,,,,,,,,,,,,,,,,25.218327728428555,44.29515692,0.0,,,,,,,,,,,,,,,,,0.0,0.0,530.015625,1.90508024383673,0.0,0.0,18.550546875,6.667780853428555,25.218327728428555,68633,,,0.2140357407427464,Information
282907,4798.0,645.2420212,KAZ,Kazakhstan,West Kazakhstan,3.621238835,0.0,0.63,0.51,,,,,,,,,,,,,,,,,,,,,,,,,,34.1045848189955,72.42477670000001,0.0,,,,,,,,,,,,,,,,,0.0,0.0,59.0625,9.15354209114157,0.0,0.0,2.0671875,32.037397318995495,34.1045848189955,16,,,0.5841470357243618,Advisory
282908,4799.0,20881.66142,KAZ,Kazakhstan,West Kazakhstan,1.839995671,0.0,0.63,0.51,,,,,,,,,,,,,,,,,,,,,,,,,,27.346854644750444,36.79991342,0.0,,,,,,,,,,,,,,,,,0.0,0.0,528.328125,2.5301057913572693,0.0,0.0,18.491484375,8.855370269750443,27.346854644750444,24950,,,0.2010984403002345,Information
282909,4800.0,12607.75656,KAZ,Kazakhstan,West Kazakhstan,2.988596066,0.0,0.63,0.51,,,,,,,,,,,,,,,,,,,,,,,,,,14.359449356704992,59.77192132,0.0,,,,,,,,,,,,,,,,,0.0,0.0,228.796875,1.8147310662014264,0.0,0.0,8.007890625,6.351558731704992,14.359449356704992,75777,,,0.1514681535524829,Information
282910,16106.0,3043.085495,KAZ,Kazakhstan,Atyrau,4.054437504,0.0,0.63,0.51,,,,,,,,,,,,,,,,,,,,,,,,,,4.092592431735658,81.08875008,0.0,,,,,,,,,,,,,,,,,0.0,0.0,27.28125,0.8964996233530451,0.0,0.0,0.95484375,3.137748681735658,4.092592431735658,11332,,,0.0629368162862882,Information
282920,4801.0,8929.175303,KAZ,Kazakhstan,Atyrau,4.002286883,0.0,0.63,0.51,,,,,,,,,,,,,,,,,,,,,,,,,,1.4711943092060666,80.04573766,0.0,,,,,,,,,,,,,,,,,0.0,0.0,19.828125,0.2220599812017333,0.0,0.0,0.693984375,0.7772099342060665,1.4711943092060666,11046,,,0.0045620588357902,Information
282930,4802.0,8555.722654,KAZ,Kazakhstan,Atyrau,3.639695501,0.0,0.63,0.51,,,,,,,,,,,,,,,,,,,,,,,,,,23.227937330934687,72.79391002,0.0,,,,,,,,,,,,,,,,,0.0,0.0,306.0,3.5765535231241965,0.0,0.0,10.71,12.517937330934688,23.227937330934687,5707,,,0.4371948726734571,Advisory
283162,4823.0,14962.19648,RUS,Russia,Orenburg,1.220506133,0.0,0.65,0.49,,,,,,,,,,,,,,,,,,,,,,,,,,3.1531835189875475,24.41012266,0.0,,,,,,,,,,,,,,,,,0.0,0.0,54.0,0.3609095768535851,0.0,0.0,1.89,1.2631835189875478,3.1531835189875475,304829,,,0.0007442666384172,Information
283163,4824.0,5495.454413,RUS,Russia,Samara,1.828554069,0.0,0.65,0.49,,,,,,,,,,,,,,,,,,,,,,,,,,4.4271268911274735,36.57108138,0.0,,,,,,,,,,,,,,,,,0.0,0.0,44.859375,0.8162996474649924,0.0,0.0,1.570078125,2.8570487661274733,4.4271268911274735,105617,,,0.003881943528809,Information
283164,4825.0,2202.92314,RUS,Russia,Orenburg,1.243628059,0.0,0.65,0.49,,,,,,,,,,,,,,,,,,,,,,,,,,7.006937344730404,24.87256118,0.0,,,,,,,,,,,,,,,,,0.0,0.0,36.140625,1.640575848494401,0.0,0.0,1.264921875,5.742015469730404,7.006937344730404,14364,,,0.0088392207102623,Information
283165,4826.0,1090.516625,RUS,Russia,Orenburg,1.215393714,0.0,0.65,0.49,,,,,,,,,,,,,,,,,,,,,,,,,,8.058903253136455,24.30787428,0.0,,,,,,,,,,,,,,,,,0.0,0.0,22.640625,2.076137536610416,0.0,0.0,0.792421875,7.266481378136455,8.058903253136455,70617,,,0.01254881623449,Information
283166,4827.0,4393.471989,RUS,Russia,Orenburg,1.441844434,0.0,0.65,0.49,,,,,,,,,,,,,,,,,,,,,,,,,,1.9026998862690312,28.83688868,0.0,,,,,,,,,,,,,,,,,0.0,0.0,16.59375,0.3776910389340089,0.0,0.0,0.58078125,1.3219186362690312,1.9026998862690312,39178,,,0.0001463363002716,Information
283168,4829.0,11273.51123,RUS,Russia,Orenburg,1.402946279,0.0,0.65,0.49,,,,,,,,,,,,,,,,,,,,,,,,,,6.250656297039251,28.05892558,0.0,,,,,,,,,,,,,,,,,0.0,0.0,94.640625,0.8394955491540717,0.0,0.0,3.312421875,2.9382344220392507,6.250656297039251,116696,,,0.0072796221681032,Information
283169,4830.0,5910.555751,RUS,Russia,Orenburg,1.512862855,0.0,0.65,0.49,,,,,,,,,,,,,,,,,,,,,,,,,,2.451090460670982,30.2572571,0.0,,,,,,,,,,,,,,,,,0.0,0.0,26.015625,0.4401553101917091,0.0,0.0,0.910546875,1.540543585670982,2.451090460670982,38044,,,0.0004065735328071,Information
283222,4836.0,17198.27139,RUS,Russia,Udmurt,0.417109476,0.0,0.65,0.49,,,,,,,,,,,,,,,,,,,,,,,,,,38.31924297502962,8.34218952,0.0,,,,,,,,,,,,,,,,,0.0,0.0,692.296875,4.025386385722751,0.0,0.0,24.230390625,14.088852350029628,38.31924297502962,175552,,,0.1915741873242528,Advisory
283229,4843.0,20276.73774,RUS,Russia,Udmurt,0.369304334,0.0,0.65,0.49,,,,,,,,,,,,,,,,,,,,,,,,,,21.224563315552704,7.38608668,0.0,,,,,,,,,,,,,,,,,0.0,0.0,406.125,2.0029109473007725,0.0,0.0,14.214375,7.010188315552703,21.224563315552704,292880,,,0.070337745407516,Information
283234,4847.0,1448.609574,RUS,Russia,Tatarstan,0.737243368,0.0,0.65,0.49,,,,,,,,,,,,,,,,,,,,,,,,,,6.807223696426733,14.74486736,0.0,,,,,,,,,,,,,,,,,0.0,0.0,24.609375,1.6988273061219237,0.0,0.0,0.861328125,5.945895571426733,6.807223696426733,85117,,,0.0057412096980792,Information
283242,4854.0,13050.74525,RUS,Russia,Bashkortostan,1.092708685,0.0,0.65,0.49,,,,,,,,,,,,,,,,,,,,,,,,,,7.163206156135917,21.8541737,0.0,,,,,,,,,,,,,,,,,0.0,0.0,115.875,0.8878803303245477,0.0,0.0,4.055625,3.107581156135917,7.163206156135917,266264,,,0.008432929941305,Information
283244,4856.0,46935.49218,RUS,Russia,Bashkortostan,1.907120117,0.0,0.65,0.49,,,,,,,,,,,,,,,,,,,,,,,,,,11.958955008240304,38.14240234,0.0,,,,,,,,,,,,,,,,,0.0,0.0,281.671875,0.6001255380686582,0.0,0.0,9.858515625,2.100439383240304,11.958955008240304,1176710,,,0.0501547978799432,Information
283245,4857.0,7593.225621,RUS,Russia,Bashkortostan,0.501500717,0.0,0.65,0.49,,,,,,,,,,,,,,,,,,,,,,,,,,20.67509680493428,10.03001434,0.0,,,,,,,,,,,,,,,,,0.0,0.0,254.953125,3.357639265695508,0.0,0.0,8.923359375,11.75173742993428,20.67509680493428,576099,,,0.0707069414819489,Information
283246,4858.0,7867.018964,RUS,Russia,Bashkortostan,3.239491673,0.0,0.65,0.49,,,,,,,,,,,,,,,,,,,,,,,,,,2.302712409837403,64.78983346,0.0,,,,,,,,,,,,,,,,,0.0,0.0,28.96875,0.3682303313821152,0.0,0.0,1.01390625,1.2888061598374032,2.302712409837403,125726,,,0.0031932594042361,Information
283247,4859.0,6185.073987,RUS,Russia,Perm',2.139020674,0.0,0.65,0.49,,,,,,,,,,,,,,,,,,,,,,,,,,11.06352530648308,42.78041348000001,0.0,,,,,,,,,,,,,,,,,0.0,0.0,120.796875,1.9530384804237373,0.0,0.0,4.227890625,6.83563468148308,11.06352530648308,47588,,,0.0501663774255963,Information
283248,4860.0,14858.51725,RUS,Russia,Bashkortostan,0.733282815,0.0,0.65,0.49,,,,,,,,,,,,,,,,,,,,,,,,,,6.167542419752255,14.6656563,0.0,,,,,,,,,,,,,,,,,0.0,0.0,105.328125,0.7088737270720727,0.0,0.0,3.686484375,2.4810580447522548,6.167542419752255,375516,,,0.0043035675507821,Information
283249,4861.0,16362.26103,RUS,Russia,Sverdlovsk,1.798374232,0.0,0.65,0.49,,,,,,,,,,,,,,,,,,,,,,,,,,16.303957301481226,35.96748464,0.0,,,,,,,,,,,,,,,,,0.0,0.0,289.125,1.7670235147089215,0.0,0.0,10.119375,6.184582301481226,16.303957301481226,186381,,,0.0856586753525587,Information
283252,4863.0,6535.493278,RUS,Russia,Perm',0.413559436,0.0,0.65,0.49,,,,,,,,,,,,,,,,,,,,,,,,,,10.721918803680309,8.27118872,0.0,,,,,,,,,,,,,,,,,0.0,0.0,121.078125,1.852624122480088,0.0,0.0,4.237734375,6.484184428680308,10.721918803680309,75287,,,0.0159147059829174,Information
283256,4867.0,3998.27086,RUS,Russia,Perm',1.83306783,0.0,0.65,0.49,,,,,,,,,,,,,,,,,,,,,,,,,,2.222913027124187,36.661356600000005,0.0,,,,,,,,,,,,,,,,,0.0,0.0,18.140625,0.4537117577497677,0.0,0.0,0.634921875,1.587991152124187,2.222913027124187,28471,,,0.0004045290618688,Information
283257,4868.0,1307.250659,RUS,Russia,Perm',0.880196331,0.0,0.65,0.49,,,,,,,,,,,,,,,,,,,,,,,,,,23.28713476379389,17.603926620000003,0.0,,,,,,,,,,,,,,,,,0.0,0.0,76.921875,5.884248325369684,0.0,0.0,2.692265625,20.594869138793893,23.28713476379389,20792,,,0.1031802218387187,Information
283258,4869.0,1309.420041,RUS,Russia,Perm',0.042414291,0.0,0.65,0.49,,,,,,,,,,,,,,,,,,,,,,,,,,36.72870981488725,0.84828582,0.0,,,,,,,,,,,,,,,,,0.0,0.0,121.5,9.278917089967788,0.0,0.0,4.2525,32.476209814887255,36.72870981488725,26366,,,0.1603324611007,Advisory
283262,4872.0,22237.74476,RUS,Russia,Perm',2.055523636,0.0,0.65,0.49,,,,,,,,,,,,,,,,,,,,,,,,,,14.234669595589908,41.11047272,0.0,,,,,,,,,,,,,,,,,0.0,0.0,280.546875,1.2615797058828309,0.0,0.0,9.819140625,4.415528970589908,14.234669595589908,436389,,,0.0778063500827131,Information
283265,4875.0,536.5548519,RUS,Russia,Perm',3.01009685,0.0,0.65,0.49,,,,,,,,,,,,,,,,,,,,,,,,,,2.223017705723614,60.201937,0.0,,,,,,,,,,,,,,,,,0.0,0.0,3.234375,0.6028041659210325,0.0,0.0,0.113203125,2.1098145807236137,2.223017705723614,39131,,,0.001957362723067,Information
283266,4876.0,2243.154956,RUS,Russia,Perm',1.609372744,0.0,0.65,0.49,,,,,,,,,,,,,,,,,,,,,,,,,,0.4835452880006448,32.187454880000004,0.0,,,,,,,,,,,,,,,,,0.0,0.0,2.53125,0.1128432965716128,0.0,0.0,0.08859375,0.3949515380006447,0.4835452880006448,14194,,,3.839423974070043e-07,Information
283267,4877.0,4285.135332,RUS,Russia,Sverdlovsk,1.641632946,0.0,0.65,0.49,,,,,,,,,,,,,,,,,,,,,,,,,,2.001751798169985,32.83265892,0.0,,,,,,,,,,,,,,,,,0.0,0.0,17.15625,0.4003665851914242,0.0,0.0,0.60046875,1.4012830481699847,2.001751798169985,3300,,,0.0002214016710161,Information
283268,4878.0,1291.925011,RUS,Russia,Sverdlovsk,2.746589627,0.0,0.65,0.49,,,,,,,,,,,,,,,,,,,,,,,,,,2.064916508821499,54.93179254,0.0,,,,,,,,,,,,,,,,,0.0,0.0,6.75,0.5224761453775711,0.0,0.0,0.23625,1.828666508821499,2.064916508821499,5882,,,0.0010243253374777,Information
283269,4879.0,6929.087286,RUS,Russia,Sverdlovsk,0.527526067,0.0,0.65,0.49,,,,,,,,,,,,,,,,,,,,,,,,,,10.425747180785814,10.55052134,0.0,,,,,,,,,,,,,,,,,0.0,0.0,121.921875,1.7595661587959468,0.0,0.0,4.267265625,6.158481555785814,10.425747180785814,288334,,,0.0158015291697876,Information
283272,4881.0,7856.864533,RUS,Russia,Perm',1.234188137,0.0,0.65,0.49,,,,,,,,,,,,,,,,,,,,,,,,,,12.953737080137111,24.68376274,0.0,,,,,,,,,,,,,,,,,0.0,0.0,162.84375,2.072630237182032,0.0,0.0,5.69953125,7.254205830137112,12.953737080137111,67900,,,0.0391775093240462,Information
283278,4887.0,6543.953653,RUS,Russia,Perm',1.209507628,0.0,0.65,0.49,,,,,,,,,,,,,,,,,,,,,,,,,,11.5721117340298,24.19015256,0.0,,,,,,,,,,,,,,,,,0.0,0.0,130.78125,1.998505138294229,0.0,0.0,4.57734375,6.994767984029801,11.5721117340298,64259,,,0.0300792502782935,Information
283286,4894.0,2169.078513,RUS,Russia,Perm',3.083279983,0.0,0.65,0.49,,,,,,,,,,,,,,,,,,,,,,,,,,0.1380648117463314,61.665599660000005,0.0,,,,,,,,,,,,,,,,,0.0,0.0,0.703125,0.0324158390703804,0.0,0.0,0.024609375,0.1134554367463313,0.1380648117463314,38,,,9.201549703136656e-09,Information
283288,4896.0,1481.055618,RUS,Russia,Perm',1.030958402,0.0,0.65,0.49,,,,,,,,,,,,,,,,,,,,,,,,,,0.3052326729109514,20.61916804,0.0,,,,,,,,,,,,,,,,,0.0,0.0,1.125,0.0759593351174147,0.0,0.0,0.039375,0.2658576729109514,0.3052326729109514,30,,,1.3416436745062112e-08,Information
283296,4903.0,7268.967294,RUS,Russia,Perm',2.689895906,0.0,0.65,0.49,,,,,,,,,,,,,,,,,,,,,,,,,,1.3563826353472674,53.79791812,0.0,,,,,,,,,,,,,,,,,0.0,0.0,16.3125,0.224412895813505,0.0,0.0,0.5709375,0.7854451353472675,1.3563826353472674,20013,,,0.0002091951626717,Information
283298,4905.0,2183.848028,RUS,Russia,Kirov,0.831785443,0.0,0.65,0.49,,,,,,,,,,,,,,,,,,,,,,,,,,6.755037234943276,16.63570886,0.0,,,,,,,,,,,,,,,,,0.0,0.0,34.59375,1.5840731385552218,0.0,0.0,1.21078125,5.544255984943276,6.755037234943276,88,,,0.0059866278487378,Information
283299,4906.0,14157.55622,RUS,Russia,Kirov,1.312189698,0.0,0.65,0.49,,,,,,,,,,,,,,,,,,,,,,,,,,25.396687235989,26.24379396,0.0,,,,,,,,,,,,,,,,,0.0,0.0,425.25,3.003696353139714,0.0,0.0,14.88375,10.512937235989,25.396687235989,22436,,,0.1431787337847497,Information
283304,4910.0,6539.792024,RUS,Russia,Mariy-El,0.625912113,0.0,0.65,0.49,,,,,,,,,,,,,,,,,,,,,,,,,,4.86713558040616,12.51824226,0.0,,,,,,,,,,,,,,,,,0.0,0.0,54.984375,0.8407664158303314,0.0,0.0,1.924453125,2.94268245540616,4.86713558040616,126041,,,0.0019328081407435,Information
283306,4912.0,6495.377476,RUS,Russia,Mariy-El,0.69581979,0.0,0.65,0.49,,,,,,,,,,,,,,,,,,,,,,,,,,13.911809031014917,13.9163958,0.0,,,,,,,,,,,,,,,,,0.0,0.0,156.515625,2.409646330289976,0.0,0.0,5.478046875,8.433762156014915,13.911809031014917,30149,,,0.0341834441109218,Information
283309,4915.0,1609.416088,RUS,Russia,Mariy-El,1.005945381,0.0,0.65,0.49,,,,,,,,,,,,,,,,,,,,,,,,,,25.52710170809528,20.11890762,0.0,,,,,,,,,,,,,,,,,0.0,0.0,101.109375,6.282363880884365,0.0,0.0,3.538828125,21.98827358309528,25.52710170809528,23074,,,0.12697689585312,Information
283401,4916.0,4677.343342,RUS,Russia,Nizhegorod,0.271203457,0.0,0.65,0.49,,,,,,,,,,,,,,,,,,,,,,,,,,10.934830124560197,5.424069139999999,0.0,,,,,,,,,,,,,,,,,0.0,0.0,99.5625,2.12861217844577,0.0,0.0,3.4846875,7.450142624560195,10.934830124560197,74820,,,0.0154853136100675,Information
283403,4918.0,5918.738288,RUS,Russia,Chuvash,0.202318574,0.0,0.65,0.49,,,,,,,,,,,,,,,,,,,,,,,,,,4.077188608225471,4.04637148,0.0,,,,,,,,,,,,,,,,,0.0,0.0,43.3125,0.731786030921563,0.0,0.0,1.5159375,2.5612511082254708,4.077188608225471,91518,,,0.0007930325654491,Information
283405,4920.0,2798.212418,RUS,Russia,Chuvash,0.467137805,0.0,0.65,0.49,,,,,,,,,,,,,,,,,,,,,,,,,,1.5982972895847825,9.3427561,0.0,,,,,,,,,,,,,,,,,0.0,0.0,9.984375,0.356812618452795,0.0,0.0,0.349453125,1.2488441645847823,1.5982972895847825,49729,,,2.693754761581377e-05,Information
283406,4921.0,5963.38716,RUS,Russia,Ul'yanovsk,0.819140042,0.0,0.65,0.49,,,,,,,,,,,,,,,,,,,,,,,,,,1.0408537516607317,16.38280084,0.0,,,,,,,,,,,,,,,,,0.0,0.0,11.109375,0.1862930361887804,0.0,0.0,0.388828125,0.6520256266607314,1.0408537516607317,80586,,,5.767193041801834e-06,Information
283409,4924.0,8148.21354,RUS,Russia,Penza,0.333520664,0.0,0.65,0.49,,,,,,,,,,,,,,,,,,,,,,,,,,6.774707257259312,6.67041328,0.0,,,,,,,,,,,,,,,,,0.0,0.0,86.90625,1.066568144931232,0.0,0.0,3.04171875,3.732988507259313,6.774707257259312,220313,,,0.0043587181736411,Information
283630,4928.0,14443.98541,RUS,Russia,Kostroma,0.410589318,0.0,0.65,0.49,,,,,,,,,,,,,,,,,,,,,,,,,,25.52971892894496,8.21178636,0.0,,,,,,,,,,,,,,,,,0.0,0.0,431.015625,2.9840491582699875,0.0,0.0,15.085546875,10.444172053944955,25.52971892894496,561019,,,0.1003357687036647,Information
283640,4929.0,19883.1118,RUS,Russia,Kostroma,1.895861585,0.0,0.65,0.49,,,,,,,,,,,,,,,,,,,,,,,,,,17.56114220018437,37.9172317,0.0,,,,,,,,,,,,,,,,,0.0,0.0,333.84375,1.679031700052677,0.0,0.0,11.68453125,5.87661095018437,17.56114220018437,151321,,,0.103334156649427,Information
283650,4930.0,13346.6069,RUS,Russia,Yaroslavl',1.714413211,0.0,0.65,0.49,,,,,,,,,,,,,,,,,,,,,,,,,,37.520680579387616,34.28826422,0.0,,,,,,,,,,,,,,,,,0.0,0.0,612.84375,4.591756951253605,0.0,0.0,21.44953125,16.071149329387616,37.520680579387616,993183,,,0.2876083372083933,Advisory
283666,4936.0,13604.8493,RUS,Russia,Vologda,2.527088659,0.0,0.65,0.49,,,,,,,,,,,,,,,,,,,,,,,,,,18.044197565432714,50.54177318,0.0,,,,,,,,,,,,,,,,,0.0,0.0,297.140625,2.1840787686950613,0.0,0.0,10.399921875,7.644275690432715,18.044197565432714,54146,,,0.1566542135657276,Information
283671,4940.0,11351.71661,RUS,Russia,Yaroslavl',1.212678458,0.0,0.65,0.49,,,,,,,,,,,,,,,,,,,,,,,,,,50.25064896028663,24.25356916,0.0,,,,,,,,,,,,,,,,,0.0,0.0,763.3125,6.724203274367609,0.0,0.0,26.7159375,23.53471146028663,50.25064896028663,190741,,,0.3407680581190737,Advisory
283672,4941.0,6397.658522,RUS,Russia,Tver',1.581460352,0.0,0.65,0.49,,,,,,,,,,,,,,,,,,,,,,,,,,14.696613992044464,31.62920704,0.0,,,,,,,,,,,,,,,,,0.0,0.0,163.828125,2.560751319155561,0.0,0.0,5.733984375,8.962629617044463,14.696613992044464,61805,,,0.0621064302032322,Information
283673,4942.0,1302.966897,RUS,Russia,Tver',1.681817013,0.0,0.65,0.49,,,,,,,,,,,,,,,,,,,,,,,,,,13.91897495547332,33.636340260000004,0.0,,,,,,,,,,,,,,,,,0.0,0.0,45.84375,3.518412487278092,0.0,0.0,1.60453125,12.31444370547332,13.91897495547332,35423,,,0.0591561748349596,Information
283678,4947.0,6739.011099,RUS,Russia,Tver',2.870458906,0.0,0.65,0.49,,,,,,,,,,,,,,,,,,,,,,,,,,20.09860979757304,57.40917812,0.0,,,,,,,,,,,,,,,,,0.0,0.0,231.1875,3.430584942163726,0.0,0.0,8.0915625,12.00704729757304,20.09860979757304,182686,,,0.2263298988671367,Information
283679,4948.0,4943.660094,RUS,Russia,Tver',3.038553236,0.0,0.65,0.49,,,,,,,,,,,,,,,,,,,,,,,,,,26.36347625178142,60.77106472,0.0,,,,,,,,,,,,,,,,,0.0,0.0,249.1875,5.040546786223263,0.0,0.0,8.7215625,17.641913751781424,26.36347625178142,241533,,,0.3455233393682955,Information
283680,4949.0,7038.990952,RUS,Russia,Smolensk,0.634295642,0.0,0.65,0.49,,,,,,,,,,,,,,,,,,,,,,,,,,16.227108975391047,12.68591284,0.0,,,,,,,,,,,,,,,,,0.0,0.0,191.53125,2.721004350111728,0.0,0.0,6.70359375,9.523515225391048,16.227108975391047,76503,,,0.0462041405575087,Information
283690,4950.0,12731.34996,RUS,Russia,Tver',2.046181437,0.0,0.65,0.49,,,,,,,,,,,,,,,,,,,,,,,,,,38.00733891798301,40.92362874,0.0,,,,,,,,,,,,,,,,,0.0,0.0,608.203125,4.77720844085229,0.0,0.0,21.287109375,16.720229542983013,38.00733891798301,117943,,,0.3295877612379937,Advisory
283704,4954.0,3031.510552,RUS,Russia,Vladimir,0.23859407,0.0,0.65,0.49,,,,,,,,,,,,,,,,,,,,,,,,,,10.176802163800028,4.7718814,0.0,,,,,,,,,,,,,,,,,0.0,0.0,67.640625,2.2312515110857225,0.0,0.0,2.367421875,7.809380288800028,10.176802163800028,42062,,,0.0126705011600745,Information
283708,4958.0,1298.760922,RUS,Russia,Vladimir,0.43293377,0.0,0.65,0.49,,,,,,,,,,,,,,,,,,,,,,,,,,16.870517634562926,8.6586754,0.0,,,,,,,,,,,,,,,,,0.0,0.0,55.40625,4.266085395589408,0.0,0.0,1.93921875,14.931298884562928,16.870517634562926,25915,,,0.0456062915133556,Information
283801,4960.0,563.7545509,RUS,Russia,Ryazan',1.263757917,0.0,0.65,0.49,,,,,,,,,,,,,,,,,,,,,,,,,,45.12921875,25.27515834,0.0,,,,,,,,,,,,,,,,,0.0,0.0,289.40625,51.33550577332308,0.0,0.0,10.12921875,35.0,45.12921875,3946,,,0.3070313710582915,Advisory
283803,4962.0,819.6421641,RUS,Russia,Ryazan',1.987718033,0.0,0.65,0.49,,,,,,,,,,,,,,,,,,,,,,,,,,20.53081874111497,39.75436066,0.0,,,,,,,,,,,,,,,,,0.0,0.0,44.4375,5.421573211747136,0.0,0.0,1.5553125,18.97550624111497,20.53081874111497,1441,,,0.1408511613725531,Information
283804,4963.0,6489.593354,RUS,Russia,Mordovia,1.134671206,0.0,0.65,0.49,,,,,,,,,,,,,,,,,,,,,,,,,,3.2515945675041067,22.69342412,0.0,,,,,,,,,,,,,,,,,0.0,0.0,36.5625,0.5634020192868876,0.0,0.0,1.2796875,1.9719070675041064,3.2515945675041067,108110,,,0.0007657869388002,Information
283806,4965.0,2471.201987,RUS,Russia,Mordovia,1.17518624,0.0,0.65,0.49,,,,,,,,,,,,,,,,,,,,,,,,,,0.8941968782327563,23.5037248,0.0,,,,,,,,,,,,,,,,,0.0,0.0,5.0625,0.2048598223522161,0.0,0.0,0.1771875,0.7170093782327563,0.8941968782327563,27234,,,4.312118147063931e-06,Information
283807,4966.0,2913.488662,RUS,Russia,Penza,0.614401072,0.0,0.65,0.49,,,,,,,,,,,,,,,,,,,,,,,,,,0.8507960011616587,12.28802144,0.0,,,,,,,,,,,,,,,,,0.0,0.0,5.484375,0.1882408217604739,0.0,0.0,0.191953125,0.6588428761616587,0.8507960011616587,61215,,,1.779162158175226e-06,Information
283970,4975.0,19546.95018,RUS,Russia,Moskva,0.820660598,0.0,0.65,0.49,,,,,,,,,,,,,,,,,,,,,,,,,,14.11339720854228,16.41321196,0.0,,,,,,,,,,,,,,,,,0.0,0.0,266.765625,1.3647429524406516,0.0,0.0,9.336796875,4.77660033354228,14.11339720854228,1543204,,,0.0376394795317657,Information
283981,4976.0,918.5717988,RUS,Russia,Kaluga,0.163901347,0.0,0.65,0.49,,,,,,,,,,,,,,,,,,,,,,,,,,11.759242961429692,3.27802694,0.0,,,,,,,,,,,,,,,,,0.0,0.0,28.265625,3.0771274532656263,0.0,0.0,0.989296875,10.769946086429693,11.759242961429692,17167,,,0.0175500784402827,Information
283982,4977.0,9282.091275,RUS,Russia,Kaluga,0.523610646,0.0,0.65,0.49,,,,,,,,,,,,,,,,,,,,,,,,,,7.085526294381124,10.47221292,0.0,,,,,,,,,,,,,,,,,0.0,0.0,97.453125,1.0499048341088926,0.0,0.0,3.410859375,3.674666919381124,7.085526294381124,133432,,,0.0055984187773644,Information
283983,4978.0,1132.730052,RUS,Russia,Tula,0.249505665,0.0,0.65,0.49,,,,,,,,,,,,,,,,,,,,,,,,,,3.773118438431426,4.9901133,0.0,,,,,,,,,,,,,,,,,0.0,0.0,10.96875,0.968346339551836,0.0,0.0,0.38390625,3.389212188431426,3.773118438431426,35062,,,0.0006274932842743,Information
283985,4980.0,1415.995332,RUS,Russia,Tula,0.909504488,0.0,0.65,0.49,,,,,,,,,,,,,,,,,,,,,,,,,,3.4125654695870824,18.19008976,0.0,,,,,,,,,,,,,,,,,0.0,0.0,12.09375,0.8540812055963092,0.0,0.0,0.42328125,2.9892842195870823,3.4125654695870824,18221,,,0.0007442044106398,Information
283986,4981.0,1544.993422,RUS,Russia,Orel,0.242946433,0.0,0.65,0.49,,,,,,,,,,,,,,,,,,,,,,,,,,1.029806589240179,4.85892866,0.0,,,,,,,,,,,,,,,,,0.0,0.0,3.9375,0.2548554540686226,0.0,0.0,0.1378125,0.8919940892401791,1.029806589240179,19732,,,3.0056747551152366e-06,Information
283987,4982.0,932.2036956,RUS,Russia,Tula,0.089909074,0.0,0.65,0.49,,,,,,,,,,,,,,,,,,,,,,,,,,0.6926418376250402,1.7981814800000002,0.0,,,,,,,,,,,,,,,,,0.0,0.0,1.6875,0.1810226678928686,0.0,0.0,0.0590625,0.6335793376250402,0.6926418376250402,3279,,,3.630173266309976e-07,Information
283988,4983.0,7164.828086,RUS,Russia,Orel,1.69728016,0.0,0.65,0.49,,,,,,,,,,,,,,,,,,,,,,,,,,1.1083887706360414,33.9456032,0.0,,,,,,,,,,,,,,,,,0.0,0.0,13.21875,0.1844950058960118,0.0,0.0,0.46265625,0.6457325206360414,1.1083887706360414,416308,,,2.1795646270233544e-05,Information
283989,4984.0,6942.514165,RUS,Russia,Orel,1.978405501,0.0,0.65,0.49,,,,,,,,,,,,,,,,,,,,,,,,,,0.4564311324462823,39.56811002,0.0,,,,,,,,,,,,,,,,,0.0,0.0,5.34375,0.0769713949846521,0.0,0.0,0.18703125,0.2693998824462823,0.4564311324462823,113810,,,5.149587037975646e-07,Information
283990,4985.0,15734.25261,RUS,Russia,Smolensk,0.977608591,0.0,0.65,0.49,,,,,,,,,,,,,,,,,,,,,,,,,,15.10985489626308,19.55217182,0.0,,,,,,,,,,,,,,,,,0.0,0.0,263.953125,1.6775701489323085,0.0,0.0,9.238359375,5.87149552126308,15.10985489626308,168105,,,0.0472363638576342,Information
284205,4998.0,1618.117646,RUS,Russia,Kalmyk,2.396191537,0.0,0.65,0.49,,,,,,,,,,,,,,,,,,,,,,,,,,3.639933759356656,47.92383074,0.0,,,,,,,,,,,,,,,,,0.0,0.0,14.484375,0.8951373241019013,0.0,0.0,0.506953125,3.132980634356654,3.639933759356656,1042,,,0.0038984342644243,Information
284206,4999.0,2158.539568,RUS,Russia,Kalmyk,1.447848335,0.0,0.65,0.49,,,,,,,,,,,,,,,,,,,,,,,,,,6.709147565375419,28.9569667,0.0,,,,,,,,,,,,,,,,,0.0,0.0,34.03125,1.576586804392977,0.0,0.0,1.19109375,5.518053815375419,6.709147565375419,1318,,,0.0091420525945357,Information
284207,5000.0,867.8350787,RUS,Russia,Kalmyk,1.603143025,0.0,0.65,0.49,,,,,,,,,,,,,,,,,,,,,,,,,,6.903263343866525,32.0628605,0.0,,,,,,,,,,,,,,,,,0.0,0.0,15.75,1.814860955390436,0.0,0.0,0.55125,6.352013343866526,6.903263343866525,1065,,,0.0111099233323036,Information
284208,5001.0,2353.83413,RUS,Russia,Kalmyk,2.053273993,0.0,0.65,0.49,,,,,,,,,,,,,,,,,,,,,,,,,,15.628304513171432,41.06547986,0.0,,,,,,,,,,,,,,,,,0.0,0.0,85.078125,3.6144486109061233,0.0,0.0,2.977734375,12.650570138171432,15.628304513171432,7336,,,0.0921975670960255,Information
284209,5002.0,5460.819256,RUS,Russia,Kalmyk,0.471703256,0.0,0.65,0.49,,,,,,,,,,,,,,,,,,,,,,,,,,5.5182384949124295,9.43406512,0.0,,,,,,,,,,,,,,,,,0.0,0.0,55.6875,1.0197645699749798,0.0,0.0,1.9490625,3.5691759949124293,5.5182384949124295,73509,,,0.002570850804687,Information
284302,5004.0,2702.717398,RUS,Russia,Kalmyk,3.026143393,0.0,0.65,0.49,,,,,,,,,,,,,,,,,,,,,,,,,,0.9715739663314356,60.52286786,0.0,,,,,,,,,,,,,,,,,0.0,0.0,5.90625,0.2185300618089816,0.0,0.0,0.20671875,0.7648552163314356,0.9715739663314356,6928,,,0.0001058792216512,Information
284303,5005.0,1118.989887,RUS,Russia,Kalmyk,3.368389463,0.0,0.65,0.49,,,,,,,,,,,,,,,,,,,,,,,,,,0.5868822835136205,67.36778926000001,0.0,,,,,,,,,,,,,,,,,0.0,0.0,1.6875,0.150805652432463,0.0,0.0,0.0590625,0.5278197835136205,0.5868822835136205,41,,,2.9318364568614788e-05,Information
284401,5012.0,28.32276855,RUS,Russia,Dagestan,4.138518043,0.0,0.65,0.49,,,,,,,,,,,,,,,,,,,,,,,,,,5.228106606771973,82.77036086000001,0.0,,,,,,,,,,,,,,,,,0.0,0.0,0.421875,1.489525994791992,0.0,0.0,0.014765625,5.213340981771973,5.228106606771973,0,,,0.1165165751570087,Information
284403,5014.0,2134.713896,RUS,Russia,Dagestan,3.036215557,0.0,0.65,0.49,,,,,,,,,,,,,,,,,,,,,,,,,,28.84556894182736,60.72431114,0.0,,,,,,,,,,,,,,,,,0.0,0.0,144.984375,6.791747376236389,0.0,0.0,5.074453125,23.77111581682736,28.84556894182736,131516,,,0.3787941452100857,Advisory
284407,5018.0,841.3261485,RUS,Russia,Kabardin-Balkar,2.917366527,0.0,0.65,0.49,,,,,,,,,,,,,,,,,,,,,,,,,,2.727200439542672,58.34733054,0.0,,,,,,,,,,,,,,,,,0.0,0.0,6.046875,0.7187313755836205,0.0,0.0,0.211640625,2.515559814542672,2.727200439542672,51836,,,0.0032044774135033,Information
284408,5019.0,1648.774382,RUS,Russia,Kabardin-Balkar,2.235937451,0.0,0.65,0.49,,,,,,,,,,,,,,,,,,,,,,,,,,0.3477359427688775,44.71874902,0.0,,,,,,,,,,,,,,,,,0.0,0.0,1.40625,0.0852906265053936,0.0,0.0,0.04921875,0.2985171927688775,0.3477359427688775,25441,,,2.002229285646422e-07,Information
284409,5020.0,6552.602864,RUS,Russia,North Ossetia,2.124462176,0.0,0.65,0.49,,,,,,,,,,,,,,,,,,,,,,,,,,0.9200570291972884,42.48924352,0.0,,,,,,,,,,,,,,,,,0.0,0.0,10.40625,0.158810936913511,0.0,0.0,0.36421875,0.5558382791972885,0.9200570291972884,575074,,,1.7725208248003115e-05,Information
284501,5022.0,282.9215053,RUS,Russia,Dagestan,4.012809957,0.0,0.65,0.49,,,,,,,,,,,,,,,,,,,,,,,,,,36.146796875,80.25619914,0.0,3.0,,,,,,,,,,,,,,,,0.0,0.0,32.765625,11.5811715939502,0.0,0.0,1.146796875,35.0,36.146796875,114,0.0,0.0,0.7273270333019287,Watch
284502,5023.0,14116.90198,RUS,Russia,Dagestan,3.169367647,0.0,0.65,0.49,,,,,,,,,,,,,,,,,,,,,,,,,,1.3537503278981062,63.38735294,0.0,,,,,,,,,,,,,,,,,0.0,0.0,22.640625,0.1603795579708875,0.0,0.0,0.792421875,0.5613284528981062,1.3537503278981062,631374,,,0.0004877223781665,Information
284504,5025.0,6792.251404,RUS,Russia,Dagestan,1.801662547,0.0,0.65,0.49,,,,,,,,,,,,,,,,,,,,,,,,,,0.1825227545185082,36.03325094,0.0,,,,,,,,,,,,,,,,,0.0,0.0,2.109375,0.0310556084338595,0.0,0.0,0.073828125,0.1086946295185082,0.1825227545185082,294093,,,2.324897713025603e-09,Information
284505,5026.0,7806.060466,AZE,Azerbaijan,Quba-Khachmaz,4.001810913,0.0,0.61,0.54,,,,,,,,,,,,,,,,,,,,,,,,,,11.93437766764119,80.03621826,0.0,,,,,,,,,,,,,,,,,0.0,0.0,149.484375,1.9149784407546253,0.0,0.0,5.231953125,6.702424542641189,11.93437766764119,587348,,,0.3034524170757786,Information
284506,5027.0,1829.765434,AZE,Azerbaijan,Absheron,1.1021729,0.0,0.61,0.54,,,,,,,,,,,,,,,,,,,,,,,,,,5.3140760475777,22.043458,0.0,,,,,,,,,,,,,,,,,0.0,0.0,23.484375,1.283463692165057,0.0,0.0,0.821953125,4.4921229225777,5.3140760475777,380021,,,0.0036179020123247,Information
284507,5028.0,3516.386524,AZE,Azerbaijan,Absheron,2.466967261,0.0,0.61,0.54,,,,,,,,,,,,,,,,,,,,,,,,,,18.78641119630711,49.339345220000006,0.0,,,,,,,,,,,,,,,,,0.0,0.0,139.640625,3.9711398060877454,0.0,0.0,4.887421875,13.89898932130711,18.78641119630711,2045204,,,0.1605949164057847,Information
284508,5029.0,2266.981286,AZE,Azerbaijan,Daglig-Shirvan,3.135931532,0.0,0.61,0.54,,,,,,,,,,,,,,,,,,,,,,,,,,0.4527612694850623,62.71863064,0.0,,,,,,,,,,,,,,,,,0.0,0.0,2.390625,0.1054541127100178,0.0,0.0,0.083671875,0.3690893944850623,0.4527612694850623,128040,,,5.147472780774939e-06,Information
284509,16107.0,1391.61743,AZE,Azerbaijan,Aran,4.105346042,0.0,0.61,0.54,,,,,,,,,,,,,,,,,,,,,,,,,,31.74843551497557,82.10692084,0.0,3.0,,,,,,,,,,,,,,,,0.0,0.0,110.8125,7.962856575707305,0.0,0.0,3.8784375,27.869998014975568,31.74843551497557,23730,63.0,0.2654867256637168,0.7168230225854761,Watch
284610,5030.0,2445.346625,AZE,Azerbaijan,Aran,4.04368544,0.0,0.61,0.54,,,,,,,,,,,,,,,,,,,,,,,,,,16.532597165388776,80.8737088,0.0,,,,,,,,,,,,,,,,,0.0,0.0,92.8125,3.7954741901110784,0.0,0.0,3.2484375,13.284159665388774,16.532597165388776,267618,,,0.4420673187871047,Advisory
284620,5031.0,6021.165078,AZE,Azerbaijan,Daglig-Shirvan,1.061473119,0.0,0.61,0.54,,,,,,,,,,,,,,,,,,,,,,,,,,7.766025895483247,21.22946238,0.0,,,,,,,,,,,,,,,,,0.0,0.0,83.390625,1.3849582915666423,0.0,0.0,2.918671875,4.847354020483248,7.766025895483247,391034,,,0.0102578466337882,Information
284641,5033.0,3811.422829,AZE,Azerbaijan,Yukhari-Karabakh,2.566724138,0.0,0.61,0.54,,,,,,,,,,,,,,,,,,,,,,,,,,4.779876372242434,51.33448276,0.0,,,,,,,,,,,,,,,,,0.0,0.0,37.6875,0.9888039634978382,0.0,0.0,1.3190625,3.4608138722424338,4.779876372242434,448322,,,0.0101554087627799,Information
284642,5034.0,14314.0329,IRN,Iran,Ardebil,0.441869289,0.0,0.54,0.64,,,,,,,,,,,,,,,,,,,,,,,,,,1.86436281275209,8.83738578,0.0,,,,,,,,,,,,,,,,,0.0,0.0,31.359375,0.21908133935774,0.0,0.0,1.097578125,0.76678468775209,1.86436281275209,1066824,,,5.017882943086112e-05,Information
284647,5039.0,5048.15219,ARM,Armenia,Aragatsotn,2.624648681,0.0,0.67,0.46,,,,,,,,,,,,,,,,,,,,,,,,,,4.72429694068069,52.49297362,0.0,,,,,,,,,,,,,,,,,0.0,0.0,45.28125,0.8969866259087685,0.0,0.0,1.58484375,3.13945319068069,4.72429694068069,347946,,,0.0104951509387409,Information
284649,5041.0,10262.66727,TUR,Turkey,Erzurum,1.472762473,0.0,0.57,0.6,,,,,,,,,,,,,,,,,,,,,,,,,,3.82880427303662,29.45524946,0.0,,,,,,,,,,,,,,,,,0.0,0.0,55.40625,0.5398815780104628,0.0,0.0,1.93921875,1.88958552303662,3.82880427303662,200367,,,0.0017858950631544,Information
284660,5043.0,11862.60586,AZE,Azerbaijan,Shaki-Zaqatala,1.965732785,0.0,0.61,0.54,,,,,,,,,,,,,,,,,,,,,,,,,,8.590182353982515,39.3146557,0.0,,,,,,,,,,,,,,,,,0.0,0.0,133.171875,1.1226190654235757,0.0,0.0,4.661015625,3.9291667289825134,8.590182353982515,649083,,,0.0252866809084765,Information
284670,5044.0,17699.77931,AZE,Azerbaijan,Ganja-Qazakh,1.411028715,0.0,0.61,0.54,,,,,,,,,,,,,,,,,,,,,,,,,,16.198630912190787,28.220574300000003,0.0,,,,,,,,,,,,,,,,,0.0,0.0,295.734375,1.6708365106259386,0.0,0.0,10.350703125,5.847927787190785,16.198630912190787,1331812,,,0.0682869917815524,Information
284680,5045.0,8335.707422,GEO,Georgia,Kvemo Kartli,3.166521624,0.0,0.67,0.46,,,,,,,,,,,,,,,,,,,,,,,,,,1.6023135408618814,63.33043248,0.0,,,,,,,,,,,,,,,,,0.0,0.0,20.8125,0.2496788688176804,0.0,0.0,0.7284375,0.8738760408618814,1.6023135408618814,360887,,,0.000872549035975,Information
284700,5047.0,18960.13182,AZE,Azerbaijan,Lankaran,3.545331338,0.0,0.61,0.54,,,,,,,,,,,,,,,,,,,,,,,,,,70.0,70.90662676,0.0,3.0,,,,,,,,,,,,,,,,0.0,0.0,1993.5,10.514167408964743,0.0,0.0,35.0,35.0,70.0,3078999,207502.0,6.739268184237799,0.8100240209896816,Warning
284801,5048.0,2128.523805,IRN,Iran,Gilan,2.627322852,0.0,0.54,0.64,,,,,,,,,,,,,,,,,,,,,,,,,,44.641953125,52.54645703999999,0.0,,,,,,,,,,,,,,,,,0.0,0.0,275.484375,12.942508525836368,0.0,0.0,9.641953125,35.0,44.641953125,185825,,,0.4756488955267283,Advisory
284802,5049.0,6021.995629,IRN,Iran,Qazvin,2.597966644,0.0,0.54,0.64,,,,,,,,,,,,,,,,,,,,,,,,,,2.907098367532262,51.95933288,0.0,,,,,,,,,,,,,,,,,0.0,0.0,31.21875,0.5184120335806462,0.0,0.0,1.09265625,1.8144421175322616,2.907098367532262,118429,,,0.0025166687733021,Information
284803,5050.0,9633.504708,IRN,Iran,Ardebil,1.215303951,0.0,0.54,0.64,,,,,,,,,,,,,,,,,,,,,,,,,,3.691406863938125,24.30607902,0.0,,,,,,,,,,,,,,,,,0.0,0.0,51.75,0.537187675410893,0.0,0.0,1.81125,1.8801568639381248,3.691406863938125,177983,,,0.0012609962602724,Information
284804,5051.0,7743.398193,IRN,Iran,East Azarbaijan,1.719635197,0.0,0.54,0.64,,,,,,,,,,,,,,,,,,,,,,,,,,3.552600231634396,34.39270394,0.0,,,,,,,,,,,,,,,,,0.0,0.0,44.296875,0.5720598876098274,0.0,0.0,1.550390625,2.002209606634396,3.552600231634396,240837,,,0.0017727120766639,Information
284807,5054.0,14504.63186,IRN,Iran,Zanjan,1.069424369,0.0,0.54,0.64,,,,,,,,,,,,,,,,,,,,,,,,,,2.020590585702214,21.38848738,0.0,,,,,,,,,,,,,,,,,0.0,0.0,34.171875,0.2355928459149183,0.0,0.0,1.196015625,0.824574960702214,2.020590585702214,289348,,,0.0001255534720682,Information
284808,5055.0,7134.298177,IRN,Iran,Kordestan,0.584714948,0.0,0.54,0.64,,,,,,,,,,,,,,,,,,,,,,,,,,1.2175389631599889,11.69429896,0.0,,,,,,,,,,,,,,,,,0.0,0.0,14.484375,0.2030245251885682,0.0,0.0,0.506953125,0.7105858381599887,1.2175389631599889,151132,,,9.179256264666624e-06,Information
284809,5056.0,5346.081401,IRN,Iran,Kordestan,0.483590809,0.0,0.54,0.64,,,,,,,,,,,,,,,,,,,,,,,,,,0.1271554618373203,9.67181618,0.0,,,,,,,,,,,,,,,,,0.0,0.0,1.265625,0.0236738819535201,0.0,0.0,0.044296875,0.0828585868373203,0.1271554618373203,135084,,,2.5878101249315795e-11,Information
291121,5060.0,8013.199271,PAK,Pakistan,Baluchistan,2.633357674,0.0,0.39,0.85,,,,,,,,,,,,,,,,,,,,,,,,,,0.2434098625963921,52.66715348,0.0,,,,,,,,,,,,,,,,,0.0,0.0,3.09375,0.0386081750275406,0.0,0.0,0.10828125,0.1351286125963921,0.2434098625963921,12971,,,6.813274485947245e-08,Information
291122,5061.0,6571.813135,PAK,Pakistan,Baluchistan,0.168207939,0.0,0.39,0.85,,,,,,,,,,,,,,,,,,,,,,,,,,2.593950518679753,3.36415878,0.0,,,,,,,,,,,,,,,,,0.0,0.0,29.390625,0.4472224696227865,0.0,0.0,1.028671875,1.5652786436797528,2.593950518679753,64944,,,0.0001485774648482,Information
291147,5076.0,4550.560529,IRN,Iran,Sistan and Baluchestan,3.413477158,0.0,0.54,0.64,,,,,,,,,,,,,,,,,,,,,,,,,,5.476771882457364,68.26954316,0.0,,,,,,,,,,,,,,,,,0.0,0.0,48.9375,1.0754169664163895,0.0,0.0,1.7128125,3.7639593824573634,5.476771882457364,479,,,0.039479264949319,Information
291148,5077.0,5816.572722,IRN,Iran,Sistan and Baluchestan,3.104573912,0.0,0.54,0.64,,,,,,,,,,,,,,,,,,,,,,,,,,1.1376134700868803,62.09147824,0.0,,,,,,,,,,,,,,,,,0.0,0.0,11.953125,0.205501170024823,0.0,0.0,0.418359375,0.7192540950868804,1.1376134700868803,40517,,,0.0002272397785174,Information
291149,5078.0,4792.545901,IRN,Iran,Sistan and Baluchestan,0.353764751,0.0,0.54,0.64,,,,,,,,,,,,,,,,,,,,,,,,,,0.334218053208915,7.07529502,0.0,,,,,,,,,,,,,,,,,0.0,0.0,3.09375,0.0645533723454043,0.0,0.0,0.10828125,0.225936803208915,0.334218053208915,95026,,,9.128709239609817e-09,Information
291190,5083.0,4402.159182,IRN,Iran,Sistan and Baluchestan,2.510787249,0.0,0.54,0.64,,,,,,,,,,,,,,,,,,,,,,,,,,1.5941443288674728,50.21574498,0.0,,,,,,,,,,,,,,,,,0.0,0.0,13.921875,0.3162510582478494,0.0,0.0,0.487265625,1.1068787038674728,1.5941443288674728,70122,,,0.0002893971882966,Information
291201,5084.0,37543.54028,AFG,Afghanistan,Kandahar,2.021852745,0.0,0.3,0.97,,,,,,,,,,,,,,,,,,,,,,,,,,2.312388410172404,40.4370549,0.0,,,,,,,,,,,,,,,,,0.0,0.0,52.171875,0.1389636529064011,0.0,0.0,1.826015625,0.4863727851724038,2.312388410172404,2083094,,,0.0005795609691544,Information
291202,5085.0,7550.251338,PAK,Pakistan,Baluchistan,4.061443691,0.0,0.39,0.85,,,,,,,,,,,,,,,,,,,,,,,,,,0.1144069772484639,81.22887382,0.0,,,,,,,,,,,,,,,,,0.0,0.0,1.40625,0.0186252077852754,0.0,0.0,0.04921875,0.0651882272484639,0.1144069772484639,87646,,,1.69546074054119e-07,Information
291300,5088.0,13332.61555,AFG,Afghanistan,Kandahar,4.025545588,0.0,0.3,0.97,,,,,,,,,,,,,,,,,,,,,,,,,,0.3100852793509432,80.51091176,0.0,,,,,,,,,,,,,,,,,0.0,0.0,5.0625,0.0379707941002695,0.0,0.0,0.1771875,0.1328977793509432,0.3100852793509432,3175,,,1.7307649408343777e-05,Information
291420,5091.0,11997.03232,AFG,Afghanistan,Nimroz,4.021424336,0.0,0.3,0.97,,,,,,,,,,,,,,,,,,,,,,,,,,2.490748778278835,80.42848672,0.0,,,,,,,,,,,,,,,,,0.0,0.0,38.8125,0.3235175080796671,0.0,0.0,1.3584375,1.132311278278835,2.490748778278835,135984,,,0.0196280760356573,Information
291443,5096.0,165.1359944,AFG,Afghanistan,Nimroz,4.958573142,0.0,0.3,0.97,,,,,,,,,,,,,,,,,,,,,,,,,,2.1208017210581622,99.17146284,0.0,3.0,,,,,,,,,,,,,,,,0.0,0.0,0.984375,0.5960995988737606,0.0,0.0,0.034453125,2.086348596058162,2.1208017210581622,8271,0.0,0.0,0.8263624365460861,Warning
291450,5103.0,27131.24302,AFG,Afghanistan,Hilmand,4.100683052,0.0,0.3,0.97,,,,,,,,,,,,,,,,,,,,,,,,,,1.569481849009747,82.01366104,0.0,,,,,,,,,,,,,,,,,0.0,0.0,32.765625,0.1207671354313563,0.0,0.0,1.146796875,0.422684974009747,1.569481849009747,265400,,,0.0073666950331755,Information
291463,5106.0,2941.237913,AFG,Afghanistan,Hilmand,3.125798914,0.0,0.3,0.97,,,,,,,,,,,,,,,,,,,,,,,,,,11.802465728825574,62.515978280000006,0.0,,,,,,,,,,,,,,,,,0.0,0.0,76.640625,2.6057268153787354,0.0,0.0,2.682421875,9.120043853825576,11.802465728825574,145963,,,0.1239211180396995,Information
291465,5108.0,539.9550625,AFG,Afghanistan,Uruzgan,4.319445505,0.0,0.3,0.97,,,,,,,,,,,,,,,,,,,,,,,,,,0.2882258816961293,86.3889101,0.0,,,,,,,,,,,,,,,,,0.0,0.0,0.421875,0.0781315019131798,0.0,0.0,0.014765625,0.2734602566961293,0.2882258816961293,14656,,,5.788949181957322e-05,Information
291467,5110.0,4352.009231,AFG,Afghanistan,Daykundi,4.140100464,0.0,0.3,0.97,,,,,,,,,,,,,,,,,,,,,,,,,,0.3733200479906894,82.80200928,0.0,,,,,,,,,,,,,,,,,0.0,0.0,3.234375,0.0743191208544827,0.0,0.0,0.113203125,0.2601169229906894,0.3733200479906894,133301,,,6.404253932215685e-05,Information
291468,5111.0,4762.607219,AFG,Afghanistan,Daykundi,2.753923033,0.0,0.3,0.97,,,,,,,,,,,,,,,,,,,,,,,,,,0.1983317441261243,55.07846066,0.0,,,,,,,,,,,,,,,,,0.0,0.0,1.828125,0.0383849626074641,0.0,0.0,0.063984375,0.1343473691261243,0.1983317441261243,261212,,,2.9347550261418923e-08,Information
291480,5114.0,15231.32879,AFG,Afghanistan,Zabul,4.019472871,0.0,0.3,0.97,,,,,,,,,,,,,,,,,,,,,,,,,,2.1361620776705514,80.38945741999999,0.0,,,,,,,,,,,,,,,,,0.0,0.0,36.84375,0.2418945221915861,0.0,0.0,1.28953125,0.8466308276705514,2.1361620776705514,577096,,,0.0133096150491462,Information
291497,5121.0,4332.418945,AFG,Afghanistan,Zabul,3.47881982,0.0,0.3,0.97,,,,,,,,,,,,,,,,,,,,,,,,,,1.6608094207103052,69.5763964,0.0,,,,,,,,,,,,,,,,,0.0,0.0,14.34375,0.3310794773458015,0.0,0.0,0.50203125,1.1587781707103053,1.6608094207103052,86807,,,0.0018192439196155,Information
291498,5122.0,4911.897521,AFG,Afghanistan,Paktika,4.00888253,0.0,0.3,0.97,,,,,,,,,,,,,,,,,,,,,,,,,,5.976875152103904,80.1776506,0.0,,,,,,,,,,,,,,,,,0.0,0.0,56.25,1.1451786148868297,0.0,0.0,1.96875,4.008125152103904,5.976875152103904,138864,,,0.1152810481451539,Information
291499,5123.0,12398.83296,AFG,Afghanistan,Ghazni,4.040181706,0.0,0.3,0.97,,,,,,,,,,,,,,,,,,,,,,,,,,4.961458471729857,80.80363412,0.0,,,,,,,,,,,,,,,,,0.0,0.0,78.46875,0.6328720633513877,0.0,0.0,2.74640625,2.2150522217298567,4.961458471729857,952906,,,0.0880244225119882,Information
291600,5130.0,15754.91885,IRN,Iran,South Khorasan,3.835179605,0.0,0.54,0.64,,,,,,,,,,,,,,,,,,,,,,,,,,1.263206196701395,76.7035921,0.0,,,,,,,,,,,,,,,,,0.0,0.0,22.078125,0.1401348062003986,0.0,0.0,0.772734375,0.490471821701395,1.263206196701395,57382,,,0.001780460502036,Information
291701,5131.0,439.1686982,AFG,Afghanistan,Farah,4.408198769,0.0,0.3,0.97,,,,,,,,,,,,,,,,,,,,,,,,,,16.730200858101373,88.16397538000001,0.0,3.0,,,,,,,,,,,,,,,,0.0,0.0,20.109375,4.578963638028964,0.0,0.0,0.703828125,16.026372733101372,16.730200858101373,3764,0.0,0.0,0.63535408380611,Watch
291702,5132.0,28909.67812,AFG,Afghanistan,Farah,4.051338219,0.0,0.3,0.97,,,,,,,,,,,,,,,,,,,,,,,,,,2.755740331087046,81.02676438,0.0,,,,,,,,,,,,,,,,,0.0,0.0,58.5,0.2023543803105846,0.0,0.0,2.0475,0.7082403310870461,2.755740331087046,486367,,,0.0268441346999013,Information
291707,5137.0,12324.99038,AFG,Afghanistan,Farah,4.036448542,0.0,0.3,0.97,,,,,,,,,,,,,,,,,,,,,,,,,,1.4710221611902847,80.72897083999999,0.0,,,,,,,,,,,,,,,,,0.0,0.0,23.203125,0.1882607960543671,0.0,0.0,0.812109375,0.6589127861902848,1.4710221611902847,238010,,,0.0050462279211264,Information
291709,5139.0,8363.280023,AFG,Afghanistan,Ghor,3.908050982,0.0,0.3,0.97,,,,,,,,,,,,,,,,,,,,,,,,,,0.2053325493857403,78.16101963999999,0.0,,,,,,,,,,,,,,,,,0.0,0.0,2.671875,0.0319476926816401,0.0,0.0,0.093515625,0.1118169243857403,0.2053325493857403,114244,,,1.5294788326854053e-06,Information
292102,5146.0,7718.504744,IRN,Iran,Kerman,1.330729608,0.0,0.54,0.64,,,,,,,,,,,,,,,,,,,,,,,,,,0.2033747249860333,26.61459216,0.0,,,,,,,,,,,,,,,,,0.0,0.0,2.53125,0.0327945642817238,0.0,0.0,0.08859375,0.1147809749860333,0.2033747249860333,82237,,,1.949405990807997e-09,Information
292103,5147.0,4460.678043,IRN,Iran,Kerman,1.060949823,0.0,0.54,0.64,,,,,,,,,,,,,,,,,,,,,,,,,,0.3031600424974842,21.21899646,0.0,,,,,,,,,,,,,,,,,0.0,0.0,2.671875,0.0598984049992812,0.0,0.0,0.093515625,0.2096444174974842,0.3031600424974842,11296,,,1.3475884385320197e-08,Information
292104,5148.0,9637.688143,IRN,Iran,Sistan and Baluchestan,2.336807667,0.0,0.54,0.64,,,,,,,,,,,,,,,,,,,,,,,,,,2.0759572932360166,46.73615334,0.0,,,,,,,,,,,,,,,,,0.0,0.0,29.109375,0.3020369052102905,0.0,0.0,1.018828125,1.0571291682360169,2.0759572932360166,49760,,,0.0005875926399523,Information
292106,5149.0,26248.05597,IRN,Iran,Sistan and Baluchestan,1.156080065,0.0,0.54,0.64,,,,,,,,,,,,,,,,,,,,,,,,,,4.152975474490693,23.1216013,0.0,,,,,,,,,,,,,,,,,0.0,0.0,85.921875,0.3273456712830551,0.0,0.0,3.007265625,1.1457098494906928,4.152975474490693,250498,,,0.0017591642170644,Information
292109,5152.0,18148.22279,IRN,Iran,Kerman,1.291378284,0.0,0.54,0.64,,,,,,,,,,,,,,,,,,,,,,,,,,9.237040074304284,25.827565680000003,0.0,,,,,,,,,,,,,,,,,0.0,0.0,170.15625,0.9375918069440812,0.0,0.0,5.95546875,3.2815713243042843,9.237040074304284,733739,,,0.0186178160984216,Information
292212,5155.0,7369.603622,IRN,Iran,Kerman,2.834097775,0.0,0.54,0.64,,,,,,,,,,,,,,,,,,,,,,,,,,8.990380244784497,56.6819555,0.0,,,,,,,,,,,,,,,,,0.0,0.0,108.984375,1.4788363199384276,0.0,0.0,3.814453125,5.175927119784497,8.990380244784497,36272,,,0.0579272689804052,Information
292213,5156.0,961.3430533,IRN,Iran,Sistan and Baluchestan,4.052271194,0.0,0.54,0.64,,,,,,,,,,,,,,,,,,,,,,,,,,0.3367186780240486,81.04542388,0.0,,,,,,,,,,,,,,,,,0.0,0.0,0.84375,0.0877678365782996,0.0,0.0,0.02953125,0.3071874280240486,0.3367186780240486,0,,,2.782290548224148e-05,Information
292214,5157.0,4259.154019,IRN,Iran,Kerman,0.730101223,0.0,0.54,0.64,,,,,,,,,,,,,,,,,,,,,,,,,,4.284245433850785,14.60202446,0.0,,,,,,,,,,,,,,,,,0.0,0.0,36.5625,0.8584451239573672,0.0,0.0,1.2796875,3.0045579338507853,4.284245433850785,216050,,,0.0013840666221128,Information
292216,5159.0,6538.620368,IRN,Iran,Sistan and Baluchestan,1.12398308,0.0,0.54,0.64,,,,,,,,,,,,,,,,,,,,,,,,,,1.207578770679707,22.4796616,0.0,,,,,,,,,,,,,,,,,0.0,0.0,13.640625,0.2086162559084877,0.0,0.0,0.477421875,0.730156895679707,1.207578770679707,9644,,,1.5778938966785052e-05,Information
292217,5160.0,233.3127636,IRN,Iran,Kerman,3.11280957,0.0,0.54,0.64,,,,,,,,,,,,,,,,,,,,,,,,,,1.0793898602691436,62.2561914,0.0,,,,,,,,,,,,,,,,,0.0,0.0,0.703125,0.301365852934041,0.0,0.0,0.024609375,1.0547804852691436,1.0793898602691436,0,,,0.0001894028971795,Information
292218,5161.0,9320.552091,IRN,Iran,Sistan and Baluchestan,2.200470049,0.0,0.54,0.64,,,,,,,,,,,,,,,,,,,,,,,,,,1.9078757181205568,44.00940098,0.0,,,,,,,,,,,,,,,,,0.0,0.0,26.296875,0.2821385980344447,0.0,0.0,0.920390625,0.9874850931205564,1.9078757181205568,5421,,,0.0003634942738568,Information
292219,5162.0,19141.27644,IRN,Iran,Sistan and Baluchestan,0.272219465,0.0,0.54,0.64,,,,,,,,,,,,,,,,,,,,,,,,,,9.359026855227397,5.4443893,0.0,,,,,,,,,,,,,,,,,0.0,0.0,175.640625,0.917601422922113,0.0,0.0,6.147421875,3.211604980227396,9.359026855227397,116212,,,0.0103655313371876,Information
292220,5163.0,17465.79962,IRN,Iran,Kerman,0.033291002,0.0,0.54,0.64,,,,,,,,,,,,,,,,,,,,,,,,,,1.787912800448462,0.6658200400000001,0.0,,,,,,,,,,,,,,,,,0.0,0.0,32.484375,0.1859884786995606,0.0,0.0,1.136953125,0.6509596754484621,1.787912800448462,89698,,,2.9416802720798775e-05,Information
292234,5167.0,16469.41329,IRN,Iran,South Khorasan,3.344402217,0.0,0.54,0.64,,,,,,,,,,,,,,,,,,,,,,,,,,2.7844500418578426,66.88804434,0.0,,,,,,,,,,,,,,,,,0.0,0.0,49.5,0.3005571548165265,0.0,0.0,1.7325,1.051950041857843,2.7844500418578426,6283,,,0.0066460815226028,Information
292235,5168.0,16106.86206,IRN,Iran,Kerman,0.001814125,0.0,0.54,0.64,,,,,,,,,,,,,,,,,,,,,,,,,,0.5105688195984015,0.0362825,0.0,,,,,,,,,,,,,,,,,0.0,0.0,9.0,0.0558768055995433,0.0,0.0,0.315,0.1955688195984015,0.5105688195984015,40291,,,6.564464359350269e-08,Information
292239,5172.0,11423.05971,IRN,Iran,South Khorasan,0.321630154,0.0,0.54,0.64,,,,,,,,,,,,,,,,,,,,,,,,,,0.4615296806112811,6.43260308,0.0,,,,,,,,,,,,,,,,,0.0,0.0,7.03125,0.0615531230317946,0.0,0.0,0.24609375,0.2154359306112811,0.4615296806112811,292149,,,5.424677239143342e-08,Information
292240,5173.0,11579.15715,IRN,Iran,South Khorasan,0.011319061,0.0,0.54,0.64,,,,,,,,,,,,,,,,,,,,,,,,,,1.6602239871065587,0.22638122,0.0,,,,,,,,,,,,,,,,,0.0,0.0,25.453125,0.2198184606018739,0.0,0.0,0.890859375,0.7693646121065587,1.6602239871065587,6312,,,2.102191737054747e-05,Information
292250,5174.0,11868.95603,IRN,Iran,Razavi Khorasan,0.391614987,0.0,0.54,0.64,,,,,,,,,,,,,,,,,,,,,,,,,,0.7980475752410612,7.832299740000001,0.0,,,,,,,,,,,,,,,,,0.0,0.0,12.375,0.1042635929260175,0.0,0.0,0.433125,0.3649225752410612,0.7980475752410612,48890,,,1.0211305985598004e-06,Information
292270,5176.0,13716.97783,IRN,Iran,Yazd,0.008702115,0.0,0.54,0.64,,,,,,,,,,,,,,,,,,,,,,,,,,2.8168225217659435,0.1740422999999999,0.0,,,,,,,,,,,,,,,,,0.0,0.0,46.546875,0.3393376847902695,0.0,0.0,1.629140625,1.1876818967659433,2.8168225217659435,50284,,,0.0001799826690052,Information
292302,5178.0,13806.29242,IRN,Iran,Razavi Khorasan,0.057506402,0.0,0.54,0.64,,,,,,,,,,,,,,,,,,,,,,,,,,8.003076510184437,1.15012804,0.0,,,,,,,,,,,,,,,,,0.0,0.0,132.609375,0.9604995386241248,0.0,0.0,4.641328125,3.3617483851844367,8.003076510184437,48175,,,0.0059723099125716,Information
292303,5179.0,2563.680327,IRN,Iran,Razavi Khorasan,1.408875911,0.0,0.54,0.64,,,,,,,,,,,,,,,,,,,,,,,,,,12.904386693988588,28.17751822,0.0,,,,,,,,,,,,,,,,,0.0,0.0,75.234375,2.9346238768538826,0.0,0.0,2.633203125,10.271183568988588,12.904386693988588,34540,,,0.0430233771229507,Information
292304,5180.0,2084.303042,IRN,Iran,Razavi Khorasan,0.025732553,0.0,0.54,0.64,,,,,,,,,,,,,,,,,,,,,,,,,,0.7990047413123094,0.5146510599999999,0.0,,,,,,,,,,,,,,,,,0.0,0.0,3.9375,0.1889120689463741,0.0,0.0,0.1378125,0.6611922413123094,0.7990047413123094,204276,,,7.021310239374659e-07,Information
292306,5182.0,3752.845847,IRN,Iran,Razavi Khorasan,0.016821337,0.0,0.54,0.64,,,,,,,,,,,,,,,,,,,,,,,,,,0.2164430650462482,0.3364267399999999,0.0,,,,,,,,,,,,,,,,,0.0,0.0,1.6875,0.0449658757274995,0.0,0.0,0.0590625,0.1573805650462482,0.2164430650462482,71906,,,4.33283963265611e-10,Information
292309,5185.0,4329.688634,IRN,Iran,Razavi Khorasan,2.372216148,0.0,0.54,0.64,,,,,,,,,,,,,,,,,,,,,,,,,,1.4334856185599043,47.44432296,0.0,,,,,,,,,,,,,,,,,0.0,0.0,12.375,0.2858173195885441,0.0,0.0,0.433125,1.0003606185599043,1.4334856185599043,77705,,,0.000158032525286,Information
292408,5193.0,29531.3669,IRN,Iran,Razavi Khorasan,0.945135864,0.0,0.54,0.64,,,,,,,,,,,,,,,,,,,,,,,,,,2.3191643443887,18.90271728,0.0,,,,,,,,,,,,,,,,,0.0,0.0,49.5,0.1676183841110572,0.0,0.0,1.7325,0.5866643443887002,2.3191643443887,429623,,,0.0001893906413742,Information
292510,5195.0,10432.07965,IRN,Iran,Yazd,0.345942156,0.0,0.54,0.64,,,,,,,,,,,,,,,,,,,,,,,,,,0.1060388340083509,6.91884312,0.0,,,,,,,,,,,,,,,,,0.0,0.0,1.546875,0.0148280597166717,0.0,0.0,0.054140625,0.0518982090083509,0.1060388340083509,18971,,,6.116972381707782e-12,Information
292520,5196.0,13294.14954,IRN,Iran,Yazd,0.995629108,0.0,0.54,0.64,,,,,,,,,,,,,,,,,,,,,,,,,,0.7847986938494801,19.91258216,0.0,,,,,,,,,,,,,,,,,0.0,0.0,12.796875,0.0962594482427086,0.0,0.0,0.447890625,0.3369080688494801,0.7847986938494801,6576,,,1.8689587512196168e-06,Information
292540,5198.0,11884.88379,IRN,Iran,Esfahan,0.051478099,0.0,0.54,0.64,,,,,,,,,,,,,,,,,,,,,,,,,,3.2536762231236174,1.02956198,0.0,,,,,,,,,,,,,,,,,0.0,0.0,50.484375,0.4247780280353193,0.0,0.0,1.766953125,1.4867230981236177,3.2536762231236174,4024,,,0.0003188682654811,Information
292550,5199.0,6611.588794,IRN,Iran,Semnan,0.105807117,0.0,0.54,0.64,,,,,,,,,,,,,,,,,,,,,,,,,,2.547435151369635,2.11614234,0.0,,,,,,,,,,,,,,,,,0.0,0.0,28.96875,0.4381511146770387,0.0,0.0,1.01390625,1.5335289013696354,2.547435151369635,8183,,,0.0001317880950153,Information
292566,5205.0,3772.397452,IRN,Iran,Tehran,3.963703837,0.0,0.54,0.64,,,,,,,,,,,,,,,,,,,,,,,,,,0.3234410881097805,79.27407674,0.0,,,,,,,,,,,,,,,,,0.0,0.0,2.53125,0.0670992394599373,0.0,0.0,0.08859375,0.2348473381097805,0.3234410881097805,43002,,,1.5903775044128557e-05,Information
292570,5209.0,18046.9455,IRN,Iran,Semnan,0.161654445,0.0,0.54,0.64,,,,,,,,,,,,,,,,,,,,,,,,,,32.77655236162279,3.2330889000000003,0.0,,,,,,,,,,,,,,,,,0.0,0.0,602.578125,3.33894799617794,0.0,0.0,21.090234375,11.68631798662279,32.77655236162279,267399,,,0.1394948430285991,Information
292600,5210.0,5468.475756,IRN,Iran,Markazi,0.130320133,0.0,0.54,0.64,,,,,,,,,,,,,,,,,,,,,,,,,,4.329843494855549,2.60640266,0.0,,,,,,,,,,,,,,,,,0.0,0.0,43.734375,0.7997543913872995,0.0,0.0,1.530703125,2.7991403698555484,4.329843494855549,586506,,,0.0009252616154426,Information
292604,5214.0,9726.453889,IRN,Iran,Esfahan,0.028179094,0.0,0.54,0.64,,,,,,,,,,,,,,,,,,,,,,,,,,13.356146763878488,0.56358188,0.0,,,,,,,,,,,,,,,,,0.0,0.0,188.15625,1.934479432536711,0.0,0.0,6.58546875,6.770678013878488,13.356146763878488,794735,,,0.022346006748604,Information
292607,5217.0,2733.342153,IRN,Iran,Qom,3.666013427,0.0,0.54,0.64,,,,,,,,,,,,,,,,,,,,,,,,,,16.76086263586445,73.32026854,0.0,,,,,,,,,,,,,,,,,0.0,0.0,102.796875,3.760849145961271,0.0,0.0,3.597890625,13.162972010864449,16.76086263586445,15742,,,0.3210167207347606,Information
292701,5220.0,49255.22499,IRN,Iran,Kerman,2.28094636,0.0,0.54,0.64,,,,,,,,,,,,,,,,,,,,,,,,,,11.084363727105062,45.6189272,0.0,,,,,,,,,,,,,,,,,0.0,0.0,263.25,0.5344610648871607,0.0,0.0,9.21375,1.8706137271050625,11.084363727105062,1301735,,,0.0558632435063869,Information
292702,5221.0,22542.53115,IRN,Iran,Yazd,1.194260217,0.0,0.54,0.64,,,,,,,,,,,,,,,,,,,,,,,,,,0.7744720133453045,23.88520434,0.0,,,,,,,,,,,,,,,,,0.0,0.0,15.328125,0.0679964680986584,0.0,0.0,0.536484375,0.2379876383453044,0.7744720133453045,995845,,,2.239531140832863e-06,Information
292703,5222.0,14007.66868,IRN,Iran,Esfahan,1.180036472,0.0,0.54,0.64,,,,,,,,,,,,,,,,,,,,,,,,,,4.749228908635361,23.60072944,0.0,,,,,,,,,,,,,,,,,0.0,0.0,79.171875,0.5652037953243888,0.0,0.0,2.771015625,1.9782132836353608,4.749228908635361,74650,,,0.0027348076810724,Information
292801,5224.0,41755.07358,IRN,Iran,Esfahan,3.669936045,0.0,0.54,0.64,,,,,,,,,,,,,,,,,,,,,,,,,,24.78683519220487,73.3987209,0.0,,,,,,,,,,,,,,,,,0.0,0.0,571.359375,1.3683591620585345,0.0,0.0,19.997578125,4.78925706720487,24.78683519220487,4801466,,,0.4718394997001374,Advisory
292802,5225.0,2325.283719,IRN,Iran,Yazd,3.576771998,0.0,0.54,0.64,,,,,,,,,,,,,,,,,,,,,,,,,,4.069828910869663,71.53543995999999,0.0,,,,,,,,,,,,,,,,,0.0,0.0,21.9375,0.943433260248475,0.0,0.0,0.7678125,3.3020164108696624,4.069828910869663,6,,,0.0258839482415889,Information
292803,5226.0,20555.30563,IRN,Iran,Yazd,2.009105265,0.0,0.54,0.64,,,,,,,,,,,,,,,,,,,,,,,,,,4.477593830701536,40.1821053,0.0,,,,,,,,,,,,,,,,,0.0,0.0,86.0625,0.4186875230575816,0.0,0.0,3.0121875,1.4654063307015357,4.477593830701536,246114,,,0.0047679516835823,Information
292804,5227.0,13894.26048,IRN,Iran,Kerman,0.068994472,0.0,0.54,0.64,,,,,,,,,,,,,,,,,,,,,,,,,,0.6348191225798321,1.37988944,0.0,,,,,,,,,,,,,,,,,0.0,0.0,10.546875,0.0759081421656663,0.0,0.0,0.369140625,0.265678497579832,0.6348191225798321,132060,,,2.2594335272724378e-07,Information
292805,5228.0,14077.70289,IRN,Iran,Kerman,0.00158551,0.0,0.54,0.64,,,,,,,,,,,,,,,,,,,,,,,,,,15.716583843896586,0.0317102,0.0,,,,,,,,,,,,,,,,,0.0,0.0,262.546875,1.864983776827596,0.0,0.0,9.189140625,6.527443218896586,15.716583843896586,286932,,,0.0321469331991303,Information
292806,5229.0,6268.111787,IRN,Iran,Fars,0.025758204,0.0,0.54,0.64,,,,,,,,,,,,,,,,,,,,,,,,,,0.5237389236855114,0.51516408,0.0,,,,,,,,,,,,,,,,,0.0,0.0,5.765625,0.0919834424815747,0.0,0.0,0.201796875,0.3219420486855114,0.5237389236855114,9850,,,7.739565121401218e-08,Information
292901,5230.0,21509.05473,IRN,Iran,Fars,3.043571975,0.0,0.54,0.64,,,,,,,,,,,,,,,,,,,,,,,,,,2.6461270597662967,60.8714395,0.0,,,,,,,,,,,,,,,,,0.0,0.0,51.609375,0.2399425527903705,0.0,0.0,1.806328125,0.8397989347662967,2.6461270597662967,675865,,,0.0035325978967089,Information
292902,5231.0,5826.458581,IRN,Iran,Fars,0.013913696,0.0,0.54,0.64,,,,,,,,,,,,,,,,,,,,,,,,,,0.7754211731219111,0.27827392,0.0,,,,,,,,,,,,,,,,,0.0,0.0,8.15625,0.1399864066062603,0.0,0.0,0.28546875,0.489952423121911,0.7754211731219111,207535,,,5.966931443192658e-07,Information
292903,5232.0,4289.313211,IRN,Iran,Fars,0.018669238,0.0,0.54,0.64,,,,,,,,,,,,,,,,,,,,,,,,,,1.6232647955330188,0.37338476,0.0,,,,,,,,,,,,,,,,,0.0,0.0,13.921875,0.3245711915808625,0.0,0.0,0.487265625,1.1359991705330188,1.6232647955330188,1640089,,,1.9192642466665116e-05,Information
293100,5233.0,1640.783876,PAK,Pakistan,Baluchistan,4.06318528,0.0,0.39,0.85,,,,,,,,,,,,,,,,,,,,,,,,,,2.0253002668845634,81.2637056,0.0,,,,,,,,,,,,,,,,,0.0,0.0,8.15625,0.4970947191098753,0.0,0.0,0.28546875,1.7398315168845635,2.0253002668845634,10682,,,0.013049195855012,Information
293201,5234.0,1993.463158,PAK,Pakistan,Baluchistan,4.075710643,0.0,0.39,0.85,,,,,,,,,,,,,,,,,,,,,,,,,,0.7995225839706334,81.51421286,0.0,,,,,,,,,,,,,,,,,0.0,0.0,3.796875,0.1904662739916095,0.0,0.0,0.132890625,0.6666319589706333,0.7995225839706334,6894,,,0.0008426001438772,Information
293208,5241.0,13200.34748,PAK,Pakistan,Baluchistan,3.474150087,0.0,0.39,0.85,,,,,,,,,,,,,,,,,,,,,,,,,,0.4411739714882311,69.48300173999999,0.0,,,,,,,,,,,,,,,,,0.0,0.0,7.171875,0.0543309561394946,0.0,0.0,0.251015625,0.1901583464882311,0.4411739714882311,124005,,,1.1346502173334857e-05,Information
293209,5242.0,10837.78899,PAK,Pakistan,Baluchistan,3.892340565,0.0,0.39,0.85,,,,,,,,,,,,,,,,,,,,,,,,,,1.693926474379034,77.8468113,0.0,,,,,,,,,,,,,,,,,0.0,0.0,25.171875,0.232260242679724,0.0,0.0,0.881015625,0.812910849379034,1.693926474379034,173994,,,0.0050712582774155,Information
293401,5245.0,1718.390472,PAK,Pakistan,Baluchistan,4.100387253,0.0,0.39,0.85,,,,,,,,,,,,,,,,,,,,,,,,,,4.094836066133629,82.00774506,0.0,,,,,,,,,,,,,,,,,0.0,0.0,17.15625,0.9983906617524654,0.0,0.0,0.60046875,3.494367316133629,4.094836066133629,3484,,,0.0694079792750389,Information
293403,5247.0,1692.98337,PAK,Pakistan,Baluchistan,4.048375495,0.0,0.39,0.85,,,,,,,,,,,,,,,,,,,,,,,,,,0.9858281557798864,80.96750990000001,0.0,,,,,,,,,,,,,,,,,0.0,0.0,4.078125,0.2408839373656818,0.0,0.0,0.142734375,0.8430937807798864,0.9858281557798864,37534,,,0.001536095768035,Information
293405,5249.0,2523.893316,PAK,Pakistan,Baluchistan,3.945421231,0.0,0.39,0.85,,,,,,,,,,,,,,,,,,,,,,,,,,4.811330294709006,78.90842462,0.0,,,,,,,,,,,,,,,,,0.0,0.0,27.703125,1.0976345484882877,0.0,0.0,0.969609375,3.841720919709007,4.811330294709006,48881,,,0.0697172630990974,Information
293406,5250.0,10413.72019,IRN,Iran,Sistan and Baluchestan,3.239819929,0.0,0.54,0.64,,,,,,,,,,,,,,,,,,,,,,,,,,1.283212182593909,64.79639858,0.0,,,,,,,,,,,,,,,,,0.0,0.0,18.703125,0.1796008021696882,0.0,0.0,0.654609375,0.6286028075939087,1.283212182593909,153086,,,0.0004635188759731,Information
293407,5251.0,1905.471452,PAK,Pakistan,Baluchistan,4.025379578,0.0,0.39,0.85,,,,,,,,,,,,,,,,,,,,,,,,,,1.906629993672608,80.50759156,0.0,,,,,,,,,,,,,,,,,0.0,0.0,8.71875,0.4575639267636022,0.0,0.0,0.30515625,1.6014737436726076,1.906629993672608,204111,,,0.0100443301456437,Information
293502,5255.0,20724.78169,IRN,Iran,Sistan and Baluchestan,3.442824672,0.0,0.54,0.64,,,,,,,,,,,,,,,,,,,,,,,,,,3.3783948944345665,68.85649344,0.0,,,,,,,,,,,,,,,,,0.0,0.0,65.109375,0.3141619341241619,0.0,0.0,2.278828125,1.0995667694345663,3.3783948944345665,343586,,,0.0131685380599462,Information
293504,5257.0,8537.67689,IRN,Iran,Sistan and Baluchestan,2.49341739,0.0,0.54,0.64,,,,,,,,,,,,,,,,,,,,,,,,,,0.72669987563936,49.8683478,0.0,,,,,,,,,,,,,,,,,0.0,0.0,9.5625,0.11200353589696,0.0,0.0,0.3346875,0.39201237563936,0.72669987563936,45775,,,1.1483946370391024e-05,Information
293506,5259.0,6483.491852,IRN,Iran,Hormozgan,2.008774765,1.011994682,0.54,0.64,,,,,,,,,,,,,,,,,,,,,,,,,,2.9030787248572265,40.1754953,20.23989364,,,,,,,,,,,,,,,,,0.0,0.0,32.625,0.503201064244922,0.0,0.0,1.141875,1.7612037248572268,2.9030787248572265,42612,,,0.0012405229984817,Information
293508,5261.0,10325.35898,IRN,Iran,Kerman,4.044329692,0.0,0.54,0.64,,,,,,,,,,,,,,,,,,,,,,,,,,3.2747665469433054,80.88659383999999,0.0,,,,,,,,,,,,,,,,,0.0,0.0,47.53125,0.4603350848409445,0.0,0.0,1.66359375,1.6111727969433056,3.2747665469433054,357844,,,0.0388539196696563,Information
293509,5262.0,8682.303532,IRN,Iran,Hormozgan,4.076163097,0.100136547,0.54,0.64,,,,,,,,,,,,,,,,,,,,,,,,,,17.686524911300943,81.52326194,2.00273094,,,,,,,,,,,,,,,,,0.0,0.0,234.84375,2.704855331800269,0.0,0.0,8.21953125,9.466993661300942,17.686524911300943,749407,,,0.4825679858522079,Advisory
293601,5263.0,148.6936881,IRN,Iran,Hormozgan,2.191270022,0.0,0.54,0.64,,,,,,,,,,,,,,,,,,,,,,,,,,4.367083976181204,43.82540044,0.0,,,,,,,,,,,,,,,,,0.0,0.0,1.828125,1.229457028908915,0.0,0.0,0.063984375,4.303099601181203,4.367083976181204,2443,,,0.0053190197388087,Information
293603,5265.0,2188.820761,IRN,Iran,Hormozgan,0.830080673,0.0,0.54,0.64,,,,,,,,,,,,,,,,,,,,,,,,,,0.7400240522052466,16.60161346,0.0,,,,,,,,,,,,,,,,,0.0,0.0,3.796875,0.1734666934872133,0.0,0.0,0.132890625,0.6071334272052465,0.7400240522052466,71696,,,1.1522677479327448e-06,Information
293605,5267.0,1849.839051,IRN,Iran,Hormozgan,0.575468,0.0,0.54,0.64,,,,,,,,,,,,,,,,,,,,,,,,,,0.3152891953009133,11.50936,0.0,,,,,,,,,,,,,,,,,0.0,0.0,1.40625,0.0760201272288324,0.0,0.0,0.04921875,0.2660704453009134,0.3152891953009133,18652,,,8.643785276455294e-09,Information
293606,5268.0,11150.19242,IRN,Iran,Kerman,1.569783397,0.0,0.54,0.64,,,,,,,,,,,,,,,,,,,,,,,,,,1.4844298023990077,31.39566794,0.0,,,,,,,,,,,,,,,,,0.0,0.0,22.359375,0.2005290506854308,0.0,0.0,0.782578125,0.7018516773990078,1.4844298023990077,106994,,,6.321138566488356e-05,Information
293609,5271.0,8769.697786,IRN,Iran,Fars,1.107164769,0.0,0.54,0.64,,,,,,,,,,,,,,,,,,,,,,,,,,0.5161777883997843,22.14329538,0.0,,,,,,,,,,,,,,,,,0.0,0.0,6.890625,0.0785731181142241,0.0,0.0,0.241171875,0.2750059133997843,0.5161777883997843,268742,,,2.635529238153225e-07,Information
293801,5274.0,5268.519775,IRN,Iran,Bushehr,0.294496164,0.0,0.54,0.64,,,,,,,,,,,,,,,,,,,,,,,,,,1.2409610595157654,5.88992328,0.0,,,,,,,,,,,,,,,,,0.0,0.0,12.234375,0.2322165527187901,0.0,0.0,0.428203125,0.8127579345157654,1.2409610595157654,183202,,,7.503725086654483e-06,Information
293802,5275.0,7836.230277,IRN,Iran,Fars,0.406274539,0.0,0.54,0.64,,,,,,,,,,,,,,,,,,,,,,,,,,0.9074265451554386,8.12549078,0.0,,,,,,,,,,,,,,,,,0.0,0.0,11.390625,0.1453584771872682,0.0,0.0,0.398671875,0.5087546701554386,0.9074265451554386,124170,,,1.9413335072637657e-06,Information
293804,5277.0,5270.77387,IRN,Iran,Fars,0.005592762,0.0,0.54,0.64,,,,,,,,,,,,,,,,,,,,,,,,,,0.1996389501632799,0.11185524,0.0,,,,,,,,,,,,,,,,,0.0,0.0,1.96875,0.0373522000466514,0.0,0.0,0.06890625,0.1307327001632799,0.1996389501632799,68638,,,2.561402667696529e-10,Information
293807,5280.0,6498.335118,IRN,Iran,Fars,2.318223188,0.0,0.54,0.64,,,,,,,,,,,,,,,,,,,,,,,,,,3.836250623831827,46.36446376000001,0.0,,,,,,,,,,,,,,,,,0.0,0.0,43.171875,0.6643528568090935,0.0,0.0,1.511015625,2.325234998831827,3.836250623831827,71806,,,0.0041733182514855,Information
293808,5281.0,6658.234204,IRN,Iran,Fars,0.918737841,0.0,0.54,0.64,,,,,,,,,,,,,,,,,,,,,,,,,,0.184710564305639,18.37475682,0.0,,,,,,,,,,,,,,,,,0.0,0.0,2.109375,0.0316806969444683,0.0,0.0,0.073828125,0.110882439305639,0.184710564305639,420408,,,5.606741825454155e-10,Information
293901,5283.0,1070.07686,IRN,Iran,Bushehr,0.001672795,0.080458046,0.54,0.64,,,,,,,,,,,,,,,,,,,,,,,,,,24.491270754457386,0.0334559,1.60916092,,,,,,,,,,,,,,,,,0.0,0.0,67.640625,6.321099679844966,0.0,0.0,2.367421875,22.123848879457384,24.491270754457386,267585,,,0.0821686841563035,Information
293902,5284.0,2037.472362,IRN,Iran,Bushehr,0.570449689,0.0,0.54,0.64,,,,,,,,,,,,,,,,,,,,,,,,,,0.4652583103129174,11.40899378,0.0,,,,,,,,,,,,,,,,,0.0,0.0,2.25,0.1104309458036907,0.0,0.0,0.07875,0.3865083103129174,0.4652583103129174,86344,,,7.638353584987016e-08,Information
293903,5285.0,766.9365205,IRN,Iran,Bushehr,3.580741932,4.016082005,0.54,0.64,,,,,,,,,,,,,,,,,,,,,,,,,,15.96155848244253,71.61483864,80.32164010000001,,,,,,,,,,,,,,,,,0.0,0.0,32.484375,4.235601530697866,0.0,0.0,1.136953125,14.82460535744253,15.96155848244253,27775,,,0.4170928529286422,Advisory
293904,5286.0,11227.92322,IRN,Iran,Fars,0.624867252,0.0,0.54,0.64,,,,,,,,,,,,,,,,,,,,,,,,,,1.861095458904558,12.49734504,0.0,,,,,,,,,,,,,,,,,0.0,0.0,28.125,0.2504915596870166,0.0,0.0,0.984375,0.8767204589045581,1.861095458904558,475138,,,5.89375350562576e-05,Information
293907,5289.0,4532.319356,IRN,Iran,Khuzestan,4.013950746,2.981165678,0.54,0.64,,,,,,,,,,,,,,,,,,,,,,,,,,55.804765625,80.27901492,59.62331356,3.0,,,,,,,,,,,,,,,,0.0,0.0,594.421875,13.115180735740056,0.0,0.0,20.804765625,35.0,55.804765625,395905,35294.0,8.914764905722333,0.8508709232168666,Warning
293908,5290.0,13093.29435,IRN,Iran,Kohgiluyeh and Buyer Ahmad,2.661383362,0.688674498,0.54,0.64,,,,,,,,,,,,,,,,,,,,,,,,,,21.294384312045544,53.22766724,13.77348996,,,,,,,,,,,,,,,,,0.0,0.0,344.953125,2.634578553441583,0.0,0.0,12.073359375,9.22102493704554,21.294384312045544,456556,,,0.215685291614562,Information
294100,5293.0,1167.282244,IRQ,Iraq,Al-Basrah,3.995685968,4.025719386,0.43,0.79,,,,,,,,,,,,,,,,,,,,,,,,,,38.84687979768448,79.91371936,80.51438771999999,3.0,,,,,,,,,,,,,,,,0.0,0.0,116.015625,9.938952263624138,0.0,0.0,4.060546875,34.78633292268448,38.84687979768448,65855,6135.0,9.315921342343026,0.7548876240801056,Watch
294201,5294.0,1637.558849,IRN,Iran,Khuzestan,4.034788289,0.0,0.54,0.64,,,,,,,,,,,,,,,,,,,,,,,,,,48.45640625,80.69576577999999,0.0,3.0,,,,,,,,,,,,,,,,0.0,0.0,384.46875,23.47816386608688,0.0,0.0,13.45640625,35.0,48.45640625,167450,2211.0,1.3203941475067185,0.8213024678781392,Warning
294202,5295.0,6557.21656,IRN,Iran,Khuzestan,1.140723353,0.0,0.54,0.64,,,,,,,,,,,,,,,,,,,,,,,,,,57.752535330411646,22.81446706,0.0,,,,,,,,,,,,,,,,,0.0,0.0,653.484375,9.965880630117612,0.0,0.0,22.871953125,34.88058220541164,57.752535330411646,554143,,,0.3858909852983856,Advisory
294203,5296.0,4640.623743,IRN,Iran,Khuzestan,3.037518676,0.0,0.54,0.64,,,,,,,,,,,,,,,,,,,,,,,,,,28.13662452581613,60.75037352,0.0,,,,,,,,,,,,,,,,,0.0,0.0,254.8125,5.49091057880461,0.0,0.0,8.9184375,19.21818702581613,28.13662452581613,1312871,,,0.3696162697538328,Advisory
294204,5297.0,22808.35902,IRN,Iran,Lorestan,1.734405744,0.0,0.54,0.64,,,,,,,,,,,,,,,,,,,,,,,,,,11.901145411521412,34.68811488,0.0,,,,,,,,,,,,,,,,,0.0,0.0,236.390625,1.0364210104346891,0.0,0.0,8.273671875,3.627473536521412,11.901145411521412,1514119,,,0.0443271515090015,Information
294205,5298.0,13376.93431,IRN,Iran,Khuzestan,3.645354248,0.0,0.54,0.64,,,,,,,,,,,,,,,,,,,,,,,,,,16.557405145848865,72.90708495999999,0.0,,,,,,,,,,,,,,,,,0.0,0.0,270.703125,2.023655934528247,0.0,0.0,9.474609375,7.082795770848865,16.557405145848865,548677,,,0.3112045832689237,Information
294206,5299.0,14540.99147,IRN,Iran,Chahar Mahall and Bakhtiari,0.73484531,0.0,0.54,0.64,,,,,,,,,,,,,,,,,,,,,,,,,,3.081786683496772,14.6969062,0.0,,,,,,,,,,,,,,,,,0.0,0.0,52.171875,0.3587917309990775,0.0,0.0,1.826015625,1.2557710584967714,3.081786683496772,778628,,,0.0004489580574083,Information
294207,5300.0,1564.753345,IRN,Iran,Chahar Mahall and Bakhtiari,2.991817427,0.0,0.54,0.64,,,,,,,,,,,,,,,,,,,,,,,,,,1.1276719023675017,59.83634854,0.0,,,,,,,,,,,,,,,,,0.0,0.0,4.359375,0.2785982221050004,0.0,0.0,0.152578125,0.9750937773675016,1.1276719023675017,3587,,,0.0001765874293067,Information
294208,5301.0,4297.725572,IRN,Iran,Esfahan,1.044083716,0.0,0.54,0.64,,,,,,,,,,,,,,,,,,,,,,,,,,0.3274830692260361,20.88167432,0.0,,,,,,,,,,,,,,,,,0.0,0.0,2.8125,0.0654415912074389,0.0,0.0,0.0984375,0.2290455692260361,0.3274830692260361,90308,,,2.0410405657808065e-08,Information
294209,5302.0,3170.133048,IRN,Iran,Kohgiluyeh and Buyer Ahmad,0.873795536,0.0,0.54,0.64,,,,,,,,,,,,,,,,,,,,,,,,,,0.2044764292880274,17.47591072,0.0,,,,,,,,,,,,,,,,,0.0,0.0,1.40625,0.0443593369394364,0.0,0.0,0.04921875,0.1552576792880274,0.2044764292880274,324384,,,9.842037736868034e-10,Information
294402,5305.0,9547.061821,IRN,Iran,Lorestan,3.056344976,0.0,0.54,0.64,,,,,,,,,,,,,,,,,,,,,,,,,,0.1108498262331722,61.12689952,0.0,,,,,,,,,,,,,,,,,0.0,0.0,1.546875,0.0162026289237635,0.0,0.0,0.054140625,0.0567092012331722,0.1108498262331722,756253,,,2.3159890775270443e-09,Information
294403,5306.0,3277.601306,IRN,Iran,Lorestan,1.801613997,0.0,0.54,0.64,,,,,,,,,,,,,,,,,,,,,,,,,,10.427873843139256,36.03227994,0.0,,,,,,,,,,,,,,,,,0.0,0.0,73.546875,2.243923776611216,0.0,0.0,2.574140625,7.853733218139256,10.427873843139256,146905,,,0.0348468551792893,Information
294404,5307.0,3598.595333,IRN,Iran,Kermanshah,0.421971959,0.0,0.54,0.64,,,,,,,,,,,,,,,,,,,,,,,,,,0.1673917798032109,8.43943918,0.0,,,,,,,,,,,,,,,,,0.0,0.0,1.265625,0.0351699728009174,0.0,0.0,0.044296875,0.1230949048032109,0.1673917798032109,220667,,,1.4463862059492663e-10,Information
294406,5309.0,5528.317182,IRN,Iran,Kermanshah,0.307765429,0.0,0.54,0.64,,,,,,,,,,,,,,,,,,,,,,,,,,0.2903229149007992,6.15530858,0.0,,,,,,,,,,,,,,,,,0.0,0.0,2.953125,0.0534181542573712,0.0,0.0,0.103359375,0.1869635399007992,0.2903229149007992,1237468,,,3.770657368823633e-09,Information
294408,5311.0,2196.753261,IRN,Iran,Kermanshah,0.567857333,0.0,0.54,0.64,,,,,,,,,,,,,,,,,,,,,,,,,,1.3663549754398454,11.35714666,0.0,,,,,,,,,,,,,,,,,0.0,0.0,7.03125,0.3200746358399558,0.0,0.0,0.24609375,1.1202612254398454,1.3663549754398454,95844,,,1.5065842163958394e-05,Information
294409,5312.0,8679.98154,IRN,Iran,Hamadan,1.788782862,0.0,0.54,0.64,,,,,,,,,,,,,,,,,,,,,,,,,,1.7583134937771314,35.77565724,0.0,,,,,,,,,,,,,,,,,0.0,0.0,23.34375,0.2689377839363233,0.0,0.0,0.81703125,0.9412822437771317,1.7583134937771314,804119,,,0.0001603200450593,Information
294500,5313.0,16.27132768,IRQ,Iraq,Al-Basrah,0.149154429,0.0,0.43,0.79,,,,,,,,,,,,,,,,,,,,,,,,,,21.208585728426577,2.98308858,0.0,,,,,,,,,,,,,,,,,0.0,0.0,0.984375,6.049752172407594,0.0,0.0,0.034453125,21.17413260342657,21.208585728426577,16935,,,0.0641952886209843,Information
294630,5316.0,4346.107428,IRQ,Iraq,Wasit,3.18050293,0.0,0.43,0.79,,,,,,,,,,,,,,,,,,,,,,,,,,13.40349787633826,63.6100586,0.0,,,,,,,,,,,,,,,,,0.0,0.0,116.015625,2.6694145718109312,0.0,0.0,4.060546875,9.34295100133826,13.40349787633826,2271810,,,0.1589514395011209,Information
294644,5320.0,3524.916143,IRN,Iran,Kermanshah,2.270331584,0.0,0.54,0.64,,,,,,,,,,,,,,,,,,,,,,,,,,2.341736667717829,45.40663168,0.0,,,,,,,,,,,,,,,,,0.0,0.0,17.4375,0.4946926193479513,0.0,0.0,0.6103125,1.7314241677178297,2.341736667717829,181819,,,0.0008190960483622,Information
294645,5321.0,5546.785104,IRQ,Iraq,Diyala,3.398028933,0.0,0.43,0.79,,,,,,,,,,,,,,,,,,,,,,,,,,4.2627347974558125,67.96057866,0.0,,,,,,,,,,,,,,,,,0.0,0.0,43.453125,0.7833929778445178,0.0,0.0,1.520859375,2.7418754224558124,4.2627347974558125,350596,,,0.021844827728146,Information
294647,5323.0,4615.717883,IRN,Iran,Kermanshah,1.131277827,0.0,0.54,0.64,,,,,,,,,,,,,,,,,,,,,,,,,,3.1793741751449565,22.62555654,0.0,,,,,,,,,,,,,,,,,0.0,0.0,28.6875,0.6215176214699875,0.0,0.0,1.0040625,2.175311675144956,3.1793741751449565,201488,,,0.0007065247557744,Information
294648,5324.0,3381.935343,IRN,Iran,Kordestan,1.029512805,0.0,0.54,0.64,,,,,,,,,,,,,,,,,,,,,,,,,,3.875585148823512,20.5902561,0.0,,,,,,,,,,,,,,,,,0.0,0.0,27.984375,0.8274662925210032,0.0,0.0,0.979453125,2.896132023823512,3.875585148823512,242695,,,0.0012641888435285,Information
294649,5325.0,6016.459992,IRN,Iran,Kordestan,0.484731376,0.0,0.54,0.64,,,,,,,,,,,,,,,,,,,,,,,,,,2.4239731692677413,9.69462752,0.0,,,,,,,,,,,,,,,,,0.0,0.0,26.015625,0.4324075126479261,0.0,0.0,0.910546875,1.5134262942677412,2.4239731692677413,545933,,,0.0001485652607701,Information
294730,5349.0,50.19329123,IRQ,Iraq,Dhi-Qar,4.136681523,0.0,0.43,0.79,,,,,,,,,,,,,,,,,,,,,,,,,,3.942024433526245,82.73363046,0.0,,,,,,,,,,,,,,,,,0.0,0.0,0.5625,1.1206676952932129,0.0,0.0,0.0196875,3.922336933526245,3.942024433526245,18378,,,0.0698289403068016,Information
294750,5351.0,340.643503,IRQ,Iraq,Dhi-Qar,4.094146384,0.0,0.43,0.79,,,,,,,,,,,,,,,,,,,,,,,,,,0.1494094391764736,81.88292768,0.0,,,,,,,,,,,,,,,,,0.0,0.0,0.140625,0.0412821611932782,0.0,0.0,0.004921875,0.1444875641764736,0.1494094391764736,785110,,,8.016107432753776e-07,Information
294760,5352.0,13245.24794,IRQ,Iraq,Al-Muthannia,4.025243181,0.0,0.43,0.79,,,,,,,,,,,,,,,,,,,,,,,,,,0.596010294468952,80.50486362,0.0,,,,,,,,,,,,,,,,,0.0,0.0,9.703125,0.0732574055625577,0.0,0.0,0.339609375,0.256400919468952,0.596010294468952,8584,,,0.0002436314921536,Information
294770,5353.0,4200.967105,IRQ,Iraq,Dhi-Qar,4.089965041,0.0,0.43,0.79,,,,,,,,,,,,,,,,,,,,,,,,,,0.1497413450357279,81.79930082,0.0,,,,,,,,,,,,,,,,,0.0,0.0,1.265625,0.0301269914387794,0.0,0.0,0.044296875,0.1054444700357279,0.1497413450357279,722589,,,7.92117479254052e-07,Information
294780,5354.0,19625.07269,IRQ,Iraq,An-Najaf,4.084542379,0.0,0.43,0.79,,,,,,,,,,,,,,,,,,,,,,,,,,0.2823334447903098,81.69084758,0.0,,,,,,,,,,,,,,,,,0.0,0.0,5.34375,0.0272291985115171,0.0,0.0,0.18703125,0.0953021947903098,0.2823334447903098,111101,,,1.5092406066133023e-05,Information
294790,5355.0,20937.2161,IRQ,Iraq,An-Najaf,4.01971817,0.0,0.43,0.79,,,,,,,,,,,,,,,,,,,,,,,,,,6.0144841502330655,80.3943634,0.0,,,,,,,,,,,,,,,,,0.0,0.0,116.296875,0.5554552929237331,0.0,0.0,4.070390625,1.9440935252330656,6.0144841502330655,6055580,,,0.1186729931113589,Information
294801,5356.0,935.3987721,IRQ,Iraq,Al-Anbar,3.865707893,0.0,0.43,0.79,,,,,,,,,,,,,,,,,,,,,,,,,,3.797627333755456,77.31415786000001,0.0,,,,,,,,,,,,,,,,,0.0,0.0,9.28125,0.9922238810729874,0.0,0.0,0.32484375,3.472783583755456,3.797627333755456,947572,,,0.0369392936840645,Information
294802,5357.0,23826.73433,IRQ,Iraq,Al-Anbar,4.018652943,0.0,0.43,0.79,,,,,,,,,,,,,,,,,,,,,,,,,,0.7197196409496096,80.37305886,0.0,,,,,,,,,,,,,,,,,0.0,0.0,14.484375,0.0607904331284599,0.0,0.0,0.506953125,0.2127665159496096,0.7197196409496096,181511,,,0.0004735338789567,Information
294803,5358.0,8754.109643,IRQ,Iraq,Al-Anbar,2.250962321,0.0,0.43,0.79,,,,,,,,,,,,,,,,,,,,,,,,,,0.147619280572961,45.01924642,0.0,,,,,,,,,,,,,,,,,0.0,0.0,1.96875,0.0224894373065603,0.0,0.0,0.06890625,0.078713030572961,0.147619280572961,17942,,,1.6087106624894623e-09,Information
294806,5361.0,5582.894462,IRQ,Iraq,Al-Anbar,1.942146492,0.0,0.43,0.79,,,,,,,,,,,,,,,,,,,,,,,,,,0.1236407983031266,38.84292984,0.0,,,,,,,,,,,,,,,,,0.0,0.0,1.265625,0.0226696923723219,0.0,0.0,0.044296875,0.0793439233031266,0.1236407983031266,959,,,2.75543756975212e-10,Information
294809,5364.0,9341.054061,SAU,Saudi Arabia,Al Hudud ash Shamaliyah,0.73506851,0.0,0.62,0.53,,,,,,,,,,,,,,,,,,,,,,,,,,0.2343919375898625,14.7013702,0.0,,,,,,,,,,,,,,,,,0.0,0.0,3.234375,0.034625375025675,0.0,0.0,0.113203125,0.1211888125898624,0.2343919375898625,8445,,,1.8517576294693874e-09,Information
294900,5365.0,22237.16101,SYR,Syria,Hims,4.039255371,0.0,0.39,0.85,,,,,,,,,,,,,,,,,,,,,,,,,,0.428113849905736,80.78510742,0.0,,,,,,,,,,,,,,,,,0.0,0.0,8.4375,0.0379432428302103,0.0,0.0,0.2953125,0.132801349905736,0.428113849905736,126819,,,7.117421153358703e-05,Information
294921,5368.0,667.2921702,IRQ,Iraq,Al-Anbar,3.216018423,0.0,0.43,0.79,,,,,,,,,,,,,,,,,,,,,,,,,,17.073732581228235,64.32036846,0.0,,,,,,,,,,,,,,,,,0.0,0.0,30.515625,4.573053058922353,0.0,0.0,1.068046875,16.005685706228235,17.073732581228235,99743,,,0.2305493757980475,Information
294925,5372.0,1818.518009,IRQ,Iraq,Sala ad-Din,0.887040434,0.0,0.43,0.79,,,,,,,,,,,,,,,,,,,,,,,,,,0.4798077448296668,17.74080868,0.0,,,,,,,,,,,,,,,,,0.0,0.0,2.109375,0.1159941770941905,0.0,0.0,0.073828125,0.4059796198296668,0.4798077448296668,0,,,1.342994658771127e-07,Information
294928,5375.0,2088.204428,IRQ,Iraq,Ninawa,0.318750315,0.0,0.43,0.79,,,,,,,,,,,,,,,,,,,,,,,,,,1.025703562888997,6.3750063,0.0,,,,,,,,,,,,,,,,,0.0,0.0,5.0625,0.2424331608254277,0.0,0.0,0.1771875,0.848516062888997,1.025703562888997,16111,,,3.1820326518443823e-06,Information
294930,5377.0,12093.44964,IRQ,Iraq,Al-Anbar,4.002353039,0.0,0.43,0.79,,,,,,,,,,,,,,,,,,,,,,,,,,2.4097872638865683,80.04706078,0.0,,,,,,,,,,,,,,,,,0.0,0.0,37.6875,0.3116356468247337,0.0,0.0,1.3190625,1.090724763886568,2.4097872638865683,712636,,,0.0172645534814431,Information
294940,5378.0,17640.51115,IRQ,Iraq,Al-Anbar,4.015116322,0.0,0.43,0.79,,,,,,,,,,,,,,,,,,,,,,,,,,0.3624627180100356,80.30232644,0.0,,,,,,,,,,,,,,,,,0.0,0.0,6.609375,0.0374670265742959,0.0,0.0,0.231328125,0.1311345930100356,0.3624627180100356,19777,,,3.2301528968645986e-05,Information
294950,5379.0,13282.72349,IRQ,Iraq,Ninawa,1.215985028,0.0,0.43,0.79,,,,,,,,,,,,,,,,,,,,,,,,,,5.348954675043281,24.31970056,0.0,,,,,,,,,,,,,,,,,0.0,0.0,87.1875,0.65639776429808,0.0,0.0,3.0515625,2.29739217504328,5.348954675043281,163746,,,0.0040291564983611,Information
294951,5380.0,14541.59447,IRQ,Iraq,Al-Anbar,2.783851688,0.0,0.43,0.79,,,,,,,,,,,,,,,,,,,,,,,,,,2.8325377417250737,55.67703376,0.0,,,,,,,,,,,,,,,,,0.0,0.0,47.953125,0.3297652476357354,0.0,0.0,1.678359375,1.1541783667250738,2.8325377417250737,376214,,,0.0029767643599778,Information
294954,5383.0,14413.26561,IRQ,Iraq,Al-Anbar,4.039073037,0.0,0.43,0.79,,,,,,,,,,,,,,,,,,,,,,,,,,0.7252927205001325,80.78146074,0.0,,,,,,,,,,,,,,,,,0.0,0.0,12.234375,0.0848827415714664,0.0,0.0,0.428203125,0.2970895955001324,0.7252927205001325,14078,,,0.0005244790158309,Information
294955,5384.0,964.2767209,SYR,Syria,Dayr Az Zawr,4.026256421,0.0,0.39,0.85,,,,,,,,,,,,,,,,,,,,,,,,,,2.6303088323000203,80.52512842,0.0,,,,,,,,,,,,,,,,,0.0,0.0,6.609375,0.6854230592285773,0.0,0.0,0.231328125,2.39898070730002,2.6303088323000203,108260,,,0.0226410896181345,Information
294957,5386.0,507.308885,SYR,Syria,Dayr Az Zawr,4.019296676,0.0,0.39,0.85,,,,,,,,,,,,,,,,,,,,,,,,,,6.320352495263096,80.38593352,0.0,,,,,,,,,,,,,,,,,0.0,0.0,8.71875,1.718627498646599,0.0,0.0,0.30515625,6.0151962452630965,6.320352495263096,171559,,,0.128718023725513,Information
294959,5388.0,1117.151312,SYR,Syria,Dayr Az Zawr,3.520478205,0.0,0.39,0.85,,,,,,,,,,,,,,,,,,,,,,,,,,4.16323592313436,70.4095641,0.0,,,,,,,,,,,,,,,,,0.0,0.0,11.953125,1.0699647280383888,0.0,0.0,0.418359375,3.7448765481343607,4.16323592313436,148524,,,0.024930264662106,Information
294964,5392.0,12880.54742,SYR,Syria,Al ?asakah,1.786119077,0.0,0.39,0.85,,,,,,,,,,,,,,,,,,,,,,,,,,1.6874075146913663,35.72238154,0.0,,,,,,,,,,,,,,,,,0.0,0.0,27.140625,0.2107101827689618,0.0,0.0,0.949921875,0.7374856396913663,1.6874075146913663,1491887,,,0.0001363094094737,Information
294965,5393.0,1084.951518,SYR,Syria,Al ?asakah,4.069409519,0.0,0.39,0.85,,,,,,,,,,,,,,,,,,,,,,,,,,0.1005736106180148,81.38819038,0.0,,,,,,,,,,,,,,,,,0.0,0.0,0.28125,0.0259228173194328,0.0,0.0,0.00984375,0.0907298606180148,0.1005736106180148,176002,,,8.914248961244167e-08,Information
294966,5394.0,1938.988393,TUR,Turkey,Mardin,0.058198134,0.0,0.57,0.6,,,,,,,,,,,,,,,,,,,,,,,,,,2.091086466387457,1.16396268,0.0,,,,,,,,,,,,,,,,,0.0,0.0,9.703125,0.500422026110702,0.0,0.0,0.339609375,1.7514770913874569,2.091086466387457,276308,,,5.768095083665544e-05,Information
294968,5396.0,2970.556739,TUR,Turkey,Mardin,0.443311121,0.0,0.57,0.6,,,,,,,,,,,,,,,,,,,,,,,,,,2.0631109244485253,8.86622242,0.0,,,,,,,,,,,,,,,,,0.0,0.0,13.5,0.4544602641281501,0.0,0.0,0.4725,1.5906109244485254,2.0631109244485253,106740,,,7.58977500024229e-05,Information
294969,5397.0,3955.117716,TUR,Turkey,Sanliurfa,1.084245854,0.0,0.57,0.6,,,,,,,,,,,,,,,,,,,,,,,,,,2.22287294407044,21.68491708,0.0,,,,,,,,,,,,,,,,,0.0,0.0,18.0,0.4551065554486972,0.0,0.0,0.63,1.5928729440704403,2.22287294407044,292071,,,0.0001840624475676,Information
294972,5399.0,14189.18154,TUR,Turkey,Sanliurfa,1.345148367,0.0,0.57,0.6,,,,,,,,,,,,,,,,,,,,,,,,,,1.6613441202994104,26.90296734,0.0,,,,,,,,,,,,,,,,,0.0,0.0,27.84375,0.1962322486569744,0.0,0.0,0.97453125,0.6868128702994104,1.6613441202994104,1690927,,,7.711404894102027e-05,Information
294973,5400.0,3112.397339,SYR,Syria,Ar Raqqah,4.064020725,0.0,0.39,0.85,,,,,,,,,,,,,,,,,,,,,,,,,,6.137752283667524,81.28041449999999,0.0,,,,,,,,,,,,,,,,,0.0,0.0,41.625,1.3373935096192926,0.0,0.0,1.456875,4.680877283667524,6.137752283667524,417304,,,0.1324012725020069,Information
294976,5403.0,4004.390473,TUR,Turkey,Adiyaman,0.688161678,0.0,0.57,0.6,,,,,,,,,,,,,,,,,,,,,,,,,,2.065568574833861,13.763233560000002,0.0,,,,,,,,,,,,,,,,,0.0,0.0,16.875,0.4214124499525318,0.0,0.0,0.590625,1.4749435748338613,2.065568574833861,116912,,,9.509932759478845e-05,Information
294978,5405.0,9419.718095,TUR,Turkey,Malatya,0.416379673,0.0,0.57,0.6,,,,,,,,,,,,,,,,,,,,,,,,,,2.7092361169102714,8.32759346,0.0,,,,,,,,,,,,,,,,,0.0,0.0,37.546875,0.3985987119743632,0.0,0.0,1.314140625,1.3950954919102712,2.7092361169102714,590711,,,0.0002145120692983,Information
294994,5411.0,2272.463107,TUR,Turkey,Bingöl,0.605460054,0.0,0.57,0.6,,,,,,,,,,,,,,,,,,,,,,,,,,2.2593546092193777,12.10920108,0.0,,,,,,,,,,,,,,,,,0.0,0.0,11.953125,0.5259986383483937,0.0,0.0,0.418359375,1.8409952342193776,2.2593546092193777,172019,,,0.0001256085727588,Information
294995,5412.0,2430.788816,TUR,Turkey,Bingöl,2.030405404,0.0,0.57,0.6,,,,,,,,,,,,,,,,,,,,,,,,,,4.48024785945204,40.60810808,0.0,,,,,,,,,,,,,,,,,0.0,0.0,25.03125,1.029758316986297,0.0,0.0,0.87609375,3.6041541094520393,4.48024785945204,55558,,,0.0048763072678382,Information
295101,5417.0,436.5450377,IRQ,Iraq,Al-Basrah,0.079511838,4.125691968,0.43,0.79,,,,,,,,,,,,,,,,,,,,,,,,,,39.04578125,1.59023676,82.51383935999999,3.0,,,,,,,,,,,,,,,,0.0,0.0,115.59375,26.479226656602144,0.0,0.0,4.04578125,35.0,39.04578125,36135,4303.0,11.908122319081222,0.7891065696408428,Watch
295102,5418.0,16249.09606,EGY,Egypt,Ash Sharqiyah,2.771085374,0.0,0.55,0.63,,,,,,,,,,,,,,,,,,,,,,,,,,15.09873944476548,55.42170748,0.0,,,,,,,,,,,,,,,,,0.0,0.0,267.046875,1.6434568056472802,0.0,0.0,9.346640625,5.7520988197654805,15.09873944476548,909316,,,0.139485062767622,Information
295103,5419.0,11688.92497,KWT,Kuwait,Al Jahrah,0.280346609,1.829637098,0.67,0.46,,,,,,,,,,,,,,,,,,,,,,,,,,39.01443117310133,5.60693218,36.59274196,,,,,,,,,,,,,,,,,0.0,0.0,600.75,5.139480335171808,0.0,0.0,21.02625,17.988181173101328,39.01443117310133,610962,,,0.3136088302114469,Advisory
295105,5421.0,12364.99549,EGY,Egypt,Ash Sharqiyah,3.467266255,0.799726958,0.55,0.63,,,,,,,,,,,,,,,,,,,,,,,,,,40.3989357152928,69.3453251,15.99453916,3.0,,,,,,,,,,,,,,,,0.0,0.0,638.15625,5.160990561512229,0.0,0.0,22.33546875,18.0634669652928,40.3989357152928,3236961,336829.0,10.405716967241805,0.6087329811928063,Watch
295107,5423.0,18003.4226,EGY,Egypt,Ash Sharqiyah,0.865835589,1.065961788,0.55,0.63,,,,,,,,,,,,,,,,,,,,,,,,,,20.70875011794188,17.31671178,21.31923576,,,,,,,,,,,,,,,,,0.0,0.0,380.390625,2.112879497983395,0.0,0.0,13.313671875,7.395078242941882,20.70875011794188,6449082,,,0.0909639690059511,Information
295109,5424.0,15002.59813,QAT,Qatar,Al Wakrah,0.719282236,1.073189388,0.65,0.49,,,,,,,,,,,,,,,,,,,,,,,,,,23.565945563129382,14.385644719999998,21.46378776,,,,,,,,,,,,,,,,,0.0,0.0,404.015625,2.6929710537512515,0.0,0.0,14.140546875,9.42539868812938,23.565945563129382,6755852,,,0.1143417308232868,Information
295200,5425.0,17592.37188,EGY,Egypt,Ash Sharqiyah,3.708198351,0.0,0.55,0.63,,,,,,,,,,,,,,,,,,,,,,,,,,0.4631764480731692,74.16396702,0.0,,,,,,,,,,,,,,,,,0.0,0.0,8.4375,0.0479611280209055,0.0,0.0,0.2953125,0.1678639480731692,0.4631764480731692,7,,,2.8924503565390947e-05,Information
295301,5427.0,663.2923719,ARE,United Arab Emirates,Abu Dhabi,2.900989713,0.0,0.77,0.32,,,,,,,,,,,,,,,,,,,,,,,,,,4.272781198222614,58.01979426,0.0,,,,,,,,,,,,,,,,,0.0,0.0,7.59375,1.144857128063604,0.0,0.0,0.26578125,4.006999948222614,4.272781198222614,1652,,,0.0111583705536472,Information
295303,5429.0,6045.734689,ARE,United Arab Emirates,Abu Dhabi,0.470187192,0.080970931,0.77,0.32,,,,,,,,,,,,,,,,,,,,,,,,,,6.77966851462913,9.40374384,1.6194186199999998,,,,,,,,,,,,,,,,,0.0,0.0,72.984375,1.2072043970368942,0.0,0.0,2.554453125,4.225215389629129,6.77966851462913,152776,,,0.0047642712483344,Information
295304,5430.0,2666.644339,ARE,United Arab Emirates,Abu Dhabi,0.564887954,0.0,0.77,0.32,,,,,,,,,,,,,,,,,,,,,,,,,,0.374064972659715,11.29775908,0.0,,,,,,,,,,,,,,,,,0.0,0.0,2.25,0.0843757064742043,0.0,0.0,0.07875,0.295314972659715,0.374064972659715,4711,,,2.2678808352279903e-08,Information
295305,5431.0,16258.5301,ARE,United Arab Emirates,Abu Dhabi,2.449086146,0.10893363,0.77,0.32,,,,,,,,,,,,,,,,,,,,,,,,,,24.054073607329755,48.98172292,2.1786726,,,,,,,,,,,,,,,,,0.0,0.0,425.53125,2.6172799592370724,0.0,0.0,14.89359375,9.160479857329753,24.054073607329755,194880,,,0.2260617396759255,Information
295306,5432.0,5091.986775,ARE,United Arab Emirates,Abu Dhabi,0.030247713,0.0,0.77,0.32,,,,,,,,,,,,,,,,,,,,,,,,,,1.4879553542181203,0.60495426,0.0,,,,,,,,,,,,,,,,,0.0,0.0,14.34375,0.2816926012051773,0.0,0.0,0.50203125,0.9859241042181206,1.4879553542181203,775550,,,1.3245941426335323e-05,Information
295309,5435.0,6978.554649,OMN,Oman,Ash Sharqiyah North,3.236297477,3.335182844,0.61,0.54,,,,,,,,,,,,,,,,,,,,,,,,,,16.36945903516051,64.72594954,66.70365688000001,,,,,,,,,,,,,,,,,0.0,0.0,192.234375,2.754644545760145,0.0,0.0,6.728203125,9.641255910160508,16.36945903516051,21288,,,0.2388426950638008,Information
295400,5436.0,23517.77546,OMN,Oman,Ash Sharqiyah North,0.015358795,0.0,0.61,0.54,,,,,,,,,,,,,,,,,,,,,,,,,,2.588426835213074,0.3071759,0.0,,,,,,,,,,,,,,,,,0.0,0.0,51.890625,0.2206442743465926,0.0,0.0,1.816171875,0.772254960213074,2.588426835213074,297755,,,0.0001305885443184,Information
295500,5437.0,3651.478731,OMN,Oman,Al Wusta,0.991882863,0.0,0.61,0.54,,,,,,,,,,,,,,,,,,,,,,,,,,12.880702251247785,19.83765726,0.0,,,,,,,,,,,,,,,,,0.0,0.0,98.4375,2.6958256432136523,0.0,0.0,3.4453125,9.435389751247785,12.880702251247785,17062,,,0.0337504984089513,Information
295600,5438.0,17202.73856,OMN,Oman,Al Wusta,0.866314949,0.0,0.61,0.54,,,,,,,,,,,,,,,,,,,,,,,,,,1.1596632291612168,17.326298979999997,0.0,,,,,,,,,,,,,,,,,0.0,0.0,20.953125,0.1218011011889191,0.0,0.0,0.733359375,0.4263038541612168,1.1596632291612168,7277,,,9.916087225611958e-06,Information
295701,5440.0,7942.656152,OMN,Oman,Al Wusta,1.065514578,0.0,0.61,0.54,,,,,,,,,,,,,,,,,,,,,,,,,,11.663450236439628,21.31029156,0.0,,,,,,,,,,,,,,,,,0.0,0.0,147.515625,1.8572581032684647,0.0,0.0,5.163046875,6.500403361439628,11.663450236439628,43189,,,0.0281276702554244,Information
295707,5446.0,10421.9205,OMN,Oman,Dhofar,1.19876291,2.070069241,0.61,0.54,,,,,,,,,,,,,,,,,,,,,,,,,,33.83288166843398,23.9752582,41.40138482,,,,,,,,,,,,,,,,,0.0,0.0,493.3125,4.733412619552565,0.0,0.0,17.2659375,16.566944168433977,33.83288166843398,254173,,,0.291407374149156,Information
295709,5448.0,178.6909872,YEM,Yemen,Al Mahrah,4.282203728,0.0,0.31,0.96,,,,,,,,,,,,,,,,,,,,,,,,,,24.111171533828227,85.64407455999999,0.0,3.0,,,,,,,,,,,,,,,,0.0,0.0,12.09375,6.767968652522351,0.0,0.0,0.42328125,23.687890283828228,24.111171533828227,65,0.0,0.0,0.6979496303979281,Watch
295900,5450.0,9369.435189,YEM,Yemen,Al Mahrah,4.010455831,0.374788735,0.31,0.96,,,,,,,,,,,,,,,,,,,,,,,,,,6.013420948598903,80.20911662,7.4957747,,,,,,,,,,,,,,,,,0.0,0.0,83.109375,0.8870265210282582,0.0,0.0,2.908828125,3.1045928235989035,6.013420948598903,70449,,,0.1167821235902582,Information
296002,5452.0,33717.5506,YEM,Yemen,Ma'rib,1.559425548,0.0,0.31,0.96,,,,,,,,,,,,,,,,,,,,,,,,,,1.1805981862253518,31.18851096,0.0,,,,,,,,,,,,,,,,,0.0,0.0,26.015625,0.0771575174929577,0.0,0.0,0.910546875,0.2700513112253519,1.1805981862253518,1638313,,,2.398027027981158e-05,Information
296003,5453.0,21545.01574,YEM,Yemen,Sanaa,1.666817002,0.0,0.31,0.96,,,,,,,,,,,,,,,,,,,,,,,,,,1.779965012545308,33.33634004,0.0,,,,,,,,,,,,,,,,,0.0,0.0,34.734375,0.1612176821558023,0.0,0.0,1.215703125,0.564261887545308,1.779965012545308,4492910,,,0.0001455655982627,Information
296100,5454.0,44.08401024,YEM,Yemen,Al Mahrah,4.170731007,0.0,0.31,0.96,,,,,,,,,,,,,,,,,,,,,,,,,,8.971184921194878,83.41462014,0.0,,,,,,,,,,,,,,,,,0.0,0.0,1.125,2.551945691769965,0.0,0.0,0.039375,8.931809921194878,8.971184921194878,0,,,0.2694412279559628,Information
296300,5464.0,13258.12925,YEM,Yemen,Hadramawt,4.069337261,0.910466837,0.31,0.96,,,,,,,,,,,,,,,,,,,,,,,,,,12.05337113834586,81.38674522000001,18.20933674,,,,,,,,,,,,,,,,,0.0,0.0,196.3125,1.4806953252416744,0.0,0.0,6.8709375,5.18243363834586,12.05337113834586,641376,,,0.3319519647522348,Information
296400,5465.0,9240.176212,YEM,Yemen,Hadramawt,4.005335484,0.0,0.31,0.96,,,,,,,,,,,,,,,,,,,,,,,,,,1.496277782759993,80.10670968,0.0,,,,,,,,,,,,,,,,,0.0,0.0,20.53125,0.2221954379314265,0.0,0.0,0.71859375,0.7776840327599928,1.496277782759993,78108,,,0.0048351355282538,Information
296501,5466.0,3433.292495,YEM,Yemen,Shabwah,4.141425251,3.810319461,0.31,0.96,,,,,,,,,,,,,,,,,,,,,,,,,,18.37175399849746,82.82850502000001,76.20638922,,,,,,,,,,,,,,,,,0.0,0.0,134.15625,3.9075100709992734,0.0,0.0,4.69546875,13.67628524849746,18.37175399849746,22902,,,0.5269334982239702,Advisory
296503,5468.0,4700.534879,YEM,Yemen,Shabwah,4.161851304,0.0,0.31,0.96,,,,,,,,,,,,,,,,,,,,,,,,,,0.754245134115332,83.23702607999999,0.0,,,,,,,,,,,,,,,,,0.0,0.0,6.890625,0.1465923597472377,0.0,0.0,0.241171875,0.513073259115332,0.754245134115332,28775,,,0.0009636565531705,Information
296505,5470.0,6358.052791,YEM,Yemen,Abyan,4.019585664,0.025879614,0.31,0.96,,,,,,,,,,,,,,,,,,,,,,,,,,4.4194017432667,80.39171328,0.51759228,,,,,,,,,,,,,,,,,0.0,0.0,49.078125,0.7719049623619143,0.0,0.0,1.717734375,2.7016673682667003,4.4194017432667,314471,,,0.0681189632681229,Information
296506,5471.0,7815.468858,YEM,Yemen,Al Dali',2.882440375,0.0,0.31,0.96,,,,,,,,,,,,,,,,,,,,,,,,,,0.1009753364017972,57.6488075,0.0,,,,,,,,,,,,,,,,,0.0,0.0,1.265625,0.0161938461147992,0.0,0.0,0.044296875,0.0566784614017972,0.1009753364017972,1503038,,,7.759593070956233e-10,Information
296507,5472.0,2502.616039,YEM,Yemen,Lahij,4.062130937,1.91760878,0.31,0.96,,,,,,,,,,,,,,,,,,,,,,,,,,3.7620856694913183,81.24261874,38.3521756,,,,,,,,,,,,,,,,,0.0,0.0,21.515625,0.8597253698546624,0.0,0.0,0.753046875,3.0090387944913184,3.7620856694913183,193528,,,0.0540695523814054,Information
296508,5473.0,6052.278873,YEM,Yemen,Al Dali',2.302598123,0.0,0.31,0.96,,,,,,,,,,,,,,,,,,,,,,,,,,8.75932953089757,46.05196246,0.0,,,,,,,,,,,,,,,,,0.0,0.0,94.359375,1.5590718302564488,0.0,0.0,3.302578125,5.45675140589757,8.75932953089757,2516047,,,0.0345395600346997,Information
296509,5474.0,43910.99708,YEM,Yemen,Dhamar,4.05052944,2.492871763,0.31,0.96,,,,,,,,,,,,,,,,,,,,,,,,,,26.551844615554245,81.0105888,49.85743526,3.0,,,,,,,,,,,,,,,,0.0,0.0,617.90625,1.407178818729785,0.0,0.0,21.62671875,4.925125865554247,26.551844615554245,11845245,222643.0,1.8795981003347757,0.6312695659028202,Watch
296600,5475.0,8778.145895,YEM,Yemen,Hajjah,2.020600117,0.0,0.31,0.96,,,,,,,,,,,,,,,,,,,,,,,,,,0.4948554435961556,40.41200234,0.0,,,,,,,,,,,,,,,,,0.0,0.0,6.609375,0.0752935195989016,0.0,0.0,0.231328125,0.2635273185961556,0.4948554435961556,2369519,,,8.299932552112059e-07,Information
296710,5476.0,15076.2315,SAU,Saudi Arabia,Jizan,4.039515646,0.065447822,0.62,0.53,,,,,,,,,,,,,,,,,,,,,,,,,,10.920835926281269,80.79031291999999,1.30895644,,,,,,,,,,,,,,,,,0.0,0.0,187.59375,1.244301336080362,0.0,0.0,6.56578125,4.355054676281267,10.920835926281269,2876532,,,0.2861245734180443,Information
296720,5477.0,6273.02106,SAU,Saudi Arabia,Jizan,1.346057916,0.0,0.62,0.53,,,,,,,,,,,,,,,,,,,,,,,,,,0.3064313979269413,26.92115832,0.0,,,,,,,,,,,,,,,,,0.0,0.0,3.375,0.0538018279791261,0.0,0.0,0.118125,0.1883063979269413,0.3064313979269413,196742,,,2.1962188616762913e-08,Information
296731,5478.0,10188.71515,SAU,Saudi Arabia,Jizan,3.408826856,0.598867403,0.62,0.53,,,,,,,,,,,,,,,,,,,,,,,,,,3.354889976619313,68.17653712,11.97734806,,,,,,,,,,,,,,,,,0.0,0.0,48.375,0.4747899933198037,0.0,0.0,1.693125,1.661764976619313,3.354889976619313,328299,,,0.0122313025191528,Information
296732,5479.0,5181.004348,SAU,Saudi Arabia,`Asir,0.804289704,0.0,0.62,0.53,,,,,,,,,,,,,,,,,,,,,,,,,,1.557546004960073,16.08579408,0.0,,,,,,,,,,,,,,,,,0.0,0.0,15.1875,0.2931381442743065,0.0,0.0,0.5315625,1.0259835049600727,1.557546004960073,412195,,,3.350166802478789e-05,Information
296733,5480.0,954.2047615,SAU,Saudi Arabia,Makkah,4.001811616,0.0,0.62,0.53,,,,,,,,,,,,,,,,,,,,,,,,,,4.350714451292061,80.03623232000001,0.0,,,,,,,,,,,,,,,,,0.0,0.0,10.828125,1.1347800217977315,0.0,0.0,0.378984375,3.97173007629206,4.350714451292061,46577,,,0.0638069635090635,Information
296735,5482.0,14765.3585,SAU,Saudi Arabia,Al Bahah,0.988935481,0.0,0.62,0.53,,,,,,,,,,,,,,,,,,,,,,,,,,3.5002338428780835,19.77870962,0.0,,,,,,,,,,,,,,,,,0.0,0.0,59.625,0.403816812250881,0.0,0.0,2.086875,1.4133588428780834,3.5002338428780835,520293,,,0.0008682201181706,Information
296737,5484.0,7687.099519,SAU,Saudi Arabia,Makkah,2.695753635,1.378163376,0.62,0.53,,,,,,,,,,,,,,,,,,,,,,,,,,16.284843216792662,53.9150727,27.56326752,,,,,,,,,,,,,,,,,0.0,0.0,202.21875,2.6306248476550462,0.0,0.0,7.07765625,9.207186966792662,16.284843216792662,44260,,,0.1491116215031561,Information
296739,5486.0,1056.347871,SAU,Saudi Arabia,Makkah,3.329756525,0.0,0.62,0.53,,,,,,,,,,,,,,,,,,,,,,,,,,2.52424435084818,66.5951305,0.0,,,,,,,,,,,,,,,,,0.0,0.0,6.890625,0.6523064216709087,0.0,0.0,0.241171875,2.28307247584818,2.52424435084818,299172,,,0.004900674914182,Information
296750,5488.0,5066.205074,SAU,Saudi Arabia,Makkah,0.495229035,0.306025503,0.62,0.53,,,,,,,,,,,,,,,,,,,,,,,,,,5.137582456940828,9.9045807,6.120510059999999,,,,,,,,,,,,,,,,,0.0,0.0,49.359375,0.9742869519830936,0.0,0.0,1.727578125,3.4100043319408275,5.137582456940828,3848723,,,0.0020897477136299,Information
296760,5489.0,5231.596922,SAU,Saudi Arabia,Makkah,1.666112449,0.0,0.62,0.53,,,,,,,,,,,,,,,,,,,,,,,,,,0.3295866245105189,33.322248980000005,0.0,,,,,,,,,,,,,,,,,0.0,0.0,3.234375,0.0618238570030054,0.0,0.0,0.113203125,0.2163834995105188,0.3295866245105189,108888,,,5.4876595280750356e-08,Information
296770,5490.0,23531.9642,SAU,Saudi Arabia,Al Madinah,2.659379934,4.022427662,0.62,0.53,,,,,,,,,,,,,,,,,,,,,,,,,,12.932792552190143,53.18759868,80.44855324,,,,,,,,,,,,,,,,,0.0,0.0,259.3125,1.1019585863400414,0.0,0.0,9.0759375,3.856855052190145,12.932792552190143,350673,,,0.3396995895281492,Information
296780,5491.0,6468.860358,SAU,Saudi Arabia,Al Madinah,3.122484501,0.0,0.62,0.53,,,,,,,,,,,,,,,,,,,,,,,,,,0.4260349888723845,62.449690020000006,0.0,,,,,,,,,,,,,,,,,0.0,0.0,4.78125,0.073911782534967,0.0,0.0,0.16734375,0.2586912388723845,0.4260349888723845,112260,,,3.75116225038792e-06,Information
296790,5492.0,12174.66043,SAU,Saudi Arabia,Tabuk,1.733071857,2.403497332,0.62,0.53,,,,,,,,,,,,,,,,,,,,,,,,,,22.429418087496018,34.661437140000004,48.069946640000005,,,,,,,,,,,,,,,,,0.0,0.0,351.84375,2.8899676678560056,0.0,0.0,12.31453125,10.11488683749602,22.429418087496018,265224,,,0.2005875848703212,Information
296810,5493.0,9418.658082,SAU,Saudi Arabia,Tabuk,1.204996661,0.0,0.62,0.53,,,,,,,,,,,,,,,,,,,,,,,,,,11.06081838190424,24.09993322,0.0,,,,,,,,,,,,,,,,,0.0,0.0,153.28125,1.6274213234012112,0.0,0.0,5.36484375,5.695974631904239,11.06081838190424,16941,,,0.027051651501093,Information
296820,5494.0,20848.12089,SAU,Saudi Arabia,Al Madinah,4.002084176,0.0,0.62,0.53,,,,,,,,,,,,,,,,,,,,,,,,,,13.283643487949584,80.04168352,0.0,,,,,,,,,,,,,,,,,0.0,0.0,256.5,1.2303267108427387,0.0,0.0,8.9775,4.306143487949585,13.283643487949584,69082,,,0.3419626972294998,Information
296850,5497.0,11504.81268,SAU,Saudi Arabia,Al Madinah,1.193431018,0.0,0.62,0.53,,,,,,,,,,,,,,,,,,,,,,,,,,5.179586456257103,23.86862036,0.0,,,,,,,,,,,,,,,,,0.0,0.0,79.171875,0.6881630946448866,0.0,0.0,2.771015625,2.408570831257103,5.179586456257103,172314,,,0.003596919803206,Information
296860,5498.0,5142.547987,SAU,Saudi Arabia,Al Madinah,2.966989198,0.0,0.62,0.53,,,,,,,,,,,,,,,,,,,,,,,,,,37.69567614975013,59.33978396,0.0,,,,,,,,,,,,,,,,,0.0,0.0,365.765625,7.1125369356428925,0.0,0.0,12.801796875,24.893879274750123,37.69567614975013,548274,,,0.4698270085369758,Advisory
296880,5500.0,16172.56241,SAU,Saudi Arabia,Al Madinah,1.782426155,0.0,0.62,0.53,,,,,,,,,,,,,,,,,,,,,,,,,,10.904391516346866,35.6485231,0.0,,,,,,,,,,,,,,,,,0.0,0.0,192.515625,1.1903841832419615,0.0,0.0,6.738046875,4.166344641346865,10.904391516346866,64512,,,0.0379329065006182,Information
296890,5501.0,18811.15284,SAU,Saudi Arabia,Al Madinah,0.041096449,0.0,0.62,0.53,,,,,,,,,,,,,,,,,,,,,,,,,,13.847933216060108,0.82192898,0.0,,,,,,,,,,,,,,,,,0.0,0.0,258.328125,1.3732710974457452,0.0,0.0,9.041484375,4.806448841060108,13.847933216060108,26312,,,0.0244891261778693,Information
296903,5504.0,2803.327065,SAU,Saudi Arabia,Tabuk,2.402744184,0.0,0.62,0.53,,,,,,,,,,,,,,,,,,,,,,,,,,0.3596662048691411,48.05488368,0.0,,,,,,,,,,,,,,,,,0.0,0.0,2.25,0.0802617728197546,0.0,0.0,0.07875,0.2809162048691411,0.3596662048691411,3775,,,3.300205591053964e-07,Information
296904,5505.0,3896.065655,SAU,Saudi Arabia,Tabuk,2.942304357,0.0,0.62,0.53,,,,,,,,,,,,,,,,,,,,,,,,,,0.1228836804709629,58.84608714,0.0,,,,,,,,,,,,,,,,,0.0,0.0,0.984375,0.0252658729917037,0.0,0.0,0.034453125,0.0884305554709629,0.1228836804709629,7416,,,3.0528604711206047e-09,Information
296905,5506.0,7007.79631,SAU,Saudi Arabia,Tabuk,0.288969882,0.0,0.62,0.53,,,,,,,,,,,,,,,,,,,,,,,,,,0.7406087610029385,5.77939764,0.0,,,,,,,,,,,,,,,,,0.0,0.0,8.71875,0.1244150031436967,0.0,0.0,0.30515625,0.4354525110029384,0.7406087610029385,52385,,,6.301262469808708e-07,Information
296906,5507.0,5073.859418,SAU,Saudi Arabia,Tabuk,4.001874456,0.0,0.62,0.53,,,,,,,,,,,,,,,,,,,,,,,,,,3.714072072394585,80.03748912,0.0,,,,,,,,,,,,,,,,,0.0,0.0,35.71875,0.7039759492555957,0.0,0.0,1.25015625,2.463915822394585,3.714072072394585,29256,,,0.0463108765044615,Information
296907,5508.0,4482.36436,SAU,Saudi Arabia,Tabuk,3.302139872,0.0,0.62,0.53,,,,,,,,,,,,,,,,,,,,,,,,,,4.643503150959155,66.04279744,0.0,,,,,,,,,,,,,,,,,0.0,0.0,41.0625,0.91609018598833,0.0,0.0,1.4371875,3.206315650959155,4.643503150959155,151654,,,0.0233157490221416,Information
296908,5509.0,6476.447648,JOR,Jordan,Aqaba,2.471827928,0.0,0.5,0.69,,,,,,,,,,,,,,,,,,,,,,,,,,0.1252152725882173,49.43655856,0.0,,,,,,,,,,,,,,,,,0.0,0.0,1.40625,0.0217132921680621,0.0,0.0,0.04921875,0.0759965225882173,0.1252152725882173,68589,,,9.808340534245071e-10,Information
296909,5510.0,23706.8423,EGY,Egypt,Janub Sina',4.137546746,0.0,0.55,0.63,,,,,,,,,,,,,,,,,,,,,,,,,,6.984020082392579,82.75093491999999,0.0,,,,,,,,,,,,,,,,,0.0,0.0,140.34375,0.5919968092550227,0.0,0.0,4.91203125,2.0719888323925795,6.984020082392579,483905,,,0.1829623747290275,Information
297150,5523.0,19689.89898,OMN,Oman,Al Wusta,0.048081903,0.0,0.61,0.54,,,,,,,,,,,,,,,,,,,,,,,,,,1.328461102415729,0.96163806,0.0,,,,,,,,,,,,,,,,,0.0,0.0,25.171875,0.1278415649759225,0.0,0.0,0.881015625,0.4474454774157287,1.328461102415729,23439,,,8.108049861618672e-06,Information
297202,5525.0,12644.52463,OMN,Oman,Al Dhahira,1.85995088,0.0,0.61,0.54,,,,,,,,,,,,,,,,,,,,,,,,,,0.5729340557264446,37.1990176,0.0,,,,,,,,,,,,,,,,,0.0,0.0,9.140625,0.0722891944932699,0.0,0.0,0.319921875,0.2530121807264446,0.5729340557264446,69402,,,1.320340598763295e-06,Information
297204,5527.0,4854.398757,OMN,Oman,Al Dhahira,0.497113155,0.0,0.61,0.54,,,,,,,,,,,,,,,,,,,,,,,,,,0.3614610049807571,9.9422631,0.0,,,,,,,,,,,,,,,,,0.0,0.0,3.375,0.0695245728516449,0.0,0.0,0.118125,0.2433360049807571,0.3614610049807571,3181,,,1.7138891127930612e-08,Information
297794,5626.0,18766.43987,SAU,Saudi Arabia,Makkah,1.145355448,0.0,0.62,0.53,,,,,,,,,,,,,,,,,,,,,,,,,,0.5658431575895242,22.90710896,0.0,,,,,,,,,,,,,,,,,0.0,0.0,10.546875,0.0562007235970069,0.0,0.0,0.369140625,0.1967025325895241,0.5658431575895242,279590,,,4.451615357457971e-07,Information
297795,5627.0,9412.519571,SAU,Saudi Arabia,`Asir,0.445438592,0.0,0.62,0.53,,,,,,,,,,,,,,,,,,,,,,,,,,0.3045284337881814,8.90877184,0.0,,,,,,,,,,,,,,,,,0.0,0.0,4.21875,0.0448206239394804,0.0,0.0,0.14765625,0.1568721837881814,0.3045284337881814,237792,,,5.9604935764592755e-09,Information
297799,5631.0,7306.468246,SAU,Saudi Arabia,`Asir,0.410404746,0.0,0.62,0.53,,,,,,,,,,,,,,,,,,,,,,,,,,1.1891364738684715,8.20809492,0.0,,,,,,,,,,,,,,,,,0.0,0.0,14.34375,0.1963157782481347,0.0,0.0,0.50203125,0.6871052238684715,1.1891364738684715,1001325,,,6.922762195984846e-06,Information
297816,5637.0,2505.841703,SAU,Saudi Arabia,Ar Riyad,0.466631443,0.0,0.62,0.53,,,,,,,,,,,,,,,,,,,,,,,,,,0.12281739415342,9.33262886,0.0,,,,,,,,,,,,,,,,,0.0,0.0,0.703125,0.0280594340438343,0.0,0.0,0.024609375,0.09820801915342,0.12281739415342,2853299,,,1.997617770812472e-11,Information
297839,5650.0,12147.94064,SAU,Saudi Arabia,Ar Riyad,0.03987821,0.0,0.62,0.53,,,,,,,,,,,,,,,,,,,,,,,,,,0.556356234425752,0.7975642,0.0,,,,,,,,,,,,,,,,,0.0,0.0,8.71875,0.0717714241216434,0.0,0.0,0.30515625,0.2511999844257519,0.556356234425752,29047,,,1.0887482936390846e-07,Information
297850,5652.0,29868.23686,SAU,Saudi Arabia,Makkah,1.075144008,0.0,0.62,0.53,,,,,,,,,,,,,,,,,,,,,,,,,,4.132364940957453,21.502880160000004,0.0,,,,,,,,,,,,,,,,,0.0,0.0,88.453125,0.2961444474164151,0.0,0.0,3.095859375,1.036505565957453,4.132364940957453,286749,,,0.0016188903089989,Information
297901,5657.0,5528.20248,SAU,Saudi Arabia,Ar Riyad,0.082768257,0.0,0.62,0.53,,,,,,,,,,,,,,,,,,,,,,,,,,1.1889573473219417,1.65536514,0.0,,,,,,,,,,,,,,,,,0.0,0.0,12.09375,0.2187645992348405,0.0,0.0,0.42328125,0.7656760973219418,1.1889573473219417,1633,,,5.041139965897735e-06,Information
297902,5658.0,5253.88764,SAU,Saudi Arabia,Makkah,4.029503617,0.0,0.62,0.53,,,,,,,,,,,,,,,,,,,,,,,,,,0.7144968961177299,80.59007233999999,0.0,,,,,,,,,,,,,,,,,0.0,0.0,7.03125,0.1338294703193514,0.0,0.0,0.24609375,0.4684031461177299,0.7144968961177299,15552,,,0.0004800565866382,Information
297904,5660.0,7030.914692,SAU,Saudi Arabia,Makkah,2.174368157,0.0,0.62,0.53,,,,,,,,,,,,,,,,,,,,,,,,,,3.791262409031747,43.48736314,0.0,,,,,,,,,,,,,,,,,0.0,0.0,44.71875,0.6360303311519276,0.0,0.0,1.56515625,2.2261061590317466,3.791262409031747,4426,,,0.00344862232373,Information
297905,5661.0,7448.468169,SAU,Saudi Arabia,Makkah,1.631938989,0.0,0.62,0.53,,,,,,,,,,,,,,,,,,,,,,,,,,0.1037679957626851,32.63877978,0.0,,,,,,,,,,,,,,,,,0.0,0.0,1.265625,0.0169917487893386,0.0,0.0,0.044296875,0.0594711207626851,0.1037679957626851,59938,,,4.719695789634847e-11,Information
297906,5662.0,11466.60986,SAU,Saudi Arabia,Makkah,0.001121937,0.0,0.62,0.53,,,,,,,,,,,,,,,,,,,,,,,,,,3.667263186948084,0.02243874,0.0,,,,,,,,,,,,,,,,,0.0,0.0,55.96875,0.4881019819851668,0.0,0.0,1.95890625,1.7083569369480838,3.667263186948084,803751,,,0.000474035325444,Information
298108,5673.0,5992.14416,EGY,Egypt,Ash Sharqiyah,4.014115042,0.0,0.55,0.63,,,,,,,,,,,,,,,,,,,,,,,,,,0.5911089518980548,80.28230084,0.0,,,,,,,,,,,,,,,,,0.0,0.0,6.328125,0.1056070219708728,0.0,0.0,0.221484375,0.3696245768980548,0.5911089518980548,15621,,,0.0002263634112475,Information
298109,5674.0,5137.130879,EGY,Egypt,Ash Sharqiyah,4.019778621,0.0,0.55,0.63,,,,,,,,,,,,,,,,,,,,,,,,,,1.2327427046582633,80.39557242000001,0.0,,,,,,,,,,,,,,,,,0.0,0.0,11.953125,0.2326809513309324,0.0,0.0,0.418359375,0.8143833296582633,1.2327427046582633,20236,,,0.0028329583869477,Information
298209,5683.0,9646.392494,EGY,Egypt,Ash Sharqiyah,4.011258699,0.0,0.55,0.63,,,,,,,,,,,,,,,,,,,,,,,,,,0.2004834203387435,80.22517398,0.0,,,,,,,,,,,,,,,,,0.0,0.0,2.8125,0.029155977239641,0.0,0.0,0.0984375,0.1020459203387435,0.2004834203387435,51009,,,2.201060152885223e-06,Information
298411,5685.0,2870.132445,SAU,Saudi Arabia,Al Quassim,2.257693602,0.0,0.62,0.53,,,,,,,,,,,,,,,,,,,,,,,,,,0.3751980557372379,45.15387204,0.0,,,,,,,,,,,,,,,,,0.0,0.0,2.390625,0.0832931944963537,0.0,0.0,0.083671875,0.2915261807372379,0.3751980557372379,34465,,,3.100770302258884e-07,Information
298412,5686.0,4524.894877,SAU,Saudi Arabia,Ar Riyad,2.333720328,0.0,0.62,0.53,,,,,,,,,,,,,,,,,,,,,,,,,,0.1421927956887924,46.67440656,0.0,,,,,,,,,,,,,,,,,0.0,0.0,1.265625,0.0279702630539407,0.0,0.0,0.044296875,0.0978959206887924,0.1421927956887924,7176,,,1.5427092657909384e-09,Information
298414,5688.0,6353.692791,SAU,Saudi Arabia,Al Quassim,0.055238965,0.0,0.62,0.53,,,,,,,,,,,,,,,,,,,,,,,,,,0.760101261017357,1.1047793,0.0,,,,,,,,,,,,,,,,,0.0,0.0,8.4375,0.132796788862102,0.0,0.0,0.2953125,0.464788761017357,0.760101261017357,49524,,,5.626281024684723e-07,Information
298416,5690.0,27260.5244,SAU,Saudi Arabia,Al Quassim,0.001132379,0.0,0.62,0.53,,,,,,,,,,,,,,,,,,,,,,,,,,0.3498232581204977,0.02264758,0.0,,,,,,,,,,,,,,,,,0.0,0.0,7.3125,0.0268245023201422,0.0,0.0,0.2559375,0.0938857581204977,0.3498232581204977,123518,,,7.780032148495547e-09,Information
298417,5691.0,6099.787054,SAU,Saudi Arabia,Al Quassim,0.197161769,0.0,0.62,0.53,,,,,,,,,,,,,,,,,,,,,,,,,,0.2078528675361005,3.94323538,0.0,,,,,,,,,,,,,,,,,0.0,0.0,2.25,0.036886533581743,0.0,0.0,0.07875,0.1291028675361005,0.2078528675361005,10359,,,4.2348761518960595e-10,Information
298418,5692.0,9525.258459,SAU,Saudi Arabia,Ha'il,0.082460235,0.0,0.62,0.53,,,,,,,,,,,,,,,,,,,,,,,,,,0.2421373829787237,1.6492047,0.0,,,,,,,,,,,,,,,,,0.0,0.0,3.375,0.0354321094224925,0.0,0.0,0.118125,0.1240123829787237,0.2421373829787237,48019,,,9.461580070353303e-10,Information
298440,5696.0,9097.941375,SAU,Saudi Arabia,Ar Riyad,0.637872741,0.0,0.62,0.53,,,,,,,,,,,,,,,,,,,,,,,,,,4.194691589087423,12.75745482,0.0,,,,,,,,,,,,,,,,,0.0,0.0,57.09375,0.6275458111678351,0.0,0.0,1.99828125,2.1964103390874232,4.194691589087423,228680,,,0.0012031877698764,Information
298450,5697.0,12726.75951,SAU,Saudi Arabia,Al Quassim,2.103312377,0.0,0.62,0.53,,,,,,,,,,,,,,,,,,,,,,,,,,1.775422126234341,42.06624754,0.0,,,,,,,,,,,,,,,,,0.0,0.0,28.40625,0.2232009646383831,0.0,0.0,0.99421875,0.7812033762343409,1.775422126234341,484342,,,0.0002458277396594,Information
298460,5698.0,16717.62101,SAU,Saudi Arabia,Ha'il,2.755674437,0.0,0.62,0.53,,,,,,,,,,,,,,,,,,,,,,,,,,2.9654816400277983,55.11348874,0.0,,,,,,,,,,,,,,,,,0.0,0.0,53.015625,0.317124218579371,0.0,0.0,1.855546875,1.1099347650277984,2.9654816400277983,65104,,,0.0032928565018412,Information
298502,5700.0,8950.638989,SAU,Saudi Arabia,Ha'il,0.290611936,0.0,0.62,0.53,,,,,,,,,,,,,,,,,,,,,,,,,,0.281361170126988,5.81223872,0.0,,,,,,,,,,,,,,,,,0.0,0.0,3.796875,0.042420155750568,0.0,0.0,0.132890625,0.1484705451269879,0.281361170126988,403583,,,3.0607106125452607e-09,Information
298505,5703.0,3101.711001,SAU,Saudi Arabia,Ha'il,0.697200805,0.0,0.62,0.53,,,,,,,,,,,,,,,,,,,,,,,,,,0.1247407972027696,13.9440161,0.0,,,,,,,,,,,,,,,,,0.0,0.0,0.84375,0.0272027277722199,0.0,0.0,0.02953125,0.0952095472027696,0.1247407972027696,21901,,,3.1484333379513966e-11,Information
299011,5734.0,21248.51321,SAU,Saudi Arabia,Tabuk,0.239334458,0.0,0.62,0.53,,,,,,,,,,,,,,,,,,,,,,,,,,8.700332671541766,4.78668916,0.0,,,,,,,,,,,,,,,,,0.0,0.0,169.03125,0.7954968347262188,0.0,0.0,5.91609375,2.7842389215417658,8.700332671541766,658876,,,0.0083611221608132,Information
299044,5744.0,10898.46816,JOR,Jordan,Ma`an,0.203145473,0.0,0.5,0.69,,,,,,,,,,,,,,,,,,,,,,,,,,0.1132558959435834,4.06290946,0.0,,,,,,,,,,,,,,,,,0.0,0.0,1.6875,0.0154838274124524,0.0,0.0,0.0590625,0.0541933959435834,0.1132558959435834,158762,,,7.821917308556106e-12,Information
299046,5746.0,11099.68598,JOR,Jordan,Zarqa,0.232413782,0.0,0.5,0.69,,,,,,,,,,,,,,,,,,,,,,,,,,0.1777663192341078,4.6482756400000005,0.0,,,,,,,,,,,,,,,,,0.0,0.0,2.671875,0.0240716269240308,0.0,0.0,0.093515625,0.0842506942341077,0.1777663192341078,72235,,,1.6407693806160662e-10,Information
299047,5747.0,842.7404009,JOR,Jordan,Mafraq,0.095471071,0.0,0.5,0.69,,,,,,,,,,,,,,,,,,,,,,,,,,1.3931520107775976,1.90942142,0.0,,,,,,,,,,,,,,,,,0.0,0.0,3.09375,0.3671059316507422,0.0,0.0,0.10828125,1.2848707607775975,1.3931520107775976,22662,,,1.0484145209415144e-05,Information
299048,5748.0,6959.396038,SAU,Saudi Arabia,Al Hudud ash Shamaliyah,0.159932171,0.0,0.62,0.53,,,,,,,,,,,,,,,,,,,,,,,,,,1.5112626716103017,3.19864342,0.0,,,,,,,,,,,,,,,,,0.0,0.0,17.71875,0.2546018347458004,0.0,0.0,0.62015625,0.8911064216103014,1.5112626716103017,46926,,,1.5932212564645765e-05,Information
299049,5749.0,5982.74537,SAU,Saudi Arabia,Al Hudud ash Shamaliyah,0.113524134,0.0,0.62,0.53,,,,,,,,,,,,,,,,,,,,,,,,,,0.644284259197817,2.27048268,0.0,,,,,,,,,,,,,,,,,0.0,0.0,6.890625,0.115174966913662,0.0,0.0,0.241171875,0.403112384197817,0.644284259197817,5509,,,2.559221811944132e-07,Information
299051,5750.0,25855.44029,JOR,Jordan,Mafraq,2.729895502,0.0,0.5,0.69,,,,,,,,,,,,,,,,,,,,,,,,,,1.7541503936134086,54.59791004,0.0,,,,,,,,,,,,,,,,,0.0,0.0,36.140625,0.1397795767466882,0.0,0.0,1.264921875,0.4892285186134087,1.7541503936134086,35401,,,0.0005698161871586,Information
299053,5752.0,1604.648944,SYR,Syria,As Suwayda',0.001095103,0.0,0.39,0.85,,,,,,,,,,,,,,,,,,,,,,,,,,1.5661567574215784,0.02190206,0.0,,,,,,,,,,,,,,,,,0.0,0.0,6.1875,0.3855983592633081,0.0,0.0,0.2165625,1.3495942574215785,1.5661567574215784,11941,,,1.617028166049862e-05,Information
299054,5753.0,1853.573247,SYR,Syria,Rif Dimashq,0.608145766,0.0,0.39,0.85,,,,,,,,,,,,,,,,,,,,,,,,,,0.723932294797549,12.16291532,0.0,,,,,,,,,,,,,,,,,0.0,0.0,3.234375,0.1744940485135854,0.0,0.0,0.113203125,0.610729169797549,0.723932294797549,2151,,,7.991271936594034e-07,Information
299061,5756.0,595.5134337,PSE,Palestina,West Bank,0.00465713,0.0,-9999.0,0.6,,,,,,,,,,,,,,,,,,,,,,,,,,5.341839786731675,0.0931425999999999,0.0,,,,,,,,,,,,,,,,,0.0,0.0,8.578125,1.4404586890661928,0.0,0.0,0.300234375,5.041605411731675,5.341839786731675,476047,,,0.0017020879556636,Information
299063,5758.0,3121.685925,PSE,Jordan,Balqa,0.173776697,0.0,-9999.0,0.6,,,,,,,,,,,,,,,,,,,,,,,,,,1.427513101389221,3.47553394,0.0,,,,,,,,,,,,,,,,,0.0,0.0,9.703125,0.310829636111206,0.0,0.0,0.339609375,1.087903726389221,1.427513101389221,1183867,,,1.2551998083820462e-05,Information
299064,5759.0,7303.722441,JOR,Jordan,Karak,0.23561914,0.0,0.5,0.69,,,,,,,,,,,,,,,,,,,,,,,,,,0.1865717315030726,4.7123828,0.0,,,,,,,,,,,,,,,,,0.0,0.0,2.25,0.0308062090008779,0.0,0.0,0.07875,0.1078217315030726,0.1865717315030726,661307,,,2.24681022287421e-10,Information
299069,5764.0,7004.776939,SYR,Syria,Dar`a,1.564515007,0.0,0.39,0.85,,,,,,,,,,,,,,,,,,,,,,,,,,0.9200214106058672,31.29030014,0.0,,,,,,,,,,,,,,,,,0.0,0.0,10.828125,0.1545820101731049,0.0,0.0,0.378984375,0.5410370356058671,0.9200214106058672,2559452,,,8.043648224234426e-06,Information
311050,5769.0,11607.58275,RUS,Russia,Yamal-Nenets,3.095932896,4.004818542,0.65,0.49,,,,,,,,,,,,,,,,,,,,,,,,,,2.1256069487316296,61.91865792,80.09637083999999,,,,,,,,,,,,,,,,,0.0,0.0,32.625,0.2810662710661799,0.0,0.0,1.141875,0.9837319487316296,2.1256069487316296,14,,,0.0126482459339645,Information
311060,5770.0,8015.732628,RUS,Russia,Yamal-Nenets,3.237730884,0.0,0.65,0.49,,,,,,,,,,,,,,,,,,,,,,,,,,5.4093881372917565,64.75461768,0.0,,,,,,,,,,,,,,,,,0.0,0.0,68.765625,0.8578832177976448,0.0,0.0,2.406796875,3.0025912622917565,5.4093881372917565,2780,,,0.0304515330185877,Information
311071,5772.0,3001.534541,RUS,Russia,Yamal-Nenets,3.326503224,0.0,0.65,0.49,,,,,,,,,,,,,,,,,,,,,,,,,,0.3837552708393614,66.53006448000001,0.0,,,,,,,,,,,,,,,,,0.0,0.0,2.53125,0.0843318630969604,0.0,0.0,0.08859375,0.2951615208393614,0.3837552708393614,0,,,3.940381814958224e-06,Information
312425,5846.0,2131.449399,RUS,Russia,Khanty-Mansiy,4.009540966,0.0,0.65,0.49,,,,,,,,,,,,,,,,,,,,,,,,,,55.8490625,80.19081932,0.0,3.0,,,,,,,,,,,,,,,,0.0,0.0,595.6875,27.947531859763487,0.0,0.0,20.8490625,35.0,55.8490625,936,86.0,9.18803418803419,0.8500172178603638,Warning
312427,5848.0,218.0575925,RUS,Russia,Khanty-Mansiy,3.988263288,0.0,0.65,0.49,,,,,,,,,,,,,,,,,,,,,,,,,,46.34984375,79.76526576,0.0,3.0,,,,,,,,,,,,,,,,0.0,0.0,324.28125,148.71357895283035,0.0,0.0,11.34984375,35.0,46.34984375,13,13.0,100.0,0.7963960946389563,Watch
312428,5849.0,6986.384736,RUS,Russia,Khanty-Mansiy,0.638611372,0.0,0.65,0.49,,,,,,,,,,,,,,,,,,,,,,,,,,34.48839742696861,12.772227439999998,0.0,,,,,,,,,,,,,,,,,0.0,0.0,405.28125,5.801015336276746,0.0,0.0,14.18484375,20.30355367696861,34.48839742696861,0,,,0.176729771013666,Information
312436,5856.0,6880.033195,RUS,Russia,Tomsk,2.491481174,0.0,0.65,0.49,,,,,,,,,,,,,,,,,,,,,,,,,,43.02582087568048,49.82962348,0.0,,,,,,,,,,,,,,,,,0.0,0.0,501.046875,7.28262292876585,0.0,0.0,17.536640625,25.48918025068048,43.02582087568048,97,,,0.4389529790468345,Advisory
312437,5857.0,2109.323967,RUS,Russia,Tomsk,3.057466806,0.0,0.65,0.49,,,,,,,,,,,,,,,,,,,,,,,,,,44.504140625,61.14933612,0.0,,,,,,,,,,,,,,,,,0.0,0.0,271.546875,12.873644789331497,0.0,0.0,9.504140625,35.0,44.504140625,313,,,0.5540328621135886,Advisory
312439,5859.0,3424.944131,RUS,Russia,Tomsk,3.167907682,0.0,0.65,0.49,,,,,,,,,,,,,,,,,,,,,,,,,,36.75230274189528,63.35815364,0.0,,,,,,,,,,,,,,,,,0.0,0.0,267.890625,7.8217516762557935,0.0,0.0,9.376171875,27.37613086689528,36.75230274189528,322,,,0.5012007956532912,Advisory
312441,5860.0,3690.417133,RUS,Russia,Tomsk,3.158622243,0.0,0.65,0.49,,,,,,,,,,,,,,,,,,,,,,,,,,38.03304285292753,63.17244486,0.0,,,,,,,,,,,,,,,,,0.0,0.0,292.921875,7.937364922265008,0.0,0.0,10.252265625,27.78077722792753,38.03304285292753,1554,,,0.5128473044253176,Advisory
312443,5862.0,1863.84485,RUS,Russia,Tomsk,3.755017623,0.0,0.65,0.49,,,,,,,,,,,,,,,,,,,,,,,,,,43.037421875,75.10035246,0.0,3.0,,,,,,,,,,,,,,,,0.0,0.0,229.640625,12.320801543212715,0.0,0.0,8.037421875,35.0,43.037421875,94,0.0,0.0,0.7078849527977629,Watch
312447,5866.0,62.81292475,RUS,Russia,Tomsk,3.876520761,0.0,0.65,0.49,,,,,,,,,,,,,,,,,,,,,,,,,,8.67348532486163,77.53041522000001,0.0,,,,,,,,,,,,,,,,,0.0,0.0,1.546875,2.46266991424618,0.0,0.0,0.054140625,8.61934469986163,8.67348532486163,0,,,0.1705759042276491,Information
312461,5870.0,92.39916466,RUS,Russia,Tomsk,3.949701122,0.0,0.65,0.49,,,,,,,,,,,,,,,,,,,,,,,,,,35.733359375,78.99402244,0.0,3.0,,,,,,,,,,,,,,,,0.0,0.0,20.953125,22.67674721704813,0.0,0.0,0.733359375,35.0,35.733359375,1353,46.0,3.399852180339985,0.7023868031193651,Watch
312462,5871.0,9006.442197,RUS,Russia,Tomsk,3.555710872,0.0,0.65,0.49,,,,,,,,,,,,,,,,,,,,,,,,,,11.882399981323063,71.11421744,0.0,,,,,,,,,,,,,,,,,0.0,0.0,160.875,1.7862214232351608,0.0,0.0,5.630625,6.251774981323063,11.882399981323063,54,,,0.1871920636228128,Information
312463,5872.0,20018.98825,RUS,Russia,Tomsk,3.094420531,0.0,0.65,0.49,,,,,,,,,,,,,,,,,,,,,,,,,,70.0,61.88841062,0.0,3.0,,,,,,,,,,,,,,,,0.0,0.0,2472.75,12.35202283345411,0.0,0.0,35.0,35.0,70.0,17895,586.0,3.274657725621682,0.7283985770695015,Watch
312464,5873.0,7741.526993,RUS,Russia,Tomsk,1.87945638,0.0,0.65,0.49,,,,,,,,,,,,,,,,,,,,,,,,,,19.423526874957613,37.5891276,0.0,,,,,,,,,,,,,,,,,0.0,0.0,242.15625,3.1280166071307467,0.0,0.0,8.47546875,10.948058124957614,19.423526874957613,872,,,0.1215538157281697,Information
312466,5875.0,9188.345699,RUS,Russia,Tomsk,2.436746204,0.0,0.65,0.49,,,,,,,,,,,,,,,,,,,,,,,,,,29.602151375902423,48.73492408,0.0,,,,,,,,,,,,,,,,,0.0,0.0,405.0,4.407757535972121,0.0,0.0,14.175,15.427151375902424,29.602151375902423,1125,,,0.291446900202644,Information
312467,5876.0,16863.33655,RUS,Russia,Tomsk,2.869911831,0.0,0.65,0.49,,,,,,,,,,,,,,,,,,,,,,,,,,47.32561391888207,57.39823662,0.0,,,,,,,,,,,,,,,,,0.0,0.0,848.8125,5.033478976823448,0.0,0.0,29.7084375,17.617176418882067,47.32561391888207,1013,,,0.5418739971653046,Advisory
312468,5877.0,5920.384567,RUS,Russia,Krasnoyarsk,4.001414315,0.0,0.65,0.49,,,,,,,,,,,,,,,,,,,,,,,,,,29.81916017524086,80.02828629999999,0.0,3.0,,,,,,,,,,,,,,,,0.0,0.0,316.828125,5.351478800068817,0.0,0.0,11.088984375,18.730175800240858,29.81916017524086,0,0.0,0.0,0.6557288969823086,Watch
312471,5879.0,1730.530962,RUS,Russia,Tomsk,3.144871717,0.0,0.65,0.49,,,,,,,,,,,,,,,,,,,,,,,,,,56.060703125,62.89743434,0.0,3.0,,,,,,,,,,,,,,,,0.0,0.0,601.734375,34.77166188228084,0.0,0.0,21.060703125,35.0,56.060703125,3772,69.0,1.8292682926829267,0.6601047271263607,Watch
312472,5880.0,3474.394695,RUS,Russia,Tomsk,3.080599567,0.0,0.65,0.49,,,,,,,,,,,,,,,,,,,,,,,,,,30.13997038142214,61.61199134,0.0,,,,,,,,,,,,,,,,,0.0,0.0,222.046875,6.390951358977754,0.0,0.0,7.771640625,22.36832975642214,30.13997038142214,244,,,0.404431565872264,Advisory
312478,5886.0,1640.956643,RUS,Russia,Tomsk,2.908667796,0.0,0.65,0.49,,,,,,,,,,,,,,,,,,,,,,,,,,9.7415115167208,58.17335592,0.0,,,,,,,,,,,,,,,,,0.0,0.0,39.234375,2.3909452547773715,0.0,0.0,1.373203125,8.3683083917208,9.7415115167208,3708,,,0.0725392471524278,Information
312486,5893.0,22459.70535,RUS,Russia,Altay,2.178204053,0.0,0.65,0.49,,,,,,,,,,,,,,,,,,,,,,,,,,23.31028267112792,43.56408106,0.0,,,,,,,,,,,,,,,,,0.0,0.0,460.828125,2.051799513179405,0.0,0.0,16.128984375,7.181298296127918,23.31028267112792,85378,,,0.1882910967918762,Information
312492,5898.0,8995.607984,RUS,Russia,Tomsk,1.665745691,0.0,0.65,0.49,,,,,,,,,,,,,,,,,,,,,,,,,,30.17173556696318,33.31491382,0.0,,,,,,,,,,,,,,,,,0.0,0.0,408.234375,4.538152126275194,0.0,0.0,14.288203125,15.88353244196318,30.17173556696318,1688,,,0.2138668438719827,Information
312494,5900.0,11407.03824,RUS,Russia,Kemerovo,0.603877935,0.0,0.65,0.49,,,,,,,,,,,,,,,,,,,,,,,,,,62.35659252547247,12.0775587,0.0,3.0,,,,,,,,,,,,,,,,0.0,0.0,949.359375,8.322575542992132,0.0,0.0,33.227578125,29.12901440047246,62.35659252547247,193187,3118.0,1.6139802367654137,0.365578949144094,Watch
312622,5934.0,3778.081788,RUS,Russia,Sverdlovsk,3.297745787,0.0,0.65,0.49,,,,,,,,,,,,,,,,,,,,,,,,,,7.879751166998936,65.95491574,0.0,,,,,,,,,,,,,,,,,0.0,0.0,61.734375,1.6340137262854104,0.0,0.0,2.160703125,5.719048041998937,7.879751166998936,0,,,0.0716804385512776,Information
312623,5935.0,5281.8036,RUS,Russia,Sverdlovsk,2.819421879,0.0,0.65,0.49,,,,,,,,,,,,,,,,,,,,,,,,,,11.705629204195684,56.38843758,0.0,,,,,,,,,,,,,,,,,0.0,0.0,115.59375,2.1885279869130527,0.0,0.0,4.04578125,7.659847954195684,11.705629204195684,881,,,0.0942125358739657,Information
312628,5940.0,7394.15135,RUS,Russia,Sverdlovsk,3.069666629,0.0,0.65,0.49,,,,,,,,,,,,,,,,,,,,,,,,,,4.677640636307586,61.39333258,0.0,,,,,,,,,,,,,,,,,0.0,0.0,56.8125,0.768343753230739,0.0,0.0,1.9884375,2.6892031363075866,4.677640636307586,23201,,,0.0174020141430591,Information
312644,5946.0,22141.93501,RUS,Russia,Sverdlovsk,1.23625702,0.0,0.65,0.49,,,,,,,,,,,,,,,,,,,,,,,,,,17.647532078054667,24.7251404,0.0,,,,,,,,,,,,,,,,,0.0,0.0,347.34375,1.568714522301334,0.0,0.0,12.15703125,5.490500828054668,17.647532078054667,436705,,,0.0734525669813512,Information
312646,5948.0,12849.84302,RUS,Russia,Sverdlovsk,1.296448629,0.0,0.65,0.49,,,,,,,,,,,,,,,,,,,,,,,,,,12.778175078303404,25.92897258,0.0,,,,,,,,,,,,,,,,,0.0,0.0,205.3125,1.597782165229544,0.0,0.0,7.1859375,5.592237578303404,12.778175078303404,196544,,,0.039434551834561,Information
312647,5949.0,4274.631304,RUS,Russia,Sverdlovsk,2.288501874,0.0,0.65,0.49,,,,,,,,,,,,,,,,,,,,,,,,,,0.8711093742645094,45.77003748,0.0,,,,,,,,,,,,,,,,,0.0,0.0,7.453125,0.1743571426470027,0.0,0.0,0.260859375,0.6102499992645094,0.8711093742645094,6816,,,1.8042048961710724e-05,Information
312648,5950.0,1796.721002,RUS,Russia,Sverdlovsk,1.19602327,0.0,0.65,0.49,,,,,,,,,,,,,,,,,,,,,,,,,,8.789823362164164,23.9204654,0.0,,,,,,,,,,,,,,,,,0.0,0.0,38.25,2.128878103475475,0.0,0.0,1.33875,7.451073362164163,8.789823362164164,95074,,,0.015456737827601,Information
312649,5951.0,3913.555905,RUS,Russia,Sverdlovsk,1.240524808,0.0,0.65,0.49,,,,,,,,,,,,,,,,,,,,,,,,,,13.753705510042394,24.81049616,0.0,,,,,,,,,,,,,,,,,0.0,0.0,110.53125,2.8243176457263983,0.0,0.0,3.86859375,9.885111760042394,13.753705510042394,365245,,,0.0446875445352897,Information
312672,5964.0,3457.482764,RUS,Russia,Kurgan,1.461520403,0.0,0.65,0.49,,,,,,,,,,,,,,,,,,,,,,,,,,6.551797928100485,29.23040806,0.0,,,,,,,,,,,,,,,,,0.0,0.0,48.09375,1.3910047651715671,0.0,0.0,1.68328125,4.868516678100485,6.551797928100485,18776,,,0.0086636060043413,Information
312681,5972.0,335.4370389,KAZ,Kazakhstan,Qostanay,1.492877638,0.0,0.63,0.51,,,,,,,,,,,,,,,,,,,,,,,,,,31.846939624203085,29.85755276,0.0,,,,,,,,,,,,,,,,,0.0,0.0,29.53125,8.803813106915166,0.0,0.0,1.03359375,30.813345874203083,31.846939624203085,314,,,0.2148845467763517,Information
312691,5981.0,766.0846961,RUS,Russia,Kurgan,3.15973944,0.0,0.65,0.49,,,,,,,,,,,,,,,,,,,,,,,,,,39.877578125,63.1947888,0.0,,,,,,,,,,,,,,,,,0.0,0.0,139.359375,18.191118515817383,0.0,0.0,4.877578125,35.0,39.877578125,4538,,,0.5319508720488219,Advisory
312693,5983.0,15.43047862,KAZ,Kazakhstan,Qostanay,4.00411922,0.0,0.63,0.51,,,,,,,,,,,,,,,,,,,,,,,,,,35.054140625,80.0823844,0.0,3.0,,,,,,,,,,,,,,,,0.0,0.0,1.546875,10.02480246060535,0.0,0.0,0.054140625,35.0,35.054140625,0,0.0,0.0,0.7140614616459414,Watch
312802,6001.0,8072.859139,KAZ,Kazakhstan,Qaraghandy,3.227871371,0.0,0.63,0.51,,,,,,,,,,,,,,,,,,,,,,,,,,6.137411800102203,64.55742742,0.0,,,,,,,,,,,,,,,,,0.0,0.0,78.328125,0.9702649786006295,0.0,0.0,2.741484375,3.395927425102204,6.137411800102203,420,,,0.0397572016375073,Information
312805,6004.0,8394.442184,KAZ,Kazakhstan,Qaraghandy,2.131280562,0.0,0.63,0.51,,,,,,,,,,,,,,,,,,,,,,,,,,15.83256994719368,42.625611240000005,0.0,,,,,,,,,,,,,,,,,0.0,0.0,206.4375,2.459216413483908,0.0,0.0,7.2253125,8.607257447193678,15.83256994719368,26787,,,0.098955017699129,Information
312814,6008.0,2479.814278,RUS,Russia,Tyumen',3.054204548,0.0,0.65,0.49,,,,,,,,,,,,,,,,,,,,,,,,,,24.37331741733444,61.08409096,0.0,,,,,,,,,,,,,,,,,0.0,0.0,138.375,5.580054976381269,0.0,0.0,4.843125,19.53019241733444,24.37331741733444,11105,,,0.319922990506669,Information
312819,6013.0,4545.446998,KAZ,Kazakhstan,North Kazakhstan,2.264112157,0.0,0.63,0.51,,,,,,,,,,,,,,,,,,,,,,,,,,11.182512765601164,45.28224314,0.0,,,,,,,,,,,,,,,,,0.0,0.0,99.84375,2.196566147314618,0.0,0.0,3.49453125,7.687981515601163,11.182512765601164,19702,,,0.0561615919879289,Information
312860,6018.0,8770.476408,KAZ,Kazakhstan,Aqmola,2.283595514,0.0,0.63,0.51,,,,,,,,,,,,,,,,,,,,,,,,,,4.561110427641692,45.67191028,0.0,,,,,,,,,,,,,,,,,0.0,0.0,60.890625,0.6942681578976264,0.0,0.0,2.131171875,2.4299385526416923,4.561110427641692,50744,,,0.0066157785138973,Information
312932,6043.0,6942.175872,RUS,Russia,Omsk,1.655313739,0.0,0.65,0.49,,,,,,,,,,,,,,,,,,,,,,,,,,4.804676424674392,33.10627478,0.0,,,,,,,,,,,,,,,,,0.0,0.0,56.25,0.8102646927641122,0.0,0.0,1.96875,2.8359264246743927,4.804676424674392,15072,,,0.0042252992906886,Information
312948,6058.0,4310.574055,RUS,Russia,Novosibirsk,2.063116537,0.0,0.65,0.49,,,,,,,,,,,,,,,,,,,,,,,,,,46.48735057068333,41.26233074,0.0,,,,,,,,,,,,,,,,,0.0,0.0,400.078125,9.28131891305238,0.0,0.0,14.002734375,32.48461619568333,46.48735057068333,0,,,0.4075309179581917,Advisory
312960,6061.0,3075.290198,KAZ,Kazakhstan,East-Kazakhstan,2.016752109,0.0,0.63,0.51,,,,,,,,,,,,,,,,,,,,,,,,,,4.708453985190575,40.33504218,0.0,,,,,,,,,,,,,,,,,0.0,0.0,31.640625,1.0288663171973071,0.0,0.0,1.107421875,3.601032110190575,4.708453985190575,17,,,0.0055523731348693,Information
312962,6063.0,3192.511133,KAZ,Kazakhstan,East-Kazakhstan,1.053650948,0.0,0.63,0.51,,,,,,,,,,,,,,,,,,,,,,,,,,5.084703547951859,21.07301896,0.0,,,,,,,,,,,,,,,,,0.0,0.0,35.15625,1.10120994227196,0.0,0.0,1.23046875,3.85423479795186,5.084703547951859,8368,,,0.0030506558277196,Information
312963,6064.0,432.8337255,KAZ,Kazakhstan,East-Kazakhstan,3.391743676,0.0,0.63,0.51,,,,,,,,,,,,,,,,,,,,,,,,,,6.050370208702384,67.83487352,0.0,,,,,,,,,,,,,,,,,0.0,0.0,7.171875,1.6569584524863956,0.0,0.0,0.251015625,5.799354583702384,6.050370208702384,4,,,0.0473842126563186,Information
312967,6068.0,882.7968067,KAZ,Kazakhstan,East-Kazakhstan,2.87805663,0.0,0.63,0.51,,,,,,,,,,,,,,,,,,,,,,,,,,0.4854006279005282,57.5611326,0.0,,,,,,,,,,,,,,,,,0.0,0.0,1.125,0.1274358936858652,0.0,0.0,0.039375,0.4460256279005282,0.4854006279005282,130,,,3.895551747989269e-06,Information
312968,6069.0,1450.908143,KAZ,Kazakhstan,East-Kazakhstan,0.864596353,0.0,0.63,0.51,,,,,,,,,,,,,,,,,,,,,,,,,,1.0488040526230469,17.29192706,0.0,,,,,,,,,,,,,,,,,0.0,0.0,3.796875,0.261689550749442,0.0,0.0,0.132890625,0.915913427623047,1.0488040526230469,11,,,6.279047083863111e-06,Information
312969,6070.0,4552.824655,KAZ,Kazakhstan,East-Kazakhstan,1.113729213,0.0,0.63,0.51,,,,,,,,,,,,,,,,,,,,,,,,,,0.519171557430352,22.27458426,0.0,,,,,,,,,,,,,,,,,0.0,0.0,4.640625,0.1019284806943863,0.0,0.0,0.162421875,0.356749682430352,0.519171557430352,281,,,2.739900025228107e-07,Information
312973,6073.0,5885.525162,KAZ,Kazakhstan,East-Kazakhstan,0.525248779,0.0,0.63,0.51,,,,,,,,,,,,,,,,,,,,,,,,,,11.956097425837497,10.50497558,0.0,,,,,,,,,,,,,,,,,0.0,0.0,126.5625,2.15040283595357,0.0,0.0,4.4296875,7.526409925837495,11.956097425837497,37296,,,0.0220603847704491,Information
312974,6074.0,9938.093249,KAZ,Kazakhstan,East-Kazakhstan,3.15271403,0.0,0.63,0.51,,,,,,,,,,,,,,,,,,,,,,,,,,4.245996098747634,63.0542806,0.0,,,,,,,,,,,,,,,,,0.0,0.0,60.46875,0.6084542424993241,0.0,0.0,2.11640625,2.1295898487476346,4.245996098747634,41718,,,0.0152523957439001,Information
312994,6085.0,6253.586179,KAZ,Kazakhstan,East-Kazakhstan,1.810872522,0.0,0.63,0.51,,,,,,,,,,,,,,,,,,,,,,,,,,4.797134627127619,36.21745044,0.0,,,,,,,,,,,,,,,,,0.0,0.0,52.734375,0.8432661434650339,0.0,0.0,1.845703125,2.951431502127619,4.797134627127619,4676,,,0.0048343091347599,Information
312998,6089.0,6709.106834,CHN,China,Xinjiang Uygur,0.86936792,0.0,0.59,0.57,,,,,,,,,,,,,,,,,,,,,,,,,,2.010309644252976,17.3873584,0.0,,,,,,,,,,,,,,,,,0.0,0.0,23.0625,0.3437491840722789,0.0,0.0,0.8071875,1.203122144252976,2.010309644252976,4465,,,0.0001012512607108,Information
312999,6090.0,8515.354804,CHN,China,Xinjiang Uygur,4.042646001,0.0,0.59,0.57,,,,,,,,,,,,,,,,,,,,,,,,,,4.548296836739127,80.85292002,0.0,,,,,,,,,,,,,,,,,0.0,0.0,59.765625,0.7018571319254646,0.0,0.0,2.091796875,2.456499961739126,4.548296836739127,81752,,,0.0753025562401174,Information
313470,6108.0,9019.137231,RUS,Russia,Yamal-Nenets,0.682297621,0.0,0.65,0.49,,,,,,,,,,,,,,,,,,,,,,,,,,1.2143454743108162,13.64595242,0.0,,,,,,,,,,,,,,,,,0.0,0.0,16.453125,0.1824245998030903,0.0,0.0,0.575859375,0.6384860993108161,1.2143454743108162,34817,,,1.0028718478803072e-05,Information
313616,6117.0,4312.056982,RUS,Russia,Yamal-Nenets,4.014612403,0.0,0.65,0.49,,,,,,,,,,,,,,,,,,,,,,,,,,0.1143526373268097,80.29224806,0.0,,,,,,,,,,,,,,,,,0.0,0.0,0.984375,0.0228284320933742,0.0,0.0,0.034453125,0.0798995123268097,0.1143526373268097,170,,,1.3060456620950781e-07,Information
313640,6123.0,12316.48735,RUS,Russia,Yamal-Nenets,4.004470636,0.0,0.65,0.49,,,,,,,,,,,,,,,,,,,,,,,,,,0.2051149841117083,80.08941272,0.0,,,,,,,,,,,,,,,,,0.0,0.0,3.234375,0.0262605311747738,0.0,0.0,0.113203125,0.0919118591117083,0.2051149841117083,0,,,2.3761441932577425e-06,Information
313660,6125.0,14552.97432,RUS,Russia,Yamal-Nenets,2.459859045,0.0,0.65,0.49,,,,,,,,,,,,,,,,,,,,,,,,,,8.0049746373034,49.1971809,0.0,,,,,,,,,,,,,,,,,0.0,0.0,135.5625,0.931510610658114,0.0,0.0,4.7446875,3.2602871373034,8.0049746373034,631,,,0.0323092250204735,Information
313670,6126.0,14531.77373,RUS,Russia,Yamal-Nenets,3.405187714,0.0,0.65,0.49,,,,,,,,,,,,,,,,,,,,,,,,,,9.90414884400175,68.10375428,0.0,,,,,,,,,,,,,,,,,0.0,0.0,167.625,1.153506812571928,0.0,0.0,5.866875,4.037273844001748,9.90414884400175,924,,,0.1210941608748822,Information
313680,6127.0,10376.88736,RUS,Russia,Yamal-Nenets,2.492082487,0.0,0.65,0.49,,,,,,,,,,,,,,,,,,,,,,,,,,0.908508878055359,49.84164974,0.0,,,,,,,,,,,,,,,,,0.0,0.0,13.21875,0.127386465158674,0.0,0.0,0.46265625,0.4458526280553589,0.908508878055359,0,,,3.021369150010839e-05,Information
313690,6128.0,18728.27616,RUS,Russia,Yamal-Nenets,3.139265656,0.0,0.65,0.49,,,,,,,,,,,,,,,,,,,,,,,,,,13.574755918561705,62.78531312,0.0,,,,,,,,,,,,,,,,,0.0,0.0,252.84375,1.3500641910176292,0.0,0.0,8.84953125,4.725224668561702,13.574755918561705,58,,,0.1566092575817586,Information
322161,6153.0,12673.65899,RUS,Russia,Krasnoyarsk,2.140339186,0.0,0.65,0.49,,,,,,,,,,,,,,,,,,,,,,,,,,7.378943613497765,42.80678372,0.0,,,,,,,,,,,,,,,,,0.0,0.0,117.84375,0.9298321038565042,0.0,0.0,4.12453125,3.2544123634977646,7.378943613497765,477,,,0.0202895645165408,Information
322162,6154.0,16377.99892,RUS,Russia,Krasnoyarsk,0.818347767,0.0,0.65,0.49,,,,,,,,,,,,,,,,,,,,,,,,,,0.7292885837289661,16.36695534,0.0,,,,,,,,,,,,,,,,,0.0,0.0,12.9375,0.0789931667797046,0.0,0.0,0.4528125,0.2764760837289661,0.7292885837289661,0,,,1.0574430330399367e-06,Information
322163,6155.0,9481.314152,RUS,Russia,Krasnoyarsk,4.031501221,0.0,0.65,0.49,,,,,,,,,,,,,,,,,,,,,,,,,,0.3033901995726041,80.63002442,0.0,,,,,,,,,,,,,,,,,0.0,0.0,4.21875,0.0444954141636012,0.0,0.0,0.14765625,0.1557339495726042,0.3033901995726041,0,,,1.6160855493511045e-05,Information
322211,6165.0,9884.42792,RUS,Russia,Krasnoyarsk,3.297601685,0.0,0.65,0.49,,,,,,,,,,,,,,,,,,,,,,,,,,2.1089765229898063,65.9520337,0.0,,,,,,,,,,,,,,,,,0.0,0.0,29.953125,0.3030334708542303,0.0,0.0,1.048359375,1.060617147989806,2.1089765229898063,65,,,0.002704853697852,Information
322212,6166.0,8751.461775,RUS,Russia,Krasnoyarsk,3.959640974,0.0,0.65,0.49,,,,,,,,,,,,,,,,,,,,,,,,,,0.3163780633307794,79.19281948,0.0,,,,,,,,,,,,,,,,,0.0,0.0,4.21875,0.0482062323802227,0.0,0.0,0.14765625,0.1687218133307794,0.3163780633307794,0,,,1.4188448190234788e-05,Information
322216,6170.0,17147.60144,RUS,Russia,Krasnoyarsk,4.007861439,0.0,0.65,0.49,,,,,,,,,,,,,,,,,,,,,,,,,,1.1610339845067232,80.15722878,0.0,,,,,,,,,,,,,,,,,0.0,0.0,20.953125,0.1221927455733495,0.0,0.0,0.733359375,0.4276746095067232,1.1610339845067232,0,,,0.0022661014854896,Information
322218,6172.0,6159.776655,RUS,Russia,Krasnoyarsk,4.016687646,0.0,0.65,0.49,,,,,,,,,,,,,,,,,,,,,,,,,,0.4519277534387697,80.33375292000001,0.0,,,,,,,,,,,,,,,,,0.0,0.0,4.921875,0.0799034652682199,0.0,0.0,0.172265625,0.2796621284387696,0.4519277534387697,18,,,8.060392774909188e-05,Information
322230,6175.0,5560.655943,RUS,Russia,Krasnoyarsk,0.085886003,0.0,0.65,0.49,,,,,,,,,,,,,,,,,,,,,,,,,,7.327301934315848,1.71772006,0.0,,,,,,,,,,,,,,,,,0.0,0.0,74.8125,1.3453898383759564,0.0,0.0,2.6184375,4.708864434315848,7.327301934315848,62,,,0.004712559933948,Information
322250,6185.0,186.8101045,RUS,Russia,Krasnoyarsk,1.528473147,0.0,0.65,0.49,,,,,,,,,,,,,,,,,,,,,,,,,,2.4155216603185488,30.56946294,0.0,,,,,,,,,,,,,,,,,0.0,0.0,1.265625,0.6774927958052996,0.0,0.0,0.044296875,2.3712247853185486,2.4155216603185488,0,,,0.0003919590742025,Information
322260,6186.0,28048.30716,RUS,Russia,Krasnoyarsk,3.844278118,0.0,0.65,0.49,,,,,,,,,,,,,,,,,,,,,,,,,,28.475955101528207,76.88556236,0.0,,,,,,,,,,,,,,,,,0.0,0.0,599.765625,2.1383309218652022,0.0,0.0,20.991796875,7.484158226528208,28.475955101528207,15,,,0.5826207682945095,Advisory
322270,6187.0,25659.98662,RUS,Russia,Krasnoyarsk,3.675295989,0.0,0.65,0.49,,,,,,,,,,,,,,,,,,,,,,,,,,12.332498088664668,73.50591978,0.0,,,,,,,,,,,,,,,,,0.0,0.0,253.546875,0.9881021324756188,0.0,0.0,8.874140625,3.458357463664666,12.332498088664668,406,,,0.22223004042191,Information
322281,6188.0,3153.96319,RUS,Russia,Krasnoyarsk,4.024850228,0.0,0.65,0.49,,,,,,,,,,,,,,,,,,,,,,,,,,5.768154727847515,80.49700456,0.0,,,,,,,,,,,,,,,,,0.0,0.0,39.515625,1.252887957956433,0.0,0.0,1.383046875,4.385107852847515,5.768154727847515,807,,,0.1115709806694186,Information
322288,6195.0,13517.409,RUS,Russia,Krasnoyarsk,4.035733677,0.0,0.65,0.49,,,,,,,,,,,,,,,,,,,,,,,,,,12.827393299126392,80.71467353999999,0.0,,,,,,,,,,,,,,,,,0.0,0.0,210.65625,1.558407014036112,0.0,0.0,7.37296875,5.454424549126392,12.827393299126392,0,,,0.3417243782274868,Information
322299,6205.0,19036.19559,RUS,Russia,Irkutsk,3.043373127,0.0,0.65,0.49,,,,,,,,,,,,,,,,,,,,,,,,,,21.52374447604267,60.867462540000005,0.0,,,,,,,,,,,,,,,,,0.0,0.0,403.171875,2.1179225288693337,0.0,0.0,14.111015625,7.412728851042668,21.52374447604267,70,,,0.2749875091242012,Information
322310,6206.0,2188.508515,RUS,Russia,Krasnoyarsk,2.637090596,0.0,0.65,0.49,,,,,,,,,,,,,,,,,,,,,,,,,,15.761616227315988,52.74181192,0.0,,,,,,,,,,,,,,,,,0.0,0.0,80.859375,3.6947251720902816,0.0,0.0,2.830078125,12.931538102315988,15.761616227315988,0,,,0.1360916995111318,Information
322320,6207.0,7444.925312,RUS,Russia,Krasnoyarsk,2.068261885,0.0,0.65,0.49,,,,,,,,,,,,,,,,,,,,,,,,,,2.6756378680878727,41.3652377,0.0,,,,,,,,,,,,,,,,,0.0,0.0,32.625,0.4382179623108207,0.0,0.0,1.141875,1.5337628680878723,2.6756378680878727,0,,,0.0010104622132151,Information
322360,6211.0,23511.52162,RUS,Russia,Krasnoyarsk,2.360715252,0.0,0.65,0.49,,,,,,,,,,,,,,,,,,,,,,,,,,58.76624013052435,47.21430504,0.0,,,,,,,,,,,,,,,,,0.0,0.0,1596.515625,6.790354323006959,0.0,0.0,35.0,23.76624013052436,58.76624013052435,37,,,0.5427353432072133,Advisory
322383,6215.0,2650.896373,RUS,Russia,Krasnoyarsk,1.437458904,0.0,0.65,0.49,,,,,,,,,,,,,,,,,,,,,,,,,,3.217952982753667,28.74917808,0.0,,,,,,,,,,,,,,,,,0.0,0.0,19.265625,0.7267588879296191,0.0,0.0,0.674296875,2.543656107753667,3.217952982753667,0,,,0.0009759306592037,Information
322422,6225.0,5305.897927,RUS,Russia,Krasnoyarsk,2.673678671,0.0,0.65,0.49,,,,,,,,,,,,,,,,,,,,,,,,,,0.1987735240153369,53.47357342,0.0,,,,,,,,,,,,,,,,,0.0,0.0,1.96875,0.0371049354329534,0.0,0.0,0.06890625,0.1298672740153369,0.1987735240153369,9,,,2.440255329239e-08,Information
322443,6236.0,562.3851526,RUS,Russia,Krasnoyarsk,4.02963894,0.0,0.65,0.49,,,,,,,,,,,,,,,,,,,,,,,,,,0.4621987189925325,80.59277879999999,0.0,,,,,,,,,,,,,,,,,0.0,0.0,0.703125,0.1250255268550093,0.0,0.0,0.024609375,0.4375893439925326,0.4621987189925325,0,,,9.2964439610697e-05,Information
322448,6241.0,3890.555391,RUS,Russia,Krasnoyarsk,2.659134066,0.0,0.65,0.49,,,,,,,,,,,,,,,,,,,,,,,,,,0.3338813712543113,53.18268132,0.0,,,,,,,,,,,,,,,,,0.0,0.0,2.671875,0.0686759275012318,0.0,0.0,0.093515625,0.2403657462543113,0.3338813712543113,0,,,3.8420806875618353e-07,Information
322471,6245.0,3518.260747,RUS,Russia,Krasnoyarsk,1.359446854,0.0,0.65,0.49,,,,,,,,,,,,,,,,,,,,,,,,,,0.3971391214177534,27.18893708,0.0,,,,,,,,,,,,,,,,,0.0,0.0,2.953125,0.0839370704050724,0.0,0.0,0.103359375,0.2937797464177534,0.3971391214177534,29,,,9.374249854422944e-08,Information
322530,6258.0,8485.352313,RUS,Russia,Krasnoyarsk,1.274954552,0.0,0.65,0.49,,,,,,,,,,,,,,,,,,,,,,,,,,16.040578485493057,25.499091040000003,0.0,,,,,,,,,,,,,,,,,0.0,0.0,210.375,2.479272424426587,0.0,0.0,7.363125,8.677453485493055,16.040578485493057,3427,,,0.0623072562310092,Information
322545,6263.0,33.95053885,RUS,Russia,Krasnoyarsk,4.035733677,0.0,0.65,0.49,,,,,,,,,,,,,,,,,,,,,,,,,,35.221484375,80.71467353999999,0.0,3.0,,,,,,,,,,,,,,,,0.0,0.0,6.328125,18.639247608992708,0.0,0.0,0.221484375,35.0,35.221484375,0,0.0,0.0,0.7265166723145471,Watch
322546,6264.0,2252.756654,RUS,Russia,Krasnoyarsk,0.780944002,0.0,0.65,0.49,,,,,,,,,,,,,,,,,,,,,,,,,,1.3117352426442772,15.61888004,0.0,,,,,,,,,,,,,,,,,0.0,0.0,6.890625,0.3058752478983649,0.0,0.0,0.241171875,1.0705633676442772,1.3117352426442772,0,,,1.563649858847483e-05,Information
322548,6266.0,1589.888113,RUS,Russia,Krasnoyarsk,0.882578428,0.0,0.65,0.49,,,,,,,,,,,,,,,,,,,,,,,,,,2.547426191346958,17.65156856,0.0,,,,,,,,,,,,,,,,,0.0,0.0,9.984375,0.6279923046705594,0.0,0.0,0.349453125,2.197973066346958,2.547426191346958,0,,,0.000254593928197,Information
322549,6267.0,12195.09153,RUS,Russia,Krasnoyarsk,2.121518058,0.0,0.65,0.49,,,,,,,,,,,,,,,,,,,,,,,,,,37.75722212829692,42.43036116,0.0,,,,,,,,,,,,,,,,,0.0,0.0,592.734375,4.860434000941978,0.0,0.0,20.745703125,17.01151900329692,37.75722212829692,258,,,0.336578731218858,Advisory
322610,6273.0,15053.12473,RUS,Russia,Krasnoyarsk,1.455628566,0.0,0.65,0.49,,,,,,,,,,,,,,,,,,,,,,,,,,15.899788803116342,29.11257132,0.0,,,,,,,,,,,,,,,,,0.0,0.0,272.953125,1.813265550890384,0.0,0.0,9.553359375,6.346429428116343,15.899788803116342,48461,,,0.0674849834097954,Information
322621,6274.0,1821.303863,RUS,Russia,Krasnoyarsk,0.066522134,0.0,0.65,0.49,,,,,,,,,,,,,,,,,,,,,,,,,,6.037753192190408,1.33044268,0.0,,,,,,,,,,,,,,,,,0.0,0.0,26.578125,1.459291090625831,0.0,0.0,0.930234375,5.1075188171904085,6.037753192190408,0,,,0.0026050812299847,Information
322622,6275.0,4742.511572,RUS,Russia,Krasnoyarsk,1.287602349,0.0,0.65,0.49,,,,,,,,,,,,,,,,,,,,,,,,,,8.445643308987984,25.75204698,0.0,,,,,,,,,,,,,,,,,0.0,0.0,77.625,1.6367909454251384,0.0,0.0,2.716875,5.728768308987984,8.445643308987984,35495,,,0.0148616013533509,Information
322634,6287.0,2482.65957,RUS,Russia,Krasnoyarsk,3.346807584,0.0,0.65,0.49,,,,,,,,,,,,,,,,,,,,,,,,,,3.291335661693379,66.93615168,0.0,,,,,,,,,,,,,,,,,0.0,0.0,18.703125,0.7533503676266796,0.0,0.0,0.654609375,2.6367262866933787,3.291335661693379,3,,,0.0105233124115233,Information
322642,6294.0,2192.680029,RUS,Russia,Krasnoyarsk,2.272048764,0.0,0.65,0.49,,,,,,,,,,,,,,,,,,,,,,,,,,1.0673801023400118,45.44097528,0.0,,,,,,,,,,,,,,,,,0.0,0.0,5.484375,0.2501219935257177,0.0,0.0,0.191953125,0.8754269773400118,1.0673801023400118,6649,,,4.175867910640728e-05,Information
322661,6304.0,324.9588083,RUS,Russia,Khakass,4.025926158,0.0,0.65,0.49,,,,,,,,,,,,,,,,,,,,,,,,,,36.8703125,80.51852316,0.0,3.0,,,,,,,,,,,,,,,,0.0,0.0,53.4375,16.444391914396512,0.0,0.0,1.8703125,35.0,36.8703125,54213,3724.0,6.869201114123919,0.7382444704908225,Watch
322662,6305.0,3478.140714,RUS,Russia,Khakass,2.282721957,0.0,0.65,0.49,,,,,,,,,,,,,,,,,,,,,,,,,,5.378516759195745,45.65443914,0.0,,,,,,,,,,,,,,,,,0.0,0.0,39.65625,1.1401565740559272,0.0,0.0,1.38796875,3.990548009195745,5.378516759195745,15486,,,0.0103626861227286,Information
322663,6306.0,7382.418482,RUS,Russia,Khakass,2.245921798,0.0,0.65,0.49,,,,,,,,,,,,,,,,,,,,,,,,,,19.94449256889372,44.91843596,0.0,,,,,,,,,,,,,,,,,0.0,0.0,242.015625,3.2782701982553486,0.0,0.0,8.470546875,11.47394569389372,19.94449256889372,52888,,,0.1548475471847616,Information
322664,6307.0,3396.947488,RUS,Russia,Khakass,3.215283512,0.0,0.65,0.49,,,,,,,,,,,,,,,,,,,,,,,,,,0.2523428209816321,64.30567024,0.0,,,,,,,,,,,,,,,,,0.0,0.0,1.828125,0.0538166988518949,0.0,0.0,0.063984375,0.1883584459816321,0.2523428209816321,20079,,,3.673512587524934e-07,Information
322667,6310.0,2322.286187,RUS,Russia,Khakass,4.014201601,0.0,0.65,0.49,,,,,,,,,,,,,,,,,,,,,,,,,,5.667165110622445,80.28403202,0.0,,,,,,,,,,,,,,,,,0.0,0.0,30.515625,1.3140337816064127,0.0,0.0,1.068046875,4.599118235622445,5.667165110622445,161,,,0.1062464505170063,Information
322668,6311.0,2647.685434,RUS,Russia,Khakass,2.05055581,0.0,0.65,0.49,,,,,,,,,,,,,,,,,,,,,,,,,,0.1175561226800933,41.0111162,0.0,,,,,,,,,,,,,,,,,0.0,0.0,0.703125,0.0265562136228838,0.0,0.0,0.024609375,0.0929467476800933,0.1175561226800933,0,,,2.514636871162254e-10,Information
322669,6312.0,4539.156455,RUS,Russia,Khakass,3.493879559,0.0,0.65,0.49,,,,,,,,,,,,,,,,,,,,,,,,,,1.2296718758382474,69.87759118,0.0,,,,,,,,,,,,,,,,,0.0,0.0,10.96875,0.2416473216680707,0.0,0.0,0.38390625,0.8457656258382474,1.2296718758382474,256,,,0.0006906699466143,Information
322671,6313.0,2300.320832,RUS,Russia,Krasnoyarsk,4.01701335,0.0,0.65,0.49,,,,,,,,,,,,,,,,,,,,,,,,,,16.764786960880027,80.340267,0.0,,,,,,,,,,,,,,,,,0.0,0.0,89.578125,3.894157881680008,0.0,0.0,3.135234375,13.629552585880027,16.764786960880027,97981,,,0.4367194663207958,Advisory
322672,6314.0,5458.35971,RUS,Russia,Krasnoyarsk,2.298915965,0.0,0.65,0.49,,,,,,,,,,,,,,,,,,,,,,,,,,1.8399489238651536,45.9783193,0.0,,,,,,,,,,,,,,,,,0.0,0.0,18.5625,0.340074692532901,0.0,0.0,0.6496875,1.1902614238651537,1.8399489238651536,20747,,,0.0003628940586595,Information
322676,6318.0,27300.71585,RUS,Russia,Tuva,2.311373599,0.0,0.65,0.49,,,,,,,,,,,,,,,,,,,,,,,,,,0.3295109047579013,46.22747198,0.0,,,,,,,,,,,,,,,,,0.0,0.0,6.890625,0.0252397227879718,0.0,0.0,0.241171875,0.0883390297579013,0.3295109047579013,65709,,,1.744548315670775e-07,Information
322677,6319.0,8956.74617,RUS,Russia,Tuva,3.173140675,0.0,0.65,0.49,,,,,,,,,,,,,,,,,,,,,,,,,,0.3229280736392242,63.4628135,0.0,,,,,,,,,,,,,,,,,0.0,0.0,4.359375,0.0486714138969212,0.0,0.0,0.152578125,0.1703499486392242,0.3229280736392242,27616,,,1.1300535017667465e-06,Information
322678,6320.0,6602.949935,RUS,Russia,Tuva,1.697233591,0.0,0.65,0.49,,,,,,,,,,,,,,,,,,,,,,,,,,0.4207816098342521,33.94467182,0.0,,,,,,,,,,,,,,,,,0.0,0.0,4.78125,0.0724108170955006,0.0,0.0,0.16734375,0.2534378598342521,0.4207816098342521,13341,,,2.1392036479923157e-07,Information
322683,6324.0,347.3697374,RUS,Russia,Tuva,0.677694176,0.0,0.65,0.49,,,,,,,,,,,,,,,,,,,,,,,,,,9.969594169597762,13.55388352,0.0,,,,,,,,,,,,,,,,,0.0,0.0,9.5625,2.752830477027932,0.0,0.0,0.3346875,9.634906669597765,9.969594169597762,55,,,0.0153870543209264,Information
322691,6331.0,6981.902146,RUS,Russia,Tuva,3.592861822,0.0,0.65,0.49,,,,,,,,,,,,,,,,,,,,,,,,,,0.706309695387358,71.85723644000001,0.0,,,,,,,,,,,,,,,,,0.0,0.0,8.296875,0.1188340201106737,0.0,0.0,0.290390625,0.415919070387358,0.706309695387358,61346,,,0.0001143550332201,Information
322693,6333.0,6956.453434,RUS,Russia,Tuva,4.031748652,0.0,0.65,0.49,,,,,,,,,,,,,,,,,,,,,,,,,,0.2399427956706343,80.63497304,0.0,,,,,,,,,,,,,,,,,0.0,0.0,2.8125,0.0404300844773241,0.0,0.0,0.0984375,0.1415052956706343,0.2399427956706343,643,,,5.646110341343661e-06,Information
322694,6334.0,12250.16117,RUS,Russia,Tuva,4.018742161,0.0,0.65,0.49,,,,,,,,,,,,,,,,,,,,,,,,,,0.2056126235093878,80.37484321999999,0.0,,,,,,,,,,,,,,,,,0.0,0.0,3.234375,0.0264027138598251,0.0,0.0,0.113203125,0.0924094985093878,0.2056126235093878,2047,,,2.575110789145873e-06,Information
322697,6337.0,9677.567938,MNG,Mongolia,Hövsgöl,4.026130015,0.0,0.62,0.53,,,,,,,,,,,,,,,,,,,,,,,,,,0.6404950024716733,80.5226003,0.0,,,,,,,,,,,,,,,,,0.0,0.0,9.0,0.0929985721347638,0.0,0.0,0.315,0.3254950024716733,0.6404950024716733,1450,,,0.0003191809004715,Information
322698,6338.0,2852.243046,MNG,Mongolia,Hövsgöl,4.054446092,0.0,0.62,0.53,,,,,,,,,,,,,,,,,,,,,,,,,,1.818598514733801,81.08892184,0.0,,,,,,,,,,,,,,,,,0.0,0.0,11.53125,0.4042870756382289,0.0,0.0,0.40359375,1.415004764733801,1.818598514733801,0,,,0.0095985385459356,Information
322699,6339.0,7961.035071,MNG,Mongolia,Hövsgöl,4.088653193,0.0,0.62,0.53,,,,,,,,,,,,,,,,,,,,,,,,,,1.843318965980384,81.77306386,0.0,,,,,,,,,,,,,,,,,0.0,0.0,23.34375,0.293225061708681,0.0,0.0,0.81703125,1.0262877159803836,1.843318965980384,8187,,,0.01097208719442,Information
322726,6346.0,3096.630435,RUS,Russia,Irkutsk,3.033793876,0.0,0.65,0.49,,,,,,,,,,,,,,,,,,,,,,,,,,20.399844184501617,60.67587752,0.0,,,,,,,,,,,,,,,,,0.0,0.0,137.8125,4.450401909857605,0.0,0.0,4.8234375,15.576406684501617,20.399844184501617,41,,,0.2558120620698325,Information
322727,6347.0,4573.707884,RUS,Russia,Irkutsk,3.017834524,0.0,0.65,0.49,,,,,,,,,,,,,,,,,,,,,,,,,,5.6145537430204016,60.35669048,0.0,,,,,,,,,,,,,,,,,0.0,0.0,50.34375,1.1007207122915434,0.0,0.0,1.76203125,3.852522493020402,5.6145537430204016,21609,,,0.025317508140714,Information
322728,6348.0,3913.679969,RUS,Russia,Irkutsk,2.193038679,0.0,0.65,0.49,,,,,,,,,,,,,,,,,,,,,,,,,,2.362223842907204,43.86077358,0.0,,,,,,,,,,,,,,,,,0.0,0.0,18.984375,0.4850773479734869,0.0,0.0,0.664453125,1.697770717907204,2.362223842907204,9492,,,0.0007668472137916,Information
322729,6349.0,27512.27041,RUS,Russia,Irkutsk,2.590762263,0.0,0.65,0.49,,,,,,,,,,,,,,,,,,,,,,,,,,4.462714912564939,51.81524526,0.0,,,,,,,,,,,,,,,,,0.0,0.0,93.515625,0.3399051535899828,0.0,0.0,3.273046875,1.1896680375649398,4.462714912564939,33510,,,0.008673120584121,Information
322736,6355.0,11717.69717,RUS,Russia,Irkutsk,2.399723286,0.0,0.65,0.49,,,,,,,,,,,,,,,,,,,,,,,,,,35.48556171234144,47.99446572,0.0,,,,,,,,,,,,,,,,,0.0,0.0,547.03125,4.66841941781184,0.0,0.0,19.14609375,16.33946796234144,35.48556171234144,236,,,0.3511475217450623,Advisory
322741,6359.0,2350.893728,RUS,Russia,Irkutsk,2.08048717,0.0,0.65,0.49,,,,,,,,,,,,,,,,,,,,,,,,,,32.24500294011635,41.6097434,0.0,,,,,,,,,,,,,,,,,0.0,0.0,175.359375,7.459264232890386,0.0,0.0,6.137578125,26.10742481511636,32.24500294011635,6001,,,0.2763276426335756,Information
322743,6361.0,11054.26449,RUS,Russia,Irkutsk,2.669499019,0.0,0.65,0.49,,,,,,,,,,,,,,,,,,,,,,,,,,8.474405345489785,53.38998038,0.0,,,,,,,,,,,,,,,,,0.0,0.0,127.125,1.1500086701399383,0.0,0.0,4.449375,4.025030345489784,8.474405345489785,17111,,,0.0441191264799163,Information
322744,6362.0,3310.063882,RUS,Russia,Irkutsk,1.853388236,0.0,0.65,0.49,,,,,,,,,,,,,,,,,,,,,,,,,,4.274921019174798,37.06776472,0.0,,,,,,,,,,,,,,,,,0.0,0.0,30.375,0.9176560054785136,0.0,0.0,1.063125,3.2117960191747974,4.274921019174798,15163,,,0.0035801781927731,Information
322745,6363.0,831.4604786,RUS,Russia,Irkutsk,0.358292793,0.0,0.65,0.49,,,,,,,,,,,,,,,,,,,,,,,,,,5.06527559299044,7.16585586,0.0,,,,,,,,,,,,,,,,,0.0,0.0,11.109375,1.3361278479972685,0.0,0.0,0.388828125,4.67644746799044,5.06527559299044,72556,,,0.001816382100207,Information
322746,6364.0,4558.634948,RUS,Russia,Irkutsk,2.30076253,0.0,0.65,0.49,,,,,,,,,,,,,,,,,,,,,,,,,,4.511264773821109,46.0152506,0.0,,,,,,,,,,,,,,,,,0.0,0.0,40.359375,0.8853390425203167,0.0,0.0,1.412578125,3.0986866488211087,4.511264773821109,2327,,,0.0065300902689406,Information
322747,6365.0,12367.53735,RUS,Russia,Buryat,3.053462478,0.0,0.65,0.49,,,,,,,,,,,,,,,,,,,,,,,,,,5.3320270348924765,61.06924956,0.0,,,,,,,,,,,,,,,,,0.0,0.0,84.234375,0.6810925456835646,0.0,0.0,2.948203125,2.383823909892476,5.3320270348924765,2507,,,0.0234029162324449,Information
322751,6368.0,38685.24746,RUS,Russia,Irkutsk,3.052745634,0.0,0.65,0.49,,,,,,,,,,,,,,,,,,,,,,,,,,46.03709254215898,61.05491268,0.0,,,,,,,,,,,,,,,,,0.0,0.0,1219.921875,3.1534550120454226,0.0,0.0,35.0,11.03709254215898,46.03709254215898,199875,,,0.5664309501595663,Advisory
322752,6369.0,18183.57988,RUS,Russia,Irkutsk,2.279669784,0.0,0.65,0.49,,,,,,,,,,,,,,,,,,,,,,,,,,6.240230777649369,45.59339568,0.0,,,,,,,,,,,,,,,,,0.0,0.0,115.03125,0.632610579328391,0.0,0.0,4.02609375,2.2141370276493686,6.240230777649369,60136,,,0.015175917020639,Information
322753,6370.0,620.6055115,RUS,Russia,Irkutsk,3.239194484,0.0,0.65,0.49,,,,,,,,,,,,,,,,,,,,,,,,,,23.8369488735245,64.78388968,0.0,,,,,,,,,,,,,,,,,0.0,0.0,39.796875,6.412588071007,0.0,0.0,1.392890625,22.4440582485245,23.8369488735245,68357,,,0.3481696326879612,Information
322754,6371.0,9180.227011,RUS,Russia,Irkutsk,2.541746751,0.0,0.65,0.49,,,,,,,,,,,,,,,,,,,,,,,,,,1.1620086090328328,50.83493502,0.0,,,,,,,,,,,,,,,,,0.0,0.0,15.890625,0.1730962097236665,0.0,0.0,0.556171875,0.6058367340328327,1.1620086090328328,155319,,,9.018494568668725e-05,Information
322755,6372.0,10841.67128,RUS,Russia,Irkutsk,2.845107677,0.0,0.65,0.49,,,,,,,,,,,,,,,,,,,,,,,,,,3.500810560539512,56.90215354,0.0,,,,,,,,,,,,,,,,,0.0,0.0,52.03125,0.479919088725575,0.0,0.0,1.82109375,1.6797168105395124,3.500810560539512,464612,,,0.0060283832025373,Information
322756,6373.0,15104.50309,RUS,Russia,Buryat,3.881037223,0.0,0.65,0.49,,,,,,,,,,,,,,,,,,,,,,,,,,2.576833279813239,77.62074446,0.0,,,,,,,,,,,,,,,,,0.0,0.0,44.296875,0.2932693299466398,0.0,0.0,1.550390625,1.0264426548132393,2.576833279813239,198522,,,0.015325544385291,Information
322757,6374.0,2119.670077,RUS,Russia,Irkutsk,4.005103381,0.0,0.65,0.49,,,,,,,,,,,,,,,,,,,,,,,,,,17.222830622708763,80.10206761999999,0.0,,,,,,,,,,,,,,,,,0.0,0.0,86.0625,4.06018374934536,0.0,0.0,3.0121875,14.210643122708762,17.222830622708763,163554,,,0.4426002201468174,Advisory
322758,6375.0,9412.383806,RUS,Russia,Irkutsk,2.309576353,0.0,0.65,0.49,,,,,,,,,,,,,,,,,,,,,,,,,,5.15671979434878,46.191527060000006,0.0,,,,,,,,,,,,,,,,,0.0,0.0,71.4375,0.7589735126710797,0.0,0.0,2.5003125,2.656407294348779,5.15671979434878,41124,,,0.0095102164504704,Information
322759,6376.0,12158.50878,RUS,Russia,Buryat,3.050223963,0.0,0.65,0.49,,,,,,,,,,,,,,,,,,,,,,,,,,2.8614191548033103,61.00447926,0.0,,,,,,,,,,,,,,,,,0.0,0.0,44.859375,0.368954579943803,0.0,0.0,1.570078125,1.2913410298033106,2.8614191548033103,13344,,,0.0044990137237082,Information
322761,6377.0,8611.563423,RUS,Russia,Buryat,3.625271357,0.0,0.65,0.49,,,,,,,,,,,,,,,,,,,,,,,,,,10.105435564962187,72.50542714,0.0,,,,,,,,,,,,,,,,,0.0,0.0,133.59375,1.551329804274911,0.0,0.0,4.67578125,5.429654314962189,10.105435564962187,10668,,,0.158433908297602,Information
322762,6378.0,3746.45693,RUS,Russia,Irkutsk,3.55608623,0.0,0.65,0.49,,,,,,,,,,,,,,,,,,,,,,,,,,9.93260811018396,71.1217246,0.0,,,,,,,,,,,,,,,,,0.0,0.0,77.34375,2.0644505314811314,0.0,0.0,2.70703125,7.22557686018396,9.93260811018396,3237,,,0.1429257547973295,Information
322765,6381.0,5486.219497,RUS,Russia,Irkutsk,3.279121378,0.0,0.65,0.49,,,,,,,,,,,,,,,,,,,,,,,,,,6.224161101879236,65.58242756,0.0,,,,,,,,,,,,,,,,,0.0,0.0,63.0,1.1483317433940674,0.0,0.0,2.205,4.019161101879236,6.224161101879236,2060,,,0.0436210484948232,Information
322768,6384.0,5405.506413,RUS,Russia,Buryat,0.710912644,0.0,0.65,0.49,,,,,,,,,,,,,,,,,,,,,,,,,,2.4828097279429207,14.21825288,0.0,,,,,,,,,,,,,,,,,0.0,0.0,24.890625,0.4604679579836916,0.0,0.0,0.871171875,1.6116378529429207,2.4828097279429207,147,,,0.0001982403087244,Information
322769,6385.0,7982.173816,RUS,Russia,Buryat,2.388981598,0.0,0.65,0.49,,,,,,,,,,,,,,,,,,,,,,,,,,2.20650373502309,47.77963196,0.0,,,,,,,,,,,,,,,,,0.0,0.0,27.984375,0.3505858885780258,0.0,0.0,0.979453125,1.2270506100230902,2.20650373502309,6247,,,0.0007779145816878,Information
322771,6386.0,3099.877896,RUS,Russia,Buryat,3.306462807,0.0,0.65,0.49,,,,,,,,,,,,,,,,,,,,,,,,,,11.065342789503305,66.12925614,0.0,,,,,,,,,,,,,,,,,0.0,0.0,74.8125,2.413401511286658,0.0,0.0,2.6184375,8.446905289503302,11.065342789503305,47230,,,0.1316268869392853,Information
322772,6387.0,2638.228585,RUS,Russia,Buryat,3.924065304,0.0,0.65,0.49,,,,,,,,,,,,,,,,,,,,,,,,,,0.542290754622483,78.48130608,0.0,,,,,,,,,,,,,,,,,0.0,0.0,3.234375,0.1225964656064237,0.0,0.0,0.113203125,0.429087629622483,0.542290754622483,9693,,,0.0001162174627811,Information
322775,6390.0,2193.409498,RUS,Russia,Buryat,2.264605802,0.0,0.65,0.49,,,,,,,,,,,,,,,,,,,,,,,,,,1.0397277035346408,45.29211604,0.0,,,,,,,,,,,,,,,,,0.0,0.0,5.34375,0.2436275581527545,0.0,0.0,0.18703125,0.8526964535346407,1.0397277035346408,28653,,,3.699929702700111e-05,Information
322777,6392.0,344.8052579,RUS,Russia,Buryat,3.615924252,0.0,0.65,0.49,,,,,,,,,,,,,,,,,,,,,,,,,,3.986968309562743,72.31848504,0.0,,,,,,,,,,,,,,,,,0.0,0.0,3.796875,1.1011650527322123,0.0,0.0,0.132890625,3.854077684562743,3.986968309562743,493,,,0.0263278576285138,Information
322779,6394.0,485.1981518,RUS,Russia,Buryat,2.590990858,0.0,0.65,0.49,,,,,,,,,,,,,,,,,,,,,,,,,,1.9145230052622315,51.81981716,0.0,,,,,,,,,,,,,,,,,0.0,0.0,2.53125,0.521694072932066,0.0,0.0,0.08859375,1.825929255262232,1.9145230052622315,641,,,0.0006288096844948,Information
322784,6398.0,13822.87993,RUS,Russia,Zabaykal'ye,4.022259864,0.0,0.65,0.49,,,,,,,,,,,,,,,,,,,,,,,,,,0.2290287855477286,80.44519727999999,0.0,,,,,,,,,,,,,,,,,0.0,0.0,3.796875,0.0274680458707796,0.0,0.0,0.132890625,0.0961381605477286,0.2290287855477286,623,,,4.351289137440101e-06,Information
322788,6402.0,2123.580821,RUS,Russia,Zabaykal'ye,4.012935666,0.0,0.65,0.49,,,,,,,,,,,,,,,,,,,,,,,,,,0.1123964744060707,80.25871332,0.0,,,,,,,,,,,,,,,,,0.0,0.0,0.5625,0.0264882784017345,0.0,0.0,0.0196875,0.0927089744060707,0.1123964744060707,15,,,1.1803122891278853e-07,Information
322791,6404.0,350.6890535,RUS,Russia,Buryat,4.000656135,0.0,0.65,0.49,,,,,,,,,,,,,,,,,,,,,,,,,,0.2905411342282974,80.0131227,0.0,,,,,,,,,,,,,,,,,0.0,0.0,0.28125,0.0801992526366564,0.0,0.0,0.00984375,0.2806973842282974,0.2905411342282974,1700,,,1.162828432211317e-05,Information
322792,6405.0,1194.374549,RUS,Russia,Buryat,3.36921874,0.0,0.65,0.49,,,,,,,,,,,,,,,,,,,,,,,,,,3.044624996642097,67.3843748,0.0,,,,,,,,,,,,,,,,,0.0,0.0,9.28125,0.7770803561834565,0.0,0.0,0.32484375,2.7197812466420976,3.044624996642097,30633,,,0.0088600913585414,Information
322793,6406.0,194.1022951,RUS,Russia,Buryat,0.620014886,0.0,0.65,0.49,,,,,,,,,,,,,,,,,,,,,,,,,,1.0339722612083695,12.40029772,0.0,,,,,,,,,,,,,,,,,0.0,0.0,0.5625,0.2897956460595342,0.0,0.0,0.0196875,1.0142847612083696,1.0339722612083695,433,,,4.511136951863084e-06,Information
322795,6408.0,971.5763286,RUS,Russia,Buryat,1.641502591,0.0,0.65,0.49,,,,,,,,,,,,,,,,,,,,,,,,,,0.1111610599210867,32.83005182,0.0,,,,,,,,,,,,,,,,,0.0,0.0,0.28125,0.0289478028345962,0.0,0.0,0.00984375,0.1013173099210867,0.1111610599210867,7493,,,7.567851639104577e-11,Information
322796,6409.0,23762.77344,RUS,Russia,Buryat,3.287714973,0.0,0.65,0.49,,,,,,,,,,,,,,,,,,,,,,,,,,0.118883200486142,65.75429946,0.0,,,,,,,,,,,,,,,,,0.0,0.0,2.390625,0.0100603787103263,0.0,0.0,0.083671875,0.035211325486142,0.118883200486142,54747,,,7.429882300839131e-09,Information
322799,6412.0,297.7007394,MNG,Mongolia,Selenge,1.673987286,0.0,0.62,0.53,,,,,,,,,,,,,,,,,,,,,,,,,,0.3405029891590956,33.47974572,0.0,,,,,,,,,,,,,,,,,0.0,0.0,0.28125,0.0944740683311702,0.0,0.0,0.00984375,0.3306592391590957,0.3405029891590956,7204,,,6.643675903856296e-08,Information
322850,6418.0,8645.175643,MNG,Mongolia,Selenge,4.022231405,0.0,0.62,0.53,,,,,,,,,,,,,,,,,,,,,,,,,,0.1167658708460373,80.4446281,0.0,,,,,,,,,,,,,,,,,0.0,0.0,1.546875,0.0178929273845821,0.0,0.0,0.054140625,0.0626252458460373,0.1167658708460373,14138,,,1.520932794191076e-07,Information
322863,6421.0,7727.937975,MNG,Mongolia,Bulgan,4.015384894,0.0,0.62,0.53,,,,,,,,,,,,,,,,,,,,,,,,,,0.1241989318542035,80.30769788,0.0,,,,,,,,,,,,,,,,,0.0,0.0,1.546875,0.020016659101201,0.0,0.0,0.054140625,0.0700583068542035,0.1241989318542035,6010,,,2.0302591699445288e-07,Information
322865,6423.0,297.3868336,MNG,Mongolia,Arhangay,4.001431537,0.0,0.62,0.53,,,,,,,,,,,,,,,,,,,,,,,,,,11.588968530752627,80.02863074000001,0.0,,,,,,,,,,,,,,,,,0.0,0.0,9.5625,3.2155088659293227,0.0,0.0,0.3346875,11.25428103075263,11.588968530752627,0,,,0.2931360819777935,Information
322866,6424.0,4361.125496,MNG,Mongolia,Övörhangay,4.01868581,0.0,0.62,0.53,,,,,,,,,,,,,,,,,,,,,,,,,,0.1944919896097618,80.3737162,0.0,,,,,,,,,,,,,,,,,0.0,0.0,1.6875,0.0386941398885034,0.0,0.0,0.0590625,0.1354294896097619,0.1944919896097618,2690,,,1.9727387708213293e-06,Information
322869,6427.0,6929.059237,MNG,Mongolia,Övörhangay,3.765802665,0.0,0.62,0.53,,,,,,,,,,,,,,,,,,,,,,,,,,0.4449291442813657,75.3160533,0.0,,,,,,,,,,,,,,,,,0.0,0.0,5.203125,0.0750913626518188,0.0,0.0,0.182109375,0.2628197692813658,0.4449291442813657,19240,,,2.95979640233744e-05,Information
322891,6431.0,1761.851812,MNG,Mongolia,Töv,3.464312485,0.0,0.62,0.53,,,,,,,,,,,,,,,,,,,,,,,,,,0.1314307230377092,69.2862497,0.0,,,,,,,,,,,,,,,,,0.0,0.0,0.5625,0.0319266351536312,0.0,0.0,0.0196875,0.1117432230377092,0.1314307230377092,3518,,,2.4626563679458552e-08,Information
322892,6432.0,5461.391304,MNG,Mongolia,Töv,4.006817486,0.0,0.62,0.53,,,,,,,,,,,,,,,,,,,,,,,,,,0.1672080195382869,80.13634972,0.0,,,,,,,,,,,,,,,,,0.0,0.0,1.6875,0.030898719868082,0.0,0.0,0.0590625,0.108145519538287,0.1672080195382869,9009,,,8.87845985507846e-07,Information
322910,6441.0,10651.71132,MNG,Mongolia,Selenge,4.090505965,0.0,0.62,0.53,,,,,,,,,,,,,,,,,,,,,,,,,,0.4103322893361202,81.8101193,0.0,,,,,,,,,,,,,,,,,0.0,0.0,6.046875,0.0567690469531772,0.0,0.0,0.211640625,0.1986916643361202,0.4103322893361202,11726,,,7.482382856255879e-05,Information
322923,6444.0,3805.420961,MNG,Mongolia,Bulgan,4.128032747,0.0,0.62,0.53,,,,,,,,,,,,,,,,,,,,,,,,,,0.9820649631797844,82.56065493999999,0.0,,,,,,,,,,,,,,,,,0.0,0.0,7.734375,0.2032462394799384,0.0,0.0,0.270703125,0.7113618381797844,0.9820649631797844,5216,,,0.002008480796084,Information
322927,6448.0,12111.17037,MNG,Mongolia,Hövsgöl,4.028280574,0.0,0.62,0.53,,,,,,,,,,,,,,,,,,,,,,,,,,1.392797233508437,80.56561148,0.0,,,,,,,,,,,,,,,,,0.0,0.0,21.796875,0.1799733167166964,0.0,0.0,0.762890625,0.6299066085084374,1.392797233508437,10035,,,0.0041978255838432,Information
322928,6449.0,3188.734431,MNG,Mongolia,Hövsgöl,2.368617646,0.0,0.62,0.53,,,,,,,,,,,,,,,,,,,,,,,,,,0.3867844030261644,47.37235292,0.0,,,,,,,,,,,,,,,,,0.0,0.0,2.671875,0.083791079436047,0.0,0.0,0.093515625,0.2932687780261644,0.3867844030261644,1978,,,4.481703086169542e-07,Information
322929,6450.0,858.3383541,MNG,Mongolia,Hövsgöl,4.037049789,0.0,0.62,0.53,,,,,,,,,,,,,,,,,,,,,,,,,,1.3075392243611028,80.74099578,0.0,,,,,,,,,,,,,,,,,0.0,0.0,2.953125,0.3440513855317437,0.0,0.0,0.103359375,1.204179849361103,1.3075392243611028,0,,,0.0035744021801222,Information
322940,6452.0,15393.63603,MNG,Mongolia,Arhangay,4.018698268,0.0,0.62,0.53,,,,,,,,,,,,,,,,,,,,,,,,,,0.5764645499490808,80.37396536,0.0,,,,,,,,,,,,,,,,,0.0,0.0,9.984375,0.0648604071283088,0.0,0.0,0.349453125,0.2270114249490808,0.5764645499490808,17035,,,0.0002095947302243,Information
322960,6454.0,23589.7592,MNG,Mongolia,Hövsgöl,4.178504713,0.0,0.62,0.53,,,,,,,,,,,,,,,,,,,,,,,,,,1.1143229801856456,83.57009425999999,0.0,,,,,,,,,,,,,,,,,0.0,0.0,22.359375,0.0947842443387559,0.0,0.0,0.782578125,0.3317448551856456,1.1143229801856456,46410,,,0.0035634457194563,Information
322990,6457.0,23012.87581,MNG,Mongolia,Dzavhan,4.039832848,0.0,0.62,0.53,,,,,,,,,,,,,,,,,,,,,,,,,,0.3106674270832216,80.79665695999999,0.0,,,,,,,,,,,,,,,,,0.0,0.0,6.1875,0.0268871220237776,0.0,0.0,0.2165625,0.0941049270832216,0.3106674270832216,27223,,,1.860801012483125e-05,Information
331292,6477.0,4504.650395,RUS,Russia,Krasnoyarsk,3.893449365,0.0,0.65,0.49,,,,,,,,,,,,,,,,,,,,,,,,,,0.3328097561235261,77.8689873,0.0,,,,,,,,,,,,,,,,,0.0,0.0,2.953125,0.0655572517495789,0.0,0.0,0.103359375,0.2294503811235261,0.3328097561235261,0,,,1.351390073032956e-05,Information
331298,6483.0,920.9551397,RUS,Russia,Krasnoyarsk,3.893449365,0.0,0.65,0.49,,,,,,,,,,,,,,,,,,,,,,,,,,5.077757772504082,77.8689873,0.0,,,,,,,,,,,,,,,,,0.0,0.0,12.234375,1.3284441850011663,0.0,0.0,0.428203125,4.6495546475040825,5.077757772504082,0,,,0.0704955697220839,Information
331644,6523.0,7057.681591,RUS,Russia,Krasnoyarsk,3.170205387,0.0,0.65,0.49,,,,,,,,,,,,,,,,,,,,,,,,,,0.5828873121174464,63.40410774,0.0,,,,,,,,,,,,,,,,,0.0,0.0,6.890625,0.0976329820335561,0.0,0.0,0.241171875,0.3417154371174463,0.5828873121174464,171,,,1.7388211973000703e-05,Information
331647,6526.0,8834.168579,RUS,Russia,Krasnoyarsk,4.005911874,0.0,0.65,0.49,,,,,,,,,,,,,,,,,,,,,,,,,,0.5456506718983911,80.11823747999999,0.0,,,,,,,,,,,,,,,,,0.0,0.0,7.3125,0.0827751919709689,0.0,0.0,0.2559375,0.2897131718983911,0.5456506718983911,205,,,0.0001618353435081,Information
331648,6527.0,9764.306547,RUS,Russia,Krasnoyarsk,2.252908361,0.0,0.65,0.49,,,,,,,,,,,,,,,,,,,,,,,,,,3.168092661827586,45.05816722,0.0,,,,,,,,,,,,,,,,,0.0,0.0,44.71875,0.457981831950739,0.0,0.0,1.56515625,1.6029364118275864,3.168092661827586,11,,,0.0021644410611611,Information
331649,6528.0,15946.58733,RUS,Russia,Krasnoyarsk,1.202529837,0.0,0.65,0.49,,,,,,,,,,,,,,,,,,,,,,,,,,7.720049814932007,24.05059674,0.0,,,,,,,,,,,,,,,,,0.0,0.0,135.5625,0.8501035185520018,0.0,0.0,4.7446875,2.9753623149320063,7.720049814932007,276,,,0.0111199192875015,Information
331684,6535.0,3918.715108,RUS,Russia,Krasnoyarsk,0.834085224,0.0,0.65,0.49,,,,,,,,,,,,,,,,,,,,,,,,,,4.7026029741387365,16.68170448,0.0,,,,,,,,,,,,,,,,,0.0,0.0,37.828125,0.9653195997539248,0.0,0.0,1.323984375,3.3786185991387367,4.7026029741387365,0,,,0.0020230058261041,Information
331685,6536.0,5134.013634,RUS,Russia,Krasnoyarsk,3.234348118,0.0,0.65,0.49,,,,,,,,,,,,,,,,,,,,,,,,,,61.2040625,64.68696236000001,0.0,3.0,,,,,,,,,,,,,,,,0.0,0.0,748.6875,14.582888816212575,0.0,0.0,26.2040625,35.0,61.2040625,0,0.0,0.0,0.7088270528172208,Watch
331687,6538.0,3177.789417,RUS,Russia,Krasnoyarsk,2.914917629,0.0,0.65,0.49,,,,,,,,,,,,,,,,,,,,,,,,,,5.286251150302962,58.29835258,0.0,,,,,,,,,,,,,,,,,0.0,0.0,36.421875,1.1461387215151322,0.0,0.0,1.274765625,4.011485525302962,5.286251150302962,0,,,0.0194411044492701,Information
331688,6539.0,1737.453544,RUS,Russia,Krasnoyarsk,2.596800308,0.0,0.65,0.49,,,,,,,,,,,,,,,,,,,,,,,,,,51.138828125,51.936006160000005,0.0,,,,,,,,,,,,,,,,,0.0,0.0,461.109375,26.53937865395775,0.0,0.0,16.138828125,35.0,51.138828125,0,,,0.5247228550681297,Advisory
331689,6540.0,4540.809665,RUS,Russia,Krasnoyarsk,4.005014274,0.0,0.65,0.49,,,,,,,,,,,,,,,,,,,,,,,,,,2.75818835160318,80.10028548,0.0,,,,,,,,,,,,,,,,,0.0,0.0,24.609375,0.5419600647437658,0.0,0.0,0.861328125,1.89686022660318,2.75818835160318,0,,,0.0240699532142242,Information
331697,6547.0,4603.034965,RUS,Russia,Krasnoyarsk,3.018849698,0.0,0.65,0.49,,,,,,,,,,,,,,,,,,,,,,,,,,2.404640469433297,60.37699396,0.0,,,,,,,,,,,,,,,,,0.0,0.0,21.65625,0.4704776341237991,0.0,0.0,0.75796875,1.646671719433297,2.404640469433297,2,,,0.0025392688213334,Information
331698,6548.0,11915.46898,RUS,Russia,Krasnoyarsk,3.750033638,0.0,0.65,0.49,,,,,,,,,,,,,,,,,,,,,,,,,,13.642170105849068,75.00067276,0.0,,,,,,,,,,,,,,,,,0.0,0.0,211.921875,1.778544137385448,0.0,0.0,7.417265625,6.224904480849068,13.642170105849068,0,,,0.2723625790886012,Information
331762,6565.0,16129.65778,RUS,Russia,Sakha,2.06630064,0.0,0.65,0.49,,,,,,,,,,,,,,,,,,,,,,,,,,1.004638213865377,41.3260128,0.0,,,,,,,,,,,,,,,,,0.0,0.0,17.71875,0.1098519896758221,0.0,0.0,0.62015625,0.3844819638653773,1.004638213865377,65,,,2.3773461804687956e-05,Information
331768,6571.0,3306.87807,RUS,Russia,Sakha,3.326503336,0.0,0.65,0.49,,,,,,,,,,,,,,,,,,,,,,,,,,6.714107236944587,66.53006672000001,0.0,,,,,,,,,,,,,,,,,0.0,0.0,47.671875,1.441597603412739,0.0,0.0,1.668515625,5.0455916119445865,6.714107236944587,0,,,0.0540890016796077,Information
331835,6582.0,1923.244458,RUS,Russia,Sakha,4.019150722,0.0,0.65,0.49,,,,,,,,,,,,,,,,,,,,,,,,,,5.8585719394456754,80.38301444,0.0,,,,,,,,,,,,,,,,,0.0,0.0,27.0,1.4038776969844786,0.0,0.0,0.945,4.913571939445675,5.8585719394456754,0,,,0.1134294346768464,Information
342116,6611.0,5817.222646,RUS,Russia,Sakha,3.656228984,0.0,0.65,0.49,,,,,,,,,,,,,,,,,,,,,,,,,,0.3211858199054032,73.12457968000001,0.0,,,,,,,,,,,,,,,,,0.0,0.0,3.375,0.0580173771158295,0.0,0.0,0.118125,0.2030608199054032,0.3211858199054032,0,,,4.778797554334804e-06,Information
342199,6638.0,859.6996093,RUS,Russia,Sakha,1.705415113,0.0,0.65,0.49,,,,,,,,,,,,,,,,,,,,,,,,,,16.289319968055654,34.10830226,0.0,,,,,,,,,,,,,,,,,0.0,0.0,36.84375,4.2856539194444725,0.0,0.0,1.28953125,14.999788718055656,16.289319968055654,0,,,0.0811312164577087,Information
342299,6695.0,5019.617342,RUS,Russia,Krasnoyarsk,1.528473291,0.0,0.65,0.49,,,,,,,,,,,,,,,,,,,,,,,,,,1.0750822636578714,30.56946582,0.0,,,,,,,,,,,,,,,,,0.0,0.0,10.265625,0.2045101110451061,0.0,0.0,0.359296875,0.7157853886578713,1.0750822636578714,0,,,1.5368944109743254e-05,Information
342307,6702.0,45.61329812,RUS,Russia,Sakha,2.581635731,0.0,0.65,0.49,,,,,,,,,,,,,,,,,,,,,,,,,,16.25948626556486,51.63271462,0.0,,,,,,,,,,,,,,,,,0.0,0.0,2.109375,4.624473754447103,0.0,0.0,0.073828125,16.18565814056486,16.25948626556486,0,,,0.1378241637075806,Information
342424,6717.0,3252.601511,RUS,Russia,Sakha,0.6677497,0.0,0.65,0.49,,,,,,,,,,,,,,,,,,,,,,,,,,0.6818357633139069,13.354994,0.0,,,,,,,,,,,,,,,,,0.0,0.0,4.78125,0.1469977180896877,0.0,0.0,0.16734375,0.5144920133139069,0.6818357633139069,5193,,,6.337415820915138e-07,Information
342463,6752.0,1844.185518,RUS,Russia,Sakha,2.739125494,0.0,0.65,0.49,,,,,,,,,,,,,,,,,,,,,,,,,,0.2212734023466452,54.78250988,0.0,,,,,,,,,,,,,,,,,0.0,0.0,0.984375,0.0533772220990415,0.0,0.0,0.034453125,0.1868202773466452,0.2212734023466452,0,,,5.1929220628908886e-08,Information
342485,6764.0,4774.082672,RUS,Russia,Sakha,1.853102505,0.0,0.65,0.49,,,,,,,,,,,,,,,,,,,,,,,,,,0.6397207824736428,37.0620501,0.0,,,,,,,,,,,,,,,,,0.0,0.0,5.90625,0.1237148664210408,0.0,0.0,0.20671875,0.4330020324736428,0.6397207824736428,4,,,2.228229390518756e-06,Information
342542,6790.0,4126.092524,RUS,Russia,Sakha,3.565008746,0.0,0.65,0.49,,,,,,,,,,,,,,,,,,,,,,,,,,1.718754450155548,71.30017492,0.0,,,,,,,,,,,,,,,,,0.0,0.0,14.34375,0.3476352000444423,0.0,0.0,0.50203125,1.216723200155548,1.718754450155548,8684,,,0.0024366530045207,Information
342545,6793.0,86.26832092,RUS,Russia,Sakha,4.036179633,0.0,0.65,0.49,,,,,,,,,,,,,,,,,,,,,,,,,,10.933604316279888,80.72359266,0.0,,,,,,,,,,,,,,,,,0.0,0.0,2.671875,3.0971681975085392,0.0,0.0,0.093515625,10.840088691279888,10.933604316279888,0,,,0.2853431906232765,Information
342628,6811.0,3276.605546,RUS,Russia,Zabaykal'ye,2.475310247,0.0,0.65,0.49,,,,,,,,,,,,,,,,,,,,,,,,,,0.2193745057309354,49.50620494,0.0,,,,,,,,,,,,,,,,,0.0,0.0,1.546875,0.0472096802088387,0.0,0.0,0.054140625,0.1652338807309354,0.2193745057309354,69,,,2.681649171487157e-08,Information
342862,6859.0,2746.652266,RUS,Russia,Irkutsk,2.65739135,0.0,0.65,0.49,,,,,,,,,,,,,,,,,,,,,,,,,,1.8273133413909608,53.14782700000001,0.0,,,,,,,,,,,,,,,,,0.0,0.0,11.25,0.4095895261117031,0.0,0.0,0.39375,1.4335633413909608,1.8273133413909608,19,,,0.0005890071776508,Information
342863,6860.0,3176.583763,RUS,Russia,Irkutsk,3.734332262,0.0,0.65,0.49,,,,,,,,,,,,,,,,,,,,,,,,,,21.74316207294187,74.68664524,0.0,,,,,,,,,,,,,,,,,0.0,0.0,149.765625,4.714675770840534,0.0,0.0,5.241796875,16.50136519794187,21.74316207294187,93,,,0.4395805360217348,Advisory
342864,6861.0,4773.034844,RUS,Russia,Buryat,2.105345663,0.0,0.65,0.49,,,,,,,,,,,,,,,,,,,,,,,,,,3.4580522762884933,42.10691326,0.0,,,,,,,,,,,,,,,,,0.0,0.0,31.921875,0.6687961860824266,0.0,0.0,1.117265625,2.3407866512884934,3.4580522762884933,47,,,0.0024169997761443,Information
342868,6865.0,5730.29963,RUS,Russia,Irkutsk,2.012782457,0.0,0.65,0.49,,,,,,,,,,,,,,,,,,,,,,,,,,4.3100362883615215,40.25564914,0.0,,,,,,,,,,,,,,,,,0.0,0.0,44.859375,0.7828451895318632,0.0,0.0,1.570078125,2.7399581633615213,4.3100362883615215,476,,,0.0042802026642915,Information
342891,6869.0,7734.301151,RUS,Russia,Irkutsk,4.000615659,0.0,0.65,0.49,,,,,,,,,,,,,,,,,,,,,,,,,,4.75122586459911,80.01231318,0.0,,,,,,,,,,,,,,,,,0.0,0.0,59.203125,0.7654618541711742,0.0,0.0,2.072109375,2.6791164895991098,4.75122586459911,1816,,,0.0753996712663466,Information
342894,6872.0,10348.20837,RUS,Russia,Irkutsk,4.014307041,0.0,0.65,0.49,,,,,,,,,,,,,,,,,,,,,,,,,,0.2709877271586285,80.28614082000001,0.0,,,,,,,,,,,,,,,,,0.0,0.0,3.9375,0.0380500649024653,0.0,0.0,0.1378125,0.1331752271586285,0.2709877271586285,1047,,,9.054966083220127e-06,Information
342895,6873.0,474.457601,RUS,Russia,Irkutsk,4.030130293,0.0,0.65,0.49,,,,,,,,,,,,,,,,,,,,,,,,,,1.955857543616236,80.60260586,0.0,,,,,,,,,,,,,,,,,0.0,0.0,2.53125,0.5335039410332103,0.0,0.0,0.08859375,1.867263793616236,1.955857543616236,6043,,,0.0108863494095335,Information
342932,6881.0,9402.882033,RUS,Russia,Irkutsk,1.388207516,0.0,0.65,0.49,,,,,,,,,,,,,,,,,,,,,,,,,,0.9648491992739336,27.76415032,0.0,,,,,,,,,,,,,,,,,0.0,0.0,13.359375,0.1420774497925525,0.0,0.0,0.467578125,0.4972710742739337,0.9648491992739336,1346,,,7.954179231468541e-06,Information
342936,6885.0,3605.748151,RUS,Russia,Irkutsk,4.01846221,0.0,0.65,0.49,,,,,,,,,,,,,,,,,,,,,,,,,,1.207177061933761,80.3692442,0.0,,,,,,,,,,,,,,,,,0.0,0.0,9.140625,0.2535014819810746,0.0,0.0,0.319921875,0.887255186933761,1.207177061933761,134,,,0.0026450810045773,Information
342938,6887.0,6507.857707,RUS,Russia,Zabaykal'ye,2.407229586,0.0,0.65,0.49,,,,,,,,,,,,,,,,,,,,,,,,,,3.14618161369824,48.14459172,0.0,,,,,,,,,,,,,,,,,0.0,0.0,35.4375,0.5445340324852115,0.0,0.0,1.2403125,1.90586911369824,3.14618161369824,1384,,,0.0025372215798936,Information
342964,6894.0,16571.69095,RUS,Russia,Buryat,2.198732462,0.0,0.65,0.49,,,,,,,,,,,,,,,,,,,,,,,,,,0.9785986947746824,43.974649240000005,0.0,,,,,,,,,,,,,,,,,0.0,0.0,17.4375,0.1052246270784807,0.0,0.0,0.6103125,0.3682861947746824,0.9785986947746824,6430,,,2.589065527379788e-05,Information
342965,6895.0,9077.67605,RUS,Russia,Buryat,2.137992651,0.0,0.65,0.49,,,,,,,,,,,,,,,,,,,,,,,,,,2.1411727860836383,42.75985302,0.0,,,,,,,,,,,,,,,,,0.0,0.0,29.109375,0.3206699031667537,0.0,0.0,1.018828125,1.122344661083638,2.1411727860836383,400,,,0.0005082821927666,Information
342966,6896.0,3587.050849,RUS,Russia,Buryat,3.10272591,0.0,0.65,0.49,,,,,,,,,,,,,,,,,,,,,,,,,,2.050741558704227,62.0545182,0.0,,,,,,,,,,,,,,,,,0.0,0.0,15.46875,0.4312386596297791,0.0,0.0,0.54140625,1.5093353087042267,2.050741558704227,1534,,,0.0017617099965044,Information
342967,6897.0,747.8980199,RUS,Russia,Buryat,4.008362137,0.0,0.65,0.49,,,,,,,,,,,,,,,,,,,,,,,,,,0.7073131517977947,80.16724273999999,0.0,,,,,,,,,,,,,,,,,0.0,0.0,1.40625,0.1880269719422271,0.0,0.0,0.04921875,0.6580944017977948,0.7073131517977947,6,,,0.0004286234189556,Information
342994,6905.0,9927.614576,RUS,Russia,Zabaykal'ye,3.241922958,0.0,0.65,0.49,,,,,,,,,,,,,,,,,,,,,,,,,,0.2963891091021244,64.83845916,0.0,,,,,,,,,,,,,,,,,0.0,0.0,4.21875,0.042495102600607,0.0,0.0,0.14765625,0.1487328591021245,0.2963891091021244,497,,,8.939263285356025e-07,Information
342996,6907.0,10124.56712,RUS,Russia,Buryat,3.379650999,0.0,0.65,0.49,,,,,,,,,,,,,,,,,,,,,,,,,,1.9859883713912727,67.59301998,0.0,,,,,,,,,,,,,,,,,0.0,0.0,28.546875,0.2819564989689352,0.0,0.0,0.999140625,0.9868477463912732,1.9859883713912727,2331,,,0.002617087279033,Information
342997,6908.0,3229.581222,RUS,Russia,Buryat,4.006243051,0.0,0.65,0.49,,,,,,,,,,,,,,,,,,,,,,,,,,0.5242082039833001,80.12486102,0.0,,,,,,,,,,,,,,,,,0.0,0.0,3.65625,0.1132112725666572,0.0,0.0,0.12796875,0.3962394539833002,0.5242082039833001,41,,,0.0001388092851191,Information
342998,6909.0,6625.242944,RUS,Russia,Buryat,2.410024621,0.0,0.65,0.49,,,,,,,,,,,,,,,,,,,,,,,,,,5.2244086433259564,48.20049242,0.0,,,,,,,,,,,,,,,,,0.0,0.0,59.484375,0.8978444338074161,0.0,0.0,2.081953125,3.1424555183259564,5.2244086433259564,8055,,,0.0108941284759944,Information
351101,6912.0,1278.403361,RUS,Russia,Sakha,1.535399253,0.0,0.65,0.49,,,,,,,,,,,,,,,,,,,,,,,,,,0.5644866182626211,30.70798506,0.0,,,,,,,,,,,,,,,,,0.0,0.0,1.828125,0.1430006409321775,0.0,0.0,0.063984375,0.5005022432626212,0.5644866182626211,0,,,7.54016416383208e-07,Information
351214,6923.0,3026.319417,RUS,Russia,Sakha,2.759465963,0.0,0.65,0.49,,,,,,,,,,,,,,,,,,,,,,,,,,0.1906689821605964,55.18931926,0.0,,,,,,,,,,,,,,,,,0.0,0.0,1.265625,0.0418206020458847,0.0,0.0,0.044296875,0.1463721071605964,0.1906689821605964,18,,,2.3851966196299118e-08,Information
351224,6932.0,7097.377056,RUS,Russia,Sakha,1.79907642,0.0,0.65,0.49,,,,,,,,,,,,,,,,,,,,,,,,,,0.4505528982483148,35.9815284,0.0,,,,,,,,,,,,,,,,,0.0,0.0,5.34375,0.0752918994995185,0.0,0.0,0.18703125,0.2635216482483147,0.4505528982483148,2169,,,3.589614839750248e-07,Information
351225,6933.0,1046.140065,RUS,Russia,Sakha,3.650522173,0.0,0.65,0.49,,,,,,,,,,,,,,,,,,,,,,,,,,4.313495832713255,73.01044346,0.0,,,,,,,,,,,,,,,,,0.0,0.0,11.671875,1.1157086307752158,0.0,0.0,0.408515625,3.904980207713255,4.313495832713255,0,,,0.0333491710722936,Information
351227,6935.0,4071.621825,RUS,Russia,Sakha,2.922143904,0.0,0.65,0.49,,,,,,,,,,,,,,,,,,,,,,,,,,0.1701011701092945,58.44287808,0.0,,,,,,,,,,,,,,,,,0.0,0.0,1.40625,0.0345378343169413,0.0,0.0,0.04921875,0.1208824201092945,0.1701011701092945,57,,,1.9159291411842477e-08,Information
351228,6936.0,3132.44788,RUS,Russia,Sakha,2.452875235,0.0,0.65,0.49,,,,,,,,,,,,,,,,,,,,,,,,,,1.382506604784737,49.0575047,0.0,,,,,,,,,,,,,,,,,0.0,0.0,9.421875,0.3007831370813534,0.0,0.0,0.329765625,1.052740979784737,1.382506604784737,133,,,0.0001549986700527,Information
351229,6937.0,5598.527954,RUS,Russia,Sakha,3.370889367,0.0,0.65,0.49,,,,,,,,,,,,,,,,,,,,,,,,,,0.3291179627367366,67.41778734,0.0,,,,,,,,,,,,,,,,,0.0,0.0,3.375,0.0602837036390676,0.0,0.0,0.118125,0.2109929627367366,0.3291179627367366,25,,,2.1626512618096006e-06,Information
351246,6944.0,5620.354245,RUS,Russia,Sakha,3.650671739,0.0,0.65,0.49,,,,,,,,,,,,,,,,,,,,,,,,,,7.673979421531692,73.01343478,0.0,,,,,,,,,,,,,,,,,0.0,0.0,78.890625,1.403659299009055,0.0,0.0,2.761171875,4.912807546531693,7.673979421531692,205,,,0.1042856233552526,Information
351247,6945.0,2248.692127,RUS,Russia,Sakha,3.072964101,0.0,0.65,0.49,,,,,,,,,,,,,,,,,,,,,,,,,,3.9946300760840265,61.45928202,0.0,,,,,,,,,,,,,,,,,0.0,0.0,20.953125,0.9317916288811504,0.0,0.0,0.733359375,3.2612707010840265,3.9946300760840265,0,,,0.0117023136018176,Information
351248,6946.0,2567.627105,RUS,Russia,Sakha,1.773421457,0.0,0.65,0.49,,,,,,,,,,,,,,,,,,,,,,,,,,0.2890900608223131,35.46842914,0.0,,,,,,,,,,,,,,,,,0.0,0.0,1.6875,0.0657221602349466,0.0,0.0,0.0590625,0.2300275608223131,0.2890900608223131,0,,,3.1835705380738335e-08,Information
351249,6947.0,6181.910517,RUS,Russia,Sakha,2.864569932,0.0,0.65,0.49,,,,,,,,,,,,,,,,,,,,,,,,,,0.2447886412425944,57.29139864,0.0,,,,,,,,,,,,,,,,,0.0,0.0,2.671875,0.0432208617835984,0.0,0.0,0.093515625,0.1512730162425944,0.2447886412425944,534,,,1.2231909922546234e-07,Information
351290,6952.0,15149.93133,RUS,Russia,Sakha,2.537902616,0.0,0.65,0.49,,,,,,,,,,,,,,,,,,,,,,,,,,4.289592352970564,50.75805232,0.0,,,,,,,,,,,,,,,,,0.0,0.0,73.828125,0.4873165651344469,0.0,0.0,2.583984375,1.7056079779705642,4.289592352970564,284,,,0.0073323736189136,Information
351320,6954.0,20765.35779,RUS,Russia,Sakha,2.965483346,0.0,0.65,0.49,,,,,,,,,,,,,,,,,,,,,,,,,,0.5760765841253147,59.30966692,0.0,,,,,,,,,,,,,,,,,0.0,0.0,11.109375,0.0534995597500899,0.0,0.0,0.388828125,0.1872484591253146,0.5760765841253147,46,,,1.0336041922936838e-05,Information
351364,6961.0,14393.18219,RUS,Russia,Sakha,1.208356097,0.0,0.65,0.49,,,,,,,,,,,,,,,,,,,,,,,,,,0.4254146019728496,24.16712194,0.0,,,,,,,,,,,,,,,,,0.0,0.0,7.171875,0.0498282791350999,0.0,0.0,0.251015625,0.1743989769728496,0.4254146019728496,98,,,1.0904201446653197e-07,Information
351418,6977.0,5384.611838,RUS,Russia,Sakha,3.384061389,0.0,0.65,0.49,,,,,,,,,,,,,,,,,,,,,,,,,,0.4640626987019712,67.68122778,0.0,,,,,,,,,,,,,,,,,0.0,0.0,4.640625,0.0861830924862775,0.0,0.0,0.162421875,0.3016408237019712,0.4640626987019712,0,,,1.1008717497007866e-05,Information
351419,6978.0,7995.752981,RUS,Russia,Sakha,2.532403367,0.0,0.65,0.49,,,,,,,,,,,,,,,,,,,,,,,,,,2.569976896909504,50.64806734,0.0,,,,,,,,,,,,,,,,,0.0,0.0,32.625,0.4080291134027153,0.0,0.0,1.141875,1.4281018969095036,2.569976896909504,1536,,,0.0015629398285159,Information
351421,6979.0,241.0506109,RUS,Russia,Sakha,3.037993218,0.0,0.65,0.49,,,,,,,,,,,,,,,,,,,,,,,,,,0.6273185218484121,60.75986436,0.0,,,,,,,,,,,,,,,,,0.0,0.0,0.421875,0.1750151133852606,0.0,0.0,0.014765625,0.6125528968484121,0.6273185218484121,0,,,1.7670536396700967e-05,Information
351422,6980.0,3228.342228,RUS,Russia,Sakha,3.011241534,0.0,0.65,0.49,,,,,,,,,,,,,,,,,,,,,,,,,,8.510770622083054,60.22483068,0.0,,,,,,,,,,,,,,,,,0.0,0.0,59.34375,1.838211249166587,0.0,0.0,2.07703125,6.433739372083054,8.510770622083054,5,,,0.0615476917325885,Information
351423,6981.0,1580.718352,RUS,Russia,Sakha,0.601742338,0.0,0.65,0.49,,,,,,,,,,,,,,,,,,,,,,,,,,15.9019423001582,12.03484676,0.0,,,,,,,,,,,,,,,,,0.0,0.0,62.015625,3.9232558357594858,0.0,0.0,2.170546875,13.7313954251582,15.9019423001582,0,,,0.0435867737255355,Information
351424,6982.0,2924.371285,RUS,Russia,Sakha,0.909643435,0.0,0.65,0.49,,,,,,,,,,,,,,,,,,,,,,,,,,1.3486497747685284,18.1928687,0.0,,,,,,,,,,,,,,,,,0.0,0.0,8.71875,0.2981410070767224,0.0,0.0,0.30515625,1.0434935247685284,1.3486497747685284,176,,,2.019297613210172e-05,Information
351426,6984.0,9334.316937,RUS,Russia,Sakha,2.670648051,0.0,0.65,0.49,,,,,,,,,,,,,,,,,,,,,,,,,,3.62933342480794,53.41296102,0.0,,,,,,,,,,,,,,,,,0.0,0.0,50.0625,0.5363274070879829,0.0,0.0,1.7521875,1.87714592480794,3.62933342480794,0,,,0.0053511255532509,Information
351427,6985.0,12660.75791,RUS,Russia,Sakha,0.941447261,0.0,0.65,0.49,,,,,,,,,,,,,,,,,,,,,,,,,,0.4668970994059966,18.82894522,0.0,,,,,,,,,,,,,,,,,0.0,0.0,7.453125,0.0588679212588562,0.0,0.0,0.260859375,0.2060377244059967,0.4668970994059966,610,,,1.2466420647655465e-07,Information
351428,6986.0,3375.710374,RUS,Russia,Sakha,2.68312902,0.0,0.65,0.49,,,,,,,,,,,,,,,,,,,,,,,,,,0.351038510328242,53.6625804,0.0,,,,,,,,,,,,,,,,,0.0,0.0,2.53125,0.0749842172366406,0.0,0.0,0.08859375,0.2624447603282421,0.351038510328242,108,,,5.229253518291208e-07,Information
351429,6987.0,7860.653732,RUS,Russia,Sakha,1.57761785,0.0,0.65,0.49,,,,,,,,,,,,,,,,,,,,,,,,,,0.4137814231562823,31.552357,0.0,,,,,,,,,,,,,,,,,0.0,0.0,5.203125,0.0661920137589378,0.0,0.0,0.182109375,0.2316720481562822,0.4137814231562823,4925,,,1.623747798548214e-07,Information
351430,6988.0,14655.69499,RUS,Russia,Sakha,2.632557877,0.0,0.65,0.49,,,,,,,,,,,,,,,,,,,,,,,,,,3.527369941334718,52.65115754,0.0,,,,,,,,,,,,,,,,,0.0,0.0,59.90625,0.4087574832384909,0.0,0.0,2.09671875,1.4306511913347182,3.527369941334718,1659,,,0.0047022353068456,Information
351440,6989.0,29959.8932,RUS,Russia,Sakha,2.756010833,0.0,0.65,0.49,,,,,,,,,,,,,,,,,,,,,,,,,,4.614981482772886,55.12021666,0.0,,,,,,,,,,,,,,,,,0.0,0.0,98.859375,0.3299723879351103,0.0,0.0,3.460078125,1.154903357772886,4.614981482772886,842,,,0.011462579219891,Information
351452,6991.0,8088.201299,RUS,Russia,Sakha,2.632775705,0.0,0.65,0.49,,,,,,,,,,,,,,,,,,,,,,,,,,1.4309266203704416,52.6555141,0.0,,,,,,,,,,,,,,,,,0.0,0.0,18.28125,0.2260236772486976,0.0,0.0,0.63984375,0.7910828703704416,1.4309266203704416,0,,,0.000233391099806,Information
351453,6992.0,2342.998512,RUS,Russia,Sakha,1.019532216,0.0,0.65,0.49,,,,,,,,,,,,,,,,,,,,,,,,,,0.7000724832386548,20.39064432,0.0,,,,,,,,,,,,,,,,,0.0,0.0,3.796875,0.1620519594967585,0.0,0.0,0.132890625,0.5671818582386547,0.7000724832386548,489,,,1.10230115263731e-06,Information
351455,6994.0,5293.521914,RUS,Russia,Sakha,3.689307982,0.0,0.65,0.49,,,,,,,,,,,,,,,,,,,,,,,,,,3.796685604104315,73.78615964,0.0,,,,,,,,,,,,,,,,,0.0,0.0,37.546875,0.7092985654583758,0.0,0.0,1.314140625,2.482544979104316,3.796685604104315,0,,,0.0266699387337095,Information
351456,6995.0,8785.307189,RUS,Russia,Sakha,2.412479816,0.0,0.65,0.49,,,,,,,,,,,,,,,,,,,,,,,,,,5.630483775919084,48.24959632,0.0,,,,,,,,,,,,,,,,,0.0,0.0,75.234375,0.8563659002625954,0.0,0.0,2.633203125,2.997280650919084,5.630483775919084,0,,,0.0132693431581356,Information
351457,6996.0,4223.90614,RUS,Russia,Sakha,0.490183286,0.0,0.65,0.49,,,,,,,,,,,,,,,,,,,,,,,,,,15.861605213466238,9.80366572,0.0,,,,,,,,,,,,,,,,,0.0,0.0,134.578125,3.1861059538474965,0.0,0.0,4.710234375,11.15137083846624,15.861605213466238,9,,,0.0410977105498884,Information
351458,6997.0,2856.748955,RUS,Russia,Sakha,1.645067981,0.0,0.65,0.49,,,,,,,,,,,,,,,,,,,,,,,,,,3.167566227471955,32.90135962,0.0,,,,,,,,,,,,,,,,,0.0,0.0,20.109375,0.7039251721348443,0.0,0.0,0.703828125,2.463738102471955,3.167566227471955,0,,,0.00113207400862,Information
351459,6998.0,891.5953537,RUS,Russia,Sakha,1.285026046,0.0,0.65,0.49,,,,,,,,,,,,,,,,,,,,,,,,,,8.657983887849008,25.70052092,0.0,,,,,,,,,,,,,,,,,0.0,0.0,20.25,2.271209682242574,0.0,0.0,0.70875,7.949233887849008,8.657983887849008,2151,,,0.0157925613009744,Information
351461,6999.0,5923.804606,RUS,Russia,Sakha,2.475715614,0.0,0.65,0.49,,,,,,,,,,,,,,,,,,,,,,,,,,1.9713464859914829,49.51431228,0.0,,,,,,,,,,,,,,,,,0.0,0.0,20.953125,0.3537106031404236,0.0,0.0,0.733359375,1.2379871109914826,1.9713464859914829,0,,,0.0005914469360268,Information
351462,7000.0,7442.843194,RUS,Russia,Sakha,2.412479872,0.0,0.65,0.49,,,,,,,,,,,,,,,,,,,,,,,,,,0.5075299358958525,48.24959744,0.0,,,,,,,,,,,,,,,,,0.0,0.0,6.1875,0.0831335531131007,0.0,0.0,0.2165625,0.2909674358958524,0.5075299358958525,18,,,1.876322093570325e-06,Information
351463,7001.0,5819.084124,RUS,Russia,Sakha,3.018925686,0.0,0.65,0.49,,,,,,,,,,,,,,,,,,,,,,,,,,1.5788442401027891,60.37851372,0.0,,,,,,,,,,,,,,,,,0.0,0.0,16.59375,0.2851608543150826,0.0,0.0,0.58078125,0.9980629901027892,1.5788442401027891,0,,,0.0006349901168383,Information
351464,7002.0,1487.33912,RUS,Russia,Sakha,1.932102926,0.0,0.65,0.49,,,,,,,,,,,,,,,,,,,,,,,,,,0.4941779613407276,38.64205852,0.0,,,,,,,,,,,,,,,,,0.0,0.0,1.828125,0.1229124532402079,0.0,0.0,0.063984375,0.4301935863407276,0.4941779613407276,17,,,7.121129373269682e-07,Information
351466,7004.0,1746.176692,RUS,Russia,Sakha,4.036179625,0.0,0.65,0.49,,,,,,,,,,,,,,,,,,,,,,,,,,0.1324338222272586,80.7235925,0.0,,,,,,,,,,,,,,,,,0.0,0.0,0.5625,0.0322132349220739,0.0,0.0,0.0196875,0.1127463222272586,0.1324338222272586,0,,,3.170122875905736e-07,Information
351469,7007.0,3552.873474,RUS,Russia,Sakha,2.102102296,0.0,0.65,0.49,,,,,,,,,,,,,,,,,,,,,,,,,,0.7134537397863512,42.04204592,0.0,,,,,,,,,,,,,,,,,0.0,0.0,5.34375,0.1504064256532432,0.0,0.0,0.18703125,0.5264224897863512,0.7134537397863512,128,,,5.478889494855331e-06,Information
351470,7008.0,24273.92596,RUS,Russia,Sakha,3.227689115,0.0,0.65,0.49,,,,,,,,,,,,,,,,,,,,,,,,,,4.475486778420612,64.5537823,0.0,,,,,,,,,,,,,,,,,0.0,0.0,90.5625,0.3730855081201746,0.0,0.0,3.1696875,1.3057992784206112,4.475486778420612,3260,,,0.0192542162096567,Information
351494,7013.0,23533.69148,RUS,Russia,Sakha,2.869179272,0.0,0.65,0.49,,,,,,,,,,,,,,,,,,,,,,,,,,1.416684877233796,57.38358544,0.0,,,,,,,,,,,,,,,,,0.0,0.0,28.40625,0.1207046077810845,0.0,0.0,0.99421875,0.4224661272337957,1.416684877233796,1276,,,0.0003321310877846,Information
351495,7014.0,2153.566768,RUS,Russia,Sakha,2.508318794,0.0,0.65,0.49,,,,,,,,,,,,,,,,,,,,,,,,,,0.1944348144685698,50.16637588,0.0,,,,,,,,,,,,,,,,,0.0,0.0,0.984375,0.0457090541338771,0.0,0.0,0.034453125,0.1599816894685698,0.1944348144685698,19,,,1.4584877625967608e-08,Information
351496,7015.0,9600.138398,RUS,Russia,Sakha,3.186965668,0.0,0.65,0.49,,,,,,,,,,,,,,,,,,,,,,,,,,0.3617551516887164,63.73931336,0.0,,,,,,,,,,,,,,,,,0.0,0.0,5.0625,0.0527336147682047,0.0,0.0,0.1771875,0.1845676516887164,0.3617551516887164,184,,,2.037482324374427e-06,Information
351604,7023.0,4672.199299,RUS,Russia,Sakha,2.811219241,0.0,0.65,0.49,,,,,,,,,,,,,,,,,,,,,,,,,,2.534826772831275,56.22438482,0.0,,,,,,,,,,,,,,,,,0.0,0.0,23.0625,0.4936112208089359,0.0,0.0,0.8071875,1.7276392728312755,2.534826772831275,0,,,0.0021931774254024,Information
351606,7025.0,3507.462404,RUS,Russia,Sakha,3.234912709,0.0,0.65,0.49,,,,,,,,,,,,,,,,,,,,,,,,,,0.2274534709939477,64.69825418,0.0,,,,,,,,,,,,,,,,,0.0,0.0,1.6875,0.0481117059982708,0.0,0.0,0.0590625,0.1683909709939477,0.2274534709939477,0,,,2.270668583282453e-07,Information
351607,7026.0,487.034139,RUS,Russia,Sakha,1.810040088,0.0,0.65,0.49,,,,,,,,,,,,,,,,,,,,,,,,,,1.4837198016872073,36.20080176,0.0,,,,,,,,,,,,,,,,,0.0,0.0,1.96875,0.4042324433392021,0.0,0.0,0.06890625,1.4148135516872071,1.4837198016872073,0,,,8.455402745979147e-05,Information
351609,7028.0,8864.650008,RUS,Russia,Sakha,2.802533039,0.0,0.65,0.49,,,,,,,,,,,,,,,,,,,,,,,,,,0.1361636205905206,56.05066078,0.0,,,,,,,,,,,,,,,,,0.0,0.0,1.828125,0.0206226415972916,0.0,0.0,0.063984375,0.0721792455905206,0.1361636205905206,518,,,3.803669003283078e-09,Information
351706,7034.0,21574.85162,RUS,Russia,Sakha,1.390263593,0.0,0.65,0.49,,,,,,,,,,,,,,,,,,,,,,,,,,2.0961244779031296,27.80527186,0.0,,,,,,,,,,,,,,,,,0.0,0.0,40.921875,0.1896739579723227,0.0,0.0,1.432265625,0.6638588529031294,2.0961244779031296,36,,,0.0002006123972178,Information
351709,16123.0,2471.428777,RUS,Russia,Sakha,3.524338648,0.0,0.65,0.49,,,,,,,,,,,,,,,,,,,,,,,,,,2.0366319086457274,70.48677296,0.0,,,,,,,,,,,,,,,,,0.0,0.0,11.53125,0.4665823310416364,0.0,0.0,0.40359375,1.6330381586457272,2.0366319086457274,164,,,0.003752753717414,Information
351810,7037.0,7742.77605,RUS,Russia,Sakha,2.198509256,0.0,0.65,0.49,,,,,,,,,,,,,,,,,,,,,,,,,,52.716207739495225,43.97018512,0.0,,,,,,,,,,,,,,,,,0.0,0.0,657.28125,8.488961139855778,0.0,0.0,23.00484375,29.711363989495226,52.716207739495225,3498,,,0.4756951335300296,Advisory
351821,7038.0,287.820478,RUS,Russia,Sakha,4.020853613,0.0,0.65,0.49,,,,,,,,,,,,,,,,,,,,,,,,,,3.51853813686102,80.41707226,0.0,,,,,,,,,,,,,,,,,0.0,0.0,2.8125,0.97717161053172,0.0,0.0,0.0984375,3.42010063686102,3.51853813686102,0,,,0.0430249937924496,Information
351826,7043.0,3053.999577,RUS,Russia,Chukot,3.266970476,0.0,0.65,0.49,,,,,,,,,,,,,,,,,,,,,,,,,,7.531617019090997,65.33940952,0.0,,,,,,,,,,,,,,,,,0.0,0.0,50.34375,1.648453076883142,0.0,0.0,1.76203125,5.769585769090997,7.531617019090997,0,,,0.063443496763515,Information
351827,7044.0,265.0200479,RUS,Russia,Chukot,3.677732885,0.0,0.65,0.49,,,,,,,,,,,,,,,,,,,,,,,,,,27.45200982405087,73.5546577,0.0,,,,,,,,,,,,,,,,,0.0,0.0,20.25,7.640931378300249,0.0,0.0,0.70875,26.74325982405087,27.45200982405087,134,,,0.514900751858075,Advisory
351828,7045.0,2768.07723,RUS,Russia,Chukot,2.665604965,0.0,0.65,0.49,,,,,,,,,,,,,,,,,,,,,,,,,,39.75246134876436,53.3120993,0.0,,,,,,,,,,,,,,,,,0.0,0.0,246.234375,8.895502349646959,0.0,0.0,8.618203125,31.134258223764355,39.75246134876436,4773,,,0.4361202305387794,Advisory
351829,7046.0,17257.12863,RUS,Russia,Chukot,3.593333251,0.0,0.65,0.49,,,,,,,,,,,,,,,,,,,,,,,,,,23.990432026673457,71.86666502,0.0,,,,,,,,,,,,,,,,,0.0,0.0,433.96875,2.5147216504781302,0.0,0.0,15.18890625,8.801525776673456,23.990432026673457,405,,,0.4367162264398051,Advisory
351830,7047.0,3595.690009,RUS,Russia,Sakha,4.006178698,0.0,0.65,0.49,,,,,,,,,,,,,,,,,,,,,,,,,,3.554536330817996,80.12357396,0.0,,,,,,,,,,,,,,,,,0.0,0.0,26.859375,0.7469880588051415,0.0,0.0,0.940078125,2.6144582058179955,3.554536330817996,46,,,0.0425973127772377,Information
351852,7058.0,28378.16892,RUS,Russia,Sakha,3.264160834,0.0,0.65,0.49,,,,,,,,,,,,,,,,,,,,,,,,,,34.35962858097555,65.28321668000001,0.0,,,,,,,,,,,,,,,,,0.0,0.0,725.90625,2.557974237421587,0.0,0.0,25.40671875,8.952909830975555,34.35962858097555,48,,,0.4958746306467784,Advisory
351854,7060.0,17590.48666,RUS,Russia,Sakha,3.590292081,0.0,0.65,0.49,,,,,,,,,,,,,,,,,,,,,,,,,,7.333911943543658,71.80584162,0.0,,,,,,,,,,,,,,,,,0.0,0.0,133.59375,0.759465912441045,0.0,0.0,4.67578125,2.658130693543657,7.333911943543658,0,,,0.0890536216339598,Information
351855,7061.0,18589.06533,RUS,Russia,Sakha,2.08900161,0.0,0.65,0.49,,,,,,,,,,,,,,,,,,,,,,,,,,22.466575514905216,41.7800322,0.0,,,,,,,,,,,,,,,,,0.0,0.0,417.375,2.245271575687205,0.0,0.0,14.608125,7.858450514905217,22.466575514905216,0,,,0.1704978532210969,Information
351856,7062.0,25364.88928,RUS,Russia,Sakha,3.100351285,0.0,0.65,0.49,,,,,,,,,,,,,,,,,,,,,,,,,,4.508533294327972,62.0070257,0.0,,,,,,,,,,,,,,,,,0.0,0.0,92.390625,0.3642461198079919,0.0,0.0,3.233671875,1.2748614193279717,4.508533294327972,226,,,0.016526892830891,Information
351857,7063.0,1963.672167,RUS,Russia,Sakha,3.206478548,0.0,0.65,0.49,,,,,,,,,,,,,,,,,,,,,,,,,,6.776954007784079,64.12957096000001,0.0,,,,,,,,,,,,,,,,,0.0,0.0,31.78125,1.618460073652594,0.0,0.0,1.11234375,5.664610257784079,6.776954007784079,0,,,0.0478183272058046,Information
351858,7064.0,7188.318779,RUS,Russia,Sakha,2.724502217,0.0,0.65,0.49,,,,,,,,,,,,,,,,,,,,,,,,,,5.449010465364333,54.49004434,0.0,,,,,,,,,,,,,,,,,0.0,0.0,65.109375,0.905766382961238,0.0,0.0,2.278828125,3.170182340364333,5.449010465364333,1178,,,0.0168980087570087,Information
351861,7066.0,57.52749814,RUS,Russia,Sakha,0.928219461,0.0,0.65,0.49,,,,,,,,,,,,,,,,,,,,,,,,,,12.046873697112348,18.56438922,0.0,,,,,,,,,,,,,,,,,0.0,0.0,1.96875,3.422276413460671,0.0,0.0,0.06890625,11.977967447112349,12.046873697112348,2987,,,0.0280018102005546,Information
351862,7067.0,14771.63894,RUS,Russia,Sakha,1.645821755,0.0,0.65,0.49,,,,,,,,,,,,,,,,,,,,,,,,,,3.5986791411928607,32.9164351,0.0,,,,,,,,,,,,,,,,,0.0,0.0,61.3125,0.4150690403408174,0.0,0.0,2.1459375,1.4527416411928609,3.5986791411928607,0,,,0.0017202222530079,Information
351863,7068.0,1425.927761,RUS,Russia,Sakha,2.730890631,0.0,0.65,0.49,,,,,,,,,,,,,,,,,,,,,,,,,,8.992063735616682,54.61781262,0.0,,,,,,,,,,,,,,,,,0.0,0.0,32.0625,2.248536067319052,0.0,0.0,1.1221875,7.869876235616681,8.992063735616682,277,,,0.0527475941464666,Information
351864,7069.0,2182.996063,RUS,Russia,Sakha,1.443852073,0.0,0.65,0.49,,,,,,,,,,,,,,,,,,,,,,,,,,2.7742979755789285,28.87704146,0.0,,,,,,,,,,,,,,,,,0.0,0.0,14.203125,0.6506253144511225,0.0,0.0,0.497109375,2.2771886005789286,2.7742979755789285,0,,,0.0005892929603391,Information
351866,7071.0,10886.82542,RUS,Russia,Maga Buryatdan,2.188561422,0.0,0.65,0.49,,,,,,,,,,,,,,,,,,,,,,,,,,0.3682700196112493,43.77122844,0.0,,,,,,,,,,,,,,,,,0.0,0.0,5.484375,0.0503762556032141,0.0,0.0,0.191953125,0.1763168946112493,0.3682700196112493,104,,,2.473366541511065e-07,Information
351870,7075.0,23545.09858,RUS,Russia,Sakha,2.674072524,0.0,0.65,0.49,,,,,,,,,,,,,,,,,,,,,,,,,,20.42676646885899,53.48145048,0.0,,,,,,,,,,,,,,,,,0.0,0.0,409.640625,1.7398127411025686,0.0,0.0,14.337421875,6.08934459385899,20.42676646885899,834,,,0.2052525679829318,Information
351881,7076.0,571.4889235,RUS,Russia,Maga Buryatdan,4.008554438,0.0,0.65,0.49,,,,,,,,,,,,,,,,,,,,,,,,,,11.289653340131776,80.17108876,0.0,,,,,,,,,,,,,,,,,0.0,0.0,17.4375,3.05124024003765,0.0,0.0,0.6103125,10.679340840131776,11.289653340131776,0,,,0.2866308445164387,Information
351886,7081.0,17695.63077,RUS,Russia,Maga Buryatdan,2.946154291,0.0,0.65,0.49,,,,,,,,,,,,,,,,,,,,,,,,,,11.508703199789997,58.92308582,0.0,,,,,,,,,,,,,,,,,0.0,0.0,210.09375,1.1872634142257128,0.0,0.0,7.35328125,4.155421949789995,11.508703199789997,13,,,0.1016256888717906,Information
351887,7082.0,15569.54526,RUS,Russia,Maga Buryatdan,2.870787421,0.0,0.65,0.49,,,,,,,,,,,,,,,,,,,,,,,,,,16.57034371615369,57.41574842,0.0,,,,,,,,,,,,,,,,,0.0,0.0,288.28125,1.8515714189010544,0.0,0.0,10.08984375,6.48049996615369,16.57034371615369,29,,,0.1726180601424841,Information
351891,7085.0,5490.427768,RUS,Russia,Maga Buryatdan,3.037993288,0.0,0.65,0.49,,,,,,,,,,,,,,,,,,,,,,,,,,20.10742096284104,60.75986576,0.0,,,,,,,,,,,,,,,,,0.0,0.0,203.625,3.7087274179545817,0.0,0.0,7.126875,12.980545962841036,20.10742096284104,0,,,0.2518717928898549,Information
351892,7086.0,24543.67377,RUS,Russia,Maga Buryatdan,3.24691424,0.0,0.65,0.49,,,,,,,,,,,,,,,,,,,,,,,,,,13.57044126265101,64.9382848,0.0,,,,,,,,,,,,,,,,,0.0,0.0,275.484375,1.1224251821860023,0.0,0.0,9.641953125,3.928488137651008,13.57044126265101,4133,,,0.1712554312639246,Information
351893,7087.0,1835.31593,RUS,Russia,Maga Buryatdan,4.007443355,0.0,0.65,0.49,,,,,,,,,,,,,,,,,,,,,,,,,,11.045333794510912,80.1488671,0.0,,,,,,,,,,,,,,,,,0.0,0.0,48.9375,2.6664346555745464,0.0,0.0,1.7128125,9.332521294510912,11.045333794510912,6,,,0.2788527480859498,Information
351894,7088.0,18185.04883,RUS,Russia,Maga Buryatdan,3.037993187,0.0,0.65,0.49,,,,,,,,,,,,,,,,,,,,,,,,,,15.096653737451076,60.75986374,0.0,,,,,,,,,,,,,,,,,0.0,0.0,278.296875,1.5303608892717362,0.0,0.0,9.740390625,5.356263112451076,15.096653737451076,263,,,0.1697314586436317,Information
351895,7089.0,12631.21603,RUS,Russia,Maga Buryatdan,2.615508239,0.0,0.65,0.49,,,,,,,,,,,,,,,,,,,,,,,,,,32.46079295964817,52.31016478,0.0,,,,,,,,,,,,,,,,,0.0,0.0,517.640625,4.09810602418519,0.0,0.0,18.117421875,14.343371084648163,32.46079295964817,1334,,,0.3502352987977288,Advisory
351896,7090.0,25439.85553,RUS,Russia,Maga Buryatdan,3.03484787,0.0,0.65,0.49,,,,,,,,,,,,,,,,,,,,,,,,,,9.2221072011227,60.6969574,0.0,,,,,,,,,,,,,,,,,0.0,0.0,189.140625,0.7434815217493429,0.0,0.0,6.619921875,2.6021853261227,9.2221072011227,718,,,0.0735713242014193,Information
351898,7092.0,23890.05712,RUS,Russia,Maga Buryatdan,2.941978187,0.0,0.65,0.49,,,,,,,,,,,,,,,,,,,,,,,,,,0.1954986324736312,58.83956374,0.0,,,,,,,,,,,,,,,,,0.0,0.0,3.9375,0.0164817521353232,0.0,0.0,0.1378125,0.0576861324736312,0.1954986324736312,7499,,,4.405508869752584e-08,Information
351900,7094.0,2065.44061,RUS,Russia,Chukot,3.706313814,3.436867516,0.65,0.49,,,,,,,,,,,,,,,,,,,,,,,,,,5.204028055348802,74.12627628,68.73735032,,,,,,,,,,,,,,,,,0.0,0.0,25.453125,1.2323339086710865,0.0,0.0,0.890859375,4.313168680348802,5.204028055348802,24,,,0.0543796264323626,Information
351910,7095.0,8230.718652,RUS,Russia,Chukot,2.067967142,0.0,0.65,0.49,,,,,,,,,,,,,,,,,,,,,,,,,,13.43096816923732,41.35934284,0.0,,,,,,,,,,,,,,,,,0.0,0.0,173.25,2.104919476924949,0.0,0.0,6.06375,7.367218169237322,13.43096816923732,210,,,0.0702589491229319,Information
351920,7096.0,14034.82148,RUS,Russia,Chukot,4.000352587,0.0,0.65,0.49,,,,,,,,,,,,,,,,,,,,,,,,,,22.95998980536227,80.00705174000001,0.0,,,,,,,,,,,,,,,,,0.0,0.0,383.0625,2.729372087246363,0.0,0.0,13.4071875,9.55280230536227,22.95998980536227,142,,,0.5550273814760374,Advisory
351930,7097.0,9785.896801,RUS,Russia,Chukot,3.168878237,4.003467927,0.65,0.49,,,,,,,,,,,,,,,,,,,,,,,,,,16.290498239078758,63.37756474,80.06935854,,,,,,,,,,,,,,,,,0.0,0.0,230.203125,2.352396818308216,0.0,0.0,8.057109375,8.233388864078757,16.290498239078758,0,,,0.4200848913230218,Advisory
354110,7115.0,4882.630111,RUS,Russia,Chukot,2.909874215,1.799071007,0.65,0.49,,,,,,,,,,,,,,,,,,,,,,,,,,1.2451868773654375,58.1974843,35.98142014,,,,,,,,,,,,,,,,,0.0,0.0,11.671875,0.2390489292472679,0.0,0.0,0.408515625,0.8366712523654376,1.2451868773654375,5643,,,0.0002209800032883,Information
354125,7120.0,2255.79625,RUS,Russia,Chukot,3.557311205,0.0,0.65,0.49,,,,,,,,,,,,,,,,,,,,,,,,,,1.8451060484123207,71.1462241,0.0,,,,,,,,,,,,,,,,,0.0,0.0,9.703125,0.4301419066892347,0.0,0.0,0.339609375,1.5054966734123214,1.8451060484123207,0,,,0.0029824550228517,Information
354127,7122.0,4756.200247,RUS,Russia,Chukot,4.001347782,0.0,0.65,0.49,,,,,,,,,,,,,,,,,,,,,,,,,,3.145663109080276,80.02695564,0.0,,,,,,,,,,,,,,,,,0.0,0.0,28.96875,0.6090733883086503,0.0,0.0,1.01390625,2.131756859080276,3.145663109080276,0,,,0.0322752223555504,Information
354143,7128.0,9862.127133,RUS,Russia,Chukot,3.515546431,0.0,0.65,0.49,,,,,,,,,,,,,,,,,,,,,,,,,,1.2390697471266154,70.31092862,0.0,,,,,,,,,,,,,,,,,0.0,0.0,17.578125,0.1782386777504615,0.0,0.0,0.615234375,0.6238353721266153,1.2390697471266154,57,,,0.0007455293797692,Information
354146,7131.0,35425.13213,RUS,Russia,Chukot,2.582818534,0.0,0.65,0.49,,,,,,,,,,,,,,,,,,,,,,,,,,2.196314577996701,51.65637068,0.0,,,,,,,,,,,,,,,,,0.0,0.0,48.9375,0.1381434508562002,0.0,0.0,1.7128125,0.4835020779967007,2.196314577996701,109,,,0.0009955598623988,Information
354147,7132.0,25914.28801,RUS,Russia,Chukot,4.010093714,0.0,0.65,0.49,,,,,,,,,,,,,,,,,,,,,,,,,,1.37787534503272,80.20187428,0.0,,,,,,,,,,,,,,,,,0.0,0.0,28.40625,0.1096161700093486,0.0,0.0,0.99421875,0.3836565950327201,1.37787534503272,548,,,0.0038489060465637,Information
354166,7141.0,5078.470701,RUS,Russia,Chukot,4.000811906,0.0,0.65,0.49,,,,,,,,,,,,,,,,,,,,,,,,,,0.1315217062610681,80.01623812,0.0,,,,,,,,,,,,,,,,,0.0,0.0,1.265625,0.0249213803603052,0.0,0.0,0.044296875,0.0872248312610682,0.1315217062610681,0,,,2.536866147374938e-07,Information
354167,7142.0,3765.360569,RUS,Russia,Chukot,3.463992417,0.0,0.65,0.49,,,,,,,,,,,,,,,,,,,,,,,,,,0.3418733142208114,69.27984834,0.0,,,,,,,,,,,,,,,,,0.0,0.0,2.671875,0.0709593397773747,0.0,0.0,0.093515625,0.2483576892208114,0.3418733142208114,0,,,3.426014758084264e-06,Information
354172,7146.0,10378.28511,RUS,Russia,Chukot,4.018921763,0.0,0.65,0.49,,,,,,,,,,,,,,,,,,,,,,,,,,0.1642939373874354,80.37843526,0.0,,,,,,,,,,,,,,,,,0.0,0.0,2.390625,0.0230348749678387,0.0,0.0,0.083671875,0.0806220623874354,0.1642939373874354,0,,,8.646630666586867e-07,Information
354176,7150.0,2483.095263,RUS,Russia,Chukot,3.961225244,3.836263911,0.65,0.49,,,,,,,,,,,,,,,,,,,,,,,,,,0.4453813100095275,79.22450488,76.72527822,,,,,,,,,,,,,,,,,0.0,0.0,2.53125,0.101939302859865,0.0,0.0,0.08859375,0.3567875600095275,0.4453813100095275,0,,,6.086922584386923e-05,Information
354177,7151.0,130.5344427,RUS,Russia,Chukot,4.012601148,0.0,0.65,0.49,,,,,,,,,,,,,,,,,,,,,,,,,,30.176225004823625,80.25202296,0.0,3.0,,,,,,,,,,,,,,,,0.0,0.0,11.109375,8.51068482280675,0.0,0.0,0.388828125,29.787396879823625,30.176225004823625,361,0.0,0.0,0.6642182985456673,Watch
354178,7152.0,1600.054953,RUS,Russia,Chukot,4.032299623,0.0,0.65,0.49,,,,,,,,,,,,,,,,,,,,,,,,,,5.994666257816628,80.64599246,0.0,,,,,,,,,,,,,,,,,0.0,0.0,23.625,1.476511787947608,0.0,0.0,0.826875,5.167791257816628,5.994666257816628,0,,,0.1205926285055181,Information
354180,7154.0,15427.07382,RUS,Russia,Chukot,2.922720161,0.0,0.65,0.49,,,,,,,,,,,,,,,,,,,,,,,,,,0.2514809544171525,58.45440322,0.0,,,,,,,,,,,,,,,,,0.0,0.0,4.359375,0.0282579512620436,0.0,0.0,0.152578125,0.0989028294171525,0.2514809544171525,291,,,1.6350148879175216e-07,Information
354191,7155.0,5699.533096,RUS,Russia,Kamchatka,2.262119203,4.008123057,0.65,0.49,,,,,,,,,,,,,,,,,,,,,,,,,,3.050426427106216,45.242384060000006,80.16246113999999,,,,,,,,,,,,,,,,,0.0,0.0,31.640625,0.555144157744633,0.0,0.0,1.107421875,1.943004552106216,3.050426427106216,24,,,0.0305829251425539,Information
354192,7156.0,5853.628578,RUS,Russia,Kamchatka,2.992442459,0.0,0.65,0.49,,,,,,,,,,,,,,,,,,,,,,,,,,0.4265638770298969,59.84884918,0.0,,,,,,,,,,,,,,,,,0.0,0.0,4.5,0.0768753934371134,0.0,0.0,0.1575,0.2690638770298969,0.4265638770298969,0,,,2.7514055359013594e-06,Information
354198,7162.0,13486.55625,RUS,Russia,Kamchatka,2.765457482,0.0,0.65,0.49,,,,,,,,,,,,,,,,,,,,,,,,,,0.4457098149204347,55.30914964,0.0,,,,,,,,,,,,,,,,,0.0,0.0,7.3125,0.0542206614058385,0.0,0.0,0.2559375,0.1897723149204347,0.4457098149204347,1130,,,2.034211567323225e-06,Information
354230,7165.0,6238.277687,RUS,Russia,Kamchatka,0.791894805,3.535203121,0.65,0.49,,,,,,,,,,,,,,,,,,,,,,,,,,8.212282309148726,15.8378961,70.70406242,,,,,,,,,,,,,,,,,0.0,0.0,90.140625,1.4449601240424932,0.0,0.0,3.154921875,5.057360434148726,8.212282309148726,6453,,,0.1017188993472463,Information
354242,7167.0,2949.23459,RUS,Russia,Kamchatka,0.964335072,0.0,0.65,0.49,,,,,,,,,,,,,,,,,,,,,,,,,,46.059453125,19.28670144,0.0,,,,,,,,,,,,,,,,,0.0,0.0,315.984375,10.71411463928101,0.0,0.0,11.059453125,35.0,46.059453125,0,,,0.2874088816424954,Advisory
354243,7168.0,1075.941345,RUS,Russia,Kamchatka,1.534853292,0.0,0.65,0.49,,,,,,,,,,,,,,,,,,,,,,,,,,42.564921875,30.69706584,0.0,,,,,,,,,,,,,,,,,0.0,0.0,216.140625,20.08851375204277,0.0,0.0,7.564921875,35.0,42.564921875,2963,,,0.3129673386475467,Advisory
354244,7169.0,6213.837814,RUS,Russia,Kamchatka,1.628978572,0.0,0.65,0.49,,,,,,,,,,,,,,,,,,,,,,,,,,12.483108794517983,32.57957144,0.0,,,,,,,,,,,,,,,,,0.0,0.0,136.6875,2.199727512719424,0.0,0.0,4.7840625,7.699046294517984,12.483108794517983,53,,,0.0458428752349097,Information
354280,7178.0,5041.253827,RUS,Russia,Kamchatka,2.069678995,0.0,0.65,0.49,,,,,,,,,,,,,,,,,,,,,,,,,,1.5125623293367465,41.3935799,0.0,,,,,,,,,,,,,,,,,0.0,0.0,14.484375,0.2873169155247846,0.0,0.0,0.506953125,1.0056092043367462,1.5125623293367465,47753,,,0.0001275727219894,Information
354433,7184.0,1674.683432,RUS,Russia,Kamchatka,1.015946628,4.009459501,0.65,0.49,,,,,,,,,,,,,,,,,,,,,,,,,,31.12076443098314,20.31893256,80.18919002000001,3.0,,,,,,,,,,,,,,,,0.0,0.0,127.546875,7.616178230280897,0.0,0.0,4.464140625,26.65662380598314,31.12076443098314,49,0.0,0.0,0.6742385331412124,Watch
354434,7185.0,4015.547553,RUS,Russia,Kamchatka,1.462238995,0.0,0.65,0.49,,,,,,,,,,,,,,,,,,,,,,,,,,8.623818208252803,29.2447799,0.0,,,,,,,,,,,,,,,,,0.0,0.0,70.59375,1.758010559500801,0.0,0.0,2.47078125,6.153036958252804,8.623818208252803,9,,,0.0176587857151596,Information
354435,7186.0,541.6302757,RUS,Russia,Kamchatka,0.762512345,4.007571912,0.65,0.49,,,,,,,,,,,,,,,,,,,,,,,,,,12.932104229576533,15.2502469,80.15143824,,,,,,,,,,,,,,,,,0.0,0.0,18.984375,3.505043172736152,0.0,0.0,0.664453125,12.267651104576531,12.932104229576533,33,,,0.334173181932098,Information
354436,7187.0,4187.498367,RUS,Russia,Kamchatka,2.562840519,0.0,0.65,0.49,,,,,,,,,,,,,,,,,,,,,,,,,,4.802575947219092,51.25681038,0.0,,,,,,,,,,,,,,,,,0.0,0.0,40.5,0.967164556348312,0.0,0.0,1.4175,3.385075947219092,4.802575947219092,0,,,0.0102406208524917,Information
354438,7189.0,3978.28761,RUS,Russia,Kamchatka,3.011272577,2.152697845,0.65,0.49,,,,,,,,,,,,,,,,,,,,,,,,,,0.8646859035920238,60.22545154,43.0539569,,,,,,,,,,,,,,,,,0.0,0.0,7.03125,0.1767406153120068,0.0,0.0,0.24609375,0.6185921535920238,0.8646859035920238,28,,,6.443289848898822e-05,Information
354440,7191.0,11560.16567,RUS,Russia,Kamchatka,2.21017858,3.035824438,0.65,0.49,,,,,,,,,,,,,,,,,,,,,,,,,,2.506001129521028,44.2035716,60.71648876,,,,,,,,,,,,,,,,,0.0,0.0,38.390625,0.3320940727202938,0.0,0.0,1.343671875,1.1623292545210282,2.506001129521028,695,,,0.0029605720634723,Information
354470,7194.0,2603.705046,RUS,Russia,Kamchatka,0.355135632,2.125995213,0.65,0.49,,,,,,,,,,,,,,,,,,,,,,,,,,1.000659485826063,7.10271264,42.51990426,,,,,,,,,,,,,,,,,0.0,0.0,5.90625,0.226840210236018,0.0,0.0,0.20671875,0.793940735826063,1.000659485826063,23,,,2.5523651696477788e-05,Information
354480,7195.0,8019.782782,RUS,Russia,Kamchatka,0.354273155,2.615163477,0.65,0.49,,,,,,,,,,,,,,,,,,,,,,,,,,3.129709018714787,7.0854631,52.30326954,,,,,,,,,,,,,,,,,0.0,0.0,39.796875,0.4962338267756534,0.0,0.0,1.392890625,1.736818393714787,3.129709018714787,167,,,0.0032255790409444,Information
354492,7197.0,3532.162475,RUS,Russia,Kamchatka,2.48087887,0.0,0.65,0.49,,,,,,,,,,,,,,,,,,,,,,,,,,0.1319942920554499,49.6175774,0.0,,,,,,,,,,,,,,,,,0.0,0.0,0.984375,0.0278689048729857,0.0,0.0,0.034453125,0.0975411670554499,0.1319942920554499,57,,,1.385334255120384e-09,Information
354494,7199.0,5307.071017,RUS,Russia,Kamchatka,3.197350718,3.005168993,0.65,0.49,,,,,,,,,,,,,,,,,,,,,,,,,,0.113568467303473,63.94701436,60.10337986,,,,,,,,,,,,,,,,,0.0,0.0,1.125,0.021198133515278,0.0,0.0,0.039375,0.074193467303473,0.113568467303473,71,,,4.197256698658329e-09,Information
354495,7200.0,323.2041816,RUS,Russia,Kamchatka,2.088463208,2.48924366,0.65,0.49,,,,,,,,,,,,,,,,,,,,,,,,,,9.589544109022496,41.76926416,49.7848732,,,,,,,,,,,,,,,,,0.0,0.0,8.578125,2.6540884954349986,0.0,0.0,0.300234375,9.289309734022495,9.589544109022496,0,,,0.0488970721842805,Information
354496,7201.0,3145.393936,RUS,Russia,Kamchatka,3.099329996,0.0,0.65,0.49,,,,,,,,,,,,,,,,,,,,,,,,,,0.4731043879207324,61.98659992,0.0,,,,,,,,,,,,,,,,,0.0,0.0,3.234375,0.1028289322630664,0.0,0.0,0.113203125,0.3599012629207324,0.4731043879207324,22,,,5.762689279303655e-06,Information
354497,7202.0,1837.947127,RUS,Russia,Kamchatka,3.447981073,0.0,0.65,0.49,,,,,,,,,,,,,,,,,,,,,,,,,,6.8157306915680085,68.95962146,0.0,,,,,,,,,,,,,,,,,0.0,0.0,30.234375,1.6450078761622882,0.0,0.0,1.058203125,5.757527566568008,6.8157306915680085,63,,,0.064752645355914,Information
354498,7203.0,3788.064808,RUS,Russia,Kamchatka,1.758544961,0.0,0.65,0.49,,,,,,,,,,,,,,,,,,,,,,,,,,14.170754650538758,35.170899219999995,0.0,,,,,,,,,,,,,,,,,0.0,0.0,111.234375,2.9364432930110738,0.0,0.0,3.893203125,10.277551525538758,14.170754650538758,11,,,0.0641833526916377,Information
354501,7204.0,1873.19418,RUS,Russia,Kamchatka,1.059354844,0.0,0.65,0.49,,,,,,,,,,,,,,,,,,,,,,,,,,1.4350703188964389,21.18709688,0.0,,,,,,,,,,,,,,,,,0.0,0.0,6.46875,0.3453325911132682,0.0,0.0,0.22640625,1.2086640688964387,1.4350703188964389,0,,,3.0895744857183814e-05,Information
354507,7210.0,185.5024142,RUS,Russia,Kamchatka,4.036179622,4.012936998,0.65,0.49,,,,,,,,,,,,,,,,,,,,,,,,,,5.4049722125399375,80.72359243999999,80.25873996,,,,,,,,,,,,,,,,,0.0,0.0,2.8125,1.5161527750114108,0.0,0.0,0.0984375,5.306534712539937,5.4049722125399375,0,,,0.1017642804187479,Information
356011,7212.0,7800.198768,RUS,Russia,Kamchatka,3.635330807,4.006281001,0.65,0.49,,,,,,,,,,,,,,,,,,,,,,,,,,1.5387580189360124,72.70661614,80.12562001999999,,,,,,,,,,,,,,,,,0.0,0.0,19.265625,0.2469888982674321,0.0,0.0,0.674296875,0.8644611439360124,1.5387580189360124,58,,,0.0052569084197014,Information
356013,7214.0,16353.8843,RUS,Russia,Maga Buryatdan,2.140389142,1.273675945,0.65,0.49,,,,,,,,,,,,,,,,,,,,,,,,,,10.279199508983538,42.80778284,25.4735189,,,,,,,,,,,,,,,,,0.0,0.0,182.25,1.1144141454238683,0.0,0.0,6.37875,3.900449508983539,10.279199508983538,222,,,0.0430539915038351,Information
356014,7215.0,12167.3365,RUS,Russia,Maga Buryatdan,3.126765519,4.000321134,0.65,0.49,,,,,,,,,,,,,,,,,,,,,,,,,,2.2686583389745447,62.53531038,80.00642268,,,,,,,,,,,,,,,,,0.0,0.0,35.578125,0.2924068468498699,0.0,0.0,1.245234375,1.0234239639745446,2.2686583389745447,138,,,0.0147693147095585,Information
356016,7217.0,9488.544532,RUS,Russia,Maga Buryatdan,2.113471068,0.0,0.65,0.49,,,,,,,,,,,,,,,,,,,,,,,,,,1.1119956045215706,42.26942136,0.0,,,,,,,,,,,,,,,,,0.0,0.0,15.46875,0.1630255298633059,0.0,0.0,0.54140625,0.5705893545215707,1.1119956045215706,267,,,3.913592314258002e-05,Information
356018,7219.0,8917.225347,RUS,Russia,Maga Buryatdan,2.219435694,1.161392991,0.65,0.49,,,,,,,,,,,,,,,,,,,,,,,,,,3.5605136434752547,44.38871388,23.22785982,,,,,,,,,,,,,,,,,0.0,0.0,47.953125,0.5377583624215013,0.0,0.0,1.678359375,1.8821542684752544,3.5605136434752547,647,,,0.0029936020266086,Information
356021,7220.0,18766.11503,RUS,Russia,Maga Buryatdan,3.778284875,1.200747207,0.65,0.49,,,,,,,,,,,,,,,,,,,,,,,,,,8.85738485807697,75.5656975,24.01494414,,,,,,,,,,,,,,,,,0.0,0.0,165.09375,0.8797438880219912,0.0,0.0,5.77828125,3.079103608076969,8.85738485807697,91424,,,0.1551157425481967,Information
356028,7227.0,15429.05783,RUS,Russia,Khabarovsk,3.260317582,0.0,0.65,0.49,,,,,,,,,,,,,,,,,,,,,,,,,,0.2271326007554635,65.20635164,0.0,,,,,,,,,,,,,,,,,0.0,0.0,3.9375,0.0255200287872753,0.0,0.0,0.1378125,0.0893201007554635,0.2271326007554635,5,,,2.431304231356441e-07,Information
361010,7230.0,3493.593875,MNG,Mongolia,Uvs,1.715388844,0.0,0.62,0.53,,,,,,,,,,,,,,,,,,,,,,,,,,1.3307112763840017,34.30777688,0.0,,,,,,,,,,,,,,,,,0.0,0.0,9.84375,0.2817657218240005,0.0,0.0,0.34453125,0.9861800263840016,1.3307112763840017,6090,,,4.824217568896506e-05,Information
361011,7231.0,7404.713291,MNG,Mongolia,Uvs,1.809720596,0.0,0.62,0.53,,,,,,,,,,,,,,,,,,,,,,,,,,0.289220594587778,36.19441192,0.0,,,,,,,,,,,,,,,,,0.0,0.0,3.515625,0.047478205596508,0.0,0.0,0.123046875,0.166173719587778,0.289220594587778,14222,,,3.399443577960969e-08,Information
361012,7232.0,8669.269655,MNG,Mongolia,Uvs,1.098332551,0.0,0.62,0.53,,,,,,,,,,,,,,,,,,,,,,,,,,0.8903375347969371,21.96665102,0.0,,,,,,,,,,,,,,,,,0.0,0.0,11.8125,0.1362571527991249,0.0,0.0,0.4134375,0.4769000347969371,0.8903375347969371,18925,,,3.851243446824343e-06,Information
361014,7234.0,9639.850917,MNG,Mongolia,Uvs,3.175881761,0.0,0.62,0.53,,,,,,,,,,,,,,,,,,,,,,,,,,0.9827080752732956,63.51763522,0.0,,,,,,,,,,,,,,,,,0.0,0.0,13.78125,0.1429612357923702,0.0,0.0,0.48234375,0.5003643252732957,0.9827080752732956,6074,,,0.0001505962716457,Information
361016,7235.0,5937.859196,RUS,Russia,Tuva,3.706000599,0.0,0.65,0.49,,,,,,,,,,,,,,,,,,,,,,,,,,1.8891511543804127,74.12001198,0.0,,,,,,,,,,,,,,,,,0.0,0.0,20.109375,0.3386637226801181,0.0,0.0,0.703828125,1.1853230293804131,1.8891511543804127,3924,,,0.0044308699396467,Information
361018,7237.0,7713.889299,MNG,Mongolia,Uvs,4.046924117,0.0,0.62,0.53,,,,,,,,,,,,,,,,,,,,,,,,,,5.255621213150899,80.93848234,0.0,,,,,,,,,,,,,,,,,0.0,0.0,65.390625,0.847699810900257,0.0,0.0,2.288671875,2.9669493381509,5.255621213150899,6262,,,0.098808022575094,Information
361020,7239.0,20857.90581,MNG,Mongolia,Dzavhan,4.001771242,0.0,0.62,0.53,,,,,,,,,,,,,,,,,,,,,,,,,,4.580121219430859,80.03542484,0.0,,,,,,,,,,,,,,,,,0.0,0.0,88.453125,0.4240748126945313,0.0,0.0,3.095859375,1.4842618444308595,4.580121219430859,5621,,,0.0704788500108301,Information
361021,7240.0,16068.42524,MNG,Mongolia,Uvs,1.650289221,0.0,0.62,0.53,,,,,,,,,,,,,,,,,,,,,,,,,,5.924830977046895,33.00578442,0.0,,,,,,,,,,,,,,,,,0.0,0.0,104.34375,0.6493713505848272,0.0,0.0,3.65203125,2.272799727046895,5.924830977046895,7444,,,0.007644624047765,Information
361022,7241.0,12053.61314,MNG,Mongolia,Dzavhan,2.849847187,0.0,0.62,0.53,,,,,,,,,,,,,,,,,,,,,,,,,,0.4502597101021782,56.99694374,0.0,,,,,,,,,,,,,,,,,0.0,0.0,7.03125,0.0583331314577652,0.0,0.0,0.24609375,0.2041659601021782,0.4502597101021782,3125,,,2.5674191588712945e-06,Information
361023,7242.0,4795.160974,MNG,Mongolia,Uvs,2.124268697,0.0,0.62,0.53,,,,,,,,,,,,,,,,,,,,,,,,,,4.601397073991475,42.48537394,0.0,,,,,,,,,,,,,,,,,0.0,0.0,42.609375,0.8885911282832785,0.0,0.0,1.491328125,3.110068948991475,4.601397073991475,2397,,,0.0057737417706547,Information
361026,7245.0,11092.98303,MNG,Mongolia,Hovd,4.069167315,0.0,0.62,0.53,,,,,,,,,,,,,,,,,,,,,,,,,,6.8319250703394845,81.3833463,0.0,,,,,,,,,,,,,,,,,0.0,0.0,102.65625,0.925416091525567,0.0,0.0,3.59296875,3.2389563203394847,6.8319250703394845,5208,,,0.158063139471102,Information
361027,7246.0,20867.75766,MNG,Mongolia,Hovd,4.022058118,0.0,0.62,0.53,,,,,,,,,,,,,,,,,,,,,,,,,,3.167007808739678,80.44116236,0.0,,,,,,,,,,,,,,,,,0.0,0.0,61.171875,0.2931406239256222,0.0,0.0,2.141015625,1.0259921837396777,3.167007808739678,43437,,,0.0343307987995169,Information
361028,7247.0,10545.12405,MNG,Mongolia,Bayan-Ölgiy,2.301877505,0.0,0.62,0.53,,,,,,,,,,,,,,,,,,,,,,,,,,1.630183811514868,46.0375501,0.0,,,,,,,,,,,,,,,,,0.0,0.0,23.90625,0.2267043032899623,0.0,0.0,0.83671875,0.7934650615148681,1.630183811514868,7294,,,0.0002329821926702,Information
361029,7248.0,27133.88633,MNG,Mongolia,Bayan-Ölgiy,4.06390447,0.0,0.62,0.53,,,,,,,,,,,,,,,,,,,,,,,,,,3.4621995944708623,81.2780894,0.0,,,,,,,,,,,,,,,,,0.0,0.0,72.28125,0.2663873841345321,0.0,0.0,2.52984375,0.9323558444708624,3.4621995944708623,63697,,,0.0457257336375304,Information
361031,7249.0,6019.322657,MNG,Mongolia,Hovd,2.23575412,0.0,0.62,0.53,,,,,,,,,,,,,,,,,,,,,,,,,,1.794517393869456,44.7150824,0.0,,,,,,,,,,,,,,,,,0.0,0.0,19.265625,0.3200630053912731,0.0,0.0,0.674296875,1.1202205188694558,1.794517393869456,2818,,,0.00030428711917,Information
361032,7250.0,6143.540484,MNG,Mongolia,Hovd,2.111979807,0.0,0.62,0.53,,,,,,,,,,,,,,,,,,,,,,,,,,2.017600797114124,42.23959614,0.0,,,,,,,,,,,,,,,,,0.0,0.0,21.9375,0.3570823706040354,0.0,0.0,0.7678125,1.249788297114124,2.017600797114124,5030,,,0.0003976945207271,Information
361034,7252.0,3464.395459,MNG,Mongolia,Govi-Altay,4.002159173,0.0,0.62,0.53,,,,,,,,,,,,,,,,,,,,,,,,,,1.205120647441436,80.04318346,0.0,,,,,,,,,,,,,,,,,0.0,0.0,8.859375,0.2557264349832674,0.0,0.0,0.310078125,0.895042522441436,1.205120647441436,1637,,,0.0025003313048631,Information
361035,7253.0,18675.61465,MNG,Mongolia,Govi-Altay,1.474597321,0.0,0.62,0.53,,,,,,,,,,,,,,,,,,,,,,,,,,1.571924728970589,29.49194642,0.0,,,,,,,,,,,,,,,,,0.0,0.0,29.25,0.1566213511344541,0.0,0.0,1.02375,0.5481747289705894,1.571924728970589,5871,,,7.135428143093832e-05,Information
411008,7261.0,1498.520015,RUS,Russia,Sakhalin,1.749018548,0.729164674,0.65,0.49,,,,,,,,,,,,,,,,,,,,,,,,,,0.9064027597117568,34.98037096,14.583293479999998,,,,,,,,,,,,,,,,,0.0,0.0,3.375,0.2252222170605019,0.0,0.0,0.118125,0.7882777597117567,0.9064027597117568,20060,,,9.644721765173444e-06,Information
412002,7262.0,1569.178081,RUS,Russia,Sakhalin,0.064751349,2.563927839,0.65,0.49,,,,,,,,,,,,,,,,,,,,,,,,,,32.22358224667133,1.29502698,51.27855678,,,,,,,,,,,,,,,,,0.0,0.0,124.875,7.957987784763238,0.0,0.0,4.370625,27.85295724667133,32.22358224667133,6637,,,0.3396492080432486,Information
412007,7266.0,289.6123832,RUS,Russia,Sakhalin,0.070256852,0.0,0.65,0.49,,,,,,,,,,,,,,,,,,,,,,,,,,36.097578125,1.4051370399999998,0.0,,,,,,,,,,,,,,,,,0.0,0.0,31.359375,10.828050463675426,0.0,0.0,1.097578125,35.0,36.097578125,1732,,,0.1574981748283656,Advisory
413052,7277.0,1564.413226,JPN,Japan,Kagoshima,1.503553147,0.0,0.78,0.31,,,,,,,,,,,,,,,,,,,,,,,,,,0.8004337336652384,30.07106294,0.0,,,,,,,,,,,,,,,,,0.0,0.0,3.09375,0.1977578524757824,0.0,0.0,0.10828125,0.6921524836652384,0.8004337336652384,159945,,,3.909497653898678e-06,Information
413054,7279.0,1906.376963,JPN,Japan,Kumamoto,2.616313981,0.0,0.78,0.31,,,,,,,,,,,,,,,,,,,,,,,,,,0.3073982756462754,52.32627962,0.0,,,,,,,,,,,,,,,,,0.0,0.0,1.40625,0.0737655787560787,0.0,0.0,0.04921875,0.2581795256462754,0.3073982756462754,134712,,,2.2795993798176814e-07,Information
413056,7281.0,2802.498179,JPN,Japan,Fukuoka,1.960033853,0.468848006,0.78,0.31,,,,,,,,,,,,,,,,,,,,,,,,,,1.8886837751099537,39.20067706,9.37696012,,,,,,,,,,,,,,,,,0.0,0.0,11.8125,0.4214989357457011,0.0,0.0,0.4134375,1.4752462751099538,1.8886837751099537,1066437,,,0.0002585884287649,Information
413058,7283.0,2156.908937,JPN,Japan,Miyazaki,1.390889649,0.0,0.78,0.31,,,,,,,,,,,,,,,,,,,,,,,,,,1.19286250885238,27.81779298,0.0,,,,,,,,,,,,,,,,,0.0,0.0,6.046875,0.2803491096721086,0.0,0.0,0.211640625,0.98122188385238,1.19286250885238,414468,,,2.0405678388505837e-05,Information
421020,7287.0,2802.455552,RUS,Russia,Khabarovsk,1.155032058,0.0,0.65,0.49,,,,,,,,,,,,,,,,,,,,,,,,,,0.3597535647350889,23.10064116,0.0,,,,,,,,,,,,,,,,,0.0,0.0,2.25,0.080286732781454,0.0,0.0,0.07875,0.281003564735089,0.3597535647350889,8,,,4.0511948008234135e-08,Information
421030,7288.0,691.5306402,RUS,Russia,Khabarovsk,0.470519597,0.0,0.65,0.49,,,,,,,,,,,,,,,,,,,,,,,,,,13.468905430338266,9.41039194,0.0,,,,,,,,,,,,,,,,,0.0,0.0,24.890625,3.5993524443823617,0.0,0.0,0.871171875,12.597733555338266,13.468905430338266,203,,,0.0283279716783833,Information
422000,7303.0,4677.010772,CHN,China,Nei Mongol,1.394974987,0.0,0.59,0.57,,,,,,,,,,,,,,,,,,,,,,,,,,3.5524474199675344,27.899499740000003,0.0,,,,,,,,,,,,,,,,,0.0,0.0,32.34375,0.6915474771335812,0.0,0.0,1.13203125,2.420416169967534,3.5524474199675344,18963,,,0.0013044152648265,Information
422010,7304.0,5623.945028,MNG,Mongolia,Dornod,2.416138592,0.0,0.62,0.53,,,,,,,,,,,,,,,,,,,,,,,,,,0.3144908766330446,48.32277184,0.0,,,,,,,,,,,,,,,,,0.0,0.0,3.234375,0.0575107861808699,0.0,0.0,0.113203125,0.2012877516330446,0.3144908766330446,100,,,1.682035932118473e-07,Information
422042,7309.0,4283.3543,MNG,Mongolia,Sühbaatar,4.003932011,0.0,0.62,0.53,,,,,,,,,,,,,,,,,,,,,,,,,,0.9026917630334576,80.07864022,0.0,,,,,,,,,,,,,,,,,0.0,0.0,7.734375,0.1805681822952736,0.0,0.0,0.270703125,0.6319886380334576,0.9026917630334576,4649,,,0.0009868329708683,Information
422065,7322.0,2017.153936,CHN,China,Nei Mongol,0.575710791,0.0,0.59,0.57,,,,,,,,,,,,,,,,,,,,,,,,,,1.260844759596684,11.51421582,0.0,,,,,,,,,,,,,,,,,0.0,0.0,6.046875,0.2997726098847669,0.0,0.0,0.211640625,1.049204134596684,1.260844759596684,1885,,,1.0638059317294382e-05,Information
422066,7323.0,7545.136855,CHN,China,Nei Mongol,1.625888289,0.0,0.59,0.57,,,,,,,,,,,,,,,,,,,,,,,,,,0.5722558259583039,32.51776578,0.0,,,,,,,,,,,,,,,,,0.0,0.0,7.03125,0.0931891645595154,0.0,0.0,0.24609375,0.3261620759583039,0.5722558259583039,2265,,,9.209763931743342e-07,Information
422067,7324.0,396.4588902,CHN,China,Nei Mongol,1.999960085,0.0,0.59,0.57,,,,,,,,,,,,,,,,,,,,,,,,,,1.0325422859563091,39.9992017,0.0,,,,,,,,,,,,,,,,,0.0,0.0,1.125,0.2837620817018026,0.0,0.0,0.039375,0.9931672859563092,1.0325422859563091,5,,,2.4292261441002924e-05,Information
422068,7325.0,7701.940784,CHN,China,Nei Mongol,0.933168231,0.0,0.59,0.57,,,,,,,,,,,,,,,,,,,,,,,,,,0.1809969559341233,18.66336462,0.0,,,,,,,,,,,,,,,,,0.0,0.0,2.25,0.0292134159811781,0.0,0.0,0.07875,0.1022469559341233,0.1809969559341233,805,,,5.048426384645102e-10,Information
422069,7326.0,11981.75878,CHN,China,Nei Mongol,3.041287777,0.0,0.59,0.57,,,,,,,,,,,,,,,,,,,,,,,,,,0.3611872713835998,60.82575554,0.0,,,,,,,,,,,,,,,,,0.0,0.0,5.625,0.0469463632524571,0.0,0.0,0.196875,0.1643122713835998,0.3611872713835998,220297,,,1.3904109279732671e-06,Information
422090,7329.0,28340.71139,CHN,China,Nei Mongol,1.324279741,0.0,0.59,0.57,,,,,,,,,,,,,,,,,,,,,,,,,,3.349253224194657,26.48559482,0.0,,,,,,,,,,,,,,,,,0.0,0.0,70.734375,0.2495857426270451,0.0,0.0,2.475703125,0.8735500991946579,3.349253224194657,62052,,,0.0010050228919385,Information
422128,7338.0,3291.351289,RUS,Russia,Khabarovsk,2.076345996,0.0,0.65,0.49,,,,,,,,,,,,,,,,,,,,,,,,,,3.160258464115451,41.526919920000005,0.0,,,,,,,,,,,,,,,,,0.0,0.0,22.359375,0.6793372397472718,0.0,0.0,0.782578125,2.377680339115451,3.160258464115451,1856,,,0.0017619151727918,Information
422187,7367.0,2379.83597,RUS,Russia,Khabarovsk,4.009321064,0.0,0.65,0.49,,,,,,,,,,,,,,,,,,,,,,,,,,2.355517163953112,80.18642127999999,0.0,,,,,,,,,,,,,,,,,0.0,0.0,12.9375,0.5436299039866034,0.0,0.0,0.4528125,1.902704663953112,2.355517163953112,64,,,0.0166020284517918,Information
422188,7368.0,2304.114301,RUS,Russia,Khabarovsk,3.257280779,0.0,0.65,0.49,,,,,,,,,,,,,,,,,,,,,,,,,,0.5256623992377139,65.14561558,0.0,,,,,,,,,,,,,,,,,0.0,0.0,2.8125,0.1220642569250611,0.0,0.0,0.0984375,0.4272248992377138,0.5256623992377139,0,,,1.368728369491745e-05,Information
422189,7369.0,3542.176722,RUS,Russia,Khabarovsk,0.112144565,0.0,0.65,0.49,,,,,,,,,,,,,,,,,,,,,,,,,,0.7526773086623624,2.2428913,0.0,,,,,,,,,,,,,,,,,0.0,0.0,5.625,0.1588006596178178,0.0,0.0,0.196875,0.5558023086623624,0.7526773086623624,130,,,5.676592274044366e-07,Information
422230,7373.0,5471.423245,RUS,Russia,Khabarovsk,1.456725021,0.0,0.65,0.49,,,,,,,,,,,,,,,,,,,,,,,,,,63.162968750000005,29.13450042,0.0,3.0,,,,,,,,,,,,,,,,0.0,0.0,804.65625,14.706525412421398,0.0,0.0,28.16296875,35.0,63.162968750000005,33974,4353.0,12.812739153470302,0.454196596115668,Watch
422253,7377.0,971.3060013,CHN,China,Heilongjiang,1.672935554,0.0,0.59,0.57,,,,,,,,,,,,,,,,,,,,,,,,,,42.25484375,33.45871108,0.0,,,,,,,,,,,,,,,,,0.0,0.0,207.28125,21.340468371539625,0.0,0.0,7.25484375,35.0,42.25484375,5583,,,0.3248771135868428,Advisory
422255,7379.0,3782.168899,CHN,China,Heilongjiang,0.743572585,0.0,0.59,0.57,,,,,,,,,,,,,,,,,,,,,,,,,,38.30967581727114,14.8714517,0.0,,,,,,,,,,,,,,,,,0.0,0.0,300.375,7.941871662077468,0.0,0.0,10.513125,27.79655081727114,38.30967581727114,41355,,,0.2123018127038938,Advisory
422257,7381.0,43.67663837,CHN,China,Heilongjiang,1.080899334,0.0,0.59,0.57,,,,,,,,,,,,,,,,,,,,,,,,,,36.442109375,21.61798668,0.0,,,,,,,,,,,,,,,,,0.0,0.0,41.203125,94.3367588263114,0.0,0.0,1.442109375,35.0,36.442109375,32,,,0.2218769711509235,Advisory
422259,7383.0,150.6974156,CHN,China,Heilongjiang,0.789596604,0.0,0.59,0.57,,,,,,,,,,,,,,,,,,,,,,,,,,36.520859375,15.79193208,0.0,,,,,,,,,,,,,,,,,0.0,0.0,43.453125,28.83468494374895,0.0,0.0,1.520859375,35.0,36.520859375,819,,,0.2017442532538825,Advisory
422260,7384.0,29795.08885,RUS,Russia,Primor'ye,4.010981645,0.0,0.65,0.49,,,,,,,,,,,,,,,,,,,,,,,,,,3.832515574448684,80.21963290000001,0.0,,,,,,,,,,,,,,,,,0.0,0.0,81.984375,0.275160699842481,0.0,0.0,2.869453125,0.9630624494486836,3.832515574448684,53799,,,0.050381222360154,Information
422270,7385.0,328.7824604,CHN,China,Heilongjiang,4.021732158,0.0,0.59,0.57,,,,,,,,,,,,,,,,,,,,,,,,,,38.460078125,80.43464316,0.0,3.0,,,,,,,,,,,,,,,,0.0,0.0,98.859375,30.068323868238245,0.0,0.0,3.460078125,35.0,38.460078125,6915,1092.0,15.791757049891539,0.7504353200329203,Watch
422281,7386.0,1847.930484,CHN,China,Heilongjiang,4.063646514,0.0,0.59,0.57,,,,,,,,,,,,,,,,,,,,,,,,,,70.0,81.27293028,0.0,3.0,,,,,,,,,,,,,,,,0.0,0.0,1302.75,70.49778177084303,0.0,0.0,35.0,35.0,70.0,28411,8538.0,30.05174052303685,0.9063360502595414,Warning
422282,7387.0,24874.42453,CHN,China,Heilongjiang,4.00338624,0.0,0.59,0.57,,,,,,,,,,,,,,,,,,,,,,,,,,70.0,80.06772480000001,0.0,3.0,,,,,,,,,,,,,,,,0.0,0.0,2515.921875,10.114492786244488,0.0,0.0,35.0,35.0,70.0,247689,17846.0,7.2050030481773515,0.895470102593883,Warning
422283,7388.0,4143.618281,RUS,Russia,Primor'ye,3.891396161,0.0,0.65,0.49,,,,,,,,,,,,,,,,,,,,,,,,,,4.821623141377469,77.82792322,0.0,,,,,,,,,,,,,,,,,0.0,0.0,40.359375,0.974012861822134,0.0,0.0,1.412578125,3.409045016377469,4.821623141377469,57382,,,0.0635394230638044,Information
422284,7389.0,7006.330411,RUS,Russia,Primor'ye,1.229345869,0.0,0.65,0.49,,,,,,,,,,,,,,,,,,,,,,,,,,2.1743125173077296,24.586917380000003,0.0,,,,,,,,,,,,,,,,,0.0,0.0,25.59375,0.3652946478022084,0.0,0.0,0.89578125,1.2785312673077294,2.1743125173077296,80470,,,0.0001953641321329,Information
422285,7390.0,1053.46434,RUS,Russia,Primor'ye,3.444495833,0.0,0.65,0.49,,,,,,,,,,,,,,,,,,,,,,,,,,0.4647845300448777,68.88991666,0.0,,,,,,,,,,,,,,,,,0.0,0.0,1.265625,0.1201393300128222,0.0,0.0,0.044296875,0.4204876550448777,0.4647845300448777,547,,,1.3128571422784733e-05,Information
422287,7392.0,670.083781,RUS,Russia,Primor'ye,3.995794411,0.0,0.65,0.49,,,,,,,,,,,,,,,,,,,,,,,,,,0.1567470220929091,79.91588822,0.0,,,,,,,,,,,,,,,,,0.0,0.0,0.28125,0.0419723634551169,0.0,0.0,0.00984375,0.1469032720929091,0.1567470220929091,819,,,6.078816127848658e-07,Information
422411,7397.0,913.9790231,CHN,China,Heilongjiang,1.304828025,0.0,0.59,0.57,,,,,,,,,,,,,,,,,,,,,,,,,,39.30171875,26.0965605,0.0,,,,,,,,,,,,,,,,,0.0,0.0,122.90625,13.44738192984136,0.0,0.0,4.30171875,35.0,39.30171875,166715,,,0.2638597276417382,Advisory
422412,7398.0,2692.19644,CHN,China,Heilongjiang,0.405950538,0.0,0.59,0.57,,,,,,,,,,,,,,,,,,,,,,,,,,55.86875,8.11901076,0.0,,,,,,,,,,,,,,,,,0.0,0.0,596.25,22.14734374922539,0.0,0.0,20.86875,35.0,55.86875,638558,,,0.3094221450350874,Advisory
422414,7400.0,4511.589338,CHN,China,Heilongjiang,0.535023311,0.0,0.59,0.57,,,,,,,,,,,,,,,,,,,,,,,,,,55.908125,10.70046622,0.0,,,,,,,,,,,,,,,,,0.0,0.0,597.375,13.24089927630945,0.0,0.0,20.908125,35.0,55.908125,705867,,,0.3197898432453399,Advisory
422415,7401.0,5372.603177,CHN,China,Heilongjiang,0.928753614,0.0,0.59,0.57,,,,,,,,,,,,,,,,,,,,,,,,,,70.0,18.57507228,0.0,3.0,,,,,,,,,,,,,,,,0.0,0.0,1864.546875,34.70471973604286,0.0,0.0,35.0,35.0,70.0,1297668,83066.0,6.4011750309015865,0.4399144095341938,Watch
422416,7402.0,20744.65733,CHN,China,Heilongjiang,4.007990271,0.0,0.59,0.57,,,,,,,,,,,,,,,,,,,,,,,,,,4.135966669629656,80.15980542,0.0,,,,,,,,,,,,,,,,,0.0,0.0,79.734375,0.3843610127513302,0.0,0.0,2.790703125,1.3452635446296557,4.135966669629656,783162,,,0.058441869510861,Information
422417,7403.0,2952.113367,CHN,China,Heilongjiang,2.655042215,0.0,0.59,0.57,,,,,,,,,,,,,,,,,,,,,,,,,,42.0440106213535,53.1008443,0.0,,,,,,,,,,,,,,,,,0.0,0.0,273.796875,9.274605713243858,0.0,0.0,9.582890625,32.4611199963535,42.0440106213535,94424,,,0.4564891213829275,Advisory
422419,7405.0,15.57281158,CHN,China,Heilongjiang,2.722887706,0.0,0.59,0.57,,,,,,,,,,,,,,,,,,,,,,,,,,35.2559375,54.45775412,0.0,,,,,,,,,,,,,,,,,0.0,0.0,7.3125,46.95683861782314,0.0,0.0,0.2559375,35.0,35.2559375,34340,,,0.3989729395237085,Advisory
422422,7407.0,4075.143385,CHN,China,Heilongjiang,2.356756917,0.0,0.59,0.57,,,,,,,,,,,,,,,,,,,,,,,,,,4.198918708457226,47.13513834,0.0,,,,,,,,,,,,,,,,,0.0,0.0,34.734375,0.8523473095592075,0.0,0.0,1.215703125,2.983215583457226,4.198918708457226,332295,,,0.0056559700252099,Information
422423,7408.0,9258.468719,CHN,China,Heilongjiang,2.748979734,0.0,0.59,0.57,,,,,,,,,,,,,,,,,,,,,,,,,,10.678185894973492,54.979594680000005,0.0,,,,,,,,,,,,,,,,,0.0,0.0,146.671875,1.5841915057067115,0.0,0.0,5.133515625,5.544670269973491,10.678185894973492,1026197,,,0.0750876039708238,Information
422424,7409.0,5234.306984,CHN,China,Heilongjiang,3.180239296,0.0,0.59,0.57,,,,,,,,,,,,,,,,,,,,,,,,,,20.341474807295388,63.60478592,0.0,,,,,,,,,,,,,,,,,0.0,0.0,199.6875,3.814974944941539,0.0,0.0,6.9890625,13.352412307295388,20.341474807295388,414712,,,0.2803589917691431,Information
422425,7410.0,762.7046041,CHN,China,Heilongjiang,3.441598224,0.0,0.59,0.57,,,,,,,,,,,,,,,,,,,,,,,,,,10.070792196563673,68.83196448,0.0,,,,,,,,,,,,,,,,,0.0,0.0,20.390625,2.6734629490181923,0.0,0.0,0.713671875,9.357120321563674,10.070792196563673,263178,,,0.12929001247609,Information
422426,7411.0,1847.089442,CHN,China,Heilongjiang,2.58116287,0.0,0.59,0.57,,,,,,,,,,,,,,,,,,,,,,,,,,17.48896408949268,51.6232574,0.0,,,,,,,,,,,,,,,,,0.0,0.0,77.90625,4.217784382712194,0.0,0.0,2.72671875,14.76224533949268,17.48896408949268,24494,,,0.1544699137035337,Information
422427,7412.0,9512.878995,CHN,China,Jilin,2.675362143,0.0,0.59,0.57,,,,,,,,,,,,,,,,,,,,,,,,,,26.753821959336857,53.507242860000005,0.0,,,,,,,,,,,,,,,,,0.0,0.0,372.65625,3.917386631239102,0.0,0.0,13.04296875,13.710853209336856,26.753821959336857,298001,,,0.2902620959724794,Information
422428,7413.0,2876.824125,CHN,China,Jilin,0.538254207,0.0,0.59,0.57,,,,,,,,,,,,,,,,,,,,,,,,,,3.6350465440851054,10.76508414,0.0,,,,,,,,,,,,,,,,,0.0,0.0,23.203125,0.8065534768814591,0.0,0.0,0.812109375,2.822937169085107,3.6350465440851054,360051,,,0.0006855887466787,Information
422429,7414.0,1847.636848,CHN,China,Jilin,2.396056295,0.0,0.59,0.57,,,,,,,,,,,,,,,,,,,,,,,,,,3.3138664163144327,47.92112590000001,0.0,,,,,,,,,,,,,,,,,0.0,0.0,14.765625,0.7991627260898378,0.0,0.0,0.516796875,2.7970695413144324,3.3138664163144327,64774,,,0.0029378034673068,Information
422431,7415.0,4229.272374,CHN,China,Heilongjiang,1.020047384,0.0,0.59,0.57,,,,,,,,,,,,,,,,,,,,,,,,,,69.83703125,20.40094768,0.0,3.0,,,,,,,,,,,,,,,,0.0,0.0,995.34375,23.534633431986897,0.0,0.0,34.83703125,35.0,69.83703125,376672,65160.0,17.298870104494096,0.4479518160974493,Watch
422432,7416.0,10854.89501,CHN,China,Heilongjiang,2.142178244,0.0,0.59,0.57,,,,,,,,,,,,,,,,,,,,,,,,,,70.0,42.84356488,0.0,3.0,,,,,,,,,,,,,,,,0.0,0.0,1855.265625,17.09151145859928,0.0,0.0,35.0,35.0,70.0,931330,183719.0,19.72652013786735,0.5803165115884639,Watch
422433,7417.0,14212.9608,CHN,China,Heilongjiang,1.050907967,0.0,0.59,0.57,,,,,,,,,,,,,,,,,,,,,,,,,,70.0,21.018159340000004,0.0,3.0,,,,,,,,,,,,,,,,0.0,0.0,2002.5,14.089252955098315,0.0,0.0,35.0,35.0,70.0,1753090,163241.0,9.31161549036273,0.4519553317494796,Watch
422434,7418.0,31128.4457,CHN,China,Heilongjiang,0.523127967,0.0,0.59,0.57,,,,,,,,,,,,,,,,,,,,,,,,,,70.0,10.46255934,0.0,3.0,,,,,,,,,,,,,,,,0.0,0.0,4846.921875,15.570716000632586,0.0,0.0,35.0,35.0,70.0,4472757,292391.0,6.537153706315814,0.402778559401426,Watch
422435,7419.0,33.7262688,CHN,China,Heilongjiang,2.157512471,0.0,0.59,0.57,,,,,,,,,,,,,,,,,,,,,,,,,,35.743203125,43.15024942,0.0,,,,,,,,,,,,,,,,,0.0,0.0,21.234375,62.96093744331805,0.0,0.0,0.743203125,35.0,35.743203125,18255,,,0.3213053511751058,Advisory
422436,7420.0,5336.363422,CHN,China,Heilongjiang,1.974922249,0.0,0.59,0.57,,,,,,,,,,,,,,,,,,,,,,,,,,14.314892304004958,39.49844498,0.0,,,,,,,,,,,,,,,,,0.0,0.0,142.3125,2.6668442297157027,0.0,0.0,4.9809375,9.33395480400496,14.314892304004958,1661613,,,0.0747402807523897,Information
422437,7421.0,8334.969448,CHN,China,Heilongjiang,1.232251317,0.0,0.59,0.57,,,,,,,,,,,,,,,,,,,,,,,,,,70.0,24.64502634,0.0,3.0,,,,,,,,,,,,,,,,0.0,0.0,1230.328125,14.761039410144782,0.0,0.0,35.0,35.0,70.0,6158337,148852.0,2.4170811048502214,0.4706187055164899,Watch
422438,7422.0,19672.44598,CHN,China,Heilongjiang,0.887166879,0.0,0.59,0.57,,,,,,,,,,,,,,,,,,,,,,,,,,70.0,17.743337580000002,0.0,3.0,,,,,,,,,,,,,,,,0.0,0.0,4346.859375,22.096181530339955,0.0,0.0,35.0,35.0,70.0,3516120,452894.0,12.8805046471679,0.4359092085438351,Watch
422439,7423.0,4146.687473,CHN,China,Jilin,0.695434686,0.0,0.59,0.57,,,,,,,,,,,,,,,,,,,,,,,,,,55.962265625,13.90869372,0.0,,,,,,,,,,,,,,,,,0.0,0.0,598.921875,14.443381106658157,0.0,0.0,20.962265625,35.0,55.962265625,567809,,,0.3333320610272303,Advisory
422441,7424.0,1147.795409,CHN,China,Heilongjiang,0.381391976,0.0,0.59,0.57,,,,,,,,,,,,,,,,,,,,,,,,,,40.763515625,7.62783952,0.0,,,,,,,,,,,,,,,,,0.0,0.0,164.671875,14.346796797719536,0.0,0.0,5.763515625,35.0,40.763515625,225361,,,0.206667692346143,Advisory
422442,7425.0,8825.511393,CHN,China,Heilongjiang,0.679909649,0.0,0.59,0.57,,,,,,,,,,,,,,,,,,,,,,,,,,32.32564292859122,13.59819298,0.0,,,,,,,,,,,,,,,,,0.0,0.0,432.984375,4.906054229597493,0.0,0.0,15.154453125,17.171189803591226,32.32564292859122,2526059,,,0.1627673566366012,Information
422443,7426.0,6128.850697,CHN,China,Heilongjiang,2.136776955,0.0,0.59,0.57,,,,,,,,,,,,,,,,,,,,,,,,,,64.3146875,42.7355391,0.0,3.0,,,,,,,,,,,,,,,,0.0,0.0,837.5625,13.66589824794518,0.0,0.0,29.3146875,35.0,64.3146875,447005,25338.0,5.66839297099585,0.5462164559273267,Watch
422444,7427.0,10280.23798,CHN,China,Heilongjiang,1.080212616,0.0,0.59,0.57,,,,,,,,,,,,,,,,,,,,,,,,,,17.12769967458641,21.60425232,0.0,,,,,,,,,,,,,,,,,0.0,0.0,248.0625,2.4130034784532595,0.0,0.0,8.6821875,8.445512174586408,17.12769967458641,1004837,,,0.0641208009698624,Information
422445,7428.0,3662.185559,CHN,China,Heilongjiang,0.285766827,0.0,0.59,0.57,,,,,,,,,,,,,,,,,,,,,,,,,,67.43515625,5.71533654,0.0,3.0,,,,,,,,,,,,,,,,0.0,0.0,926.71875,25.305073569097058,0.0,0.0,32.43515625,35.0,67.43515625,806987,38464.0,4.7663717011550375,0.368755194354412,Watch
422446,7429.0,1916.556949,CHN,China,Heilongjiang,0.09656393,0.0,0.59,0.57,,,,,,,,,,,,,,,,,,,,,,,,,,0.6426565509316393,1.9312786,0.0,,,,,,,,,,,,,,,,,0.0,0.0,2.953125,0.1540849074090398,0.0,0.0,0.103359375,0.5392971759316393,0.6426565509316393,92740,,,2.4805225920880346e-07,Information
422447,7430.0,3960.578579,CHN,China,Heilongjiang,0.273265057,0.0,0.59,0.57,,,,,,,,,,,,,,,,,,,,,,,,,,12.300466943120025,5.465301139999999,0.0,,,,,,,,,,,,,,,,,0.0,0.0,99.703125,2.517387876605721,0.0,0.0,3.489609375,8.810857568120024,12.300466943120025,509153,,,0.0207085653842934,Information
422448,7431.0,1216.524918,CHN,China,Heilongjiang,0.479906965,0.0,0.59,0.57,,,,,,,,,,,,,,,,,,,,,,,,,,0.9529874709060716,9.5981393,0.0,,,,,,,,,,,,,,,,,0.0,0.0,2.953125,0.2427508845445919,0.0,0.0,0.103359375,0.8496280959060717,0.9529874709060716,74632,,,2.6516369984070094e-06,Information
422449,7432.0,4540.984047,CHN,China,Heilongjiang,0.290435958,0.0,0.59,0.57,,,,,,,,,,,,,,,,,,,,,,,,,,1.6706299653571417,5.80871916,0.0,,,,,,,,,,,,,,,,,0.0,0.0,14.90625,0.3282603472448976,0.0,0.0,0.52171875,1.1489112153571417,1.6706299653571417,788573,,,2.7637169840649533e-05,Information
422450,7433.0,326.0821904,CHN,China,Heilongjiang,3.181738949,0.0,0.59,0.57,,,,,,,,,,,,,,,,,,,,,,,,,,36.78171875,63.63477898,0.0,,,,,,,,,,,,,,,,,0.0,0.0,50.90625,15.611478177163129,0.0,0.0,1.78171875,35.0,36.78171875,51417,,,0.5045430952818111,Advisory
422461,7434.0,3124.662991,CHN,China,Jilin,2.110882837,0.0,0.59,0.57,,,,,,,,,,,,,,,,,,,,,,,,,,65.2596875,42.21765674,0.0,3.0,,,,,,,,,,,,,,,,0.0,0.0,864.5625,27.668983899988604,0.0,0.0,30.2596875,35.0,65.2596875,1041674,141868.0,13.61923212060587,0.5484282297894186,Watch
422462,7435.0,18323.09046,CHN,China,Jilin,1.665929709,0.0,0.59,0.57,,,,,,,,,,,,,,,,,,,,,,,,,,62.11946989369905,33.31859418,0.0,3.0,,,,,,,,,,,,,,,,0.0,0.0,1419.75,7.7484199696283,0.0,0.0,35.0,27.119469893699048,62.11946989369905,8056382,258265.0,3.205719391160945,0.4717519326509704,Watch
422463,7436.0,17323.15442,CHN,China,Jilin,3.379391212,0.0,0.59,0.57,,,,,,,,,,,,,,,,,,,,,,,,,,68.96952776088118,67.58782424,0.0,3.0,,,,,,,,,,,,,,,,0.0,0.0,1681.3125,9.705579360251765,0.0,0.0,35.0,33.96952776088118,68.96952776088118,3176740,186094.0,5.858017968105668,0.7749146977498463,Watch
422464,7437.0,14895.00153,CHN,China,Jilin,1.796322112,0.0,0.59,0.57,,,,,,,,,,,,,,,,,,,,,,,,,,36.08035585334434,35.92644224,0.0,,,,,,,,,,,,,,,,,0.0,0.0,616.78125,4.140860600955524,0.0,0.0,21.58734375,14.493012103344336,36.08035585334434,2317823,,,0.2828880861053912,Advisory
422465,7438.0,1906.158678,CHN,China,Jilin,1.136450989,0.0,0.59,0.57,,,,,,,,,,,,,,,,,,,,,,,,,,10.729231659882242,22.72901978,0.0,,,,,,,,,,,,,,,,,0.0,0.0,49.078125,2.574713509966355,0.0,0.0,1.717734375,9.011497284882244,10.729231659882242,87019,,,0.0241711773066769,Information
422466,7439.0,7903.736494,CHN,China,Jilin,1.340222106,0.0,0.59,0.57,,,,,,,,,,,,,,,,,,,,,,,,,,10.190324177926264,26.80444212,0.0,,,,,,,,,,,,,,,,,0.0,0.0,128.53125,1.6262086936932183,0.0,0.0,4.49859375,5.691730427926264,10.190324177926264,399003,,,0.0243221560303034,Information
422467,7440.0,3517.057354,CHN,China,Jilin,2.172944761,0.0,0.59,0.57,,,,,,,,,,,,,,,,,,,,,,,,,,9.666164592956328,43.45889522,0.0,,,,,,,,,,,,,,,,,0.0,0.0,71.859375,2.0431675622732364,0.0,0.0,2.515078125,7.151086467956327,9.666164592956328,87255,,,0.0386697233033351,Information
422468,7441.0,4247.048825,CHN,China,Jilin,3.557353596,0.0,0.59,0.57,,,,,,,,,,,,,,,,,,,,,,,,,,0.4623025298678888,71.14707192,0.0,,,,,,,,,,,,,,,,,0.0,0.0,3.9375,0.0927114371051111,0.0,0.0,0.1378125,0.3244900298678888,0.4623025298678888,24086,,,1.784479729157675e-05,Information
422469,7442.0,3028.976918,CHN,China,Jilin,2.851398776,0.0,0.59,0.57,,,,,,,,,,,,,,,,,,,,,,,,,,4.890541072092558,57.02797552,0.0,,,,,,,,,,,,,,,,,0.0,0.0,32.484375,1.0724536991693023,0.0,0.0,1.136953125,3.753587947092558,4.890541072092558,118188,,,0.0148808899609722,Information
422471,7443.0,4.969137324,CHN,China,Jilin,4.096993973,0.0,0.59,0.57,,,,,,,,,,,,,,,,,,,,,,,,,,35.04921875,81.93987946,0.0,3.0,,,,,,,,,,,,,,,,0.0,0.0,1.40625,28.29968077539529,0.0,0.0,0.04921875,35.0,35.04921875,0,0.0,0.0,0.7463498058533576,Watch
422472,7444.0,2093.066192,CHN,China,Jilin,1.08779197,0.0,0.59,0.57,,,,,,,,,,,,,,,,,,,,,,,,,,61.179453125,21.7558394,0.0,3.0,,,,,,,,,,,,,,,,0.0,0.0,747.984375,35.73629816058261,0.0,0.0,26.179453125,35.0,61.179453125,114511,42732.0,37.316938984027736,0.4028322907882558,Watch
422473,7445.0,186.4894646,CHN,China,Heilongjiang,2.289723865,0.0,0.59,0.57,,,,,,,,,,,,,,,,,,,,,,,,,,38.351796875,45.7944773,0.0,,,,,,,,,,,,,,,,,0.0,0.0,95.765625,51.35176144393269,0.0,0.0,3.351796875,35.0,38.351796875,12239,,,0.3646783402918422,Advisory
422475,7447.0,33.94485096,CHN,China,Heilongjiang,3.616603171,0.0,0.59,0.57,,,,,,,,,,,,,,,,,,,,,,,,,,35.69890625,72.33206342,0.0,3.0,,,,,,,,,,,,,,,,0.0,0.0,19.96875,58.82703690673856,0.0,0.0,0.69890625,35.0,35.69890625,63,5.0,7.936507936507936,0.6005789127713413,Watch
422476,7448.0,104.0357215,CHN,China,Heilongjiang,0.674094736,0.0,0.59,0.57,,,,,,,,,,,,,,,,,,,,,,,,,,36.34859375,13.48189472,0.0,,,,,,,,,,,,,,,,,0.0,0.0,38.53125,37.03655768886097,0.0,0.0,1.34859375,35.0,36.34859375,2774,,,0.192916715344867,Advisory
422477,7449.0,361.6181775,CHN,China,Jilin,0.750237203,0.0,0.59,0.57,,,,,,,,,,,,,,,,,,,,,,,,,,42.358203125,15.00474406,0.0,,,,,,,,,,,,,,,,,0.0,0.0,210.234375,58.13711480944538,0.0,0.0,7.358203125,35.0,42.358203125,75231,,,0.2430787443445187,Advisory
422478,7450.0,101.0795481,CHN,China,Heilongjiang,2.759679537,0.0,0.59,0.57,,,,,,,,,,,,,,,,,,,,,,,,,,39.208203125,55.19359074,0.0,,,,,,,,,,,,,,,,,0.0,0.0,120.234375,118.9502498320454,0.0,0.0,4.208203125,35.0,39.208203125,8145,,,0.4469127403229076,Advisory
422479,7451.0,340.5669833,CHN,China,Heilongjiang,2.102654027,0.0,0.59,0.57,,,,,,,,,,,,,,,,,,,,,,,,,,38.57328125,42.05308054,0.0,,,,,,,,,,,,,,,,,0.0,0.0,102.09375,29.97758297517163,0.0,0.0,3.57328125,35.0,38.57328125,24695,,,0.3420159040086221,Advisory
422481,7452.0,135.1246623,CHN,China,Jilin,1.665721813,0.0,0.59,0.57,,,,,,,,,,,,,,,,,,,,,,,,,,36.609453125,33.31443626,0.0,,,,,,,,,,,,,,,,,0.0,0.0,45.984375,34.03107486351703,0.0,0.0,1.609453125,35.0,36.609453125,6065,,,0.2743590917313711,Advisory
422482,7453.0,9325.950339,CHN,China,Nei Mongol,1.677270309,0.0,0.59,0.57,,,,,,,,,,,,,,,,,,,,,,,,,,70.0,33.54540618,0.0,3.0,,,,,,,,,,,,,,,,0.0,0.0,1260.84375,13.51973476295914,0.0,0.0,35.0,35.0,70.0,500221,36849.0,7.3665439875575,0.5207262220055413,Watch
422483,7454.0,1134.840453,CHN,China,Jilin,3.109311611,0.0,0.59,0.57,,,,,,,,,,,,,,,,,,,,,,,,,,40.517421875,62.18623222,0.0,,,,,,,,,,,,,,,,,0.0,0.0,157.640625,13.8909945084198,0.0,0.0,5.517421875,35.0,40.517421875,35367,,,0.5275285874867935,Advisory
422484,7455.0,1429.648154,CHN,China,Jilin,0.274873054,0.0,0.59,0.57,,,,,,,,,,,,,,,,,,,,,,,,,,61.8340625,5.49746108,0.0,3.0,,,,,,,,,,,,,,,,0.0,0.0,766.6875,53.6277053644042,0.0,0.0,26.8340625,35.0,61.8340625,387986,49581.0,12.779069347863068,0.3357200747635083,Watch
422485,7456.0,1317.841438,CHN,China,Jilin,2.60196204,0.0,0.59,0.57,,,,,,,,,,,,,,,,,,,,,,,,,,42.19578125,52.0392408,0.0,,,,,,,,,,,,,,,,,0.0,0.0,205.59375,15.60079567330786,0.0,0.0,7.19578125,35.0,42.19578125,155638,,,0.4490495922481409,Advisory
422486,7457.0,9286.751547,CHN,China,Nei Mongol,1.288212009,0.0,0.59,0.57,,,,,,,,,,,,,,,,,,,,,,,,,,34.8562143700341,25.76424018,0.0,,,,,,,,,,,,,,,,,0.0,0.0,479.53125,5.163605891438315,0.0,0.0,16.78359375,18.0726206200341,34.8562143700341,449805,,,0.22482024105566,Information
422487,7458.0,1689.6142,CHN,China,Jilin,2.663898005,0.0,0.59,0.57,,,,,,,,,,,,,,,,,,,,,,,,,,53.27,53.2779601,0.0,,,,,,,,,,,,,,,,,0.0,0.0,522.0,30.894626708707595,0.0,0.0,18.27,35.0,53.27,247943,,,0.5521745714761244,Advisory
422488,7459.0,9643.271273,CHN,China,Nei Mongol,3.320994523,0.0,0.59,0.57,,,,,,,,,,,,,,,,,,,,,,,,,,3.0578758528312,66.41989046,0.0,,,,,,,,,,,,,,,,,0.0,0.0,42.890625,0.4447725650946284,0.0,0.0,1.501171875,1.5567039778311995,3.0578758528312,273961,,,0.0082827212370391,Information
422489,7460.0,8432.956566,CHN,China,Nei Mongol,3.568474094,0.0,0.59,0.57,,,,,,,,,,,,,,,,,,,,,,,,,,5.31462547572645,71.36948188,0.0,,,,,,,,,,,,,,,,,0.0,0.0,69.46875,0.8237769216361286,0.0,0.0,2.43140625,2.88321922572645,5.31462547572645,205384,,,0.0460898031177743,Information
422491,7461.0,5155.404824,CHN,China,Heilongjiang,1.412561319,0.0,0.59,0.57,,,,,,,,,,,,,,,,,,,,,,,,,,70.0,28.25122638,0.0,3.0,,,,,,,,,,,,,,,,0.0,0.0,3419.15625,66.32178008144828,0.0,0.0,35.0,35.0,70.0,266092,70010.0,26.310449017632997,0.4901568906560922,Watch
422492,7462.0,17571.96943,CHN,China,Nei Mongol,3.730222986,0.0,0.59,0.57,,,,,,,,,,,,,,,,,,,,,,,,,,59.483373675385366,74.60445972,0.0,3.0,,,,,,,,,,,,,,,,0.0,0.0,1229.203125,6.995249621538675,0.0,0.0,35.0,24.48337367538536,59.483373675385366,305826,39184.0,12.812514305520132,0.8026495572085725,Warning
422493,7463.0,247.9013645,CHN,China,Heilongjiang,2.622370374,0.0,0.59,0.57,,,,,,,,,,,,,,,,,,,,,,,,,,40.788125,52.44740748,0.0,,,,,,,,,,,,,,,,,0.0,0.0,165.375,66.70999989002634,0.0,0.0,5.788125,35.0,40.788125,5037,,,0.4390235522025143,Advisory
422494,7464.0,19488.90527,CHN,China,Nei Mongol,2.267899174,0.0,0.59,0.57,,,,,,,,,,,,,,,,,,,,,,,,,,19.884425452311177,45.35798348,0.0,,,,,,,,,,,,,,,,,0.0,0.0,375.46875,1.9265769149460508,0.0,0.0,13.14140625,6.743019202311178,19.884425452311177,849636,,,0.1560402042135643,Information
422496,7466.0,25798.36521,CHN,China,Nei Mongol,2.722830747,0.0,0.59,0.57,,,,,,,,,,,,,,,,,,,,,,,,,,1.161048893854606,54.45661494,0.0,,,,,,,,,,,,,,,,,0.0,0.0,23.90625,0.0926657553870303,0.0,0.0,0.83671875,0.324330143854606,1.161048893854606,138273,,,0.0001215879914911,Information
422497,7467.0,20718.47689,CHN,China,Heilongjiang,1.053285911,0.0,0.59,0.57,,,,,,,,,,,,,,,,,,,,,,,,,,24.001385162294405,21.06571822,0.0,,,,,,,,,,,,,,,,,0.0,0.0,462.515625,2.2323823677984014,0.0,0.0,16.188046875,7.813338287294405,24.001385162294405,1296107,,,0.1169241624452749,Information
422499,7469.0,41451.91085,CHN,China,Nei Mongol,1.69048325,0.0,0.59,0.57,,,,,,,,,,,,,,,,,,,,,,,,,,1.8633196853381584,33.809665,0.0,,,,,,,,,,,,,,,,,0.0,0.0,42.890625,0.1034708029537595,0.0,0.0,1.501171875,0.3621478103381582,1.8633196853381584,398968,,,0.0001783715583212,Information
422510,7470.0,1950.170767,CHN,China,Heilongjiang,2.679906425,0.0,0.59,0.57,,,,,,,,,,,,,,,,,,,,,,,,,,67.558203125,53.5981285,0.0,3.0,,,,,,,,,,,,,,,,0.0,0.0,930.234375,47.7001496817827,0.0,0.0,32.558203125,35.0,67.558203125,79991,6824.0,8.53095973296996,0.6464113323691241,Watch
422540,7473.0,8662.957114,RUS,Russia,Amur,0.682772732,0.0,0.65,0.49,,,,,,,,,,,,,,,,,,,,,,,,,,1.049735943848071,13.65545464,0.0,,,,,,,,,,,,,,,,,0.0,0.0,13.921875,0.1607058053851631,0.0,0.0,0.487265625,0.5624703188480709,1.049735943848071,11097,,,5.1731397682420845e-06,Information
422550,7474.0,1359.657695,RUS,Russia,Amur,1.465471893,0.0,0.65,0.49,,,,,,,,,,,,,,,,,,,,,,,,,,41.6740625,29.30943786,0.0,,,,,,,,,,,,,,,,,0.0,0.0,190.6875,14.024669645211826,0.0,0.0,6.6740625,35.0,41.6740625,2304,,,0.2985993707482169,Advisory
422562,7476.0,15018.02989,RUS,Russia,Khabarovsk,2.183442409,0.0,0.65,0.49,,,,,,,,,,,,,,,,,,,,,,,,,,1.9104102673277072,43.66884818,0.0,,,,,,,,,,,,,,,,,0.0,0.0,32.765625,0.2181752549507735,0.0,0.0,1.146796875,0.7636133923277073,1.9104102673277072,1189,,,0.000357281506657,Information
422563,7477.0,15565.40774,RUS,Russia,Khabarovsk,1.353117796,0.0,0.65,0.49,,,,,,,,,,,,,,,,,,,,,,,,,,6.927932119601985,27.06235592,0.0,,,,,,,,,,,,,,,,,0.0,0.0,120.515625,0.7742529270291388,0.0,0.0,4.218046875,2.709885244601986,6.927932119601985,1588,,,0.0092852185731739,Information
422564,7478.0,3490.476963,RUS,Russia,Khabarovsk,1.723114276,0.0,0.65,0.49,,,,,,,,,,,,,,,,,,,,,,,,,,0.8940688547693619,34.46228552,0.0,,,,,,,,,,,,,,,,,0.0,0.0,6.609375,0.1893544942198177,0.0,0.0,0.231328125,0.6627407297693619,0.8940688547693619,17943,,,8.75049792147239e-06,Information
422569,7483.0,3735.618905,RUS,Russia,Khabarovsk,0.496389327,0.0,0.65,0.49,,,,,,,,,,,,,,,,,,,,,,,,,,0.2171688312338363,9.92778654,0.0,,,,,,,,,,,,,,,,,0.0,0.0,1.6875,0.0451732374953818,0.0,0.0,0.0590625,0.1581063312338363,0.2171688312338363,1095,,,8.315884640897677e-10,Information
422570,7484.0,7843.869871,CHN,China,Heilongjiang,0.815812514,0.0,0.59,0.57,,,,,,,,,,,,,,,,,,,,,,,,,,12.786607994493018,16.31625028,0.0,,,,,,,,,,,,,,,,,0.0,0.0,160.59375,2.047379069855148,0.0,0.0,5.62078125,7.1658267444930175,12.786607994493018,46313,,,0.0301463930166921,Information
422580,7485.0,15659.9012,CHN,China,Heilongjiang,2.741976434,0.0,0.59,0.57,,,,,,,,,,,,,,,,,,,,,,,,,,1.1290796438325517,54.83952868,0.0,,,,,,,,,,,,,,,,,0.0,0.0,19.6875,0.1257191839521576,0.0,0.0,0.6890625,0.4400171438325515,1.1290796438325517,122207,,,0.0001126485557859,Information
422590,7486.0,15556.67422,RUS,Russia,Amur,1.553739039,0.0,0.65,0.49,,,,,,,,,,,,,,,,,,,,,,,,,,31.76066878360131,31.07478078,0.0,,,,,,,,,,,,,,,,,0.0,0.0,552.375,3.55072679531466,0.0,0.0,19.333125,12.42754378360131,31.76066878360131,243225,,,0.2192308619635893,Information
422610,7487.0,7694.648026,RUS,Russia,Amur,0.109562787,0.0,0.65,0.49,,,,,,,,,,,,,,,,,,,,,,,,,,23.99493678881141,2.19125574,0.0,,,,,,,,,,,,,,,,,0.0,0.0,298.125,3.8744462253746894,0.0,0.0,10.434375,13.560561788811416,23.99493678881141,163634,,,0.0799851966466133,Information
422620,7488.0,15443.68699,RUS,Russia,Amur,1.622822142,0.0,0.65,0.49,,,,,,,,,,,,,,,,,,,,,,,,,,70.0,32.45644284,0.0,3.0,,,,,,,,,,,,,,,,0.0,0.0,3257.15625,21.090535254220853,0.0,0.0,35.0,35.0,70.0,85730,108.0,0.12597690423422372,0.5142482095317242,Watch
422645,7494.0,1146.718296,RUS,Russia,Amur,1.98647305,0.0,0.65,0.49,,,,,,,,,,,,,,,,,,,,,,,,,,6.123938680022041,39.729461,0.0,,,,,,,,,,,,,,,,,0.0,0.0,18.0,1.5696967657205831,0.0,0.0,0.63,5.493938680022041,6.123938680022041,43,,,0.0111084822337367,Information
422646,7495.0,6379.59945,RUS,Russia,Amur,0.562985099,0.0,0.65,0.49,,,,,,,,,,,,,,,,,,,,,,,,,,0.1769165577651622,11.25970198,0.0,,,,,,,,,,,,,,,,,0.0,0.0,1.96875,0.0308600879329035,0.0,0.0,0.06890625,0.1080103077651622,0.1769165577651622,3223,,,2.5210095580132843e-10,Information
422649,7498.0,2923.212291,RUS,Russia,Amur,3.019524168,0.0,0.65,0.49,,,,,,,,,,,,,,,,,,,,,,,,,,0.2175908868985502,60.39048336,0.0,,,,,,,,,,,,,,,,,0.0,0.0,1.40625,0.0481063248281572,0.0,0.0,0.04921875,0.1683721368985502,0.2175908868985502,0,,,9.74128205408062e-08,Information
422688,7509.0,4602.361839,RUS,Russia,Amur,1.463415428,0.0,0.65,0.49,,,,,,,,,,,,,,,,,,,,,,,,,,0.2030094608854732,29.26830856,0.0,,,,,,,,,,,,,,,,,0.0,0.0,1.828125,0.0397214531101352,0.0,0.0,0.063984375,0.1390250858854732,0.2030094608854732,0,,,2.408171301055911e-09,Information
422710,7512.0,15189.38929,RUS,Russia,Amur,1.282549199,0.0,0.65,0.49,,,,,,,,,,,,,,,,,,,,,,,,,,13.353379897200387,25.65098398,0.0,,,,,,,,,,,,,,,,,0.0,0.0,230.0625,1.514626399200111,0.0,0.0,8.0521875,5.3011923972003885,13.353379897200387,189130,,,0.0429895028815245,Information
422722,7514.0,1806.15031,CHN,China,Heilongjiang,0.11455621,0.0,0.59,0.57,,,,,,,,,,,,,,,,,,,,,,,,,,0.1930350837749757,2.2911242,0.0,,,,,,,,,,,,,,,,,0.0,0.0,0.84375,0.0467153810785645,0.0,0.0,0.02953125,0.1635038337749757,0.1930350837749757,368,,,2.3791412201805016e-10,Information
422723,7515.0,241.1276668,CHN,China,Heilongjiang,1.720234166,0.0,0.59,0.57,,,,,,,,,,,,,,,,,,,,,,,,,,16.514232987004473,34.404683320000004,0.0,,,,,,,,,,,,,,,,,0.0,0.0,11.109375,4.6072585320012776,0.0,0.0,0.388828125,16.125404862004473,16.514232987004473,61,,,0.0839039602915101,Information
422724,7516.0,3929.941609,CHN,China,Heilongjiang,2.466985877,0.0,0.59,0.57,,,,,,,,,,,,,,,,,,,,,,,,,,0.1046754962429788,49.33971754,0.0,,,,,,,,,,,,,,,,,0.0,0.0,0.84375,0.0214697846408511,0.0,0.0,0.02953125,0.0751442462429788,0.1046754962429788,6844,,,3.1640757280344184e-10,Information
422725,7517.0,5910.795217,CHN,China,Heilongjiang,2.509039543,0.0,0.59,0.57,,,,,,,,,,,,,,,,,,,,,,,,,,2.3847840467429813,50.18079086,0.0,,,,,,,,,,,,,,,,,0.0,0.0,25.3125,0.4282418704979946,0.0,0.0,0.8859375,1.4988465467429812,2.3847840467429813,65217,,,0.0011856742031799,Information
422726,7518.0,6560.869389,CHN,China,Heilongjiang,3.900306029,0.0,0.59,0.57,,,,,,,,,,,,,,,,,,,,,,,,,,0.2981697364378992,78.00612058,0.0,,,,,,,,,,,,,,,,,0.0,0.0,3.375,0.0514413532679712,0.0,0.0,0.118125,0.1800447364378992,0.2981697364378992,50379,,,8.506957875291124e-06,Information
422801,7529.0,27377.75965,MNG,Mongolia,Dornod,3.974740274,0.0,0.62,0.53,,,,,,,,,,,,,,,,,,,,,,,,,,0.7458799261292846,79.49480548,0.0,,,,,,,,,,,,,,,,,0.0,0.0,15.609375,0.0570148003226527,0.0,0.0,0.546328125,0.1995518011292844,0.7458799261292846,13108,,,0.0004600732047022,Information
422802,7530.0,1124.385035,RUS,Russia,Zabaykal'ye,0.697119512,0.0,0.65,0.49,,,,,,,,,,,,,,,,,,,,,,,,,,0.5356538370966776,13.94239024,0.0,,,,,,,,,,,,,,,,,0.0,0.0,1.546875,0.1375752034561936,0.0,0.0,0.054140625,0.4815132120966776,0.5356538370966776,671,,,1.8942989381616747e-07,Information
422804,7532.0,3516.235605,MNG,Mongolia,Dornod,0.001593019,0.0,0.62,0.53,,,,,,,,,,,,,,,,,,,,,,,,,,0.3973083209997331,0.03186038,0.0,,,,,,,,,,,,,,,,,0.0,0.0,2.953125,0.0839854131427809,0.0,0.0,0.103359375,0.2939489459997331,0.3973083209997331,532,,,1.6204869337839395e-08,Information
422805,7533.0,4468.345808,MNG,Mongolia,Dornod,4.037218044,0.0,0.62,0.53,,,,,,,,,,,,,,,,,,,,,,,,,,0.207179144935749,80.74436088,0.0,,,,,,,,,,,,,,,,,0.0,0.0,1.828125,0.040912791410214,0.0,0.0,0.063984375,0.143194769935749,0.207179144935749,630,,,2.921733020705709e-06,Information
422840,7541.0,27506.42917,RUS,Russia,Zabaykal'ye,3.186202274,0.0,0.65,0.49,,,,,,,,,,,,,,,,,,,,,,,,,,0.7248127749726563,63.72404548,0.0,,,,,,,,,,,,,,,,,0.0,0.0,15.1875,0.0552143642779018,0.0,0.0,0.5315625,0.1932502749726563,0.7248127749726563,36301,,,4.557883174867472e-05,Information
422850,7542.0,3173.714686,RUS,Russia,Zabaykal'ye,2.137843202,0.0,0.65,0.49,,,,,,,,,,,,,,,,,,,,,,,,,,2.145162768133213,42.75686404,0.0,,,,,,,,,,,,,,,,,0.0,0.0,14.765625,0.4652473980380608,0.0,0.0,0.516796875,1.6283658931332128,2.145162768133213,19263,,,0.0005115570320284,Information
422861,7543.0,5593.694937,RUS,Russia,Zabaykal'ye,2.093200763,0.0,0.65,0.49,,,,,,,,,,,,,,,,,,,,,,,,,,0.3704627959639404,41.86401526,0.0,,,,,,,,,,,,,,,,,0.0,0.0,3.796875,0.0678777631325544,0.0,0.0,0.132890625,0.2375721709639404,0.3704627959639404,39761,,,2.143096579741849e-07,Information
422862,7544.0,2084.182896,RUS,Russia,Zabaykal'ye,0.16892225,0.0,0.65,0.49,,,,,,,,,,,,,,,,,,,,,,,,,,0.3995214283560125,3.378445,0.0,,,,,,,,,,,,,,,,,0.0,0.0,1.96875,0.0944614795302893,0.0,0.0,0.06890625,0.3306151783560125,0.3995214283560125,5599,,,2.0292200013245327e-08,Information
422863,7545.0,1067.692254,RUS,Russia,Zabaykal'ye,3.003094606,0.0,0.65,0.49,,,,,,,,,,,,,,,,,,,,,,,,,,0.2551006509958921,60.06189212,0.0,,,,,,,,,,,,,,,,,0.0,0.0,0.703125,0.0658546502845406,0.0,0.0,0.024609375,0.2304912759958921,0.2551006509958921,17606,,,2.1697491334429165e-07,Information
422864,7546.0,4109.651202,RUS,Russia,Zabaykal'ye,1.016084137,0.0,0.65,0.49,,,,,,,,,,,,,,,,,,,,,,,,,,0.1013895380921622,20.32168274,0.0,,,,,,,,,,,,,,,,,0.0,0.0,0.84375,0.0205309394549035,0.0,0.0,0.02953125,0.0718582880921622,0.1013895380921622,1323,,,1.3073574635389957e-11,Information
422865,7547.0,2907.777724,RUS,Russia,Zabaykal'ye,1.418504294,0.0,0.65,0.49,,,,,,,,,,,,,,,,,,,,,,,,,,0.1529392276713815,28.37008588,0.0,,,,,,,,,,,,,,,,,0.0,0.0,0.984375,0.0338531721918233,0.0,0.0,0.034453125,0.1184861026713815,0.1529392276713815,58946,,,3.8930634839964276e-10,Information
422867,7549.0,8400.330236,RUS,Russia,Zabaykal'ye,1.201166156,0.0,0.65,0.49,,,,,,,,,,,,,,,,,,,,,,,,,,1.4015325551204667,24.02332312,0.0,,,,,,,,,,,,,,,,,0.0,0.0,18.28125,0.2176253728915619,0.0,0.0,0.63984375,0.7616888051204667,1.4015325551204667,138609,,,3.264054502777711e-05,Information
422869,7551.0,6561.679321,RUS,Russia,Zabaykal'ye,2.298914685,0.0,0.65,0.49,,,,,,,,,,,,,,,,,,,,,,,,,,0.2484562607253383,45.9782937,0.0,,,,,,,,,,,,,,,,,0.0,0.0,2.8125,0.0428625030643824,0.0,0.0,0.0984375,0.1500187607253384,0.2484562607253383,1546,,,3.685709758610884e-08,Information
422870,7552.0,9839.357347,RUS,Russia,Zabaykal'ye,1.11628789,0.0,0.65,0.49,,,,,,,,,,,,,,,,,,,,,,,,,,0.3374196442945657,22.3257578,0.0,,,,,,,,,,,,,,,,,0.0,0.0,4.78125,0.0485931126555902,0.0,0.0,0.16734375,0.1700758942945657,0.3374196442945657,57753,,,2.6797507412935968e-08,Information
422880,7553.0,9159.418954,RUS,Russia,Zabaykal'ye,1.611600261,0.0,0.65,0.49,,,,,,,,,,,,,,,,,,,,,,,,,,0.1441361858161414,32.23200522,0.0,,,,,,,,,,,,,,,,,0.0,0.0,1.96875,0.0214942673760404,0.0,0.0,0.06890625,0.0752299358161414,0.1441361858161414,24940,,,3.7994612674437525e-10,Information
422891,7554.0,7305.128238,RUS,Russia,Zabaykal'ye,0.823010757,0.0,0.65,0.49,,,,,,,,,,,,,,,,,,,,,,,,,,0.2798264734822571,16.460215140000003,0.0,,,,,,,,,,,,,,,,,0.0,0.0,3.375,0.0462004209949306,0.0,0.0,0.118125,0.1617014734822571,0.2798264734822571,45361,,,6.02884261799027e-09,Information
422892,7555.0,6923.137727,RUS,Russia,Zabaykal'ye,0.185081555,0.0,0.65,0.49,,,,,,,,,,,,,,,,,,,,,,,,,,0.4451539397347395,3.7016311,0.0,,,,,,,,,,,,,,,,,0.0,0.0,5.203125,0.0751555899242113,0.0,0.0,0.182109375,0.2630445647347395,0.4451539397347395,51386,,,3.7913498190879096e-08,Information
422893,7556.0,19462.891,RUS,Russia,Zabaykal'ye,1.384476583,0.0,0.65,0.49,,,,,,,,,,,,,,,,,,,,,,,,,,0.2458739557011101,27.68953166,0.0,,,,,,,,,,,,,,,,,0.0,0.0,4.640625,0.0238434516288886,0.0,0.0,0.162421875,0.0834520807011101,0.2458739557011101,50365,,,6.582665265813954e-09,Information
422894,7557.0,5473.110717,RUS,Russia,Zabaykal'ye,1.748940778,0.0,0.65,0.49,,,,,,,,,,,,,,,,,,,,,,,,,,0.2365499718000335,34.97881556,0.0,,,,,,,,,,,,,,,,,0.0,0.0,2.390625,0.043679456228581,0.0,0.0,0.083671875,0.1528780968000335,0.2365499718000335,6140,,,9.753987473391583e-09,Information
422896,7559.0,8654.2112,RUS,Russia,Zabaykal'ye,3.815107612,0.0,0.65,0.49,,,,,,,,,,,,,,,,,,,,,,,,,,0.1697461615026992,76.30215224,0.0,,,,,,,,,,,,,,,,,0.0,0.0,2.25,0.0259989032864855,0.0,0.0,0.07875,0.0909961615026992,0.1697461615026992,1117,,,3.929526506474154e-07,Information
422898,7561.0,5837.449494,MNG,Mongolia,Hentiy,3.386144137,0.0,0.62,0.53,,,,,,,,,,,,,,,,,,,,,,,,,,0.4406630403658682,67.72288274,0.0,,,,,,,,,,,,,,,,,0.0,0.0,4.640625,0.0794974758188195,0.0,0.0,0.162421875,0.2782411653658682,0.4406630403658682,1122,,,8.780717168555135e-06,Information
422900,7563.0,14982.91823,MNG,Mongolia,Dornod,4.012467517,0.0,0.62,0.53,,,,,,,,,,,,,,,,,,,,,,,,,,0.8042728579555016,80.24935034,0.0,,,,,,,,,,,,,,,,,0.0,0.0,13.78125,0.0919797451301433,0.0,0.0,0.48234375,0.3219291079555015,0.8042728579555016,5726,,,0.0006847503487113,Information
422912,7565.0,12074.85905,RUS,Russia,Zabaykal'ye,2.303695435,0.0,0.65,0.49,,,,,,,,,,,,,,,,,,,,,,,,,,0.5938686294517256,46.0739087,0.0,,,,,,,,,,,,,,,,,0.0,0.0,9.28125,0.0768642512719216,0.0,0.0,0.32484375,0.2690248794517256,0.5938686294517256,12894,,,3.2611252602159186e-06,Information
422917,7570.0,6.126811836,CHN,China,Nei Mongol,4.137560224,0.0,0.59,0.57,,,,,,,,,,,,,,,,,,,,,,,,,,32.15303927895286,82.75120447999998,0.0,3.0,,,,,,,,,,,,,,,,0.0,0.0,0.5625,9.180957651129388,0.0,0.0,0.0196875,32.13335177895286,32.15303927895286,0,0.0,0.0,0.7332804090264232,Watch
422919,7572.0,205.1503364,RUS,Russia,Zabaykal'ye,1.603822873,0.0,0.65,0.49,,,,,,,,,,,,,,,,,,,,,,,,,,8.814146285969478,32.07645746,0.0,,,,,,,,,,,,,,,,,0.0,0.0,5.0625,2.4677025102769936,0.0,0.0,0.1771875,8.636958785969478,8.814146285969478,135,,,0.0205745389139636,Information
422931,7574.0,2197.212452,CHN,China,Nei Mongol,2.130810685,0.0,0.59,0.57,,,,,,,,,,,,,,,,,,,,,,,,,,2.759564125603754,42.6162137,0.0,,,,,,,,,,,,,,,,,0.0,0.0,14.203125,0.646415643029644,0.0,0.0,0.497109375,2.2624547506037542,2.759564125603754,329,,,0.0012039189702018,Information
422933,7576.0,7192.848612,RUS,Russia,Zabaykal'ye,1.765358118,0.0,0.65,0.49,,,,,,,,,,,,,,,,,,,,,,,,,,0.858816459466988,35.30716236,0.0,,,,,,,,,,,,,,,,,0.0,0.0,10.265625,0.1427198812762823,0.0,0.0,0.359296875,0.499519584466988,0.858816459466988,13783,,,7.736299410912447e-06,Information
422935,7578.0,507.8859701,RUS,Russia,Zabaykal'ye,1.241172293,0.0,0.65,0.49,,,,,,,,,,,,,,,,,,,,,,,,,,2.0366186231933385,24.82344586,0.0,,,,,,,,,,,,,,,,,0.0,0.0,2.8125,0.5537660351980966,0.0,0.0,0.0984375,1.9381811231933384,2.0366186231933385,4152,,,0.0001539574736274,Information
422936,7579.0,8830.13012,RUS,Russia,Zabaykal'ye,0.285666356,0.0,0.65,0.49,,,,,,,,,,,,,,,,,,,,,,,,,,0.4408248698333039,5.713327120000001,0.0,,,,,,,,,,,,,,,,,0.0,0.0,5.90625,0.0668874628095154,0.0,0.0,0.20671875,0.2341061198333038,0.4408248698333039,70922,,,4.0374392705563934e-08,Information
422937,7580.0,216.3247551,CHN,China,Nei Mongol,3.110968932,0.0,0.59,0.57,,,,,,,,,,,,,,,,,,,,,,,,,,2.324443792330964,62.21937864,0.0,,,,,,,,,,,,,,,,,0.0,0.0,1.40625,0.6500642978088468,0.0,0.0,0.04921875,2.275225042330964,2.324443792330964,187,,,0.0026491456267244,Information
422938,7581.0,6794.359259,CHN,China,Nei Mongol,1.56038847,0.0,0.59,0.57,,,,,,,,,,,,,,,,,,,,,,,,,,0.1094934201216296,31.2077694,0.0,,,,,,,,,,,,,,,,,0.0,0.0,1.265625,0.0186275843204656,0.0,0.0,0.044296875,0.0651965451216296,0.1094934201216296,27026,,,5.857443864515987e-11,Information
422939,7582.0,252.6797506,RUS,Russia,Zabaykal'ye,1.009660479,0.0,0.65,0.49,,,,,,,,,,,,,,,,,,,,,,,,,,0.7988358075245359,20.19320958,0.0,,,,,,,,,,,,,,,,,0.0,0.0,0.5625,0.2226138021498674,0.0,0.0,0.0196875,0.7791483075245359,0.7988358075245359,0,,,2.070188040416021e-06,Information
422950,7584.0,8178.010052,CHN,China,Nei Mongol,0.659999924,0.0,0.59,0.57,,,,,,,,,,,,,,,,,,,,,,,,,,2.06771692763593,13.19999848,0.0,,,,,,,,,,,,,,,,,0.0,0.0,26.578125,0.3249950150388372,0.0,0.0,0.930234375,1.1374825526359302,2.06771692763593,5875,,,9.305466851480434e-05,Information
422963,7587.0,464.4842492,CHN,China,Nei Mongol,2.813479149,0.0,0.59,0.57,,,,,,,,,,,,,,,,,,,,,,,,,,0.4435447144322421,56.26958298,0.0,,,,,,,,,,,,,,,,,0.0,0.0,0.5625,0.1211020612663549,0.0,0.0,0.0196875,0.4238572144322421,0.4435447144322421,8514,,,2.2056307423100607e-06,Information
422967,7591.0,6624.553938,CHN,China,Nei Mongol,1.842061141,0.0,0.59,0.57,,,,,,,,,,,,,,,,,,,,,,,,,,3.26082781951296,36.84122282,0.0,,,,,,,,,,,,,,,,,0.0,0.0,37.125,0.5604150912894171,0.0,0.0,1.299375,1.96145281951296,3.26082781951296,3406,,,0.001519966860994,Information
422969,7593.0,3389.556843,CHN,China,Nei Mongol,0.74009283,0.0,0.59,0.57,,,,,,,,,,,,,,,,,,,,,,,,,,1.2054398685963372,14.8018566,0.0,,,,,,,,,,,,,,,,,0.0,0.0,8.71875,0.2572238910275249,0.0,0.0,0.30515625,0.9002836185963372,1.2054398685963372,38,,,1.0306967890420116e-05,Information
422970,7594.0,2533.007061,RUS,Russia,Zabaykal'ye,1.376678132,0.0,0.65,0.49,,,,,,,,,,,,,,,,,,,,,,,,,,2.751869959016021,27.533562640000003,0.0,,,,,,,,,,,,,,,,,0.0,0.0,15.890625,0.6273423097188632,0.0,0.0,0.556171875,2.195698084016021,2.751869959016021,253867,,,0.0005361373800484,Information
422982,7597.0,3162.884013,CHN,China,Nei Mongol,3.007004832,0.0,0.59,0.57,,,,,,,,,,,,,,,,,,,,,,,,,,4.997907275567679,60.14009664,0.0,,,,,,,,,,,,,,,,,0.0,0.0,34.3125,1.0848485073050511,0.0,0.0,1.2009375,3.796969775567679,4.997907275567679,97,,,0.0189307216090075,Information
422983,7598.0,4440.257115,CHN,China,Nei Mongol,0.316926609,0.0,0.59,0.57,,,,,,,,,,,,,,,,,,,,,,,,,,0.2881176687985313,6.3385321800000005,0.0,,,,,,,,,,,,,,,,,0.0,0.0,2.53125,0.0570068339424375,0.0,0.0,0.08859375,0.1995239187985312,0.2881176687985313,27678,,,3.645659799339888e-09,Information
422984,7599.0,10066.73048,CHN,China,Nei Mongol,2.667946597,0.0,0.59,0.57,,,,,,,,,,,,,,,,,,,,,,,,,,0.1177334856892477,53.35893194,0.0,,,,,,,,,,,,,,,,,0.0,0.0,1.6875,0.0167631387683565,0.0,0.0,0.0590625,0.0586709856892477,0.1177334856892477,763,,,1.1033359648459804e-09,Information
422986,7601.0,15992.62508,CHN,China,Nei Mongol,3.608161352,0.0,0.59,0.57,,,,,,,,,,,,,,,,,,,,,,,,,,0.7759481473565566,72.16322704000001,0.0,,,,,,,,,,,,,,,,,0.0,0.0,13.640625,0.0852932206733019,0.0,0.0,0.477421875,0.2985262723565566,0.7759481473565566,69306,,,0.0001717790270657,Information
422987,7602.0,6385.739934,MNG,Mongolia,Dornod,1.438074465,0.0,0.62,0.53,,,,,,,,,,,,,,,,,,,,,,,,,,1.1113940877995443,28.7614893,0.0,,,,,,,,,,,,,,,,,0.0,0.0,12.375,0.193791167942727,0.0,0.0,0.433125,0.6782690877995445,1.1113940877995443,186,,,1.5883255737562305e-05,Information
422994,7609.0,6212.982161,MNG,Mongolia,Hentiy,3.078822617,0.0,0.62,0.53,,,,,,,,,,,,,,,,,,,,,,,,,,0.192656930691058,61.57645234,0.0,,,,,,,,,,,,,,,,,0.0,0.0,2.109375,0.0339510873403023,0.0,0.0,0.073828125,0.118828805691058,0.192656930691058,21625,,,5.934081472334944e-08,Information
423040,7618.0,7683.736915,RUS,Russia,Primor'ye,3.050237018,0.0,0.65,0.49,,,,,,,,,,,,,,,,,,,,,,,,,,0.147256844778351,61.00474036,0.0,,,,,,,,,,,,,,,,,0.0,0.0,1.828125,0.023792134222386,0.0,0.0,0.063984375,0.083272469778351,0.147256844778351,6,,,1.2094075675130914e-08,Information
423052,7620.0,2706.86968,RUS,Russia,Primor'ye,3.440033865,0.0,0.65,0.49,,,,,,,,,,,,,,,,,,,,,,,,,,0.3234668981152686,68.8006773,0.0,,,,,,,,,,,,,,,,,0.0,0.0,1.96875,0.0727316137472196,0.0,0.0,0.06890625,0.2545606481152686,0.3234668981152686,6,,,2.449642465544941e-06,Information
423054,7621.0,3144.459642,RUS,Russia,Primor'ye,2.376768147,0.0,0.65,0.49,,,,,,,,,,,,,,,,,,,,,,,,,,0.2263184589063713,47.53536294,0.0,,,,,,,,,,,,,,,,,0.0,0.0,1.546875,0.0491936668303918,0.0,0.0,0.054140625,0.1721778339063713,0.2263184589063713,446,,,2.5764584939048448e-08,Information
423060,7627.0,16824.92342,CHN,China,Heilongjiang,2.937069014,1.175260437,0.59,0.57,,,,,,,,,,,,,,,,,,,,,,,,,,5.642153076935504,58.74138028,23.50520874,,,,,,,,,,,,,,,,,0.0,0.0,101.109375,0.6009499862672867,0.0,0.0,3.538828125,2.1033249519355035,5.642153076935504,571772,,,0.0233178217334469,Information
423083,7631.0,2101.305691,CHN,China,Jilin,3.266669265,0.0,0.59,0.57,,,,,,,,,,,,,,,,,,,,,,,,,,10.685993977108517,65.3333853,0.0,,,,,,,,,,,,,,,,,0.0,0.0,53.015625,2.5229848863167192,0.0,0.0,1.855546875,8.830447102108517,10.685993977108517,202115,,,0.1196290478853088,Information
423085,7633.0,4538.478538,CHN,China,Jilin,4.139590922,0.0,0.59,0.57,,,,,,,,,,,,,,,,,,,,,,,,,,1.4662978641855409,82.79181844,0.0,,,,,,,,,,,,,,,,,0.0,0.0,13.078125,0.2881609969101545,0.0,0.0,0.457734375,1.0085634891855408,1.4662978641855409,361357,,,0.0068958354979032,Information
423086,7634.0,1661.669903,PRK,North Korea,Hamgyong-bukto,4.209596695,0.0,-9999.0,1.0,,,,,,,,,,,,,,,,,,,,,,,,,,0.2417934934320545,84.19193390000001,0.0,,,,,,,,,,,,,,,,,0.0,0.0,0.984375,0.0592401052663013,0.0,0.0,0.034453125,0.2073403684320545,0.2417934934320545,48161,,,1.4563180798854694e-05,Information
423088,7636.0,2420.60458,CHN,China,Jilin,2.784244288,0.0,0.59,0.57,,,,,,,,,,,,,,,,,,,,,,,,,,0.4040819466432909,55.68488576,0.0,,,,,,,,,,,,,,,,,0.0,0.0,2.25,0.092951984755226,0.0,0.0,0.07875,0.3253319466432909,0.4040819466432909,40800,,,1.317061954608698e-06,Information
424100,16142.0,1938.370321,KOR,South Korea,Jeju,1.291942327,2.45108988,0.76,0.33,,,,,,,,,,,,,,,,,,,,,,,,,,15.338729598403088,25.83884654,49.0217976,,,,,,,,,,,,,,,,,0.0,0.0,71.15625,3.670931670972311,0.0,0.0,2.49046875,12.848260848403088,15.338729598403088,575205,,,0.1148722722307075,Information
424102,7640.0,23348.54509,KOR,South Korea,Gyeongsangbuk-do,1.093726737,0.0,0.76,0.33,,,,,,,,,,,,,,,,,,,,,,,,,,19.70474166105042,21.87453474,0.0,,,,,,,,,,,,,,,,,0.0,0.0,394.171875,1.6882074388715478,0.0,0.0,13.796015625,5.9087260360504175,19.70474166105042,5663364,,,0.0841855368198069,Information
424104,7642.0,4843.911029,KOR,South Korea,Jeollabuk-do,1.569303414,0.0,0.76,0.33,,,,,,,,,,,,,,,,,,,,,,,,,,9.502181341096614,31.38606828,0.0,,,,,,,,,,,,,,,,,0.0,0.0,88.59375,1.8289714545990328,0.0,0.0,3.10078125,6.401400091096615,9.502181341096614,187720,,,0.0240222725369839,Information
424106,7644.0,2867.339249,KOR,South Korea,Gwangju,0.099244507,0.0,0.76,0.33,,,,,,,,,,,,,,,,,,,,,,,,,,9.16617930141743,1.98489014,0.0,,,,,,,,,,,,,,,,,0.0,0.0,58.359375,2.0353146218335514,0.0,0.0,2.042578125,7.12360117641743,9.16617930141743,1838839,,,0.0089036428984452,Information
424107,7645.0,5382.427152,KOR,South Korea,Jeollabuk-do,1.879363612,2.159536632,0.76,0.33,,,,,,,,,,,,,,,,,,,,,,,,,,52.74831049936063,37.58727224,43.19073264,,,,,,,,,,,,,,,,,0.0,0.0,527.34375,9.79750835696018,0.0,0.0,18.45703125,34.29127924936063,52.74831049936063,1829897,,,0.4704384627035752,Advisory
424108,7646.0,9798.750753,KOR,South Korea,Daejeon,1.035471844,0.0,0.76,0.33,,,,,,,,,,,,,,,,,,,,,,,,,,23.61898722551473,20.70943688,0.0,,,,,,,,,,,,,,,,,0.0,0.0,333.984375,3.40843831443278,0.0,0.0,11.689453125,11.929534100514733,23.61898722551473,3506884,,,0.1129346362947211,Information
424109,7647.0,9041.952738,KOR,South Korea,Chungcheongnam-do,1.065213948,2.07204142,0.76,0.33,,,,,,,,,,,,,,,,,,,,,,,,,,70.0,21.30427896,41.4408284,3.0,,,,,,,,,,,,,,,,0.0,0.0,1708.453125,18.8947362863247,0.0,0.0,35.0,35.0,70.0,11323978,227882.0,2.0123846937887024,0.5708181595958962,Watch
424200,7648.0,25302.1423,KOR,South Korea,Gangwon-do,0.562331192,0.0,0.76,0.33,,,,,,,,,,,,,,,,,,,,,,,,,,27.62640534846264,11.246623840000002,0.0,,,,,,,,,,,,,,,,,0.0,0.0,565.734375,2.2359149209893245,0.0,0.0,19.800703125,7.825702223462636,27.62640534846264,17176528,,,0.12158712638376,Information
424301,7649.0,389.0426713,KOR,South Korea,Gyeonggi-do,0.811719243,0.0,0.76,0.33,,,,,,,,,,,,,,,,,,,,,,,,,,11.960525561775782,16.23438486,0.0,,,,,,,,,,,,,,,,,0.0,0.0,12.796875,3.2893242676502235,0.0,0.0,0.447890625,11.512634936775784,11.960525561775782,1195362,,,0.0258026999396122,Information
424302,7650.0,8132.45747,PRK,North Korea,Kangwon-do,2.682567407,0.0,-9999.0,1.0,,,,,,,,,,,,,,,,,,,,,,,,,,22.694257641033445,53.65134814,0.0,,,,,,,,,,,,,,,,,0.0,0.0,290.8125,3.5759486117238413,0.0,0.0,10.1784375,12.515820141033444,22.694257641033445,1424907,,,0.2375887694738175,Information
424303,7651.0,239.2739182,PRK,North Korea,Kaesong,2.778961997,0.0,-9999.0,1.0,,,,,,,,,,,,,,,,,,,,,,,,,,36.776796875,55.57923994,0.0,,,,,,,,,,,,,,,,,0.0,0.0,50.765625,21.216530989755043,0.0,0.0,1.776796875,35.0,36.776796875,25586,,,0.4251091875900166,Advisory
424304,7652.0,3942.091115,PRK,North Korea,Hwanghae-bukto,2.660458288,0.818668978,-9999.0,1.0,,,,,,,,,,,,,,,,,,,,,,,,,,16.014731647017978,53.209165760000005,16.37337956,,,,,,,,,,,,,,,,,0.0,0.0,129.375,3.281887613433708,0.0,0.0,4.528125,11.48660664701798,16.014731647017978,676664,,,0.1418199758659359,Information
424308,7656.0,5730.145584,PRK,North Korea,P'y?ngan-bukto,4.034380711,0.0,-9999.0,1.0,,,,,,,,,,,,,,,,,,,,,,,,,,25.4012749283625,80.68761422,0.0,3.0,,,,,,,,,,,,,,,,0.0,0.0,264.375,4.613757122389286,0.0,0.0,9.253125,16.1481499283625,25.4012749283625,1305152,236375.0,18.110917349090375,0.6079779488699917,Watch
424309,7657.0,7740.795003,PRK,North Korea,P'y?ngan-bukto,2.495004622,4.005092986,-9999.0,1.0,,,,,,,,,,,,,,,,,,,,,,,,,,70.0,49.90009244,80.10185972000001,3.0,,,,,,,,,,,,,,,,0.0,0.0,1131.609375,14.61877461673637,0.0,0.0,35.0,35.0,70.0,1789658,336261.0,18.78912060293084,0.8957804259336526,Warning
424401,7658.0,625.1547674,CHN,China,Liaoning,1.508233461,2.692856165,0.59,0.57,,,,,,,,,,,,,,,,,,,,,,,,,,37.75625,30.16466922,53.8571233,,,,,,,,,,,,,,,,,0.0,0.0,78.75,12.596880661127116,0.0,0.0,2.75625,35.0,37.75625,1047319,,,0.4205089739194945,Advisory
424402,7659.0,5841.478988,CHN,China,Liaoning,1.702450989,0.0,0.59,0.57,,,,,,,,,,,,,,,,,,,,,,,,,,5.045396323448054,34.049019779999995,0.0,,,,,,,,,,,,,,,,,0.0,0.0,53.15625,0.909979306699444,0.0,0.0,1.86046875,3.184927573448054,5.045396323448054,638283,,,0.0050785364529621,Information
424403,7660.0,7730.32539,PRK,North Korea,P'y?ngan-bukto,2.151940015,0.0,-9999.0,1.0,,,,,,,,,,,,,,,,,,,,,,,,,,29.034909391318777,43.038800300000005,0.0,,,,,,,,,,,,,,,,,0.0,0.0,361.6875,4.67881339751965,0.0,0.0,12.6590625,16.375846891318776,29.034909391318777,811744,,,0.2501965219997892,Information
424404,7661.0,15237.24925,CHN,China,Jilin,3.604078998,0.0,0.59,0.57,,,,,,,,,,,,,,,,,,,,,,,,,,12.203596096113298,72.08157996,0.0,,,,,,,,,,,,,,,,,0.0,0.0,210.515625,1.3815854917466566,0.0,0.0,7.368046875,4.835549221113298,12.203596096113298,1746730,,,0.2039609928168636,Information
424405,7662.0,2190.364293,PRK,North Korea,Chagang-do,2.869773964,0.0,-9999.0,1.0,,,,,,,,,,,,,,,,,,,,,,,,,,7.998596050104767,57.39547928,0.0,,,,,,,,,,,,,,,,,0.0,0.0,41.0625,1.8746881571727907,0.0,0.0,1.4371875,6.561408550104767,7.998596050104767,100216,,,0.0471937424890826,Information
424406,7663.0,5189.254678,PRK,North Korea,Chagang-do,4.198225677,0.0,-9999.0,1.0,,,,,,,,,,,,,,,,,,,,,,,,,,5.906713618323161,83.96451354,0.0,,,,,,,,,,,,,,,,,0.0,0.0,57.65625,1.1110699623780462,0.0,0.0,2.01796875,3.888744868323162,5.906713618323161,643402,,,0.1589664915592901,Information
424407,7664.0,9622.933227,PRK,North Korea,Ryanggang,4.067383825,0.0,-9999.0,1.0,,,,,,,,,,,,,,,,,,,,,,,,,,10.1169025262751,81.3476765,0.0,,,,,,,,,,,,,,,,,0.0,0.0,141.75,1.4730435789357428,0.0,0.0,4.96125,5.1556525262751,10.1169025262751,687823,,,0.2703472268430843,Information
424408,7665.0,6882.909802,PRK,North Korea,Chagang-do,4.024714025,0.0,-9999.0,1.0,,,,,,,,,,,,,,,,,,,,,,,,,,6.990115719491784,80.4942805,0.0,,,,,,,,,,,,,,,,,0.0,0.0,81.421875,1.1829571698547954,0.0,0.0,2.849765625,4.140350094491784,6.990115719491784,168919,,,0.1523961584887113,Information
424600,7668.0,27887.5071,CHN,China,Liaoning,2.587292824,2.050234319,0.59,0.57,,,,,,,,,,,,,,,,,,,,,,,,,,70.0,51.74585648,41.00468638,3.0,,,,,,,,,,,,,,,,0.0,0.0,4513.5,16.18466643352528,0.0,0.0,35.0,35.0,70.0,17007162,1004042.0,5.903642242015452,0.6450586165784247,Watch
424700,7669.0,471.6656929,CHN,China,Liaoning,4.001657347,4.017067641,0.59,0.57,,,,,,,,,,,,,,,,,,,,,,,,,,45.9659375,80.03314694,80.34135282,3.0,,,,,,,,,,,,,,,,0.0,0.0,313.3125,66.42681557843778,0.0,0.0,10.9659375,35.0,45.9659375,100363,22361.0,22.280123152954776,0.8021659874279911,Warning
424811,7670.0,316.811682,CHN,China,Liaoning,2.569732602,3.042300662,0.59,0.57,,,,,,,,,,,,,,,,,,,,,,,,,,41.580546875,51.39465204,60.846013240000005,,,,,,,,,,,,,,,,,0.0,0.0,188.015625,59.346178089952936,0.0,0.0,6.580546875,35.0,41.580546875,253274,,,0.5239740251510566,Advisory
424812,7671.0,6210.524264,CHN,China,Liaoning,0.849428671,0.0,0.59,0.57,,,,,,,,,,,,,,,,,,,,,,,,,,70.0,16.988573419999998,0.0,3.0,,,,,,,,,,,,,,,,0.0,0.0,1432.265625,23.061911750460435,0.0,0.0,35.0,35.0,70.0,1426837,125557.0,8.799673683819526,0.4323151411578831,Watch
424813,7672.0,6621.015798,CHN,China,Liaoning,3.627990643,0.0,0.59,0.57,,,,,,,,,,,,,,,,,,,,,,,,,,70.0,72.55981286,0.0,3.0,,,,,,,,,,,,,,,,0.0,0.0,1158.046875,17.490471406544973,0.0,0.0,35.0,35.0,70.0,1521256,185320.0,12.18203905194129,0.825488650624504,Warning
424814,7673.0,5342.564676,CHN,China,Nei Mongol,0.826962734,0.0,0.59,0.57,,,,,,,,,,,,,,,,,,,,,,,,,,4.000047878819898,16.53925468,0.0,,,,,,,,,,,,,,,,,0.0,0.0,39.796875,0.7449020725199709,0.0,0.0,1.392890625,2.607157253819898,4.000047878819898,369738,,,0.0011904929027847,Information
424815,7674.0,10157.90586,CHN,China,Liaoning,2.399155804,0.0,0.59,0.57,,,,,,,,,,,,,,,,,,,,,,,,,,49.451530372502106,47.98311608,0.0,,,,,,,,,,,,,,,,,0.0,0.0,711.984375,7.0091649278577455,0.0,0.0,24.919453125,24.53207724750211,49.451530372502106,1916052,,,0.4798319522941281,Advisory
424816,7675.0,4945.071141,CHN,China,Liaoning,1.159869998,0.0,0.59,0.57,,,,,,,,,,,,,,,,,,,,,,,,,,11.40909999737406,23.19739996,0.0,,,,,,,,,,,,,,,,,0.0,0.0,107.859375,2.1811491063925885,0.0,0.0,3.775078125,7.63402187237406,11.40909999737406,718864,,,0.0282714831544339,Information
424817,7676.0,1709.071277,CHN,China,Liaoning,1.898395823,0.0,0.59,0.57,,,,,,,,,,,,,,,,,,,,,,,,,,42.60921875,37.96791646,0.0,,,,,,,,,,,,,,,,,0.0,0.0,217.40625,12.720724575226985,0.0,0.0,7.60921875,35.0,42.60921875,493178,,,0.3536141736687302,Advisory
424818,7677.0,4624.134044,CHN,China,Liaoning,0.524361607,0.0,0.59,0.57,,,,,,,,,,,,,,,,,,,,,,,,,,10.4913220964784,10.48723214,0.0,,,,,,,,,,,,,,,,,0.0,0.0,94.78125,2.049708098993828,0.0,0.0,3.31734375,7.173978346478398,10.4913220964784,1534578,,,0.0160231421225046,Information
424819,7678.0,3343.835706,CHN,China,Nei Mongol,1.541271642,0.0,0.59,0.57,,,,,,,,,,,,,,,,,,,,,,,,,,13.689863350827457,30.82543284,0.0,,,,,,,,,,,,,,,,,0.0,0.0,98.015625,2.931233278807844,0.0,0.0,3.430546875,10.259316475827454,13.689863350827457,375218,,,0.0526185432224571,Information
424820,7679.0,11161.81709,CHN,China,Jilin,2.347440605,0.0,0.59,0.57,,,,,,,,,,,,,,,,,,,,,,,,,,48.39284414258174,46.9488121,0.0,,,,,,,,,,,,,,,,,0.0,0.0,729.28125,6.533714397880498,0.0,0.0,25.52484375,22.86800039258174,48.39284414258174,2226093,,,0.4633866392967486,Advisory
424830,7680.0,6002.556918,CHN,China,Nei Mongol,2.996426094,0.0,0.59,0.57,,,,,,,,,,,,,,,,,,,,,,,,,,34.11591482661673,59.92852188,0.0,,,,,,,,,,,,,,,,,0.0,0.0,365.625,6.091154236176208,0.0,0.0,12.796875,21.319039826616727,34.11591482661673,392072,,,0.4360857556511596,Advisory
424841,7681.0,699.0894991,CHN,China,Jilin,2.844536904,0.0,0.59,0.57,,,,,,,,,,,,,,,,,,,,,,,,,,5.12216464612654,56.89073808,0.0,,,,,,,,,,,,,,,,,0.0,0.0,9.5625,1.3678506131790111,0.0,0.0,0.3346875,4.787477146126539,5.12216464612654,77960,,,0.0165791727288938,Information
424842,7682.0,1557.576267,CHN,China,Jilin,0.233226741,0.0,0.59,0.57,,,,,,,,,,,,,,,,,,,,,,,,,,5.916475101937424,4.66453482,0.0,,,,,,,,,,,,,,,,,0.0,0.0,22.78125,1.462608957696407,0.0,0.0,0.79734375,5.119131351937424,5.916475101937424,138515,,,0.0027207832969979,Information
424843,7683.0,1504.021806,CHN,China,Nei Mongol,1.441498116,0.0,0.59,0.57,,,,,,,,,,,,,,,,,,,,,,,,,,4.517595990405675,28.82996232,0.0,,,,,,,,,,,,,,,,,0.0,0.0,16.875,1.1219917115444784,0.0,0.0,0.590625,3.926970990405674,4.517595990405675,198329,,,0.002915897766347,Information
424844,7684.0,15727.78867,CHN,China,Nei Mongol,2.414676601,0.0,0.59,0.57,,,,,,,,,,,,,,,,,,,,,,,,,,7.36692873321015,48.29353202,0.0,,,,,,,,,,,,,,,,,0.0,0.0,128.671875,0.8181180309171856,0.0,0.0,4.503515625,2.8634131082101497,7.36692873321015,462439,,,0.02567268257449,Information
424845,7685.0,5833.165111,CHN,China,Nei Mongol,3.345815936,0.0,0.59,0.57,,,,,,,,,,,,,,,,,,,,,,,,,,0.8282963363368278,66.91631872,0.0,,,,,,,,,,,,,,,,,0.0,0.0,8.71875,0.1494685960962365,0.0,0.0,0.30515625,0.5231400863368277,0.8282963363368278,215565,,,0.0001132676634316,Information
424846,7686.0,11334.75427,CHN,China,Nei Mongol,1.214755549,0.0,0.59,0.57,,,,,,,,,,,,,,,,,,,,,,,,,,0.2964531666889926,24.29511098,0.0,,,,,,,,,,,,,,,,,0.0,0.0,4.5,0.0397009047682836,0.0,0.0,0.1575,0.1389531666889926,0.2964531666889926,196318,,,1.4891399163048316e-08,Information
424848,7688.0,2266.377144,CHN,China,Nei Mongol,0.746281763,0.0,0.59,0.57,,,,,,,,,,,,,,,,,,,,,,,,,,1.5450505929231682,14.92563526,0.0,,,,,,,,,,,,,,,,,0.0,0.0,8.15625,0.3598805265494766,0.0,0.0,0.28546875,1.2595818429231682,1.5450505929231682,5652,,,3.0556816989261816e-05,Information
424849,7689.0,7356.387515,CHN,China,Nei Mongol,2.864096391,0.0,0.59,0.57,,,,,,,,,,,,,,,,,,,,,,,,,,0.8709366821472897,57.28192782,0.0,,,,,,,,,,,,,,,,,0.0,0.0,10.546875,0.1433703020420828,0.0,0.0,0.369140625,0.5017960571472897,0.8709366821472897,379803,,,4.95452736201268e-05,Information
424850,7690.0,12766.32543,CHN,China,Nei Mongol,3.794863173,0.0,0.59,0.57,,,,,,,,,,,,,,,,,,,,,,,,,,12.507556479914836,75.89726346,0.0,,,,,,,,,,,,,,,,,0.0,0.0,200.390625,1.5696813156899532,0.0,0.0,7.013671875,5.493884604914836,12.507556479914836,1406776,,,0.2559145060220851,Information
424860,7691.0,12695.63569,CHN,China,Nei Mongol,3.281118968,0.0,0.59,0.57,,,,,,,,,,,,,,,,,,,,,,,,,,2.446038428153564,65.62237936,0.0,,,,,,,,,,,,,,,,,0.0,0.0,39.09375,0.3079306223295897,0.0,0.0,1.36828125,1.077757178153564,2.446038428153564,672250,,,0.0041095279575032,Information
424870,7692.0,1242.238654,CHN,China,Nei Mongol,4.015510523,0.0,0.59,0.57,,,,,,,,,,,,,,,,,,,,,,,,,,2.4944015537044875,80.31021046,0.0,,,,,,,,,,,,,,,,,0.0,0.0,7.875,0.633936158201282,0.0,0.0,0.275625,2.2187765537044872,2.4944015537044875,110836,,,0.0194118150551558,Information
424880,7693.0,29370.76612,CHN,China,Nei Mongol,2.380203723,0.0,0.59,0.57,,,,,,,,,,,,,,,,,,,,,,,,,,8.45158766173075,47.60407446000001,0.0,,,,,,,,,,,,,,,,,0.0,0.0,180.140625,0.6133330819230715,0.0,0.0,6.304921875,2.14666578673075,8.45158766173075,900670,,,0.0340401825964588,Information
424890,7694.0,29486.17584,CHN,China,Nei Mongol,2.488111113,0.0,0.59,0.57,,,,,,,,,,,,,,,,,,,,,,,,,,8.930926168460067,49.76222226,0.0,,,,,,,,,,,,,,,,,0.0,0.0,190.546875,0.6462244409885907,0.0,0.0,6.669140625,2.261785543460068,8.930926168460067,2901823,,,0.0420616400338863,Information
424902,7696.0,23495.88841,CHN,China,Liaoning,1.198236813,1.094384011,0.59,0.57,,,,,,,,,,,,,,,,,,,,,,,,,,13.78772982512924,23.96473626,21.88768022,,,,,,,,,,,,,,,,,0.0,0.0,276.328125,1.1760701286083546,0.0,0.0,9.671484375,4.116245450129241,13.78772982512924,4477500,,,0.0438721772198659,Information
424903,7697.0,526.8939949,CHN,China,Liaoning,4.028494072,3.79682038,0.59,0.57,,,,,,,,,,,,,,,,,,,,,,,,,,44.454921875,80.56988144,75.93640760000001,3.0,,,,,,,,,,,,,,,,0.0,0.0,270.140625,51.27039359581524,0.0,0.0,9.454921875,35.0,44.454921875,81775,22352.0,27.333537144604097,0.7960660020130723,Watch
424904,7698.0,5047.268136,CHN,China,Liaoning,2.046381808,0.055342428,0.59,0.57,,,,,,,,,,,,,,,,,,,,,,,,,,3.8591140268726,40.92763616,1.10684856,,,,,,,,,,,,,,,,,0.0,0.0,36.984375,0.7327602576778856,0.0,0.0,1.294453125,2.5646609018726,3.8591140268726,1430874,,,0.0031828373443434,Information
424905,7699.0,1111.619781,CHN,China,Liaoning,1.239675026,3.278701241,0.59,0.57,,,,,,,,,,,,,,,,,,,,,,,,,,12.988398732509904,24.79350052,65.57402481999999,,,,,,,,,,,,,,,,,0.0,0.0,37.125,3.3397210664314017,0.0,0.0,1.299375,11.689023732509906,12.988398732509904,1033241,,,0.1648409469649263,Information
424906,7700.0,696.4790584,CHN,China,Liaoning,0.181267287,0.0,0.59,0.57,,,,,,,,,,,,,,,,,,,,,,,,,,2.4944643541143043,3.62534574,0.0,,,,,,,,,,,,,,,,,0.0,0.0,4.640625,0.6662978511755154,0.0,0.0,0.162421875,2.332042479114304,2.4944643541143043,233271,,,0.0001290080283002,Information
424907,7701.0,834.3733595,CHN,China,Liaoning,2.419204606,2.52306573,0.59,0.57,,,,,,,,,,,,,,,,,,,,,,,,,,30.5493409037327,48.384092120000005,50.4613146,,,,,,,,,,,,,,,,,0.0,0.0,67.21875,8.0561956153522,0.0,0.0,2.35265625,28.1966846537327,30.5493409037327,178592,,,0.3144020489686196,Information
424908,7702.0,3131.692826,CHN,China,Liaoning,3.016361764,0.4363275,0.59,0.57,,,,,,,,,,,,,,,,,,,,,,,,,,9.926981533880898,60.32723528,8.72655,,,,,,,,,,,,,,,,,0.0,0.0,67.640625,2.159874188251685,0.0,0.0,2.367421875,7.559559658880898,9.926981533880898,396602,,,0.0829638016297962,Information
424909,7703.0,1935.926969,CHN,China,Liaoning,4.021118716,2.471343775,0.59,0.57,,,,,,,,,,,,,,,,,,,,,,,,,,12.89694039722722,80.42237432,49.4268755,,,,,,,,,,,,,,,,,0.0,0.0,59.765625,3.087183863493492,0.0,0.0,2.091796875,10.80514352222722,12.89694039722722,486842,,,0.3381939284345426,Information
431100,7705.0,3752.105788,CHN,China,Hebei,4.028367198,3.001837208,0.59,0.57,,,,,,,,,,,,,,,,,,,,,,,,,,11.004100415758472,80.56734395999999,60.03674416,,,,,,,,,,,,,,,,,0.0,0.0,85.78125,2.2862161902167064,0.0,0.0,3.00234375,8.001756665758473,11.004100415758472,2321062,,,0.2847842913952888,Information
431201,7706.0,1022.46598,CHN,China,Hebei,1.955438162,2.212228266,0.59,0.57,,,,,,,,,,,,,,,,,,,,,,,,,,14.113740130422444,39.10876324,44.24456532,,,,,,,,,,,,,,,,,0.0,0.0,37.40625,3.6584346801206986,0.0,0.0,1.30921875,12.804521380422443,14.113740130422444,517947,,,0.0847478399449461,Information
431202,7707.0,6276.54858,CHN,China,Hebei,1.947882049,0.0,0.59,0.57,,,,,,,,,,,,,,,,,,,,,,,,,,3.816306019091369,38.95764098,0.0,,,,,,,,,,,,,,,,,0.0,0.0,42.046875,0.6699043983118196,0.0,0.0,1.471640625,2.3446653940913684,3.816306019091369,997595,,,0.0027832130993402,Information
431203,7708.0,9915.614455,CHN,China,Hebei,3.180667997,0.0,0.59,0.57,,,,,,,,,,,,,,,,,,,,,,,,,,8.976158374098189,63.61335994,0.0,,,,,,,,,,,,,,,,,0.0,0.0,127.6875,1.2877416783137683,0.0,0.0,4.4690625,4.507095874098189,8.976158374098189,2107585,,,0.0808121202108339,Information
431204,7709.0,2584.464268,CHN,China,Hebei,3.763495181,0.0,0.59,0.57,,,,,,,,,,,,,,,,,,,,,,,,,,1.3420936039203704,75.26990362000001,0.0,,,,,,,,,,,,,,,,,0.0,0.0,7.875,0.3047053154058201,0.0,0.0,0.275625,1.0664686039203704,1.3420936039203704,422232,,,0.0017853489750852,Information
431206,7711.0,6770.420895,CHN,China,Hebei,3.776541706,0.0,0.59,0.57,,,,,,,,,,,,,,,,,,,,,,,,,,0.4632788465810151,75.53083412000001,0.0,,,,,,,,,,,,,,,,,0.0,0.0,5.34375,0.0789278847374329,0.0,0.0,0.18703125,0.2762475965810151,0.4632788465810151,592810,,,3.6415934973395854e-05,Information
431207,7712.0,3793.836465,CHN,China,Hebei,3.055797401,0.0,0.59,0.57,,,,,,,,,,,,,,,,,,,,,,,,,,0.2863235227949806,61.11594802,0.0,,,,,,,,,,,,,,,,,0.0,0.0,2.25,0.0593067207985659,0.0,0.0,0.07875,0.2075735227949806,0.2863235227949806,304009,,,4.525640229203535e-07,Information
431208,7713.0,2057.383636,CHN,China,Hebei,3.260313599,0.0,0.59,0.57,,,,,,,,,,,,,,,,,,,,,,,,,,0.721121404313941,65.20627198,0.0,,,,,,,,,,,,,,,,,0.0,0.0,3.515625,0.1708784369468403,0.0,0.0,0.123046875,0.598074529313941,0.721121404313941,35115,,,5.300996050586469e-05,Information
431209,7714.0,12708.59755,CHN,China,Nei Mongol,1.13065769,0.0,0.59,0.57,,,,,,,,,,,,,,,,,,,,,,,,,,3.3156189782652588,22.6131538,0.0,,,,,,,,,,,,,,,,,0.0,0.0,53.015625,0.4171634580757883,0.0,0.0,1.855546875,1.460072103265259,3.3156189782652588,370381,,,0.0008158704515935,Information
431300,7715.0,10055.2817,CHN,China,Hebei,3.640064524,3.153469387,0.59,0.57,,,,,,,,,,,,,,,,,,,,,,,,,,70.0,72.80129048,63.06938774,3.0,,,,,,,,,,,,,,,,0.0,0.0,1926.703125,19.161105394708912,0.0,0.0,35.0,35.0,70.0,7464164,317255.0,4.250375527654537,0.8277536927413189,Warning
431400,7716.0,9846.982436,CHN,China,Hebei,3.127849901,3.411627534,0.59,0.57,,,,,,,,,,,,,,,,,,,,,,,,,,47.40879669302674,62.55699802,68.23255068,3.0,,,,,,,,,,,,,,,,0.0,0.0,672.046875,6.824901733721926,0.0,0.0,23.521640625,23.88715606802674,47.40879669302674,5742309,93455.0,1.6274812100846543,0.6555563847548616,Watch
431500,7717.0,117.3287851,CHN,China,Tianjin,2.452324357,3.213184766,0.59,0.57,,,,,,,,,,,,,,,,,,,,,,,,,,4.244161190899892,49.04648714,64.26369532,,,,,,,,,,,,,,,,,0.0,0.0,1.40625,1.1985549831142548,0.0,0.0,0.04921875,4.194942440899892,4.244161190899892,1087409,,,0.0165601103470383,Information
431610,7719.0,1077.099554,CHN,China,Tianjin,4.022847467,3.053104674,0.59,0.57,,,,,,,,,,,,,,,,,,,,,,,,,,36.242138423509004,80.45694934,61.06209348,3.0,,,,,,,,,,,,,,,,0.0,0.0,100.6875,9.348021692431145,0.0,0.0,3.5240625,32.718075923509005,36.242138423509004,6082094,68682.0,1.1292492355428903,0.7315813771907712,Watch
431621,7720.0,191.2944375,CHN,China,Tianjin,4.035060078,0.0,0.59,0.57,,,,,,,,,,,,,,,,,,,,,,,,,,6.5553758336241845,80.70120156,0.0,,,,,,,,,,,,,,,,,0.0,0.0,3.515625,1.837808273892624,0.0,0.0,0.123046875,6.4323289586241845,6.5553758336241845,863841,,,0.1401251160232012,Information
431622,7721.0,21055.41993,CHN,China,Beijing,2.560833629,0.0,0.59,0.57,,,,,,,,,,,,,,,,,,,,,,,,,,8.769422872159765,51.21667258,0.0,,,,,,,,,,,,,,,,,0.0,0.0,169.875,0.8067993920456471,0.0,0.0,5.945625,2.8237978721597647,8.769422872159765,15834069,,,0.0430702597279949,Information
431623,7722.0,8756.876886,CHN,China,Beijing,2.174876216,0.0,0.59,0.57,,,,,,,,,,,,,,,,,,,,,,,,,,7.991182873375008,43.49752432,0.0,,,,,,,,,,,,,,,,,0.0,0.0,106.59375,1.2172576066785736,0.0,0.0,3.73078125,4.260401623375008,7.991182873375008,13927998,,,0.0252357777848049,Information
431624,7723.0,15020.20555,CHN,China,Hebei,2.442721621,0.0,0.59,0.57,,,,,,,,,,,,,,,,,,,,,,,,,,1.541357664574995,48.85443242,0.0,,,,,,,,,,,,,,,,,0.0,0.0,26.4375,0.1760129041642842,0.0,0.0,0.9253125,0.6160451645749947,1.541357664574995,2722180,,,0.0002308792328936,Information
431626,7725.0,4391.904563,CHN,China,Hebei,0.805631851,0.0,0.59,0.57,,,,,,,,,,,,,,,,,,,,,,,,,,1.129000140558737,16.11263702,0.0,,,,,,,,,,,,,,,,,0.0,0.0,9.84375,0.2241339687310678,0.0,0.0,0.34453125,0.7844688905587374,1.129000140558737,693503,,,8.231562787193815e-06,Information
431628,7727.0,5083.491797,CHN,China,Shanxi,1.890002206,0.0,0.59,0.57,,,,,,,,,,,,,,,,,,,,,,,,,,2.96460189620831,37.80004412,0.0,,,,,,,,,,,,,,,,,0.0,0.0,28.546875,0.5615603632023742,0.0,0.0,0.999140625,1.96546127120831,2.96460189620831,1773611,,,0.0011687838595179,Information
431630,7729.0,1666.783354,CHN,China,Hebei,3.594420189,0.0,0.59,0.57,,,,,,,,,,,,,,,,,,,,,,,,,,1.6536507647108771,71.88840378,0.0,,,,,,,,,,,,,,,,,0.0,0.0,6.75,0.4049716470602506,0.0,0.0,0.23625,1.417400764710877,1.6536507647108771,2478988,,,0.0023042506298585,Information
431641,7730.0,249.7994327,CHN,China,Hebei,4.032983056,0.0,0.59,0.57,,,,,,,,,,,,,,,,,,,,,,,,,,12.723161761913277,80.65966112,0.0,,,,,,,,,,,,,,,,,0.0,0.0,8.859375,3.546595324832364,0.0,0.0,0.310078125,12.413083636913274,12.723161761913277,163601,,,0.3376925109814632,Information
431642,7731.0,11448.33351,CHN,China,Hebei,2.35162798,0.0,0.59,0.57,,,,,,,,,,,,,,,,,,,,,,,,,,2.093185503409643,47.0325596,0.0,,,,,,,,,,,,,,,,,0.0,0.0,31.921875,0.2788342509741837,0.0,0.0,1.117265625,0.9759198784096428,2.093185503409643,4944494,,,0.0006168105821853,Information
431643,7732.0,313.7626941,CHN,China,Hebei,4.010945339,0.0,0.59,0.57,,,,,,,,,,,,,,,,,,,,,,,,,,36.186171875,80.21890678,0.0,3.0,,,,,,,,,,,,,,,,0.0,0.0,33.890625,10.801355812748827,0.0,0.0,1.186171875,35.0,36.186171875,191191,12547.0,6.562547400243736,0.7270617103661151,Watch
431644,7733.0,3006.783631,CHN,China,Hebei,1.797626742,0.0,0.59,0.57,,,,,,,,,,,,,,,,,,,,,,,,,,19.46007519589653,35.95253484,0.0,,,,,,,,,,,,,,,,,0.0,0.0,128.53125,4.274708984541865,0.0,0.0,4.49859375,14.961481445896528,19.46007519589653,2581845,,,0.1167758618129533,Information
431645,7734.0,105.8687227,CHN,China,Hebei,4.035313036,0.0,0.59,0.57,,,,,,,,,,,,,,,,,,,,,,,,,,36.786640625,80.70626071999999,0.0,3.0,,,,,,,,,,,,,,,,0.0,0.0,51.046875,48.21714450297674,0.0,0.0,1.786640625,35.0,36.786640625,38424,4627.0,12.04195294607537,0.7406511291247327,Watch
431646,7735.0,9508.882902,CHN,China,Hebei,2.693332789,0.0,0.59,0.57,,,,,,,,,,,,,,,,,,,,,,,,,,2.4134115312329363,53.86665578,0.0,,,,,,,,,,,,,,,,,0.0,0.0,33.609375,0.353452401780839,0.0,0.0,1.176328125,1.2370834062329363,2.4134115312329363,4405514,,,0.0015863275881553,Information
431647,7736.0,2346.443344,CHN,China,Hebei,2.683937543,0.0,0.59,0.57,,,,,,,,,,,,,,,,,,,,,,,,,,4.609803119760053,53.67875086,0.0,,,,,,,,,,,,,,,,,0.0,0.0,25.03125,1.0667741056457294,0.0,0.0,0.87609375,3.733709369760053,4.609803119760053,1908476,,,0.0105158297582243,Information
431664,7743.0,3625.119509,CHN,China,Hebei,3.575680762,0.0,0.59,0.57,,,,,,,,,,,,,,,,,,,,,,,,,,0.628966462237804,71.51361524000001,0.0,,,,,,,,,,,,,,,,,0.0,0.0,4.78125,0.1318922034965154,0.0,0.0,0.16734375,0.4616227122378039,0.628966462237804,2532417,,,6.861627978803181e-05,Information
431666,7745.0,26082.38182,CHN,China,Hebei,2.961412084,0.0,0.59,0.57,,,,,,,,,,,,,,,,,,,,,,,,,,2.7167609432719937,59.22824168,0.0,,,,,,,,,,,,,,,,,0.0,0.0,56.109375,0.2151236623634267,0.0,0.0,1.963828125,0.7529328182719934,2.7167609432719937,20624860,,,0.0033789035349639,Information
431667,7746.0,2562.242258,CHN,China,Hebei,0.784894266,0.0,0.59,0.57,,,,,,,,,,,,,,,,,,,,,,,,,,3.4266196336356844,15.69788532,0.0,,,,,,,,,,,,,,,,,0.0,0.0,19.96875,0.779346681038767,0.0,0.0,0.69890625,2.7277133836356846,3.4266196336356844,3021606,,,0.0006804150466554,Information
431668,7747.0,6285.961493,CHN,China,Shanxi,1.664886467,0.0,0.59,0.57,,,,,,,,,,,,,,,,,,,,,,,,,,0.535576555169363,33.297729340000004,0.0,,,,,,,,,,,,,,,,,0.0,0.0,5.90625,0.0939593729055323,0.0,0.0,0.20671875,0.328857805169363,0.535576555169363,2235123,,,7.012451387983628e-07,Information
431669,7748.0,16794.79383,CHN,China,Shanxi,1.246557704,0.0,0.59,0.57,,,,,,,,,,,,,,,,,,,,,,,,,,2.190839315436083,24.93115408,0.0,,,,,,,,,,,,,,,,,0.0,0.0,39.234375,0.2336103401245952,0.0,0.0,1.373203125,0.8176361904360832,2.190839315436083,2502429,,,0.0002045669287602,Information
431670,7749.0,4791.403354,CHN,China,Shandong,4.021873104,0.0,0.59,0.57,,,,,,,,,,,,,,,,,,,,,,,,,,1.5346120401719352,80.43746208,0.0,,,,,,,,,,,,,,,,,0.0,0.0,14.203125,0.2964293329062672,0.0,0.0,0.497109375,1.0375026651719352,1.5346120401719352,4047225,,,0.005458587858353,Information
431680,7750.0,15195.65941,CHN,China,Henan,2.807244906,0.0,0.59,0.57,,,,,,,,,,,,,,,,,,,,,,,,,,1.1996487135839211,56.14489812000001,0.0,,,,,,,,,,,,,,,,,0.0,0.0,20.671875,0.1360380253096918,0.0,0.0,0.723515625,0.4761330885839213,1.1996487135839211,11729456,,,0.0001598061874815,Information
431690,7751.0,19956.97711,CHN,China,Shanxi,2.082386689,0.0,0.59,0.57,,,,,,,,,,,,,,,,,,,,,,,,,,1.810088847273088,41.64773378,0.0,,,,,,,,,,,,,,,,,0.0,0.0,34.453125,0.172636992078025,0.0,0.0,1.205859375,0.6042294722730874,1.810088847273088,6088136,,,0.0002572204715264,Information
431700,7752.0,20381.12193,CHN,China,Shandong,3.471542541,2.427553703,0.59,0.57,,,,,,,,,,,,,,,,,,,,,,,,,,34.26282601045275,69.43085081999999,48.551074060000005,,,,,,,,,,,,,,,,,0.0,0.0,656.71875,3.222191360129357,0.0,0.0,22.98515625,11.27766976045275,34.26282601045275,11077579,,,0.5454087186479255,Advisory
431800,7753.0,14394.36684,CHN,China,Shandong,3.219539836,0.047260209,0.59,0.57,,,,,,,,,,,,,,,,,,,,,,,,,,8.733216877174872,64.39079672,0.94520418,,,,,,,,,,,,,,,,,0.0,0.0,147.234375,1.0228610720499636,0.0,0.0,5.153203125,3.5800137521748727,8.733216877174872,7968726,,,0.0799407320985439,Information
432010,7755.0,17772.37981,CHN,China,Nei Mongol,2.043534682,0.0,0.59,0.57,,,,,,,,,,,,,,,,,,,,,,,,,,0.8614223043512149,40.870693640000006,0.0,,,,,,,,,,,,,,,,,0.0,0.0,15.75,0.0886206583860614,0.0,0.0,0.55125,0.3101723043512149,0.8614223043512149,393255,,,1.174198631390439e-05,Information
432020,7756.0,23002.83444,CHN,China,Gansu,1.724264577,0.0,0.59,0.57,,,,,,,,,,,,,,,,,,,,,,,,,,1.3063880385192732,34.48529154,0.0,,,,,,,,,,,,,,,,,0.0,0.0,26.015625,0.1130974752912209,0.0,0.0,0.910546875,0.3958411635192731,1.3063880385192732,1694200,,,4.520049886776837e-05,Information
432030,7757.0,21751.80363,CHN,China,Nei Mongol,1.921439199,0.0,0.59,0.57,,,,,,,,,,,,,,,,,,,,,,,,,,0.4095232485597123,38.42878398,0.0,,,,,,,,,,,,,,,,,0.0,0.0,8.015625,0.0368503924456321,0.0,0.0,0.280546875,0.1289763735597123,0.4095232485597123,71535,,,2.6800065494772765e-07,Information
432040,7758.0,7408.037875,CHN,China,Nei Mongol,0.043276723,0.0,0.59,0.57,,,,,,,,,,,,,,,,,,,,,,,,,,0.6129895603385851,0.8655344600000001,0.0,,,,,,,,,,,,,,,,,0.0,0.0,7.453125,0.1006086243824529,0.0,0.0,0.260859375,0.3521301853385851,0.6129895603385851,68519,,,1.8295831022867714e-07,Information
432050,7759.0,7290.945989,CHN,China,Nei Mongol,0.216192569,0.0,0.59,0.57,,,,,,,,,,,,,,,,,,,,,,,,,,0.525264399330827,4.32385138,0.0,,,,,,,,,,,,,,,,,0.0,0.0,6.328125,0.0867942926659506,0.0,0.0,0.221484375,0.303780024330827,0.525264399330827,3308,,,9.709102850791212e-08,Information
432060,7760.0,6863.919775,CHN,China,Nei Mongol,0.423440271,0.0,0.59,0.57,,,,,,,,,,,,,,,,,,,,,,,,,,0.4957934274402473,8.468805419999999,0.0,,,,,,,,,,,,,,,,,0.0,0.0,5.765625,0.0839990149829278,0.0,0.0,0.201796875,0.2939965524402473,0.4957934274402473,950,,,9.02982272493966e-08,Information
432080,7762.0,18970.24686,CHN,China,Nei Mongol,1.694046597,0.0,0.59,0.57,,,,,,,,,,,,,,,,,,,,,,,,,,1.2777877335958556,33.88093194,0.0,,,,,,,,,,,,,,,,,0.0,0.0,23.90625,0.1260197095988159,0.0,0.0,0.83671875,0.4410689835958556,1.2777877335958556,93303,,,3.967961885257341e-05,Information
432090,7763.0,5873.015342,CHN,China,Nei Mongol,4.004925894,0.0,0.59,0.57,,,,,,,,,,,,,,,,,,,,,,,,,,9.790541098357506,80.09851788,0.0,,,,,,,,,,,,,,,,,0.0,0.0,103.5,1.7622974566735732,0.0,0.0,3.6225,6.168041098357506,9.790541098357506,52892,,,0.2390451289046691,Information
432102,7765.0,9641.89258,CHN,China,Shandong,2.179374189,0.0,0.59,0.57,,,,,,,,,,,,,,,,,,,,,,,,,,20.54440562448722,43.58748378,0.0,,,,,,,,,,,,,,,,,0.0,0.0,288.140625,2.988423928424919,0.0,0.0,10.084921875,10.459483749487218,20.54440562448722,6862016,,,0.156223120764564,Information
432103,7766.0,108.655719,CHN,China,Shandong,4.03004035,0.0,0.59,0.57,,,,,,,,,,,,,,,,,,,,,,,,,,23.81084123081952,80.600807,0.0,,,,,,,,,,,,,,,,,0.0,0.0,7.3125,6.729972494519861,0.0,0.0,0.2559375,23.55490373081951,23.81084123081952,44781,,,0.5811785928274209,Advisory
432104,7767.0,5099.687529,CHN,China,Henan,2.631154692,0.0,0.59,0.57,,,,,,,,,,,,,,,,,,,,,,,,,,1.4281737586505083,52.62309384,0.0,,,,,,,,,,,,,,,,,0.0,0.0,13.78125,0.2702371453287167,0.0,0.0,0.48234375,0.9458300086505084,1.4281737586505083,3991491,,,0.0002311166471199,Information
432106,7769.0,14983.22866,CHN,China,Shanxi,2.592279291,0.0,0.59,0.57,,,,,,,,,,,,,,,,,,,,,,,,,,0.7139914117836024,51.84558582,0.0,,,,,,,,,,,,,,,,,0.0,0.0,12.234375,0.0816537962238864,0.0,0.0,0.428203125,0.2857882867836024,0.7139914117836024,4785047,,,1.2695424379403207e-05,Information
432107,7770.0,739.3992507,CHN,China,Henan,1.643781796,0.0,0.59,0.57,,,,,,,,,,,,,,,,,,,,,,,,,,12.72481754991386,32.87563592,0.0,,,,,,,,,,,,,,,,,0.0,0.0,25.03125,3.3853496571182453,0.0,0.0,0.87609375,11.84872379991386,12.72481754991386,290520,,,0.0481569328966963,Information
432109,7772.0,13198.3362,CHN,China,Henan,1.099315083,0.0,0.59,0.57,,,,,,,,,,,,,,,,,,,,,,,,,,3.425811137139968,21.98630166,0.0,,,,,,,,,,,,,,,,,0.0,0.0,55.6875,0.4219281820399909,0.0,0.0,1.9490625,1.476748637139968,3.425811137139968,3251364,,,0.0008873760736391,Information
432220,7774.0,27320.39713,CHN,China,Shaanxi,1.416803396,0.0,0.59,0.57,,,,,,,,,,,,,,,,,,,,,,,,,,0.4773623656292697,28.33606792,0.0,,,,,,,,,,,,,,,,,0.0,0.0,9.984375,0.0365454973226485,0.0,0.0,0.349453125,0.1279092406292697,0.4773623656292697,2571798,,,2.7008326416746045e-07,Information
432270,7787.0,28490.51959,CHN,China,Shaanxi,1.348587499,0.0,0.59,0.57,,,,,,,,,,,,,,,,,,,,,,,,,,1.0705571587182048,26.97174998,0.0,,,,,,,,,,,,,,,,,0.0,0.0,22.640625,0.0794672239194871,0.0,0.0,0.792421875,0.2781352837182048,1.0705571587182048,15789134,,,1.207141247919157e-05,Information
432300,7790.0,7794.413551,CHN,China,Shanxi,1.066494635,0.0,0.59,0.57,,,,,,,,,,,,,,,,,,,,,,,,,,3.831644370706348,21.3298927,0.0,,,,,,,,,,,,,,,,,0.0,0.0,47.953125,0.6152242844875281,0.0,0.0,1.678359375,2.153284995706348,3.831644370706348,3349600,,,0.0012556804921402,Information
432401,7791.0,3121.932039,CHN,China,Shanxi,1.558248473,0.0,0.59,0.57,,,,,,,,,,,,,,,,,,,,,,,,,,0.1448114690404609,31.16496946,0.0,,,,,,,,,,,,,,,,,0.0,0.0,0.984375,0.0315309554401317,0.0,0.0,0.034453125,0.1103583440404609,0.1448114690404609,1350027,,,3.5457044685108805e-10,Information
432402,7792.0,2057.136637,CHN,China,Shanxi,0.218107588,0.0,0.59,0.57,,,,,,,,,,,,,,,,,,,,,,,,,,0.1153909143546872,4.36215176,0.0,,,,,,,,,,,,,,,,,0.0,0.0,0.5625,0.0273438326727678,0.0,0.0,0.0196875,0.0957034143546873,0.1153909143546872,786114,,,9.086333866137896e-12,Information
432403,7793.0,11238.71562,CHN,China,Shanxi,1.529182842,0.0,0.59,0.57,,,,,,,,,,,,,,,,,,,,,,,,,,0.2976405687910326,30.58365684,0.0,,,,,,,,,,,,,,,,,0.0,0.0,4.5,0.0400401625117236,0.0,0.0,0.1575,0.1401405687910326,0.2976405687910326,4281681,,,2.4904489114359023e-08,Information
432406,7796.0,1493.427278,CHN,China,Shanxi,0.61138974,0.0,0.59,0.57,,,,,,,,,,,,,,,,,,,,,,,,,,0.151515144277042,12.2277948,0.0,,,,,,,,,,,,,,,,,0.0,0.0,0.5625,0.037665041222012,0.0,0.0,0.0196875,0.131827644277042,0.151515144277042,556825,,,9.969202630444468e-11,Information
432408,7798.0,4319.837007,CHN,China,Shanxi,1.530490584,0.0,0.59,0.57,,,,,,,,,,,,,,,,,,,,,,,,,,0.1305242723757574,30.60981168,0.0,,,,,,,,,,,,,,,,,0.0,0.0,1.125,0.0260426492502164,0.0,0.0,0.039375,0.0911492723757574,0.1305242723757574,1756487,,,1.7376236108745014e-10,Information
432409,7799.0,9899.29505,CHN,China,Shanxi,1.497998626,0.0,0.59,0.57,,,,,,,,,,,,,,,,,,,,,,,,,,0.2968145983980215,29.95997252,0.0,,,,,,,,,,,,,,,,,0.0,0.0,4.21875,0.0426166709708633,0.0,0.0,0.14765625,0.1491583483980215,0.2968145983980215,4399551,,,2.3313664151010233e-08,Information
432606,7807.0,2754.322446,CHN,China,Shaanxi,2.984401727,0.0,0.59,0.57,,,,,,,,,,,,,,,,,,,,,,,,,,0.2734981776216375,59.68803454,0.0,,,,,,,,,,,,,,,,,0.0,0.0,1.6875,0.061267336463325,0.0,0.0,0.0590625,0.2144356776216375,0.2734981776216375,411717,,,2.970755440199967e-07,Information
432710,7812.0,2301.508523,CHN,China,Nei Mongol,1.109163206,0.0,0.59,0.57,,,,,,,,,,,,,,,,,,,,,,,,,,0.6576826314503719,22.18326412,0.0,,,,,,,,,,,,,,,,,0.0,0.0,3.515625,0.1527530732715348,0.0,0.0,0.123046875,0.5346357564503719,0.6576826314503719,143631,,,9.057556597044082e-07,Information
432711,7813.0,2387.70614,CHN,China,Shanxi,0.617988942,0.0,0.59,0.57,,,,,,,,,,,,,,,,,,,,,,,,,,0.919270024291025,12.35977884,0.0,,,,,,,,,,,,,,,,,0.0,0.0,5.0625,0.2120235783688643,0.0,0.0,0.1771875,0.7420825242910251,0.919270024291025,44176,,,2.589346765595069e-06,Information
432712,7814.0,4156.519538,CHN,China,Shanxi,3.06178905,0.0,0.59,0.57,,,,,,,,,,,,,,,,,,,,,,,,,,0.100579274024545,61.235781,0.0,,,,,,,,,,,,,,,,,0.0,0.0,0.84375,0.0202994354355843,0.0,0.0,0.02953125,0.071048024024545,0.100579274024545,974827,,,1.3058830974501823e-09,Information
432713,7815.0,6623.515807,CHN,China,Shanxi,0.819973827,0.0,0.59,0.57,,,,,,,,,,,,,,,,,,,,,,,,,,1.3341007825475844,16.39947654,0.0,,,,,,,,,,,,,,,,,0.0,0.0,15.1875,0.2292966521564527,0.0,0.0,0.5315625,0.8025382825475844,1.3341007825475844,994823,,,1.7533179804034786e-05,Information
432714,7816.0,5080.328975,CHN,China,Shaanxi,0.025303387,0.0,0.59,0.57,,,,,,,,,,,,,,,,,,,,,,,,,,0.6720589845057414,0.50606774,0.0,,,,,,,,,,,,,,,,,0.0,0.0,6.46875,0.1273293527159261,0.0,0.0,0.22640625,0.4456527345057414,0.6720589845057414,43280,,,2.9038292079964975e-07,Information
432715,7817.0,1165.467264,CHN,China,Shanxi,0.42075262,0.0,0.59,0.57,,,,,,,,,,,,,,,,,,,,,,,,,,2.687709081462705,8.4150524,0.0,,,,,,,,,,,,,,,,,0.0,0.0,8.015625,0.6877606304179157,0.0,0.0,0.280546875,2.4071622064627047,2.687709081462705,104405,,,0.0002088996033066,Information
432716,7818.0,8712.48785,CHN,China,Shaanxi,1.472936698,0.0,0.59,0.57,,,,,,,,,,,,,,,,,,,,,,,,,,0.7716898460812891,29.45873396,0.0,,,,,,,,,,,,,,,,,0.0,0.0,10.265625,0.1178265631660826,0.0,0.0,0.359296875,0.4123929710812891,0.7716898460812891,1352151,,,3.160309060809053e-06,Information
432717,7819.0,21244.37474,CHN,China,Shanxi,2.010457694,0.0,0.59,0.57,,,,,,,,,,,,,,,,,,,,,,,,,,2.7868859353956443,40.20915388,0.0,,,,,,,,,,,,,,,,,0.0,0.0,54.140625,0.2548468743987554,0.0,0.0,1.894921875,0.891964060395644,2.7868859353956443,1598880,,,0.001084978700469,Information
432718,7820.0,5574.253491,CHN,China,Nei Mongol,0.960677948,0.0,0.59,0.57,,,,,,,,,,,,,,,,,,,,,,,,,,1.3201471347090534,19.21355896,0.0,,,,,,,,,,,,,,,,,0.0,0.0,13.5,0.2421848956311581,0.0,0.0,0.4725,0.8476471347090534,1.3201471347090534,230464,,,1.943751483976429e-05,Information
432719,7821.0,1191.316836,CHN,China,Nei Mongol,2.389283261,0.0,0.59,0.57,,,,,,,,,,,,,,,,,,,,,,,,,,3.236551572728456,47.78566522,0.0,,,,,,,,,,,,,,,,,0.0,0.0,9.84375,0.8262915207795589,0.0,0.0,0.34453125,2.892020322728456,3.236551572728456,111284,,,0.0027108504739989,Information
432751,7826.0,10416.7742,CHN,China,Nei Mongol,2.364532986,0.0,0.59,0.57,,,,,,,,,,,,,,,,,,,,,,,,,,23.924129031516365,47.29065972,0.0,,,,,,,,,,,,,,,,,0.0,0.0,348.75,3.3479654375761045,0.0,0.0,12.20625,11.717879031516366,23.924129031516365,1004008,,,0.2147915840382679,Information
432753,7828.0,365.828054,CHN,China,Nei Mongol,3.388387414,0.0,0.59,0.57,,,,,,,,,,,,,,,,,,,,,,,,,,5.7179641772599625,67.76774827999999,0.0,,,,,,,,,,,,,,,,,0.0,0.0,5.765625,1.5760478006457035,0.0,0.0,0.201796875,5.516167302259962,5.7179641772599625,15719,,,0.0418728135905851,Information
432756,7831.0,2699.548046,CHN,China,Ningxia Hui,1.268678791,0.0,0.59,0.57,,,,,,,,,,,,,,,,,,,,,,,,,,2.361717543439677,25.37357582,0.0,,,,,,,,,,,,,,,,,0.0,0.0,14.34375,0.5313389409827648,0.0,0.0,0.50203125,1.8596862934396767,2.361717543439677,157273,,,0.0002770860810217,Information
432757,7832.0,337.8569109,CHN,China,Ningxia Hui,3.277821206,0.0,0.59,0.57,,,,,,,,,,,,,,,,,,,,,,,,,,23.794981776294627,65.55642412,0.0,,,,,,,,,,,,,,,,,0.0,0.0,22.21875,6.576378721798465,0.0,0.0,0.77765625,23.017325526294627,23.794981776294627,204780,,,0.3557479506142237,Advisory
432758,7833.0,6754.234747,CHN,China,Ningxia Hui,3.043341995,0.0,0.59,0.57,,,,,,,,,,,,,,,,,,,,,,,,,,0.6959112878467728,60.8668399,0.0,,,,,,,,,,,,,,,,,0.0,0.0,8.015625,0.1186755465276494,0.0,0.0,0.280546875,0.4153644128467729,0.6959112878467728,637750,,,2.7947418143482254e-05,Information
432760,7835.0,14506.05545,CHN,China,Ningxia Hui,0.939179353,0.0,0.59,0.57,,,,,,,,,,,,,,,,,,,,,,,,,,0.1912416554366304,18.78358706,0.0,,,,,,,,,,,,,,,,,0.0,0.0,3.234375,0.0222967229818944,0.0,0.0,0.113203125,0.0780385304366304,0.1912416554366304,797706,,,7.182527605496849e-10,Information
432770,7836.0,19667.89788,CHN,China,Gansu,1.539166534,0.0,0.59,0.57,,,,,,,,,,,,,,,,,,,,,,,,,,1.5516926276052017,30.78333068,0.0,,,,,,,,,,,,,,,,,0.0,0.0,29.390625,0.1494345007443434,0.0,0.0,1.028671875,0.5230207526052019,1.5516926276052017,1373956,,,7.296494824837316e-05,Information
432790,7838.0,15002.4747,CHN,China,Gansu,4.016301151,0.0,0.59,0.57,,,,,,,,,,,,,,,,,,,,,,,,,,0.319900766214359,80.32602302000001,0.0,,,,,,,,,,,,,,,,,0.0,0.0,5.484375,0.0365564689183883,0.0,0.0,0.191953125,0.127947641214359,0.319900766214359,4187826,,,1.9022603489898952e-05,Information
432801,7840.0,708.7327031,CHN,China,Gansu,3.423893581,0.0,0.59,0.57,,,,,,,,,,,,,,,,,,,,,,,,,,0.2974720570641344,68.47787162,0.0,,,,,,,,,,,,,,,,,0.0,0.0,0.5625,0.0793670163040384,0.0,0.0,0.0196875,0.2777845570641344,0.2974720570641344,235150,,,1.5572189574666575e-06,Information
432803,7842.0,975.3578678,CHN,China,Qinghai,3.548042489,0.0,0.59,0.57,,,,,,,,,,,,,,,,,,,,,,,,,,0.3323047342146812,70.96084978,0.0,,,,,,,,,,,,,,,,,0.0,0.0,0.84375,0.0865067097756232,0.0,0.0,0.02953125,0.3027734842146812,0.3323047342146812,256196,,,3.904625309226072e-06,Information
432809,7848.0,661.179539,CHN,China,Qinghai,1.843076579,0.0,0.59,0.57,,,,,,,,,,,,,,,,,,,,,,,,,,1.825342087528657,36.861531580000005,0.0,,,,,,,,,,,,,,,,,0.0,0.0,3.234375,0.4891825607224734,0.0,0.0,0.113203125,1.712138962528657,1.825342087528657,0,,,0.0001973796320026,Information
432900,7849.0,10857.46451,CHN,China,Qinghai,1.400502519,0.0,0.59,0.57,,,,,,,,,,,,,,,,,,,,,,,,,,1.900464370871357,28.01005038,0.0,,,,,,,,,,,,,,,,,0.0,0.0,28.265625,0.2603335702489592,0.0,0.0,0.989296875,0.9111674958713571,1.900464370871357,44858,,,0.000139298882152,Information
432910,7850.0,1247.126236,CHN,China,Gansu,3.10860799,0.0,0.59,0.57,,,,,,,,,,,,,,,,,,,,,,,,,,2.973969679185664,62.1721598,0.0,,,,,,,,,,,,,,,,,0.0,0.0,9.421875,0.7554868726244753,0.0,0.0,0.329765625,2.644204054185664,2.973969679185664,148688,,,0.005492939107655,Information
432920,7851.0,25485.99227,CHN,China,Gansu,2.62142272,0.0,0.59,0.57,,,,,,,,,,,,,,,,,,,,,,,,,,1.8777447188655148,52.4284544,0.0,,,,,,,,,,,,,,,,,0.0,0.0,38.53125,0.1511859911044328,0.0,0.0,1.34859375,0.5291509688655147,1.8777447188655148,2190311,,,0.0006142839917074,Information
432930,7852.0,541.3076245,CHN,China,Gansu,0.364162911,0.0,0.59,0.57,,,,,,,,,,,,,,,,,,,,,,,,,,9.488905411828698,7.28325822,0.0,,,,,,,,,,,,,,,,,0.0,0.0,13.921875,2.571897081951057,0.0,0.0,0.487265625,9.001639786828699,9.488905411828698,47858,,,0.0113208832519006,Information
432940,7853.0,7215.017031,CHN,China,Gansu,3.278495041,0.0,0.59,0.57,,,,,,,,,,,,,,,,,,,,,,,,,,0.3523075340720565,65.56990082,0.0,,,,,,,,,,,,,,,,,0.0,0.0,4.21875,0.058471795449159,0.0,0.0,0.14765625,0.2046512840720565,0.3523075340720565,899997,,,2.300746046502973e-06,Information
432951,7855.0,5003.597857,CHN,China,Qinghai,2.559450056,0.0,0.59,0.57,,,,,,,,,,,,,,,,,,,,,,,,,,4.693217886477869,51.18900112,0.0,,,,,,,,,,,,,,,,,0.0,0.0,44.71875,0.8937318961365339,0.0,0.0,1.56515625,3.128061636477869,4.693217886477869,525269,,,0.0095945412924032,Information
432952,7856.0,4966.221554,CHN,China,Qinghai,3.892595978,0.0,0.59,0.57,,,,,,,,,,,,,,,,,,,,,,,,,,0.7564615102882077,77.85191956,0.0,,,,,,,,,,,,,,,,,0.0,0.0,7.171875,0.1444131100823451,0.0,0.0,0.251015625,0.5054458852882078,0.7564615102882077,117040,,,0.0003665991756883,Information
432953,7857.0,8970.72688,CHN,China,Qinghai,4.002214642,0.0,0.59,0.57,,,,,,,,,,,,,,,,,,,,,,,,,,6.401209375878501,80.04429284,0.0,,,,,,,,,,,,,,,,,0.0,0.0,86.484375,0.9640732145367148,0.0,0.0,3.026953125,3.374256250878502,6.401209375878501,303512,,,0.1277632405822141,Information
432955,7859.0,1175.789889,CHN,China,Qinghai,0.311113613,0.0,0.59,0.57,,,,,,,,,,,,,,,,,,,,,,,,,,11.929418301232536,6.22227226,0.0,,,,,,,,,,,,,,,,,0.0,0.0,35.859375,3.0498114789235813,0.0,0.0,1.255078125,10.674340176232535,11.929418301232536,3190,,,0.0196076809134305,Information
432957,7861.0,2120.692512,CHN,China,Qinghai,0.820869755,0.0,0.59,0.57,,,,,,,,,,,,,,,,,,,,,,,,,,9.14247268877722,16.4173951,0.0,,,,,,,,,,,,,,,,,0.0,0.0,45.703125,2.1551038039363486,0.0,0.0,1.599609375,7.54286331377722,9.14247268877722,45262,,,0.0134521138424589,Information
432958,7862.0,4003.464085,CHN,China,Qinghai,2.472459013,0.0,0.59,0.57,,,,,,,,,,,,,,,,,,,,,,,,,,0.4476138056133547,49.44918026,0.0,,,,,,,,,,,,,,,,,0.0,0.0,3.65625,0.0913271587466728,0.0,0.0,0.12796875,0.3196450556133547,0.4476138056133547,34104,,,1.1404082547635244e-06,Information
432959,7863.0,422.8215853,CHN,China,Qinghai,0.618818488,0.0,0.59,0.57,,,,,,,,,,,,,,,,,,,,,,,,,,22.93087027892582,12.37636976,0.0,,,,,,,,,,,,,,,,,0.0,0.0,26.578125,6.285895972550234,0.0,0.0,0.930234375,22.00063590392582,22.93087027892582,4211,,,0.0900305934506908,Information
432960,7864.0,6554.426462,CHN,China,Qinghai,2.285455968,0.0,0.59,0.57,,,,,,,,,,,,,,,,,,,,,,,,,,1.9268225561433832,45.70911936,0.0,,,,,,,,,,,,,,,,,0.0,0.0,21.796875,0.3325519803266809,0.0,0.0,0.762890625,1.1639319311433831,1.9268225561433832,2414,,,0.0004211844577259,Information
432970,7865.0,25994.82743,CHN,China,Qinghai,2.199683158,0.0,0.59,0.57,,,,,,,,,,,,,,,,,,,,,,,,,,1.0086615183808614,43.99366316,0.0,,,,,,,,,,,,,,,,,0.0,0.0,20.8125,0.0800640052516747,0.0,0.0,0.7284375,0.2802240183808615,1.0086615183808614,280160,,,2.9491793260018032e-05,Information
432991,7867.0,2633.15126,CHN,China,Gansu,0.364799944,0.0,0.59,0.57,,,,,,,,,,,,,,,,,,,,,,,,,,3.093411985534092,7.29599888,0.0,,,,,,,,,,,,,,,,,0.0,0.0,18.421875,0.6996132458668833,0.0,0.0,0.644765625,2.448646360534092,3.093411985534092,8405,,,0.0003367605531556,Information
432993,7869.0,40795.57871,CHN,China,Qinghai,2.478649123,0.0,0.59,0.57,,,,,,,,,,,,,,,,,,,,,,,,,,2.0529964631421485,49.57298246,0.0,,,,,,,,,,,,,,,,,0.0,0.0,47.109375,0.1154766680406138,0.0,0.0,1.648828125,0.4041683381421482,2.0529964631421485,141798,,,0.0006842191613247,Information
432994,7870.0,6390.478454,CHN,China,Qinghai,0.026038935,0.0,0.59,0.57,,,,,,,,,,,,,,,,,,,,,,,,,,0.3913366563040413,0.5207786999999999,0.0,,,,,,,,,,,,,,,,,0.0,0.0,4.359375,0.0682167232297261,0.0,0.0,0.152578125,0.2387585313040413,0.3913366563040413,2333,,,1.5285403343141167e-08,Information
432998,7874.0,3440.414221,CHN,China,Qinghai,1.188654311,0.0,0.59,0.57,,,,,,,,,,,,,,,,,,,,,,,,,,0.3845585705252469,23.773086220000003,0.0,,,,,,,,,,,,,,,,,0.0,0.0,2.8125,0.0817488772929277,0.0,0.0,0.0984375,0.2861210705252469,0.3845585705252469,1336,,,6.136792510146448e-08,Information
432999,7875.0,3087.476002,CHN,China,Qinghai,1.406590985,0.0,0.59,0.57,,,,,,,,,,,,,,,,,,,,,,,,,,0.730215305780121,28.1318197,0.0,,,,,,,,,,,,,,,,,0.0,0.0,4.921875,0.159414194508606,0.0,0.0,0.172265625,0.557949680780121,0.730215305780121,33,,,2.2242127872570844e-06,Information
433020,7877.0,10870.68826,CHN,China,Shandong,1.768030802,1.532073518,0.59,0.57,,,,,,,,,,,,,,,,,,,,,,,,,,14.901912282008064,35.36061604,30.64147036,,,,,,,,,,,,,,,,,0.0,0.0,221.765625,2.040032973430875,0.0,0.0,7.761796875,7.140115407008063,14.901912282008064,9068596,,,0.0711425635128674,Information
433030,7878.0,5921.423099,CHN,China,Shandong,1.492156758,1.345016861,0.59,0.57,,,,,,,,,,,,,,,,,,,,,,,,,,17.64072863097543,29.84313516,26.90033722,,,,,,,,,,,,,,,,,0.0,0.0,187.453125,3.1656769302786945,0.0,0.0,6.560859375,11.079869255975431,17.64072863097543,4287512,,,0.0837127894592599,Information
433040,7879.0,6611.510757,CHN,China,Shandong,0.739495831,1.568798445,0.59,0.57,,,,,,,,,,,,,,,,,,,,,,,,,,24.077143115176906,14.78991662,31.375968900000004,,,,,,,,,,,,,,,,,0.0,0.0,273.796875,4.1412149971934005,0.0,0.0,9.582890625,14.4942524901769,24.077143115176906,3357140,,,0.147462220142654,Information
433052,7881.0,3637.658689,CHN,China,Shandong,1.398518513,0.129454515,0.59,0.57,,,,,,,,,,,,,,,,,,,,,,,,,,21.017070110633885,27.97037026,2.5890903,,,,,,,,,,,,,,,,,0.0,0.0,160.171875,4.403158424466824,0.0,0.0,5.606015625,15.411054485633883,21.017070110633885,2036834,,,0.109022627703252,Information
433054,7883.0,2895.591321,CHN,China,Shandong,0.729264169,0.163772276,0.59,0.57,,,,,,,,,,,,,,,,,,,,,,,,,,12.866862978898816,14.58528338,3.27544552,,,,,,,,,,,,,,,,,0.0,0.0,82.546875,2.850777815399662,0.0,0.0,2.889140625,9.977722353898816,12.866862978898816,1083620,,,0.0291880343350243,Information
433055,7884.0,2093.67971,CHN,China,Shandong,0.764240045,2.540306795,0.59,0.57,,,,,,,,,,,,,,,,,,,,,,,,,,15.693430041323746,15.2848009,50.8061359,,,,,,,,,,,,,,,,,0.0,0.0,77.625,3.707587154663927,0.0,0.0,2.716875,12.976555041323746,15.693430041323746,4666940,,,0.1266175675291353,Information
433056,7885.0,6301.010178,CHN,China,Shandong,1.011974167,0.607849853,0.59,0.57,,,,,,,,,,,,,,,,,,,,,,,,,,26.4594285542574,20.23948334,12.156997060000002,,,,,,,,,,,,,,,,,0.0,0.0,292.21875,4.6376492297878285,0.0,0.0,10.22765625,16.2317723042574,26.4594285542574,3177968,,,0.1349232667780986,Information
433057,7886.0,6828.558576,CHN,China,Shandong,3.227718746,4.001858685,0.59,0.57,,,,,,,,,,,,,,,,,,,,,,,,,,6.258902136427549,64.55437492,80.03717370000001,,,,,,,,,,,,,,,,,0.0,0.0,72.5625,1.0626327532650142,0.0,0.0,2.5396875,3.71921463642755,6.258902136427549,4407563,,,0.1230514665152721,Information
433063,7891.0,1631.399277,CHN,China,Jiangsu,4.020071849,0.0,0.59,0.57,,,,,,,,,,,,,,,,,,,,,,,,,,8.772881987266548,80.40143698,0.0,,,,,,,,,,,,,,,,,0.0,0.0,35.15625,2.154975210647585,0.0,0.0,1.23046875,7.5424132372665476,8.772881987266548,997046,,,0.2107588797156672,Information
433064,7892.0,5956.81032,CHN,China,Shandong,0.158235138,0.0,0.59,0.57,,,,,,,,,,,,,,,,,,,,,,,,,,8.517171831059297,3.16470276,0.0,,,,,,,,,,,,,,,,,0.0,0.0,90.84375,1.525040166016942,0.0,0.0,3.17953125,5.337640581059297,8.517171831059297,3293968,,,0.0075301195393889,Information
433065,7893.0,216.0694856,CHN,China,Jiangsu,0.181214263,0.0,0.59,0.57,,,,,,,,,,,,,,,,,,,,,,,,,,19.547907087034183,3.62428526,0.0,,,,,,,,,,,,,,,,,0.0,0.0,11.8125,5.466991310581195,0.0,0.0,0.4134375,19.134469587034182,19.547907087034183,69879,,,0.0553129699445422,Information
433068,7896.0,8156.210267,CHN,China,Shandong,2.006168011,0.0,0.59,0.57,,,,,,,,,,,,,,,,,,,,,,,,,,10.04700702192018,40.12336022,0.0,,,,,,,,,,,,,,,,,0.0,0.0,128.953125,1.5810421848343372,0.0,0.0,4.513359375,5.53364764692018,10.04700702192018,5504281,,,0.0371297127483007,Information
433069,7897.0,13309.03341,CHN,China,Shandong,2.388347535,0.0,0.59,0.57,,,,,,,,,,,,,,,,,,,,,,,,,,25.032541275457472,47.7669507,0.0,,,,,,,,,,,,,,,,,0.0,0.0,408.375,3.0684046501307063,0.0,0.0,14.293125,10.739416275457472,25.032541275457472,10455537,,,0.2310057115122653,Information
434240,7905.0,13175.68039,CHN,China,Anhui,2.569665743,0.0,0.59,0.57,,,,,,,,,,,,,,,,,,,,,,,,,,7.583926714367598,51.39331486,0.0,,,,,,,,,,,,,,,,,0.0,0.0,123.1875,0.9349612041050278,0.0,0.0,4.3115625,3.272364214367597,7.583926714367598,7392106,,,0.0316036848584318,Information
434260,7907.0,15300.78744,CHN,China,Henan,2.252142239,0.0,0.59,0.57,,,,,,,,,,,,,,,,,,,,,,,,,,3.9472312861491328,45.04284478,0.0,,,,,,,,,,,,,,,,,0.0,0.0,68.203125,0.4457491174711808,0.0,0.0,2.387109375,1.560121911149133,3.9472312861491328,11157065,,,0.0042250004049018,Information
434281,7909.0,68.43812963,CHN,China,Anhui,2.359211272,0.0,0.59,0.57,,,,,,,,,,,,,,,,,,,,,,,,,,25.34326692570512,47.18422544,0.0,,,,,,,,,,,,,,,,,0.0,0.0,4.921875,7.19171465734432,0.0,0.0,0.172265625,25.17100130070512,25.34326692570512,17355,,,0.2313839288784614,Information
434284,7912.0,6795.570251,CHN,China,Henan,1.734321158,0.0,0.59,0.57,,,,,,,,,,,,,,,,,,,,,,,,,,36.956190461772366,34.68642316,0.0,,,,,,,,,,,,,,,,,0.0,0.0,427.21875,6.28672406050639,0.0,0.0,14.95265625,22.003534211772365,36.956190461772366,1734517,,,0.2845197111760676,Advisory
434285,7913.0,2414.616435,CHN,China,Henan,2.211902674,0.0,0.59,0.57,,,,,,,,,,,,,,,,,,,,,,,,,,52.09859375,44.238053480000005,0.0,,,,,,,,,,,,,,,,,0.0,0.0,488.53125,20.232250675950823,0.0,0.0,17.09859375,35.0,52.09859375,573535,,,0.472911238496515,Advisory
434286,7914.0,13162.14487,CHN,China,Henan,2.80004058,0.0,0.59,0.57,,,,,,,,,,,,,,,,,,,,,,,,,,1.3684841567640968,56.000811600000006,0.0,,,,,,,,,,,,,,,,,0.0,0.0,22.21875,0.1688079733611705,0.0,0.0,0.77765625,0.5908279067640968,1.3684841567640968,6875320,,,0.0002597765912995,Information
434287,7915.0,568.0621381,CHN,China,Henan,4.001174671,0.0,0.59,0.57,,,,,,,,,,,,,,,,,,,,,,,,,,5.219212140115505,80.02349342000001,0.0,,,,,,,,,,,,,,,,,0.0,0.0,8.015625,1.41104721860443,0.0,0.0,0.280546875,4.938665265115505,5.219212140115505,258011,,,0.0897638841419722,Information
434288,7916.0,2344.831824,CHN,China,Henan,0.378885475,0.0,0.59,0.57,,,,,,,,,,,,,,,,,,,,,,,,,,17.646198890380838,7.577709500000001,0.0,,,,,,,,,,,,,,,,,0.0,0.0,95.765625,4.0841148615373815,0.0,0.0,3.351796875,14.294402015380836,17.646198890380838,1027599,,,0.048876323594296,Information
434289,7917.0,13127.60784,CHN,China,Henan,1.129194269,0.0,0.59,0.57,,,,,,,,,,,,,,,,,,,,,,,,,,10.205920070045597,22.58388538,0.0,,,,,,,,,,,,,,,,,0.0,0.0,165.515625,1.2608209128701708,0.0,0.0,5.793046875,4.412873195045598,10.205920070045597,3271210,,,0.0213707636327302,Information
434291,7918.0,2009.901485,CHN,China,Anhui,4.025396442,0.0,0.59,0.57,,,,,,,,,,,,,,,,,,,,,,,,,,21.29285123949544,80.50792884,0.0,,,,,,,,,,,,,,,,,0.0,0.0,101.8125,5.065546782712984,0.0,0.0,3.5634375,17.729413739495442,21.29285123949544,1677692,,,0.5352061616583864,Advisory
434292,7919.0,4077.099901,CHN,China,Henan,2.631778299,0.0,0.59,0.57,,,,,,,,,,,,,,,,,,,,,,,,,,0.5438039999285985,52.63556598,0.0,,,,,,,,,,,,,,,,,0.0,0.0,4.5,0.110372571408171,0.0,0.0,0.1575,0.3863039999285985,0.5438039999285985,3005910,,,3.965502293303029e-06,Information
434293,7920.0,6344.880985,CHN,China,Henan,3.451697133,0.0,0.59,0.57,,,,,,,,,,,,,,,,,,,,,,,,,,1.267911270273351,69.03394266000001,0.0,,,,,,,,,,,,,,,,,0.0,0.0,14.0625,0.2216353629352432,0.0,0.0,0.4921875,0.7757237702733512,1.267911270273351,5064836,,,0.0006978936022564,Information
434294,7921.0,6092.235405,CHN,China,Henan,1.276661187,0.0,0.59,0.57,,,,,,,,,,,,,,,,,,,,,,,,,,0.6500403043444516,25.53322374,0.0,,,,,,,,,,,,,,,,,0.0,0.0,7.03125,0.1154133012412719,0.0,0.0,0.24609375,0.4039465543444516,0.6500403043444516,9453518,,,1.06294140899441e-06,Information
434296,7923.0,6958.013766,CHN,China,Henan,1.668227223,0.0,0.59,0.57,,,,,,,,,,,,,,,,,,,,,,,,,,0.299888828941716,33.36454446,0.0,,,,,,,,,,,,,,,,,0.0,0.0,3.515625,0.050526272554776,0.0,0.0,0.123046875,0.176841953941716,0.299888828941716,5848199,,,3.2661855841489945e-08,Information
434297,7924.0,3891.979407,CHN,China,Henan,3.724156876,0.0,0.59,0.57,,,,,,,,,,,,,,,,,,,,,,,,,,2.196009375777506,74.48313752,0.0,,,,,,,,,,,,,,,,,0.0,0.0,17.578125,0.4516500002221445,0.0,0.0,0.615234375,1.580775000777506,2.196009375777506,2560388,,,0.0070894717504216,Information
434298,7925.0,3583.042247,CHN,China,Henan,1.526058973,0.0,0.59,0.57,,,,,,,,,,,,,,,,,,,,,,,,,,0.8396305192667759,30.52117946,0.0,,,,,,,,,,,,,,,,,0.0,0.0,6.328125,0.1766131840762217,0.0,0.0,0.221484375,0.6181461442667759,0.8396305192667759,2356828,,,5.031498918044683e-06,Information
434299,7926.0,5268.453303,CHN,China,Henan,2.254315424,0.0,0.59,0.57,,,,,,,,,,,,,,,,,,,,,,,,,,1.3265555425006457,45.08630848,0.0,,,,,,,,,,,,,,,,,0.0,0.0,13.078125,0.2482346192858988,0.0,0.0,0.457734375,0.8688211675006458,1.3265555425006457,2660500,,,9.836577196225376e-05,Information
434423,7939.0,534.3657493,CHN,China,Jiangxi,4.025157255,0.0,0.59,0.57,,,,,,,,,,,,,,,,,,,,,,,,,,7.180126215062083,80.5031451,0.0,,,,,,,,,,,,,,,,,0.0,0.0,10.40625,1.947402132874881,0.0,0.0,0.36421875,6.815907465062083,7.180126215062083,13406,,,0.1589127983888482,Information
434424,7940.0,21103.98821,CHN,China,Jiangxi,2.649188877,0.0,0.59,0.57,,,,,,,,,,,,,,,,,,,,,,,,,,5.904818156486585,52.98377754,0.0,,,,,,,,,,,,,,,,,0.0,0.0,114.46875,0.5424034018533099,0.0,0.0,4.00640625,1.8984119064865848,5.904818156486585,6157138,,,0.0190060587143729,Information
434426,7942.0,2810.063116,CHN,China,Jiangxi,1.405712386,0.0,0.59,0.57,,,,,,,,,,,,,,,,,,,,,,,,,,3.163624189038547,28.11424772,0.0,,,,,,,,,,,,,,,,,0.0,0.0,19.828125,0.7056113754395849,0.0,0.0,0.693984375,2.469639814038547,3.163624189038547,510283,,,0.0008939950720947,Information
434460,7949.0,7873.510474,CHN,China,Jiangxi,1.641190887,0.0,0.59,0.57,,,,,,,,,,,,,,,,,,,,,,,,,,3.4189555604077526,32.82381774,0.0,,,,,,,,,,,,,,,,,0.0,0.0,43.03125,0.5465319458307865,0.0,0.0,1.50609375,1.9128618104077528,3.4189555604077526,2289236,,,0.0014507573521989,Information
434480,7951.0,9115.585978,CHN,China,Jiangxi,2.471678221,0.0,0.59,0.57,,,,,,,,,,,,,,,,,,,,,,,,,,0.9185940126679806,49.43356442,0.0,,,,,,,,,,,,,,,,,0.0,0.0,12.515625,0.1372991821908516,0.0,0.0,0.438046875,0.4805471376679806,0.9185940126679806,1889247,,,3.059177097873083e-05,Information
434491,7952.0,86.67032158,CHN,China,Jiangxi,1.472089094,0.0,0.59,0.57,,,,,,,,,,,,,,,,,,,,,,,,,,10.88332501889474,29.44178188,0.0,,,,,,,,,,,,,,,,,0.0,0.0,2.671875,3.082802683969925,0.0,0.0,0.093515625,10.78980939389474,10.88332501889474,50073,,,0.0307970552438603,Information
434492,7953.0,3081.584082,CHN,China,Jiangxi,2.105918148,0.0,0.59,0.57,,,,,,,,,,,,,,,,,,,,,,,,,,0.2507252891104542,42.118362960000006,0.0,,,,,,,,,,,,,,,,,0.0,0.0,1.6875,0.0547607968887012,0.0,0.0,0.0590625,0.1916627891104542,0.2507252891104542,189234,,,2.637279406076881e-08,Information
434494,7955.0,7742.069733,CHN,China,Jiangxi,2.060609316,0.0,0.59,0.57,,,,,,,,,,,,,,,,,,,,,,,,,,0.2255837327191619,41.21218632,0.0,,,,,,,,,,,,,,,,,0.0,0.0,2.8125,0.0363274950626177,0.0,0.0,0.0984375,0.1271462327191619,0.2255837327191619,2285361,,,1.3258912196754611e-08,Information
434495,7956.0,212.5551904,CHN,China,Jiangxi,2.351613787,0.0,0.59,0.57,,,,,,,,,,,,,,,,,,,,,,,,,,2.3647938206840124,47.03227574,0.0,,,,,,,,,,,,,,,,,0.0,0.0,1.40625,0.6615928773382892,0.0,0.0,0.04921875,2.3155750706840124,2.3647938206840124,397924,,,0.0009386342824641,Information
434496,7957.0,7842.263262,CHN,China,Jiangxi,2.15296958,0.0,0.59,0.57,,,,,,,,,,,,,,,,,,,,,,,,,,0.3023450548825193,43.059391600000005,0.0,,,,,,,,,,,,,,,,,0.0,0.0,3.796875,0.0484155513950055,0.0,0.0,0.132890625,0.1694544298825192,0.3023450548825193,1390386,,,8.107729072035059e-08,Information
434497,7958.0,4096.781195,CHN,China,Jiangxi,1.371977986,0.0,0.59,0.57,,,,,,,,,,,,,,,,,,,,,,,,,,2.2186002874926327,27.43955972,0.0,,,,,,,,,,,,,,,,,0.0,0.0,18.421875,0.4496670464264665,0.0,0.0,0.644765625,1.5738346624926327,2.2186002874926327,1492116,,,0.0002437399198802,Information
434498,7959.0,7795.490408,CHN,China,Jiangxi,3.49819988,0.0,0.59,0.57,,,,,,,,,,,,,,,,,,,,,,,,,,0.7078441522346981,69.9639976,0.0,,,,,,,,,,,,,,,,,0.0,0.0,8.859375,0.1136474363527709,0.0,0.0,0.310078125,0.3977660272346981,0.7078441522346981,1645342,,,8.915068171849375e-05,Information
434499,7960.0,7149.472103,CHN,China,Jiangxi,2.269720505,0.0,0.59,0.57,,,,,,,,,,,,,,,,,,,,,,,,,,0.7792042192767454,45.3944101,0.0,,,,,,,,,,,,,,,,,0.0,0.0,9.28125,0.129817276936213,0.0,0.0,0.32484375,0.4543604692767455,0.7792042192767454,1500502,,,1.070675148975674e-05,Information
434502,7962.0,5270.171772,CHN,China,Hubei,0.558857522,0.0,0.59,0.57,,,,,,,,,,,,,,,,,,,,,,,,,,14.76012656517958,11.177150440000002,0.0,,,,,,,,,,,,,,,,,0.0,0.0,145.546875,2.761710268622737,0.0,0.0,5.094140625,9.66598594017958,14.76012656517958,1033333,,,0.0363495965517317,Information
434503,7963.0,7635.14459,CHN,China,Hubei,1.391238933,0.0,0.59,0.57,,,,,,,,,,,,,,,,,,,,,,,,,,24.54397958472052,27.82477866,0.0,,,,,,,,,,,,,,,,,0.0,0.0,303.609375,3.9764718456344337,0.0,0.0,10.626328125,13.917651459720515,24.54397958472052,3309700,,,0.1403763067215861,Information
434504,7964.0,3325.928866,CHN,China,Hubei,1.080746696,0.0,0.59,0.57,,,,,,,,,,,,,,,,,,,,,,,,,,3.0566577368472574,21.61493392,0.0,,,,,,,,,,,,,,,,,0.0,0.0,21.796875,0.6553620319563592,0.0,0.0,0.762890625,2.293767111847257,3.0566577368472574,924299,,,0.0005886748853463,Information
434505,7965.0,216.216568,CHN,China,Hubei,0.164323121,0.0,0.59,0.57,,,,,,,,,,,,,,,,,,,,,,,,,,25.813962795224075,3.28646242,0.0,,,,,,,,,,,,,,,,,0.0,0.0,15.609375,7.219324191492593,0.0,0.0,0.546328125,25.26763467022408,25.813962795224075,413453,,,0.0932777182639255,Information
434506,7966.0,3239.509586,CHN,China,Hubei,0.429168355,0.0,0.59,0.57,,,,,,,,,,,,,,,,,,,,,,,,,,37.09233090324429,8.5833671,0.0,,,,,,,,,,,,,,,,,0.0,0.0,259.3125,8.004683829498369,0.0,0.0,9.0759375,28.01639340324429,37.09233090324429,1276073,,,0.1835238635987023,Advisory
434507,7967.0,130.6238542,CHN,China,Hubei,1.139952902,0.0,0.59,0.57,,,,,,,,,,,,,,,,,,,,,,,,,,35.506953125,22.79905804,0.0,,,,,,,,,,,,,,,,,0.0,0.0,14.484375,11.088614010173355,0.0,0.0,0.506953125,35.0,35.506953125,70599,,,0.2186728745453214,Advisory
434509,7969.0,7332.390682,CHN,China,Hubei,1.24333478,0.0,0.59,0.57,,,,,,,,,,,,,,,,,,,,,,,,,,27.026677692680025,24.8666956,0.0,,,,,,,,,,,,,,,,,0.0,0.0,326.671875,4.455189162194293,0.0,0.0,11.433515625,15.593162067680026,27.026677692680025,6636959,,,0.1532864697534512,Information
434620,7971.0,19505.50819,CHN,China,Hubei,2.264973503,0.0,0.59,0.57,,,,,,,,,,,,,,,,,,,,,,,,,,1.8166289695608235,45.29947006,0.0,,,,,,,,,,,,,,,,,0.0,0.0,34.3125,0.1759118484459496,0.0,0.0,1.2009375,0.6156914695608235,1.8166289695608235,6290912,,,0.0003309525476858,Information
434630,7972.0,14994.85656,CHN,China,Hubei,3.102611413,0.0,0.59,0.57,,,,,,,,,,,,,,,,,,,,,,,,,,7.744812484433778,62.05222826,0.0,,,,,,,,,,,,,,,,,0.0,0.0,132.75,0.8853035669810793,0.0,0.0,4.64625,3.0985624844337774,7.744812484433778,4880602,,,0.0560090311396266,Information
434650,7974.0,11746.7646,CHN,China,Hubei,3.625017643,0.0,0.59,0.57,,,,,,,,,,,,,,,,,,,,,,,,,,2.833787997663329,72.50035286,0.0,,,,,,,,,,,,,,,,,0.0,0.0,43.734375,0.3723099636180939,0.0,0.0,1.530703125,1.3030848726633286,2.833787997663329,3320313,,,0.011526389149399,Information
434670,7976.0,4563.275531,CHN,China,Hubei,2.283125868,0.0,0.59,0.57,,,,,,,,,,,,,,,,,,,,,,,,,,18.99062485178208,45.66251736,0.0,,,,,,,,,,,,,,,,,0.0,0.0,170.015625,3.7257365647948784,0.0,0.0,5.950546875,13.040077976782074,18.99062485178208,1287108,,,0.1465675651109228,Information
434680,7977.0,12505.30492,CHN,China,Hubei,1.254061105,0.0,0.59,0.57,,,,,,,,,,,,,,,,,,,,,,,,,,2.551018941960644,25.0812221,0.0,,,,,,,,,,,,,,,,,0.0,0.0,40.5,0.3238625548458982,0.0,0.0,1.4175,1.1335189419606435,2.551018941960644,932500,,,0.0003625456029316,Information
434691,7978.0,4217.261738,CHN,China,Hubei,1.170358366,0.0,0.59,0.57,,,,,,,,,,,,,,,,,,,,,,,,,,3.2853464437540407,23.407167320000003,0.0,,,,,,,,,,,,,,,,,0.0,0.0,27.84375,0.6602329125011545,0.0,0.0,0.97453125,2.3108151937540407,3.2853464437540407,542039,,,0.0008190629767891,Information
434692,7979.0,5663.936201,CHN,China,Shaanxi,1.422697168,0.0,0.59,0.57,,,,,,,,,,,,,,,,,,,,,,,,,,0.4083517182181583,28.45394336,0.0,,,,,,,,,,,,,,,,,0.0,0.0,4.21875,0.0744844194909024,0.0,0.0,0.14765625,0.2606954682181583,0.4083517182181583,349023,,,1.195989775983066e-07,Information
434693,7980.0,2722.467804,CHN,China,Shaanxi,1.354600865,0.0,0.59,0.57,,,,,,,,,,,,,,,,,,,,,,,,,,2.2310583161094963,27.0920173,0.0,,,,,,,,,,,,,,,,,0.0,0.0,13.640625,0.5010389831741417,0.0,0.0,0.477421875,1.7536364411094962,2.2310583161094963,108107,,,0.0002444896056773,Information
434695,7982.0,10809.52098,CHN,China,Shaanxi,2.867270878,0.0,0.59,0.57,,,,,,,,,,,,,,,,,,,,,,,,,,2.36878815575098,57.34541756,0.0,,,,,,,,,,,,,,,,,0.0,0.0,35.15625,0.3252341159288514,0.0,0.0,1.23046875,1.1383194057509798,2.36878815575098,1468434,,,0.0019215805877841,Information
434696,7983.0,4913.496002,CHN,China,Chongqing,2.691021116,0.0,0.59,0.57,,,,,,,,,,,,,,,,,,,,,,,,,,0.2390228484281295,53.82042232,0.0,,,,,,,,,,,,,,,,,0.0,0.0,2.25,0.045792242408037,0.0,0.0,0.07875,0.1602728484281295,0.2390228484281295,382729,,,7.057940175761608e-08,Information
434697,7984.0,18353.47591,CHN,China,Shaanxi,3.277593828,0.0,0.59,0.57,,,,,,,,,,,,,,,,,,,,,,,,,,2.752498758425326,65.55187656,0.0,,,,,,,,,,,,,,,,,0.0,0.0,50.90625,0.2773657166929504,0.0,0.0,1.78171875,0.9707800084253264,2.752498758425326,2630781,,,0.0057529696875607,Information
434698,7985.0,4623.136506,CHN,China,Shaanxi,2.389423973,0.0,0.59,0.57,,,,,,,,,,,,,,,,,,,,,,,,,,0.3736333542298727,47.78847946,0.0,,,,,,,,,,,,,,,,,0.0,0.0,3.375,0.0730023869228208,0.0,0.0,0.118125,0.2555083542298728,0.3736333542298727,569518,,,3.910468521521481e-07,Information
434830,7998.0,1136.831401,CHN,China,Hunan,3.705171293,0.0,0.59,0.57,,,,,,,,,,,,,,,,,,,,,,,,,,7.136049917681809,74.10342586,0.0,,,,,,,,,,,,,,,,,0.0,0.0,20.8125,1.8307464050519453,0.0,0.0,0.7284375,6.407612417681809,7.136049917681809,278610,,,0.0987075094279869,Information
434850,8000.0,563.5374326,CHN,China,Hunan,2.375701168,0.0,0.59,0.57,,,,,,,,,,,,,,,,,,,,,,,,,,7.10408111323582,47.51402336,0.0,,,,,,,,,,,,,,,,,0.0,0.0,10.828125,1.92145621092452,0.0,0.0,0.378984375,6.72509673823582,7.10408111323582,231340,,,0.0227567953255066,Information
434894,8007.0,4227.084441,CHN,China,Hunan,2.632583061,0.0,0.59,0.57,,,,,,,,,,,,,,,,,,,,,,,,,,0.1987864653670133,52.65166122,0.0,,,,,,,,,,,,,,,,,0.0,0.0,1.6875,0.0399211329620038,0.0,0.0,0.0590625,0.1397239653670133,0.1987864653670133,379958,,,2.2117037142892063e-08,Information
434912,8014.0,7341.188709,CHN,China,Hubei,3.373286552,0.0,0.59,0.57,,,,,,,,,,,,,,,,,,,,,,,,,,1.7439511479797565,67.46573104000001,0.0,,,,,,,,,,,,,,,,,0.0,0.0,21.09375,0.2873342565656447,0.0,0.0,0.73828125,1.0056698979797565,1.7439511479797565,715003,,,0.0017159786917555,Information
434913,8015.0,2080.218855,CHN,China,Hubei,2.932944883,0.0,0.59,0.57,,,,,,,,,,,,,,,,,,,,,,,,,,2.029339470573566,58.65889766,0.0,,,,,,,,,,,,,,,,,0.0,0.0,9.984375,0.4799675273067332,0.0,0.0,0.349453125,1.6798863455735662,2.029339470573566,798072,,,0.0012885151252105,Information
434914,8016.0,16982.11646,CHN,China,Hubei,2.280859478,0.0,0.59,0.57,,,,,,,,,,,,,,,,,,,,,,,,,,1.1026403731040086,45.61718956,0.0,,,,,,,,,,,,,,,,,0.0,0.0,19.828125,0.1167588566011453,0.0,0.0,0.693984375,0.4086559981040085,1.1026403731040086,2489872,,,4.842708642218396e-05,Information
434915,8017.0,13387.7585,CHN,China,Hubei,1.509700932,0.0,0.59,0.57,,,,,,,,,,,,,,,,,,,,,,,,,,4.445307968292475,30.194018640000003,0.0,,,,,,,,,,,,,,,,,0.0,0.0,72.703125,0.5430567409407071,0.0,0.0,2.544609375,1.900698593292475,4.445307968292475,2247897,,,0.0029447529067099,Information
434916,8018.0,4418.161663,CHN,China,Chongqing,2.017947707,0.0,0.59,0.57,,,,,,,,,,,,,,,,,,,,,,,,,,2.296862012533654,40.35895414,0.0,,,,,,,,,,,,,,,,,0.0,0.0,20.109375,0.4551525392953298,0.0,0.0,0.703828125,1.5930338875336545,2.296862012533654,547195,,,0.0005633786146816,Information
434917,8019.0,11604.46056,CHN,China,Chongqing,0.86693408,0.0,0.59,0.57,,,,,,,,,,,,,,,,,,,,,,,,,,6.001922037942871,17.3386816,0.0,,,,,,,,,,,,,,,,,0.0,0.0,92.109375,0.7937411179836775,0.0,0.0,3.223828125,2.7780939129428712,6.001922037942871,1799571,,,0.0043621609118961,Information
434918,8020.0,5177.337887,CHN,China,Chongqing,1.84145695,0.0,0.59,0.57,,,,,,,,,,,,,,,,,,,,,,,,,,4.342963396138973,36.829139,0.0,,,,,,,,,,,,,,,,,0.0,0.0,42.328125,0.8175654346111354,0.0,0.0,1.481484375,2.861479021138974,4.342963396138973,1541877,,,0.0037110601436743,Information
434919,8021.0,9759.495686,CHN,China,Chongqing,2.000015129,0.0,0.59,0.57,,,,,,,,,,,,,,,,,,,,,,,,,,11.091089855288622,40.00030258,0.0,,,,,,,,,,,,,,,,,0.0,0.0,156.515625,1.6037265657967492,0.0,0.0,5.478046875,5.613042980288622,11.091089855288622,3152867,,,0.0456866663823979,Information
434921,8022.0,4300.273008,CHN,China,Chongqing,1.461022596,0.0,0.59,0.57,,,,,,,,,,,,,,,,,,,,,,,,,,1.1620832170164517,29.22045192,0.0,,,,,,,,,,,,,,,,,0.0,0.0,9.984375,0.2321800262904148,0.0,0.0,0.349453125,0.8126300920164518,1.1620832170164517,956372,,,1.9838217052207464e-05,Information
434924,8025.0,5361.809927,CHN,China,Chongqing,1.934580311,0.0,0.59,0.57,,,,,,,,,,,,,,,,,,,,,,,,,,0.1974192911923561,38.69160622,0.0,,,,,,,,,,,,,,,,,0.0,0.0,1.96875,0.0367180117692446,0.0,0.0,0.06890625,0.1285130411923561,0.1974192911923561,508383,,,4.780389513759537e-09,Information
434930,8031.0,11162.27943,CHN,China,Chongqing,1.586676529,0.0,0.59,0.57,,,,,,,,,,,,,,,,,,,,,,,,,,7.1010863042482,31.73353058,0.0,,,,,,,,,,,,,,,,,0.0,0.0,107.015625,0.9587255512137712,0.0,0.0,3.745546875,3.3555394292481995,7.1010863042482,5065080,,,0.0118125768636231,Information
434941,8032.0,2363.35897,CHN,China,Chongqing,3.185875091,0.0,0.59,0.57,,,,,,,,,,,,,,,,,,,,,,,,,,5.278265461701658,63.71750182,0.0,,,,,,,,,,,,,,,,,0.0,0.0,28.828125,1.219794596200474,0.0,0.0,1.008984375,4.269281086701659,5.278265461701658,3402000,,,0.0269438646859996,Information
434943,8034.0,28.31585448,CHN,China,Chongqing,4.02159049,0.0,0.59,0.57,,,,,,,,,,,,,,,,,,,,,,,,,,35.172265625,80.43180980000001,0.0,3.0,,,,,,,,,,,,,,,,0.0,0.0,4.921875,17.382046528209194,0.0,0.0,0.172265625,35.0,35.172265625,85404,9051.0,10.597864268652522,0.721180693015265,Watch
434944,8035.0,39003.11136,CHN,China,Sichuan,1.85429834,0.0,0.59,0.57,,,,,,,,,,,,,,,,,,,,,,,,,,5.206754174999654,37.0859668,0.0,,,,,,,,,,,,,,,,,0.0,0.0,118.40625,0.303581549999901,0.0,0.0,4.14421875,1.0625354249996537,5.206754174999654,11261266,,,0.0063546540723574,Information
434947,8038.0,7003.523707,CHN,China,Sichuan,3.321376611,0.0,0.59,0.57,,,,,,,,,,,,,,,,,,,,,,,,,,2.4018670560266653,66.42753221999999,0.0,,,,,,,,,,,,,,,,,0.0,0.0,28.265625,0.4035914802933329,0.0,0.0,0.989296875,1.412570181026665,2.4018670560266653,637324,,,0.0041764744819871,Information
434949,8040.0,16981.20054,CHN,China,Gansu,3.928462596,0.0,0.59,0.57,,,,,,,,,,,,,,,,,,,,,,,,,,0.2737105284932431,78.56925192,0.0,,,,,,,,,,,,,,,,,0.0,0.0,4.921875,0.0289842581409266,0.0,0.0,0.172265625,0.1014449034932431,0.2737105284932431,868249,,,6.4879554875335575e-06,Information
434951,8041.0,1262.886983,CHN,China,Chongqing,1.339099019,0.0,0.59,0.57,,,,,,,,,,,,,,,,,,,,,,,,,,6.58426160815999,26.78198038,0.0,,,,,,,,,,,,,,,,,0.0,0.0,21.09375,1.6702801023314255,0.0,0.0,0.73828125,5.84598035815999,6.58426160815999,2825940,,,0.0080034240854064,Information
434953,8043.0,4863.02959,CHN,China,Chongqing,0.592480144,0.0,0.59,0.57,,,,,,,,,,,,,,,,,,,,,,,,,,5.0092792597054245,11.84960288,0.0,,,,,,,,,,,,,,,,,0.0,0.0,46.828125,0.9629413956301214,0.0,0.0,1.638984375,3.370294884705425,5.0092792597054245,2422730,,,0.002066994779813,Information
434955,8045.0,1072.39535,CHN,China,Sichuan,2.0322318,0.0,0.59,0.57,,,,,,,,,,,,,,,,,,,,,,,,,,13.16185208490568,40.644636,0.0,,,,,,,,,,,,,,,,,0.0,0.0,36.421875,3.396310417115908,0.0,0.0,1.274765625,11.887086459905678,13.16185208490568,796704,,,0.0660053734406239,Information
434957,8047.0,7616.572959,CHN,China,Sichuan,2.291382916,0.0,0.59,0.57,,,,,,,,,,,,,,,,,,,,,,,,,,5.566744121582871,45.82765832,0.0,,,,,,,,,,,,,,,,,0.0,0.0,68.765625,0.9028420704522488,0.0,0.0,2.406796875,3.159947246582871,5.566744121582871,2591551,,,0.0114421674552898,Information
434958,8048.0,4778.627923,CHN,China,Sichuan,1.487254212,0.0,0.59,0.57,,,,,,,,,,,,,,,,,,,,,,,,,,0.1826596934929119,29.74508424,0.0,,,,,,,,,,,,,,,,,0.0,0.0,1.6875,0.0353134838551177,0.0,0.0,0.0590625,0.1235971934929119,0.1826596934929119,1325425,,,1.3223179929267087e-09,Information
434959,8049.0,48.49539393,CHN,China,Sichuan,2.477648528,0.0,0.59,0.57,,,,,,,,,,,,,,,,,,,,,,,,,,11.218216347634144,49.55297056,0.0,,,,,,,,,,,,,,,,,0.0,0.0,1.546875,3.189735920752612,0.0,0.0,0.054140625,11.164075722634143,11.218216347634144,89013,,,0.0663699030031798,Information
434969,8058.0,16061.23903,CHN,China,Sichuan,2.127252515,0.0,0.59,0.57,,,,,,,,,,,,,,,,,,,,,,,,,,0.6229327965876088,42.5450503,0.0,,,,,,,,,,,,,,,,,0.0,0.0,10.96875,0.0682932990250311,0.0,0.0,0.38390625,0.2390265465876088,0.6229327965876088,140945,,,3.029531259643897e-06,Information
434971,8059.0,234.5432399,CHN,China,Sichuan,4.010235063,0.0,0.59,0.57,,,,,,,,,,,,,,,,,,,,,,,,,,10.953333249120108,80.20470126,0.0,,,,,,,,,,,,,,,,,0.0,0.0,7.171875,3.0578050354628874,0.0,0.0,0.251015625,10.702317624120106,10.953333249120108,329228,,,0.2769920419770084,Information
434973,8061.0,11192.77106,CHN,China,Sichuan,2.045683098,0.0,0.59,0.57,,,,,,,,,,,,,,,,,,,,,,,,,,6.886921680787703,40.91366196,0.0,,,,,,,,,,,,,,,,,0.0,0.0,103.921875,0.9284731587964864,0.0,0.0,3.637265625,3.2496560557877023,6.886921680787703,1834759,,,0.0158023219340714,Information
434978,8066.0,9307.709981,CHN,China,Yunnan,3.311682972,0.0,0.59,0.57,,,,,,,,,,,,,,,,,,,,,,,,,,2.572877118576608,66.23365944,0.0,,,,,,,,,,,,,,,,,0.0,0.0,35.4375,0.3807327481647452,0.0,0.0,1.2403125,1.3325646185766082,2.572877118576608,1798017,,,0.0050201294415137,Information
434981,8068.0,216.0500346,CHN,China,Sichuan,2.580835259,0.0,0.59,0.57,,,,,,,,,,,,,,,,,,,,,,,,,,6.283809565144784,51.61670518,0.0,,,,,,,,,,,,,,,,,0.0,0.0,3.796875,1.7574054114699384,0.0,0.0,0.132890625,6.150918940144784,6.283809565144784,55258,,,0.0206165593404876,Information
434984,8071.0,19155.95338,CHN,China,Sichuan,3.429748132,0.0,0.59,0.57,,,,,,,,,,,,,,,,,,,,,,,,,,1.6780390911174243,68.59496263999999,0.0,,,,,,,,,,,,,,,,,0.0,0.0,31.5,0.1644397403192641,0.0,0.0,1.1025,0.5755390911174243,1.6780390911174243,483585,,,0.0016984000813782,Information
434985,8072.0,5755.982673,CHN,China,Sichuan,1.221605504,0.0,0.59,0.57,,,,,,,,,,,,,,,,,,,,,,,,,,0.821838403465714,24.43211008,0.0,,,,,,,,,,,,,,,,,0.0,0.0,8.578125,0.1490297224187754,0.0,0.0,0.300234375,0.521604028465714,0.821838403465714,42794,,,3.073879053040896e-06,Information
434986,8073.0,5882.18523,CHN,China,Sichuan,2.413339184,0.0,0.59,0.57,,,,,,,,,,,,,,,,,,,,,,,,,,1.6744519339905088,48.26678368,0.0,,,,,,,,,,,,,,,,,0.0,0.0,17.71875,0.3012273382830025,0.0,0.0,0.62015625,1.0542956839905089,1.6744519339905088,46767,,,0.0003011082687585,Information
434987,8074.0,7881.627552,CHN,China,Sichuan,1.153705908,0.0,0.59,0.57,,,,,,,,,,,,,,,,,,,,,,,,,,1.0496622293688118,23.07411816,0.0,,,,,,,,,,,,,,,,,0.0,0.0,13.21875,0.1677159941053748,0.0,0.0,0.46265625,0.5870059793688118,1.0496622293688118,56983,,,8.759348609145412e-06,Information
434988,8075.0,19259.91081,CHN,China,Sichuan,3.552639008,0.0,0.59,0.57,,,,,,,,,,,,,,,,,,,,,,,,,,0.7626925038477196,71.05278016,0.0,,,,,,,,,,,,,,,,,0.0,0.0,14.34375,0.0744746439564913,0.0,0.0,0.50203125,0.2606612538477195,0.7626925038477196,163412,,,0.0001382511275307,Information
434989,8076.0,44357.22602,CHN,China,Sichuan,2.599271742,0.0,0.59,0.57,,,,,,,,,,,,,,,,,,,,,,,,,,1.6888128232755435,51.98543484,0.0,,,,,,,,,,,,,,,,,0.0,0.0,39.375,0.0887679495072982,0.0,0.0,1.378125,0.3106878232755437,1.6888128232755435,333175,,,0.0004077514265358,Information
434990,8077.0,9227.359126,CHN,China,Qinghai,1.388524069,0.0,0.59,0.57,,,,,,,,,,,,,,,,,,,,,,,,,,11.281464457534677,27.77048138,0.0,,,,,,,,,,,,,,,,,0.0,0.0,154.6875,1.6764005592956217,0.0,0.0,5.4140625,5.867401957534676,11.281464457534677,0,,,0.0316777962347063,Information
434992,8079.0,13886.89279,CHN,China,Sichuan,1.581548093,0.0,0.59,0.57,,,,,,,,,,,,,,,,,,,,,,,,,,0.6603584815590218,31.630961860000003,0.0,,,,,,,,,,,,,,,,,0.0,0.0,10.96875,0.0789863518740062,0.0,0.0,0.38390625,0.2764522315590217,0.6603584815590218,43080,,,1.7429523112465188e-06,Information
434993,8080.0,16465.86829,CHN,China,Yunnan,4.017156261,0.0,0.59,0.57,,,,,,,,,,,,,,,,,,,,,,,,,,2.0331303004429504,80.34312522,0.0,,,,,,,,,,,,,,,,,0.0,0.0,36.140625,0.2194881215551287,0.0,0.0,1.264921875,0.7682084254429504,2.0331303004429504,297874,,,0.0116387089775467,Information
434994,8081.0,12234.48146,CHN,China,Sichuan,2.426259316,0.0,0.59,0.57,,,,,,,,,,,,,,,,,,,,,,,,,,0.2683448549434411,48.52518632,0.0,,,,,,,,,,,,,,,,,0.0,0.0,4.21875,0.0344824585552689,0.0,0.0,0.14765625,0.1206886049434411,0.2683448549434411,65797,,,7.33814754297269e-08,Information
434996,8083.0,22354.91601,CHN,China,Qinghai,1.417131526,0.0,0.59,0.57,,,,,,,,,,,,,,,,,,,,,,,,,,12.288161583680814,28.34263052,0.0,,,,,,,,,,,,,,,,,0.0,0.0,242.578125,1.0851220596230902,0.0,0.0,8.490234375,3.7979272086808153,12.288161583680814,11073,,,0.0389283514164698,Information
434998,8085.0,31087.90753,CHN,China,Qinghai,1.491591326,0.0,0.59,0.57,,,,,,,,,,,,,,,,,,,,,,,,,,2.998845132891118,29.83182652,0.0,,,,,,,,,,,,,,,,,0.0,0.0,64.828125,0.2085316451117479,0.0,0.0,2.268984375,0.7298607578911177,2.998845132891118,3099,,,0.0008089296429439,Information
434999,8086.0,19248.6739,CHN,China,Qinghai,2.060854388,0.0,0.59,0.57,,,,,,,,,,,,,,,,,,,,,,,,,,11.87644449470498,41.21708776,0.0,,,,,,,,,,,,,,,,,0.0,0.0,223.3125,1.1601448556299945,0.0,0.0,7.8159375,4.060506994704981,11.87644449470498,1646,,,0.0548776215823776,Information
435044,8093.0,3437.283062,CHN,China,Zhejiang,3.526927487,0.0,0.59,0.57,,,,,,,,,,,,,,,,,,,,,,,,,,1.904855087798775,70.53854974000001,0.0,,,,,,,,,,,,,,,,,0.0,0.0,13.921875,0.40502556079965,0.0,0.0,0.487265625,1.417589462798775,1.904855087798775,352731,,,0.0030843500562635,Information
435081,8102.0,842.8905866,CHN,China,Fujian,1.87243547,0.0,0.59,0.57,,,,,,,,,,,,,,,,,,,,,,,,,,2.7858461467081472,37.4487094,0.0,,,,,,,,,,,,,,,,,0.0,0.0,6.1875,0.7340810419166136,0.0,0.0,0.2165625,2.5692836467081475,2.7858461467081472,3065705,,,0.0009309015911264,Information
435082,8103.0,4917.984182,CHN,China,Fujian,2.539316256,0.0,0.59,0.57,,,,,,,,,,,,,,,,,,,,,,,,,,0.4031042330121439,50.78632512,0.0,,,,,,,,,,,,,,,,,0.0,0.0,3.796875,0.0772038880034697,0.0,0.0,0.132890625,0.2702136080121439,0.4031042330121439,713077,,,7.747960367434527e-07,Information
435084,8105.0,5458.049128,CHN,China,Fujian,1.717778394,0.0,0.59,0.57,,,,,,,,,,,,,,,,,,,,,,,,,,1.0594035280042078,34.35556788,0.0,,,,,,,,,,,,,,,,,0.0,0.0,10.6875,0.1958117222869165,0.0,0.0,0.3740625,0.6853410280042078,1.0594035280042078,602666,,,1.841255891079271e-05,Information
435087,8108.0,390.0088872,CHN,China,Fujian,0.395785623,0.0,0.59,0.57,,,,,,,,,,,,,,,,,,,,,,,,,,3.015781212623561,7.91571246,0.0,,,,,,,,,,,,,,,,,0.0,0.0,3.234375,0.8293080250353031,0.0,0.0,0.113203125,2.902578087623561,3.015781212623561,135329,,,0.0003144372064513,Information
435088,8109.0,13725.73097,CHN,China,Fujian,2.775671044,0.0,0.59,0.57,,,,,,,,,,,,,,,,,,,,,,,,,,2.867111613524263,55.51342088,0.0,,,,,,,,,,,,,,,,,0.0,0.0,47.390625,0.345268496721218,0.0,0.0,1.658671875,1.2084397385242631,2.867111613524263,989175,,,0.0030544100932605,Information
435089,8110.0,11882.01709,CHN,China,Fujian,3.075941137,0.0,0.59,0.57,,,,,,,,,,,,,,,,,,,,,,,,,,1.0605072010570873,61.518822740000005,0.0,,,,,,,,,,,,,,,,,0.0,0.0,16.453125,0.1384708074448821,0.0,0.0,0.575859375,0.4846478260570873,1.0605072010570873,1566585,,,0.0001644393463459,Information
435090,8111.0,3408.858735,CHN,China,Fujian,2.72615682,3.238619229,0.59,0.57,,,,,,,,,,,,,,,,,,,,,,,,,,20.23157444781665,54.5231364,64.77238458000001,,,,,,,,,,,,,,,,,0.0,0.0,146.953125,4.310918592233329,0.0,0.0,5.143359375,15.088215072816652,20.23157444781665,2597946,,,0.2895889922423954,Information
436101,8112.0,26.57183808,CHN,China,Fujian,0.060689876,4.00107633,0.59,0.57,,,,,,,,,,,,,,,,,,,,,,,,,,3.714423753513992,1.21379752,80.0215266,,,,,,,,,,,,,,,,,0.0,0.0,0.28125,1.0584514295754262,0.0,0.0,0.00984375,3.704580003513992,3.714423753513992,33296,,,0.0462425685764144,Information
436104,8115.0,5616.130236,CHN,China,Fujian,1.821985611,2.683031872,0.59,0.57,,,,,,,,,,,,,,,,,,,,,,,,,,0.7390274868478387,36.43971222,53.66063744,,,,,,,,,,,,,,,,,0.0,0.0,7.59375,0.1352132105279539,0.0,0.0,0.26578125,0.4732462368478387,0.7390274868478387,4257962,,,1.7485903447313254e-05,Information
436105,8116.0,2806.671083,CHN,China,Fujian,1.430690501,3.041224033,0.59,0.57,,,,,,,,,,,,,,,,,,,,,,,,,,7.635794508346434,28.61381002,60.824480660000006,,,,,,,,,,,,,,,,,0.0,0.0,47.8125,1.7035305738132671,0.0,0.0,1.6734375,5.962357008346435,7.635794508346434,8827856,,,0.0510030348896641,Information
436106,8117.0,13854.64319,CHN,China,Fujian,3.062931839,3.102605894,0.59,0.57,,,,,,,,,,,,,,,,,,,,,,,,,,0.3220266066985741,61.25863678,62.05211788,,,,,,,,,,,,,,,,,0.0,0.0,5.34375,0.0385701019138783,0.0,0.0,0.18703125,0.134995356698574,0.3220266066985741,3309345,,,9.241762306794272e-07,Information
436107,8118.0,5725.747971,CHN,China,Fujian,1.209575325,2.788927738,0.59,0.57,,,,,,,,,,,,,,,,,,,,,,,,,,1.3923450905616217,24.191506500000003,55.77855476,,,,,,,,,,,,,,,,,0.0,0.0,14.484375,0.2529691330176061,0.0,0.0,0.506953125,0.8853919655616214,1.3923450905616217,2557888,,,0.0002718781595176,Information
436108,8119.0,1340.801918,CHN,China,Guangdong,0.055796595,3.1544224,0.59,0.57,,,,,,,,,,,,,,,,,,,,,,,,,,0.2081515870580944,1.1159319,63.088448,,,,,,,,,,,,,,,,,0.0,0.0,0.703125,0.0524406320165984,0.0,0.0,0.024609375,0.1835422120580944,0.2081515870580944,535338,,,1.121306565172402e-07,Information
436109,8120.0,893.4501677,CHN,China,Guangdong,2.903787699,4.012805763,0.59,0.57,,,,,,,,,,,,,,,,,,,,,,,,,,3.480596584888587,58.07575398,80.25611526,,,,,,,,,,,,,,,,,0.0,0.0,8.15625,0.9128936671110248,0.0,0.0,0.28546875,3.195127834888587,3.480596584888587,885251,,,0.0413137455987973,Information
436200,8121.0,29462.26464,CHN,China,Guangdong,1.618709651,3.142209712,0.59,0.57,,,,,,,,,,,,,,,,,,,,,,,,,,0.7713159639559776,32.37419302,62.84419424,,,,,,,,,,,,,,,,,0.0,0.0,16.453125,0.0558447397017079,0.0,0.0,0.575859375,0.1954565889559776,0.7713159639559776,7147936,,,5.3361145141682994e-05,Information
436401,8122.0,442.2668855,CHN,China,Guangdong,2.584954405,4.00945539,0.59,0.57,,,,,,,,,,,,,,,,,,,,,,,,,,7.437396234917658,51.6990881,80.1891078,,,,,,,,,,,,,,,,,0.0,0.0,9.0,2.0349703528336165,0.0,0.0,0.315,7.122396234917658,7.437396234917658,1721688,,,0.1636143780184899,Information
436402,8123.0,3686.04585,CHN,China,Guangdong,2.023410828,2.678027825,0.59,0.57,,,,,,,,,,,,,,,,,,,,,,,,,,1.5350662501194932,40.46821656,53.5605565,,,,,,,,,,,,,,,,,0.0,0.0,11.8125,0.3204653571769981,0.0,0.0,0.4134375,1.1216287501194933,1.5350662501194932,1240950,,,0.0003253201700414,Information
436403,8124.0,4060.924896,CHN,China,Guangdong,2.296184393,2.318525094,0.59,0.57,,,,,,,,,,,,,,,,,,,,,,,,,,5.606804441807448,45.92368786,46.37050188,,,,,,,,,,,,,,,,,0.0,0.0,46.265625,1.1392878762306995,0.0,0.0,1.619296875,3.987507566807448,5.606804441807448,10346116,,,0.0119691420185654,Information
436404,8125.0,4113.082329,CHN,China,Guangdong,0.980781496,0.0,0.59,0.57,,,,,,,,,,,,,,,,,,,,,,,,,,1.7732678950937455,19.61562992,0.0,,,,,,,,,,,,,,,,,0.0,0.0,14.765625,0.3589917200267844,0.0,0.0,0.516796875,1.2564710200937454,1.7732678950937455,4840908,,,6.836893980762902e-05,Information
436405,8126.0,5240.869093,CHN,China,Guangdong,2.697763847,0.0,0.59,0.57,,,,,,,,,,,,,,,,,,,,,,,,,,0.4723358837680661,53.955276940000005,0.0,,,,,,,,,,,,,,,,,0.0,0.0,4.640625,0.0885468596480189,0.0,0.0,0.162421875,0.3099140087680661,0.4723358837680661,1803680,,,2.328460559701271e-06,Information
436406,8127.0,5833.747072,CHN,China,Guangdong,2.611069822,0.0,0.59,0.57,,,,,,,,,,,,,,,,,,,,,,,,,,1.282442553570597,52.22139644000001,0.0,,,,,,,,,,,,,,,,,0.0,0.0,13.5,0.2314121581630277,0.0,0.0,0.4725,0.809942553570597,1.282442553570597,1069496,,,0.0001485523752483,Information
436407,8128.0,4878.241382,CHN,China,Guangdong,2.763028896,0.0,0.59,0.57,,,,,,,,,,,,,,,,,,,,,,,,,,0.255192446533928,55.26057792,0.0,,,,,,,,,,,,,,,,,0.0,0.0,2.390625,0.0490058775811223,0.0,0.0,0.083671875,0.171520571533928,0.255192446533928,1290577,,,1.1920020854522057e-07,Information
436500,8131.0,8141.378696,CHN,China,Guangdong,2.066375494,4.004380635,0.59,0.57,,,,,,,,,,,,,,,,,,,,,,,,,,16.473005569665123,41.32750988,80.08761270000001,,,,,,,,,,,,,,,,,0.0,0.0,211.21875,2.594385519904321,0.0,0.0,7.39265625,9.080349319665125,16.473005569665123,24634952,,,0.4248038485889387,Advisory
436610,8132.0,2893.201986,CHN,China,Guangdong,1.935357618,4.007802538,0.59,0.57,,,,,,,,,,,,,,,,,,,,,,,,,,15.243946512448396,38.70715236,80.15605076,,,,,,,,,,,,,,,,,0.0,0.0,97.734375,3.3780695392709705,0.0,0.0,3.420703125,11.823243387448397,15.243946512448396,3508156,,,0.3959991276552759,Advisory
436621,8133.0,601.7074692,CHN,China,Guangdong,2.87624459,2.503404502,0.59,0.57,,,,,,,,,,,,,,,,,,,,,,,,,,0.9539237882072568,57.524891800000006,50.06809004,,,,,,,,,,,,,,,,,0.0,0.0,1.546875,0.2570809037735019,0.0,0.0,0.054140625,0.8997831632072566,0.9539237882072568,2106122,,,7.349816118540046e-05,Information
436622,8134.0,7355.725744,CHN,China,Guangdong,1.952488257,0.0,0.59,0.57,,,,,,,,,,,,,,,,,,,,,,,,,,0.8942080091681839,39.04976514,0.0,,,,,,,,,,,,,,,,,0.0,0.0,10.828125,0.1472067526194811,0.0,0.0,0.378984375,0.5152236341681838,0.8942080091681839,1903792,,,1.2113946482183577e-05,Information
436623,8135.0,6192.769213,CHN,China,Guangdong,2.027196896,0.0,0.59,0.57,,,,,,,,,,,,,,,,,,,,,,,,,,0.8365273934582523,40.54393792,0.0,,,,,,,,,,,,,,,,,0.0,0.0,9.140625,0.1476015767023578,0.0,0.0,0.319921875,0.5166055184582523,0.8365273934582523,2455308,,,1.005195577570252e-05,Information
436624,8136.0,10154.2915,CHN,China,Guangdong,3.006042252,0.0,0.59,0.57,,,,,,,,,,,,,,,,,,,,,,,,,,0.5568309219282656,60.12084504,0.0,,,,,,,,,,,,,,,,,0.0,0.0,8.015625,0.0789382991223616,0.0,0.0,0.280546875,0.2762840469282656,0.5568309219282656,1122820,,,9.714773341039471e-06,Information
436625,8137.0,384.9366251,CHN,China,Guangdong,2.915990907,0.0,0.59,0.57,,,,,,,,,,,,,,,,,,,,,,,,,,1.9917574719724864,58.31981814,0.0,,,,,,,,,,,,,,,,,0.0,0.0,2.109375,0.5479798134207104,0.0,0.0,0.073828125,1.9179293469724863,1.9917574719724864,294317,,,0.0011789364199215,Information
436626,8138.0,4842.246237,CHN,China,Guangdong,1.354252963,0.0,0.59,0.57,,,,,,,,,,,,,,,,,,,,,,,,,,0.2262948137764107,27.08505926,0.0,,,,,,,,,,,,,,,,,0.0,0.0,2.109375,0.0435619110789745,0.0,0.0,0.073828125,0.1524666887764107,0.2262948137764107,767067,,,3.842853553100291e-09,Information
436627,8139.0,3632.088111,CHN,China,Guangdong,2.211182845,0.0,0.59,0.57,,,,,,,,,,,,,,,,,,,,,,,,,,1.884242348977544,44.2236569,0.0,,,,,,,,,,,,,,,,,0.0,0.0,14.34375,0.3949174568507269,0.0,0.0,0.50203125,1.382211098977544,1.884242348977544,1060667,,,0.0003522472521443,Information
436628,8140.0,7589.824315,CHN,China,Guangdong,1.373821658,0.0,0.59,0.57,,,,,,,,,,,,,,,,,,,,,,,,,,0.3079811402624449,27.47643316,0.0,,,,,,,,,,,,,,,,,0.0,0.0,3.796875,0.0500258615035557,0.0,0.0,0.132890625,0.1750905152624449,0.3079811402624449,948646,,,2.3589354756845383e-08,Information
436631,8142.0,6917.910626,CHN,China,Guangdong,2.149587399,0.021316009,0.59,0.57,,,,,,,,,,,,,,,,,,,,,,,,,,1.2036559282731334,42.99174798,0.42632018,,,,,,,,,,,,,,,,,0.0,0.0,14.0625,0.2032766937923238,0.0,0.0,0.4921875,0.7114684282731333,1.2036559282731334,2643960,,,5.719849971407217e-05,Information
436632,8143.0,4502.830661,CHN,China,Guangdong,1.379015904,0.0,0.59,0.57,,,,,,,,,,,,,,,,,,,,,,,,,,1.315757437342152,27.58031808,0.0,,,,,,,,,,,,,,,,,0.0,0.0,11.671875,0.259211946383472,0.0,0.0,0.408515625,0.907241812342152,1.315757437342152,1421843,,,3.060905692686155e-05,Information
436633,8144.0,1814.125982,CHN,China,Guangdong,2.669296156,0.0,0.59,0.57,,,,,,,,,,,,,,,,,,,,,,,,,,5.9297510761673,53.38592312,0.0,,,,,,,,,,,,,,,,,0.0,0.0,26.015625,1.434058343190657,0.0,0.0,0.910546875,5.0192042011673,5.9297510761673,477024,,,0.0196076603785709,Information
436634,8145.0,11623.04321,CHN,China,Guangxi,1.534219068,0.0,0.59,0.57,,,,,,,,,,,,,,,,,,,,,,,,,,3.442828493259986,30.684381360000003,0.0,,,,,,,,,,,,,,,,,0.0,0.0,52.875,0.4549152837885675,0.0,0.0,1.850625,1.5922034932599862,3.442828493259986,1909096,,,0.0013394015020648,Information
436635,8146.0,200.9223833,CHN,China,Guangxi,3.657305147,0.0,0.59,0.57,,,,,,,,,,,,,,,,,,,,,,,,,,7.24669027286895,73.14610294,0.0,,,,,,,,,,,,,,,,,0.0,0.0,4.078125,2.0297016851054144,0.0,0.0,0.142734375,7.10395589786895,7.24669027286895,85850,,,0.0951205682323454,Information
436636,8147.0,18833.77631,CHN,China,Guangxi,2.654978053,0.0,0.59,0.57,,,,,,,,,,,,,,,,,,,,,,,,,,4.769780642632805,53.09956106,0.0,,,,,,,,,,,,,,,,,0.0,0.0,89.015625,0.4726382193236584,0.0,0.0,3.115546875,1.6542337676328045,4.769780642632805,3794205,,,0.0111351256033267,Information
436637,8148.0,2236.26021,CHN,China,Guangxi,2.284992612,0.0,0.59,0.57,,,,,,,,,,,,,,,,,,,,,,,,,,4.22821049300905,45.69985224,0.0,,,,,,,,,,,,,,,,,0.0,0.0,22.078125,0.9872788908597288,0.0,0.0,0.772734375,3.4554761180090505,4.22821049300905,906902,,,0.0053438381326358,Information
436638,8149.0,9339.922636,CHN,China,Guangxi,2.353800225,0.0,0.59,0.57,,,,,,,,,,,,,,,,,,,,,,,,,,0.5707291574379545,47.0760045,0.0,,,,,,,,,,,,,,,,,0.0,0.0,7.875,0.0843154735537013,0.0,0.0,0.275625,0.2951041574379545,0.5707291574379545,2730316,,,2.9534119118563144e-06,Information
436639,8150.0,8362.761595,CHN,China,Guangxi,2.059116306,0.0,0.59,0.57,,,,,,,,,,,,,,,,,,,,,,,,,,7.424643346196595,41.18232612,0.0,,,,,,,,,,,,,,,,,0.0,0.0,96.609375,1.155232920341884,0.0,0.0,3.381328125,4.043315221196594,7.424643346196595,2372283,,,0.019243140716631,Information
436641,8152.0,17026.8197,CHN,China,Guangxi,2.246177808,0.0,0.59,0.57,,,,,,,,,,,,,,,,,,,,,,,,,,8.14066167592014,44.92355616,0.0,,,,,,,,,,,,,,,,,0.0,0.0,146.53125,0.8605908359771828,0.0,0.0,5.12859375,3.01206792592014,8.14066167592014,7421256,,,0.0279476768701157,Information
436643,8154.0,550.5067753,CHN,China,Guangxi,2.134858736,0.0,0.59,0.57,,,,,,,,,,,,,,,,,,,,,,,,,,0.848953184232015,42.69717472,0.0,,,,,,,,,,,,,,,,,0.0,0.0,1.265625,0.2299018026377186,0.0,0.0,0.044296875,0.804656309232015,0.848953184232015,109688,,,1.2650308903204544e-05,Information
436644,8155.0,3938.284292,CHN,China,Guangxi,1.462457675,0.0,0.59,0.57,,,,,,,,,,,,,,,,,,,,,,,,,,0.2961295565383295,29.2491535,0.0,,,,,,,,,,,,,,,,,0.0,0.0,2.390625,0.060702194725237,0.0,0.0,0.083671875,0.2124576815383295,0.2961295565383295,684355,,,2.173731081828815e-08,Information
436645,8156.0,16712.09719,CHN,China,Guangxi,2.584409798,0.0,0.59,0.57,,,,,,,,,,,,,,,,,,,,,,,,,,6.4666511161772,51.68819596,0.0,,,,,,,,,,,,,,,,,0.0,0.0,115.59375,0.691677104622057,0.0,0.0,4.04578125,2.4208698661771995,6.4666511161772,2376346,,,0.0221618016041551,Information
436646,8157.0,3368.838569,CHN,China,Yunnan,2.695373923,0.0,0.59,0.57,,,,,,,,,,,,,,,,,,,,,,,,,,0.5664245343496537,53.90747846,0.0,,,,,,,,,,,,,,,,,0.0,0.0,4.078125,0.1210543312427582,0.0,0.0,0.142734375,0.4236901593496537,0.5664245343496537,385861,,,5.435984894481877e-06,Information
436647,8158.0,1682.717988,CHN,China,Yunnan,1.626955508,0.0,0.59,0.57,,,,,,,,,,,,,,,,,,,,,,,,,,3.793028576216117,32.53911016,0.0,,,,,,,,,,,,,,,,,0.0,0.0,15.609375,0.927628700347462,0.0,0.0,0.546328125,3.246700451216117,3.793028576216117,75029,,,0.001998596193167,Information
436648,8159.0,5429.343254,CHN,China,Yunnan,3.262403703,0.0,0.59,0.57,,,,,,,,,,,,,,,,,,,,,,,,,,0.7413214913224127,65.24807406,0.0,,,,,,,,,,,,,,,,,0.0,0.0,7.453125,0.1372748903778322,0.0,0.0,0.260859375,0.4804621163224126,0.7413214913224127,628424,,,5.9651035766976175e-05,Information
436649,8160.0,5800.977015,CHN,China,Guangxi,1.414772418,0.0,0.59,0.57,,,,,,,,,,,,,,,,,,,,,,,,,,0.3753802401468556,28.29544836,0.0,,,,,,,,,,,,,,,,,0.0,0.0,3.9375,0.0678764971848159,0.0,0.0,0.1378125,0.2375677401468556,0.3753802401468556,329021,,,7.507721215735485e-08,Information
436650,8161.0,2929.079508,CHN,China,Guangxi,1.823670516,0.0,0.59,0.57,,,,,,,,,,,,,,,,,,,,,,,,,,8.320813720386067,36.47341032,0.0,,,,,,,,,,,,,,,,,0.0,0.0,53.859375,1.838781598681733,0.0,0.0,1.885078125,6.435735595386066,8.320813720386067,548011,,,0.0210414964516665,Information
436661,8162.0,3906.74048,CHN,China,Guangxi,1.186804318,0.0,0.59,0.57,,,,,,,,,,,,,,,,,,,,,,,,,,1.1913799312880746,23.73608636,0.0,,,,,,,,,,,,,,,,,0.0,0.0,9.5625,0.244769266082307,0.0,0.0,0.3346875,0.8566924312880745,1.1913799312880746,451154,,,1.5976065354026357e-05,Information
436662,8163.0,7635.184349,CHN,China,Guangxi,1.793998794,0.0,0.59,0.57,,,,,,,,,,,,,,,,,,,,,,,,,,1.955327477084652,35.87997588,0.0,,,,,,,,,,,,,,,,,0.0,0.0,24.1875,0.3167899934527575,0.0,0.0,0.8465625,1.1087649770846513,1.955327477084652,983833,,,0.0002413304798952,Information
436663,8164.0,2199.366522,CHN,China,Guangxi,1.102927616,0.0,0.59,0.57,,,,,,,,,,,,,,,,,,,,,,,,,,4.258874550996773,22.058552320000004,0.0,,,,,,,,,,,,,,,,,0.0,0.0,21.9375,0.9974463002847924,0.0,0.0,0.7678125,3.4910620509967734,4.258874550996773,2149688,,,0.001824840506095,Information
436665,8166.0,9150.509507,CHN,China,Guangxi,1.931442361,0.0,0.59,0.57,,,,,,,,,,,,,,,,,,,,,,,,,,2.904790025256136,38.62884722,0.0,,,,,,,,,,,,,,,,,0.0,0.0,39.65625,0.4333775072160388,0.0,0.0,1.38796875,1.516821275256136,2.904790025256136,1161499,,,0.0011420037123363,Information
436666,8167.0,5085.02924,CHN,China,Guangxi,2.801595501,0.0,0.59,0.57,,,,,,,,,,,,,,,,,,,,,,,,,,0.2482173889995131,56.03191002,0.0,,,,,,,,,,,,,,,,,0.0,0.0,2.390625,0.0470130039998609,0.0,0.0,0.083671875,0.1645455139995131,0.2482173889995131,550621,,,1.1279277149218974e-07,Information
436671,8172.0,4282.909288,CHN,China,Guangxi,0.890221714,0.0,0.59,0.57,,,,,,,,,,,,,,,,,,,,,,,,,,0.8863436576953669,17.804434280000002,0.0,,,,,,,,,,,,,,,,,0.0,0.0,7.59375,0.1773035450558191,0.0,0.0,0.26578125,0.6205624076953669,0.8863436576953669,809485,,,2.952649717347197e-06,Information
436672,8173.0,4136.787792,CHN,China,Guangxi,1.582029608,0.0,0.59,0.57,,,,,,,,,,,,,,,,,,,,,,,,,,1.2278376198473164,31.64059216,0.0,,,,,,,,,,,,,,,,,0.0,0.0,10.265625,0.2481544985278047,0.0,0.0,0.359296875,0.8685407448473164,1.2278376198473164,1242363,,,2.915784566614441e-05,Information
436673,8174.0,3995.539274,CHN,China,Guangxi,1.072505889,0.0,0.59,0.57,,,,,,,,,,,,,,,,,,,,,,,,,,0.6378910918831447,21.450117780000003,0.0,,,,,,,,,,,,,,,,,0.0,0.0,5.203125,0.1302233476808985,0.0,0.0,0.182109375,0.4557817168831447,0.6378910918831447,532188,,,7.422106670879534e-07,Information
436674,8175.0,4074.187271,CHN,China,Guangxi,3.297006361,0.0,0.59,0.57,,,,,,,,,,,,,,,,,,,,,,,,,,0.2040300630363145,65.94012722000001,0.0,,,,,,,,,,,,,,,,,0.0,0.0,1.6875,0.0414193037246613,0.0,0.0,0.0590625,0.1449675630363145,0.2040300630363145,268007,,,1.547175489336096e-07,Information
436677,8178.0,12.75942711,CHN,China,Guizhou,4.000705876,0.0,0.59,0.57,,,,,,,,,,,,,,,,,,,,,,,,,,19.31181935747927,80.01411751999999,0.0,,,,,,,,,,,,,,,,,0.0,0.0,0.703125,5.510631423565505,0.0,0.0,0.024609375,19.28720998247927,19.31181935747927,4443,,,0.4863154386994399,Advisory
436678,8179.0,8863.651709,CHN,China,Guizhou,1.464301441,0.0,0.59,0.57,,,,,,,,,,,,,,,,,,,,,,,,,,1.1522225002136983,29.28602882,0.0,,,,,,,,,,,,,,,,,0.0,0.0,15.46875,0.1745189286324853,0.0,0.0,0.54140625,0.6108162502136986,1.1522225002136983,1032135,,,1.919592615993534e-05,Information
436679,8180.0,3543.094064,CHN,China,Guizhou,2.126293658,0.0,0.59,0.57,,,,,,,,,,,,,,,,,,,,,,,,,,10.51665434883121,42.52587316,0.0,,,,,,,,,,,,,,,,,0.0,0.0,78.609375,2.2186646353803456,0.0,0.0,2.751328125,7.7653262238312095,10.51665434883121,283673,,,0.0447185273581647,Information
436691,8183.0,11931.33596,CHN,China,Guangxi,1.525072527,0.0,0.59,0.57,,,,,,,,,,,,,,,,,,,,,,,,,,6.975269163927354,30.50145054,0.0,,,,,,,,,,,,,,,,,0.0,0.0,108.421875,0.9087152968363869,0.0,0.0,3.794765625,3.180503538927354,6.975269163927354,1628368,,,0.0107543162980231,Information
436693,8185.0,930.8733915,CHN,China,Yunnan,4.052475223,0.0,0.59,0.57,,,,,,,,,,,,,,,,,,,,,,,,,,1.6182769891833853,81.04950446000001,0.0,,,,,,,,,,,,,,,,,0.0,0.0,3.9375,0.4229898540523958,0.0,0.0,0.1378125,1.4804644891833854,1.6182769891833853,362025,,,0.0069377956255729,Information
436694,8186.0,5117.223891,CHN,China,Yunnan,0.556189716,0.0,0.59,0.57,,,,,,,,,,,,,,,,,,,,,,,,,,2.224639463218488,11.12379432,0.0,,,,,,,,,,,,,,,,,0.0,0.0,21.515625,0.4204550252052823,0.0,0.0,0.753046875,1.471592588218488,2.224639463218488,675700,,,0.0001131675193607,Information
436701,8192.0,1556.986521,CHN,China,Guangdong,2.216367667,4.017069776,0.59,0.57,,,,,,,,,,,,,,,,,,,,,,,,,,41.0834375,44.32735334,80.34139551999999,3.0,,,,,,,,,,,,,,,,0.0,0.0,173.8125,11.163391440895488,0.0,0.0,6.0834375,35.0,41.0834375,1416051,48616.0,3.433209679594874,0.769466168800963,Watch
436702,8193.0,5111.221444,CHN,China,Guangdong,2.165602078,4.002089392,0.59,0.57,,,,,,,,,,,,,,,,,,,,,,,,,,5.878774715754593,43.31204156,80.04178784000001,,,,,,,,,,,,,,,,,0.0,0.0,56.8125,1.1115249187870266,0.0,0.0,1.9884375,3.8903372157545935,5.878774715754593,2492485,,,0.1107985479959231,Information
436703,16145.0,12583.17025,CHN,China,Guangdong,2.233659019,4.006780867,0.59,0.57,,,,,,,,,,,,,,,,,,,,,,,,,,15.670362072594711,44.673180380000005,80.13561734,,,,,,,,,,,,,,,,,0.0,0.0,249.46875,1.9825588064556323,0.0,0.0,8.73140625,6.938955822594713,15.670362072594711,4333605,,,0.4062674387857512,Advisory
436704,8194.0,8978.781597,CHN,China,Guangdong,1.435396908,3.086983269,0.59,0.57,,,,,,,,,,,,,,,,,,,,,,,,,,2.111920364927818,28.70793816,61.739665380000005,,,,,,,,,,,,,,,,,0.0,0.0,28.546875,0.3179370685508054,0.0,0.0,0.999140625,1.1127797399278188,2.111920364927818,5837709,,,0.0018848535977528,Information
436706,8195.0,9286.6422,CHN,China,Guangxi,1.165687241,2.055120913,0.59,0.57,,,,,,,,,,,,,,,,,,,,,,,,,,5.100691248331556,23.313744820000004,41.10241826,,,,,,,,,,,,,,,,,0.0,0.0,70.171875,0.7556216066661587,0.0,0.0,2.456015625,2.644675623331556,5.100691248331556,4474087,,,0.0072140613583074,Information
436707,8196.0,19246.07756,CHN,China,Guangxi,3.305264706,4.014458347,0.59,0.57,,,,,,,,,,,,,,,,,,,,,,,,,,16.70856468531855,66.10529412,80.28916694,,,,,,,,,,,,,,,,,0.0,0.0,314.15625,1.6323131243767282,0.0,0.0,10.99546875,5.713095935318549,16.70856468531855,6357471,,,0.4343748090624058,Advisory
436708,8197.0,13685.09532,VNM,Vietnam,L?ng Son,4.025747732,4.010633967,0.56,0.61,,,,,,,,,,,,,,,,,,,,,,,,,,2.785515905634858,80.51495464,80.21267934000001,,,,,,,,,,,,,,,,,0.0,0.0,45.984375,0.3360179373242451,0.0,0.0,1.609453125,1.176062780634858,2.785515905634858,6283288,,,0.0258746037837109,Information
436709,8198.0,2835.096983,VNM,Vietnam,Thái Bình,4.170516416,4.115968585,0.56,0.61,,,,,,,,,,,,,,,,,,,,,,,,,,9.158063204359136,83.41032831999999,82.3193717,,,,,,,,,,,,,,,,,0.0,0.0,57.796875,2.038620736959753,0.0,0.0,2.022890625,7.135172579359136,9.158063204359136,3090159,,,0.2762073676533624,Information
436810,8199.0,4017.247836,VNM,Vietnam,Hanoi,4.036940724,4.035185706,0.56,0.61,,,,,,,,,,,,,,,,,,,,,,,,,,11.523574837537948,80.73881448,80.70371412,,,,,,,,,,,,,,,,,0.0,0.0,94.359375,2.348856203582271,0.0,0.0,3.302578125,8.220996712537948,11.523574837537948,4690478,,,0.3037319126103841,Information
436821,8200.0,719.5988219,VNM,Vietnam,Phú Th?,4.038812207,0.0,0.56,0.61,,,,,,,,,,,,,,,,,,,,,,,,,,7.991810296376525,80.77624414,0.0,,,,,,,,,,,,,,,,,0.0,0.0,15.328125,2.130093120393293,0.0,0.0,0.536484375,7.455325921376525,7.991810296376525,436275,,,0.1900452672653035,Information
436822,8201.0,6308.441828,VNM,Vietnam,Hà Giang,2.331577965,0.0,0.56,0.61,,,,,,,,,,,,,,,,,,,,,,,,,,4.835089779431042,46.631559300000006,0.0,,,,,,,,,,,,,,,,,0.0,0.0,53.4375,0.8470792226945835,0.0,0.0,1.8703125,2.964777279431042,4.835089779431042,892412,,,0.0081680247018458,Information
436824,8203.0,15512.86066,VNM,Vietnam,Hà Giang,4.035444444,0.0,0.56,0.61,,,,,,,,,,,,,,,,,,,,,,,,,,4.419676559608599,80.70888888,0.0,,,,,,,,,,,,,,,,,0.0,0.0,76.78125,0.4949522313167425,0.0,0.0,2.68734375,1.7323328096085988,4.419676559608599,1202722,,,0.0702976364132455,Information
436825,8204.0,1035.377803,VNM,Vietnam,Tuyên Quang,4.377299109,0.0,0.56,0.61,,,,,,,,,,,,,,,,,,,,,,,,,,0.8918007987803207,87.54598218,0.0,,,,,,,,,,,,,,,,,0.0,0.0,2.390625,0.2308939782229488,0.0,0.0,0.083671875,0.8081289237803208,0.8918007987803207,148607,,,0.0041876214761277,Information
436826,8205.0,1412.719822,VNM,Vietnam,Hà Giang,4.12301328,0.0,0.56,0.61,,,,,,,,,,,,,,,,,,,,,,,,,,0.675946958061078,82.46026560000001,0.0,,,,,,,,,,,,,,,,,0.0,0.0,2.390625,0.1692214523031651,0.0,0.0,0.083671875,0.5922750830610779,0.675946958061078,141365,,,0.0005647508808134,Information
436827,8206.0,1747.173312,VNM,Vietnam,Hà Giang,4.258625555,0.0,0.56,0.61,,,,,,,,,,,,,,,,,,,,,,,,,,1.5553417383369692,85.17251110000001,0.0,,,,,,,,,,,,,,,,,0.0,0.0,6.609375,0.3782896038105626,0.0,0.0,0.231328125,1.324013613336969,1.5553417383369692,197849,,,0.0120733342748914,Information
436828,8207.0,2347.9994,CHN,China,Yunnan,3.064737561,0.0,0.59,0.57,,,,,,,,,,,,,,,,,,,,,,,,,,0.1811870849931229,61.29475122,0.0,,,,,,,,,,,,,,,,,0.0,0.0,0.984375,0.0419239885694637,0.0,0.0,0.034453125,0.1467339599931229,0.1811870849931229,241366,,,4.0654300962397456e-08,Information
436829,8208.0,6416.005924,CHN,China,Yunnan,3.03538895,0.0,0.59,0.57,,,,,,,,,,,,,,,,,,,,,,,,,,1.9015610408738768,60.707779,0.0,,,,,,,,,,,,,,,,,0.0,0.0,21.234375,0.3309594045353935,0.0,0.0,0.743203125,1.1583579158738773,1.9015610408738768,929228,,,0.0012294598364185,Information
436830,8209.0,100.5477979,VNM,Vietnam,Phú Th?,4.058000634,0.0,0.56,0.61,,,,,,,,,,,,,,,,,,,,,,,,,,35.40359375,81.16001268,0.0,3.0,,,,,,,,,,,,,,,,0.0,0.0,11.53125,11.468426203014312,0.0,0.0,0.40359375,35.0,35.40359375,156244,7257.0,4.644658354880828,0.7359247252572944,Watch
436843,8212.0,7606.430928,CHN,China,Yunnan,1.881967479,0.0,0.59,0.57,,,,,,,,,,,,,,,,,,,,,,,,,,1.5152092820819805,37.63934958,0.0,,,,,,,,,,,,,,,,,0.0,0.0,18.703125,0.2458856877377087,0.0,0.0,0.654609375,0.8605999070819804,1.5152092820819805,1026102,,,0.000100649414094,Information
436844,8213.0,4046.040799,CHN,China,Yunnan,1.141366006,0.0,0.59,0.57,,,,,,,,,,,,,,,,,,,,,,,,,,0.3417308944099809,22.82732012,0.0,,,,,,,,,,,,,,,,,0.0,0.0,2.8125,0.0695123984028517,0.0,0.0,0.0984375,0.2432933944099809,0.3417308944099809,208118,,,2.9836675532471814e-08,Information
436846,8215.0,9548.344386,CHN,China,Yunnan,0.860282173,0.0,0.59,0.57,,,,,,,,,,,,,,,,,,,,,,,,,,0.362756319930885,17.20564346,0.0,,,,,,,,,,,,,,,,,0.0,0.0,5.0625,0.0530196628373957,0.0,0.0,0.1771875,0.1855688199308849,0.362756319930885,900392,,,2.8116481717600416e-08,Information
436860,8220.0,6354.718881,CHN,China,Yunnan,3.599530165,0.0,0.59,0.57,,,,,,,,,,,,,,,,,,,,,,,,,,1.3047116639085123,71.9906033,0.0,,,,,,,,,,,,,,,,,0.0,0.0,14.484375,0.2279310111167178,0.0,0.0,0.506953125,0.7977585389085122,1.3047116639085123,585940,,,0.0010826940359998,Information
436880,8222.0,7108.195526,CHN,China,Yunnan,0.223468732,0.0,0.59,0.57,,,,,,,,,,,,,,,,,,,,,,,,,,0.5330745306231961,4.46937464,0.0,,,,,,,,,,,,,,,,,0.0,0.0,6.328125,0.0890257587494846,0.0,0.0,0.221484375,0.3115901556231961,0.5330745306231961,696431,,,1.0597409988265339e-07,Information
441010,8230.0,137.8442651,VNM,Vietnam,Thanh Hóa,2.344745087,4.047158663,0.56,0.61,,,,,,,,,,,,,,,,,,,,,,,,,,36.225546875,46.89490174,80.94317326000001,3.0,,,,,,,,,,,,,,,,0.0,0.0,35.015625,25.402308151844267,0.0,0.0,1.225546875,35.0,36.225546875,163944,15091.0,9.20497242961011,0.7396735125599501,Watch
441020,8231.0,29662.16467,LAO,Laos,Houaphan,4.041464078,3.640691446,0.52,0.67,,,,,,,,,,,,,,,,,,,,,,,,,,2.520594159045665,80.82928156,72.81382891999999,,,,,,,,,,,,,,,,,0.0,0.0,53.859375,0.181576009727333,0.0,0.0,1.885078125,0.6355160340456656,2.520594159045665,2450737,,,0.0212347792218338,Information
441030,8232.0,3935.311285,VNM,Vietnam,Ngh? An,4.045455582,4.001022334,0.56,0.61,,,,,,,,,,,,,,,,,,,,,,,,,,33.41106167517975,80.90911163999999,80.02044667999999,3.0,,,,,,,,,,,,,,,,0.0,0.0,269.578125,6.850236371479928,0.0,0.0,9.435234375,23.97582730017975,33.41106167517975,2187813,137090.0,6.266074842776782,0.7121497248844835,Watch
441055,8238.0,2472.083651,VNM,Vietnam,Qu?ng Nam,4.018937029,2.197614649,0.56,0.61,,,,,,,,,,,,,,,,,,,,,,,,,,15.345989880134749,80.37874058,43.95229298,,,,,,,,,,,,,,,,,0.0,0.0,86.90625,3.515506037181357,0.0,0.0,3.04171875,12.30427113013475,15.345989880134749,902242,,,0.4029342249580856,Advisory
441056,8239.0,3534.652499,VNM,Vietnam,Qu?ng Ngãi,4.01253426,1.154564649,0.56,0.61,,,,,,,,,,,,,,,,,,,,,,,,,,0.3580837120464527,80.25068519999999,23.09129298,,,,,,,,,,,,,,,,,0.0,0.0,2.671875,0.0755908820132722,0.0,0.0,0.093515625,0.2645680870464527,0.3580837120464527,490920,,,3.03455826613106e-05,Information
441070,8244.0,40.82084878,VNM,Vietnam,Long An,4.304580536,4.153555947,0.56,0.61,,,,,,,,,,,,,,,,,,,,,,,,,,35.32484375,86.09161071999999,83.07111894,3.0,,,,,,,,,,,,,,,,0.0,0.0,9.28125,22.73654340440067,0.0,0.0,0.32484375,35.0,35.32484375,15908,2232.0,14.03067638923812,0.8243561037384284,Warning
442203,8250.0,13673.40567,KHM,Cambodia,Pouthisat,4.139352455,0.0,0.48,0.72,,,,,,,,,,,,,,,,,,,,,,,,,,10.114987261000302,82.7870491,0.0,,,,,,,,,,,,,,,,,0.0,0.0,166.921875,1.2207776102858003,0.0,0.0,5.842265625,4.272721636000301,10.114987261000302,683001,,,0.2974863445814805,Information
442204,8251.0,6627.003384,KHM,Cambodia,Siemréab,4.181793615,0.0,0.48,0.72,,,,,,,,,,,,,,,,,,,,,,,,,,2.7291012372885137,83.6358723,0.0,,,,,,,,,,,,,,,,,0.0,0.0,31.078125,0.4689619606538611,0.0,0.0,1.087734375,1.6413668622885138,2.7291012372885137,323798,,,0.0366370790681853,Information
442206,8253.0,9800.679135,KHM,Cambodia,Otdar Mean Chey,4.154510002,0.0,0.48,0.72,,,,,,,,,,,,,,,,,,,,,,,,,,2.7842775544099725,83.09020004000001,0.0,,,,,,,,,,,,,,,,,0.0,0.0,39.375,0.4017578726885635,0.0,0.0,1.378125,1.4061525544099722,2.7842775544099725,1163179,,,0.0356231083996095,Information
442208,8255.0,6502.304525,KHM,Cambodia,Bântéay Méanchey,4.025322016,0.0,0.48,0.72,,,,,,,,,,,,,,,,,,,,,,,,,,10.342801948693936,80.50644032,0.0,,,,,,,,,,,,,,,,,0.0,0.0,116.4375,1.7907112710554107,0.0,0.0,4.0753125,6.267489448693937,10.342801948693936,1169407,,,0.263107855199472,Information
442401,8258.0,21.45616063,KHM,Cambodia,Stœng Trêng,4.318972825,0.0,0.48,0.72,,,,,,,,,,,,,,,,,,,,,,,,,,6.896530379978355,86.3794565,0.0,,,,,,,,,,,,,,,,,0.0,0.0,0.421875,1.9662185014223872,0.0,0.0,0.014765625,6.881764754978355,6.896530379978355,1391,,,0.2480747307741104,Information
442403,8260.0,420.5482276,KHM,Cambodia,Stœng Trêng,4.253086034,0.0,0.48,0.72,,,,,,,,,,,,,,,,,,,,,,,,,,1.7073925277134756,85.06172068,0.0,,,,,,,,,,,,,,,,,0.0,0.0,1.96875,0.4681389364895645,0.0,0.0,0.06890625,1.6384862777134757,1.7073925277134756,5093,,,0.0150428744250292,Information
442404,8261.0,19009.46533,VNM,Vietnam,Kon Tum,4.001454123,0.0,0.56,0.61,,,,,,,,,,,,,,,,,,,,,,,,,,2.4185567041673166,80.02908246000001,0.0,,,,,,,,,,,,,,,,,0.0,0.0,45.28125,0.2382037011906619,0.0,0.0,1.58484375,0.8337129541673166,2.4185567041673166,1332995,,,0.0173815951924918,Information
442406,8263.0,5133.969289,VNM,Vietnam,??k L?k,1.037545073,0.0,0.56,0.61,,,,,,,,,,,,,,,,,,,,,,,,,,0.1741050658386966,20.75090146,0.0,,,,,,,,,,,,,,,,,0.0,0.0,1.6875,0.0328693045253419,0.0,0.0,0.0590625,0.1150425658386966,0.1741050658386966,388589,,,4.658481201417527e-10,Information
442646,8276.0,5933.059754,THA,Thailand,Buri Ram,1.174473136,0.0,0.61,0.54,,,,,,,,,,,,,,,,,,,,,,,,,,4.123876363690188,23.48946272,0.0,,,,,,,,,,,,,,,,,0.0,0.0,43.875,0.7395003896257683,0.0,0.0,1.535625,2.5882513636901887,4.123876363690188,515831,,,0.0017465947137,Information
442647,8277.0,6366.464255,THA,Thailand,Nakhon Ratchasima,2.990025285,0.0,0.61,0.54,,,,,,,,,,,,,,,,,,,,,,,,,,2.6697438601017445,59.8005057,0.0,,,,,,,,,,,,,,,,,0.0,0.0,29.671875,0.4660652100290698,0.0,0.0,1.038515625,1.6312282351017444,2.6697438601017445,768832,,,0.0033452223311555,Information
442648,8278.0,4831.222132,THA,Thailand,Nakhon Ratchasima,2.011070171,0.0,0.61,0.54,,,,,,,,,,,,,,,,,,,,,,,,,,8.24979498229062,40.22140342,0.0,,,,,,,,,,,,,,,,,0.0,0.0,76.78125,1.5892717806544625,0.0,0.0,2.68734375,5.562451232290619,8.24979498229062,356198,,,0.023825969428818,Information
442649,8279.0,3332.865055,THA,Thailand,Nakhon Ratchasima,0.111508404,0.0,0.61,0.54,,,,,,,,,,,,,,,,,,,,,,,,,,0.9254100071395438,2.2301680800000003,0.0,,,,,,,,,,,,,,,,,0.0,0.0,6.609375,0.1983091091827268,0.0,0.0,0.231328125,0.6940818821395438,0.9254100071395438,684835,,,1.5800145005736249e-06,Information
442791,8294.0,123.3268224,LAO,Laos,Vientiane [prefecture],3.756903116,0.0,0.52,0.67,,,,,,,,,,,,,,,,,,,,,,,,,,35.5315625,75.13806232,0.0,3.0,,,,,,,,,,,,,,,,0.0,0.0,15.1875,12.31483930679697,0.0,0.0,0.5315625,35.0,35.5315625,19396,1267.0,6.53227469581357,0.6394852991187121,Watch
442792,8295.0,4066.775917,THA,Thailand,Udon Thani,0.484613526,0.0,0.61,0.54,,,,,,,,,,,,,,,,,,,,,,,,,,6.04370501710632,9.69227052,0.0,,,,,,,,,,,,,,,,,0.0,0.0,49.921875,1.2275541120303772,0.0,0.0,1.747265625,4.29643939210632,6.04370501710632,554304,,,0.0034233932967163,Information
442794,8297.0,4825.778779,LAO,Laos,Xaignabouri,3.741141784,0.0,0.52,0.67,,,,,,,,,,,,,,,,,,,,,,,,,,0.257057102192099,74.82283568,0.0,,,,,,,,,,,,,,,,,0.0,0.0,2.390625,0.0495386363405997,0.0,0.0,0.083671875,0.1733852271920989,0.257057102192099,117903,,,2.2765201880203696e-06,Information
442796,8299.0,7488.566288,LAO,Laos,Louangphrabang,4.012038175,0.0,0.52,0.67,,,,,,,,,,,,,,,,,,,,,,,,,,0.3218430536586542,80.2407635,0.0,,,,,,,,,,,,,,,,,0.0,0.0,3.9375,0.0525801581881869,0.0,0.0,0.1378125,0.1840305536586541,0.3218430536586542,72132,,,1.9165823166169123e-05,Information
442799,8302.0,71.91792156,LAO,Laos,Louangphrabang,4.036572197,0.0,0.52,0.67,,,,,,,,,,,,,,,,,,,,,,,,,,32.39690243064329,80.73144393999999,0.0,3.0,,,,,,,,,,,,,,,,0.0,0.0,6.609375,9.190164087326654,0.0,0.0,0.231328125,32.16557430564329,32.39690243064329,1900,70.0,3.684210526315789,0.6983247111009,Watch
442911,8304.0,9204.955603,LAO,Laos,Oudômxai,4.024756368,0.0,0.52,0.67,,,,,,,,,,,,,,,,,,,,,,,,,,0.8317775760923227,80.49512736,0.0,,,,,,,,,,,,,,,,,0.0,0.0,11.390625,0.1237444860263779,0.0,0.0,0.398671875,0.4331057010923226,0.8317775760923227,145518,,,0.0008028907599844,Information
442912,8305.0,8946.592935,LAO,Laos,Louang Namtha,4.016144498,0.0,0.52,0.67,,,,,,,,,,,,,,,,,,,,,,,,,,0.5107402757756516,80.32288996,0.0,,,,,,,,,,,,,,,,,0.0,0.0,6.890625,0.0770195430787576,0.0,0.0,0.241171875,0.2695684007756516,0.5107402757756516,103248,,,0.0001304326621025,Information
442913,8306.0,804.8297849,THA,Thailand,Chiang Rai,4.025984858,0.0,0.61,0.54,,,,,,,,,,,,,,,,,,,,,,,,,,6.277230473869816,80.51969716,0.0,,,,,,,,,,,,,,,,,0.0,0.0,13.359375,1.6599006711056616,0.0,0.0,0.467578125,5.809652348869816,6.277230473869816,43839,,,0.1287174011617083,Information
442914,8307.0,7253.098355,THA,Thailand,Phayao,4.085244573,0.0,0.61,0.54,,,,,,,,,,,,,,,,,,,,,,,,,,49.676060001777664,81.70489146,0.0,3.0,,,,,,,,,,,,,,,,0.0,0.0,596.671875,8.226441250507904,0.0,0.0,20.883515625,28.792544376777663,49.676060001777664,676628,51549.0,7.6185141614003555,0.8410758631192022,Warning
442915,8308.0,3098.512612,LAO,Laos,Bokeo,4.035995711,0.0,0.52,0.67,,,,,,,,,,,,,,,,,,,,,,,,,,5.035176054133149,80.71991421999999,0.0,,,,,,,,,,,,,,,,,0.0,0.0,34.03125,1.0983092297523285,0.0,0.0,1.19109375,3.8440823041331496,5.035176054133149,106231,,,0.0896968375443381,Information
442919,8312.0,4239.798085,MMR,Myanmar,Shan,2.443079945,0.0,0.42,0.81,,,,,,,,,,,,,,,,,,,,,,,,,,0.51244933101899,48.8615989,0.0,,,,,,,,,,,,,,,,,0.0,0.0,4.359375,0.1028203445768543,0.0,0.0,0.152578125,0.35987120601899,0.51244933101899,45383,,,2.0813497312632235e-06,Information
442931,8314.0,1295.440589,LAO,Laos,Louang Namtha,1.711618078,0.0,0.52,0.67,,,,,,,,,,,,,,,,,,,,,,,,,,1.8453753306040823,34.23236156,0.0,,,,,,,,,,,,,,,,,0.0,0.0,6.046875,0.4667813444583092,0.0,0.0,0.211640625,1.6337347056040823,1.8453753306040823,3746,,,0.0001761574927983,Information
442932,8315.0,4588.155233,CHN,China,Yunnan,3.830735834,0.0,0.59,0.57,,,,,,,,,,,,,,,,,,,,,,,,,,0.3442829642099952,76.61471668,0.0,,,,,,,,,,,,,,,,,0.0,0.0,3.09375,0.0674290612028558,0.0,0.0,0.10828125,0.2360017142099953,0.3442829642099952,337547,,,1.2302195400343934e-05,Information
442933,8316.0,2409.122293,CHN,China,Yunnan,4.054932754,0.0,0.59,0.57,,,,,,,,,,,,,,,,,,,,,,,,,,0.2788723671570507,81.09865508,0.0,,,,,,,,,,,,,,,,,0.0,0.0,1.546875,0.0642090691877288,0.0,0.0,0.054140625,0.2247317421570508,0.2788723671570507,81643,,,1.2420791622678689e-05,Information
442935,8318.0,10352.25584,CHN,China,Yunnan,3.411248816,0.0,0.59,0.57,,,,,,,,,,,,,,,,,,,,,,,,,,8.350624058951368,68.22497632,0.0,,,,,,,,,,,,,,,,,0.0,0.0,121.359375,1.1722988382718191,0.0,0.0,4.247578125,4.103045933951367,8.350624058951368,940040,,,0.0907183833995963,Information
442937,8320.0,2342.992316,CHN,China,Yunnan,0.351436617,0.0,0.59,0.57,,,,,,,,,,,,,,,,,,,,,,,,,,9.59360643636062,7.02873234,0.0,,,,,,,,,,,,,,,,,0.0,0.0,52.03125,2.2207179103887484,0.0,0.0,1.82109375,7.77251268636062,9.59360643636062,56056,,,0.0115676298889107,Information
442951,8324.0,843.2676643,CHN,China,Yunnan,1.77712037,0.0,0.59,0.57,,,,,,,,,,,,,,,,,,,,,,,,,,5.949125963023029,35.5424074,0.0,,,,,,,,,,,,,,,,,0.0,0.0,13.21875,1.5675627751494368,0.0,0.0,0.46265625,5.486469713023029,5.949125963023029,9809,,,0.0085916213986242,Information
442953,8326.0,1883.55195,CHN,China,Yunnan,1.420809817,0.0,0.59,0.57,,,,,,,,,,,,,,,,,,,,,,,,,,1.148949578175179,28.416196340000003,0.0,,,,,,,,,,,,,,,,,0.0,0.0,5.203125,0.2762400580500512,0.0,0.0,0.182109375,0.9668402031751792,1.148949578175179,70167,,,1.7979399245165904e-05,Information
442955,8328.0,19508.48515,CHN,China,Xizang,3.58028732,0.0,0.59,0.57,,,,,,,,,,,,,,,,,,,,,,,,,,1.0794982677104945,71.6057464,0.0,,,,,,,,,,,,,,,,,0.0,0.0,20.390625,0.1045218264887127,0.0,0.0,0.713671875,0.3658263927104944,1.0794982677104945,351175,,,0.0005383262227636,Information
442956,8329.0,7278.931172,CHN,China,Xizang,3.926900692,0.0,0.59,0.57,,,,,,,,,,,,,,,,,,,,,,,,,,1.2384706160420351,78.53801383999999,0.0,,,,,,,,,,,,,,,,,0.0,0.0,14.90625,0.2047862474405815,0.0,0.0,0.52171875,0.7167518660420352,1.2384706160420351,31921,,,0.002169481882955,Information
442959,8332.0,1259.135968,CHN,China,Xizang,4.103058261,0.0,0.59,0.57,,,,,,,,,,,,,,,,,,,,,,,,,,0.572145340957989,82.06116522,0.0,,,,,,,,,,,,,,,,,0.0,0.0,1.828125,0.1451888474165683,0.0,0.0,0.063984375,0.508160965957989,0.572145340957989,18834,,,0.0002851811656753,Information
442960,8333.0,16941.51977,CHN,China,Qinghai,3.904574456,0.0,0.59,0.57,,,,,,,,,,,,,,,,,,,,,,,,,,0.4774524635096951,78.09148912,0.0,,,,,,,,,,,,,,,,,0.0,0.0,8.578125,0.0506337395741986,0.0,0.0,0.300234375,0.1772180885096951,0.4774524635096951,92148,,,6.507730559468819e-05,Information
442970,8334.0,4729.71979,CHN,China,Xizang,4.068352601,0.0,0.59,0.57,,,,,,,,,,,,,,,,,,,,,,,,,,0.2145940561599275,81.36705202,0.0,,,,,,,,,,,,,,,,,0.0,0.0,1.96875,0.041625087474265,0.0,0.0,0.06890625,0.1456878061599275,0.2145940561599275,64350,,,4.023332408832512e-06,Information
443036,8343.0,2672.890994,KHM,Cambodia,Pouthisat,4.061831089,0.0,0.48,0.72,,,,,,,,,,,,,,,,,,,,,,,,,,0.4667185118951698,81.23662178000001,0.0,,,,,,,,,,,,,,,,,0.0,0.0,2.8125,0.1052231462557628,0.0,0.0,0.0984375,0.3682810118951698,0.4667185118951698,6930,,,0.0001104047149162,Information
443038,16152.0,2144.781832,THA,Thailand,Rayong,3.116453549,3.429717574,0.61,0.54,,,,,,,,,,,,,,,,,,,,,,,,,,7.60851361902708,62.32907098,68.59435148,,,,,,,,,,,,,,,,,0.0,0.0,38.390625,1.789954784007737,0.0,0.0,1.343671875,6.26484174402708,7.60851361902708,325687,,,0.0781362741416611,Information
443039,8344.0,3982.798676,THA,Thailand,Rayong,1.340011927,1.172639011,0.61,0.54,,,,,,,,,,,,,,,,,,,,,,,,,,12.09579368330579,26.80023854,23.45278022,,,,,,,,,,,,,,,,,0.0,0.0,98.4375,2.4715660523730825,0.0,0.0,3.4453125,8.65048118330579,12.09579368330579,2362719,,,0.0359039261614322,Information
443040,8345.0,22052.76929,THA,Thailand,Prachin Buri,3.743173236,0.058520131,0.61,0.54,,,,,,,,,,,,,,,,,,,,,,,,,,34.88877805536082,74.86346472,1.17040262,3.0,,,,,,,,,,,,,,,,0.0,0.0,685.828125,3.109941051531661,0.0,0.0,24.003984375,10.884793680360811,34.88877805536082,8403832,126151.0,1.5011128256728596,0.628484758656402,Watch
443050,8346.0,520.2472923,THA,Thailand,Samut Prakan,4.028266108,4.006526728,0.61,0.54,,,,,,,,,,,,,,,,,,,,,,,,,,39.424765625,80.56532216000001,80.13053456,3.0,,,,,,,,,,,,,,,,0.0,0.0,126.421875,24.3003427155144,0.0,0.0,4.424765625,35.0,39.424765625,1832727,56142.0,3.063304027277385,0.7603209021495256,Watch
443061,8347.0,1422.373212,THA,Thailand,Nonthaburi,2.57793569,2.129345161,0.61,0.54,,,,,,,,,,,,,,,,,,,,,,,,,,38.93225792403078,51.5587138,42.58690322,,,,,,,,,,,,,,,,,0.0,0.0,138.515625,9.738346014008794,0.0,0.0,4.848046875,34.08421104903078,38.93225792403078,9457095,,,0.413508361534867,Advisory
443068,8354.0,5330.831775,THA,Thailand,Phitsanulok,3.733716863,0.0,0.61,0.54,,,,,,,,,,,,,,,,,,,,,,,,,,6.624409530632866,74.67433726,0.0,,,,,,,,,,,,,,,,,0.0,0.0,65.8125,1.2345634373236758,0.0,0.0,2.3034375,4.320972030632865,6.624409530632866,243081,,,0.0899509768780739,Information
443070,8356.0,466.9434711,THA,Thailand,Bangkok Metropolis,4.024948604,3.719516034,0.61,0.54,,,,,,,,,,,,,,,,,,,,,,,,,,11.143138408537371,80.49897208000002,74.39032068,,,,,,,,,,,,,,,,,0.0,0.0,14.203125,3.0417225810106774,0.0,0.0,0.497109375,10.64602903353737,11.143138408537371,1229986,,,0.2878613960433781,Information
443080,8357.0,12959.683,THA,Thailand,Suphan Buri,4.009490327,1.106095921,0.61,0.54,,,,,,,,,,,,,,,,,,,,,,,,,,59.78233827666699,80.18980654,22.12191842,3.0,,,,,,,,,,,,,,,,0.0,0.0,964.125,7.439418079047712,0.0,0.0,33.744375,26.037963276667,59.78233827666699,5246015,101054.0,1.92630024885556,0.8653148059459475,Warning
443090,8358.0,19.22232311,THA,Thailand,Samut Sakhon,1.030989817,3.455049544,0.61,0.54,,,,,,,,,,,,,,,,,,,,,,,,,,35.211640625,20.61979634,69.10099088,,,,,,,,,,,,,,,,,0.0,0.0,6.046875,31.457566106309603,0.0,0.0,0.211640625,35.0,35.211640625,9107,,,0.5519749392537787,Advisory
444000,16153.0,4066.270113,MMR,Myanmar,Tanintharyi,4.022528261,4.142983056,0.42,0.81,,,,,,,,,,,,,,,,,,,,,,,,,,22.30409488130006,80.45056521999999,82.85966112,3.0,,,,,,,,,,,,,,,,0.0,0.0,184.21875,4.530411037514303,0.0,0.0,6.44765625,15.85643863130006,22.30409488130006,69794,14816.0,21.2281858039373,0.603854040227407,Watch
444010,8359.0,123.2346271,THA,Thailand,Samut Songkhram,4.039471664,4.022160047,0.61,0.54,,,,,,,,,,,,,,,,,,,,,,,,,,35.77765625,80.78943328,80.44320094,3.0,,,,,,,,,,,,,,,,0.0,0.0,22.21875,18.029632198117195,0.0,0.0,0.77765625,35.0,35.77765625,51743,6010.0,11.615097694374118,0.73298405269736,Watch
444020,8360.0,28714.52018,THA,Thailand,Kanchanaburi,4.007938225,0.291314657,0.61,0.54,,,,,,,,,,,,,,,,,,,,,,,,,,1.466544248258894,80.1587645,5.82629314,,,,,,,,,,,,,,,,,0.0,0.0,31.078125,0.108231392359684,0.0,0.0,1.087734375,0.378809873258894,1.466544248258894,1456265,,,0.0045956763252204,Information
444031,8361.0,890.0607572,THA,Thailand,Ratchaburi,2.355720896,4.001794375,0.61,0.54,,,,,,,,,,,,,,,,,,,,,,,,,,20.95658306393483,47.11441792,80.0358875,,,,,,,,,,,,,,,,,0.0,0.0,48.9375,5.498220161124237,0.0,0.0,1.7128125,19.24377056393483,20.95658306393483,135178,,,0.5193477075963732,Advisory
444032,8362.0,4634.076634,THA,Thailand,Phetchaburi,4.01622538,2.708753336,0.61,0.54,,,,,,,,,,,,,,,,,,,,,,,,,,1.787436136048334,80.3245076,54.17506672,,,,,,,,,,,,,,,,,0.0,0.0,16.171875,0.3489772888709526,0.0,0.0,0.566015625,1.221420511048334,1.787436136048334,278847,,,0.0082291307744982,Information
444033,8363.0,17225.93313,THA,Thailand,Prachuap Khiri Khan,4.041809128,3.052092288,0.61,0.54,,,,,,,,,,,,,,,,,,,,,,,,,,21.29145758724957,80.83618256,61.04184576,,,,,,,,,,,,,,,,,0.0,0.0,384.890625,2.23436734635702,0.0,0.0,13.471171875,7.820285712249571,21.29145758724957,1416532,,,0.541923956317454,Advisory
444034,8364.0,12905.5221,THA,Thailand,Surat Thani,3.210759279,0.378414585,0.61,0.54,,,,,,,,,,,,,,,,,,,,,,,,,,0.9434501366934528,64.21518558,7.5682917,,,,,,,,,,,,,,,,,0.0,0.0,15.1875,0.1176821819124151,0.0,0.0,0.5315625,0.4118876366934528,0.9434501366934528,1061483,,,0.0001385943753734,Information
444035,8365.0,8565.844302,THA,Thailand,Nakhon Si Thammarat,3.974175178,3.247446421,0.61,0.54,,,,,,,,,,,,,,,,,,,,,,,,,,19.14871170426749,79.48350356,64.94892842,,,,,,,,,,,,,,,,,0.0,0.0,252.421875,2.9468417369335707,0.0,0.0,8.834765625,10.313946079267495,19.14871170426749,1475530,,,0.4724972663678342,Advisory
444036,8366.0,4636.305623,THA,Thailand,Phatthalung,4.003266357,3.022657339,0.61,0.54,,,,,,,,,,,,,,,,,,,,,,,,,,9.384841260756454,80.06532714000001,60.45314678,,,,,,,,,,,,,,,,,0.0,0.0,84.9375,1.832008217358987,0.0,0.0,2.9728125,6.412028760756455,9.384841260756454,560795,,,0.2256153601296431,Information
444037,8367.0,18565.21659,THA,Thailand,Yala,3.655798267,0.541536969,0.61,0.54,,,,,,,,,,,,,,,,,,,,,,,,,,10.5643380187699,73.11596534,10.83073938,,,,,,,,,,,,,,,,,0.0,0.0,196.171875,1.0566635410771144,0.0,0.0,6.866015625,3.698322393769901,10.5643380187699,3438047,,,0.1751394088591916,Information
444039,8369.0,16291.52123,MYS,Malaysia,Trengganu,3.343265302,1.343641838,0.66,0.47,,,,,,,,,,,,,,,,,,,,,,,,,,24.44061627210384,66.86530604,26.87283676,,,,,,,,,,,,,,,,,0.0,0.0,432.703125,2.656001970601096,0.0,0.0,15.144609375,9.296006897103837,24.44061627210384,2162909,,,0.3804365167527589,Advisory
444051,8371.0,1987.284389,MYS,Malaysia,Pahang,2.654152142,2.242141686,0.66,0.47,,,,,,,,,,,,,,,,,,,,,,,,,,5.551789281177383,53.083042840000005,44.84283372,,,,,,,,,,,,,,,,,0.0,0.0,26.296875,1.323256758907824,0.0,0.0,0.920390625,4.631398656177383,5.551789281177383,22991,,,0.0164107967694463,Information
444052,8372.0,3877.554967,MYS,Malaysia,Pahang,3.091083281,0.0,0.66,0.47,,,,,,,,,,,,,,,,,,,,,,,,,,0.3523023732011448,61.82166562,0.0,,,,,,,,,,,,,,,,,0.0,0.0,2.8125,0.0725328209146128,0.0,0.0,0.0984375,0.2538648732011448,0.3523023732011448,82325,,,1.3961570794454806e-06,Information
444054,8374.0,4477.923247,MYS,Malaysia,Johor,2.485192568,0.0,0.66,0.47,,,,,,,,,,,,,,,,,,,,,,,,,,0.2227861764898164,49.70385136,0.0,,,,,,,,,,,,,,,,,0.0,0.0,1.96875,0.0439656932828047,0.0,0.0,0.06890625,0.1538799264898164,0.2227861764898164,243134,,,2.9887768385128624e-08,Information
444056,8375.0,6082.923702,MYS,Malaysia,Johor,1.74482977,0.023142485,0.66,0.47,,,,,,,,,,,,,,,,,,,,,,,,,,0.403408371249618,34.896595399999995,0.4628497,,,,,,,,,,,,,,,,,0.0,0.0,4.359375,0.071665784642748,0.0,0.0,0.152578125,0.250830246249618,0.403408371249618,616036,,,1.8499555930887677e-07,Information
444058,8377.0,2601.563834,MYS,Malaysia,Perak,1.663063063,3.479890713,0.66,0.47,,,,,,,,,,,,,,,,,,,,,,,,,,1.358924700220943,33.26126126,69.59781426,,,,,,,,,,,,,,,,,0.0,0.0,8.015625,0.3081079500631266,0.0,0.0,0.280546875,1.078377825220943,1.358924700220943,162360,,,0.000942361619976,Information
444060,8379.0,14907.92185,MYS,Malaysia,Perak,1.073457543,1.077138093,0.66,0.47,,,,,,,,,,,,,,,,,,,,,,,,,,10.534164515541306,21.46915086,21.54276186,,,,,,,,,,,,,,,,,0.0,0.0,180.140625,1.2083550401546592,0.0,0.0,6.304921875,4.229242640541307,10.534164515541306,1705632,,,0.0223253653146227,Information
444070,8380.0,855.1493544,MYS,Malaysia,Kedah,0.349783151,2.717437198,0.66,0.47,,,,,,,,,,,,,,,,,,,,,,,,,,11.995701203932247,6.99566302,54.34874395999999,,,,,,,,,,,,,,,,,0.0,0.0,27.0,3.157343201123499,0.0,0.0,0.945,11.050701203932247,11.995701203932247,126563,,,0.0906957644803957,Information
444076,8385.0,3582.75191,THA,Thailand,Trang,2.789584693,1.511293282,0.61,0.54,,,,,,,,,,,,,,,,,,,,,,,,,,0.4664892290761472,55.79169386,30.22586564,,,,,,,,,,,,,,,,,0.0,0.0,3.515625,0.0981263868788992,0.0,0.0,0.123046875,0.3434423540761472,0.4664892290761472,548590,,,2.664087762833891e-06,Information
444077,8386.0,16606.06968,THA,Thailand,Surat Thani,4.042489383,3.900321069,0.61,0.54,,,,,,,,,,,,,,,,,,,,,,,,,,17.238306794108745,80.84978766,78.00642137999999,,,,,,,,,,,,,,,,,0.0,0.0,307.40625,1.8511680126024983,0.0,0.0,10.75921875,6.479088044108744,17.238306794108745,2301563,,,0.4581165865144253,Advisory
444078,8387.0,3570.450354,MMR,Myanmar,Tanintharyi,4.056579211,0.0,0.42,0.81,,,,,,,,,,,,,,,,,,,,,,,,,,1.814569370939476,81.13158422,0.0,,,,,,,,,,,,,,,,,0.0,0.0,13.640625,0.3820421416969931,0.0,0.0,0.477421875,1.3371474959394758,1.814569370939476,17191,,,0.0095995804630348,Information
444079,16156.0,2203.601219,MMR,Myanmar,Tanintharyi,4.587633304,4.272418397,0.42,0.81,,,,,,,,,,,,,,,,,,,,,,,,,,24.722527610710443,91.75266608,85.44836794,3.0,,,,,,,,,,,,,,,,0.0,0.0,127.546875,5.788110567345841,0.0,0.0,4.464140625,20.258386985710445,24.722527610710443,82161,8254.0,10.046128941955429,0.8638595196695625,Warning
444080,8388.0,17778.23155,MMR,Myanmar,Tanintharyi,4.380516358,0.0,0.42,0.81,,,,,,,,,,,,,,,,,,,,,,,,,,0.4075890282056533,87.61032716000001,0.0,,,,,,,,,,,,,,,,,0.0,0.0,7.453125,0.0419227580587581,0.0,0.0,0.260859375,0.1467296532056533,0.4075890282056533,127365,,,0.0003196611567876,Information
444090,16157.0,11578.11928,MMR,Myanmar,Tanintharyi,4.418585333,4.031053113,0.42,0.81,,,,,,,,,,,,,,,,,,,,,,,,,,2.2473578651463506,88.37170666,80.62106225999999,,,,,,,,,,,,,,,,,0.0,0.0,34.453125,0.2975709971846716,0.0,0.0,1.205859375,1.0414984901463509,2.2473578651463506,915899,,,0.0501205432204302,Information
445200,8390.0,9430.955103,MMR,Myanmar,Kayin,4.114322314,2.116273425,0.42,0.81,,,,,,,,,,,,,,,,,,,,,,,,,,1.9875823070389496,82.28644627999999,42.3254685,,,,,,,,,,,,,,,,,0.0,0.0,27.5625,0.2922556591539856,0.0,0.0,0.9646875,1.0228948070389496,1.9875823070389496,568291,,,0.0143562627668358,Information
445410,8392.0,7777.45574,MMR,Myanmar,Kayin,4.077288835,3.784692482,0.42,0.81,,,,,,,,,,,,,,,,,,,,,,,,,,6.4801509267846695,81.5457767,75.69384964,,,,,,,,,,,,,,,,,0.0,0.0,81.0,1.0414716933670485,0.0,0.0,2.835,3.6451509267846696,6.4801509267846695,481030,,,0.1476537137240151,Information
445430,8394.0,4484.56471,THA,Thailand,Mae Hong Son,4.101920484,0.0,0.61,0.54,,,,,,,,,,,,,,,,,,,,,,,,,,1.2399675956772864,82.03840968,0.0,,,,,,,,,,,,,,,,,0.0,0.0,10.96875,0.2445889559077961,0.0,0.0,0.38390625,0.8560613456772864,1.2399675956772864,28575,,,0.0037571280904697,Information
445440,8395.0,19434.10058,MMR,Myanmar,Shan,3.777593792,0.0,0.42,0.81,,,,,,,,,,,,,,,,,,,,,,,,,,8.900639885751664,75.55187584,0.0,,,,,,,,,,,,,,,,,0.0,0.0,167.90625,0.863977467357618,0.0,0.0,5.87671875,3.023921135751664,8.900639885751664,1830108,,,0.1561445837758454,Information
445450,8396.0,11964.36885,THA,Thailand,Mae Hong Son,4.001404316,0.0,0.61,0.54,,,,,,,,,,,,,,,,,,,,,,,,,,1.2107774194644163,80.02808632,0.0,,,,,,,,,,,,,,,,,0.0,0.0,18.84375,0.1574989055612618,0.0,0.0,0.65953125,0.5512461694644163,1.2107774194644163,114542,,,0.0025309786371721,Information
445460,8397.0,15375.99729,MMR,Myanmar,Shan,3.422073764,0.0,0.42,0.81,,,,,,,,,,,,,,,,,,,,,,,,,,0.4467587783765977,68.44147527999999,0.0,,,,,,,,,,,,,,,,,0.0,0.0,7.734375,0.0503016152504565,0.0,0.0,0.270703125,0.1760556533765977,0.4467587783765977,350366,,,1.033257561523443e-05,Information
445471,8399.0,14611.86253,MMR,Myanmar,Shan,4.118036836,0.0,0.42,0.81,,,,,,,,,,,,,,,,,,,,,,,,,,0.497417125237446,82.36073672,0.0,,,,,,,,,,,,,,,,,0.0,0.0,8.4375,0.0577441786392703,0.0,0.0,0.2953125,0.202104625237446,0.497417125237446,125986,,,0.0001795472124677,Information
445472,8400.0,12454.56084,MMR,Myanmar,Shan,3.132823658,0.0,0.42,0.81,,,,,,,,,,,,,,,,,,,,,,,,,,0.90512153659964,62.65647316,0.0,,,,,,,,,,,,,,,,,0.0,0.0,14.34375,0.1151686533141829,0.0,0.0,0.50203125,0.4030902865996401,0.90512153659964,361507,,,9.967228823581894e-05,Information
445473,8401.0,3221.866678,MMR,Myanmar,Shan,4.021307544,0.0,0.42,0.81,,,,,,,,,,,,,,,,,,,,,,,,,,0.3837685570855927,80.42615088,0.0,,,,,,,,,,,,,,,,,0.0,0.0,2.671875,0.0829294091673122,0.0,0.0,0.093515625,0.2902529320855927,0.3837685570855927,43824,,,4.213679648526136e-05,Information
445474,8402.0,10395.41781,MMR,Myanmar,Shan,3.778159628,0.0,0.42,0.81,,,,,,,,,,,,,,,,,,,,,,,,,,0.241413329615284,75.56319256,0.0,,,,,,,,,,,,,,,,,0.0,0.0,3.515625,0.0338189870329383,0.0,0.0,0.123046875,0.118366454615284,0.241413329615284,359964,,,1.9434952325048424e-06,Information
445475,8403.0,11832.34208,MMR,Myanmar,Shan,2.605361154,0.0,0.42,0.81,,,,,,,,,,,,,,,,,,,,,,,,,,0.5812194838503058,52.10722308,0.0,,,,,,,,,,,,,,,,,0.0,0.0,9.0,0.0760627096715159,0.0,0.0,0.315,0.2662194838503057,0.5812194838503058,326816,,,5.1306781402145625e-06,Information
445477,8405.0,29215.46832,CHN,China,Yunnan,2.084336795,0.0,0.59,0.57,,,,,,,,,,,,,,,,,,,,,,,,,,0.4426392648897194,41.6867359,0.0,,,,,,,,,,,,,,,,,0.0,0.0,9.421875,0.0322496113970627,0.0,0.0,0.329765625,0.1128736398897194,0.4426392648897194,2429879,,,5.282021371790354e-07,Information
445478,8406.0,9410.371513,CHN,China,Xizang,4.015507946,0.0,0.59,0.57,,,,,,,,,,,,,,,,,,,,,,,,,,0.2842599593953683,80.31015891999999,0.0,,,,,,,,,,,,,,,,,0.0,0.0,3.9375,0.0418421312558195,0.0,0.0,0.1378125,0.1464474593953682,0.2842599593953683,31284,,,1.1277548598392116e-05,Information
445480,8408.0,13969.27332,CHN,China,Xizang,3.51188245,0.0,0.59,0.57,,,,,,,,,,,,,,,,,,,,,,,,,,2.4237818523094745,70.237649,0.0,,,,,,,,,,,,,,,,,0.0,0.0,40.359375,0.2889153506598498,0.0,0.0,1.412578125,1.0112037273094745,2.4237818523094745,80188,,,0.00607229152822,Information
445500,8410.0,66.93480956,MMR,Myanmar,Mon,4.058457975,0.0,0.42,0.81,,,,,,,,,,,,,,,,,,,,,,,,,,1.4804910955866954,81.16915949999999,0.0,,,,,,,,,,,,,,,,,0.0,0.0,0.28125,0.420184955881913,0.0,0.0,0.00984375,1.4706473455866955,1.4804910955866954,15428,,,0.0054933410870451,Information
445601,8411.0,14819.73225,MMR,Myanmar,Bago,4.132246309,0.0,0.42,0.81,,,,,,,,,,,,,,,,,,,,,,,,,,17.10430434982489,82.64492618,0.0,,,,,,,,,,,,,,,,,0.0,0.0,291.796875,1.9689753499499685,0.0,0.0,10.212890625,6.89141372482489,17.10430434982489,1574210,,,0.494193697997358,Advisory
445604,8414.0,1786.875093,MMR,Myanmar,Bago,4.032268487,0.0,0.42,0.81,,,,,,,,,,,,,,,,,,,,,,,,,,11.39573082266226,80.64536973999999,0.0,,,,,,,,,,,,,,,,,0.0,0.0,49.359375,2.762329342189217,0.0,0.0,1.727578125,9.66815269766226,11.39573082266226,115852,,,0.2981624410019918,Information
445606,8416.0,1761.450298,MMR,Myanmar,Mandalay,4.155651664,0.0,0.42,0.81,,,,,,,,,,,,,,,,,,,,,,,,,,8.544652632624203,83.11303328,0.0,,,,,,,,,,,,,,,,,0.0,0.0,36.5625,2.075704323606915,0.0,0.0,1.2796875,7.264965132624202,8.544652632624203,107348,,,0.2478609405444729,Information
445607,8417.0,203.6780375,MMR,Myanmar,Mandalay,4.133954193,0.0,0.42,0.81,,,,,,,,,,,,,,,,,,,,,,,,,,34.76660131829314,82.67908386,0.0,3.0,,,,,,,,,,,,,,,,0.0,0.0,19.828125,9.735033412369468,0.0,0.0,0.693984375,34.07261694329314,34.76660131829314,17016,1369.0,8.045369064409966,0.757017989593084,Watch
445608,8418.0,3938.11165,MMR,Myanmar,Mandalay,4.026852572,0.0,0.42,0.81,,,,,,,,,,,,,,,,,,,,,,,,,,3.5014066449784447,80.53705144,0.0,,,,,,,,,,,,,,,,,0.0,0.0,28.265625,0.7177456485652699,0.0,0.0,0.989296875,2.5121097699784447,3.5014066449784447,326764,,,0.0431407400424564,Information
445609,8419.0,4998.30368,MMR,Myanmar,Shan,4.084597459,0.0,0.42,0.81,,,,,,,,,,,,,,,,,,,,,,,,,,7.3254070182754525,81.69194918000001,0.0,,,,,,,,,,,,,,,,,0.0,0.0,69.75,1.3954734337929864,0.0,0.0,2.44125,4.884157018275452,7.3254070182754525,78121,,,0.1798354983330975,Information
445812,8422.0,4468.608816,MMR,Myanmar,Magway,4.121406989,0.0,0.42,0.81,,,,,,,,,,,,,,,,,,,,,,,,,,0.5099586878611141,82.42813978,0.0,,,,,,,,,,,,,,,,,0.0,0.0,4.5,0.1007024822460326,0.0,0.0,0.1575,0.3524586878611141,0.5099586878611141,93476,,,0.0002002725927789,Information
445813,8423.0,6790.576908,MMR,Myanmar,Magway,3.559334942,0.0,0.42,0.81,,,,,,,,,,,,,,,,,,,,,,,,,,8.372939711047763,71.18669884,0.0,,,,,,,,,,,,,,,,,0.0,0.0,96.75,1.4247684888707894,0.0,0.0,3.38625,4.986689711047763,8.372939711047763,531155,,,0.108260493242263,Information
445814,8424.0,6258.938041,MMR,Myanmar,Magway,2.205806451,0.0,0.42,0.81,,,,,,,,,,,,,,,,,,,,,,,,,,2.505983313480912,44.11612902,0.0,,,,,,,,,,,,,,,,,0.0,0.0,27.5625,0.4403702324231177,0.0,0.0,0.9646875,1.5412958134809118,2.505983313480912,547795,,,0.0009526999033007,Information
445816,8426.0,6007.265589,MMR,Myanmar,Chin,4.115093529,0.0,0.42,0.81,,,,,,,,,,,,,,,,,,,,,,,,,,3.4492656694445434,82.30187058,0.0,,,,,,,,,,,,,,,,,0.0,0.0,36.984375,0.6156607269841552,0.0,0.0,1.294453125,2.1548125444445434,3.4492656694445434,169855,,,0.0509933390056603,Information
445817,8427.0,7584.784726,MMR,Myanmar,Magway,3.364634254,0.0,0.42,0.81,,,,,,,,,,,,,,,,,,,,,,,,,,11.50230578339936,67.29268508,0.0,,,,,,,,,,,,,,,,,0.0,0.0,141.75,1.8688730809712464,0.0,0.0,4.96125,6.541055783399362,11.50230578339936,794821,,,0.1479996457791018,Information
445822,8431.0,24521.40376,MMR,Myanmar,Chin,4.022285404,0.0,0.42,0.81,,,,,,,,,,,,,,,,,,,,,,,,,,8.682099721444855,80.44570808,0.0,,,,,,,,,,,,,,,,,0.0,0.0,176.203125,0.7185686704128156,0.0,0.0,6.167109375,2.514990346444854,8.682099721444855,3240446,,,0.2084154992644575,Information
445824,8433.0,11476.20614,MMR,Myanmar,Sagaing,4.072169495,0.0,0.42,0.81,,,,,,,,,,,,,,,,,,,,,,,,,,0.8105363107205321,81.4433899,0.0,,,,,,,,,,,,,,,,,0.0,0.0,12.375,0.1078318030630092,0.0,0.0,0.433125,0.3774113107205322,0.8105363107205321,453642,,,0.0008714013574056,Information
445828,8437.0,7824.324131,MMR,Myanmar,Kachin,4.230146154,0.0,0.42,0.81,,,,,,,,,,,,,,,,,,,,,,,,,,0.4597065316440551,84.60292308,0.0,,,,,,,,,,,,,,,,,0.0,0.0,5.765625,0.0736884733268729,0.0,0.0,0.201796875,0.2579096566440551,0.4597065316440551,53299,,,0.0002229229822367,Information
445829,8438.0,5985.2885,MMR,Myanmar,Sagaing,4.159936063,0.0,0.42,0.81,,,,,,,,,,,,,,,,,,,,,,,,,,0.2497580935086712,83.19872126,0.0,,,,,,,,,,,,,,,,,0.0,0.0,2.671875,0.0446407052881918,0.0,0.0,0.093515625,0.1562424685086713,0.2497580935086712,27803,,,1.2841214648804635e-05,Information
445830,8439.0,24277.24787,MMR,Myanmar,Sagaing,3.903134335,0.0,0.42,0.81,,,,,,,,,,,,,,,,,,,,,,,,,,37.37299220164478,78.0626867,0.0,3.0,,,,,,,,,,,,,,,,0.0,0.0,756.28125,3.115185271898508,0.0,0.0,26.46984375,10.903148451644778,37.37299220164478,2611253,84028.0,3.21791875394686,0.7028999011939452,Watch
445841,8440.0,213.2003327,MMR,Myanmar,Mandalay,4.061043899,0.0,0.42,0.81,,,,,,,,,,,,,,,,,,,,,,,,,,3.5366803667134104,81.22087798000001,0.0,,,,,,,,,,,,,,,,,0.0,0.0,2.109375,0.9893863547752602,0.0,0.0,0.073828125,3.4628522417134104,3.5366803667134104,73652,,,0.047503503762127,Information
445842,8441.0,16375.78584,MMR,Myanmar,Mandalay,3.805987503,0.0,0.42,0.81,,,,,,,,,,,,,,,,,,,,,,,,,,6.468804056929594,76.11975006,0.0,,,,,,,,,,,,,,,,,0.0,0.0,114.75,0.7007297305513125,0.0,0.0,4.01625,2.4525540569295936,6.468804056929594,1973997,,,0.0957659907868109,Information
445843,8442.0,8086.999638,MMR,Myanmar,Mandalay,4.010159664,0.0,0.42,0.81,,,,,,,,,,,,,,,,,,,,,,,,,,8.289048146466722,80.20319328,0.0,,,,,,,,,,,,,,,,,0.0,0.0,105.890625,1.3093932204190633,0.0,0.0,3.706171875,4.582876271466722,8.289048146466722,802478,,,0.1919902569121335,Information
445844,8443.0,6980.810943,MMR,Myanmar,Shan,2.194787804,0.0,0.42,0.81,,,,,,,,,,,,,,,,,,,,,,,,,,1.771923000398222,43.895756080000005,0.0,,,,,,,,,,,,,,,,,0.0,0.0,20.8125,0.298138714399492,0.0,0.0,0.7284375,1.043485500398222,1.771923000398222,69228,,,0.0002749973917212,Information
445847,8446.0,3531.014206,MMR,Myanmar,Shan,4.190092442,0.0,0.42,0.81,,,,,,,,,,,,,,,,,,,,,,,,,,0.9430429425820868,83.80184884,0.0,,,,,,,,,,,,,,,,,0.0,0.0,7.03125,0.1991283407377391,0.0,0.0,0.24609375,0.6969491925820869,0.9430429425820868,99496,,,0.002230766458282,Information
445872,8452.0,2873.920898,MMR,Myanmar,Kachin,4.004463155,0.0,0.42,0.81,,,,,,,,,,,,,,,,,,,,,,,,,,1.5433507800647492,80.0892631,0.0,,,,,,,,,,,,,,,,,0.0,0.0,9.84375,0.3425198657327855,0.0,0.0,0.34453125,1.1988195300647493,1.5433507800647492,5588,,,0.005274360719588,Information
445873,8453.0,2149.936181,MMR,Myanmar,Kachin,4.131823217,0.0,0.42,0.81,,,,,,,,,,,,,,,,,,,,,,,,,,6.75904412514073,82.63646434,0.0,,,,,,,,,,,,,,,,,0.0,0.0,34.171875,1.589436714325923,0.0,0.0,1.196015625,5.56302850014073,6.75904412514073,97234,,,0.17271493972552,Information
445874,8454.0,2404.576929,MMR,Myanmar,Kachin,3.206203469,0.0,0.42,0.81,,,,,,,,,,,,,,,,,,,,,,,,,,0.2285158720047143,64.12406938000001,0.0,,,,,,,,,,,,,,,,,0.0,0.0,1.265625,0.0526339991442041,0.0,0.0,0.044296875,0.1842189970047143,0.2285158720047143,10730,,,2.138282216332152e-07,Information
445875,8455.0,1460.36735,MMR,Myanmar,Kachin,4.011350847,0.0,0.42,0.81,,,,,,,,,,,,,,,,,,,,,,,,,,5.330231728821881,80.22701694,0.0,,,,,,,,,,,,,,,,,0.0,0.0,19.40625,1.328860851091966,0.0,0.0,0.67921875,4.651012978821881,5.330231728821881,40123,,,0.0949420923592573,Information
445876,8456.0,7068.648496,CHN,China,Yunnan,4.005675503,0.0,0.59,0.57,,,,,,,,,,,,,,,,,,,,,,,,,,6.774358632478491,80.11351006,0.0,,,,,,,,,,,,,,,,,0.0,0.0,80.15625,1.1339685378509974,0.0,0.0,2.80546875,3.968889882478491,6.774358632478491,969000,,,0.1407633856626417,Information
445877,8457.0,2806.403696,MMR,Myanmar,Kachin,4.091309979,0.0,0.42,0.81,,,,,,,,,,,,,,,,,,,,,,,,,,7.366843906752553,81.82619958000001,0.0,,,,,,,,,,,,,,,,,0.0,0.0,46.125,1.643562544786444,0.0,0.0,1.614375,5.752468906752553,7.366843906752553,93810,,,0.1832651658656853,Information
445878,8458.0,9372.721631,MMR,Myanmar,Kachin,3.95971684,0.0,0.42,0.81,,,,,,,,,,,,,,,,,,,,,,,,,,3.224888929470928,79.1943368,0.0,,,,,,,,,,,,,,,,,0.0,0.0,44.578125,0.4756155869916935,0.0,0.0,1.560234375,1.6646545544709273,3.224888929470928,411365,,,0.0311379190756936,Information
445879,8459.0,6965.75025,MMR,Myanmar,Kachin,4.025409906,0.0,0.42,0.81,,,,,,,,,,,,,,,,,,,,,,,,,,8.858907938208455,80.50819812,0.0,,,,,,,,,,,,,,,,,0.0,0.0,103.921875,1.4918978037738442,0.0,0.0,3.637265625,5.221642313208455,8.858907938208455,436348,,,0.2151815505295596,Information
445880,8460.0,23272.18611,MMR,Myanmar,Kachin,4.390037528,0.0,0.42,0.81,,,,,,,,,,,,,,,,,,,,,,,,,,0.3025820707251125,87.80075056,0.0,,,,,,,,,,,,,,,,,0.0,0.0,6.046875,0.025983270207175,0.0,0.0,0.211640625,0.0909414457251125,0.3025820707251125,84305,,,0.0001091769253683,Information
445890,8461.0,24391.36559,MMR,Myanmar,Kachin,3.37806752,0.0,0.42,0.81,,,,,,,,,,,,,,,,,,,,,,,,,,0.3053490417690324,67.56135040000001,0.0,,,,,,,,,,,,,,,,,0.0,0.0,6.1875,0.0253675833625807,0.0,0.0,0.2165625,0.0887865417690324,0.3053490417690324,82764,,,1.5382121883712074e-06,Information
446000,16158.0,8459.502111,IND,India,Andaman and Nicobar,1.36295279,3.253565725,0.49,0.71,,,,,,,,,,,,,,,,,,,,,,,,,,1.0740036559909842,27.2590558,65.0713145,,,,,,,,,,,,,,,,,0.0,0.0,14.0625,0.1662331874259955,0.0,0.0,0.4921875,0.5818161559909842,1.0740036559909842,408108,,,0.0002489208228481,Information
451002,8463.0,10012.421,MMR,Myanmar,Chin,4.24438922,4.083461941,0.42,0.81,,,,,,,,,,,,,,,,,,,,,,,,,,12.838125580867745,84.88778440000002,81.66923882,,,,,,,,,,,,,,,,,0.0,0.0,183.515625,1.8328796302479264,0.0,0.0,6.423046875,6.415078705867742,12.838125580867745,174648,,,0.4352261123887128,Advisory
451004,8465.0,21493.02684,IND,India,Mizoram,4.046364165,1.809596728,0.49,0.71,,,,,,,,,,,,,,,,,,,,,,,,,,2.264524637921735,80.9272833,36.19193456,,,,,,,,,,,,,,,,,0.0,0.0,44.15625,0.2054445394062101,0.0,0.0,1.54546875,0.7190558879217354,2.264524637921735,728020,,,0.0165489377048348,Information
451006,8466.0,13988.68581,BGD,Bangladesh,Chittagong,4.257509251,4.059271178,0.44,0.78,,,,,,,,,,,,,,,,,,,,,,,,,,6.456862756857026,85.15018502000001,81.18542356,,,,,,,,,,,,,,,,,0.0,0.0,107.578125,0.769036680530579,0.0,0.0,3.765234375,2.6916283818570266,6.456862756857026,5902732,,,0.2024664009939836,Information
451008,8468.0,3804.934488,IND,India,Tripura,3.692922943,1.043515908,0.49,0.71,,,,,,,,,,,,,,,,,,,,,,,,,,9.785844371015909,73.85845886,20.87031816,,,,,,,,,,,,,,,,,0.0,0.0,77.0625,2.025330534575974,0.0,0.0,2.6971875,7.088656871015909,9.785844371015909,3969528,,,0.162904935825831,Information
452100,8470.0,176.3266756,BGD,Bangladesh,Chittagong,4.11836411,4.025007809,0.44,0.78,,,,,,,,,,,,,,,,,,,,,,,,,,35.81703125,82.3672822,80.50015618,3.0,,,,,,,,,,,,,,,,0.0,0.0,23.34375,13.23892140924722,0.0,0.0,0.81703125,35.0,35.81703125,465914,35937.0,7.713226046008491,0.7607345412629594,Watch
452206,8476.0,4672.841001,IND,India,Mizoram,4.078517496,0.0,0.49,0.71,,,,,,,,,,,,,,,,,,,,,,,,,,4.435531666202892,81.57034992,0.0,,,,,,,,,,,,,,,,,0.0,0.0,40.359375,0.8637010117722549,0.0,0.0,1.412578125,3.022953541202892,4.435531666202892,856186,,,0.0771779000293539,Information
452207,8477.0,7274.206401,IND,India,Assam,4.08920877,0.0,0.49,0.71,,,,,,,,,,,,,,,,,,,,,,,,,,22.639805176184403,81.7841754,0.0,,,,,,,,,,,,,,,,,0.0,0.0,272.390625,3.744609514624116,0.0,0.0,9.533671875,13.106133301184403,22.639805176184403,2318899,,,0.5860590670778856,Advisory
452209,8479.0,8125.269,IND,India,Manipur,2.071700687,0.0,0.49,0.71,,,,,,,,,,,,,,,,,,,,,,,,,,0.1646905013735743,41.43401374,0.0,,,,,,,,,,,,,,,,,0.0,0.0,2.109375,0.0259606789638784,0.0,0.0,0.073828125,0.0908623763735744,0.1646905013735743,579015,,,2.129053805662865e-09,Information
452412,8483.0,11670.8781,IND,India,West Bengal,4.006334731,0.0,0.49,0.71,,,,,,,,,,,,,,,,,,,,,,,,,,9.824535365432686,80.12669462,0.0,,,,,,,,,,,,,,,,,0.0,0.0,151.171875,1.2952913544093387,0.0,0.0,5.291015625,4.533519740432686,9.824535365432686,12779519,,,0.2405624284785535,Information
452418,8489.0,1927.724884,IND,India,Bihar,2.724325606,0.0,0.49,0.71,,,,,,,,,,,,,,,,,,,,,,,,,,1.7358731893861197,54.48651212,0.0,,,,,,,,,,,,,,,,,0.0,0.0,8.015625,0.4158075183960342,0.0,0.0,0.280546875,1.4553263143861197,1.7358731893861197,2683951,,,0.0005444325908983,Information
452434,8504.0,17458.31127,IND,India,Bihar,3.620795522,0.0,0.49,0.71,,,,,,,,,,,,,,,,,,,,,,,,,,3.382856755372609,72.41591044,0.0,,,,,,,,,,,,,,,,,0.0,0.0,61.453125,0.3519992515350312,0.0,0.0,2.150859375,1.2319973803726092,3.382856755372609,15205771,,,0.0179296795198082,Information
452437,8507.0,1921.707479,IND,India,Bihar,3.793442167,0.0,0.49,0.71,,,,,,,,,,,,,,,,,,,,,,,,,,2.839649312550839,75.86884334,0.0,,,,,,,,,,,,,,,,,0.0,0.0,13.078125,0.6805471250145255,0.0,0.0,0.457734375,2.38191493755084,2.839649312550839,3863288,,,0.0161845267599129,Information
452439,8509.0,1323.625022,IND,India,Bihar,2.496813941,0.0,0.49,0.71,,,,,,,,,,,,,,,,,,,,,,,,,,2.610614705474311,49.93627882,0.0,,,,,,,,,,,,,,,,,0.0,0.0,8.71875,0.6587024158498032,0.0,0.0,0.30515625,2.305458455474311,2.610614705474311,1793092,,,0.0015698899173898,Information
452441,8510.0,9432.691784,IND,India,Uttar Pradesh,2.873035752,0.0,0.49,0.71,,,,,,,,,,,,,,,,,,,,,,,,,,5.32337672900121,57.46071504,0.0,,,,,,,,,,,,,,,,,0.0,0.0,73.828125,0.7826835297146315,0.0,0.0,2.583984375,2.73939235400121,5.32337672900121,13839363,,,0.0188399397035601,Information
452447,8516.0,1596.670813,NPL,Nepal,Far-Western,4.098690701,0.0,0.46,0.75,,,,,,,,,,,,,,,,,,,,,,,,,,0.2859818752643555,81.97381401999999,0.0,,,,,,,,,,,,,,,,,0.0,0.0,1.125,0.0704591072183873,0.0,0.0,0.039375,0.2466068752643555,0.2859818752643555,59017,,,1.7090892464802636e-05,Information
452452,8520.0,9466.711129,IND,India,Uttar Pradesh,3.365628106,0.0,0.49,0.71,,,,,,,,,,,,,,,,,,,,,,,,,,0.4250826011569928,67.31256212,0.0,,,,,,,,,,,,,,,,,0.0,0.0,5.90625,0.0623896717591408,0.0,0.0,0.20671875,0.2183638511569928,0.4250826011569928,11447969,,,7.044723318973447e-06,Information
452454,8522.0,8133.561407,IND,India,Bihar,3.02269441,0.0,0.49,0.71,,,,,,,,,,,,,,,,,,,,,,,,,,4.169812567053693,60.4538882,0.0,,,,,,,,,,,,,,,,,0.0,0.0,53.4375,0.657000019158198,0.0,0.0,1.8703125,2.299500067053693,4.169812567053693,5219071,,,0.012237292042293,Information
452455,8523.0,4183.286492,IND,India,Uttar Pradesh,3.055888999,0.0,0.49,0.71,,,,,,,,,,,,,,,,,,,,,,,,,,6.090917420131481,61.11777998,0.0,,,,,,,,,,,,,,,,,0.0,0.0,51.328125,1.226980870037566,0.0,0.0,1.796484375,4.2944330451314805,6.090917420131481,4867672,,,0.0318883002017254,Information
452456,8524.0,31005.28614,IND,India,Uttar Pradesh,2.413260835,0.0,0.49,0.71,,,,,,,,,,,,,,,,,,,,,,,,,,0.7420608752155046,48.2652167,0.0,,,,,,,,,,,,,,,,,0.0,0.0,16.03125,0.0517048929187156,0.0,0.0,0.56109375,0.1809671252155046,0.7420608752155046,32493242,,,1.0956298757733049e-05,Information
452459,8527.0,572.0283786,IND,India,Uttar Pradesh,2.437999952,0.0,0.49,0.71,,,,,,,,,,,,,,,,,,,,,,,,,,7.822935985098462,48.75999904,0.0,,,,,,,,,,,,,,,,,0.0,0.0,12.09375,2.114187067170989,0.0,0.0,0.42328125,7.399654735098462,7.822935985098462,908182,,,0.0300908165611705,Information
452461,8528.0,11831.30945,IND,India,Uttar Pradesh,1.650215897,0.0,0.49,0.71,,,,,,,,,,,,,,,,,,,,,,,,,,6.166621974719076,33.00431794,0.0,,,,,,,,,,,,,,,,,0.0,0.0,95.484375,0.8070482427768789,0.0,0.0,3.341953125,2.8246688497190764,6.166621974719076,14513392,,,0.0085284950565702,Information
452462,8529.0,7054.147929,IND,India,Uttar Pradesh,3.431455916,0.0,0.49,0.71,,,,,,,,,,,,,,,,,,,,,,,,,,0.7615457815601872,68.62911832,0.0,,,,,,,,,,,,,,,,,0.0,0.0,9.0,0.1275845090171963,0.0,0.0,0.315,0.4465457815601871,0.7615457815601872,5060801,,,0.0001002899052309,Information
452463,8530.0,29.38605537,IND,India,Uttar Pradesh,3.185488369,0.0,0.49,0.71,,,,,,,,,,,,,,,,,,,,,,,,,,8.399117178325653,63.70976738,0.0,,,,,,,,,,,,,,,,,0.0,0.0,0.703125,2.3927165152359007,0.0,0.0,0.024609375,8.374507803325653,8.399117178325653,28122,,,0.0716759672873016,Information
452465,8532.0,271.6918673,IND,India,Uttar Pradesh,2.478579646,0.0,0.49,0.71,,,,,,,,,,,,,,,,,,,,,,,,,,0.1860783832447011,49.57159292,0.0,,,,,,,,,,,,,,,,,0.0,0.0,0.140625,0.0517590023556289,0.0,0.0,0.004921875,0.1811565082447011,0.1860783832447011,202531,,,1.0585954157777864e-08,Information
452466,8533.0,9724.79577,IND,India,Uttar Pradesh,1.571069927,0.0,0.49,0.71,,,,,,,,,,,,,,,,,,,,,,,,,,0.5291008693887804,31.42139854,0.0,,,,,,,,,,,,,,,,,0.0,0.0,7.453125,0.076640426968223,0.0,0.0,0.260859375,0.2682414943887805,0.5291008693887804,11619091,,,5.735679840652741e-07,Information
452468,8535.0,7663.985681,IND,India,Uttarakhand,4.028091454,0.0,0.49,0.71,,,,,,,,,,,,,,,,,,,,,,,,,,6.080361337161432,80.56182908,0.0,,,,,,,,,,,,,,,,,0.0,0.0,75.375,0.9834960963318377,0.0,0.0,2.638125,3.442236337161432,6.080361337161432,691769,,,0.1225822786998299,Information
452469,8536.0,11141.62916,IND,India,Uttarakhand,4.029978382,0.0,0.49,0.71,,,,,,,,,,,,,,,,,,,,,,,,,,9.572914866710452,80.59956764,0.0,,,,,,,,,,,,,,,,,0.0,0.0,144.140625,1.2937122833458432,0.0,0.0,5.044921875,4.527992991710451,9.572914866710452,973524,,,0.2399828877840176,Information
452473,8539.0,6709.091049,IND,India,Uttar Pradesh,3.167931236,0.0,0.49,0.71,,,,,,,,,,,,,,,,,,,,,,,,,,1.0174142403165285,63.35862472,0.0,,,,,,,,,,,,,,,,,0.0,0.0,11.671875,0.1739710329475796,0.0,0.0,0.408515625,0.6088986153165286,1.0174142403165285,4249693,,,0.000169241965949,Information
452475,8541.0,359.8735482,IND,India,Uttar Pradesh,4.018371007,0.0,0.49,0.71,,,,,,,,,,,,,,,,,,,,,,,,,,14.452243830059782,80.36742014,0.0,,,,,,,,,,,,,,,,,0.0,0.0,14.34375,3.9857750228742233,0.0,0.0,0.50203125,13.950212580059782,14.452243830059782,254648,,,0.379672611937498,Advisory
452476,8542.0,6575.348905,IND,India,Uttar Pradesh,1.445483171,0.0,0.49,0.71,,,,,,,,,,,,,,,,,,,,,,,,,,1.0670208539555486,28.90966342,0.0,,,,,,,,,,,,,,,,,0.0,0.0,12.09375,0.1839256011301567,0.0,0.0,0.42328125,0.6437396039555485,1.0670208539555486,6057093,,,1.3400028404380106e-05,Information
452477,8543.0,4141.536813,IND,India,Uttar Pradesh,1.246319719,0.0,0.49,0.71,,,,,,,,,,,,,,,,,,,,,,,,,,4.067064201735944,24.92639438,0.0,,,,,,,,,,,,,,,,,0.0,0.0,34.03125,0.8217058433531268,0.0,0.0,1.19109375,2.875970451735944,4.067064201735944,2047311,,,0.0017753245421533,Information
452479,8545.0,39.82277049,IND,India,Uttar Pradesh,3.94342725,0.0,0.49,0.71,,,,,,,,,,,,,,,,,,,,,,,,,,19.85386836245047,78.868545,0.0,,,,,,,,,,,,,,,,,0.0,0.0,2.25,5.650033817842992,0.0,0.0,0.07875,19.77511836245047,19.85386836245047,23357,,,0.4751365528241522,Advisory
452481,8547.0,10050.07635,IND,India,Madhya Pradesh,1.919795342,0.0,0.49,0.71,,,,,,,,,,,,,,,,,,,,,,,,,,6.461050611749743,38.39590684,0.0,,,,,,,,,,,,,,,,,0.0,0.0,92.53125,0.9207019604999266,0.0,0.0,3.23859375,3.222456861749743,6.461050611749743,2484140,,,0.0120686612666099,Information
452483,8549.0,1979.301337,IND,India,Madhya Pradesh,0.617621955,0.0,0.49,0.71,,,,,,,,,,,,,,,,,,,,,,,,,,2.204356697941803,12.352439099999998,0.0,,,,,,,,,,,,,,,,,0.0,0.0,10.40625,0.5257536994119437,0.0,0.0,0.36421875,1.840137947941803,2.204356697941803,418845,,,0.0001153032179763,Information
452485,8551.0,1364.784129,IND,India,Rajasthan,2.15205005,0.0,0.49,0.71,,,,,,,,,,,,,,,,,,,,,,,,,,7.254392900740478,43.041001,0.0,,,,,,,,,,,,,,,,,0.0,0.0,24.890625,1.823777435925851,0.0,0.0,0.871171875,6.383221025740478,7.254392900740478,159301,,,0.0196646659038181,Information
452486,8552.0,5706.70293,IND,India,Rajasthan,2.503418295,0.0,0.49,0.71,,,,,,,,,,,,,,,,,,,,,,,,,,3.6846755132989673,50.0683659,0.0,,,,,,,,,,,,,,,,,0.0,0.0,38.25,0.6702644323711335,0.0,0.0,1.33875,2.345925513298967,3.6846755132989673,1226532,,,0.0045740113310815,Information
452487,8553.0,106.0449358,IND,India,Rajasthan,4.038388947,0.0,0.49,0.71,,,,,,,,,,,,,,,,,,,,,,,,,,13.602535530297686,80.76777894,0.0,,,,,,,,,,,,,,,,,0.0,0.0,4.078125,3.845657472942196,0.0,0.0,0.142734375,13.459801155297686,13.602535530297686,24191,,,0.3645470465687548,Advisory
452489,8555.0,29199.65629,IND,India,Madhya Pradesh,1.665071176,0.0,0.49,0.71,,,,,,,,,,,,,,,,,,,,,,,,,,47.97906972877347,33.30142352,0.0,,,,,,,,,,,,,,,,,0.0,0.0,1082.8125,3.70830563679242,0.0,0.0,35.0,12.979069728773467,47.97906972877347,12984575,,,0.3709196017485944,Advisory
452491,8556.0,1356.196867,IND,India,Uttar Pradesh,1.296917011,0.0,0.49,0.71,,,,,,,,,,,,,,,,,,,,,,,,,,0.5357770518113727,25.93834022,0.0,,,,,,,,,,,,,,,,,0.0,0.0,1.828125,0.1347979076603922,0.0,0.0,0.063984375,0.4717926768113727,0.5357770518113727,1263548,,,4.133950750231488e-07,Information
452492,8557.0,25377.58534,IND,India,Rajasthan,3.435325161,0.0,0.49,0.71,,,,,,,,,,,,,,,,,,,,,,,,,,3.6845355903514494,68.70650322,0.0,,,,,,,,,,,,,,,,,0.0,0.0,75.515625,0.2975682043861287,0.0,0.0,2.643046875,1.0414887153514505,3.6845355903514494,17042022,,,0.0162070733195026,Information
452493,8558.0,1010.147338,IND,India,Uttar Pradesh,2.679572231,0.0,0.49,0.71,,,,,,,,,,,,,,,,,,,,,,,,,,0.4291696221714685,53.59144462,0.0,,,,,,,,,,,,,,,,,0.0,0.0,1.125,0.111369892048991,0.0,0.0,0.039375,0.3897946221714685,0.4291696221714685,1749802,,,1.410866070250381e-06,Information
452494,8559.0,4220.797102,IND,India,Uttar Pradesh,1.16666347,0.0,0.49,0.71,,,,,,,,,,,,,,,,,,,,,,,,,,0.1658288329177326,23.3332694,0.0,,,,,,,,,,,,,,,,,0.0,0.0,1.40625,0.0333171665479236,0.0,0.0,0.04921875,0.1166100829177325,0.1658288329177326,5422818,,,4.224156000700686e-10,Information
452495,8560.0,4162.938337,IND,India,Uttar Pradesh,3.056845337,0.0,0.49,0.71,,,,,,,,,,,,,,,,,,,,,,,,,,1.7582201994327027,61.13690674,0.0,,,,,,,,,,,,,,,,,0.0,0.0,14.765625,0.3546923784093436,0.0,0.0,0.516796875,1.2414233244327026,1.7582201994327027,5412793,,,0.0009816022072358,Information
452498,8563.0,18371.87872,IND,India,Haryana,3.10451143,0.0,0.49,0.71,,,,,,,,,,,,,,,,,,,,,,,,,,1.140135225467678,62.0902286,0.0,,,,,,,,,,,,,,,,,0.0,0.0,21.09375,0.1148154215621937,0.0,0.0,0.73828125,0.4018539754676779,1.140135225467678,20957710,,,0.0002291093093435,Information
452540,8568.0,23727.59709,BTN,Bhutan,Thimpu,4.04895028,0.0,0.62,0.53,,,,,,,,,,,,,,,,,,,,,,,,,,3.0573394398705496,80.9790056,0.0,,,,,,,,,,,,,,,,,0.0,0.0,61.453125,0.2589943042487284,0.0,0.0,2.150859375,0.9064800648705492,3.0573394398705496,4362228,,,0.0337749061012843,Information
452550,8569.0,15702.32335,IND,India,Assam,3.705446785,0.0,0.49,0.71,,,,,,,,,,,,,,,,,,,,,,,,,,31.23452080824923,74.1089357,0.0,,,,,,,,,,,,,,,,,0.0,0.0,545.203125,3.4721175523569228,0.0,0.0,19.082109375,12.15241143324923,31.23452080824923,6105177,,,0.5744150854315184,Advisory
452561,8570.0,140.751348,IND,India,Assam,4.048333927,0.0,0.49,0.71,,,,,,,,,,,,,,,,,,,,,,,,,,24.1133229901187,80.96667854,0.0,,,,,,,,,,,,,,,,,0.0,0.0,9.5625,6.793895854319628,0.0,0.0,0.3346875,23.7786354901187,24.1133229901187,125831,,,0.5935060839521359,Advisory
452562,8571.0,3774.737549,IND,India,Assam,3.018604987,0.0,0.49,0.71,,,,,,,,,,,,,,,,,,,,,,,,,,12.985702493323256,60.37209974,0.0,,,,,,,,,,,,,,,,,0.0,0.0,101.671875,2.693481962378073,0.0,0.0,3.558515625,9.427186868323256,12.985702493323256,1673356,,,0.1322786084748775,Information
452563,8572.0,704.8173635,IND,India,Assam,4.030884915,0.0,0.49,0.71,,,,,,,,,,,,,,,,,,,,,,,,,,7.774394717855372,80.6176983,0.0,,,,,,,,,,,,,,,,,0.0,0.0,14.625,2.0750056336729634,0.0,0.0,0.511875,7.262519717855372,7.774394717855372,625898,,,0.1804833085085355,Information
452564,8573.0,7465.178144,BTN,Bhutan,Bumthang,4.011497396,0.0,0.62,0.53,,,,,,,,,,,,,,,,,,,,,,,,,,0.2187847387386472,80.22994792,0.0,,,,,,,,,,,,,,,,,0.0,0.0,2.671875,0.0357911753538992,0.0,0.0,0.093515625,0.1252691137386472,0.2187847387386472,17141,,,3.3368978711107493e-06,Information
452565,8574.0,888.4282429,BTN,Bhutan,Zhemgang,4.006696588,0.0,0.62,0.53,,,,,,,,,,,,,,,,,,,,,,,,,,0.3016083920347351,80.13393176,0.0,,,,,,,,,,,,,,,,,0.0,0.0,0.703125,0.0791425762956386,0.0,0.0,0.024609375,0.2769990170347351,0.3016083920347351,5518,,,1.4093570702498696e-05,Information
452566,8575.0,10509.81589,IND,India,Arunachal Pradesh,3.187818082,0.0,0.49,0.71,,,,,,,,,,,,,,,,,,,,,,,,,,3.112019028169988,63.75636164,0.0,,,,,,,,,,,,,,,,,0.0,0.0,45.5625,0.4335232937628538,0.0,0.0,1.5946875,1.5173315281699884,3.112019028169988,106216,,,0.00704438321345,Information
452568,8577.0,2067.957203,CHN,China,Xizang,0.169594082,0.0,0.59,0.57,,,,,,,,,,,,,,,,,,,,,,,,,,3.0158663640602814,3.3918816400000003,0.0,,,,,,,,,,,,,,,,,0.0,0.0,14.765625,0.7140198540172232,0.0,0.0,0.516796875,2.499069489060281,3.0158663640602814,13927,,,0.0002633706794109,Information
452569,8578.0,3331.753249,CHN,China,Xizang,1.39559064,0.0,0.59,0.57,,,,,,,,,,,,,,,,,,,,,,,,,,7.759634024830148,27.9118128,0.0,,,,,,,,,,,,,,,,,0.0,0.0,55.40625,1.6629757928086135,0.0,0.0,1.93921875,5.820415274830148,7.759634024830148,17655,,,0.0129084488484948,Information
452570,8579.0,8910.707154,IND,India,Assam,2.249735045,0.0,0.49,0.71,,,,,,,,,,,,,,,,,,,,,,,,,,24.72432456024812,44.9947009,0.0,,,,,,,,,,,,,,,,,0.0,0.0,332.859375,3.735498981499461,0.0,0.0,11.650078125,13.074246435248114,24.72432456024812,4321029,,,0.211959132045586,Information
452580,8580.0,19749.87692,IND,India,Assam,4.011416794,0.0,0.49,0.71,,,,,,,,,,,,,,,,,,,,,,,,,,1.000887183610824,80.22833587999999,0.0,,,,,,,,,,,,,,,,,0.0,0.0,18.984375,0.0961240167459497,0.0,0.0,0.664453125,0.3364340586108239,1.000887183610824,5322214,,,0.0014254981156412,Information
452591,8581.0,39.35574089,IND,India,Assam,2.513074023,0.0,0.49,0.71,,,,,,,,,,,,,,,,,,,,,,,,,,35.349453125,50.26148046,0.0,,,,,,,,,,,,,,,,,0.0,0.0,9.984375,25.36955161609516,0.0,0.0,0.349453125,35.0,35.349453125,27374,,,0.3663648247896584,Advisory
452593,8583.0,1620.833573,IND,India,Assam,0.734390792,0.0,0.49,0.71,,,,,,,,,,,,,,,,,,,,,,,,,,11.15106943604409,14.68781584,0.0,,,,,,,,,,,,,,,,,0.0,0.0,44.4375,2.74164483886974,0.0,0.0,1.5553125,9.59575693604409,11.15106943604409,751663,,,0.0209364127302691,Information
452594,8584.0,2489.837412,IND,India,Arunachal Pradesh,3.132264803,0.0,0.49,0.71,,,,,,,,,,,,,,,,,,,,,,,,,,3.777529001232317,62.64529606,0.0,,,,,,,,,,,,,,,,,0.0,0.0,21.515625,0.8641377503520907,0.0,0.0,0.753046875,3.0244821262323174,3.777529001232317,1022731,,,0.0109704697323137,Information
452595,8585.0,2544.254274,IND,India,Assam,1.17314015,0.0,0.49,0.71,,,,,,,,,,,,,,,,,,,,,,,,,,14.050555003019456,23.462803,0.0,,,,,,,,,,,,,,,,,0.0,0.0,81.421875,3.2002255365769874,0.0,0.0,2.849765625,11.200789378019456,14.050555003019456,1112911,,,0.0450268073241179,Information
452596,8586.0,10866.22292,IND,India,Arunachal Pradesh,3.259368114,0.0,0.49,0.71,,,,,,,,,,,,,,,,,,,,,,,,,,1.077458777969979,65.18736228,0.0,,,,,,,,,,,,,,,,,0.0,0.0,16.03125,0.1475328651342796,0.0,0.0,0.56109375,0.5163650279699786,1.077458777969979,582370,,,0.0002550696593291,Information
452597,8587.0,5151.538693,IND,India,Assam,1.381550904,0.0,0.49,0.71,,,,,,,,,,,,,,,,,,,,,,,,,,5.327189814876127,27.63101808,0.0,,,,,,,,,,,,,,,,,0.0,0.0,51.75,1.0045542328217505,0.0,0.0,1.81125,3.515939814876127,5.327189814876127,1145368,,,0.0045409735412207,Information
452598,8588.0,12808.23508,IND,India,Assam,3.540807702,0.0,0.49,0.71,,,,,,,,,,,,,,,,,,,,,,,,,,3.365613141689967,70.81615404,0.0,,,,,,,,,,,,,,,,,0.0,0.0,54.0,0.4216037547685621,0.0,0.0,1.89,1.4756131416899674,3.365613141689967,3315627,,,0.0153861343745934,Information
452599,8589.0,503.1230364,IND,India,Assam,4.038362287,0.0,0.49,0.71,,,,,,,,,,,,,,,,,,,,,,,,,,10.78857609455835,80.76724573999999,0.0,,,,,,,,,,,,,,,,,0.0,0.0,14.765625,2.934794062730957,0.0,0.0,0.516796875,10.271779219558349,10.78857609455835,100477,,,0.2815891994019076,Information
452601,8590.0,2305.352747,IND,India,Arunachal Pradesh,4.061222172,0.0,0.49,0.71,,,,,,,,,,,,,,,,,,,,,,,,,,4.650081095012874,81.22444344,0.0,,,,,,,,,,,,,,,,,0.0,0.0,24.890625,1.0796883485751068,0.0,0.0,0.871171875,3.7789092200128738,4.650081095012874,502730,,,0.0814067681597353,Information
452602,8591.0,2487.803851,IND,India,Arunachal Pradesh,4.062992893,0.0,0.49,0.71,,,,,,,,,,,,,,,,,,,,,,,,,,0.2717647957414851,81.25985786,0.0,,,,,,,,,,,,,,,,,0.0,0.0,1.546875,0.0621783344975672,0.0,0.0,0.054140625,0.2176241707414851,0.2717647957414851,274491,,,1.150481693989725e-05,Information
452603,8592.0,3969.554201,IND,India,Assam,4.031524089,0.0,0.49,0.71,,,,,,,,,,,,,,,,,,,,,,,,,,1.160502801814161,80.63048178000001,0.0,,,,,,,,,,,,,,,,,0.0,0.0,9.421875,0.2373534790897603,0.0,0.0,0.329765625,0.830737176814161,1.160502801814161,957040,,,0.0024400212174978,Information
452606,8595.0,2339.982161,CHN,China,Xizang,2.732819043,0.0,0.59,0.57,,,,,,,,,,,,,,,,,,,,,,,,,,0.9863161895777292,54.65638086,0.0,,,,,,,,,,,,,,,,,0.0,0.0,5.34375,0.2283671255936369,0.0,0.0,0.18703125,0.7992849395777292,0.9863161895777292,4335,,,6.458184808998243e-05,Information
452607,8596.0,504.4104258,CHN,China,Xizang,4.002694263,0.0,0.59,0.57,,,,,,,,,,,,,,,,,,,,,,,,,,8.097394504883464,80.05388526000002,0.0,,,,,,,,,,,,,,,,,0.0,0.0,11.109375,2.202447537109561,0.0,0.0,0.388828125,7.708566379883464,8.097394504883464,1655,,,0.183663384588872,Information
452608,8597.0,2619.127818,CHN,China,Xizang,2.734546678,0.0,0.59,0.57,,,,,,,,,,,,,,,,,,,,,,,,,,5.762480907446663,54.690933560000005,0.0,,,,,,,,,,,,,,,,,0.0,0.0,34.171875,1.3047043664133322,0.0,0.0,1.196015625,4.566465282446663,5.762480907446663,3170,,,0.0195972492912969,Information
452802,8601.0,12167.66698,IND,India,Arunachal Pradesh,4.047530025,0.0,0.49,0.71,,,,,,,,,,,,,,,,,,,,,,,,,,0.5918166632446387,80.95060050000001,0.0,,,,,,,,,,,,,,,,,0.0,0.0,9.28125,0.0762779752127539,0.0,0.0,0.32484375,0.2669729132446386,0.5918166632446387,61213,,,0.0002586891178142,Information
452803,8602.0,1141.613093,IND,India,Arunachal Pradesh,4.073483929,0.0,0.49,0.71,,,,,,,,,,,,,,,,,,,,,,,,,,8.646338159937436,81.46967858,0.0,,,,,,,,,,,,,,,,,0.0,0.0,25.3125,2.217257331410696,0.0,0.0,0.8859375,7.760400659937435,8.646338159937436,104795,,,0.2229486949745862,Information
452804,8603.0,3309.014278,IND,India,Arunachal Pradesh,4.03987448,0.0,0.49,0.71,,,,,,,,,,,,,,,,,,,,,,,,,,0.6928606134695801,80.7974896,0.0,,,,,,,,,,,,,,,,,0.0,0.0,4.921875,0.1487414252770229,0.0,0.0,0.172265625,0.5205949884695801,0.6928606134695801,177044,,,0.0004469255939739,Information
452805,8604.0,4408.387204,IND,India,Arunachal Pradesh,4.003915101,0.0,0.49,0.71,,,,,,,,,,,,,,,,,,,,,,,,,,3.8768880485892288,80.07830202,0.0,,,,,,,,,,,,,,,,,0.0,0.0,33.890625,0.7687760495969225,0.0,0.0,1.186171875,2.6907161735892284,3.8768880485892288,96015,,,0.0508385673253274,Information
452910,8609.0,21532.90154,IND,India,Arunachal Pradesh,3.785708072,0.0,0.49,0.71,,,,,,,,,,,,,,,,,,,,,,,,,,2.119040662037652,75.71416144,0.0,,,,,,,,,,,,,,,,,0.0,0.0,41.34375,0.1920026891536148,0.0,0.0,1.44703125,0.6720094120376517,2.119040662037652,233299,,,0.007365411998901,Information
452920,8610.0,28973.72641,CHN,China,Xizang,3.974411024,0.0,0.59,0.57,,,,,,,,,,,,,,,,,,,,,,,,,,4.5086369818110565,79.48822048,0.0,,,,,,,,,,,,,,,,,0.0,0.0,95.765625,0.330525744803159,0.0,0.0,3.351796875,1.1568401068110563,4.5086369818110565,84394,,,0.0648856391831237,Information
452930,8611.0,2159.936226,CHN,China,Xizang,4.017768576,0.0,0.59,0.57,,,,,,,,,,,,,,,,,,,,,,,,,,3.047990674001154,80.35537152,0.0,,,,,,,,,,,,,,,,,0.0,0.0,15.46875,0.7161669782860439,0.0,0.0,0.54140625,2.506584424001154,3.047990674001154,3461,,,0.0312085331337022,Information
452940,8612.0,17968.76956,CHN,China,Xizang,4.033725119,0.0,0.59,0.57,,,,,,,,,,,,,,,,,,,,,,,,,,5.263108685135008,80.67450237999999,0.0,,,,,,,,,,,,,,,,,0.0,0.0,96.609375,0.5376515886100023,0.0,0.0,3.381328125,1.881780560135008,5.263108685135008,99690,,,0.0966799840847398,Information
452962,8615.0,4988.94201,CHN,China,Xizang,4.003028913,0.0,0.59,0.57,,,,,,,,,,,,,,,,,,,,,,,,,,2.676527304786461,80.06057826,0.0,,,,,,,,,,,,,,,,,0.0,0.0,25.453125,0.5101908370818461,0.0,0.0,0.890859375,1.7856679297864613,2.676527304786461,39160,,,0.022312158554246,Information
452964,8617.0,3918.044364,CHN,China,Xizang,2.112050693,0.0,0.59,0.57,,,,,,,,,,,,,,,,,,,,,,,,,,1.3462638128901758,42.24101386,0.0,,,,,,,,,,,,,,,,,0.0,0.0,10.828125,0.2763655536829074,0.0,0.0,0.378984375,0.967279437890176,1.3462638128901758,26518,,,8.531541977325556e-05,Information
452965,8618.0,1336.636896,CHN,China,Xizang,4.007433626,0.0,0.59,0.57,,,,,,,,,,,,,,,,,,,,,,,,,,1.711532806906921,80.14867252,0.0,,,,,,,,,,,,,,,,,0.0,0.0,5.765625,0.4313531234019774,0.0,0.0,0.201796875,1.509735931906921,1.711532806906921,144,,,0.0071253423226109,Information
452966,8619.0,2224.040735,CHN,China,Xizang,0.315307712,0.0,0.59,0.57,,,,,,,,,,,,,,,,,,,,,,,,,,0.405783038611972,6.306154240000001,0.0,,,,,,,,,,,,,,,,,0.0,0.0,2.109375,0.094844261031992,0.0,0.0,0.073828125,0.331954913611972,0.405783038611972,1232,,,2.6347400412197817e-08,Information
452967,8620.0,1405.469628,CHN,China,Xizang,4.015470202,0.0,0.59,0.57,,,,,,,,,,,,,,,,,,,,,,,,,,0.878708784199366,80.30940404,0.0,,,,,,,,,,,,,,,,,0.0,0.0,3.09375,0.2201221526283903,0.0,0.0,0.10828125,0.770427534199366,0.878708784199366,33,,,0.0009372025556192,Information
452968,8621.0,2317.47058,CHN,China,Xizang,1.016012202,0.0,0.59,0.57,,,,,,,,,,,,,,,,,,,,,,,,,,6.121442034184603,20.32024404,0.0,,,,,,,,,,,,,,,,,0.0,0.0,32.90625,1.419920938338458,0.0,0.0,1.15171875,4.969723284184603,6.121442034184603,1091,,,0.0051407115620692,Information
452969,8622.0,4808.719523,CHN,China,Xizang,3.06297478,0.0,0.59,0.57,,,,,,,,,,,,,,,,,,,,,,,,,,4.547156434320203,61.2594956,0.0,,,,,,,,,,,,,,,,,0.0,0.0,42.1875,0.8773125526629152,0.0,0.0,1.4765625,3.070593934320203,4.547156434320203,4620,,,0.016081313251319,Information
452973,8625.0,3760.537924,CHN,China,Xizang,3.510076005,0.0,0.59,0.57,,,,,,,,,,,,,,,,,,,,,,,,,,2.971665777140342,70.20152010000001,0.0,,,,,,,,,,,,,,,,,0.0,0.0,23.203125,0.6170161148972406,0.0,0.0,0.812109375,2.159556402140342,2.971665777140342,27899,,,0.0105739172604103,Information
452974,8626.0,7444.461438,CHN,China,Xizang,3.964892068,0.0,0.59,0.57,,,,,,,,,,,,,,,,,,,,,,,,,,1.557000061417879,79.29784136,0.0,,,,,,,,,,,,,,,,,0.0,0.0,18.984375,0.2550134104051083,0.0,0.0,0.664453125,0.892546936417879,1.557000061417879,74382,,,0.004834081869268,Information
452977,8629.0,3666.596102,CHN,China,Xizang,3.84573908,0.0,0.59,0.57,,,,,,,,,,,,,,,,,,,,,,,,,,0.7338171516242514,76.9147816,0.0,,,,,,,,,,,,,,,,,0.0,0.0,5.625,0.1534120433212147,0.0,0.0,0.196875,0.5369421516242514,0.7338171516242514,22185,,,0.000281658682755,Information
453114,8646.0,7654.507724,BGD,Bangladesh,Khulna,4.268729833,4.085391586,0.44,0.78,,,,,,,,,,,,,,,,,,,,,,,,,,45.48710202185441,85.37459666000001,81.70783172,3.0,,,,,,,,,,,,,,,,0.0,0.0,563.484375,7.361471113386976,0.0,0.0,19.721953125,25.765148896854416,45.48710202185441,8367334,287960.0,3.441478492432595,0.8717429515626456,Warning
453130,8652.0,981.6989014,IND,India,West Bengal,4.050781268,4.061111263,0.49,0.71,,,,,,,,,,,,,,,,,,,,,,,,,,8.864366071504781,81.01562536,81.22222526,,,,,,,,,,,,,,,,,0.0,0.0,22.640625,2.306269770429937,0.0,0.0,0.792421875,8.07194419650478,8.864366071504781,1645302,,,0.2264363117035168,Information
453142,8654.0,6810.667052,IND,India,West Bengal,3.791393374,1.862671929,0.49,0.71,,,,,,,,,,,,,,,,,,,,,,,,,,4.118372022855292,75.82786748000001,37.25343858,,,,,,,,,,,,,,,,,0.0,0.0,47.671875,0.6999589708157978,0.0,0.0,1.668515625,2.4498563978552923,4.118372022855292,5068189,,,0.0383850252738605,Information
453143,8655.0,20.40803876,IND,India,West Bengal,4.108340903,4.018067038,0.49,0.71,,,,,,,,,,,,,,,,,,,,,,,,,,35.118125,82.16681806,80.36134075999999,3.0,,,,,,,,,,,,,,,,0.0,0.0,3.375,16.537600891852982,0.0,0.0,0.118125,35.0,35.118125,23763,2420.0,10.183899339309011,0.7510052442514372,Watch
453144,8656.0,8137.651188,IND,India,West Bengal,3.336404477,1.443262149,0.49,0.71,,,,,,,,,,,,,,,,,,,,,,,,,,2.0733582979567142,66.72808954,28.86524298,,,,,,,,,,,,,,,,,0.0,0.0,26.578125,0.3266068351304897,0.0,0.0,0.930234375,1.143123922956714,2.0733582979567142,5406256,,,0.0027554733414022,Information
453145,8657.0,4310.236743,IND,India,West Bengal,3.389343526,1.239368322,0.49,0.71,,,,,,,,,,,,,,,,,,,,,,,,,,18.13841158580264,67.78687052000001,24.78736644,,,,,,,,,,,,,,,,,0.0,0.0,156.09375,3.6214658102293247,0.0,0.0,5.46328125,12.675130335802637,18.13841158580264,5292713,,,0.2828681151520485,Information
453146,8658.0,7079.917226,IND,India,Jharkhand,0.416460545,0.0,0.49,0.71,,,,,,,,,,,,,,,,,,,,,,,,,,4.607017763945529,8.3292109,0.0,,,,,,,,,,,,,,,,,0.0,0.0,54.5625,0.7706657896987226,0.0,0.0,1.9096875,2.697330263945529,4.607017763945529,5129541,,,0.0013920447242331,Information
453147,8659.0,4735.344532,IND,India,Jharkhand,2.130280616,0.0,0.49,0.71,,,,,,,,,,,,,,,,,,,,,,,,,,8.377734985337522,42.60561232,0.0,,,,,,,,,,,,,,,,,0.0,0.0,76.921875,1.6244198172392923,0.0,0.0,2.692265625,5.685469360337523,8.377734985337522,5127323,,,0.0271541778393632,Information
453148,8660.0,1988.794417,IND,India,Jharkhand,2.437087989,0.0,0.49,0.71,,,,,,,,,,,,,,,,,,,,,,,,,,4.035107497309397,48.74175978,0.0,,,,,,,,,,,,,,,,,0.0,0.0,19.125,0.9616378563741136,0.0,0.0,0.669375,3.3657324973093976,4.035107497309397,1394566,,,0.0055134775719147,Information
453149,8661.0,4647.215766,IND,India,Jharkhand,2.877121378,0.0,0.49,0.71,,,,,,,,,,,,,,,,,,,,,,,,,,7.244521450701734,57.54242756,0.0,,,,,,,,,,,,,,,,,0.0,0.0,65.671875,1.4131445216290668,0.0,0.0,2.298515625,4.946005825701734,7.244521450701734,2033578,,,0.0385087438479016,Information
453160,8663.0,19477.38358,IND,India,Jharkhand,2.507307841,1.808143452,0.49,0.71,,,,,,,,,,,,,,,,,,,,,,,,,,7.657411921928702,50.14615682,36.16286904,,,,,,,,,,,,,,,,,0.0,0.0,144.5625,0.742206977693915,0.0,0.0,5.0596875,2.5977244219287026,7.657411921928702,10128355,,,0.0305050995662994,Information
453170,8664.0,10406.31304,IND,India,Odisha,3.616166383,3.093262129,0.49,0.71,,,,,,,,,,,,,,,,,,,,,,,,,,24.41848747090481,72.32332766,61.86524258,,,,,,,,,,,,,,,,,0.0,0.0,355.78125,3.418898205972804,0.0,0.0,12.45234375,11.966143720904814,24.41848747090481,4920917,,,0.4501630643078107,Advisory
453181,8665.0,95.35798005,IND,India,Odisha,3.514188177,4.032869643,0.49,0.71,,,,,,,,,,,,,,,,,,,,,,,,,,35.67921875,70.28376354,80.65739285999999,3.0,,,,,,,,,,,,,,,,0.0,0.0,19.40625,20.350944923654467,0.0,0.0,0.67921875,35.0,35.67921875,26957,2001.0,7.422932818933857,0.7298165048279326,Watch
453182,8666.0,11970.68562,IND,India,Odisha,3.588768268,3.024740423,0.49,0.71,,,,,,,,,,,,,,,,,,,,,,,,,,6.007265262808246,71.77536536,60.49480846,,,,,,,,,,,,,,,,,0.0,0.0,93.515625,0.7812052536594988,0.0,0.0,3.273046875,2.7342183878082458,6.007265262808246,3703264,,,0.0609044333131783,Information
453184,8668.0,2491.546559,IND,India,Odisha,3.336362803,0.0,0.49,0.71,,,,,,,,,,,,,,,,,,,,,,,,,,0.838989838237291,66.72725606,0.0,,,,,,,,,,,,,,,,,0.0,0.0,4.78125,0.1918988823535117,0.0,0.0,0.16734375,0.671646088237291,0.838989838237291,329667,,,0.0001164820298282,Information
453185,8669.0,7814.109318,IND,India,Odisha,2.524242698,0.0,0.49,0.71,,,,,,,,,,,,,,,,,,,,,,,,,,3.7027905794694913,50.48485396,0.0,,,,,,,,,,,,,,,,,0.0,0.0,46.40625,0.5938776655627117,0.0,0.0,1.62421875,2.078571829469491,3.7027905794694913,1150210,,,0.0047544853988657,Information
453187,8671.0,4974.062461,IND,India,Jharkhand,2.083317897,0.0,0.49,0.71,,,,,,,,,,,,,,,,,,,,,,,,,,1.096454729930554,41.666357940000005,0.0,,,,,,,,,,,,,,,,,0.0,0.0,10.40625,0.2092102799801583,0.0,0.0,0.36421875,0.732235979930554,1.096454729930554,1386406,,,3.532338830393365e-05,Information
453189,8673.0,4927.386414,IND,India,Jharkhand,1.029963667,0.0,0.49,0.71,,,,,,,,,,,,,,,,,,,,,,,,,,0.6113382790018385,20.599273340000003,0.0,,,,,,,,,,,,,,,,,0.0,0.0,5.765625,0.117011829714811,0.0,0.0,0.201796875,0.4095414040018384,0.6113382790018385,1960647,,,5.676370021194001e-07,Information
453190,8674.0,888.2661447,IND,India,Odisha,4.159958629,4.000732928,0.49,0.71,,,,,,,,,,,,,,,,,,,,,,,,,,39.3509375,83.19917258000001,80.01465855999999,3.0,,,,,,,,,,,,,,,,0.0,0.0,124.3125,13.994960940264834,0.0,0.0,4.3509375,35.0,39.3509375,384223,48796.0,12.699916454767154,0.8026407818368191,Warning
453240,8678.0,12729.19575,IND,India,Odisha,1.618802856,0.0,0.49,0.71,,,,,,,,,,,,,,,,,,,,,,,,,,3.50660283254292,32.37605712,0.0,,,,,,,,,,,,,,,,,0.0,0.0,56.109375,0.4407927735836914,0.0,0.0,1.963828125,1.54277470754292,3.50660283254292,2737905,,,0.0015416218683246,Information
453270,8681.0,4461.669649,IND,India,Chhattisgarh,2.378920631,0.0,0.49,0.71,,,,,,,,,,,,,,,,,,,,,,,,,,2.4089542528389893,47.57841262,0.0,,,,,,,,,,,,,,,,,0.0,0.0,21.234375,0.4759288936682827,0.0,0.0,0.743203125,1.6657511278389896,2.4089542528389893,1163376,,,0.0010345660821873,Information
453291,8683.0,2999.494633,IND,India,Chhattisgarh,1.561634653,0.0,0.49,0.71,,,,,,,,,,,,,,,,,,,,,,,,,,3.988876278816927,31.232693060000003,0.0,,,,,,,,,,,,,,,,,0.0,0.0,26.296875,0.8767101868048364,0.0,0.0,0.920390625,3.068485653816927,3.988876278816927,1260500,,,0.0022051513332679,Information
453293,8685.0,238.6574531,IND,India,Chhattisgarh,3.316526965,0.0,0.49,0.71,,,,,,,,,,,,,,,,,,,,,,,,,,0.6334609477593691,66.3305393,0.0,,,,,,,,,,,,,,,,,0.0,0.0,0.421875,0.1767700922169626,0.0,0.0,0.014765625,0.6186953227593691,0.6334609477593691,69925,,,3.546445213826645e-05,Information
453297,8689.0,486.1195226,IND,India,Chhattisgarh,2.458464577,0.0,0.49,0.71,,,,,,,,,,,,,,,,,,,,,,,,,,1.3802115994638091,49.16929154,0.0,,,,,,,,,,,,,,,,,0.0,0.0,1.828125,0.3760649212753741,0.0,0.0,0.063984375,1.3162272244638094,1.3802115994638091,183062,,,0.0001553186458341,Information
453298,8690.0,4117.263857,IND,India,Chhattisgarh,1.391929753,0.0,0.49,0.71,,,,,,,,,,,,,,,,,,,,,,,,,,2.936443574970885,27.838595060000003,0.0,,,,,,,,,,,,,,,,,0.0,0.0,24.46875,0.5942963785631099,0.0,0.0,0.85640625,2.080037324970885,2.936443574970885,3674030,,,0.00068308137688,Information
453303,8694.0,155.6178894,IND,India,Odisha,4.012276686,0.0,0.49,0.71,,,,,,,,,,,,,,,,,,,,,,,,,,36.599609375,80.24553372,0.0,3.0,,,,,,,,,,,,,,,,0.0,0.0,45.703125,29.36881176690066,0.0,0.0,1.599609375,35.0,36.599609375,43767,10473.0,23.928987593392282,0.7312698223717802,Watch
453304,8695.0,7918.392532,IND,India,Odisha,3.026099583,0.0,0.49,0.71,,,,,,,,,,,,,,,,,,,,,,,,,,3.229911309358605,60.521991660000005,0.0,,,,,,,,,,,,,,,,,0.0,0.0,40.78125,0.5150193026738871,0.0,0.0,1.42734375,1.8025675593586048,3.229911309358605,2548234,,,0.0061522496948549,Information
453306,8697.0,10738.57212,IND,India,Odisha,3.094184654,0.0,0.49,0.71,,,,,,,,,,,,,,,,,,,,,,,,,,2.23373040207752,61.88369308,0.0,,,,,,,,,,,,,,,,,0.0,0.0,33.046875,0.3077399363078628,0.0,0.0,1.156640625,1.0770897770775196,2.23373040207752,1792332,,,0.0022772004061969,Information
453307,8698.0,144.8285246,IND,India,Andhra Pradesh,4.001893734,2.088250929,0.49,0.71,,,,,,,,,,,,,,,,,,,,,,,,,,24.478203033971404,80.03787468,41.76501858,,,,,,,,,,,,,,,,,0.0,0.0,9.984375,6.893928545420401,0.0,0.0,0.349453125,24.128749908971404,24.478203033971404,109909,,,0.5808022704693155,Advisory
453443,8706.0,382.9204932,IND,India,Chhattisgarh,4.006339349,0.0,0.49,0.71,,,,,,,,,,,,,,,,,,,,,,,,,,0.1334570432112918,80.12678698,0.0,,,,,,,,,,,,,,,,,0.0,0.0,0.140625,0.0367243337746548,0.0,0.0,0.004921875,0.1285351682112918,0.1334570432112918,26337,,,2.817149304758832e-07,Information
453445,8708.0,10801.56544,IND,India,Chhattisgarh,2.361914486,0.0,0.49,0.71,,,,,,,,,,,,,,,,,,,,,,,,,,0.1611346052203265,47.23828972,0.0,,,,,,,,,,,,,,,,,0.0,0.0,2.390625,0.022132208634379,0.0,0.0,0.083671875,0.0774627302203265,0.1611346052203265,429100,,,3.492164955475341e-09,Information
453447,8710.0,652.6181626,IND,India,Chhattisgarh,2.141954423,0.0,0.49,0.71,,,,,,,,,,,,,,,,,,,,,,,,,,0.4016962599597913,42.83908846,0.0,,,,,,,,,,,,,,,,,0.0,0.0,0.703125,0.1077391099885118,0.0,0.0,0.024609375,0.3770868849597913,0.4016962599597913,105731,,,3.5624231002515977e-07,Information
453448,8711.0,3548.124606,IND,India,Chhattisgarh,2.451140393,0.0,0.49,0.71,,,,,,,,,,,,,,,,,,,,,,,,,,0.8269201510057597,49.02280786,0.0,,,,,,,,,,,,,,,,,0.0,0.0,6.1875,0.1743879002873599,0.0,0.0,0.2165625,0.6103576510057597,0.8269201510057597,786949,,,1.882676517599724e-05,Information
453449,8712.0,8114.106674,IND,India,Odisha,2.597853513,0.0,0.49,0.71,,,,,,,,,,,,,,,,,,,,,,,,,,3.658904054242165,51.95707026,0.0,,,,,,,,,,,,,,,,,0.0,0.0,46.828125,0.5771199083549042,0.0,0.0,1.638984375,2.019919679242165,3.658904054242165,2018770,,,0.0050129996825862,Information
453450,8713.0,1486.615042,IND,India,Telangana,1.624016387,0.0,0.49,0.71,,,,,,,,,,,,,,,,,,,,,,,,,,0.9507451798637208,32.48032774,0.0,,,,,,,,,,,,,,,,,0.0,0.0,3.515625,0.2364852299610631,0.0,0.0,0.123046875,0.8276983048637209,0.9507451798637208,113037,,,1.008826825868069e-05,Information
453463,8716.0,2820.771755,IND,India,Maharashtra,3.162686205,0.0,0.49,0.71,,,,,,,,,,,,,,,,,,,,,,,,,,1.2974923195046535,63.2537241,0.0,,,,,,,,,,,,,,,,,0.0,0.0,8.15625,0.2891495912870439,0.0,0.0,0.28546875,1.0120235695046536,1.2974923195046535,276906,,,0.0004134892457373,Information
453471,8723.0,794.9726642,IND,India,Telangana,1.550699796,0.0,0.49,0.71,,,,,,,,,,,,,,,,,,,,,,,,,,0.2673375247816273,31.01399592,0.0,,,,,,,,,,,,,,,,,0.0,0.0,0.5625,0.0707571499376078,0.0,0.0,0.0196875,0.2476500247816273,0.2673375247816273,78258,,,1.4028602739131316e-08,Information
453476,8728.0,1663.130552,IND,India,Telangana,3.76146916,0.0,0.49,0.71,,,,,,,,,,,,,,,,,,,,,,,,,,2.209018480166002,75.2293832,0.0,,,,,,,,,,,,,,,,,0.0,0.0,9.0,0.5411481371902863,0.0,0.0,0.315,1.894018480166002,2.209018480166002,467263,,,0.0078221474411393,Information
453479,8731.0,1527.766218,IND,India,Telangana,0.881258771,0.0,0.49,0.71,,,,,,,,,,,,,,,,,,,,,,,,,,8.281780211524753,17.62517542,0.0,,,,,,,,,,,,,,,,,0.0,0.0,31.359375,2.052629167578501,0.0,0.0,1.097578125,7.184202086524753,8.281780211524753,832358,,,0.0108030567433589,Information
453483,8734.0,69.63614856,IND,India,Maharashtra,4.065119386,0.0,0.49,0.71,,,,,,,,,,,,,,,,,,,,,,,,,,35.2953125,81.30238772,0.0,3.0,,,,,,,,,,,,,,,,0.0,0.0,8.4375,12.116551783058576,0.0,0.0,0.2953125,35.0,35.2953125,14688,1160.0,7.897603485838781,0.7374013280342815,Watch
453485,8736.0,12149.04301,IND,India,Telangana,3.108481896,0.0,0.49,0.71,,,,,,,,,,,,,,,,,,,,,,,,,,33.55946887775289,62.16963792,0.0,,,,,,,,,,,,,,,,,0.0,0.0,525.9375,4.329044679357969,0.0,0.0,18.4078125,15.15165637775289,33.55946887775289,4332484,,,0.452323581656589,Advisory
453486,8737.0,2913.876809,IND,India,Karnataka,0.000463204,0.0,0.49,0.71,,,,,,,,,,,,,,,,,,,,,,,,,,10.252124934745124,0.00926408,0.0,,,,,,,,,,,,,,,,,0.0,0.0,66.09375,2.268241052784321,0.0,0.0,2.31328125,7.938843684745124,10.252124934745124,1272369,,,0.0113754325097846,Information
453487,8738.0,202.3573727,IND,India,Karnataka,3.486745388,0.0,0.49,0.71,,,,,,,,,,,,,,,,,,,,,,,,,,24.5667255628632,69.73490776,0.0,,,,,,,,,,,,,,,,,0.0,0.0,13.921875,6.879845696532342,0.0,0.0,0.487265625,24.079459937863195,24.5667255628632,48596,,,0.4173794475792051,Advisory
453488,8739.0,3146.862095,IND,India,Maharashtra,1.676767044,0.0,0.49,0.71,,,,,,,,,,,,,,,,,,,,,,,,,,16.92290089749687,33.53534088,0.0,,,,,,,,,,,,,,,,,0.0,0.0,115.734375,3.677770792141963,0.0,0.0,4.050703125,12.87219777249687,16.92290089749687,892932,,,0.08565563469257,Information
453489,8740.0,6886.333553,IND,India,Maharashtra,1.157111325,0.0,0.49,0.71,,,,,,,,,,,,,,,,,,,,,,,,,,25.128039946004822,23.1422265,0.0,,,,,,,,,,,,,,,,,0.0,0.0,292.78125,4.251627484572808,0.0,0.0,10.24734375,14.880696196004829,25.128039946004822,2357016,,,0.131789419588969,Information
453494,8744.0,4038.773491,IND,India,Maharashtra,1.109346437,0.0,0.49,0.71,,,,,,,,,,,,,,,,,,,,,,,,,,4.721927685562436,22.18692874,0.0,,,,,,,,,,,,,,,,,0.0,0.0,38.8125,0.9609971958749818,0.0,0.0,1.3584375,3.363490185562436,4.721927685562436,1069775,,,0.0025386172297357,Information
453495,8745.0,7477.624026,IND,India,Maharashtra,0.925529056,0.0,0.49,0.71,,,,,,,,,,,,,,,,,,,,,,,,,,5.268837754725958,18.51058112,0.0,,,,,,,,,,,,,,,,,0.0,0.0,64.40625,0.861319715635988,0.0,0.0,2.25421875,3.014619004725958,5.268837754725958,3723281,,,0.0030844749876764,Information
453496,8746.0,2648.593232,IND,India,Maharashtra,3.056844165,0.0,0.49,0.71,,,,,,,,,,,,,,,,,,,,,,,,,,6.205281216209533,61.1368833,0.0,,,,,,,,,,,,,,,,,0.0,0.0,37.125,1.401687490345581,0.0,0.0,1.299375,4.905906216209534,6.205281216209533,575267,,,0.0332791602445636,Information
453497,8747.0,301.6083275,IND,India,Maharashtra,3.268731322,0.0,0.49,0.71,,,,,,,,,,,,,,,,,,,,,,,,,,20.34125084670881,65.37462644,0.0,,,,,,,,,,,,,,,,,0.0,0.0,17.015625,5.641629706202519,0.0,0.0,0.595546875,19.745703971708814,20.34125084670881,59002,,,0.2973852071764746,Information
453498,8748.0,6369.826149,IND,India,Maharashtra,2.726756446,0.0,0.49,0.71,,,,,,,,,,,,,,,,,,,,,,,,,,1.922607603599393,54.53512892,0.0,,,,,,,,,,,,,,,,,0.0,0.0,21.375,0.3355664581712554,0.0,0.0,0.748125,1.1744826035993938,1.922607603599393,1953310,,,0.0007800711522042,Information
453499,8749.0,9688.784807,IND,India,Maharashtra,2.286267143,0.0,0.49,0.71,,,,,,,,,,,,,,,,,,,,,,,,,,5.681048771587482,45.72534286,0.0,,,,,,,,,,,,,,,,,0.0,0.0,79.875,0.8244067918821377,0.0,0.0,2.795625,2.885423771587482,5.681048771587482,5372508,,,0.0120064889167112,Information
453642,8755.0,3535.865827,IND,India,Andhra Pradesh,3.835343213,0.0,0.49,0.71,,,,,,,,,,,,,,,,,,,,,,,,,,0.8667197152156894,76.70686426,0.0,,,,,,,,,,,,,,,,,0.0,0.0,6.46875,0.1829467043473398,0.0,0.0,0.22640625,0.6403134652156893,0.8667197152156894,1087834,,,0.0004988077251904,Information
453647,8760.0,5230.77434,IND,India,Karnataka,1.239740785,0.0,0.49,0.71,,,,,,,,,,,,,,,,,,,,,,,,,,1.4904586029981828,24.7948157,0.0,,,,,,,,,,,,,,,,,0.0,0.0,14.625,0.279595315142338,0.0,0.0,0.511875,0.9785836029981828,1.4904586029981828,1095542,,,4.406619445236589e-05,Information
453648,8761.0,5241.377691,IND,India,Karnataka,2.646525569,0.0,0.49,0.71,,,,,,,,,,,,,,,,,,,,,,,,,,0.457993513906768,52.93051138,0.0,,,,,,,,,,,,,,,,,0.0,0.0,4.5,0.085855289687648,0.0,0.0,0.1575,0.300493513906768,0.457993513906768,1584895,,,1.8061613258469444e-06,Information
453649,8762.0,14840.87292,IND,India,Karnataka,2.690594239,0.0,0.49,0.71,,,,,,,,,,,,,,,,,,,,,,,,,,2.6197817144783886,53.81188478,0.0,,,,,,,,,,,,,,,,,0.0,0.0,44.71875,0.3013215612795396,0.0,0.0,1.56515625,1.0546254644783886,2.6197817144783886,4255590,,,0.0020547519479488,Information
453662,8765.0,3358.269733,IND,India,Karnataka,2.539344305,0.0,0.49,0.71,,,,,,,,,,,,,,,,,,,,,,,,,,8.947081906830206,50.7868861,0.0,,,,,,,,,,,,,,,,,0.0,0.0,64.265625,1.9136528662372017,0.0,0.0,2.249296875,6.697785031830206,8.947081906830206,423327,,,0.0441128158984688,Information
453663,8766.0,1887.218907,IND,India,Karnataka,1.548311479,0.0,0.49,0.71,,,,,,,,,,,,,,,,,,,,,,,,,,1.4880920576233636,30.966229580000004,0.0,,,,,,,,,,,,,,,,,0.0,0.0,6.75,0.357669159320961,0.0,0.0,0.23625,1.2518420576233635,1.4880920576233636,498251,,,6.224763691469753e-05,Information
453665,8768.0,1285.223195,IND,India,Karnataka,1.692642915,0.0,0.49,0.71,,,,,,,,,,,,,,,,,,,,,,,,,,2.8523716640621664,33.8528583,0.0,,,,,,,,,,,,,,,,,0.0,0.0,9.28125,0.7221508325891904,0.0,0.0,0.32484375,2.5275279140621665,2.8523716640621664,404541,,,0.0008340438784859,Information
453666,8769.0,8680.407653,IND,India,Karnataka,3.019795112,0.0,0.49,0.71,,,,,,,,,,,,,,,,,,,,,,,,,,6.302223107615574,60.395902240000005,0.0,,,,,,,,,,,,,,,,,0.0,0.0,83.671875,0.9639164236044496,0.0,0.0,2.928515625,3.3737074826155737,6.302223107615574,3513831,,,0.0330289816171412,Information
453667,8770.0,19111.19989,IND,India,Maharashtra,2.961001063,0.0,0.49,0.71,,,,,,,,,,,,,,,,,,,,,,,,,,4.108499984850048,59.22002126,0.0,,,,,,,,,,,,,,,,,0.0,0.0,77.0625,0.403232138528585,0.0,0.0,2.6971875,1.4113124848500476,4.108499984850048,9130461,,,0.0108627445693316,Information
453669,8772.0,1895.569041,IND,India,Maharashtra,4.071217246,0.0,0.49,0.71,,,,,,,,,,,,,,,,,,,,,,,,,,5.899423337089855,81.42434492,0.0,,,,,,,,,,,,,,,,,0.0,0.0,26.859375,1.4169557748828157,0.0,0.0,0.940078125,4.959345212089855,5.899423337089855,387040,,,0.1256913787248069,Information
453692,8776.0,4781.721428,IND,India,Maharashtra,3.056711039,0.0,0.49,0.71,,,,,,,,,,,,,,,,,,,,,,,,,,3.0277805729035903,61.13422078,0.0,,,,,,,,,,,,,,,,,0.0,0.0,27.984375,0.5852364136867401,0.0,0.0,0.979453125,2.0483274479035902,3.0277805729035903,1009556,,,0.0053509578571084,Information
453693,8777.0,2836.699489,IND,India,Maharashtra,4.035117828,0.0,0.49,0.71,,,,,,,,,,,,,,,,,,,,,,,,,,3.3408877395444967,80.70235656,0.0,,,,,,,,,,,,,,,,,0.0,0.0,21.09375,0.7436018541555705,0.0,0.0,0.73828125,2.6026064895444967,3.3408877395444967,929043,,,0.039736983397086,Information
453694,8778.0,6917.692548,IND,India,Maharashtra,3.312759215,0.0,0.49,0.71,,,,,,,,,,,,,,,,,,,,,,,,,,2.359209579850717,66.2551843,0.0,,,,,,,,,,,,,,,,,0.0,0.0,27.5625,0.3984348799573477,0.0,0.0,0.9646875,1.394522079850717,2.359209579850717,2382388,,,0.0039012345384584,Information
453695,8779.0,4080.022707,IND,India,Maharashtra,3.136092703,0.0,0.49,0.71,,,,,,,,,,,,,,,,,,,,,,,,,,7.541440778965914,62.72185406,0.0,,,,,,,,,,,,,,,,,0.0,0.0,62.4375,1.5303223654188325,0.0,0.0,2.1853125,5.3561282789659135,7.541440778965914,883715,,,0.0550221554603739,Information
453696,8780.0,4608.002483,IND,India,Maharashtra,1.282074296,0.0,0.49,0.71,,,,,,,,,,,,,,,,,,,,,,,,,,4.805730649177672,25.64148592,0.0,,,,,,,,,,,,,,,,,0.0,0.0,43.3125,0.9399408997650492,0.0,0.0,1.5159375,3.2897931491776724,4.805730649177672,1334256,,,0.0030804838086586,Information
453697,8781.0,637.0449746,IND,India,Maharashtra,4.021238638,0.0,0.49,0.71,,,,,,,,,,,,,,,,,,,,,,,,,,0.7396461324036866,80.42477276,0.0,,,,,,,,,,,,,,,,,0.0,0.0,1.265625,0.1986712164010533,0.0,0.0,0.044296875,0.6953492574036866,0.7396461324036866,198301,,,0.0005267257245498,Information
453698,8782.0,2954.755393,IND,India,Maharashtra,3.030942165,0.0,0.49,0.71,,,,,,,,,,,,,,,,,,,,,,,,,,8.718055474287379,60.6188433,0.0,,,,,,,,,,,,,,,,,0.0,0.0,56.8125,1.922747992653537,0.0,0.0,1.9884375,6.729617974287379,8.718055474287379,6924003,,,0.065791183974757,Information
453699,8783.0,3164.707254,IND,India,Maharashtra,2.642935575,0.0,0.49,0.71,,,,,,,,,,,,,,,,,,,,,,,,,,6.2037011991955175,52.8587115,0.0,,,,,,,,,,,,,,,,,0.0,0.0,42.609375,1.346392306913005,0.0,0.0,1.491328125,4.712373074195518,6.2037011991955175,1898597,,,0.0212799633044581,Information
453744,8790.0,7141.536584,IND,India,Andhra Pradesh,1.271594104,0.0,0.49,0.71,,,,,,,,,,,,,,,,,,,,,,,,,,1.264073835314809,25.43188208,0.0,,,,,,,,,,,,,,,,,0.0,0.0,15.046875,0.2106952029470883,0.0,0.0,0.526640625,0.737433210314809,1.264073835314809,893505,,,2.2773664071632692e-05,Information
453745,8791.0,504.3431028,IND,India,Andhra Pradesh,0.490003206,0.0,0.49,0.71,,,,,,,,,,,,,,,,,,,,,,,,,,9.636098840789346,9.80006412,0.0,,,,,,,,,,,,,,,,,0.0,0.0,13.21875,2.6209835973683844,0.0,0.0,0.46265625,9.173442590789346,9.636098840789346,110936,,,0.0126591138349547,Information
453746,8792.0,8424.297134,IND,India,Andhra Pradesh,2.208630671,0.0,0.49,0.71,,,,,,,,,,,,,,,,,,,,,,,,,,2.3896858212189525,44.17261342,0.0,,,,,,,,,,,,,,,,,0.0,0.0,31.21875,0.3705798774911292,0.0,0.0,1.09265625,1.297029571218952,2.3896858212189525,1686703,,,0.000813276579748,Information
453747,8793.0,892.3695447,IND,India,Andhra Pradesh,3.554562121,0.0,0.49,0.71,,,,,,,,,,,,,,,,,,,,,,,,,,9.492165330044775,71.09124242,0.0,,,,,,,,,,,,,,,,,0.0,0.0,22.21875,2.489859737155651,0.0,0.0,0.77765625,8.714509080044778,9.492165330044775,384687,,,0.1327087132286852,Information
453749,8795.0,13239.47713,IND,India,Andhra Pradesh,2.474900028,0.0,0.49,0.71,,,,,,,,,,,,,,,,,,,,,,,,,,4.673942483065385,49.49800056,0.0,,,,,,,,,,,,,,,,,0.0,0.0,76.078125,0.5746308880186816,0.0,0.0,2.662734375,2.0112081080653854,4.673942483065385,3652048,,,0.0086560841643179,Information
453780,8799.0,13847.32061,IND,India,Tamil Nadu,1.835922138,0.0,0.49,0.71,,,,,,,,,,,,,,,,,,,,,,,,,,0.8137212465926166,36.71844276,0.0,,,,,,,,,,,,,,,,,0.0,0.0,13.5,0.0974917847407476,0.0,0.0,0.4725,0.3412212465926166,0.8137212465926166,13293986,,,6.69198538200813e-06,Information
453804,8804.0,6503.980851,IND,India,Tamil Nadu,2.991413567,0.0,0.49,0.71,,,,,,,,,,,,,,,,,,,,,,,,,,0.6244677883528018,59.82827134,0.0,,,,,,,,,,,,,,,,,0.0,0.0,7.03125,0.1081068681008005,0.0,0.0,0.24609375,0.3783740383528017,0.6244677883528018,2097669,,,1.5634703023088068e-05,Information
453805,8805.0,13988.88169,IND,India,Tamil Nadu,1.896363411,0.0,0.49,0.71,,,,,,,,,,,,,,,,,,,,,,,,,,0.2869700029737936,37.92726822,0.0,,,,,,,,,,,,,,,,,0.0,0.0,4.78125,0.0341789294210839,0.0,0.0,0.16734375,0.1196262529737936,0.2869700029737936,10771415,,,3.7935000204214e-08,Information
453806,8806.0,8740.300983,IND,India,Karnataka,1.037924091,0.0,0.49,0.71,,,,,,,,,,,,,,,,,,,,,,,,,,1.5407550821929543,20.75848182,0.0,,,,,,,,,,,,,,,,,0.0,0.0,20.53125,0.2349032377694156,0.0,0.0,0.71859375,0.8221613321929546,1.5407550821929543,2957747,,,4.070214047277706e-05,Information
453807,8807.0,2970.16485,IND,India,Karnataka,3.234362514,0.0,0.49,0.71,,,,,,,,,,,,,,,,,,,,,,,,,,0.150450474447469,64.68725028,0.0,,,,,,,,,,,,,,,,,0.0,0.0,0.984375,0.033142099842134,0.0,0.0,0.034453125,0.115997349447469,0.150450474447469,927901,,,2.4026896729773426e-08,Information
453808,8808.0,7090.397021,IND,India,Karnataka,2.685477631,0.0,0.49,0.71,,,,,,,,,,,,,,,,,,,,,,,,,,0.3677679437728194,53.70955262,0.0,,,,,,,,,,,,,,,,,0.0,0.0,4.359375,0.0614828053636627,0.0,0.0,0.152578125,0.2151898187728194,0.3677679437728194,2923194,,,6.649296345969919e-07,Information
453809,8809.0,12226.19563,IND,India,Karnataka,1.565926852,0.0,0.49,0.71,,,,,,,,,,,,,,,,,,,,,,,,,,0.8321226056330037,31.31853704,0.0,,,,,,,,,,,,,,,,,0.0,0.0,13.078125,0.1069680658951439,0.0,0.0,0.457734375,0.3743882306330036,0.8321226056330037,4266653,,,5.091401136956178e-06,Information
453904,8813.0,3950.704091,IND,India,Tamil Nadu,2.356275976,0.0,0.49,0.71,,,,,,,,,,,,,,,,,,,,,,,,,,0.3302218496026743,47.12551952,0.0,,,,,,,,,,,,,,,,,0.0,0.0,2.671875,0.0676303498864784,0.0,0.0,0.093515625,0.2367062246026743,0.3302218496026743,2003759,,,1.9282149585647334e-07,Information
453909,8818.0,2019.237997,IND,India,Tamil Nadu,3.104430167,1.929340643,0.49,0.71,,,,,,,,,,,,,,,,,,,,,,,,,,4.189440648210801,62.08860334,38.58681286,,,,,,,,,,,,,,,,,0.0,0.0,20.109375,0.9958892923459431,0.0,0.0,0.703828125,3.485612523210801,4.189440648210801,740258,,,0.0138084952579594,Information
454010,16162.0,15141.1746,IND,India,Kerala,4.004525197,1.190485045,0.49,0.71,,,,,,,,,,,,,,,,,,,,,,,,,,5.64721891789603,80.09050394,23.8097009,,,,,,,,,,,,,,,,,0.0,0.0,97.171875,0.6417723693988657,0.0,0.0,3.401015625,2.24620329289603,5.64721891789603,16134589,,,0.1038286190104215,Information
454031,8820.0,1809.838973,IND,India,Kerala,4.02808734,0.018565688,0.49,0.71,,,,,,,,,,,,,,,,,,,,,,,,,,0.1927018438451893,80.5617468,0.37131376,,,,,,,,,,,,,,,,,0.0,0.0,0.84375,0.0466201696700541,0.0,0.0,0.02953125,0.1631705938451893,0.1927018438451893,2410613,,,1.9763499614974835e-06,Information
454033,8822.0,31492.27722,IND,India,Karnataka,3.659845549,0.13406556,0.49,0.71,,,,,,,,,,,,,,,,,,,,,,,,,,5.557437750246345,73.19691098,2.6813112,,,,,,,,,,,,,,,,,0.0,0.0,120.515625,0.3826831072132417,0.0,0.0,4.218046875,1.339390875246346,5.557437750246345,16851974,,,0.0578154302501074,Information
454034,8823.0,4785.521657,IND,India,Karnataka,3.510026152,0.0,0.49,0.71,,,,,,,,,,,,,,,,,,,,,,,,,,4.333939112009222,70.20052304000001,0.0,,,,,,,,,,,,,,,,,0.0,0.0,40.078125,0.8374870677169207,0.0,0.0,1.402734375,2.9312047370092227,4.333939112009222,608084,,,0.0269266931855451,Information
454035,16163.0,25395.47682,IND,India,Maharashtra,4.066266885,3.011007852,0.49,0.71,,,,,,,,,,,,,,,,,,,,,,,,,,21.259035235013684,81.3253377,60.22015704,,,,,,,,,,,,,,,,,0.0,0.0,435.796875,1.7160413171467677,0.0,0.0,15.252890625,6.006144610013687,21.259035235013684,22455302,,,0.5515642232107913,Advisory
454036,8824.0,4498.803775,IND,India,Maharashtra,3.169795138,2.592203575,0.49,0.71,,,,,,,,,,,,,,,,,,,,,,,,,,6.281464172824658,63.39590276,51.8440715,,,,,,,,,,,,,,,,,0.0,0.0,55.6875,1.2378290493784738,0.0,0.0,1.9490625,4.332401672824658,6.281464172824658,8220871,,,0.0389876107646584,Information
454037,8825.0,309.2234596,IND,India,Maharashtra,4.149969263,4.002699898,0.49,0.71,,,,,,,,,,,,,,,,,,,,,,,,,,9.845444963587022,82.99938526,80.05399796,,,,,,,,,,,,,,,,,0.0,0.0,8.4375,2.728609275310578,0.0,0.0,0.2953125,9.550132463587024,9.845444963587022,1678102,,,0.2924502818487871,Information
454038,8826.0,3897.095125,IND,India,Maharashtra,1.529861538,2.525759705,0.49,0.71,,,,,,,,,,,,,,,,,,,,,,,,,,10.548436076325892,30.59723076,50.5151941,,,,,,,,,,,,,,,,,0.0,0.0,84.515625,2.1686826289502545,0.0,0.0,2.958046875,7.590389201325891,10.548436076325892,1052061,,,0.0610899609753615,Information
454039,8827.0,14080.61794,IND,India,Gujarat,4.032180562,2.541353777,0.49,0.71,,,,,,,,,,,,,,,,,,,,,,,,,,17.58388895443364,80.64361124,50.82707554,,,,,,,,,,,,,,,,,0.0,0.0,293.765625,2.0863120226953256,0.0,0.0,10.281796875,7.302092079433639,17.58388895443364,9067951,,,0.4617446200106575,Advisory
454042,8829.0,2970.876584,IND,India,Maharashtra,3.485855984,0.0,0.49,0.71,,,,,,,,,,,,,,,,,,,,,,,,,,5.37223874700442,69.71711968,0.0,,,,,,,,,,,,,,,,,0.0,0.0,35.15625,1.183362856286977,0.0,0.0,1.23046875,4.14176999700442,5.37223874700442,1364759,,,0.0418743252116178,Information
454044,8831.0,10218.40384,IND,India,Maharashtra,2.736987848,0.0,0.49,0.71,,,,,,,,,,,,,,,,,,,,,,,,,,7.946658370265809,54.73975696,0.0,,,,,,,,,,,,,,,,,0.0,0.0,114.75,1.1229738200759454,0.0,0.0,4.01625,3.930408370265809,7.946658370265809,4499798,,,0.0409578311097844,Information
454045,8832.0,1234.418209,IND,India,Maharashtra,2.461762094,0.0,0.49,0.71,,,,,,,,,,,,,,,,,,,,,,,,,,2.5532521287972427,49.23524188,0.0,,,,,,,,,,,,,,,,,0.0,0.0,8.015625,0.6493443582277836,0.0,0.0,0.280546875,2.2727052537972425,2.5532521287972427,305291,,,0.0013956432625699,Information
454046,8833.0,2488.890555,IND,India,Maharashtra,3.185343511,0.0,0.49,0.71,,,,,,,,,,,,,,,,,,,,,,,,,,8.421763065123153,63.70687022,0.0,,,,,,,,,,,,,,,,,0.0,0.0,47.953125,1.9266867686066151,0.0,0.0,1.678359375,6.743403690123153,8.421763065123153,706105,,,0.0720338963070841,Information
454048,8835.0,18672.89389,IND,India,Maharashtra,2.122839707,0.0,0.49,0.71,,,,,,,,,,,,,,,,,,,,,,,,,,59.03885560797816,42.45679414,0.0,,,,,,,,,,,,,,,,,0.0,0.0,1282.5,6.868244459422333,0.0,0.0,35.0,24.038855607978164,59.03885560797816,6141623,,,0.5102356259161226,Advisory
454049,8836.0,10640.51834,IND,India,Maharashtra,2.501291512,0.0,0.49,0.71,,,,,,,,,,,,,,,,,,,,,,,,,,1.489405636426545,50.02583024,0.0,,,,,,,,,,,,,,,,,0.0,0.0,21.9375,0.2061694675504415,0.0,0.0,0.7678125,0.7215931364265452,1.489405636426545,2095266,,,0.000221431096137,Information
454064,8841.0,6554.580345,IND,India,Madhya Pradesh,1.647936983,0.0,0.49,0.71,,,,,,,,,,,,,,,,,,,,,,,,,,1.7900549237531045,32.95873966,0.0,,,,,,,,,,,,,,,,,0.0,0.0,20.25,0.3089442639294584,0.0,0.0,0.70875,1.0813049237531045,1.7900549237531045,1181783,,,0.000145568027738,Information
454082,8849.0,2737.999146,IND,India,Gujarat,2.622843442,0.0,0.49,0.71,,,,,,,,,,,,,,,,,,,,,,,,,,11.700903214873083,52.456868840000006,0.0,,,,,,,,,,,,,,,,,0.0,0.0,71.859375,2.6245214542494524,0.0,0.0,2.515078125,9.185825089873084,11.700903214873083,1301277,,,0.0804619105621284,Information
454083,8850.0,2469.550568,IND,India,Gujarat,1.525831329,0.0,0.49,0.71,,,,,,,,,,,,,,,,,,,,,,,,,,18.539682166531005,30.51662658,0.0,,,,,,,,,,,,,,,,,0.0,0.0,104.90625,4.247989547580287,0.0,0.0,3.67171875,14.867963416531005,18.539682166531005,1004836,,,0.0932216641094436,Information
454084,8851.0,5712.144387,IND,India,Madhya Pradesh,1.302265318,0.0,0.49,0.71,,,,,,,,,,,,,,,,,,,,,,,,,,10.62763233094212,26.04530636,0.0,,,,,,,,,,,,,,,,,0.0,0.0,110.390625,1.9325601302691773,0.0,0.0,3.863671875,6.7639604559421205,10.62763233094212,3135492,,,0.0261901351152099,Information
454085,8852.0,3239.188331,IND,India,Rajasthan,1.362661702,0.0,0.49,0.71,,,,,,,,,,,,,,,,,,,,,,,,,,6.356862583282316,27.25323404,0.0,,,,,,,,,,,,,,,,,0.0,0.0,44.4375,1.371871452366376,0.0,0.0,1.5553125,4.801550083282316,6.356862583282316,2160429,,,0.0073956400389074,Information
454086,8853.0,8606.862021,IND,India,Rajasthan,1.968672184,0.0,0.49,0.71,,,,,,,,,,,,,,,,,,,,,,,,,,5.60750270076664,39.37344368,0.0,,,,,,,,,,,,,,,,,0.0,0.0,74.109375,0.8610498787904686,0.0,0.0,2.593828125,3.01367457576664,5.60750270076664,2282505,,,0.0086415882353487,Information
454087,8854.0,1079.627583,IND,India,Rajasthan,0.725877719,0.0,0.49,0.71,,,,,,,,,,,,,,,,,,,,,,,,,,3.081141234456924,14.51755438,0.0,,,,,,,,,,,,,,,,,0.0,0.0,8.578125,0.7945448169876924,0.0,0.0,0.300234375,2.780906859456924,3.081141234456924,390903,,,0.0004452570435475,Information
454088,8855.0,1491.762426,IND,India,Rajasthan,0.317392325,0.0,0.49,0.71,,,,,,,,,,,,,,,,,,,,,,,,,,5.838997314679534,6.347846499999999,0.0,,,,,,,,,,,,,,,,,0.0,0.0,21.65625,1.4517224470512955,0.0,0.0,0.75796875,5.081028564679534,5.838997314679534,232332,,,0.0027598449340864,Information
454089,8856.0,4766.787173,IND,India,Madhya Pradesh,2.019027967,0.0,0.49,0.71,,,,,,,,,,,,,,,,,,,,,,,,,,23.75517787734849,40.38055934,0.0,,,,,,,,,,,,,,,,,0.0,0.0,219.09375,4.596256179242426,0.0,0.0,7.66828125,16.08689662734849,23.75517787734849,1521546,,,0.1787390427025695,Information
454090,8857.0,28.36696179,IND,India,Gujarat,3.040714341,0.0,0.49,0.71,,,,,,,,,,,,,,,,,,,,,,,,,,19.13994382046081,60.81428682000001,0.0,,,,,,,,,,,,,,,,,0.0,0.0,1.546875,5.45308662727452,0.0,0.0,0.054140625,19.08580319546082,19.13994382046081,8428,,,0.2368306030042634,Information
455200,8859.0,30044.26305,IND,India,Gujarat,3.029170722,0.0,0.49,0.71,,,,,,,,,,,,,,,,,,,,,,,,,,36.539661923199056,60.58341444,0.0,,,,,,,,,,,,,,,,,0.0,0.0,783.28125,2.6070909066283017,0.0,0.0,27.41484375,9.124818173199056,36.539661923199056,17411388,,,0.4697937295377761,Advisory
455400,8861.0,10496.84507,IND,India,Gujarat,2.400154096,0.0,0.49,0.71,,,,,,,,,,,,,,,,,,,,,,,,,,8.226830998011867,48.00308192,0.0,,,,,,,,,,,,,,,,,0.0,0.0,120.375,1.146773142289105,0.0,0.0,4.213125,4.013705998011868,8.226830998011867,2752700,,,0.0326073445177408,Information
455802,8866.0,1104.518069,IND,India,Rajasthan,1.963790797,0.0,0.49,0.71,,,,,,,,,,,,,,,,,,,,,,,,,,1.2370791256986076,39.27581594,0.0,,,,,,,,,,,,,,,,,0.0,0.0,3.515625,0.3182949287710307,0.0,0.0,0.123046875,1.1140322506986076,1.2370791256986076,149836,,,4.93859743558895e-05,Information
455805,8869.0,5384.06822,IND,India,Rajasthan,2.825150213,0.0,0.49,0.71,,,,,,,,,,,,,,,,,,,,,,,,,,0.2953320075373206,56.50300426,0.0,,,,,,,,,,,,,,,,,0.0,0.0,2.953125,0.0548493235820916,0.0,0.0,0.103359375,0.1919726325373206,0.2953320075373206,1614840,,,2.982498456410625e-07,Information
455809,8873.0,4198.646058,IND,India,Rajasthan,2.217532253,0.0,0.49,0.71,,,,,,,,,,,,,,,,,,,,,,,,,,0.7989313899638872,44.35064506,0.0,,,,,,,,,,,,,,,,,0.0,0.0,6.75,0.1607661114182535,0.0,0.0,0.23625,0.5626813899638873,0.7989313899638872,1188259,,,1.1000532205561776e-05,Information
455820,8875.0,5598.443707,IND,India,Rajasthan,1.936721251,0.0,0.49,0.71,,,,,,,,,,,,,,,,,,,,,,,,,,0.7953760830837886,38.73442502,0.0,,,,,,,,,,,,,,,,,0.0,0.0,8.15625,0.145687809452511,0.0,0.0,0.28546875,0.5099073330837885,0.7953760830837886,1442593,,,6.9905331793910645e-06,Information
455822,8877.0,4953.664187,PAK,Pakistan,Sind,0.054540027,0.0,0.39,0.85,,,,,,,,,,,,,,,,,,,,,,,,,,60.28859375,1.09080054,0.0,3.0,,,,,,,,,,,,,,,,0.0,0.0,722.53125,14.58579392252994,0.0,0.0,25.28859375,35.0,60.28859375,267808,3742.0,1.3972696857450113,0.3102791223967057,Watch
455824,8879.0,8163.550186,IND,India,Rajasthan,2.21944685,0.0,0.49,0.71,,,,,,,,,,,,,,,,,,,,,,,,,,1.6097913365331975,44.388937000000006,0.0,,,,,,,,,,,,,,,,,0.0,0.0,20.671875,0.2532216318666279,0.0,0.0,0.723515625,0.8862757115331976,1.6097913365331975,1855431,,,0.0001983438926894,Information
455825,8880.0,15893.09127,IND,India,Rajasthan,3.268811299,0.0,0.49,0.71,,,,,,,,,,,,,,,,,,,,,,,,,,0.1363185713379581,65.37622598,0.0,,,,,,,,,,,,,,,,,0.0,0.0,2.390625,0.0150419132394166,0.0,0.0,0.083671875,0.0526466963379581,0.1363185713379581,1530973,,,1.5358397492798334e-08,Information
455826,8881.0,6306.525832,IND,India,Rajasthan,2.556813138,0.0,0.49,0.71,,,,,,,,,,,,,,,,,,,,,,,,,,0.3945150155609344,51.13626276,0.0,,,,,,,,,,,,,,,,,0.0,0.0,4.359375,0.0691248258745527,0.0,0.0,0.152578125,0.2419368905609344,0.3945150155609344,2622996,,,7.209148086576544e-07,Information
455827,8882.0,8042.345454,IND,India,Rajasthan,2.230508611,0.0,0.49,0.71,,,,,,,,,,,,,,,,,,,,,,,,,,1.3471026186958888,44.61017222,0.0,,,,,,,,,,,,,,,,,0.0,0.0,17.15625,0.2133239624845396,0.0,0.0,0.60046875,0.7466338686958887,1.3471026186958888,1232520,,,0.0001010248432602,Information
455828,8883.0,5481.552092,IND,India,Rajasthan,3.09744884,0.0,0.49,0.71,,,,,,,,,,,,,,,,,,,,,,,,,,6.213682461710264,61.9489768,0.0,,,,,,,,,,,,,,,,,0.0,0.0,62.859375,1.1467440962029327,0.0,0.0,2.200078125,4.013604336710264,6.213682461710264,990683,,,0.0349796370366863,Information
455829,8884.0,11216.49551,IND,India,Rajasthan,1.900111105,0.0,0.49,0.71,,,,,,,,,,,,,,,,,,,,,,,,,,3.100211167382045,38.0022221,0.0,,,,,,,,,,,,,,,,,0.0,0.0,46.828125,0.4174933692520128,0.0,0.0,1.638984375,1.4612267923820448,3.100211167382045,3002871,,,0.0013694002152667,Information
455830,8885.0,14703.48267,PAK,Pakistan,Sind,4.015424057,0.000944003,0.39,0.85,,,,,,,,,,,,,,,,,,,,,,,,,,14.297613174627084,80.30848114,0.01888006,,,,,,,,,,,,,,,,,0.0,0.0,243.140625,1.6536260856077387,0.0,0.0,8.509921875,5.7876912996270855,14.297613174627084,4935892,,,0.374448000306897,Advisory
455851,8887.0,17239.35989,PAK,Pakistan,Sind,4.044095905,0.0,0.39,0.85,,,,,,,,,,,,,,,,,,,,,,,,,,8.095749671678831,80.8819181,0.0,,,,,,,,,,,,,,,,,0.0,0.0,146.390625,0.8491650847653801,0.0,0.0,5.123671875,2.9720777966788305,8.095749671678831,2545079,,,0.1950887830510094,Information
455852,8888.0,9969.09751,IND,India,Rajasthan,4.023747328,0.0,0.49,0.71,,,,,,,,,,,,,,,,,,,,,,,,,,0.621117438931949,80.47494655999999,0.0,,,,,,,,,,,,,,,,,0.0,0.0,8.859375,0.0888683754091283,0.0,0.0,0.310078125,0.311039313931949,0.621117438931949,75063,,,0.00028244651362,Information
455854,8890.0,5957.321221,PAK,Pakistan,Sind,2.743593451,0.0,0.39,0.85,,,,,,,,,,,,,,,,,,,,,,,,,,2.0434840270277514,54.871869020000005,0.0,,,,,,,,,,,,,,,,,0.0,0.0,21.796875,0.3658838291507861,0.0,0.0,0.762890625,1.2805934020277514,2.0434840270277514,2409351,,,0.0009845636286863,Information
455855,8891.0,7392.556613,PAK,Pakistan,Sind,4.010689397,0.0,0.39,0.85,,,,,,,,,,,,,,,,,,,,,,,,,,5.928834226197882,80.21378794,0.0,,,,,,,,,,,,,,,,,0.0,0.0,72.0,0.9739526360565376,0.0,0.0,2.52,3.408834226197881,5.928834226197882,67072,,,0.1140712084764822,Information
455856,8892.0,6623.839499,PAK,Pakistan,Punjab,4.014905213,0.0,0.39,0.85,,,,,,,,,,,,,,,,,,,,,,,,,,3.619259614407549,80.29810425999999,0.0,,,,,,,,,,,,,,,,,0.0,0.0,41.203125,0.6220429255450141,0.0,0.0,1.442109375,2.177150239407549,3.619259614407549,75025,,,0.0450903409368587,Information
455860,8896.0,22196.38732,PAK,Pakistan,Punjab,3.405004186,0.0,0.39,0.85,,,,,,,,,,,,,,,,,,,,,,,,,,0.7282082592240173,68.10008372,0.0,,,,,,,,,,,,,,,,,0.0,0.0,14.34375,0.0646220026354335,0.0,0.0,0.50203125,0.2261770092240172,0.7282082592240173,8264006,,,7.848614621312729e-05,Information
455870,8897.0,18586.1211,IND,India,Rajasthan,4.000720425,0.0,0.49,0.71,,,,,,,,,,,,,,,,,,,,,,,,,,2.732777343135441,80.0144085,0.0,,,,,,,,,,,,,,,,,0.0,0.0,50.765625,0.273137276610126,0.0,0.0,1.776796875,0.9559804681354408,2.732777343135441,2081379,,,0.0233123735934532,Information
455881,8898.0,582.126766,IND,India,Rajasthan,4.000425688,0.0,0.49,0.71,,,,,,,,,,,,,,,,,,,,,,,,,,2.0578504356230702,80.00851376,0.0,,,,,,,,,,,,,,,,,0.0,0.0,3.234375,0.5556135173208772,0.0,0.0,0.113203125,1.9446473106230704,2.0578504356230702,122008,,,0.0114936837571885,Information
455885,8902.0,3501.813228,IND,India,Rajasthan,3.870862992,0.0,0.49,0.71,,,,,,,,,,,,,,,,,,,,,,,,,,0.1897709348251398,77.41725984,0.0,,,,,,,,,,,,,,,,,0.0,0.0,1.40625,0.0401577670928971,0.0,0.0,0.04921875,0.1405521848251398,0.1897709348251398,669543,,,8.803053864016798e-07,Information
455887,8904.0,4826.04349,IND,India,Haryana,3.883545104,0.0,0.49,0.71,,,,,,,,,,,,,,,,,,,,,,,,,,0.1663249124306084,77.67090208,0.0,,,,,,,,,,,,,,,,,0.0,0.0,1.546875,0.0320526535516024,0.0,0.0,0.054140625,0.1121842874306084,0.1663249124306084,2425668,,,4.799087438470092e-07,Information
455890,8907.0,20094.14513,PAK,Pakistan,Punjab,3.247284847,0.0,0.39,0.85,,,,,,,,,,,,,,,,,,,,,,,,,,1.083578529049105,64.94569694,0.0,,,,,,,,,,,,,,,,,0.0,0.0,20.671875,0.1028751154426014,0.0,0.0,0.723515625,0.3600629040491049,1.083578529049105,12433949,,,0.0002538796090458,Information
456201,8909.0,4101.150195,PAK,Pakistan,Sind,3.484104153,0.0,0.39,0.85,,,,,,,,,,,,,,,,,,,,,,,,,,6.210770876796462,69.68208306,0.0,,,,,,,,,,,,,,,,,0.0,0.0,51.609375,1.2584122147989891,0.0,0.0,1.806328125,4.404442751796462,6.210770876796462,294941,,,0.0564316291859467,Information
456203,8911.0,8376.190483,PAK,Pakistan,Sind,4.014795135,0.0,0.39,0.85,,,,,,,,,,,,,,,,,,,,,,,,,,1.86803763595792,80.2959027,0.0,,,,,,,,,,,,,,,,,0.0,0.0,24.328125,0.29044378884512,0.0,0.0,0.851484375,1.01655326095792,1.86803763595792,3329363,,,0.0092379977975202,Information
456204,8912.0,28967.17335,PAK,Pakistan,Baluchistan,3.509997804,0.0,0.39,0.85,,,,,,,,,,,,,,,,,,,,,,,,,,6.693827564843948,70.19995608,0.0,,,,,,,,,,,,,,,,,0.0,0.0,142.171875,0.4908034113839853,0.0,0.0,4.976015625,1.7178119398439486,6.693827564843948,4957934,,,0.0676761948939682,Information
456207,8915.0,10467.96905,PAK,Pakistan,Baluchistan,4.046742007,0.0,0.39,0.85,,,,,,,,,,,,,,,,,,,,,,,,,,0.2790878303590457,80.93484013999999,0.0,,,,,,,,,,,,,,,,,0.0,0.0,4.078125,0.0389581301025845,0.0,0.0,0.142734375,0.1363534553590457,0.2790878303590457,424643,,,1.1995338168901142e-05,Information
456209,8917.0,16414.0849,PAK,Pakistan,Baluchistan,4.002562274,0.0,0.39,0.85,,,,,,,,,,,,,,,,,,,,,,,,,,0.4118630368625717,80.05124547999999,0.0,,,,,,,,,,,,,,,,,0.0,0.0,7.3125,0.0445501533893062,0.0,0.0,0.2559375,0.1559255368625717,0.4118630368625717,526531,,,5.21786243537186e-05,Information
456301,8918.0,499.7721752,PAK,Pakistan,Sind,2.83179504,0.0,0.39,0.85,,,,,,,,,,,,,,,,,,,,,,,,,,15.510637267519543,56.6359008,0.0,,,,,,,,,,,,,,,,,0.0,0.0,21.09375,4.220673147862727,0.0,0.0,0.73828125,14.772356017519543,15.510637267519543,203242,,,0.1519500248476094,Information
456302,8919.0,3331.051558,PAK,Pakistan,Sind,4.00518229,0.0,0.39,0.85,,,,,,,,,,,,,,,,,,,,,,,,,,6.519910391887405,80.1036458,0.0,,,,,,,,,,,,,,,,,0.0,0.0,46.546875,1.3973627905392585,0.0,0.0,1.629140625,4.890769766887405,6.519910391887405,2922716,,,0.1322804500669383,Information
456304,8921.0,2979.840845,PAK,Pakistan,Punjab,4.013017458,0.0,0.39,0.85,,,,,,,,,,,,,,,,,,,,,,,,,,4.3950188227331575,80.26034916,0.0,,,,,,,,,,,,,,,,,0.0,0.0,28.828125,0.967438413638045,0.0,0.0,1.008984375,3.386034447733157,4.3950188227331575,725909,,,0.0665282148112248,Information
456306,8923.0,2676.628261,PAK,Pakistan,Punjab,4.045173303,0.0,0.39,0.85,,,,,,,,,,,,,,,,,,,,,,,,,,0.5827553701173551,80.90346606,0.0,,,,,,,,,,,,,,,,,0.0,0.0,3.515625,0.1313452843192443,0.0,0.0,0.123046875,0.459708495117355,0.5827553701173551,114647,,,0.000241967385705,Information
456308,8925.0,14167.5949,PAK,Pakistan,Punjab,4.016924635,0.0,0.39,0.85,,,,,,,,,,,,,,,,,,,,,,,,,,0.8311952958763307,80.33849269999999,0.0,,,,,,,,,,,,,,,,,0.0,0.0,13.921875,0.0982656202503802,0.0,0.0,0.487265625,0.3439296708763307,0.8311952958763307,1523126,,,0.0007792791074317,Information
456421,8930.0,8864.412751,PAK,Pakistan,Punjab,3.195550558,0.0,0.39,0.85,,,,,,,,,,,,,,,,,,,,,,,,,,11.228420942847006,63.91101116,0.0,,,,,,,,,,,,,,,,,0.0,0.0,150.75,1.700620269384859,0.0,0.0,5.27625,5.952170942847006,11.228420942847006,7546363,,,0.1214962524215003,Information
456423,8932.0,657.7131637,PAK,Pakistan,Punjab,4.036981383,0.0,0.39,0.85,,,,,,,,,,,,,,,,,,,,,,,,,,2.95093604693555,80.73962766,0.0,,,,,,,,,,,,,,,,,0.0,0.0,5.203125,0.7910933348387286,0.0,0.0,0.182109375,2.76882667193555,2.95093604693555,99872,,,0.0303326306906995,Information
456424,8933.0,5583.539261,PAK,Pakistan,Punjab,3.62474133,0.0,0.39,0.85,,,,,,,,,,,,,,,,,,,,,,,,,,0.1236316354982418,72.4948266,0.0,,,,,,,,,,,,,,,,,0.0,0.0,1.265625,0.0226670744280691,0.0,0.0,0.044296875,0.0793347604982418,0.1236316354982418,593732,,,3.243622419491663e-08,Information
456425,8934.0,493.5326527,PAK,Pakistan,Punjab,4.022448147,0.0,0.39,0.85,,,,,,,,,,,,,,,,,,,,,,,,,,11.616074413246416,80.44896294,0.0,,,,,,,,,,,,,,,,,0.0,0.0,15.609375,3.16278465378469,0.0,0.0,0.546328125,11.069746288246415,11.616074413246416,190857,,,0.3013093233812075,Information
456430,8939.0,325.155676,PAK,Pakistan,Punjab,4.164564792,0.0,0.39,0.85,,,,,,,,,,,,,,,,,,,,,,,,,,3.2821251974689822,83.29129584,0.0,,,,,,,,,,,,,,,,,0.0,0.0,2.953125,0.9082188064197092,0.0,0.0,0.103359375,3.178765822468982,3.2821251974689822,66416,,,0.0518219840004547,Information
456440,8940.0,14413.85831,PAK,Pakistan,Punjab,3.122766753,0.0,0.39,0.85,,,,,,,,,,,,,,,,,,,,,,,,,,0.5168665661231828,62.45533506,0.0,,,,,,,,,,,,,,,,,0.0,0.0,8.71875,0.0604886617494808,0.0,0.0,0.30515625,0.2117103161231828,0.5168665661231828,13374937,,,9.1163577814093e-06,Information
456460,8942.0,17194.95893,IND,India,Himachal Pradesh,3.813362594,0.0,0.49,0.71,,,,,,,,,,,,,,,,,,,,,,,,,,3.2616087771736675,76.26725188,0.0,,,,,,,,,,,,,,,,,0.0,0.0,58.921875,0.3426694720496193,0.0,0.0,2.062265625,1.1993431521736675,3.2616087771736675,5141772,,,0.023592530536893,Information
456470,8943.0,25600.00608,IND,India,Himachal Pradesh,3.958115957,0.0,0.49,0.71,,,,,,,,,,,,,,,,,,,,,,,,,,9.931343332098404,79.16231914,0.0,,,,,,,,,,,,,,,,,0.0,0.0,204.046875,0.7970579163138296,0.0,0.0,7.141640625,2.7897027070984035,9.931343332098404,11768321,,,0.2293263545131139,Information
456480,8944.0,10162.94381,IND,India,Himachal Pradesh,4.030788296,0.0,0.49,0.71,,,,,,,,,,,,,,,,,,,,,,,,,,37.10638033887485,80.61576592,0.0,3.0,,,,,,,,,,,,,,,,0.0,0.0,534.375,5.258072953964243,0.0,0.0,18.703125,18.40325533887485,37.10638033887485,18270,0.0,0.0,0.7419370862079318,Watch
456491,8945.0,2666.695133,CHN,China,Xizang,2.715247441,0.0,0.59,0.57,,,,,,,,,,,,,,,,,,,,,,,,,,9.72554303779274,54.30494881999999,0.0,,,,,,,,,,,,,,,,,0.0,0.0,58.5,2.193726582226497,0.0,0.0,2.0475,7.67804303779274,9.72554303779274,155,,,0.0609033818665026,Information
456494,8948.0,2036.643919,CHN,China,Xizang,0.374017262,0.0,0.59,0.57,,,,,,,,,,,,,,,,,,,,,,,,,,1.0471849421306287,7.48034524,0.0,,,,,,,,,,,,,,,,,0.0,0.0,5.0625,0.2485706977516082,0.0,0.0,0.1771875,0.8699974421306287,1.0471849421306287,285,,,3.709216578071098e-06,Information
456495,8949.0,8787.636,CHN,China,Xizang,3.884498887,0.0,0.59,0.57,,,,,,,,,,,,,,,,,,,,,,,,,,13.195571198420016,77.68997774,0.0,,,,,,,,,,,,,,,,,0.0,0.0,176.34375,2.0067256995485763,0.0,0.0,6.17203125,7.023539948420017,13.195571198420016,7759,,,0.2997378097764082,Information
456499,8953.0,2016.719803,CHN,China,Xizang,0.133944098,0.0,0.59,0.57,,,,,,,,,,,,,,,,,,,,,,,,,,15.92468246622018,2.67888196,0.0,,,,,,,,,,,,,,,,,0.0,0.0,76.359375,3.786315526062909,0.0,0.0,2.672578125,13.252104341220182,15.92468246622018,2425,,,0.0351365943762383,Information
456543,8959.0,2660.242675,PAK,Pakistan,F.A.T.A.,4.039622823,0.0,0.39,0.85,,,,,,,,,,,,,,,,,,,,,,,,,,2.061265936691086,80.79245646000001,0.0,,,,,,,,,,,,,,,,,0.0,0.0,12.375,0.4651831247688818,0.0,0.0,0.433125,1.6281409366910862,2.061265936691086,243417,,,0.0128080509234849,Information
456544,8960.0,17794.50489,AFG,Afghanistan,Paktika,3.937337811,0.0,0.3,0.97,,,,,,,,,,,,,,,,,,,,,,,,,,1.7912637383154038,78.74675622,0.0,,,,,,,,,,,,,,,,,0.0,0.0,32.765625,0.1841333895186868,0.0,0.0,1.146796875,0.6444668633154038,1.7912637383154038,345537,,,0.0066881897827357,Information
456545,8961.0,921.8818099,PAK,Pakistan,Baluchistan,4.022713642,0.0,0.39,0.85,,,,,,,,,,,,,,,,,,,,,,,,,,2.740631622628796,80.45427284,0.0,,,,,,,,,,,,,,,,,0.0,0.0,6.609375,0.7169438564653703,0.0,0.0,0.231328125,2.509303497628796,2.740631622628796,38823,,,0.0247321125625009,Information
456547,8963.0,4823.46428,PAK,Pakistan,Baluchistan,1.61532549,0.0,0.39,0.85,,,,,,,,,,,,,,,,,,,,,,,,,,0.6957913990275231,32.3065098,0.0,,,,,,,,,,,,,,,,,0.0,0.0,6.46875,0.1341100425792923,0.0,0.0,0.22640625,0.469385149027523,0.6957913990275231,175906,,,2.350632930978413e-06,Information
456548,8964.0,2152.440204,PAK,Pakistan,Baluchistan,3.150254007,0.0,0.39,0.85,,,,,,,,,,,,,,,,,,,,,,,,,,1.5839367413861456,63.00508014,0.0,,,,,,,,,,,,,,,,,0.0,0.0,8.015625,0.3723971046817559,0.0,0.0,0.280546875,1.3033898663861456,1.5839367413861456,17186,,,0.0008139323120097,Information
456549,8965.0,6588.653148,PAK,Pakistan,Baluchistan,2.479008716,0.0,0.39,0.85,,,,,,,,,,,,,,,,,,,,,,,,,,0.6567815295418619,49.58017432,0.0,,,,,,,,,,,,,,,,,0.0,0.0,7.453125,0.1131206155833891,0.0,0.0,0.260859375,0.3959221545418618,0.6567815295418619,186832,,,7.098622631786715e-06,Information
456560,8967.0,25889.37335,PAK,Pakistan,F.A.T.A.,3.802145166,0.0,0.39,0.85,,,,,,,,,,,,,,,,,,,,,,,,,,1.0780328715342034,76.04290332,0.0,,,,,,,,,,,,,,,,,0.0,0.0,22.21875,0.0858218918669152,0.0,0.0,0.77765625,0.3003766215342032,1.0780328715342034,5660610,,,0.0009639291464904,Information
456580,8969.0,11250.17463,PAK,Pakistan,Punjab,1.422556463,0.0,0.39,0.85,,,,,,,,,,,,,,,,,,,,,,,,,,3.4677090440224205,28.45112926,0.0,,,,,,,,,,,,,,,,,0.0,0.0,52.453125,0.4662427625778344,0.0,0.0,1.835859375,1.6318496690224205,3.4677090440224205,7778931,,,0.0012354333139001,Information
456590,8970.0,12079.02087,PAK,Pakistan,N.W.F.P.,0.704005252,0.0,0.39,0.85,,,,,,,,,,,,,,,,,,,,,,,,,,7.602131314215477,14.08010504,0.0,,,,,,,,,,,,,,,,,0.0,0.0,118.828125,0.983756268347279,0.0,0.0,4.158984375,3.4431469392154765,7.602131314215477,4681249,,,0.0076544724432668,Information
456601,8971.0,8673.158356,PAK,Pakistan,N.W.F.P.,3.309393838,0.0,0.39,0.85,,,,,,,,,,,,,,,,,,,,,,,,,,5.436112667891932,66.18787676,0.0,,,,,,,,,,,,,,,,,0.0,0.0,72.140625,0.8317687979691235,0.0,0.0,2.524921875,2.911190792891932,5.436112667891932,10538592,,,0.0337931504198781,Information
456602,8972.0,14763.37427,PAK,Pakistan,N.W.F.P.,3.624834406,0.0,0.39,0.85,,,,,,,,,,,,,,,,,,,,,,,,,,2.567527834940149,72.49668812,0.0,,,,,,,,,,,,,,,,,0.0,0.0,43.734375,0.2962356314114711,0.0,0.0,1.530703125,1.0368247099401489,2.567527834940149,7289104,,,0.0088613095819468,Information
456605,8975.0,2159.400563,AFG,Afghanistan,Kunar,4.091707885,0.0,0.3,0.97,,,,,,,,,,,,,,,,,,,,,,,,,,6.734662068365531,81.83415769999999,0.0,,,,,,,,,,,,,,,,,0.0,0.0,34.171875,1.5824704123901516,0.0,0.0,1.196015625,5.538646443365531,6.734662068365531,348684,,,0.1605315998444523,Information
456606,8976.0,3861.188141,AFG,Afghanistan,Nuristan,4.197447756,0.0,0.3,0.97,,,,,,,,,,,,,,,,,,,,,,,,,,2.7386830423292308,83.94895512,0.0,,,,,,,,,,,,,,,,,0.0,0.0,21.796875,0.564512119236923,0.0,0.0,0.762890625,1.9757924173292305,2.7386830423292308,181140,,,0.0385056505004886,Information
456607,8977.0,11656.25341,PAK,Pakistan,N.W.F.P.,4.076324202,0.0,0.39,0.85,,,,,,,,,,,,,,,,,,,,,,,,,,4.361875877353915,81.52648404000001,0.0,,,,,,,,,,,,,,,,,0.0,0.0,67.078125,0.5754690006725474,0.0,0.0,2.347734375,2.014141502353916,4.361875877353915,617341,,,0.0744488551230933,Information
456608,8978.0,3568.695759,PAK,Pakistan,N.W.F.P.,4.020663995,0.0,0.39,0.85,,,,,,,,,,,,,,,,,,,,,,,,,,3.8363040544227394,80.41327989999999,0.0,,,,,,,,,,,,,,,,,0.0,0.0,28.828125,0.8078056226922113,0.0,0.0,1.008984375,2.8273196794227395,3.8363040544227394,103206,,,0.0515145783338649,Information
456702,8981.0,2869.772431,PAK,Pakistan,N.W.F.P.,0.861406533,0.0,0.39,0.85,,,,,,,,,,,,,,,,,,,,,,,,,,2.5383518941616097,17.22813066,0.0,,,,,,,,,,,,,,,,,0.0,0.0,16.171875,0.5635246483318885,0.0,0.0,0.566015625,1.972336269161609,2.5383518941616097,3061323,,,0.0002464612587417,Information
456703,8982.0,19904.2419,PAK,Pakistan,N.W.F.P.,3.038560912,0.0,0.39,0.85,,,,,,,,,,,,,,,,,,,,,,,,,,5.353727990387564,60.77121824,0.0,,,,,,,,,,,,,,,,,0.0,0.0,101.8125,0.5115115686821611,0.0,0.0,3.5634375,1.7902904903875638,5.353727990387564,3882273,,,0.0232065172106302,Information
456704,8983.0,4000.604949,PAK,Pakistan,Northern Areas,4.018751475,0.0,0.39,0.85,,,,,,,,,,,,,,,,,,,,,,,,,,1.4124255519340252,80.37502950000001,0.0,,,,,,,,,,,,,,,,,0.0,0.0,11.53125,0.2882376576954358,0.0,0.0,0.40359375,1.0088318019340252,1.4124255519340252,57434,,,0.0042505148518765,Information
456706,8985.0,27430.3675,PAK,Pakistan,Northern Areas,4.100580745,0.0,0.39,0.85,,,,,,,,,,,,,,,,,,,,,,,,,,19.25531988018518,82.01161490000001,0.0,,,,,,,,,,,,,,,,,0.0,0.0,403.171875,1.4698012157671945,0.0,0.0,14.111015625,5.1443042551851805,19.25531988018518,406488,,,0.5271315029120094,Advisory
456707,8986.0,4456.925207,PAK,Pakistan,Northern Areas,4.147084824,0.0,0.39,0.85,,,,,,,,,,,,,,,,,,,,,,,,,,2.027565481015251,82.94169648,0.0,,,,,,,,,,,,,,,,,0.0,0.0,17.859375,0.4007106731472145,0.0,0.0,0.625078125,1.4024873560152509,2.027565481015251,154386,,,0.0165940109830195,Information
456708,8987.0,7055.874721,PAK,Pakistan,Northern Areas,4.139304397,0.0,0.39,0.85,,,,,,,,,,,,,,,,,,,,,,,,,,3.700105482064533,82.78608794,0.0,,,,,,,,,,,,,,,,,0.0,0.0,43.734375,0.6198292448755809,0.0,0.0,1.530703125,2.1694023570645333,3.700105482064533,53392,,,0.0621030077717917,Information
456709,8988.0,521.5900088,PAK,Pakistan,Northern Areas,4.240755936,0.0,0.39,0.85,,,,,,,,,,,,,,,,,,,,,,,,,,2.978543489437898,84.81511872,0.0,,,,,,,,,,,,,,,,,0.0,0.0,4.21875,0.8088249255536851,0.0,0.0,0.14765625,2.830887239437898,2.978543489437898,36468,,,0.0516707092465255,Information
456801,8990.0,1370.789864,PAK,Pakistan,Northern Areas,4.064946638,0.0,0.39,0.85,,,,,,,,,,,,,,,,,,,,,,,,,,0.2041363444009644,81.29893276000001,0.0,,,,,,,,,,,,,,,,,0.0,0.0,0.703125,0.051293419828847,0.0,0.0,0.024609375,0.1795269694009645,0.2041363444009644,60753,,,3.1279961999526997e-06,Information
456802,8991.0,3646.358947,PAK,Pakistan,Northern Areas,4.058817104,0.0,0.39,0.85,,,,,,,,,,,,,,,,,,,,,,,,,,0.2947188641589307,81.17634208,0.0,,,,,,,,,,,,,,,,,0.0,0.0,2.25,0.0617053897596945,0.0,0.0,0.07875,0.2159688641589307,0.2947188641589307,33452,,,1.6133435707833426e-05,Information
456803,8992.0,5257.045599,IND,India,Jammu and Kashmir,4.048774897,0.0,0.49,0.71,,,,,,,,,,,,,,,,,,,,,,,,,,1.1855977660997736,80.97549794000001,0.0,,,,,,,,,,,,,,,,,0.0,0.0,11.671875,0.2220234688856496,0.0,0.0,0.408515625,0.7770821410997737,1.1855977660997736,25977,,,0.0027560090541656,Information
456806,8995.0,14299.65064,CHN,China,Xinjiang Uygur,4.073038301,0.0,0.59,0.57,,,,,,,,,,,,,,,,,,,,,,,,,,16.292740294855143,81.46076602000001,0.0,,,,,,,,,,,,,,,,,0.0,0.0,273.9375,1.9156936556728985,0.0,0.0,9.5878125,6.704927794855145,16.292740294855143,1337,,,0.4486117195489374,Advisory
456901,9000.0,2127.220322,PAK,Pakistan,Northern Areas,4.066467236,0.0,0.39,0.85,,,,,,,,,,,,,,,,,,,,,,,,,,0.4208919633333653,81.32934472000001,0.0,,,,,,,,,,,,,,,,,0.0,0.0,2.109375,0.0991610966666758,0.0,0.0,0.073828125,0.3470638383333653,0.4208919633333653,48354,,,7.46195591703958e-05,Information
456902,9001.0,10518.20876,IND,India,Jammu and Kashmir,4.042133032,0.0,0.49,0.71,,,,,,,,,,,,,,,,,,,,,,,,,,16.168522110706643,80.84266063999999,0.0,,,,,,,,,,,,,,,,,0.0,0.0,236.8125,2.2514527459161835,0.0,0.0,8.2884375,7.880084610706643,16.168522110706643,136460,,,0.432654643377857,Advisory
456903,9002.0,5196.338071,IND,India,Jammu and Kashmir,4.053831463,0.0,0.49,0.71,,,,,,,,,,,,,,,,,,,,,,,,,,7.974103952316641,81.07662926,0.0,,,,,,,,,,,,,,,,,0.0,0.0,77.90625,1.4992529149476117,0.0,0.0,2.72671875,5.247385202316641,7.974103952316641,30487,,,0.1937394500216047,Information
456904,9003.0,14907.7412,IND,India,Jammu and Kashmir,3.947202767,0.0,0.49,0.71,,,,,,,,,,,,,,,,,,,,,,,,,,31.57797699457273,78.94405533999999,0.0,3.0,,,,,,,,,,,,,,,,0.0,0.0,540.0,3.622279141306494,0.0,0.0,18.9,12.67797699457273,31.57797699457273,14252,0.0,0.0,0.6573630519636653,Watch
457004,9011.0,2275.03514,PAK,Pakistan,Sind,2.281517919,0.0,0.39,0.85,,,,,,,,,,,,,,,,,,,,,,,,,,0.4248984995228211,45.63035838,0.0,,,,,,,,,,,,,,,,,0.0,0.0,2.25,0.0988995712922346,0.0,0.0,0.07875,0.3461484995228211,0.4248984995228211,4339736,,,6.120047750615134e-07,Information
457006,9013.0,9990.238598,PAK,Pakistan,Baluchistan,4.054665289,0.0,0.39,0.85,,,,,,,,,,,,,,,,,,,,,,,,,,6.431109114822343,81.09330578,0.0,,,,,,,,,,,,,,,,,0.0,0.0,91.828125,0.919178497092098,0.0,0.0,3.213984375,3.217124739822343,6.431109114822343,658362,,,0.1404345495863416,Information
461011,9019.0,18434.94119,KAZ,Kazakhstan,Qyzylorda,4.091612769,0.0,0.63,0.51,,,,,,,,,,,,,,,,,,,,,,,,,,0.660481123949865,81.83225538,0.0,,,,,,,,,,,,,,,,,0.0,0.0,12.234375,0.0663651425571043,0.0,0.0,0.428203125,0.232277998949865,0.660481123949865,0,,,0.0004591434859246,Information
461014,9022.0,5004.096852,UZB,Uzbekistan,Navoi,2.102522915,0.0,0.54,0.64,,,,,,,,,,,,,,,,,,,,,,,,,,0.265636186669973,42.0504583,0.0,,,,,,,,,,,,,,,,,0.0,0.0,2.53125,0.050583553334278,0.0,0.0,0.08859375,0.177042436669973,0.265636186669973,0,,,3.618201131679212e-08,Information
461016,9024.0,4218.57443,KAZ,Kazakhstan,Qyzylorda,2.863878184,0.0,0.63,0.51,,,,,,,,,,,,,,,,,,,,,,,,,,0.1658902721326158,57.27756368,0.0,,,,,,,,,,,,,,,,,0.0,0.0,1.40625,0.0333347206093188,0.0,0.0,0.04921875,0.1166715221326158,0.1658902721326158,69,,,1.4189582977645285e-08,Information
461017,9025.0,495.7471374,KAZ,Kazakhstan,Qyzylorda,4.058635336,0.0,0.63,0.51,,,,,,,,,,,,,,,,,,,,,,,,,,1.9798729622262223,81.17270672000001,0.0,,,,,,,,,,,,,,,,,0.0,0.0,2.671875,0.5389592392074921,0.0,0.0,0.093515625,1.8863573372262223,1.9798729622262223,0,,,0.0121524524977782,Information
461018,9026.0,4655.683198,KAZ,Kazakhstan,Qyzylorda,4.011710089,0.0,0.63,0.51,,,,,,,,,,,,,,,,,,,,,,,,,,0.2788853704508641,80.23420178,0.0,,,,,,,,,,,,,,,,,0.0,0.0,2.53125,0.0543690344145326,0.0,0.0,0.08859375,0.1902916204508641,0.2788853704508641,0,,,1.0179923619302629e-05,Information
461060,9032.0,17596.44293,UZB,Uzbekistan,Navoi,3.898464397,0.0,0.54,0.64,,,,,,,,,,,,,,,,,,,,,,,,,,5.26433085296949,77.96928794,0.0,,,,,,,,,,,,,,,,,0.0,0.0,95.90625,0.5450320294198541,0.0,0.0,3.35671875,1.9076121029694888,5.26433085296949,89243,,,0.0761458550696721,Information
461080,9034.0,4581.223746,UZB,Uzbekistan,Karakalpakstan,4.021587444,0.0,0.54,0.64,,,,,,,,,,,,,,,,,,,,,,,,,,0.2506473016121504,80.43174887999999,0.0,,,,,,,,,,,,,,,,,0.0,0.0,2.25,0.0491135147463287,0.0,0.0,0.07875,0.1718973016121504,0.2506473016121504,287,,,6.574313273923535e-06,Information
461204,9042.0,8924.689858,KAZ,Kazakhstan,Qyzylorda,3.185111493,0.0,0.63,0.51,,,,,,,,,,,,,,,,,,,,,,,,,,6.418615102391549,63.70222986,0.0,,,,,,,,,,,,,,,,,0.0,0.0,86.484375,0.9690462792547284,0.0,0.0,3.026953125,3.391661977391549,6.418615102391549,665,,,0.0415874916509903,Information
461207,9045.0,8025.427794,UZB,Uzbekistan,Karakalpakstan,4.023232148,0.0,0.54,0.64,,,,,,,,,,,,,,,,,,,,,,,,,,2.509422720703225,80.46464295999999,0.0,,,,,,,,,,,,,,,,,0.0,0.0,31.921875,0.3977591702009214,0.0,0.0,1.117265625,1.3921570957032248,2.509422720703225,10359,,,0.0200764131027607,Information
461209,9047.0,7459.73551,UZB,Uzbekistan,Karakalpakstan,3.362030657,0.0,0.54,0.64,,,,,,,,,,,,,,,,,,,,,,,,,,15.805160925615546,67.24061314,0.0,,,,,,,,,,,,,,,,,0.0,0.0,192.9375,2.586385264461584,0.0,0.0,6.7528125,9.052348425615545,15.805160925615546,361823,,,0.2330457890366728,Information
461302,9050.0,5189.098864,UZB,Uzbekistan,Karakalpakstan,3.339784105,0.0,0.54,0.64,,,,,,,,,,,,,,,,,,,,,,,,,,0.6194968454232103,66.79568210000001,0.0,,,,,,,,,,,,,,,,,0.0,0.0,6.046875,0.1165303486923458,0.0,0.0,0.211640625,0.4078562204232103,0.6194968454232103,703,,,3.4236884806903285e-05,Information
461304,9052.0,5858.497852,UZB,Uzbekistan,Bukhoro,1.889015053,0.0,0.54,0.64,,,,,,,,,,,,,,,,,,,,,,,,,,0.1732007246775277,37.78030106,0.0,,,,,,,,,,,,,,,,,0.0,0.0,1.828125,0.0312046713364365,0.0,0.0,0.063984375,0.1092163496775277,0.1732007246775277,14990,,,2.0026327255708342e-09,Information
461305,9053.0,4283.974749,TKM,Turkmenistan,Chardzhou,4.053807053,0.0,0.51,0.68,,,,,,,,,,,,,,,,,,,,,,,,,,6.794118109707762,81.07614106,0.0,,,,,,,,,,,,,,,,,0.0,0.0,58.21875,1.3589891027736465,0.0,0.0,2.03765625,4.756461859707763,6.794118109707762,9335,,,0.1528311584802457,Information
461306,9054.0,3237.284174,UZB,Uzbekistan,Bukhoro,0.389611078,0.0,0.54,0.64,,,,,,,,,,,,,,,,,,,,,,,,,,5.675416732541204,7.79222156,0.0,,,,,,,,,,,,,,,,,0.0,0.0,39.65625,1.2249851378689154,0.0,0.0,1.38796875,4.287447982541204,5.675416732541204,25045,,,0.0026525417597283,Information
461307,9055.0,2548.988229,UZB,Uzbekistan,Bukhoro,3.51490137,0.0,0.54,0.64,,,,,,,,,,,,,,,,,,,,,,,,,,5.451976559587334,70.2980274,0.0,,,,,,,,,,,,,,,,,0.0,0.0,31.640625,1.241301338453524,0.0,0.0,1.107421875,4.344554684587334,5.451976559587334,94552,,,0.045015401521164,Information
461402,9059.0,21515.00803,KAZ,Kazakhstan,Qyzylorda,3.4502261,0.0,0.63,0.51,,,,,,,,,,,,,,,,,,,,,,,,,,5.904598762505981,69.00452200000001,0.0,,,,,,,,,,,,,,,,,0.0,0.0,115.171875,0.5353094678588517,0.0,0.0,4.031015625,1.8735831375059808,5.904598762505981,46,,,0.0486476506522723,Information
461404,9061.0,5601.559402,UZB,Uzbekistan,Karakalpakstan,3.38445098,0.0,0.54,0.64,,,,,,,,,,,,,,,,,,,,,,,,,,2.60461324022862,67.6890196,0.0,,,,,,,,,,,,,,,,,0.0,0.0,26.71875,0.4769877114938914,0.0,0.0,0.93515625,1.6694569902286198,2.60461324022862,11,,,0.0058991068169121,Information
461405,9062.0,2300.91433,UZB,Uzbekistan,Karakalpakstan,4.030297551,0.0,0.54,0.64,,,,,,,,,,,,,,,,,,,,,,,,,,13.340603733170957,80.60595102,0.0,,,,,,,,,,,,,,,,,0.0,0.0,71.296875,3.0986323166202734,0.0,0.0,2.495390625,10.845213108170956,13.340603733170957,0,,,0.3541448842935729,Advisory
461407,9064.0,7783.598928,KAZ,Kazakhstan,Qyzylorda,3.80079879,0.0,0.63,0.51,,,,,,,,,,,,,,,,,,,,,,,,,,0.2811316840266242,76.0159758,0.0,,,,,,,,,,,,,,,,,0.0,0.0,3.515625,0.0451670882933212,0.0,0.0,0.123046875,0.1580848090266242,0.2811316840266242,303,,,4.367688924051043e-06,Information
461500,9067.0,224.3988676,TKM,Turkmenistan,Chardzhou,1.007876044,0.0,0.51,0.68,,,,,,,,,,,,,,,,,,,,,,,,,,10.091604369720637,20.15752088,0.0,,,,,,,,,,,,,,,,,0.0,0.0,6.328125,2.820034284205896,0.0,0.0,0.221484375,9.870119994720636,10.091604369720637,421368,,,0.0193034744752684,Information
461600,9068.0,851.017301,UZB,Uzbekistan,Kashkadarya,0.003392487,0.0,0.54,0.64,,,,,,,,,,,,,,,,,,,,,,,,,,14.936182225814497,0.06784974,0.0,,,,,,,,,,,,,,,,,0.0,0.0,33.46875,3.9327931359469983,0.0,0.0,1.17140625,13.764775975814494,14.936182225814497,2978,,,0.0286703413566645,Information
461603,9071.0,748.5953018,UZB,Uzbekistan,Bukhoro,4.174152971,0.0,0.54,0.64,,,,,,,,,,,,,,,,,,,,,,,,,,0.4240201003564858,83.48305941999999,0.0,,,,,,,,,,,,,,,,,0.0,0.0,0.84375,0.1127111001018531,0.0,0.0,0.02953125,0.3944888503564858,0.4240201003564858,102338,,,0.0001249506908796,Information
461606,9074.0,7540.569617,UZB,Uzbekistan,Samarkand,1.424918918,0.0,0.54,0.64,,,,,,,,,,,,,,,,,,,,,,,,,,4.327747542649084,28.49837836,0.0,,,,,,,,,,,,,,,,,0.0,0.0,53.15625,0.7049367978997384,0.0,0.0,1.86046875,2.4672787926490845,4.327747542649084,1099270,,,0.0025183831120323,Information
461608,9076.0,3192.729467,TJK,Tajikistan,Leninabad,4.067857749,0.0,0.5,0.69,,,,,,,,,,,,,,,,,,,,,,,,,,1.2609411142371312,81.35715497999999,0.0,,,,,,,,,,,,,,,,,0.0,0.0,8.71875,0.2730813897820375,0.0,0.0,0.30515625,0.9557848642371312,1.2609411142371312,21509,,,0.0035342037510795,Information
461609,9077.0,4664.10072,TJK,Tajikistan,Leninabad,4.161061448,0.0,0.5,0.69,,,,,,,,,,,,,,,,,,,,,,,,,,3.388926963475792,83.22122895999999,0.0,,,,,,,,,,,,,,,,,0.0,0.0,30.796875,0.6602960967073691,0.0,0.0,1.077890625,2.311036338475792,3.388926963475792,41526,,,0.0548435502056505,Information
461722,9081.0,1287.744421,AFG,Afghanistan,Faryab,0.516205929,0.0,0.3,0.97,,,,,,,,,,,,,,,,,,,,,,,,,,4.831990735387862,10.32411858,0.0,,,,,,,,,,,,,,,,,0.0,0.0,15.75,1.223068781539389,0.0,0.0,0.55125,4.2807407353878615,4.831990735387862,18130,,,0.0017448666101763,Information
461724,9083.0,16783.55231,AFG,Afghanistan,Faryab,4.091352479,0.0,0.3,0.97,,,,,,,,,,,,,,,,,,,,,,,,,,0.8796965588507379,81.82704958000001,0.0,,,,,,,,,,,,,,,,,0.0,0.0,15.75,0.0938418739573537,0.0,0.0,0.55125,0.328446558850738,0.8796965588507379,1017656,,,0.0012304322883555,Information
461725,9084.0,3302.729103,AFG,Afghanistan,Jawzjan,4.045522152,0.0,0.3,0.97,,,,,,,,,,,,,,,,,,,,,,,,,,0.6740269952658081,80.91044304,0.0,,,,,,,,,,,,,,,,,0.0,0.0,4.78125,0.1447666415045166,0.0,0.0,0.16734375,0.5066832452658081,0.6740269952658081,154386,,,0.0004134548537647,Information
461760,9092.0,14579.67856,AFG,Afghanistan,Balkh,4.032488721,0.0,0.3,0.97,,,,,,,,,,,,,,,,,,,,,,,,,,1.3691239701757678,80.64977442,0.0,,,,,,,,,,,,,,,,,0.0,0.0,23.203125,0.1591470271930765,0.0,0.0,0.812109375,0.5570145951757677,1.3691239701757678,1003952,,,0.0040420980513923,Information
461771,9093.0,1152.186021,UZB,Uzbekistan,Surkhandarya,2.092071442,0.0,0.54,0.64,,,,,,,,,,,,,,,,,,,,,,,,,,12.10045495986338,41.84142884,0.0,,,,,,,,,,,,,,,,,0.0,0.0,35.71875,3.100085345675252,0.0,0.0,1.25015625,10.85029870986338,12.10045495986338,75495,,,0.0582156738092335,Information
461772,9094.0,4072.224079,UZB,Uzbekistan,Surkhandarya,3.061465221,0.0,0.54,0.64,,,,,,,,,,,,,,,,,,,,,,,,,,0.2040999509067095,61.229304420000005,0.0,,,,,,,,,,,,,,,,,0.0,0.0,1.6875,0.0414392716876313,0.0,0.0,0.0590625,0.1450374509067095,0.2040999509067095,256234,,,7.737761526293235e-08,Information
461773,9095.0,1609.155443,UZB,Uzbekistan,Surkhandarya,3.533826056,0.0,0.54,0.64,,,,,,,,,,,,,,,,,,,,,,,,,,19.81378319357449,70.67652112,0.0,,,,,,,,,,,,,,,,,0.0,0.0,78.46875,4.876393412449856,0.0,0.0,2.74640625,17.067376943574494,19.81378319357449,495747,,,0.3475251518149628,Information
461774,9096.0,13518.06888,UZB,Uzbekistan,Surkhandarya,2.525469635,0.0,0.54,0.64,,,,,,,,,,,,,,,,,,,,,,,,,,6.961584970501014,50.5093927,0.0,,,,,,,,,,,,,,,,,0.0,0.0,114.328125,0.8457430272860038,0.0,0.0,4.001484375,2.9601005955010136,6.961584970501014,2141520,,,0.0249176047448341,Information
461777,9099.0,24.29969029,AFG,Afghanistan,Kunduz,4.061705187,0.0,0.3,0.97,,,,,,,,,,,,,,,,,,,,,,,,,,35.118125,81.23410374000001,0.0,3.0,,,,,,,,,,,,,,,,0.0,0.0,3.375,13.889065909949384,0.0,0.0,0.118125,35.0,35.118125,4234,753.0,17.784600850259803,0.7345642412246545,Watch
461778,9100.0,11450.90196,TJK,Tajikistan,Tadzhikistan Territories,4.038181894,0.0,0.5,0.69,,,,,,,,,,,,,,,,,,,,,,,,,,4.185933208038364,80.76363788,0.0,,,,,,,,,,,,,,,,,0.0,0.0,63.84375,0.5575434165823898,0.0,0.0,2.23453125,1.9514019580383644,4.185933208038364,2678291,,,0.0636204852269988,Information
461781,9102.0,1349.549734,AFG,Afghanistan,Kunduz,4.001799536,0.0,0.3,0.97,,,,,,,,,,,,,,,,,,,,,,,,,,4.346199096004993,80.03599072,0.0,,,,,,,,,,,,,,,,,0.0,0.0,14.765625,1.0941149202871407,0.0,0.0,0.516796875,3.829402221004993,4.346199096004993,42972,,,0.063675776990286,Information
461782,9103.0,12154.06972,AFG,Afghanistan,Baghlan,4.055704556,0.0,0.3,0.97,,,,,,,,,,,,,,,,,,,,,,,,,,5.131666252851344,81.11409112000001,0.0,,,,,,,,,,,,,,,,,0.0,0.0,80.4375,0.6618153579575267,0.0,0.0,2.8153125,2.316353752851344,5.131666252851344,1069460,,,0.0962898269439279,Information
461783,9104.0,4695.411139,AFG,Afghanistan,Baghlan,4.054479343,0.0,0.3,0.97,,,,,,,,,,,,,,,,,,,,,,,,,,1.3555681836378966,81.08958686,0.0,,,,,,,,,,,,,,,,,0.0,0.0,12.375,0.2635551953251133,0.0,0.0,0.433125,0.9224431836378966,1.3555681836378966,529718,,,0.0042007698163446,Information
461785,9106.0,1223.44444,AFG,Afghanistan,Baghlan,4.184005964,0.0,0.3,0.97,,,,,,,,,,,,,,,,,,,,,,,,,,1.2190913599175528,83.68011928,0.0,,,,,,,,,,,,,,,,,0.0,0.0,3.796875,0.3103430671193008,0.0,0.0,0.132890625,1.0862007349175529,1.2190913599175528,194123,,,0.0047394869667976,Information
461786,9107.0,3744.583805,AFG,Afghanistan,Baghlan,4.296350649,0.0,0.3,0.97,,,,,,,,,,,,,,,,,,,,,,,,,,2.637615429001594,85.92701298,0.0,,,,,,,,,,,,,,,,,0.0,0.0,20.53125,0.5482919082861697,0.0,0.0,0.71859375,1.919021679001594,2.637615429001594,142156,,,0.0470277855017044,Information
461787,9108.0,3904.724254,AFG,Afghanistan,Baghlan,4.28087007,0.0,0.3,0.97,,,,,,,,,,,,,,,,,,,,,,,,,,2.471278569960502,85.61740139999999,0.0,,,,,,,,,,,,,,,,,0.0,0.0,19.828125,0.5077983414172863,0.0,0.0,0.693984375,1.777294194960502,2.471278569960502,62539,,,0.039095225060475,Information
461788,9109.0,5064.202466,AFG,Afghanistan,Bamyan,4.001510873,0.0,0.3,0.97,,,,,,,,,,,,,,,,,,,,,,,,,,1.2151887936774943,80.03021746,0.0,,,,,,,,,,,,,,,,,0.0,0.0,11.671875,0.2304780481935698,0.0,0.0,0.408515625,0.8066731686774943,1.2151887936774943,159810,,,0.0025605115600324,Information
461790,9111.0,100.2356784,AFG,Afghanistan,Kunduz,4.073498865,0.0,0.3,0.97,,,,,,,,,,,,,,,,,,,,,,,,,,35.467578125,81.46997730000001,0.0,3.0,,,,,,,,,,,,,,,,0.0,0.0,13.359375,13.327963873321965,0.0,0.0,0.467578125,35.0,35.467578125,0,0.0,0.0,0.7419040788888414,Watch
461801,9112.0,2089.017937,TJK,Tajikistan,Khatlon,1.918316758,0.0,0.5,0.69,,,,,,,,,,,,,,,,,,,,,,,,,,34.834203912142335,38.36633516,0.0,,,,,,,,,,,,,,,,,0.0,0.0,171.984375,8.232785939183524,0.0,0.0,6.019453125,28.814750787142334,34.834203912142335,250467,,,0.2841325435342848,Information
461802,9113.0,1811.239425,TJK,Tajikistan,Khatlon,3.873215577,0.0,0.5,0.69,,,,,,,,,,,,,,,,,,,,,,,,,,0.2246716269178475,77.46431154,0.0,,,,,,,,,,,,,,,,,0.0,0.0,0.984375,0.0543481434050993,0.0,0.0,0.034453125,0.1902185019178475,0.2246716269178475,505171,,,2.030697205270603e-06,Information
461803,9114.0,625.8186856,TJK,Tajikistan,Khatlon,3.579953751,0.0,0.5,0.69,,,,,,,,,,,,,,,,,,,,,,,,,,17.382321956036932,71.59907502,0.0,,,,,,,,,,,,,,,,,0.0,0.0,29.25,4.673877701724838,0.0,0.0,1.02375,16.358571956036933,17.382321956036932,224588,,,0.3117245388479268,Information
461804,9115.0,2110.807205,TJK,Tajikistan,Khatlon,2.438166256,0.0,0.5,0.69,,,,,,,,,,,,,,,,,,,,,,,,,,0.9318994219667532,48.763325120000005,0.0,,,,,,,,,,,,,,,,,0.0,0.0,4.640625,0.2198507277047866,0.0,0.0,0.162421875,0.7694775469667532,0.9318994219667532,409298,,,3.074925756529215e-05,Information
461806,9117.0,6629.001248,TJK,Tajikistan,Tadzhikistan Territories,4.132527231,0.0,0.5,0.69,,,,,,,,,,,,,,,,,,,,,,,,,,5.037427492145143,82.65054462,0.0,,,,,,,,,,,,,,,,,0.0,0.0,57.375,0.8655149977557554,0.0,0.0,2.008125,3.029302492145144,5.037427492145143,37377,,,0.1081056306998337,Information
461808,9119.0,6894.40851,TJK,Tajikistan,Gorno-Badakhshan,4.003496004,0.0,0.5,0.69,,,,,,,,,,,,,,,,,,,,,,,,,,2.7257435772908023,80.06992007999999,0.0,,,,,,,,,,,,,,,,,0.0,0.0,31.78125,0.4609713792259435,0.0,0.0,1.11234375,1.6133998272908023,2.7257435772908023,12065,,,0.0233236339466048,Information
461809,9120.0,8373.696223,KGZ,Kyrgyzstan,Osh,4.0314887,0.0,0.55,0.63,,,,,,,,,,,,,,,,,,,,,,,,,,0.1295958683362164,80.629774,0.0,,,,,,,,,,,,,,,,,0.0,0.0,1.6875,0.0201523909532047,0.0,0.0,0.0590625,0.0705333683362164,0.1295958683362164,46483,,,2.763219819775504e-07,Information
461920,9123.0,20976.84545,AFG,Afghanistan,Badakhshan,4.08712662,0.0,0.3,0.97,,,,,,,,,,,,,,,,,,,,,,,,,,6.730364372709869,81.7425324,0.0,,,,,,,,,,,,,,,,,0.0,0.0,130.21875,0.6207737493456769,0.0,0.0,4.55765625,2.172708122709869,6.730364372709869,1023632,,,0.1591530398757789,Information
461930,9124.0,258.1526037,AFG,Afghanistan,Takhar,2.700637316,0.0,0.3,0.97,,,,,,,,,,,,,,,,,,,,,,,,,,27.38112332619255,54.01274632,0.0,,,,,,,,,,,,,,,,,0.0,0.0,19.6875,7.626303093197873,0.0,0.0,0.6890625,26.692060826192552,27.38112332619255,14214,,,0.3020510966596306,Information
461940,9125.0,9086.075257,TJK,Tajikistan,Khatlon,4.047514856,0.0,0.5,0.69,,,,,,,,,,,,,,,,,,,,,,,,,,8.167666066686234,80.95029712,0.0,,,,,,,,,,,,,,,,,0.0,0.0,111.09375,1.2226813761960669,0.0,0.0,3.88828125,4.279384816686234,8.167666066686234,1178330,,,0.1985342645478077,Information
461950,9126.0,23095.93769,AFG,Afghanistan,Badakhshan,4.023960008,0.0,0.3,0.97,,,,,,,,,,,,,,,,,,,,,,,,,,8.273088744095816,80.47920016,0.0,,,,,,,,,,,,,,,,,0.0,0.0,164.953125,0.7142083911702327,0.0,0.0,5.773359375,2.4997293690958147,8.273088744095816,703473,,,0.1953157691597201,Information
461961,9127.0,1054.995044,TJK,Tajikistan,Gorno-Badakhshan,4.354255719,0.0,0.5,0.69,,,,,,,,,,,,,,,,,,,,,,,,,,3.713395520301449,87.08511438000001,0.0,,,,,,,,,,,,,,,,,0.0,0.0,10.125,0.9597201486575568,0.0,0.0,0.354375,3.359020520301449,3.713395520301449,12067,,,0.1063025751963853,Information
461964,9130.0,13719.60198,TJK,Tajikistan,Gorno-Badakhshan,4.379543594,0.0,0.5,0.69,,,,,,,,,,,,,,,,,,,,,,,,,,4.765236852840024,87.59087188000001,0.0,,,,,,,,,,,,,,,,,0.0,0.0,78.75,0.5739962436685785,0.0,0.0,2.75625,2.0089868528400245,4.765236852840024,75322,,,0.1692621523207062,Information
461966,9132.0,4558.823753,AFG,Afghanistan,Badakhshan,4.018122343,0.0,0.3,0.97,,,,,,,,,,,,,,,,,,,,,,,,,,1.9333441888879963,80.36244686,0.0,,,,,,,,,,,,,,,,,0.0,0.0,17.296875,0.379415303967999,0.0,0.0,0.605390625,1.3279535638879965,1.9333441888879963,3011,,,0.0102194316604024,Information
461967,9133.0,1750.955064,AFG,Afghanistan,Badakhshan,4.207047486,0.0,0.3,0.97,,,,,,,,,,,,,,,,,,,,,,,,,,4.062878697525717,84.14094972,0.0,,,,,,,,,,,,,,,,,0.0,0.0,17.296875,0.9878537350073476,0.0,0.0,0.605390625,3.4574880725257167,4.062878697525717,10563,,,0.0866228395901468,Information
461970,9136.0,3578.582705,TJK,Tajikistan,Gorno-Badakhshan,4.407524732,0.0,0.5,0.69,,,,,,,,,,,,,,,,,,,,,,,,,,2.950740719812148,88.15049463999999,0.0,,,,,,,,,,,,,,,,,0.0,0.0,22.21875,0.6208812770891851,0.0,0.0,0.77765625,2.173084469812148,2.950740719812148,2773,,,0.0822295391668205,Information
462131,9141.0,5918.923837,KAZ,Kazakhstan,Qyzylorda,3.330945794,0.0,0.63,0.51,,,,,,,,,,,,,,,,,,,,,,,,,,8.286590281074432,66.61891588,0.0,,,,,,,,,,,,,,,,,0.0,0.0,88.03125,1.4872847231641233,0.0,0.0,3.08109375,5.205496531074432,8.286590281074432,115484,,,0.0817568654620574,Information
462132,9142.0,11523.30779,KAZ,Kazakhstan,Qyzylorda,2.222715357,0.0,0.63,0.51,,,,,,,,,,,,,,,,,,,,,,,,,,1.139945580363503,44.45430714,0.0,,,,,,,,,,,,,,,,,0.0,0.0,17.4375,0.1513237372467151,0.0,0.0,0.6103125,0.5296330803635029,1.139945580363503,0,,,5.090747769748166e-05,Information
462136,9146.0,9065.345101,KAZ,Kazakhstan,South Kazakhstan,3.29730236,0.0,0.63,0.51,,,,,,,,,,,,,,,,,,,,,,,,,,0.5072090443520639,65.94604720000001,0.0,,,,,,,,,,,,,,,,,0.0,0.0,6.890625,0.0760106198148754,0.0,0.0,0.241171875,0.2660371693520639,0.5072090443520639,4327,,,1.2951859895135506e-05,Information
462138,9148.0,13227.93706,KAZ,Kazakhstan,South Kazakhstan,0.900102211,0.0,0.63,0.51,,,,,,,,,,,,,,,,,,,,,,,,,,15.556847900835114,18.00204422,0.0,,,,,,,,,,,,,,,,,0.0,0.0,253.125,1.91356368595289,0.0,0.0,8.859375,6.697472900835114,15.556847900835114,439931,,,0.0482370018431897,Information
462139,9149.0,1939.891658,KAZ,Kazakhstan,South Kazakhstan,4.002997918,0.0,0.63,0.51,,,,,,,,,,,,,,,,,,,,,,,,,,32.929340623102405,80.05995836,0.0,3.0,,,,,,,,,,,,,,,,0.0,0.0,152.859375,7.879789285172116,0.0,0.0,5.350078125,27.579262498102405,32.929340623102405,9507,6.0,0.06311139160618492,0.6920375781466984,Watch
462163,9154.0,58.52841615,UZB,Uzbekistan,Jizzakh,3.40467265,0.0,0.54,0.64,,,,,,,,,,,,,,,,,,,,,,,,,,36.13203125,68.09345300000001,0.0,,,,,,,,,,,,,,,,,0.0,0.0,32.34375,55.26161842070854,0.0,0.0,1.13203125,35.0,36.13203125,0,,,0.5494882594460416,Advisory
462164,9155.0,1118.690345,UZB,Uzbekistan,Jizzakh,1.079838536,0.0,0.54,0.64,,,,,,,,,,,,,,,,,,,,,,,,,,13.648299011748732,21.59677072,0.0,,,,,,,,,,,,,,,,,0.0,0.0,39.234375,3.5071702533567803,0.0,0.0,1.373203125,12.275095886748732,13.648299011748732,98992,,,0.0402103547506878,Information
462167,9158.0,1092.691414,UZB,Uzbekistan,Jizzakh,0.11926031,0.0,0.54,0.64,,,,,,,,,,,,,,,,,,,,,,,,,,6.395580218039626,2.3852062,0.0,,,,,,,,,,,,,,,,,0.0,0.0,18.0,1.6473086337256075,0.0,0.0,0.63,5.765580218039626,6.395580218039626,25262,,,0.0032109684117945,Information
462171,9161.0,11225.09777,KAZ,Kazakhstan,South Kazakhstan,1.007988265,0.0,0.63,0.51,,,,,,,,,,,,,,,,,,,,,,,,,,29.25058308749072,20.1597653,0.0,,,,,,,,,,,,,,,,,0.0,0.0,441.984375,3.937465703568776,0.0,0.0,15.469453125,13.781129962490716,29.25058308749072,1612553,,,0.157658445101939,Information
462172,9162.0,13326.02918,KGZ,Kyrgyzstan,Jalal-Abad,2.61362559,0.0,0.55,0.63,,,,,,,,,,,,,,,,,,,,,,,,,,8.718688207036518,52.2725118,0.0,,,,,,,,,,,,,,,,,0.0,0.0,142.3125,1.0679287734390055,0.0,0.0,4.9809375,3.7377507070365192,8.718688207036518,3326101,,,0.0445618219735148,Information
462175,9165.0,23702.63551,TJK,Tajikistan,Leninabad,4.018004468,0.0,0.5,0.69,,,,,,,,,,,,,,,,,,,,,,,,,,29.428207209529017,80.36008936,0.0,3.0,,,,,,,,,,,,,,,,0.0,0.0,591.328125,2.494777952722576,0.0,0.0,20.696484375,8.731722834529016,29.428207209529017,3319462,38166.0,1.149764630533502,0.6570369833619586,Watch
462176,9166.0,3716.354704,KGZ,Kyrgyzstan,Batken,4.033916688,0.0,0.55,0.63,,,,,,,,,,,,,,,,,,,,,,,,,,8.301724736056459,80.67833375999999,0.0,,,,,,,,,,,,,,,,,0.0,0.0,64.265625,1.7292651031589878,0.0,0.0,2.249296875,6.052427861056458,8.301724736056459,240256,,,0.1991213714815009,Information
462177,9167.0,1468.766964,UZB,Uzbekistan,Namangan,2.262659346,0.0,0.54,0.64,,,,,,,,,,,,,,,,,,,,,,,,,,14.950097111058623,45.25318692,0.0,,,,,,,,,,,,,,,,,0.0,0.0,54.703125,3.7244250674453214,0.0,0.0,1.914609375,13.035487736058624,14.950097111058623,486472,,,0.0971434333234345,Information
462179,9169.0,5928.296822,KGZ,Kyrgyzstan,Jalal-Abad,1.165553509,0.0,0.55,0.63,,,,,,,,,,,,,,,,,,,,,,,,,,4.45656126028948,23.31107018,0.0,,,,,,,,,,,,,,,,,0.0,0.0,47.390625,0.7993969672255655,0.0,0.0,1.658671875,2.7978893852894795,4.45656126028948,1460713,,,0.0022179240669229,Information
462180,9170.0,28664.07846,KGZ,Kyrgyzstan,Osh,4.017272988,0.0,0.55,0.63,,,,,,,,,,,,,,,,,,,,,,,,,,12.906144400606957,80.34545976000001,0.0,,,,,,,,,,,,,,,,,0.0,0.0,273.375,0.9537198287448448,0.0,0.0,9.568125,3.338019400606957,12.906144400606957,4783597,,,0.3370218225058062,Information
462191,9171.0,16028.63058,KGZ,Kyrgyzstan,Jalal-Abad,4.008958799,0.0,0.55,0.63,,,,,,,,,,,,,,,,,,,,,,,,,,6.641810853506804,80.17917598,0.0,,,,,,,,,,,,,,,,,0.0,0.0,116.859375,0.7290664938590872,0.0,0.0,4.090078125,2.551732728506805,6.641810853506804,1323473,,,0.1371204171993058,Information
462192,9172.0,10095.43883,KGZ,Kyrgyzstan,Chry,4.078595635,0.0,0.55,0.63,,,,,,,,,,,,,,,,,,,,,,,,,,0.5094554542479489,81.5719127,0.0,,,,,,,,,,,,,,,,,0.0,0.0,7.3125,0.0724337012136997,0.0,0.0,0.2559375,0.2535179542479489,0.5094554542479489,50584,,,0.0001664277064958,Information
462193,9173.0,3840.983991,KGZ,Kyrgyzstan,Jalal-Abad,4.01591108,0.0,0.55,0.63,,,,,,,,,,,,,,,,,,,,,,,,,,0.6384950723102338,80.31822160000002,0.0,,,,,,,,,,,,,,,,,0.0,0.0,5.0625,0.1318021635172097,0.0,0.0,0.1771875,0.4613075723102339,0.6384950723102338,24003,,,0.0003036482601613,Information
462194,9174.0,5865.780071,KGZ,Kyrgyzstan,Naryn,2.965395089,0.0,0.55,0.63,,,,,,,,,,,,,,,,,,,,,,,,,,1.5176481097367818,59.30790178,0.0,,,,,,,,,,,,,,,,,0.0,0.0,16.03125,0.2733012456390805,0.0,0.0,0.56109375,0.9565543597367816,1.5176481097367818,9536,,,0.0005029486379249,Information
462195,9175.0,4752.192573,KGZ,Kyrgyzstan,Naryn,3.011613285,0.0,0.55,0.63,,,,,,,,,,,,,,,,,,,,,,,,,,1.894588106856972,60.2322657,0.0,,,,,,,,,,,,,,,,,0.0,0.0,17.4375,0.3669358876734204,0.0,0.0,0.6103125,1.2842756068569714,1.894588106856972,28405,,,0.001167064526618,Information
462196,9176.0,5559.678926,KGZ,Kyrgyzstan,Naryn,4.02380334,0.0,0.55,0.63,,,,,,,,,,,,,,,,,,,,,,,,,,0.316817625964203,80.4760668,0.0,,,,,,,,,,,,,,,,,0.0,0.0,3.234375,0.058175571704058,0.0,0.0,0.113203125,0.203614500964203,0.316817625964203,47701,,,1.8855837282337905e-05,Information
462197,9177.0,5338.261501,KGZ,Kyrgyzstan,Naryn,4.337616772,0.0,0.55,0.63,,,,,,,,,,,,,,,,,,,,,,,,,,4.624391836359241,86.75233544,0.0,,,,,,,,,,,,,,,,,0.0,0.0,45.984375,0.8614110603883545,0.0,0.0,1.609453125,3.0149387113592407,4.624391836359241,68197,,,0.1462905140628194,Information
462198,9178.0,3879.143832,KGZ,Kyrgyzstan,Ysyk-Köl,4.041806617,0.0,0.55,0.63,,,,,,,,,,,,,,,,,,,,,,,,,,2.764757379399165,80.83613233999999,0.0,,,,,,,,,,,,,,,,,0.0,0.0,22.078125,0.5691494298283328,0.0,0.0,0.772734375,1.992023004399165,2.764757379399165,854,,,0.0264293357693946,Information
462201,9180.0,5678.579008,KAZ,Kazakhstan,Qyzylorda,0.637271065,0.0,0.63,0.51,,,,,,,,,,,,,,,,,,,,,,,,,,0.1630717951434519,12.7454213,0.0,,,,,,,,,,,,,,,,,0.0,0.0,1.6875,0.0297169414695577,0.0,0.0,0.0590625,0.1040092951434519,0.1630717951434519,11200,,,1.6669848755428578e-10,Information
462202,9181.0,6879.517259,KAZ,Kazakhstan,Qyzylorda,1.011197243,0.0,0.63,0.51,,,,,,,,,,,,,,,,,,,,,,,,,,10.929019892675818,20.22394486,0.0,,,,,,,,,,,,,,,,,0.0,0.0,127.265625,1.8499208621930912,0.0,0.0,4.454296875,6.474723017675819,10.929019892675818,7913,,,0.0234168088650327,Information
462203,9182.0,8567.971255,KAZ,Kazakhstan,Qaraghandy,2.382099523,0.0,0.63,0.51,,,,,,,,,,,,,,,,,,,,,,,,,,0.4266551826565682,47.64199046,0.0,,,,,,,,,,,,,,,,,0.0,0.0,5.625,0.0656514807590195,0.0,0.0,0.196875,0.2297801826565682,0.4266551826565682,0,,,7.550893575440167e-07,Information
462204,9183.0,4662.779939,KAZ,Kazakhstan,Qyzylorda,0.128881344,0.0,0.63,0.51,,,,,,,,,,,,,,,,,,,,,,,,,,2.166855810018118,2.5776268800000004,0.0,,,,,,,,,,,,,,,,,0.0,0.0,19.6875,0.4222266600051765,0.0,0.0,0.6890625,1.4777933100181178,2.166855810018118,37,,,7.06793660642676e-05,Information
462205,9184.0,8753.658611,KAZ,Kazakhstan,Qaraghandy,1.45086238,0.0,0.63,0.51,,,,,,,,,,,,,,,,,,,,,,,,,,0.9279181136544692,29.0172476,0.0,,,,,,,,,,,,,,,,,0.0,0.0,12.375,0.1413694610441341,0.0,0.0,0.433125,0.4947931136544693,0.9279181136544692,9209,,,7.21386674672741e-06,Information
462207,9186.0,3455.550478,KAZ,Kazakhstan,Qyzylorda,2.479731523,0.0,0.63,0.51,,,,,,,,,,,,,,,,,,,,,,,,,,0.4791316024060391,49.59463046,0.0,,,,,,,,,,,,,,,,,0.0,0.0,3.515625,0.1017384935445826,0.0,0.0,0.123046875,0.3560847274060391,0.4791316024060391,268,,,1.613017140857302e-06,Information
462208,9187.0,15047.95933,KAZ,Kazakhstan,Qaraghandy,1.131746414,0.0,0.63,0.51,,,,,,,,,,,,,,,,,,,,,,,,,,4.03898499548189,22.63492828,0.0,,,,,,,,,,,,,,,,,0.0,0.0,69.328125,0.4607144629948259,0.0,0.0,2.426484375,1.6125006204818906,4.03898499548189,22964,,,0.001575846025654,Information
462301,9189.0,8100.865902,KAZ,Kazakhstan,Aqtöbe,2.282572315,0.0,0.63,0.51,,,,,,,,,,,,,,,,,,,,,,,,,,7.775313368820033,45.6514463,0.0,,,,,,,,,,,,,,,,,0.0,0.0,99.421875,1.2272993553771523,0.0,0.0,3.479765625,4.295547743820033,7.775313368820033,1733,,,0.0259197468131205,Information
462302,9190.0,3751.107816,KAZ,Kazakhstan,Aqtöbe,0.662121979,0.0,0.63,0.51,,,,,,,,,,,,,,,,,,,,,,,,,,6.693952551340422,13.24243958,0.0,,,,,,,,,,,,,,,,,0.0,0.0,52.171875,1.390839121811549,0.0,0.0,1.826015625,4.8679369263404215,6.693952551340422,19,,,0.0052048687789544,Information
462303,9191.0,4188.971561,KAZ,Kazakhstan,Aqtöbe,0.223435255,0.0,0.63,0.51,,,,,,,,,,,,,,,,,,,,,,,,,,5.28485831296718,4.4687051,0.0,,,,,,,,,,,,,,,,,0.0,0.0,44.578125,1.0641782679906229,0.0,0.0,1.560234375,3.72462393796718,5.28485831296718,1978,,,0.0018981609705928,Information
462304,9192.0,7254.976955,KAZ,Kazakhstan,Aqtöbe,3.099844121,0.0,0.63,0.51,,,,,,,,,,,,,,,,,,,,,,,,,,7.62061313059541,61.99688242,0.0,,,,,,,,,,,,,,,,,0.0,0.0,91.546875,1.2618492873129743,0.0,0.0,3.204140625,4.41647250559541,7.62061313059541,648,,,0.0540478768532735,Information
462410,9196.0,3582.115927,KAZ,Kazakhstan,Qostanay,1.709688676,0.0,0.63,0.51,,,,,,,,,,,,,,,,,,,,,,,,,,9.94685037393754,34.19377352,0.0,,,,,,,,,,,,,,,,,0.0,0.0,74.953125,2.09242599969644,0.0,0.0,2.623359375,7.323490998937539,9.94685037393754,0,,,0.0294152089031282,Information
462412,9198.0,31786.26186,KAZ,Kazakhstan,Qaraghandy,2.13935578,0.0,0.63,0.51,,,,,,,,,,,,,,,,,,,,,,,,,,6.2632536731715005,42.78711559999999,0.0,,,,,,,,,,,,,,,,,0.0,0.0,136.125,0.4282510494775714,0.0,0.0,4.764375,1.4988786731715,6.2632536731715005,6102,,,0.0134805924224166,Information
462460,9214.0,2156.287859,KAZ,Kazakhstan,Aqtöbe,0.271777339,0.0,0.63,0.51,,,,,,,,,,,,,,,,,,,,,,,,,,0.4994561013338588,5.43554678,0.0,,,,,,,,,,,,,,,,,0.0,0.0,2.53125,0.1173892432382454,0.0,0.0,0.08859375,0.4108623513338589,0.4994561013338588,0,,,7.877205045456381e-08,Information
462470,9215.0,20079.53089,KAZ,Kazakhstan,Aqtöbe,0.538025022,0.0,0.63,0.51,,,,,,,,,,,,,,,,,,,,,,,,,,3.892978443183706,10.76050044,0.0,,,,,,,,,,,,,,,,,0.0,0.0,74.25,0.3697795551953446,0.0,0.0,2.59875,1.294228443183706,3.892978443183706,1030,,,0.0008676582361367,Information
462511,9216.0,8412.650487,KAZ,Kazakhstan,Qaraghandy,3.606802518,0.0,0.63,0.51,,,,,,,,,,,,,,,,,,,,,,,,,,3.7380363295400367,72.13605036,0.0,,,,,,,,,,,,,,,,,0.0,0.0,48.796875,0.5800416298685819,0.0,0.0,1.707890625,2.0301457045400366,3.7380363295400367,0,,,0.0222805906456958,Information
462513,9218.0,12258.26402,KAZ,Kazakhstan,Qaraghandy,2.928929768,0.0,0.63,0.51,,,,,,,,,,,,,,,,,,,,,,,,,,2.135948608753332,58.57859536,0.0,,,,,,,,,,,,,,,,,0.0,0.0,33.609375,0.2741772810723804,0.0,0.0,1.176328125,0.9596204837533312,2.135948608753332,6112,,,0.0015139711041913,Information
462520,9225.0,3416.954621,KAZ,Kazakhstan,Qyzylorda,3.854586057,0.0,0.63,0.51,,,,,,,,,,,,,,,,,,,,,,,,,,0.946981292377712,77.09172114,0.0,,,,,,,,,,,,,,,,,0.0,0.0,6.890625,0.2016598335364891,0.0,0.0,0.241171875,0.7058094173777119,0.946981292377712,0,,,0.0007213370408503,Information
462540,9227.0,6431.580305,KAZ,Kazakhstan,South Kazakhstan,2.505919813,0.0,0.63,0.51,,,,,,,,,,,,,,,,,,,,,,,,,,6.287271593945032,50.11839626,0.0,,,,,,,,,,,,,,,,,0.0,0.0,70.3125,1.0932383125557237,0.0,0.0,2.4609375,3.8263340939450328,6.287271593945032,566,,,0.0191735550472801,Information
462550,9228.0,29326.76609,KAZ,Kazakhstan,Qaraghandy,2.434577588,0.0,0.63,0.51,,,,,,,,,,,,,,,,,,,,,,,,,,1.386034161195319,48.69155176,0.0,,,,,,,,,,,,,,,,,0.0,0.0,29.53125,0.1006972603415197,0.0,0.0,1.03359375,0.3524404111953189,1.386034161195319,1818,,,0.0001522690462414,Information
462560,9229.0,18030.48569,KAZ,Kazakhstan,Qaraghandy,1.245216598,0.0,0.63,0.51,,,,,,,,,,,,,,,,,,,,,,,,,,3.481490174806221,24.90433196,0.0,,,,,,,,,,,,,,,,,0.0,0.0,63.984375,0.3548677285160632,0.0,0.0,2.239453125,1.2420370498062212,3.481490174806221,22460,,,0.00106563568029,Information
462611,9230.0,13987.26044,KAZ,Kazakhstan,South Kazakhstan,3.565828644,0.0,0.63,0.51,,,,,,,,,,,,,,,,,,,,,,,,,,37.59488681035047,71.31657288000001,0.0,3.0,,,,,,,,,,,,,,,,0.0,0.0,626.34375,4.477958731528705,0.0,0.0,21.92203125,15.672855560350468,37.59488681035047,1799,0.0,0.0,0.6066308636309565,Watch
462613,9232.0,3675.893128,KAZ,Kazakhstan,Zhambyl,2.033572571,0.0,0.63,0.51,,,,,,,,,,,,,,,,,,,,,,,,,,3.1312627539549083,40.67145142,0.0,,,,,,,,,,,,,,,,,0.0,0.0,24.046875,0.6541777511299738,0.0,0.0,0.841640625,2.289622128954908,3.1312627539549083,3,,,0.0016323209929704,Information
462615,9234.0,7658.004909,KAZ,Kazakhstan,Zhambyl,2.490038954,0.0,0.63,0.51,,,,,,,,,,,,,,,,,,,,,,,,,,3.994838586288232,49.80077908,0.0,,,,,,,,,,,,,,,,,0.0,0.0,49.5,0.6463824532252093,0.0,0.0,1.7325,2.2623385862882324,3.994838586288232,15654,,,0.0056869518911588,Information
462616,9235.0,9666.87636,KAZ,Kazakhstan,Zhambyl,0.778159025,0.0,0.63,0.51,,,,,,,,,,,,,,,,,,,,,,,,,,1.6622176572766327,15.5631805,0.0,,,,,,,,,,,,,,,,,0.0,0.0,23.34375,0.2414818306504665,0.0,0.0,0.81703125,0.8451864072766327,1.6622176572766327,145024,,,4.285415696055072e-05,Information
462617,9236.0,1937.745405,KAZ,Kazakhstan,Zhambyl,0.022785255,0.0,0.63,0.51,,,,,,,,,,,,,,,,,,,,,,,,,,3.487016617399386,0.4557051,0.0,,,,,,,,,,,,,,,,,0.0,0.0,16.171875,0.8345717121141103,0.0,0.0,0.566015625,2.921000992399386,3.487016617399386,85010,,,0.0004017936520941,Information
462618,9237.0,4106.792309,KGZ,Kyrgyzstan,Chry,1.459825581,0.0,0.55,0.63,,,,,,,,,,,,,,,,,,,,,,,,,,5.22413740976441,29.196511620000003,0.0,,,,,,,,,,,,,,,,,0.0,0.0,43.453125,1.0580794385041172,0.0,0.0,1.520859375,3.70327803476441,5.22413740976441,191871,,,0.0045720578623676,Information
462619,9238.0,22256.89299,KGZ,Kyrgyzstan,Chry,4.016089212,0.0,0.55,0.63,,,,,,,,,,,,,,,,,,,,,,,,,,5.221552591507519,80.32178424,0.0,,,,,,,,,,,,,,,,,0.0,0.0,102.9375,0.4624971690021482,0.0,0.0,3.6028125,1.6187400915075187,5.221552591507519,1727489,,,0.0923010855148758,Information
462620,9239.0,21966.33845,KGZ,Kyrgyzstan,Ysyk-Köl,4.272138792,0.0,0.55,0.63,,,,,,,,,,,,,,,,,,,,,,,,,,13.20768550265936,85.44277584,0.0,,,,,,,,,,,,,,,,,0.0,0.0,259.3125,1.1804994293312454,0.0,0.0,9.0759375,4.131748002659359,13.20768550265936,401567,,,0.4612486517052526,Advisory
462630,9240.0,20884.48852,KAZ,Kazakhstan,South Kazakhstan,1.422776867,0.0,0.63,0.51,,,,,,,,,,,,,,,,,,,,,,,,,,7.380488446294273,28.45553734,0.0,,,,,,,,,,,,,,,,,0.0,0.0,142.59375,0.6827734846555065,0.0,0.0,4.99078125,2.389707196294273,7.380488446294273,18295,,,0.0115589896343001,Information
462644,9245.0,9633.943908,KAZ,Kazakhstan,Zhambyl,2.093776653,0.0,0.63,0.51,,,,,,,,,,,,,,,,,,,,,,,,,,0.2607998638381094,41.87553306,0.0,,,,,,,,,,,,,,,,,0.0,0.0,3.65625,0.0379517468108884,0.0,0.0,0.12796875,0.1328311138381094,0.2607998638381094,10061,,,3.21182177280999e-08,Information
462645,9246.0,1227.061978,KAZ,Kazakhstan,Zhambyl,0.780006831,0.0,0.63,0.51,,,,,,,,,,,,,,,,,,,,,,,,,,8.24102611878156,15.60013662,0.0,,,,,,,,,,,,,,,,,0.0,0.0,25.734375,2.097235141080446,0.0,0.0,0.900703125,7.340322993781561,8.24102611878156,7742,,,0.0099975204546343,Information
462648,9249.0,10625.15737,KAZ,Kazakhstan,Zhambyl,2.091446789,0.0,0.63,0.51,,,,,,,,,,,,,,,,,,,,,,,,,,8.990463930313684,41.82893578,0.0,,,,,,,,,,,,,,,,,0.0,0.0,132.328125,1.245422730089624,0.0,0.0,4.631484375,4.358979555313684,8.990463930313684,212134,,,0.0309351845931061,Information
462649,9250.0,16415.31576,KGZ,Kyrgyzstan,Talas,4.018448996,0.0,0.55,0.63,,,,,,,,,,,,,,,,,,,,,,,,,,3.1284861797899275,80.36897992,0.0,,,,,,,,,,,,,,,,,0.0,0.0,55.546875,0.3383844442256936,0.0,0.0,1.944140625,1.1843455547899275,3.1284861797899275,666461,,,0.0331373104081919,Information
462650,9251.0,17573.25845,KAZ,Kazakhstan,South Kazakhstan,2.365994775,0.0,0.63,0.51,,,,,,,,,,,,,,,,,,,,,,,,,,0.4093004712729698,47.3198955,0.0,,,,,,,,,,,,,,,,,0.0,0.0,7.453125,0.0424117417922771,0.0,0.0,0.260859375,0.1484410962729698,0.4093004712729698,6688,,,5.942548473478696e-07,Information
462670,9253.0,15034.96904,KAZ,Kazakhstan,Zhambyl,1.121962203,0.0,0.63,0.51,,,,,,,,,,,,,,,,,,,,,,,,,,2.597971380556717,22.43924406,0.0,,,,,,,,,,,,,,,,,0.0,0.0,44.578125,0.2964962873019191,0.0,0.0,1.560234375,1.037737005556717,2.597971380556717,519,,,0.0003414789900818,Information
462680,9254.0,18699.081,KAZ,Kazakhstan,Zhambyl,1.149603152,0.0,0.63,0.51,,,,,,,,,,,,,,,,,,,,,,,,,,0.1359724152975653,22.99206304,0.0,,,,,,,,,,,,,,,,,0.0,0.0,2.53125,0.0135367615135901,0.0,0.0,0.08859375,0.0473786652975653,0.1359724152975653,6577,,,1.1547183644369667e-10,Information
463003,9257.0,1253.987089,KAZ,Kazakhstan,East-Kazakhstan,2.282801711,0.0,0.63,0.51,,,,,,,,,,,,,,,,,,,,,,,,,,15.460088362385552,45.65603422,0.0,,,,,,,,,,,,,,,,,0.0,0.0,49.21875,3.924980603538729,0.0,0.0,1.72265625,13.737432112385552,15.460088362385552,410,,,0.1043638144856184,Information
463004,9258.0,8540.69087,KAZ,Kazakhstan,East-Kazakhstan,0.27871796,0.0,0.63,0.51,,,,,,,,,,,,,,,,,,,,,,,,,,5.694960273552706,5.5743592,0.0,,,,,,,,,,,,,,,,,0.0,0.0,74.953125,0.8776002567293445,0.0,0.0,2.623359375,3.0716008985527057,5.694960273552706,6809,,,0.0024907237497048,Information
463005,9259.0,241.0929065,KAZ,Kazakhstan,East-Kazakhstan,4.057850534,0.0,0.63,0.51,,,,,,,,,,,,,,,,,,,,,,,,,,16.09841720518099,81.15701068,0.0,,,,,,,,,,,,,,,,,0.0,0.0,10.828125,4.491266522908854,0.0,0.0,0.378984375,15.71943283018099,16.09841720518099,41,,,0.437456938561322,Advisory
463006,9260.0,2778.196653,KAZ,Kazakhstan,East-Kazakhstan,0.372347736,0.0,0.63,0.51,,,,,,,,,,,,,,,,,,,,,,,,,,4.4144009324825335,7.44695472,0.0,,,,,,,,,,,,,,,,,0.0,0.0,27.421875,0.9870386592807238,0.0,0.0,0.959765625,3.4546353074825333,4.4144009324825335,16657,,,0.001171512734526,Information
463007,9261.0,8399.184373,KAZ,Kazakhstan,East-Kazakhstan,0.730954068,0.0,0.63,0.51,,,,,,,,,,,,,,,,,,,,,,,,,,3.6550366382106008,14.61908136,0.0,,,,,,,,,,,,,,,,,0.0,0.0,47.671875,0.567577432345886,0.0,0.0,1.668515625,1.9865210132106008,3.6550366382106008,270699,,,0.0008135164269575,Information
463008,9262.0,6252.669022,CHN,China,Xinjiang Uygur,0.745239222,0.0,0.59,0.57,,,,,,,,,,,,,,,,,,,,,,,,,,2.5331156666220145,14.90478444,0.0,,,,,,,,,,,,,,,,,0.0,0.0,27.84375,0.4453098333205756,0.0,0.0,0.97453125,1.5585844166220146,2.5331156666220145,91441,,,0.0002204400309738,Information
463100,9264.0,2016.551546,KAZ,Kazakhstan,Almaty,4.080223569,0.0,0.63,0.51,,,,,,,,,,,,,,,,,,,,,,,,,,8.38816836779023,81.60447138,0.0,,,,,,,,,,,,,,,,,0.0,0.0,40.21875,1.9944320336543515,0.0,0.0,1.40765625,6.98051211779023,8.38816836779023,0,,,0.2161431152773846,Information
463200,9265.0,7638.418963,KAZ,Kazakhstan,Almaty,1.868192207,0.0,0.63,0.51,,,,,,,,,,,,,,,,,,,,,,,,,,1.102448961484748,37.363844140000005,0.0,,,,,,,,,,,,,,,,,0.0,0.0,13.640625,0.1785791675670709,0.0,0.0,0.477421875,0.6250270864847481,1.102448961484748,21613,,,2.674741406938032e-05,Information
463210,9266.0,11965.07991,KAZ,Kazakhstan,Qaraghandy,1.820658892,0.0,0.63,0.51,,,,,,,,,,,,,,,,,,,,,,,,,,12.08034037885296,36.41317784,0.0,,,,,,,,,,,,,,,,,0.0,0.0,188.015625,1.5713695725294168,0.0,0.0,6.580546875,5.499793503852959,12.08034037885296,77549,,,0.0483741103788945,Information
463220,9267.0,21781.29676,KAZ,Kazakhstan,Qaraghandy,1.798148992,0.0,0.63,0.51,,,,,,,,,,,,,,,,,,,,,,,,,,1.29986136643606,35.96297984,0.0,,,,,,,,,,,,,,,,,0.0,0.0,25.453125,0.1168577118388743,0.0,0.0,0.890859375,0.4090019914360601,1.29986136643606,11227,,,4.8654875905129466e-05,Information
463230,9268.0,19654.49145,KAZ,Kazakhstan,Qaraghandy,2.799005891,0.0,0.63,0.51,,,,,,,,,,,,,,,,,,,,,,,,,,16.65668308844687,55.98011782,0.0,,,,,,,,,,,,,,,,,0.0,0.0,315.421875,1.6048335609848192,0.0,0.0,11.039765625,5.616917463446868,16.65668308844687,7516,,,0.1655675948749986,Information
463240,9269.0,14178.42047,KAZ,Kazakhstan,Almaty,2.040801198,0.0,0.63,0.51,,,,,,,,,,,,,,,,,,,,,,,,,,9.593495685010812,40.81602396,0.0,,,,,,,,,,,,,,,,,0.0,0.0,160.734375,1.1336550171459463,0.0,0.0,5.625703125,3.967792560010812,9.593495685010812,589,,,0.0344126002227103,Information
463250,9270.0,18247.48296,KAZ,Kazakhstan,Qaraghandy,2.101193447,0.0,0.63,0.51,,,,,,,,,,,,,,,,,,,,,,,,,,9.23442775979497,42.02386894,0.0,,,,,,,,,,,,,,,,,0.0,0.0,170.4375,0.9340329313699918,0.0,0.0,5.9653125,3.269115259794971,9.23442775979497,1348,,,0.0330981025114596,Information
463260,9271.0,18254.14958,KAZ,Kazakhstan,Almaty,2.951494101,0.0,0.63,0.51,,,,,,,,,,,,,,,,,,,,,,,,,,9.317033820393227,59.02988202,0.0,,,,,,,,,,,,,,,,,0.0,0.0,171.984375,0.9421659129694936,0.0,0.0,6.019453125,3.2975806953932274,9.317033820393227,360424,,,0.0693034662439706,Information
463272,9273.0,2304.546866,KAZ,Kazakhstan,Qaraghandy,3.048992027,0.0,0.63,0.51,,,,,,,,,,,,,,,,,,,,,,,,,,2.443957270760696,60.979840540000005,0.0,,,,,,,,,,,,,,,,,0.0,0.0,13.078125,0.5674922559316273,0.0,0.0,0.457734375,1.986222895760696,2.443957270760696,9290,,,0.0027988599304686,Information
463273,9274.0,5557.882255,KAZ,Kazakhstan,Almaty,4.011076638,0.0,0.63,0.51,,,,,,,,,,,,,,,,,,,,,,,,,,16.188610903062724,80.22153275999999,0.0,,,,,,,,,,,,,,,,,0.0,0.0,165.234375,2.972973650875064,0.0,0.0,5.783203125,10.405407778062724,16.188610903062724,83,,,0.4206285069788379,Advisory
463274,9275.0,4238.500801,KAZ,Kazakhstan,Almaty,3.170172507,0.0,0.63,0.51,,,,,,,,,,,,,,,,,,,,,,,,,,14.15325524373129,63.40345014,0.0,,,,,,,,,,,,,,,,,0.0,0.0,120.375,2.8400372124946545,0.0,0.0,4.213125,9.940130243731293,14.15325524373129,1,,,0.1710537585769588,Information
463276,9277.0,5100.706742,KAZ,Kazakhstan,Almaty,1.314418187,0.0,0.63,0.51,,,,,,,,,,,,,,,,,,,,,,,,,,2.957968441442491,26.28836374,0.0,,,,,,,,,,,,,,,,,0.0,0.0,28.546875,0.5596650904121403,0.0,0.0,0.999140625,1.958827816442491,2.957968441442491,24359,,,0.0006507291994872,Information
463278,9279.0,10413.04645,KAZ,Kazakhstan,Almaty,2.009299278,0.0,0.63,0.51,,,,,,,,,,,,,,,,,,,,,,,,,,4.1585111286241165,40.18598556,0.0,,,,,,,,,,,,,,,,,0.0,0.0,60.609375,0.5820522867497477,0.0,0.0,2.121328125,2.037183003624117,4.1585111286241165,24388,,,0.0038370385702305,Information
463279,9280.0,5953.547759,KAZ,Kazakhstan,Almaty,3.152462166,0.0,0.63,0.51,,,,,,,,,,,,,,,,,,,,,,,,,,17.06657175610918,63.04924332,0.0,,,,,,,,,,,,,,,,,0.0,0.0,181.96875,3.056475858888337,0.0,0.0,6.36890625,10.69766550610918,17.06657175610918,266,,,0.2199196991597524,Information
463280,9281.0,27501.65534,KAZ,Kazakhstan,East-Kazakhstan,2.262424537,0.0,0.63,0.51,,,,,,,,,,,,,,,,,,,,,,,,,,2.919519899856504,45.24849074,0.0,,,,,,,,,,,,,,,,,0.0,0.0,61.171875,0.2224297928161438,0.0,0.0,2.141015625,0.7785042748565033,2.919519899856504,7359,,,0.0016872673332334,Information
463290,9282.0,22310.64382,KAZ,Kazakhstan,East-Kazakhstan,1.772038993,0.0,0.63,0.51,,,,,,,,,,,,,,,,,,,,,,,,,,5.723736523300081,35.44077986,0.0,,,,,,,,,,,,,,,,,0.0,0.0,112.921875,0.5061345423714518,0.0,0.0,3.952265625,1.7714708983000813,5.723736523300081,49300,,,0.0076972872316166,Information
463300,9283.0,1127.079368,KAZ,Kazakhstan,Almaty,4.128236596,0.0,0.63,0.51,,,,,,,,,,,,,,,,,,,,,,,,,,11.90483417333791,82.56473192,0.0,,,,,,,,,,,,,,,,,0.0,0.0,34.453125,3.0568499423822604,0.0,0.0,1.205859375,10.698974798337913,11.90483417333791,0,,,0.3513974012502077,Advisory
463500,9285.0,3327.912428,KAZ,Kazakhstan,Qaraghandy,2.685461908,0.0,0.63,0.51,,,,,,,,,,,,,,,,,,,,,,,,,,12.201450708823687,53.709238160000005,0.0,,,,,,,,,,,,,,,,,0.0,0.0,87.046875,2.6156600239496246,0.0,0.0,3.046640625,9.154810083823689,12.201450708823687,391,,,0.0912023267113569,Information
463606,9291.0,20846.52014,KAZ,Kazakhstan,Zhambyl,1.458402329,0.0,0.63,0.51,,,,,,,,,,,,,,,,,,,,,,,,,,15.388726628767706,29.16804658,0.0,,,,,,,,,,,,,,,,,0.0,0.0,297.140625,1.4253727867907735,0.0,0.0,10.399921875,4.988804753767707,15.388726628767706,9775,,,0.0634209217290993,Information
463607,9292.0,98.73199854,KAZ,Kazakhstan,Almaty,4.125652462,0.0,0.63,0.51,,,,,,,,,,,,,,,,,,,,,,,,,,3.0205828277681763,82.51304923999999,0.0,,,,,,,,,,,,,,,,,0.0,0.0,0.84375,0.8545861650766219,0.0,0.0,0.02953125,2.9910515777681765,3.0205828277681763,891,,,0.0395437663257978,Information
463608,9293.0,1985.935259,KAZ,Kazakhstan,Almaty,2.767194742,0.0,0.63,0.51,,,,,,,,,,,,,,,,,,,,,,,,,,5.911402042245764,55.34389484,0.0,,,,,,,,,,,,,,,,,0.0,0.0,27.984375,1.4091282620702184,0.0,0.0,0.979453125,4.931948917245764,5.911402042245764,666,,,0.0215825980634282,Information
463609,9294.0,7415.841091,KAZ,Kazakhstan,Almaty,2.637912429,0.0,0.63,0.51,,,,,,,,,,,,,,,,,,,,,,,,,,1.3061500206815868,52.75824858,0.0,,,,,,,,,,,,,,,,,0.0,0.0,15.890625,0.2142794701947391,0.0,0.0,0.556171875,0.7499781456815869,1.3061500206815868,878,,,0.0001664881383746,Information
463800,9296.0,12947.47948,KAZ,Kazakhstan,Almaty,0.860513489,0.0,0.63,0.51,,,,,,,,,,,,,,,,,,,,,,,,,,2.512307682213063,17.21026978,0.0,,,,,,,,,,,,,,,,,0.0,0.0,40.5,0.3128021949180181,0.0,0.0,1.4175,1.0948076822130632,2.512307682213063,145943,,,0.000236940046644,Information
463910,9297.0,9767.003828,KAZ,Kazakhstan,Almaty,0.358363672,0.0,0.63,0.51,,,,,,,,,,,,,,,,,,,,,,,,,,8.267765698850368,7.167273440000001,0.0,,,,,,,,,,,,,,,,,0.0,0.0,116.71875,1.1950312711001052,0.0,0.0,4.08515625,4.182609448850368,8.267765698850368,2548576,,,0.0077937165494196,Information
463920,9298.0,6447.222451,KAZ,Kazakhstan,Almaty,0.570385536,0.0,0.63,0.51,,,,,,,,,,,,,,,,,,,,,,,,,,13.347002923020804,11.40771072,0.0,,,,,,,,,,,,,,,,,0.0,0.0,149.484375,2.3185856565773726,0.0,0.0,5.231953125,8.115049798020804,13.347002923020804,384261,,,0.0291953645409151,Information
463930,9299.0,14547.15533,KAZ,Kazakhstan,Almaty,2.545586786,0.0,0.63,0.51,,,,,,,,,,,,,,,,,,,,,,,,,,13.280124243654033,50.91173572,0.0,,,,,,,,,,,,,,,,,0.0,0.0,224.859375,1.545727462472581,0.0,0.0,7.870078125,5.410046118654034,13.280124243654033,73844,,,0.0955466822423968,Information
463940,9300.0,8236.959519,KAZ,Kazakhstan,Almaty,1.180511642,0.0,0.63,0.51,,,,,,,,,,,,,,,,,,,,,,,,,,3.236477048666495,23.61023284,0.0,,,,,,,,,,,,,,,,,0.0,0.0,41.765625,0.5070514781904272,0.0,0.0,1.461796875,1.774680173666495,3.236477048666495,32806,,,0.0007851624200518,Information
463950,9301.0,29361.10462,CHN,China,Xinjiang Uygur,0.841403787,0.0,0.59,0.57,,,,,,,,,,,,,,,,,,,,,,,,,,15.802688697715272,16.82807574,0.0,,,,,,,,,,,,,,,,,0.0,0.0,336.796875,1.147085163632935,0.0,0.0,11.787890625,4.014798072715272,15.802688697715272,1615506,,,0.0483838682361276,Information
463960,9302.0,9616.472893,CHN,China,Xinjiang Uygur,3.174732074,0.0,0.59,0.57,,,,,,,,,,,,,,,,,,,,,,,,,,5.963787158104094,63.49464148,0.0,,,,,,,,,,,,,,,,,0.0,0.0,83.53125,0.8686266880297411,0.0,0.0,2.92359375,3.040193408104094,5.963787158104094,176033,,,0.0350121580802544,Information
463970,9303.0,2792.405145,CHN,China,Xinjiang Uygur,0.648722052,0.0,0.59,0.57,,,,,,,,,,,,,,,,,,,,,,,,,,3.2468845581601133,12.97444104,0.0,,,,,,,,,,,,,,,,,0.0,0.0,20.25,0.7251813023314609,0.0,0.0,0.70875,2.538134558160113,3.2468845581601133,187228,,,0.0005036033355625,Information
463980,9304.0,7680.732453,CHN,China,Xinjiang Uygur,2.182307658,0.0,0.59,0.57,,,,,,,,,,,,,,,,,,,,,,,,,,10.774787450102814,43.64615316,0.0,,,,,,,,,,,,,,,,,0.0,0.0,133.734375,1.7411669500293752,0.0,0.0,4.680703125,6.094084325102813,10.774787450102814,290151,,,0.0490189104381313,Information
463990,9305.0,27639.59769,CHN,China,Xinjiang Uygur,2.581853247,0.0,0.59,0.57,,,,,,,,,,,,,,,,,,,,,,,,,,4.370100564424993,51.63706494,0.0,,,,,,,,,,,,,,,,,0.0,0.0,91.6875,0.3317251612642837,0.0,0.0,3.2090625,1.161038064424993,4.370100564424993,355336,,,0.0081095468724306,Information
471101,9307.0,3599.350249,CHN,China,Xinjiang Uygur,4.081560523,0.0,0.59,0.57,,,,,,,,,,,,,,,,,,,,,,,,,,21.08811125039517,81.63121046,0.0,,,,,,,,,,,,,,,,,0.0,0.0,159.46875,4.430487142970048,0.0,0.0,5.58140625,15.506705000395169,21.08811125039517,16185,,,0.5549020901411621,Advisory
471106,9312.0,3574.598594,CHN,China,Xinjiang Uygur,1.131808623,0.0,0.59,0.57,,,,,,,,,,,,,,,,,,,,,,,,,,3.8129443187298326,22.63617246,0.0,,,,,,,,,,,,,,,,,0.0,0.0,28.6875,0.802537662494238,0.0,0.0,1.0040625,2.808881818729833,3.8129443187298326,46282,,,0.0013057325702365,Information
471207,9323.0,11911.19634,CHN,China,Xinjiang Uygur,3.186604694,0.0,0.59,0.57,,,,,,,,,,,,,,,,,,,,,,,,,,4.843898884498215,63.73209388,0.0,,,,,,,,,,,,,,,,,0.0,0.0,75.234375,0.6316273598566329,0.0,0.0,2.633203125,2.210695759498215,4.843898884498215,278573,,,0.0220460988924899,Information
471208,9324.0,4522.741382,CHN,China,Xinjiang Uygur,1.862688715,0.0,0.59,0.57,,,,,,,,,,,,,,,,,,,,,,,,,,2.797375036997494,37.2537743,0.0,,,,,,,,,,,,,,,,,0.0,0.0,24.890625,0.5503437605707125,0.0,0.0,0.871171875,1.926203161997494,2.797375036997494,239781,,,0.0009341171585723,Information
471302,9327.0,12487.62639,CHN,China,Xinjiang Uygur,4.053105579,0.0,0.59,0.57,,,,,,,,,,,,,,,,,,,,,,,,,,0.3013514026390836,81.06211158,0.0,,,,,,,,,,,,,,,,,0.0,0.0,4.78125,0.0382879007540239,0.0,0.0,0.16734375,0.1340076526390836,0.3013514026390836,104,,,1.7316693218016266e-05,Information
471304,9329.0,11290.60944,CHN,China,Xinjiang Uygur,0.498175064,0.0,0.59,0.57,,,,,,,,,,,,,,,,,,,,,,,,,,0.6403986076367264,9.96350128,0.0,,,,,,,,,,,,,,,,,0.0,0.0,9.703125,0.0859397807533504,0.0,0.0,0.339609375,0.3007892326367264,0.6403986076367264,225850,,,3.7900400323375146e-07,Information
471305,9330.0,6551.532196,CHN,China,Xinjiang Uygur,0.030108364,0.0,0.59,0.57,,,,,,,,,,,,,,,,,,,,,,,,,,0.4476395022339184,0.60216728,0.0,,,,,,,,,,,,,,,,,0.0,0.0,5.0625,0.0772720006382624,0.0,0.0,0.1771875,0.2704520022339184,0.4476395022339184,75124,,,3.2786492090052696e-08,Information
471401,9333.0,5693.780368,CHN,China,Xinjiang Uygur,2.324363675,0.0,0.59,0.57,,,,,,,,,,,,,,,,,,,,,,,,,,3.079521899123406,46.4872735,0.0,,,,,,,,,,,,,,,,,0.0,0.0,31.921875,0.5606446497495446,0.0,0.0,1.117265625,1.9622562741234064,3.079521899123406,85403,,,0.0021508582173458,Information
471402,9334.0,2206.719809,CHN,China,Xinjiang Uygur,1.526085639,0.0,0.59,0.57,,,,,,,,,,,,,,,,,,,,,,,,,,0.3539367955108083,30.52171278,0.0,,,,,,,,,,,,,,,,,0.0,0.0,1.828125,0.0828435487173738,0.0,0.0,0.063984375,0.2899524205108083,0.3539367955108083,334,,,6.471501261300248e-08,Information
471405,9337.0,6898.384105,CHN,China,Xinjiang Uygur,0.518979463,0.0,0.59,0.57,,,,,,,,,,,,,,,,,,,,,,,,,,0.397871036016483,10.37958926,0.0,,,,,,,,,,,,,,,,,0.0,0.0,4.640625,0.0672711888618523,0.0,0.0,0.162421875,0.235449161016483,0.397871036016483,3263,,,3.026803637322511e-08,Information
471406,9338.0,2432.330474,MNG,Mongolia,Govi-Altay,3.156322457,0.0,0.62,0.53,,,,,,,,,,,,,,,,,,,,,,,,,,0.930812632887256,63.12644914,0.0,,,,,,,,,,,,,,,,,0.0,0.0,5.203125,0.213915216539216,0.0,0.0,0.182109375,0.748703257887256,0.930812632887256,49,,,0.0001169871330275,Information
471501,9339.0,9339.119487,CHN,China,Xinjiang Uygur,0.582678184,0.0,0.59,0.57,,,,,,,,,,,,,,,,,,,,,,,,,,0.285377267952448,11.65356368,0.0,,,,,,,,,,,,,,,,,0.0,0.0,3.9375,0.042161362272128,0.0,0.0,0.1378125,0.147564767952448,0.285377267952448,2291,,,4.869606134693267e-09,Information
471504,9342.0,5810.236463,MNG,Mongolia,Govi-Altay,3.247485347,0.0,0.62,0.53,,,,,,,,,,,,,,,,,,,,,,,,,,1.1116120094999349,64.94970694,0.0,,,,,,,,,,,,,,,,,0.0,0.0,11.671875,0.2008846812856957,0.0,0.0,0.408515625,0.703096384499935,1.1116120094999349,6619,,,0.0002792849796141,Information
471505,9343.0,23209.2231,MNG,Mongolia,Govi-Altay,0.721917416,0.0,0.62,0.53,,,,,,,,,,,,,,,,,,,,,,,,,,2.4930555434625465,14.43834832,0.0,,,,,,,,,,,,,,,,,0.0,0.0,49.78125,0.2144890838464418,0.0,0.0,1.74234375,0.7507117934625464,2.4930555434625465,722,,,0.0002033265001574,Information
471601,9345.0,31118.1407,MNG,Mongolia,Hovd,2.247930481,0.0,0.62,0.53,,,,,,,,,,,,,,,,,,,,,,,,,,0.3967164810181825,44.95860962,0.0,,,,,,,,,,,,,,,,,0.0,0.0,8.578125,0.027566316005195,0.0,0.0,0.300234375,0.0964821060181825,0.3967164810181825,8874,,,4.056718804085349e-07,Information
472015,9351.0,10139.2223,MNG,Mongolia,Bayanhongor,2.062173062,0.0,0.62,0.53,,,,,,,,,,,,,,,,,,,,,,,,,,0.2541803530301588,41.24346124,0.0,,,,,,,,,,,,,,,,,0.0,0.0,3.65625,0.0360604580086168,0.0,0.0,0.12796875,0.1262116030301588,0.2541803530301588,6686,,,2.6178608115951567e-08,Information
472020,9352.0,28680.58521,MNG,Mongolia,Bayanhongor,4.052129327,0.0,0.62,0.53,,,,,,,,,,,,,,,,,,,,,,,,,,0.3119848212570715,81.04258654,0.0,,,,,,,,,,,,,,,,,0.0,0.0,6.609375,0.0230447703591633,0.0,0.0,0.231328125,0.0806566962570715,0.3119848212570715,41632,,,2.0041924996516225e-05,Information
472030,9353.0,28909.33717,MNG,Mongolia,Govi-Altay,4.024889026,0.0,0.62,0.53,,,,,,,,,,,,,,,,,,,,,,,,,,0.7021859626836926,80.49778052,0.0,,,,,,,,,,,,,,,,,0.0,0.0,14.90625,0.0515620607667693,0.0,0.0,0.52171875,0.1804672126836925,0.7021859626836926,8217,,,0.0004435453157568,Information
472040,9354.0,21767.29778,MNG,Mongolia,Govi-Altay,3.47469143,0.0,0.62,0.53,,,,,,,,,,,,,,,,,,,,,,,,,,6.680197212149757,69.4938286,0.0,,,,,,,,,,,,,,,,,0.0,0.0,130.78125,0.6008152748999306,0.0,0.0,4.57734375,2.102853462149757,6.680197212149757,261,,,0.0644087527542767,Information
472061,9361.0,22598.20599,MNG,Mongolia,Bayanhongor,2.927319971,0.0,0.62,0.53,,,,,,,,,,,,,,,,,,,,,,,,,,0.2697950101446859,58.54639942,0.0,,,,,,,,,,,,,,,,,0.0,0.0,5.34375,0.0236467886127674,0.0,0.0,0.18703125,0.0827637601446859,0.2697950101446859,6470,,,2.393393904772189e-07,Information
473201,9367.0,5030.546439,CHN,China,Gansu,3.011073469,0.0,0.59,0.57,,,,,,,,,,,,,,,,,,,,,,,,,,1.0735271865185887,60.22146938,0.0,,,,,,,,,,,,,,,,,0.0,0.0,10.265625,0.2040658032910253,0.0,0.0,0.359296875,0.7142303115185886,1.0735271865185887,29,,,0.0001517011226313,Information
473203,9369.0,17645.03715,CHN,China,Nei Mongol,1.76334518,0.0,0.59,0.57,,,,,,,,,,,,,,,,,,,,,,,,,,0.2544714828187164,35.2669036,0.0,,,,,,,,,,,,,,,,,0.0,0.0,4.640625,0.0262998879482047,0.0,0.0,0.162421875,0.0920496078187164,0.2544714828187164,494,,,1.5224160286987285e-08,Information
473300,9376.0,19334.38874,CHN,China,Gansu,1.088292479,0.0,0.59,0.57,,,,,,,,,,,,,,,,,,,,,,,,,,0.6795455435820131,21.76584958,0.0,,,,,,,,,,,,,,,,,0.0,0.0,12.796875,0.0661871195948609,0.0,0.0,0.447890625,0.2316549185820131,0.6795455435820131,421226,,,1.03720247222763e-06,Information
473403,9379.0,1805.281051,CHN,China,Nei Mongol,3.436416756,0.0,0.59,0.57,,,,,,,,,,,,,,,,,,,,,,,,,,0.9655690613438512,68.72833512,0.0,,,,,,,,,,,,,,,,,0.0,0.0,4.21875,0.2336893746696718,0.0,0.0,0.14765625,0.8179128113438513,0.9655690613438512,18957,,,0.0002528205822412,Information
473404,9380.0,4250.69846,CHN,China,Gansu,4.036777991,0.0,0.59,0.57,,,,,,,,,,,,,,,,,,,,,,,,,,0.2970153795929967,80.73555982,0.0,,,,,,,,,,,,,,,,,0.0,0.0,2.53125,0.0595490370265705,0.0,0.0,0.08859375,0.2084216295929967,0.2970153795929967,1006,,,1.5081495647235154e-05,Information
473405,9381.0,2405.002316,CHN,China,Gansu,1.332760678,0.0,0.59,0.57,,,,,,,,,,,,,,,,,,,,,,,,,,0.8377720562175461,26.65521356,0.0,,,,,,,,,,,,,,,,,0.0,0.0,4.640625,0.1929571946335846,0.0,0.0,0.162421875,0.6753501812175461,0.8377720562175461,35642,,,3.871298800755764e-06,Information
473406,9382.0,16335.78377,CHN,China,Gansu,3.009361837,0.0,0.59,0.57,,,,,,,,,,,,,,,,,,,,,,,,,,1.5710935354773403,60.18723674,0.0,,,,,,,,,,,,,,,,,0.0,0.0,27.84375,0.1704463672792401,0.0,0.0,0.97453125,0.5965622854773404,1.5710935354773403,579068,,,0.0006137418438366,Information
473407,9383.0,15497.21808,CHN,China,Gansu,1.143257465,0.0,0.59,0.57,,,,,,,,,,,,,,,,,,,,,,,,,,3.773597282607964,22.8651493,0.0,,,,,,,,,,,,,,,,,0.0,0.0,65.53125,0.422858152173704,0.0,0.0,2.29359375,1.480003532607964,3.773597282607964,335009,,,0.0012742339368435,Information
473408,9384.0,8951.29633,CHN,China,Gansu,1.368700176,0.0,0.59,0.57,,,,,,,,,,,,,,,,,,,,,,,,,,0.7190062382891234,27.37400352,0.0,,,,,,,,,,,,,,,,,0.0,0.0,9.703125,0.1083991037968924,0.0,0.0,0.339609375,0.3793968632891233,0.7190062382891234,393075,,,1.9635073734575387e-06,Information
473409,9385.0,11542.88001,CHN,China,Gansu,2.407730477,0.0,0.59,0.57,,,,,,,,,,,,,,,,,,,,,,,,,,2.3791395976564185,48.15460954,0.0,,,,,,,,,,,,,,,,,0.0,0.0,36.421875,0.3155354207589767,0.0,0.0,1.274765625,1.1043739726564186,2.3791395976564185,441466,,,0.0010297085757496,Information
473501,9386.0,10846.97424,CHN,China,Nei Mongol,1.315044121,0.0,0.59,0.57,,,,,,,,,,,,,,,,,,,,,,,,,,1.362158023473269,26.30088242,0.0,,,,,,,,,,,,,,,,,0.0,0.0,20.25,0.1866880067066483,0.0,0.0,0.70875,0.6534080234732691,1.362158023473269,7501,,,3.290865684762656e-05,Information
473502,9387.0,40820.63683,CHN,China,Nei Mongol,0.853170293,0.0,0.59,0.57,,,,,,,,,,,,,,,,,,,,,,,,,,0.2205938536838687,17.06340586,0.0,,,,,,,,,,,,,,,,,0.0,0.0,5.0625,0.0124018153382482,0.0,0.0,0.1771875,0.0434063536838687,0.2205938536838687,3007,,,1.5192146233660246e-09,Information
474012,9397.0,11565.96325,MNG,Mongolia,Övörhangay,4.009725016,0.0,0.62,0.53,,,,,,,,,,,,,,,,,,,,,,,,,,0.2110792141427091,80.19450032,0.0,,,,,,,,,,,,,,,,,0.0,0.0,3.234375,0.0279645968979169,0.0,0.0,0.113203125,0.0978760891427091,0.2110792141427091,5978,,,2.7930150322334127e-06,Information
474043,9404.0,5519.462657,MNG,Mongolia,Dundgovi,4.000257254,0.0,0.62,0.53,,,,,,,,,,,,,,,,,,,,,,,,,,0.1660701992373147,80.00514508,0.0,,,,,,,,,,,,,,,,,0.0,0.0,1.6875,0.0305736283535185,0.0,0.0,0.0590625,0.1070076992373147,0.1660701992373147,10222,,,8.305067626852689e-07,Information
475109,9419.0,3853.594645,MNG,Mongolia,Ömnögovi,0.392967068,0.0,0.62,0.53,,,,,,,,,,,,,,,,,,,,,,,,,,0.6192914304173068,7.859341359999999,0.0,,,,,,,,,,,,,,,,,0.0,0.0,4.921875,0.1277216586906591,0.0,0.0,0.172265625,0.4470258054173068,0.6192914304173068,38,,,2.829643467077537e-07,Information
475201,9420.0,24036.1347,MNG,Mongolia,Ömnögovi,1.003285069,0.0,0.62,0.53,,,,,,,,,,,,,,,,,,,,,,,,,,0.6202920157063125,20.06570138,0.0,,,,,,,,,,,,,,,,,0.0,0.0,12.515625,0.0520700402018036,0.0,0.0,0.438046875,0.1822451407063126,0.6202920157063125,9089,,,5.905864044313948e-07,Information
475202,9421.0,5950.113634,CHN,China,Nei Mongol,0.090245219,0.0,0.59,0.57,,,,,,,,,,,,,,,,,,,,,,,,,,0.105550206759789,1.80490438,0.0,,,,,,,,,,,,,,,,,0.0,0.0,1.125,0.0189072019313683,0.0,0.0,0.039375,0.066175206759789,0.105550206759789,151,,,4.08526760948029e-12,Information
475309,9437.0,10862.38039,MNG,Mongolia,Sühbaatar,1.156168433,0.0,0.62,0.53,,,,,,,,,,,,,,,,,,,,,,,,,,0.1701539115923352,23.12336866,0.0,,,,,,,,,,,,,,,,,0.0,0.0,2.53125,0.0233029033120958,0.0,0.0,0.08859375,0.0815601615923353,0.1701539115923352,6767,,,4.880995332495989e-10,Information
475408,9445.0,12048.85542,CHN,China,Nei Mongol,0.578891373,0.0,0.59,0.57,,,,,,,,,,,,,,,,,,,,,,,,,,0.1080816789691072,11.577827460000002,0.0,,,,,,,,,,,,,,,,,0.0,0.0,1.6875,0.0140054797054592,0.0,0.0,0.0590625,0.0490191789691071,0.1080816789691072,191168,,,9.9339385154216e-12,Information
475504,9450.0,6510.270949,CHN,China,Nei Mongol,4.003319801,0.0,0.59,0.57,,,,,,,,,,,,,,,,,,,,,,,,,,0.1248204421403079,80.06639602,0.0,,,,,,,,,,,,,,,,,0.0,0.0,1.40625,0.0216004834686594,0.0,0.0,0.04921875,0.0756016921403079,0.1248204421403079,85,,,1.9550208843967066e-07,Information
475601,9456.0,11058.73037,CHN,China,Nei Mongol,0.938716998,0.0,0.59,0.57,,,,,,,,,,,,,,,,,,,,,,,,,,0.3936468538849682,18.77433996,0.0,,,,,,,,,,,,,,,,,0.0,0.0,5.90625,0.0534080296814195,0.0,0.0,0.20671875,0.1869281038849682,0.3936468538849682,125768,,,4.92330069411818e-08,Information
475604,9459.0,10258.50439,CHN,China,Nei Mongol,0.977304532,0.0,0.59,0.57,,,,,,,,,,,,,,,,,,,,,,,,,,0.855335668875961,19.54609064,0.0,,,,,,,,,,,,,,,,,0.0,0.0,12.375,0.120631619678846,0.0,0.0,0.433125,0.422210668875961,0.855335668875961,90349,,,2.7605435318454898e-06,Information
475605,9460.0,10404.56364,CHN,China,Nei Mongol,4.035279597,0.0,0.59,0.57,,,,,,,,,,,,,,,,,,,,,,,,,,0.2895711395909748,80.70559193999999,0.0,,,,,,,,,,,,,,,,,0.0,0.0,4.21875,0.0405471113117071,0.0,0.0,0.14765625,0.1419148895909748,0.2895711395909748,7826,,,1.339478104490357e-05,Information
475608,9463.0,9422.246431,CHN,China,Nei Mongol,0.641923336,0.0,0.59,0.57,,,,,,,,,,,,,,,,,,,,,,,,,,1.349358105917955,12.83846672,0.0,,,,,,,,,,,,,,,,,0.0,0.0,18.703125,0.1984996374051299,0.0,0.0,0.654609375,0.6947487309179546,1.349358105917955,35332,,,1.5355162649831965e-05,Information
475609,9464.0,2858.189855,CHN,China,Nei Mongol,0.00590283,0.0,0.59,0.57,,,,,,,,,,,,,,,,,,,,,,,,,,2.037075698122228,0.1180566,0.0,,,,,,,,,,,,,,,,,0.0,0.0,12.9375,0.4526466280349223,0.0,0.0,0.4528125,1.584263198122228,2.037075698122228,4929,,,4.961364510930142e-05,Information
481011,9465.0,2492.766659,CHN,China,Xinjiang Uygur,0.034220908,0.0,0.59,0.57,,,,,,,,,,,,,,,,,,,,,,,,,,1.529323176507791,0.68441816,0.0,,,,,,,,,,,,,,,,,0.0,0.0,8.71875,0.349761979002226,0.0,0.0,0.30515625,1.224166926507791,1.529323176507791,32782,,,1.4999284294715797e-05,Information
481012,9466.0,34939.16068,CHN,China,Xinjiang Uygur,2.167796536,0.0,0.59,0.57,,,,,,,,,,,,,,,,,,,,,,,,,,1.1648255595576291,43.35593072,0.0,,,,,,,,,,,,,,,,,0.0,0.0,25.875,0.0740573027307512,0.0,0.0,0.905625,0.2592005595576292,1.1648255595576291,589373,,,5.133031668029328e-05,Information
481013,9467.0,14193.38408,CHN,China,Xinjiang Uygur,1.489282783,0.0,0.59,0.57,,,,,,,,,,,,,,,,,,,,,,,,,,1.1409855730562002,29.78565566,0.0,,,,,,,,,,,,,,,,,0.0,0.0,19.125,0.1347458780160572,0.0,0.0,0.669375,0.4716105730562002,1.1409855730562002,2838,,,1.8971577227313763e-05,Information
481021,9469.0,11074.40394,CHN,China,Xinjiang Uygur,0.001299339,0.0,0.59,0.57,,,,,,,,,,,,,,,,,,,,,,,,,,0.2716211085632971,0.02598678,0.0,,,,,,,,,,,,,,,,,0.0,0.0,4.078125,0.0368247810180849,0.0,0.0,0.142734375,0.1288867335632971,0.2716211085632971,136790,,,1.72872696745961e-09,Information
481023,9471.0,3093.566163,CHN,China,Xinjiang Uygur,0.881185926,0.0,0.59,0.57,,,,,,,,,,,,,,,,,,,,,,,,,,6.1870776614711245,17.62371852,0.0,,,,,,,,,,,,,,,,,0.0,0.0,41.765625,1.3500802247060355,0.0,0.0,1.461796875,4.725280786471124,6.1870776614711245,1707,,,0.004815065756622,Information
481024,9472.0,8618.619111,CHN,China,Xinjiang Uygur,3.792305926,0.0,0.59,0.57,,,,,,,,,,,,,,,,,,,,,,,,,,0.3508765136194636,75.84611852,0.0,,,,,,,,,,,,,,,,,0.0,0.0,4.640625,0.0538441824627039,0.0,0.0,0.162421875,0.1884546386194636,0.3508765136194636,4677,,,1.1593177250081942e-05,Information
481026,9474.0,23373.72562,CHN,China,Xinjiang Uygur,0.607932384,0.0,0.59,0.57,,,,,,,,,,,,,,,,,,,,,,,,,,1.089278740194955,12.15864768,0.0,,,,,,,,,,,,,,,,,0.0,0.0,21.796875,0.0932537471985586,0.0,0.0,0.762890625,0.3263881151949551,1.089278740194955,530019,,,5.667100359100064e-06,Information
481027,9475.0,19894.55607,CHN,China,Xinjiang Uygur,0.518548911,0.0,0.59,0.57,,,,,,,,,,,,,,,,,,,,,,,,,,1.2425037765832796,10.37097822,0.0,,,,,,,,,,,,,,,,,0.0,0.0,23.625,0.1187510790237942,0.0,0.0,0.826875,0.4156287765832797,1.2425037765832796,9145,,,9.405709254101936e-06,Information
481028,9476.0,10897.27887,CHN,China,Gansu,1.121716709,0.0,0.59,0.57,,,,,,,,,,,,,,,,,,,,,,,,,,0.519116630903697,22.43433418,0.0,,,,,,,,,,,,,,,,,0.0,0.0,7.734375,0.0709752874010563,0.0,0.0,0.270703125,0.248413505903697,0.519116630903697,3350,,,2.767814799285856e-07,Information
482011,9478.0,2082.048531,CHN,China,Gansu,3.135537179,0.0,0.59,0.57,,,,,,,,,,,,,,,,,,,,,,,,,,2.113547570056686,62.71074358,0.0,,,,,,,,,,,,,,,,,0.0,0.0,10.40625,0.4998082343019103,0.0,0.0,0.36421875,1.749328820056686,2.113547570056686,557,,,0.0020501700680617,Information
482013,9480.0,1755.764901,CHN,China,Gansu,3.715118635,0.0,0.59,0.57,,,,,,,,,,,,,,,,,,,,,,,,,,1.28522663172172,74.3023727,0.0,,,,,,,,,,,,,,,,,0.0,0.0,5.484375,0.3123638590633486,0.0,0.0,0.191953125,1.09327350672172,1.28522663172172,36,,,0.0013701400492516,Information
482014,9481.0,5255.590246,CHN,China,Gansu,1.13538049,0.0,0.59,0.57,,,,,,,,,,,,,,,,,,,,,,,,,,0.1714428364258298,22.7076098,0.0,,,,,,,,,,,,,,,,,0.0,0.0,1.6875,0.0321086675502371,0.0,0.0,0.0590625,0.1123803364258298,0.1714428364258298,13532,,,4.94730932269755e-10,Information
482015,9482.0,4095.89674,CHN,China,Gansu,3.284504154,0.0,0.59,0.57,,,,,,,,,,,,,,,,,,,,,,,,,,2.0664938677337514,65.69008308,0.0,,,,,,,,,,,,,,,,,0.0,0.0,17.15625,0.4188643193525004,0.0,0.0,0.60046875,1.466025117733751,2.0664938677337514,1688,,,0.0024803013656014,Information
482017,16166.0,16058.27183,CHN,China,Gansu,0.585655102,0.0,0.59,0.57,,,,,,,,,,,,,,,,,,,,,,,,,,1.6532850179373682,11.71310204,0.0,,,,,,,,,,,,,,,,,0.0,0.0,29.109375,0.1812733979821052,0.0,0.0,1.018828125,0.6344568929373682,1.6532850179373682,79926,,,3.477389966590799e-05,Information
482018,9484.0,4393.530038,CHN,China,Gansu,0.390388677,0.0,0.59,0.57,,,,,,,,,,,,,,,,,,,,,,,,,,0.2902396912561293,7.80777354,0.0,,,,,,,,,,,,,,,,,0.0,0.0,2.53125,0.0576131260731798,0.0,0.0,0.08859375,0.2016459412561293,0.2902396912561293,51902,,,4.182735407569522e-09,Information
482019,9485.0,13647.62883,CHN,China,Qinghai,3.402366466,0.0,0.59,0.57,,,,,,,,,,,,,,,,,,,,,,,,,,2.268520007580895,68.04732932,0.0,,,,,,,,,,,,,,,,,0.0,0.0,37.40625,0.2740860735945414,0.0,0.0,1.30921875,0.9593012575808948,2.268520007580895,2174,,,0.0040829994969755,Information
482030,9487.0,4577.117929,CHN,China,Xinjiang Uygur,0.949824164,0.0,0.59,0.57,,,,,,,,,,,,,,,,,,,,,,,,,,1.1756320258439383,18.99648328,0.0,,,,,,,,,,,,,,,,,0.0,0.0,10.546875,0.2304261145268395,0.0,0.0,0.369140625,0.8064914008439382,1.1756320258439383,2,,,1.1545805374320814e-05,Information
482100,9489.0,23186.44811,CHN,China,Xinjiang Uygur,1.327777764,0.0,0.59,0.57,,,,,,,,,,,,,,,,,,,,,,,,,,2.0992946162434496,26.55555528,0.0,,,,,,,,,,,,,,,,,0.0,0.0,41.90625,0.1807359617838427,0.0,0.0,1.46671875,0.6325758662434495,2.0992946162434496,103,,,0.0001890413936011,Information
482201,9494.0,27873.01161,CHN,China,Xinjiang Uygur,4.019396104,0.0,0.59,0.57,,,,,,,,,,,,,,,,,,,,,,,,,,3.544478894451083,80.38792208000001,0.0,,,,,,,,,,,,,,,,,0.0,0.0,74.53125,0.2673957555574524,0.0,0.0,2.60859375,0.9358851444510832,3.544478894451083,218770,,,0.0435632261748348,Information
482202,9495.0,4394.899331,CHN,China,Xinjiang Uygur,0.465610327,0.0,0.59,0.57,,,,,,,,,,,,,,,,,,,,,,,,,,0.6932002901188498,9.31220654,0.0,,,,,,,,,,,,,,,,,0.0,0.0,6.046875,0.1375884757482428,0.0,0.0,0.211640625,0.4815596651188497,0.6932002901188498,71816,,,5.471953753677132e-07,Information
482204,9497.0,7036.05735,CHN,China,Xinjiang Uygur,0.939246814,0.0,0.59,0.57,,,,,,,,,,,,,,,,,,,,,,,,,,3.420205486104527,18.78493628,0.0,,,,,,,,,,,,,,,,,0.0,0.0,40.359375,0.5736078174584363,0.0,0.0,1.412578125,2.007627361104527,3.420205486104527,13191,,,0.000769042697997,Information
482205,9498.0,4025.435937,CHN,China,Xinjiang Uygur,3.787675338,0.0,0.59,0.57,,,,,,,,,,,,,,,,,,,,,,,,,,17.423192588515352,75.75350676000001,0.0,,,,,,,,,,,,,,,,,0.0,0.0,142.875,3.549305025290101,0.0,0.0,5.000625,12.422567588515353,17.423192588515352,609273,,,0.3705225145697897,Advisory
482206,9499.0,8265.266905,CHN,China,Xinjiang Uygur,0.367304105,0.0,0.59,0.57,,,,,,,,,,,,,,,,,,,,,,,,,,3.589332240909409,7.3460821,0.0,,,,,,,,,,,,,,,,,0.0,0.0,46.40625,0.5614609974026883,0.0,0.0,1.62421875,1.965113490909409,3.589332240909409,50834,,,0.0005751913325156,Information
482207,9500.0,6670.609844,CHN,China,Xinjiang Uygur,4.040755007,0.0,0.59,0.57,,,,,,,,,,,,,,,,,,,,,,,,,,5.043132561303692,80.81510014,0.0,,,,,,,,,,,,,,,,,0.0,0.0,57.65625,0.8643325175153406,0.0,0.0,2.01796875,3.025163811303692,5.043132561303692,306376,,,0.0907589363686355,Information
482208,9501.0,6573.482181,CHN,China,Xinjiang Uygur,3.359488074,0.0,0.59,0.57,,,,,,,,,,,,,,,,,,,,,,,,,,0.1613214837691096,67.18976148,0.0,,,,,,,,,,,,,,,,,0.0,0.0,1.828125,0.0278106025054599,0.0,0.0,0.063984375,0.0973371087691096,0.1613214837691096,44818,,,5.3300342389712855e-08,Information
482209,9502.0,19279.73058,CHN,China,Xinjiang Uygur,2.661389951,0.0,0.59,0.57,,,,,,,,,,,,,,,,,,,,,,,,,,2.3470716270586527,53.22779902,0.0,,,,,,,,,,,,,,,,,0.0,0.0,44.15625,0.2290293934453293,0.0,0.0,1.54546875,0.8016028770586525,2.3470716270586527,22222,,,0.0013852339893753,Information
482310,9503.0,21899.02955,CHN,China,Xinjiang Uygur,4.013547117,0.0,0.59,0.57,,,,,,,,,,,,,,,,,,,,,,,,,,6.337754993834893,80.27094234,0.0,,,,,,,,,,,,,,,,,0.0,0.0,124.3125,0.5676621410956838,0.0,0.0,4.3509375,1.9868174938348933,6.337754993834893,4835,,,0.1280687136425026,Information
482342,9507.0,3450.538976,CHN,China,Xinjiang Uygur,4.069494473,0.0,0.59,0.57,,,,,,,,,,,,,,,,,,,,,,,,,,3.395913317082244,81.38988945999999,0.0,,,,,,,,,,,,,,,,,0.0,0.0,24.890625,0.7213546977377838,0.0,0.0,0.871171875,2.5247414420822434,3.395913317082244,14,,,0.0444590765048927,Information
482343,9508.0,14262.98973,CHN,China,Xinjiang Uygur,3.381055397,0.0,0.59,0.57,,,,,,,,,,,,,,,,,,,,,,,,,,0.2679256561419396,67.62110794,0.0,,,,,,,,,,,,,,,,,0.0,0.0,4.5,0.0315501874691256,0.0,0.0,0.1575,0.1104256561419396,0.2679256561419396,193,,,8.151919421329643e-07,Information
482350,9515.0,3330.844911,CHN,China,Xinjiang Uygur,2.359970262,0.0,0.59,0.57,,,,,,,,,,,,,,,,,,,,,,,,,,1.0046250895957365,47.19940524,0.0,,,,,,,,,,,,,,,,,0.0,0.0,7.171875,0.2153169898844961,0.0,0.0,0.251015625,0.7536094645957363,1.0046250895957365,11898,,,3.7176591648135965e-05,Information
482381,9518.0,13002.10508,CHN,China,Xinjiang Uygur,3.197320372,0.0,0.59,0.57,,,,,,,,,,,,,,,,,,,,,,,,,,2.411927561622857,63.94640744,0.0,,,,,,,,,,,,,,,,,0.0,0.0,38.953125,0.2995909104636735,0.0,0.0,1.363359375,1.0485681866228571,2.411927561622857,71175,,,0.0034195372196521,Information
482382,9519.0,2994.363525,CHN,China,Xinjiang Uygur,0.197387418,0.0,0.59,0.57,,,,,,,,,,,,,,,,,,,,,,,,,,0.7902832773279868,3.94774836,0.0,,,,,,,,,,,,,,,,,0.0,0.0,5.203125,0.1737639720937105,0.0,0.0,0.182109375,0.6081739023279867,0.7902832773279868,142721,,,7.923140879170546e-07,Information
482383,9520.0,3319.855783,CHN,China,Xinjiang Uygur,2.165893098,0.0,0.59,0.57,,,,,,,,,,,,,,,,,,,,,,,,,,0.2369693244607986,43.31786196,0.0,,,,,,,,,,,,,,,,,0.0,0.0,1.6875,0.0508305212745139,0.0,0.0,0.0590625,0.1779068244607986,0.2369693244607986,73308,,,2.159522126608092e-08,Information
482385,9522.0,754.412735,CHN,China,Xinjiang Uygur,3.089880545,0.0,0.59,0.57,,,,,,,,,,,,,,,,,,,,,,,,,,2.0347275555266098,61.7976109,0.0,,,,,,,,,,,,,,,,,0.0,0.0,4.078125,0.5405694801504599,0.0,0.0,0.142734375,1.8919931805266097,2.0347275555266098,75867,,,0.0016810290326376,Information
482387,9524.0,4417.143383,CHN,China,Xinjiang Uygur,0.461761024,0.0,0.59,0.57,,,,,,,,,,,,,,,,,,,,,,,,,,0.9317433335457548,9.23522048,0.0,,,,,,,,,,,,,,,,,0.0,0.0,8.15625,0.1846498810130728,0.0,0.0,0.28546875,0.6462745835457548,0.9317433335457548,194958,,,2.336364788461133e-06,Information
482388,9525.0,2191.558165,CHN,China,Xinjiang Uygur,3.428310387,0.0,0.59,0.57,,,,,,,,,,,,,,,,,,,,,,,,,,0.1095208446794735,68.56620774,0.0,,,,,,,,,,,,,,,,,0.0,0.0,0.5625,0.025666669908421,0.0,0.0,0.0196875,0.0898333446794735,0.1095208446794735,19401,,,7.589676099706668e-09,Information
482390,9527.0,515.2571635,CHN,China,Xinjiang Uygur,4.099075507,0.0,0.59,0.57,,,,,,,,,,,,,,,,,,,,,,,,,,8.13600971870155,81.98151014000001,0.0,,,,,,,,,,,,,,,,,0.0,0.0,11.390625,2.2106679553433,0.0,0.0,0.398671875,7.73733784370155,8.13600971870155,948,,,0.2132780768609576,Information
482498,9554.0,3436.887744,CHN,China,Xinjiang Uygur,0.006292137,0.0,0.59,0.57,,,,,,,,,,,,,,,,,,,,,,,,,,1.2507694873071031,0.12584274,0.0,,,,,,,,,,,,,,,,,0.0,0.0,9.140625,0.2659564606591723,0.0,0.0,0.319921875,0.930847612307103,1.2507694873071031,16301,,,5.929827254708709e-06,Information
482499,9555.0,13802.96756,CHN,China,Xinjiang Uygur,2.465299309,0.0,0.59,0.57,,,,,,,,,,,,,,,,,,,,,,,,,,4.939832258616576,49.305986180000005,0.0,,,,,,,,,,,,,,,,,0.0,0.0,81.84375,0.5929431453190217,0.0,0.0,2.86453125,2.075301008616576,4.939832258616576,293726,,,0.0099434089469529,Information
482501,9556.0,491.8008652,CHN,China,Xinjiang Uygur,4.08100867,0.0,0.59,0.57,,,,,,,,,,,,,,,,,,,,,,,,,,1.9950093315878443,81.6201734,0.0,,,,,,,,,,,,,,,,,0.0,0.0,2.671875,0.5432839161679556,0.0,0.0,0.093515625,1.9014937065878448,1.9950093315878443,405,,,0.0131888649591045,Information
482502,9557.0,4652.532189,CHN,China,Xinjiang Uygur,4.009625435,0.0,0.59,0.57,,,,,,,,,,,,,,,,,,,,,,,,,,2.4026226977989475,80.1925087,0.0,,,,,,,,,,,,,,,,,0.0,0.0,21.796875,0.4684948779425564,0.0,0.0,0.762890625,1.6397320727989473,2.4026226977989475,1863,,,0.0174507539126087,Information
482507,9562.0,604.2675026,CHN,China,Xinjiang Uygur,3.843586674,0.0,0.59,0.57,,,,,,,,,,,,,,,,,,,,,,,,,,5.700670657395832,76.87173348,0.0,,,,,,,,,,,,,,,,,0.0,0.0,9.28125,1.5359505449702375,0.0,0.0,0.32484375,5.375826907395831,5.700670657395832,6413,,,0.0806860559217566,Information
482508,9563.0,3437.40105,CHN,China,Xinjiang Uygur,2.545667662,0.0,0.59,0.57,,,,,,,,,,,,,,,,,,,,,,,,,,1.6354398636543208,50.91335324,0.0,,,,,,,,,,,,,,,,,0.0,0.0,11.953125,0.3477372824726631,0.0,0.0,0.418359375,1.217080488654321,1.6354398636543208,27658,,,0.0003348708717211,Information
482620,9567.0,7017.401573,CHN,China,Xinjiang Uygur,0.125507761,0.0,0.59,0.57,,,,,,,,,,,,,,,,,,,,,,,,,,2.196166791867184,2.51015522,0.0,,,,,,,,,,,,,,,,,0.0,0.0,25.875,0.3687262262477668,0.0,0.0,0.905625,1.2905417918671838,2.196166791867184,274583,,,7.440866261029664e-05,Information
482640,9569.0,4925.593406,CHN,China,Xinjiang Uygur,2.017801194,0.0,0.59,0.57,,,,,,,,,,,,,,,,,,,,,,,,,,0.3281151686109538,40.35602388,0.0,,,,,,,,,,,,,,,,,0.0,0.0,3.09375,0.0628096910317011,0.0,0.0,0.10828125,0.2198339186109538,0.3281151686109538,14729,,,9.81626285888942e-08,Information
482660,9571.0,12725.02729,CHN,China,Xinjiang Uygur,1.645391082,0.0,0.59,0.57,,,,,,,,,,,,,,,,,,,,,,,,,,1.1250873469008915,32.90782164,0.0,,,,,,,,,,,,,,,,,0.0,0.0,18.0,0.141453527685969,0.0,0.0,0.63,0.4950873469008915,1.1250873469008915,460971,,,2.173602742310365e-05,Information
482670,9572.0,2102.364668,CHN,China,Xinjiang Uygur,3.465031891,0.0,0.59,0.57,,,,,,,,,,,,,,,,,,,,,,,,,,0.1699980797791454,69.30063782,0.0,,,,,,,,,,,,,,,,,0.0,0.0,0.84375,0.0401333799368987,0.0,0.0,0.02953125,0.1404668297791454,0.1699980797791454,0,,,1.016962357940016e-07,Information
482680,9573.0,18680.67145,CHN,China,Xinjiang Uygur,2.271415086,0.0,0.59,0.57,,,,,,,,,,,,,,,,,,,,,,,,,,8.365175038686388,45.42830172000001,0.0,,,,,,,,,,,,,,,,,0.0,0.0,155.671875,0.8333312610532535,0.0,0.0,5.448515625,2.9166594136863875,8.365175038686388,665079,,,0.0303662359517772,Information
482706,9581.0,13964.22768,CHN,China,Xinjiang Uygur,3.033917969,0.0,0.59,0.57,,,,,,,,,,,,,,,,,,,,,,,,,,0.8699901195986357,60.67835938,0.0,,,,,,,,,,,,,,,,,0.0,0.0,14.484375,0.1037248555996102,0.0,0.0,0.506953125,0.3630369945986357,0.8699901195986357,159960,,,6.918932176673766e-05,Information
482707,9582.0,2566.149761,CHN,China,Xinjiang Uygur,4.047452909,0.0,0.59,0.57,,,,,,,,,,,,,,,,,,,,,,,,,,4.603457945576944,80.94905818000001,0.0,,,,,,,,,,,,,,,,,0.0,0.0,26.859375,1.0466799487362697,0.0,0.0,0.940078125,3.663379820576944,4.603457945576944,231,,,0.0777589014389376,Information
482709,9584.0,546.7774062,CHN,China,Xinjiang Uygur,4.011258146,0.0,0.59,0.57,,,,,,,,,,,,,,,,,,,,,,,,,,0.4746896950545571,80.22516292,0.0,,,,,,,,,,,,,,,,,0.0,0.0,0.703125,0.1285943771584449,0.0,0.0,0.024609375,0.4500803200545571,0.4746896950545571,680,,,9.592844023873148e-05,Information
482801,9585.0,3624.462298,CHN,China,Xinjiang Uygur,4.011300226,0.0,0.59,0.57,,,,,,,,,,,,,,,,,,,,,,,,,,6.475516421780761,80.22600452,0.0,,,,,,,,,,,,,,,,,0.0,0.0,49.21875,1.3579600490802175,0.0,0.0,1.72265625,4.752860171780761,6.475516421780761,352687,,,0.1321384510641984,Information
482804,9588.0,26709.3982,CHN,China,Xinjiang Uygur,2.949096618,0.0,0.59,0.57,,,,,,,,,,,,,,,,,,,,,,,,,,5.242584562484637,58.98193236,0.0,,,,,,,,,,,,,,,,,0.0,0.0,108.984375,0.4080375535670394,0.0,0.0,3.814453125,1.428131437484638,5.242584562484637,1615625,,,0.0198335904905388,Information
482806,9590.0,4777.906501,CHN,China,Xinjiang Uygur,0.066258923,0.0,0.59,0.57,,,,,,,,,,,,,,,,,,,,,,,,,,0.5023654778678326,1.32517846,0.0,,,,,,,,,,,,,,,,,0.0,0.0,4.640625,0.0971267436765236,0.0,0.0,0.162421875,0.3399436028678326,0.5023654778678326,6003,,,6.450133709645915e-08,Information
482807,9591.0,2526.432891,CHN,China,Xinjiang Uygur,0.024685686,0.0,0.59,0.57,,,,,,,,,,,,,,,,,,,,,,,,,,0.195227150851229,0.4937137199999999,0.0,,,,,,,,,,,,,,,,,0.0,0.0,1.125,0.044529185957494,0.0,0.0,0.039375,0.155852150851229,0.195227150851229,7467,,,2.2760917922835688e-10,Information
482808,9592.0,4564.69377,CHN,China,Xinjiang Uygur,2.129208559,0.0,0.59,0.57,,,,,,,,,,,,,,,,,,,,,,,,,,0.5967657457702763,42.58417118,0.0,,,,,,,,,,,,,,,,,0.0,0.0,5.34375,0.1170669987915075,0.0,0.0,0.18703125,0.4097344957702762,0.5967657457702763,335519,,,2.4790763035798235e-06,Information
482809,9593.0,18364.67292,CHN,China,Xinjiang Uygur,3.631304846,0.0,0.59,0.57,,,,,,,,,,,,,,,,,,,,,,,,,,5.29856101833284,72.62609692,0.0,,,,,,,,,,,,,,,,,0.0,0.0,98.015625,0.5337183266665259,0.0,0.0,3.430546875,1.8680141433328403,5.29856101833284,200957,,,0.0502789595440554,Information
482910,9594.0,326.7151574,CHN,China,Xinjiang Uygur,4.097934907,0.0,0.59,0.57,,,,,,,,,,,,,,,,,,,,,,,,,,4.200367201545222,81.95869814,0.0,,,,,,,,,,,,,,,,,0.0,0.0,3.796875,1.1621361647272064,0.0,0.0,0.132890625,4.067476576545222,4.200367201545222,231,,,0.0724903467150443,Information
482920,9595.0,23123.572,CHN,China,Xinjiang Uygur,1.156481378,0.0,0.59,0.57,,,,,,,,,,,,,,,,,,,,,,,,,,2.672095845515007,23.129627560000003,0.0,,,,,,,,,,,,,,,,,0.0,0.0,53.296875,0.2304872058614305,0.0,0.0,1.865390625,0.8067052205150068,2.672095845515007,128191,,,0.0003907611793346,Information
482940,9597.0,28084.65526,CHN,China,Xinjiang Uygur,0.697798215,0.0,0.59,0.57,,,,,,,,,,,,,,,,,,,,,,,,,,1.888852071634895,13.955964300000002,0.0,,,,,,,,,,,,,,,,,0.0,0.0,39.796875,0.1417032704671129,0.0,0.0,1.392890625,0.4959614466348951,1.888852071634895,289662,,,6.702677765986268e-05,Information
482950,9598.0,2625.21063,CHN,China,Xinjiang Uygur,0.893789024,0.0,0.59,0.57,,,,,,,,,,,,,,,,,,,,,,,,,,2.627411139176421,17.87578048,0.0,,,,,,,,,,,,,,,,,0.0,0.0,15.609375,0.5945951469075487,0.0,0.0,0.546328125,2.0810830141764205,2.627411139176421,243872,,,0.000288465509042,Information
482960,9599.0,10710.75148,CHN,China,Xinjiang Uygur,3.39811098,0.0,0.59,0.57,,,,,,,,,,,,,,,,,,,,,,,,,,1.7416367666582266,67.9622196,0.0,,,,,,,,,,,,,,,,,0.0,0.0,25.734375,0.2402667547594933,0.0,0.0,0.900703125,0.8409336416582266,1.7416367666582266,512598,,,0.0017950929902339,Information
482980,9601.0,11578.47091,CHN,China,Xinjiang Uygur,3.639182216,0.0,0.59,0.57,,,,,,,,,,,,,,,,,,,,,,,,,,5.164263961617488,72.78364432000001,0.0,,,,,,,,,,,,,,,,,0.0,0.0,79.171875,0.6837852390335681,0.0,0.0,2.771015625,2.3932483366174884,5.164263961617488,90243,,,0.0482508217700556,Information
482990,9602.0,29652.66973,CHN,China,Xinjiang Uygur,3.513750385,0.0,0.59,0.57,,,,,,,,,,,,,,,,,,,,,,,,,,16.151533796800233,70.2750077,0.0,,,,,,,,,,,,,,,,,0.0,0.0,345.09375,1.1637864419429242,0.0,0.0,12.07828125,4.0732525468002345,16.151533796800233,774,,,0.270939791525271,Information
483013,9605.0,4853.34007,CHN,China,Xinjiang Uygur,3.623432162,0.0,0.59,0.57,,,,,,,,,,,,,,,,,,,,,,,,,,7.621921964155411,72.46864323999999,0.0,,,,,,,,,,,,,,,,,0.0,0.0,71.15625,1.466129489758689,0.0,0.0,2.49046875,5.131453214155411,7.621921964155411,0,,,0.0995190216376757,Information
483015,9607.0,1248.700205,CHN,China,Xinjiang Uygur,4.095469914,0.0,0.59,0.57,,,,,,,,,,,,,,,,,,,,,,,,,,7.40442281289719,81.90939827999999,0.0,,,,,,,,,,,,,,,,,0.0,0.0,23.484375,1.8807056251134828,0.0,0.0,0.821953125,6.58246968789719,7.40442281289719,10,,,0.1858442370087052,Information
483023,9614.0,12414.99498,CHN,China,Qinghai,0.336427443,0.0,0.59,0.57,,,,,,,,,,,,,,,,,,,,,,,,,,15.577745113016569,6.72854886,0.0,,,,,,,,,,,,,,,,,0.0,0.0,246.515625,1.9856280680047336,0.0,0.0,8.628046875,6.949698238016568,15.577745113016569,1464,,,0.0367534269826458,Information
483024,9615.0,7145.789341,CHN,China,Qinghai,1.411002933,0.0,0.59,0.57,,,,,,,,,,,,,,,,,,,,,,,,,,2.5981279513402047,28.22005866,0.0,,,,,,,,,,,,,,,,,0.0,0.0,30.9375,0.4329472718114871,0.0,0.0,1.0828125,1.515315451340205,2.5981279513402047,0,,,0.0004520032707288,Information
483032,9618.0,7581.080366,CHN,China,Qinghai,0.068851808,0.0,0.59,0.57,,,,,,,,,,,,,,,,,,,,,,,,,,2.1002106742452606,1.37703616,0.0,,,,,,,,,,,,,,,,,0.0,0.0,25.875,0.3413101926415031,0.0,0.0,0.905625,1.1945856742452607,2.1002106742452606,5852,,,5.923603531667466e-05,Information
483054,9626.0,7792.017678,CHN,China,Qinghai,2.371110383,0.0,0.59,0.57,,,,,,,,,,,,,,,,,,,,,,,,,,7.215075502066186,47.42220766,0.0,,,,,,,,,,,,,,,,,0.0,0.0,90.28125,1.1586376434474817,0.0,0.0,3.15984375,4.055231752066186,7.215075502066186,4523,,,0.0235099352966952,Information
483056,9628.0,15365.77259,CHN,China,Qinghai,3.163069189,0.0,0.59,0.57,,,,,,,,,,,,,,,,,,,,,,,,,,6.272513046288452,63.26138378,0.0,,,,,,,,,,,,,,,,,0.0,0.0,108.5625,0.7065215846538434,0.0,0.0,3.7996875,2.472825546288452,6.272513046288452,1034,,,0.0385596050981449,Information
483057,9629.0,7941.820069,CHN,China,Qinghai,3.366391508,0.0,0.59,0.57,,,,,,,,,,,,,,,,,,,,,,,,,,9.217890906492348,67.32783016,0.0,,,,,,,,,,,,,,,,,0.0,0.0,116.578125,1.4679018661406706,0.0,0.0,4.080234375,5.137656531492347,9.217890906492348,16529,,,0.1028680397750797,Information
483058,9630.0,6853.839974,CHN,China,Qinghai,3.106846431,0.0,0.59,0.57,,,,,,,,,,,,,,,,,,,,,,,,,,0.1573398884705479,62.136928620000006,0.0,,,,,,,,,,,,,,,,,0.0,0.0,1.828125,0.026673003848728,0.0,0.0,0.063984375,0.0933555134705479,0.1573398884705479,29895,,,2.0870472516514503e-08,Information
491504,9664.0,1420.560956,CHN,China,Xizang,3.423067273,0.0,0.59,0.57,,,,,,,,,,,,,,,,,,,,,,,,,,4.431759299723479,68.46134546,0.0,,,,,,,,,,,,,,,,,0.0,0.0,15.75,1.108716942778137,0.0,0.0,0.55125,3.88050929972348,4.431759299723479,2759,,,0.0248569610864481,Information
491505,9665.0,4112.365485,CHN,China,Xizang,2.534399692,0.0,0.59,0.57,,,,,,,,,,,,,,,,,,,,,,,,,,6.941934499829426,50.68799384,0.0,,,,,,,,,,,,,,,,,0.0,0.0,57.796875,1.4054411070941215,0.0,0.0,2.022890625,4.919043874829425,6.941934499829426,162,,,0.0249636040879512,Information
491601,9667.0,10765.26374,CHN,China,Xizang,0.414353058,0.0,0.59,0.57,,,,,,,,,,,,,,,,,,,,,,,,,,4.566552275405446,8.28706116,0.0,,,,,,,,,,,,,,,,,0.0,0.0,67.640625,0.6283229715444133,0.0,0.0,2.367421875,2.1991304004054464,4.566552275405446,5967,,,0.0013503192311139,Information
491605,9671.0,2233.612252,CHN,China,Xizang,3.054274411,0.0,0.59,0.57,,,,,,,,,,,,,,,,,,,,,,,,,,3.234884313443969,61.08548822,0.0,,,,,,,,,,,,,,,,,0.0,0.0,16.875,0.7555026609839912,0.0,0.0,0.590625,2.6442593134439694,3.234884313443969,302,,,0.0064345002987919,Information
491607,9673.0,3514.511448,CHN,China,Xizang,4.031274968,0.0,0.59,0.57,,,,,,,,,,,,,,,,,,,,,,,,,,4.144862068647039,80.62549935999999,0.0,,,,,,,,,,,,,,,,,0.0,0.0,30.796875,0.8762775553277254,0.0,0.0,1.077890625,3.066971443647039,4.144862068647039,18928,,,0.0615260700709944,Information
491702,9675.0,4505.872652,CHN,China,Xizang,0.067113209,0.0,0.59,0.57,,,,,,,,,,,,,,,,,,,,,,,,,,5.244734652330148,1.34226418,0.0,,,,,,,,,,,,,,,,,0.0,0.0,46.546875,1.033026864951471,0.0,0.0,1.629140625,3.615594027330148,5.244734652330148,318,,,0.0016707938400626,Information
491704,9677.0,4403.35905,CHN,China,Xizang,3.789041025,0.0,0.59,0.57,,,,,,,,,,,,,,,,,,,,,,,,,,7.228640198753573,75.7808205,0.0,,,,,,,,,,,,,,,,,0.0,0.0,63.140625,1.4339195210724494,0.0,0.0,2.209921875,5.018718323753573,7.228640198753573,83,,,0.1133133824504797,Information
491707,9680.0,8193.396541,CHN,China,Xizang,3.028387876,0.0,0.59,0.57,,,,,,,,,,,,,,,,,,,,,,,,,,13.453597919195625,60.56775752,0.0,,,,,,,,,,,,,,,,,0.0,0.0,173.109375,2.112791369770178,0.0,0.0,6.058828125,7.394769794195623,13.453597919195625,371,,,0.1411118834059571,Information
491708,9681.0,5195.073687,CHN,China,Xizang,2.289422047,0.0,0.59,0.57,,,,,,,,,,,,,,,,,,,,,,,,,,18.05257736256078,45.78844094,0.0,,,,,,,,,,,,,,,,,0.0,0.0,176.34375,3.394441746445937,0.0,0.0,6.17203125,11.88054611256078,18.05257736256078,9,,,0.1357519813603064,Information
491709,9682.0,10191.66499,CHN,China,Qinghai,1.654593795,0.0,0.59,0.57,,,,,,,,,,,,,,,,,,,,,,,,,,12.666794459314636,33.0918759,0.0,,,,,,,,,,,,,,,,,0.0,0.0,182.671875,1.7923653812327536,0.0,0.0,6.393515625,6.273278834314637,12.666794459314636,111,,,0.0480226074238776,Information
492044,9697.0,6322.742568,CHN,China,Xizang,1.145989821,0.0,0.59,0.57,,,,,,,,,,,,,,,,,,,,,,,,,,8.551322303558738,22.91979642,0.0,,,,,,,,,,,,,,,,,0.0,0.0,94.640625,1.4968286938739253,0.0,0.0,3.312421875,5.238900428558738,8.551322303558738,52,,,0.013947476192092,Information
511111,9704.0,13879.373,IDN,Indonesia,Bengkulu,4.200504534,0.320951788,0.56,0.61,,,,,,,,,,,,,,,,,,,,,,,,,,4.589685616833155,84.01009068,6.41903576,,,,,,,,,,,,,,,,,0.0,0.0,76.21875,0.5491512476666157,0.0,0.0,2.66765625,1.922029366833155,4.589685616833155,1285980,,,0.1059887376819731,Information
511112,9705.0,2372.414089,IDN,Indonesia,Bengkulu,1.986690521,0.0,0.56,0.61,,,,,,,,,,,,,,,,,,,,,,,,,,0.4106903656192421,39.733810420000005,0.0,,,,,,,,,,,,,,,,,0.0,0.0,2.25,0.0948401044626406,0.0,0.0,0.07875,0.3319403656192421,0.4106903656192421,145933,,,3.039553068609905e-07,Information
511113,9706.0,7493.241466,IDN,Indonesia,Bengkulu,4.050541526,1.018435299,0.56,0.61,,,,,,,,,,,,,,,,,,,,,,,,,,1.792485871932694,81.01083052,20.36870598,,,,,,,,,,,,,,,,,0.0,0.0,21.9375,0.2927638205521983,0.0,0.0,0.7678125,1.024673371932694,1.792485871932694,225249,,,0.0091309329905567,Information
511114,9707.0,2297.491732,IDN,Indonesia,Sumatera Barat,3.272157925,0.0,0.56,0.61,,,,,,,,,,,,,,,,,,,,,,,,,,0.474204495721523,65.44315850000001,0.0,,,,,,,,,,,,,,,,,0.0,0.0,2.53125,0.110174498777578,0.0,0.0,0.08859375,0.385610745721523,0.474204495721523,44058,,,8.985199362524246e-06,Information
511115,9708.0,7574.154869,IDN,Indonesia,Sumatera Barat,4.192262141,3.180538717,0.56,0.61,,,,,,,,,,,,,,,,,,,,,,,,,,0.6395269861024012,83.84524282,63.610774340000006,,,,,,,,,,,,,,,,,0.0,0.0,7.875,0.1039719960292575,0.0,0.0,0.275625,0.3639019861024012,0.6395269861024012,2147783,,,0.0006205961908008,Information
511116,9709.0,2120.412142,IDN,Indonesia,Sumatera Barat,4.025745321,0.949628055,0.56,0.61,,,,,,,,,,,,,,,,,,,,,,,,,,1.800560253782031,80.51490641999999,18.9925611,,,,,,,,,,,,,,,,,0.0,0.0,9.0,0.4244457867948661,0.0,0.0,0.315,1.4855602537820314,1.800560253782031,378478,,,0.0086199312568894,Information
511118,9711.0,1551.426882,IDN,Indonesia,Sumatera Barat,4.001855708,0.0,0.56,0.61,,,,,,,,,,,,,,,,,,,,,,,,,,0.1832335117925445,80.03711416,0.0,,,,,,,,,,,,,,,,,0.0,0.0,0.703125,0.045321181940727,0.0,0.0,0.024609375,0.1586241367925445,0.1832335117925445,136034,,,1.360237182866563e-06,Information
511130,9714.0,8742.108357,IDN,Indonesia,Sumatera Utara,4.054432407,2.145336628,0.56,0.61,,,,,,,,,,,,,,,,,,,,,,,,,,4.927761947631058,81.08864814,42.90673256,,,,,,,,,,,,,,,,,0.0,0.0,65.671875,0.7512132350374452,0.0,0.0,2.298515625,2.629246322631058,4.927761947631058,1059769,,,0.0893324067174416,Information
511140,9715.0,11974.60624,IDN,Indonesia,Sumatera Utara,4.089746057,0.0,0.56,0.61,,,,,,,,,,,,,,,,,,,,,,,,,,2.104487551784528,81.79492114,0.0,,,,,,,,,,,,,,,,,0.0,0.0,32.765625,0.2736259076527224,0.0,0.0,1.146796875,0.9576906767845283,2.104487551784528,819197,,,0.0154783588729873,Information
511151,9716.0,8123.214267,IDN,Indonesia,Aceh,4.194544485,3.306817514,0.56,0.61,,,,,,,,,,,,,,,,,,,,,,,,,,3.349174187532112,83.8908897,66.13635028,,,,,,,,,,,,,,,,,0.0,0.0,42.890625,0.5280006607234604,0.0,0.0,1.501171875,1.848002312532112,3.349174187532112,344993,,,0.0581295251731185,Information
511152,9717.0,3097.520567,IDN,Indonesia,Aceh,2.938485767,0.0,0.56,0.61,,,,,,,,,,,,,,,,,,,,,,,,,,0.2497392000231807,58.76971534,0.0,,,,,,,,,,,,,,,,,0.0,0.0,1.6875,0.0544790571494802,0.0,0.0,0.0590625,0.1906767000231807,0.2497392000231807,114092,,,1.640806221572954e-07,Information
511153,9718.0,23748.59604,IDN,Indonesia,Aceh,4.190456133,3.20946854,0.56,0.61,,,,,,,,,,,,,,,,,,,,,,,,,,8.673013758444407,83.80912265999999,64.1893708,,,,,,,,,,,,,,,,,0.0,0.0,174.375,0.7342539309841162,0.0,0.0,6.103125,2.5698887584444066,8.673013758444407,2913790,,,0.2662377424279103,Information
511154,9719.0,4833.928545,IDN,Indonesia,Aceh,4.045274865,3.932761666,0.56,0.61,,,,,,,,,,,,,,,,,,,,,,,,,,2.144741130550186,80.9054973,78.65523332000001,,,,,,,,,,,,,,,,,0.0,0.0,19.96875,0.413095680157196,0.0,0.0,0.69890625,1.445834880550186,2.144741130550186,250904,,,0.014393848703014,Information
511155,9720.0,3596.288387,IDN,Indonesia,Aceh,4.262891255,4.029781162,0.56,0.61,,,,,,,,,,,,,,,,,,,,,,,,,,39.0020751891984,85.2578251,80.59562324,3.0,,,,,,,,,,,,,,,,0.0,0.0,294.75,8.195950054056686,0.0,0.0,10.31625,28.6858251891984,39.0020751891984,462052,43527.0,9.420368270237981,0.834699100913544,Warning
511156,9721.0,4865.16569,IDN,Indonesia,Aceh,4.116233181,3.48470852,0.56,0.61,,,,,,,,,,,,,,,,,,,,,,,,,,2.28584241314298,82.32466362,69.69417039999999,,,,,,,,,,,,,,,,,0.0,0.0,21.375,0.4393478323265657,0.0,0.0,0.748125,1.53771741314298,2.28584241314298,193043,,,0.0204059653373858,Information
511157,9722.0,3553.096729,IDN,Indonesia,Sumatera Utara,4.084345634,4.029938912,0.56,0.61,,,,,,,,,,,,,,,,,,,,,,,,,,30.433023529292445,81.68691268,80.59877824,3.0,,,,,,,,,,,,,,,,0.0,0.0,227.953125,6.415618329797841,0.0,0.0,7.978359375,22.454664154292445,30.433023529292445,472093,66004.0,13.98114354586914,0.6942425971331215,Watch
511158,9723.0,3970.345529,IDN,Indonesia,Sumatera Utara,4.029304271,3.41840906,0.56,0.61,,,,,,,,,,,,,,,,,,,,,,,,,,1.8184389392966227,80.58608542,68.36818120000001,,,,,,,,,,,,,,,,,0.0,0.0,14.765625,0.3718977326561779,0.0,0.0,0.516796875,1.3016420642966229,1.8184389392966227,1004918,,,0.008941986424374,Information
511170,9726.0,8502.914917,IDN,Indonesia,Sumatera Utara,4.061254884,4.104584633,0.56,0.61,,,,,,,,,,,,,,,,,,,,,,,,,,7.657886760106814,81.22509768,82.09169266,,,,,,,,,,,,,,,,,0.0,0.0,100.546875,1.1824988957448042,0.0,0.0,3.519140625,4.138746135106815,7.657886760106814,934891,,,0.197793601276255,Information
511180,9727.0,9223.474096,IDN,Indonesia,Sumatera Utara,4.010233366,4.001553165,0.56,0.61,,,,,,,,,,,,,,,,,,,,,,,,,,0.984779857992603,80.20466732,80.0310633,,,,,,,,,,,,,,,,,0.0,0.0,13.5,0.1463656737121723,0.0,0.0,0.4725,0.512279857992603,0.984779857992603,832642,,,0.0013464304466577,Information
511190,9728.0,2977.499201,IDN,Indonesia,Riau,4.039012681,4.141218223,0.56,0.61,,,,,,,,,,,,,,,,,,,,,,,,,,12.034631542679046,80.78025362,82.82436446,,,,,,,,,,,,,,,,,0.0,0.0,78.890625,2.649559905051156,0.0,0.0,2.761171875,9.273459667679044,12.034631542679046,171349,,,0.3610313545346945,Advisory
511200,9729.0,19271.70382,IDN,Indonesia,Riau,3.331264922,0.0,0.56,0.61,,,,,,,,,,,,,,,,,,,,,,,,,,5.02374679905849,66.62529844,0.0,,,,,,,,,,,,,,,,,0.0,0.0,94.5,0.4903562283024256,0.0,0.0,3.3075,1.7162467990584895,5.02374679905849,2034456,,,0.0291375909798433,Information
511301,9731.0,4340.136786,IDN,Indonesia,Riau,4.216228059,4.046064984,0.56,0.61,,,,,,,,,,,,,,,,,,,,,,,,,,6.781355492375647,84.32456117999999,80.92129968,,,,,,,,,,,,,,,,,0.0,0.0,58.640625,1.3511238906787566,0.0,0.0,2.052421875,4.728933617375648,6.781355492375647,532017,,,0.2010383585790596,Information
511302,9732.0,1057.801689,IDN,Indonesia,Riau,2.163963316,4.007546466,0.56,0.61,,,,,,,,,,,,,,,,,,,,,,,,,,2.315301933810407,43.27926632,80.15092932,,,,,,,,,,,,,,,,,0.0,0.0,6.328125,0.5982335882315448,0.0,0.0,0.221484375,2.093817558810407,2.315301933810407,6777,,,0.0158323831143266,Information
511306,9736.0,11670.6098,IDN,Indonesia,Riau,4.079174646,2.074316988,0.56,0.61,,,,,,,,,,,,,,,,,,,,,,,,,,1.974067116844909,81.58349292,41.48633976,,,,,,,,,,,,,,,,,0.0,0.0,30.375,0.2602691762414028,0.0,0.0,1.063125,0.9109421168449096,1.974067116844909,1939781,,,0.012769479500707,Information
511307,9737.0,2899.221227,IDN,Indonesia,Riau,3.324311057,4.06643477,0.56,0.61,,,,,,,,,,,,,,,,,,,,,,,,,,12.175519674266564,66.48622114,81.3286954,,,,,,,,,,,,,,,,,0.0,0.0,78.1875,2.696844906933304,0.0,0.0,2.7365625,9.438957174266564,12.175519674266564,15163,,,0.3344855718062663,Information
511308,9738.0,1168.890857,IDN,Indonesia,Riau,0.0,3.293906385,0.56,0.61,,,,,,,,,,,,,,,,,,,,,,,,,,0.1410872991940142,0.0,65.87812770000001,,,,,,,,,,,,,,,,,0.0,0.0,0.421875,0.0360919069125755,0.0,0.0,0.014765625,0.1263216741940142,0.1410872991940142,0,,,2.0289294190128044e-08,Information
511309,9739.0,618.3259169,IDN,Indonesia,Riau,0.0,4.10481015,0.56,0.61,,,,,,,,,,,,,,,,,,,,,,,,,,4.310616203576266,0.0,82.09620299999999,,,,,,,,,,,,,,,,,0.0,0.0,7.171875,1.1598858795932188,0.0,0.0,0.251015625,4.059600578576266,4.310616203576266,0,,,0.0772330861567094,Information
511400,9740.0,20434.55033,IDN,Indonesia,Riau,4.02582239,3.201859555,0.56,0.61,,,,,,,,,,,,,,,,,,,,,,,,,,6.839337379206535,80.51644780000001,64.0371911,,,,,,,,,,,,,,,,,0.0,0.0,131.203125,0.6420651440590102,0.0,0.0,4.592109375,2.247228004206536,6.839337379206535,2109150,,,0.1475775143009594,Information
511501,9741.0,5913.07241,IDN,Indonesia,Riau,4.092900747,4.042951607,0.56,0.61,,,,,,,,,,,,,,,,,,,,,,,,,,11.828314964018176,81.85801494,80.85903214,,,,,,,,,,,,,,,,,0.0,0.0,125.578125,2.12373731114805,0.0,0.0,4.395234375,7.433080589018176,11.828314964018176,276939,,,0.3344228922918965,Information
511502,9742.0,3314.158462,IDN,Indonesia,Riau,4.230466661,1.200812314,0.56,0.61,,,,,,,,,,,,,,,,,,,,,,,,,,7.632351026904402,84.60933322000001,24.01624628,,,,,,,,,,,,,,,,,0.0,0.0,54.28125,1.6378592219726862,0.0,0.0,1.89984375,5.732507276904402,7.632351026904402,53412,,,0.2415375215927594,Information
511503,9743.0,394.2975414,IDN,Indonesia,Riau,3.794750517,4.051471349,0.56,0.61,,,,,,,,,,,,,,,,,,,,,,,,,,19.59199234987777,75.89501034,81.02942698,,,,,,,,,,,,,,,,,0.0,0.0,21.234375,5.385368349965077,0.0,0.0,0.743203125,18.84878922487777,19.59199234987777,8776,,,0.5128564571349071,Advisory
511506,9746.0,3517.209993,IDN,Indonesia,Riau,3.846197378,3.127519214,0.56,0.61,,,,,,,,,,,,,,,,,,,,,,,,,,0.435058019151734,76.92394756,62.55038428,,,,,,,,,,,,,,,,,0.0,0.0,3.234375,0.0919585411862097,0.0,0.0,0.113203125,0.3218548941517339,0.435058019151734,202095,,,3.57750846959134e-05,Information
511507,9747.0,201.7429453,IDN,Indonesia,Riau,4.036507967,4.092863099,0.56,0.61,,,,,,,,,,,,,,,,,,,,,,,,,,5.4755693027347165,80.73015934,81.85726197999999,,,,,,,,,,,,,,,,,0.0,0.0,3.09375,1.533510872209919,0.0,0.0,0.10828125,5.367288052734716,5.4755693027347165,676,,,0.1154635463608586,Information
511508,9748.0,4087.90637,IDN,Indonesia,Jambi,4.039092628,4.003143469,0.56,0.61,,,,,,,,,,,,,,,,,,,,,,,,,,6.598203375836961,80.78185255999999,80.06286938000001,,,,,,,,,,,,,,,,,0.0,0.0,54.703125,1.338169714524846,0.0,0.0,1.914609375,4.683594000836961,6.598203375836961,287285,,,0.142521854263047,Information
511509,9749.0,4030.43224,IDN,Indonesia,Jambi,4.089335756,4.005916501,0.56,0.61,,,,,,,,,,,,,,,,,,,,,,,,,,1.4906279457791127,81.78671512,80.11833002,,,,,,,,,,,,,,,,,0.0,0.0,12.234375,0.3035499487940322,0.0,0.0,0.428203125,1.0624248207791127,1.4906279457791127,249347,,,0.006158081091034,Information
511602,9751.0,13462.03984,IDN,Indonesia,Jambi,4.001780266,0.0,0.56,0.61,,,,,,,,,,,,,,,,,,,,,,,,,,3.7142691621344586,80.03560532,0.0,,,,,,,,,,,,,,,,,0.0,0.0,60.890625,0.4523135106098453,0.0,0.0,2.131171875,1.5830972871344586,3.7142691621344586,915781,,,0.0463068707109053,Information
511604,9753.0,3181.178249,IDN,Indonesia,Jambi,3.863258611,0.0,0.56,0.61,,,,,,,,,,,,,,,,,,,,,,,,,,1.2644116771927023,77.26517222,0.0,,,,,,,,,,,,,,,,,0.0,0.0,8.71875,0.274072979197915,0.0,0.0,0.30515625,0.9592554271927024,1.2644116771927023,133343,,,0.0019305574325046,Information
511605,9754.0,1344.605069,IDN,Indonesia,Jambi,4.078947705,0.0,0.56,0.61,,,,,,,,,,,,,,,,,,,,,,,,,,3.4882251043164976,81.5789541,0.0,,,,,,,,,,,,,,,,,0.0,0.0,11.8125,0.8785107440904278,0.0,0.0,0.4134375,3.074787604316497,3.4882251043164976,82208,,,0.0480461466992761,Information
511606,9755.0,5093.618884,IDN,Indonesia,Jambi,3.430501133,0.0,0.56,0.61,,,,,,,,,,,,,,,,,,,,,,,,,,1.531393543499889,68.61002266,0.0,,,,,,,,,,,,,,,,,0.0,0.0,14.765625,0.2898847624285398,0.0,0.0,0.516796875,1.0145966684998893,1.531393543499889,463196,,,0.001262578278387,Information
511607,9756.0,8737.12493,IDN,Indonesia,Sumatera Barat,4.022879914,0.0,0.56,0.61,,,,,,,,,,,,,,,,,,,,,,,,,,0.5699788574838974,80.45759828,0.0,,,,,,,,,,,,,,,,,0.0,0.0,7.59375,0.0869136021382564,0.0,0.0,0.26578125,0.3041976074838974,0.5699788574838974,542905,,,0.0002040863066536,Information
511700,9759.0,21321.01217,IDN,Indonesia,Sumatera Selatan,4.006001809,4.007714473,0.56,0.61,,,,,,,,,,,,,,,,,,,,,,,,,,27.03423067437768,80.12003618,80.15428946,3.0,,,,,,,,,,,,,,,,0.0,0.0,525.796875,2.4660971569650507,0.0,0.0,18.402890625,8.631340049377677,27.03423067437768,982783,10322.0,1.0502827175480243,0.6213833464656279,Watch
511801,9760.0,874.3172236,IDN,Indonesia,Sumatera Selatan,4.005970794,3.740055207,0.56,0.61,,,,,,,,,,,,,,,,,,,,,,,,,,33.3626121151016,80.11941587999999,74.80110414,3.0,,,,,,,,,,,,,,,,0.0,0.0,76.640625,8.765768640029027,0.0,0.0,2.682421875,30.680190240101595,33.3626121151016,910952,17237.0,1.8921962957433542,0.6976635115314347,Watch
511802,9761.0,17967.64053,IDN,Indonesia,Sumatera Selatan,4.06277076,0.0,0.56,0.61,,,,,,,,,,,,,,,,,,,,,,,,,,32.207577898320686,81.2554152,0.0,3.0,,,,,,,,,,,,,,,,0.0,0.0,591.1875,3.2902901138059097,0.0,0.0,20.6915625,11.516015398320684,32.207577898320686,2904061,153296.0,5.278676997487311,0.7058485089191535,Watch
511803,9762.0,1646.348186,IDN,Indonesia,Sumatera Selatan,4.036506766,0.0,0.56,0.61,,,,,,,,,,,,,,,,,,,,,,,,,,43.02265625,80.73013531999999,0.0,3.0,,,,,,,,,,,,,,,,0.0,0.0,229.21875,13.922859815374805,0.0,0.0,8.02265625,35.0,43.02265625,647538,21812.0,3.3684509634955786,0.7890659214472189,Watch
511805,9764.0,1555.595276,IDN,Indonesia,Sumatera Selatan,3.38567467,0.0,0.56,0.61,,,,,,,,,,,,,,,,,,,,,,,,,,19.779875426531067,67.7134934,0.0,,,,,,,,,,,,,,,,,0.0,0.0,76.078125,4.890611729008876,0.0,0.0,2.662734375,17.117141051531068,19.779875426531067,118341,,,0.3120724822149154,Information
511806,9765.0,3364.348978,IDN,Indonesia,Sumatera Selatan,2.399472001,0.0,0.56,0.61,,,,,,,,,,,,,,,,,,,,,,,,,,4.985601126721332,47.98944002,0.0,,,,,,,,,,,,,,,,,0.0,0.0,35.859375,1.0658637147775234,0.0,0.0,1.255078125,3.730523001721332,4.985601126721332,75871,,,0.0095162756778187,Information
511807,9766.0,2800.574041,IDN,Indonesia,Sumatera Selatan,4.1573417,0.0,0.56,0.61,,,,,,,,,,,,,,,,,,,,,,,,,,14.892614789228569,83.146834,0.0,,,,,,,,,,,,,,,,,0.0,0.0,93.09375,3.324095296922448,0.0,0.0,3.25828125,11.63433353922857,14.892614789228569,158940,,,0.4507870579876987,Advisory
511808,9767.0,5815.355623,IDN,Indonesia,Sumatera Selatan,4.03916946,0.0,0.56,0.61,,,,,,,,,,,,,,,,,,,,,,,,,,1.7534951108364292,80.7833892,0.0,,,,,,,,,,,,,,,,,0.0,0.0,18.421875,0.3167798530961226,0.0,0.0,0.644765625,1.1087294858364292,1.7534951108364292,205849,,,0.008329148120506,Information
511809,9768.0,13438.30991,IDN,Indonesia,Sumatera Selatan,3.319069925,0.0,0.56,0.61,,,,,,,,,,,,,,,,,,,,,,,,,,6.695867057883776,66.3813985,0.0,,,,,,,,,,,,,,,,,0.0,0.0,109.6875,0.8162298736810789,0.0,0.0,3.8390625,2.856804557883776,6.695867057883776,1337281,,,0.053308296679592,Information
511901,9769.0,13671.65516,IDN,Indonesia,Sumatera Selatan,4.117639159,2.335547666,0.56,0.61,,,,,,,,,,,,,,,,,,,,,,,,,,39.50768087106918,82.35278318,46.71095332,3.0,,,,,,,,,,,,,,,,0.0,0.0,651.9375,4.768533820305479,0.0,0.0,22.8178125,16.689868371069178,39.50768087106918,251404,18687.0,7.433055957741325,0.7898546520867369,Watch
511902,9770.0,6544.720513,IDN,Indonesia,Lampung,4.074994284,0.0,0.56,0.61,,,,,,,,,,,,,,,,,,,,,,,,,,24.449020489963868,81.49988567999999,0.0,3.0,,,,,,,,,,,,,,,,0.0,0.0,276.328125,4.222153175703962,0.0,0.0,9.671484375,14.777536114963867,24.449020489963868,256757,11262.0,4.386248476185655,0.6098059241167174,Watch
511903,9771.0,118.548723,IDN,Indonesia,Lampung,4.176292217,0.0,0.56,0.61,,,,,,,,,,,,,,,,,,,,,,,,,,36.80140625,83.52584434,0.0,3.0,,,,,,,,,,,,,,,,0.0,0.0,51.46875,43.41569330656286,0.0,0.0,1.80140625,35.0,36.80140625,0,0.0,0.0,0.7892273585381935,Watch
511904,9772.0,9732.724861,IDN,Indonesia,Lampung,4.004395174,0.0,0.56,0.61,,,,,,,,,,,,,,,,,,,,,,,,,,26.26449645686121,80.08790348,0.0,3.0,,,,,,,,,,,,,,,,0.0,0.0,370.125,3.8028918448174887,0.0,0.0,12.954375,13.31012145686121,26.26449645686121,1490200,15080.0,1.01194470540867,0.6090679716374008,Watch
511905,9773.0,270.5989827,IDN,Indonesia,Lampung,4.120002451,1.417370062,0.56,0.61,,,,,,,,,,,,,,,,,,,,,,,,,,36.378125,82.40004902000001,28.34740124,3.0,,,,,,,,,,,,,,,,0.0,0.0,39.375,14.55105248686532,0.0,0.0,1.378125,35.0,36.378125,4885,71.0,1.4534288638689867,0.7661025350355042,Watch
511906,9774.0,7087.38662,IDN,Indonesia,Lampung,3.370994816,0.0,0.56,0.61,,,,,,,,,,,,,,,,,,,,,,,,,,12.981875008047812,67.41989632,0.0,,,,,,,,,,,,,,,,,0.0,0.0,153.84375,2.1706696451565177,0.0,0.0,5.38453125,7.597343758047812,12.981875008047812,2463198,,,0.1787478082705048,Information
511907,9775.0,1994.399459,IDN,Indonesia,Lampung,4.088469698,0.122674274,0.56,0.61,,,,,,,,,,,,,,,,,,,,,,,,,,14.592975717890988,81.76939396,2.45348548,,,,,,,,,,,,,,,,,0.0,0.0,69.328125,3.476140383683139,0.0,0.0,2.426484375,12.166491342890987,14.592975717890988,302691,,,0.4119383882779148,Advisory
511908,9776.0,4791.576581,IDN,Indonesia,Lampung,4.001469553,0.113195927,0.56,0.61,,,,,,,,,,,,,,,,,,,,,,,,,,4.998762584387083,80.02939106,2.26391854,,,,,,,,,,,,,,,,,0.0,0.0,46.265625,0.9655616312534522,0.0,0.0,1.619296875,3.3794657093870826,4.998762584387083,2642390,,,0.0830153423378678,Information
511909,9777.0,4293.683869,IDN,Indonesia,Lampung,2.749979119,2.085164716,0.56,0.61,,,,,,,,,,,,,,,,,,,,,,,,,,12.419779703360248,54.99958237999999,41.70329432,,,,,,,,,,,,,,,,,0.0,0.0,106.59375,2.482570986674357,0.0,0.0,3.73078125,8.688998453360249,12.419779703360248,1631043,,,0.098980686634922,Information
513000,16168.0,6823.602281,IDN,Indonesia,Kepulauan Riau,4.054988006,4.011454293,0.56,0.61,,,,,,,,,,,,,,,,,,,,,,,,,,4.453504866263258,81.09976012000001,80.22908586,,,,,,,,,,,,,,,,,0.0,0.0,51.609375,0.7563362117895023,0.0,0.0,1.806328125,2.647176741263258,4.453504866263258,2744999,,,0.0741611018250859,Information
514000,16169.0,17388.17455,IDN,Indonesia,Bangka Belitung,3.444561232,3.10199401,0.56,0.61,,,,,,,,,,,,,,,,,,,,,,,,,,20.05562055609392,68.89122463999999,62.0398802,,,,,,,,,,,,,,,,,0.0,0.0,363.796875,2.092208551741118,0.0,0.0,12.732890625,7.322729931093913,20.05562055609392,1665870,,,0.3303378315357689,Information
515014,9781.0,6724.487432,IDN,Indonesia,Jawa Barat,4.02159165,2.559099762,0.56,0.61,,,,,,,,,,,,,,,,,,,,,,,,,,11.641387002312616,80.43183300000001,51.18199523999999,,,,,,,,,,,,,,,,,0.0,0.0,133.734375,1.9887668220893189,0.0,0.0,4.680703125,6.960683877312616,11.641387002312616,14137022,,,0.3017626967002288,Information
515050,16170.0,210.9735161,IDN,Indonesia,Jawa Timur,0.0,2.600589217,0.56,0.61,,,,,,,,,,,,,,,,,,,,,,,,,,35.821953125,0.0,52.01178434,,,,,,,,,,,,,,,,,0.0,0.0,23.484375,11.13143272004321,0.0,0.0,0.821953125,35.0,35.821953125,63891,,,0.384992486433696,Advisory
515080,9790.0,233.1386209,IDN,Indonesia,Jawa Timur,2.032095521,0.0,0.56,0.61,,,,,,,,,,,,,,,,,,,,,,,,,,17.066808095197903,40.64191042,0.0,,,,,,,,,,,,,,,,,0.0,0.0,11.109375,4.765137134342258,0.0,0.0,0.388828125,16.677979970197903,17.066808095197903,58650,,,0.1062990881324979,Information
521201,9801.0,638.5689559,IDN,Indonesia,Kalimantan Tengah,4.157269018,4.051627183,0.56,0.61,,,,,,,,,,,,,,,,,,,,,,,,,,11.069799624280249,83.14538036,81.03254366,,,,,,,,,,,,,,,,,0.0,0.0,18.984375,2.9729561426515,0.0,0.0,0.664453125,10.405346499280247,11.069799624280249,11360,,,0.3370951235603291,Information
521202,9802.0,14506.1974,IDN,Indonesia,Kalimantan Tengah,4.135750679,4.000042857,0.56,0.61,,,,,,,,,,,,,,,,,,,,,,,,,,5.06372622180154,82.71501358,80.00085714000001,,,,,,,,,,,,,,,,,0.0,0.0,85.640625,0.5903726705147256,0.0,0.0,2.997421875,2.06630434680154,5.06372622180154,198126,,,0.1097731061623332,Information
521204,9804.0,3232.969441,IDN,Indonesia,Kalimantan Tengah,0.803317539,0.0,0.56,0.61,,,,,,,,,,,,,,,,,,,,,,,,,,1.4706493995006686,16.06635078,0.0,,,,,,,,,,,,,,,,,0.0,0.0,10.265625,0.3175292927144767,0.0,0.0,0.359296875,1.1113525245006686,1.4706493995006686,7206,,,2.623732032352785e-05,Information
521205,9805.0,4536.305669,IDN,Indonesia,Kalimantan Tengah,4.026766635,0.0,0.56,0.61,,,,,,,,,,,,,,,,,,,,,,,,,,7.554710543170694,80.53533270000001,0.0,,,,,,,,,,,,,,,,,0.0,0.0,67.359375,1.4848949766201984,0.0,0.0,2.357578125,5.197132418170694,7.554710543170694,72001,,,0.1719647551651867,Information
521206,9806.0,2928.398174,IDN,Indonesia,Kalimantan Tengah,3.499613835,0.0,0.56,0.61,,,,,,,,,,,,,,,,,,,,,,,,,,1.890446643524531,69.99227669999999,0.0,,,,,,,,,,,,,,,,,0.0,0.0,12.234375,0.4177838624355803,0.0,0.0,0.428203125,1.462243518524531,1.890446643524531,23723,,,0.002849267793458,Information
521207,9807.0,4063.036168,IDN,Indonesia,Kalimantan Tengah,4.014601742,0.0,0.56,0.61,,,,,,,,,,,,,,,,,,,,,,,,,,2.027243640057788,80.29203484,0.0,,,,,,,,,,,,,,,,,0.0,0.0,16.734375,0.4118687185879393,0.0,0.0,0.585703125,1.4415405150577874,2.027243640057788,53233,,,0.0114726011552423,Information
521209,9809.0,7427.249906,IDN,Indonesia,Kalimantan Tengah,3.271748343,0.0,0.56,0.61,,,,,,,,,,,,,,,,,,,,,,,,,,0.103937893631888,65.43496686,0.0,,,,,,,,,,,,,,,,,0.0,0.0,1.265625,0.0170402910376823,0.0,0.0,0.044296875,0.059641018631888,0.103937893631888,15863,,,3.183824446981594e-09,Information
521350,9814.0,341.3593129,IDN,Indonesia,Kalimantan Tengah,2.534941909,2.039932465,0.56,0.61,,,,,,,,,,,,,,,,,,,,,,,,,,15.954390946490076,50.69883818,40.7986493,,,,,,,,,,,,,,,,,0.0,0.0,15.046875,4.407928663282879,0.0,0.0,0.526640625,15.427750321490077,15.954390946490076,11046,,,0.1296148690088614,Information
521392,9819.0,6491.748312,IDN,Indonesia,Kalimantan Barat,4.054812813,3.406780527,0.56,0.61,,,,,,,,,,,,,,,,,,,,,,,,,,7.55218366066121,81.09625625999999,68.13561054,,,,,,,,,,,,,,,,,0.0,0.0,84.9375,1.308391760188917,0.0,0.0,2.9728125,4.57937116066121,7.55218366066121,120738,,,0.1794342613390319,Information
521393,9820.0,9210.460746,IDN,Indonesia,Kalimantan Barat,4.009332999,2.575074796,0.56,0.61,,,,,,,,,,,,,,,,,,,,,,,,,,14.62856983569225,80.18665998,51.50149592,,,,,,,,,,,,,,,,,0.0,0.0,200.390625,2.175685131626357,0.0,0.0,7.013671875,7.614897960692249,14.62856983569225,205395,,,0.3808005258664208,Advisory
521395,9822.0,1904.652428,IDN,Indonesia,Kalimantan Barat,4.247959384,4.070725897,0.56,0.61,,,,,,,,,,,,,,,,,,,,,,,,,,8.059959444713895,84.95918767999999,81.41451794,,,,,,,,,,,,,,,,,0.0,0.0,36.84375,1.9344080556325416,0.0,0.0,1.28953125,6.770428194713896,8.059959444713895,92752,,,0.2663601589094354,Information
521396,9823.0,2528.206318,IDN,Indonesia,Kalimantan Barat,4.009235214,2.044161191,0.56,0.61,,,,,,,,,,,,,,,,,,,,,,,,,,7.316918525176002,80.18470428,40.883223820000005,,,,,,,,,,,,,,,,,0.0,0.0,42.1875,1.6686731500502865,0.0,0.0,1.4765625,5.8403560251760025,7.316918525176002,31289,,,0.1595607320498533,Information
521397,9824.0,474.2819799,IDN,Indonesia,Kalimantan Barat,3.315519622,1.060192504,0.56,0.61,,,,,,,,,,,,,,,,,,,,,,,,,,10.652322167773765,66.31039244,21.20385008,,,,,,,,,,,,,,,,,0.0,0.0,13.78125,2.9057081193639327,0.0,0.0,0.48234375,10.169978417773764,10.652322167773765,18038,,,0.1247814932050235,Information
521398,9825.0,2434.638314,IDN,Indonesia,Kalimantan Barat,4.035732989,0.0,0.56,0.61,,,,,,,,,,,,,,,,,,,,,,,,,,7.139168380830774,80.71465978,0.0,,,,,,,,,,,,,,,,,0.0,0.0,39.9375,1.6403873945230782,0.0,0.0,1.3978125,5.741355880830774,7.139168380830774,27299,,,0.1601725557665317,Information
521399,9826.0,6960.185404,IDN,Indonesia,Kalimantan Barat,4.070120305,4.039576009,0.56,0.61,,,,,,,,,,,,,,,,,,,,,,,,,,27.680642820884124,81.4024061,80.79152018,3.0,,,,,,,,,,,,,,,,0.0,0.0,324.5625,4.663130091681178,0.0,0.0,11.3596875,16.320955320884124,27.680642820884124,136215,4799.0,3.5231068531365857,0.6545747521037788,Watch
521401,9827.0,7840.359313,IDN,Indonesia,Kalimantan Barat,4.045282738,3.205616795,0.56,0.61,,,,,,,,,,,,,,,,,,,,,,,,,,20.15908034097815,80.90565476,64.1123359,,,,,,,,,,,,,,,,,0.0,0.0,253.125,3.228487240279472,0.0,0.0,8.859375,11.299705340978152,20.15908034097815,412568,,,0.5216370242249285,Advisory
521404,9830.0,22636.72283,IDN,Indonesia,Kalimantan Barat,4.115745255,0.0,0.56,0.61,,,,,,,,,,,,,,,,,,,,,,,,,,2.5900994173037786,82.3149051,0.0,,,,,,,,,,,,,,,,,0.0,0.0,51.328125,0.2267471549439368,0.0,0.0,1.796484375,0.7936150423037788,2.5900994173037786,348667,,,0.0273642193571062,Information
521406,9832.0,5509.049772,IDN,Indonesia,Kalimantan Barat,4.054387515,0.0,0.56,0.61,,,,,,,,,,,,,,,,,,,,,,,,,,2.591079152299253,81.08775030000001,0.0,,,,,,,,,,,,,,,,,0.0,0.0,26.296875,0.4773395792283579,0.0,0.0,0.920390625,1.6706885272992529,2.591079152299253,36936,,,0.0234204811162966,Information
521501,9836.0,149.511087,IDN,Indonesia,Kalimantan Barat,4.240847286,4.064580451,0.56,0.61,,,,,,,,,,,,,,,,,,,,,,,,,,35.95484375,84.81694572,81.29160902000001,3.0,,,,,,,,,,,,,,,,0.0,0.0,27.28125,18.24697454879633,0.0,0.0,0.95484375,35.0,35.95484375,53935,4532.0,8.40270696208399,0.8056793124233032,Warning
521502,9837.0,9137.446982,IDN,Indonesia,Kalimantan Barat,4.123958761,4.01028166,0.56,0.61,,,,,,,,,,,,,,,,,,,,,,,,,,12.699903415578856,82.47917522,80.20563320000001,,,,,,,,,,,,,,,,,0.0,0.0,173.25,1.8960438330225309,0.0,0.0,6.06375,6.636153415578858,12.699903415578856,1309514,,,0.3738037085689285,Advisory
521503,9838.0,6416.75057,IDN,Indonesia,Kalimantan Barat,4.022769343,4.013560201,0.56,0.61,,,,,,,,,,,,,,,,,,,,,,,,,,7.970881114898317,80.45538686,80.27120402,,,,,,,,,,,,,,,,,0.0,0.0,89.015625,1.3872383542566622,0.0,0.0,3.115546875,4.855334239898317,7.970881114898317,883737,,,0.1848848952747943,Information
521504,9839.0,7414.986692,IDN,Indonesia,Kalimantan Barat,4.018794284,0.0,0.56,0.61,,,,,,,,,,,,,,,,,,,,,,,,,,2.543115188320704,80.37588568000001,0.0,,,,,,,,,,,,,,,,,0.0,0.0,30.9375,0.4172293395202009,0.0,0.0,1.0828125,1.460302688320703,2.543115188320704,490214,,,0.0205079445607906,Information
521507,9841.0,2435.78827,MYS,Malaysia,Sarawak,1.256157215,4.004901229,0.66,0.47,,,,,,,,,,,,,,,,,,,,,,,,,,4.548235453199119,25.1231443,80.09802457999999,,,,,,,,,,,,,,,,,0.0,0.0,25.453125,1.044964593771177,0.0,0.0,0.890859375,3.65737607819912,4.548235453199119,36504,,,0.0699612557529562,Information
521603,9846.0,2029.967755,MYS,Malaysia,Sarawak,4.00054656,0.0,0.66,0.47,,,,,,,,,,,,,,,,,,,,,,,,,,1.8667487861151435,80.0109312,0.0,,,,,,,,,,,,,,,,,0.0,0.0,9.0,0.4433567960328981,0.0,0.0,0.315,1.5517487861151436,1.8667487861151435,14765,,,0.0088703212072405,Information
521605,9848.0,1086.13948,MYS,Malaysia,Sarawak,4.000626832,0.0,0.66,0.47,,,,,,,,,,,,,,,,,,,,,,,,,,2.361147814240759,80.01253664000001,0.0,,,,,,,,,,,,,,,,,0.0,0.0,6.609375,0.6085199112116455,0.0,0.0,0.231328125,2.129819689240759,2.361147814240759,37294,,,0.0163414438581842,Information
521606,9849.0,12465.55913,MYS,Malaysia,Sarawak,1.521175837,0.0,0.66,0.47,,,,,,,,,,,,,,,,,,,,,,,,,,0.1330538077202953,30.42351674,0.0,,,,,,,,,,,,,,,,,0.0,0.0,2.109375,0.0169216236343701,0.0,0.0,0.073828125,0.0592256827202953,0.1330538077202953,10973,,,1.9319567941223322e-10,Information
521608,9851.0,4135.573534,MYS,Malaysia,Sarawak,2.132304081,0.0,0.66,0.47,,,,,,,,,,,,,,,,,,,,,,,,,,4.643199550200225,42.64608162,0.0,,,,,,,,,,,,,,,,,0.0,0.0,38.8125,0.93850344291435,0.0,0.0,1.3584375,3.284762050200225,4.643199550200225,6640,,,0.0059712727339873,Information
521609,9852.0,10946.6342,MYS,Malaysia,Sarawak,2.270291454,0.0,0.66,0.47,,,,,,,,,,,,,,,,,,,,,,,,,,9.578228106303625,45.40582908,0.0,,,,,,,,,,,,,,,,,0.0,0.0,143.015625,1.3064803518010348,0.0,0.0,5.005546875,4.572681231303622,9.578228106303625,8577,,,0.0408913759989774,Information
521733,9857.0,6623.925186,MYS,Malaysia,Sarawak,4.002087986,3.303560776,0.66,0.47,,,,,,,,,,,,,,,,,,,,,,,,,,8.337819894727359,80.04175972,66.07121552,,,,,,,,,,,,,,,,,0.0,0.0,94.921875,1.433015505636388,0.0,0.0,3.322265625,5.015554269727359,8.337819894727359,121233,,,0.1913750580071651,Information
521734,9858.0,9223.939222,MYS,Malaysia,Sabah,4.003003959,0.0,0.66,0.47,,,,,,,,,,,,,,,,,,,,,,,,,,4.646808059210134,80.06007918,0.0,,,,,,,,,,,,,,,,,0.0,0.0,63.703125,0.6906281954886097,0.0,0.0,2.229609375,2.417198684210134,4.646808059210134,428103,,,0.0726212515157758,Information
521736,9859.0,3194.177046,MYS,Malaysia,Sabah,2.984391413,2.152128743,0.66,0.47,,,,,,,,,,,,,,,,,,,,,,,,,,4.513431724533187,59.68782826,43.04257486,,,,,,,,,,,,,,,,,0.0,0.0,31.21875,0.9773644212951962,0.0,0.0,1.09265625,3.420775474533187,4.513431724533187,51871,,,0.0142767865582099,Information
521737,16180.0,1057.732494,MYS,Malaysia,Sabah,3.435798774,4.007650928,0.66,0.47,,,,,,,,,,,,,,,,,,,,,,,,,,43.6428125,68.71597548,80.15301856,3.0,,,,,,,,,,,,,,,,0.0,0.0,246.9375,23.3459311666617,0.0,0.0,8.6428125,35.0,43.6428125,3416,310.0,9.074941451990632,0.784647751283954,Watch
521738,9860.0,4716.670162,MYS,Malaysia,Sabah,2.516704215,0.0,0.66,0.47,,,,,,,,,,,,,,,,,,,,,,,,,,0.7678468969262238,50.3340843,0.0,,,,,,,,,,,,,,,,,0.0,0.0,7.03125,0.1490723276932068,0.0,0.0,0.24609375,0.5217531469262238,0.7678468969262238,125022,,,1.5264514658848892e-05,Information
521739,9861.0,3681.292918,MYS,Malaysia,Sabah,3.205420962,4.00822227,0.66,0.47,,,,,,,,,,,,,,,,,,,,,,,,,,27.60238349845804,64.10841923999999,80.1644454,3.0,,,,,,,,,,,,,,,,0.0,0.0,212.203125,5.764364035273726,0.0,0.0,7.427109375,20.17527412345804,27.60238349845804,636995,20217.0,3.173808271650484,0.6294609935420603,Watch
521751,9863.0,1085.128694,MYS,Malaysia,Sabah,4.012783903,4.005999315,0.66,0.47,,,,,,,,,,,,,,,,,,,,,,,,,,22.62572921870529,80.25567806,80.11998630000001,,,,,,,,,,,,,,,,,0.0,0.0,63.28125,5.831681562487227,0.0,0.0,2.21484375,20.41088546870529,22.62572921870529,21140,,,0.5541770157807333,Advisory
521754,9865.0,1359.095226,MYS,Malaysia,Sabah,4.003332932,1.391160386,0.66,0.47,,,,,,,,,,,,,,,,,,,,,,,,,,3.167489313861182,80.06665864,27.82320772,,,,,,,,,,,,,,,,,0.0,0.0,10.828125,0.7967156968174807,0.0,0.0,0.378984375,2.7885049388611822,3.167489313861182,15630,,,0.0329241810418988,Information
521755,9866.0,3551.709812,IDN,Indonesia,Kalimantan Timur,4.00429546,3.23317133,0.56,0.61,,,,,,,,,,,,,,,,,,,,,,,,,,24.751561835308888,80.0859092,64.6634266,,,,,,,,,,,,,,,,,0.0,0.0,185.34375,5.2184373100882535,0.0,0.0,6.48703125,18.264530585308886,24.751561835308888,126513,,,0.5860754630398595,Advisory
521756,9867.0,3090.512988,IDN,Indonesia,Kalimantan Timur,4.016089959,3.539867992,0.56,0.61,,,,,,,,,,,,,,,,,,,,,,,,,,9.006175785676858,80.32179918,70.79735984,,,,,,,,,,,,,,,,,0.0,0.0,60.75,1.965693081621959,0.0,0.0,2.12625,6.879925785676857,9.006175785676858,19525,,,0.2172245714766662,Information
521758,9869.0,10321.14693,MYS,Malaysia,Sabah,4.005057323,3.379944677,0.66,0.47,,,,,,,,,,,,,,,,,,,,,,,,,,4.254175041328407,80.10114646,67.59889354,,,,,,,,,,,,,,,,,0.0,0.0,61.734375,0.5981348332366877,0.0,0.0,2.160703125,2.093471916328407,4.254175041328407,68730,,,0.0614443566209632,Information
521759,16182.0,737.6746725,IDN,Indonesia,Kalimantan Timur,4.13821104,4.166154061,0.56,0.61,,,,,,,,,,,,,,,,,,,,,,,,,,39.43953125,82.7642208,83.32308122,3.0,,,,,,,,,,,,,,,,0.0,0.0,126.84375,17.19507998923915,0.0,0.0,4.43953125,35.0,39.43953125,26455,1234.0,4.664524664524664,0.8053101949405336,Warning
521760,9870.0,15915.4556,IDN,Indonesia,Kalimantan Timur,4.14135132,4.017283239,0.56,0.61,,,,,,,,,,,,,,,,,,,,,,,,,,5.698229719057168,82.8270264,80.34566478,,,,,,,,,,,,,,,,,0.0,0.0,99.984375,0.6282218840163337,0.0,0.0,3.499453125,2.198776594057168,5.698229719057168,91872,,,0.1349742213630593,Information
521770,16183.0,5891.663207,IDN,Indonesia,Kalimantan Timur,2.799635776,4.008332282,0.56,0.61,,,,,,,,,,,,,,,,,,,,,,,,,,70.0,55.99271552,80.16664563999998,3.0,,,,,,,,,,,,,,,,0.0,0.0,1104.609375,18.748684984150003,0.0,0.0,35.0,35.0,70.0,410379,14372.0,3.5021285202215515,0.8963690216773981,Warning
521791,9871.0,4160.006035,IDN,Indonesia,Kalimantan Timur,3.996784615,4.005256438,0.56,0.61,,,,,,,,,,,,,,,,,,,,,,,,,,39.504253395679086,79.9356923,80.10512876,3.0,,,,,,,,,,,,,,,,0.0,0.0,331.59375,7.970992041622595,0.0,0.0,11.60578125,27.898472145679083,39.504253395679086,67132,4090.0,6.092474527795984,0.7536265376646999,Watch
521792,9872.0,14588.5788,IDN,Indonesia,Kalimantan Timur,4.163991317,1.895611412,0.56,0.61,,,,,,,,,,,,,,,,,,,,,,,,,,3.052803426848301,83.27982634,37.912228240000005,,,,,,,,,,,,,,,,,0.0,0.0,51.75,0.3547295505280862,0.0,0.0,1.81125,1.2415534268483015,3.052803426848301,184655,,,0.044513227264274,Information
521793,9873.0,6287.777936,IDN,Indonesia,Kalimantan Timur,3.406750237,4.011092756,0.56,0.61,,,,,,,,,,,,,,,,,,,,,,,,,,36.183253521106096,68.13500474,80.22185512,3.0,,,,,,,,,,,,,,,,0.0,0.0,399.09375,6.3471349346017405,0.0,0.0,13.96828125,22.21497227110609,36.183253521106096,67847,6107.0,9.001134906480758,0.7270844509551656,Watch
521795,9875.0,1362.541226,IDN,Indonesia,Kalimantan Timur,4.051200641,4.003538929,0.56,0.61,,,,,,,,,,,,,,,,,,,,,,,,,,8.00370386992851,81.02401282000001,80.07077858000001,,,,,,,,,,,,,,,,,0.0,0.0,27.421875,2.0125537842652887,0.0,0.0,0.959765625,7.04393824492851,8.00370386992851,8463,,,0.1939945368055771,Information
521797,9877.0,1520.080744,IDN,Indonesia,Kalimantan Timur,4.013426622,1.337450711,0.56,0.61,,,,,,,,,,,,,,,,,,,,,,,,,,8.914917864622804,80.26853244,26.74901422,,,,,,,,,,,,,,,,,0.0,0.0,33.609375,2.2110256398922297,0.0,0.0,1.176328125,7.738589739622804,8.914917864622804,113105,,,0.2134555036477479,Information
521798,9878.0,3288.561595,IDN,Indonesia,Kalimantan Timur,4.032490475,0.0,0.56,0.61,,,,,,,,,,,,,,,,,,,,,,,,,,3.4009377544108927,80.6498095,0.0,,,,,,,,,,,,,,,,,0.0,0.0,24.046875,0.7312277512602551,0.0,0.0,0.841640625,2.5592971294108926,3.4009377544108927,34700,,,0.0410480796125238,Information
521799,16185.0,6302.278032,IDN,Indonesia,Kalimantan Timur,4.030802108,4.000783688,0.56,0.61,,,,,,,,,,,,,,,,,,,,,,,,,,40.62637949948151,80.61604215999999,80.01567376,3.0,,,,,,,,,,,,,,,,0.0,0.0,448.734375,7.12019324985186,0.0,0.0,15.705703125,24.92067637448151,40.62637949948151,517989,23599.0,4.555888252453237,0.7703414436674134,Watch
521801,9879.0,8884.276847,IDN,Indonesia,Kalimantan Timur,4.026220595,0.258442665,0.56,0.61,,,,,,,,,,,,,,,,,,,,,,,,,,7.647618798530946,80.52441189999999,5.1688533,,,,,,,,,,,,,,,,,0.0,0.0,102.796875,1.1570651924374131,0.0,0.0,3.597890625,4.049728173530946,7.647618798530946,1552054,,,0.1749540768543061,Information
521802,9880.0,15739.29839,IDN,Indonesia,Kalimantan Timur,4.046009455,0.0,0.56,0.61,,,,,,,,,,,,,,,,,,,,,,,,,,4.072793888171773,80.9201891,0.0,,,,,,,,,,,,,,,,,0.0,0.0,71.15625,0.4520928966205069,0.0,0.0,2.49046875,1.582325138171774,4.072793888171773,84262,,,0.0612576507973776,Information
521803,9881.0,157.0372677,IDN,Indonesia,Kalimantan Timur,4.19701843,0.0,0.56,0.61,,,,,,,,,,,,,,,,,,,,,,,,,,1.9100561999818968,83.9403686,0.0,,,,,,,,,,,,,,,,,0.0,0.0,0.84375,0.5372928428519707,0.0,0.0,0.02953125,1.8805249499818968,1.9100561999818968,1267,,,0.0166198471117842,Information
521809,9887.0,8930.733201,IDN,Indonesia,Kalimantan Timur,2.959756099,0.0,0.56,0.61,,,,,,,,,,,,,,,,,,,,,,,,,,0.1043304064476852,59.19512198,0.0,,,,,,,,,,,,,,,,,0.0,0.0,1.40625,0.0157461875564815,0.0,0.0,0.04921875,0.0551116564476852,0.1043304064476852,9132,,,1.193603978598074e-09,Information
521900,9888.0,2465.215965,IDN,Indonesia,Kalimantan Selatan,3.872214119,3.663421873,0.56,0.61,,,,,,,,,,,,,,,,,,,,,,,,,,31.98000616791936,77.44428238,73.26843746,3.0,,,,,,,,,,,,,,,,0.0,0.0,180.703125,7.33011336940553,0.0,0.0,6.324609375,25.655396792919355,31.98000616791936,188538,27728.0,14.706849547571313,0.6365012572295243,Watch
521901,9889.0,4620.393395,IDN,Indonesia,Kalimantan Timur,3.731398206,4.011060057,0.56,0.61,,,,,,,,,,,,,,,,,,,,,,,,,,27.628944843108115,74.62796412,80.22120114,3.0,,,,,,,,,,,,,,,,0.0,0.0,249.46875,5.399296740888033,0.0,0.0,8.73140625,18.89753859310812,27.628944843108115,1138043,16409.0,1.4418611599034483,0.6309058054023926,Watch
521902,9890.0,3504.538921,IDN,Indonesia,Kalimantan Timur,4.012390316,3.437365857,0.56,0.61,,,,,,,,,,,,,,,,,,,,,,,,,,3.357010653198489,80.24780632000001,68.74731714,,,,,,,,,,,,,,,,,0.0,0.0,24.890625,0.710239650913854,0.0,0.0,0.871171875,2.485838778198489,3.357010653198489,25182,,,0.0381795479584487,Information
521903,9891.0,1284.00934,IDN,Indonesia,Kalimantan Timur,4.007323952,4.007213105,0.56,0.61,,,,,,,,,,,,,,,,,,,,,,,,,,42.121953125,80.14647904,80.14426209999999,3.0,,,,,,,,,,,,,,,,0.0,0.0,203.484375,15.847577484520093,0.0,0.0,7.121953125,35.0,42.121953125,55436,1616.0,2.915073237607331,0.7740309013573521,Watch
521904,9892.0,4315.838974,IDN,Indonesia,Kalimantan Timur,4.007194927,2.154523309,0.56,0.61,,,,,,,,,,,,,,,,,,,,,,,,,,3.542761250169889,80.14389854,43.09046618,,,,,,,,,,,,,,,,,0.0,0.0,30.515625,0.7070612500485397,0.0,0.0,1.068046875,2.474714375169889,3.542761250169889,186320,,,0.0423895965922333,Information
521905,9893.0,4289.901715,IDN,Indonesia,Kalimantan Timur,4.065654906,3.393382561,0.56,0.61,,,,,,,,,,,,,,,,,,,,,,,,,,36.90523492957941,81.31309811999999,67.86765122,3.0,,,,,,,,,,,,,,,,0.0,0.0,316.546875,7.378884087022689,0.0,0.0,11.079140625,25.82609430457941,36.90523492957941,80695,5366.0,6.649730466571659,0.7519157122867284,Watch
521906,9894.0,1492.480106,IDN,Indonesia,Kalimantan Selatan,1.928459316,0.0,0.56,0.61,,,,,,,,,,,,,,,,,,,,,,,,,,0.2273982090599275,38.56918632,0.0,,,,,,,,,,,,,,,,,0.0,0.0,0.84375,0.056533416874265,0.0,0.0,0.02953125,0.1978669590599275,0.2273982090599275,26513,,,1.078182001429354e-08,Information
521907,16186.0,5446.939893,IDN,Indonesia,Kalimantan Selatan,4.033918081,3.538313457,0.56,0.61,,,,,,,,,,,,,,,,,,,,,,,,,,22.58390149503832,80.67836162,70.76626914,,,,,,,,,,,,,,,,,0.0,0.0,227.53125,4.177230784296662,0.0,0.0,7.96359375,14.620307745038318,22.58390149503832,299361,,,0.5619881012522867,Advisory
521908,9895.0,1951.809037,IDN,Indonesia,Kalimantan Selatan,1.179707086,0.0,0.56,0.61,,,,,,,,,,,,,,,,,,,,,,,,,,11.271935708292132,23.594141720000003,0.0,,,,,,,,,,,,,,,,,0.0,0.0,52.59375,2.6946155595120382,0.0,0.0,1.84078125,9.431154458292134,11.271935708292132,125603,,,0.0278264816565988,Information
521909,9896.0,3843.599624,IDN,Indonesia,Kalimantan Selatan,0.451884238,0.0,0.56,0.61,,,,,,,,,,,,,,,,,,,,,,,,,,14.02225793268771,9.03768476,0.0,,,,,,,,,,,,,,,,,0.0,0.0,111.234375,2.894015659339346,0.0,0.0,3.893203125,10.12905480768771,14.02225793268771,315491,,,0.0307558410430152,Information
524000,16189.0,950.787052,PHL,Philippines,Cagayan,1.731456361,1.054742043,0.56,0.61,,,,,,,,,,,,,,,,,,,,,,,,,,24.602678096697367,34.62912722,21.09484086,,,,,,,,,,,,,,,,,0.0,0.0,61.03125,6.41902409905639,0.0,0.0,2.13609375,22.466584346697367,24.602678096697367,22246,,,0.1642297565178348,Information
524021,9899.0,12049.02418,PHL,Philippines,Zamboanga del Norte,3.02124599,3.135312667,0.56,0.61,,,,,,,,,,,,,,,,,,,,,,,,,,16.905668557050706,60.424919800000005,62.70625334,,,,,,,,,,,,,,,,,0.0,0.0,263.953125,2.190659766300202,0.0,0.0,9.238359375,7.667309182050707,16.905668557050706,2333042,,,0.2144204490418289,Information
524023,9901.0,8372.29734,PHL,Philippines,Misamis Oriental,3.87879414,3.522451607,0.56,0.61,,,,,,,,,,,,,,,,,,,,,,,,,,5.033097206294445,77.5758828,70.44903214,,,,,,,,,,,,,,,,,0.0,0.0,65.53125,0.7827152732269844,0.0,0.0,2.29359375,2.7395034562944454,5.033097206294445,2729458,,,0.067574546129646,Information
524026,9904.0,2448.104984,PHL,Philippines,Davao del Norte,2.069284676,0.0,0.56,0.61,,,,,,,,,,,,,,,,,,,,,,,,,,10.386085197883624,41.38569352,0.0,,,,,,,,,,,,,,,,,0.0,0.0,58.359375,2.383859163681036,0.0,0.0,2.042578125,8.343507072883625,10.386085197883624,633541,,,0.0417694324034481,Information
524027,9905.0,16563.14101,PHL,Philippines,Sultan Kudarat,3.926882059,3.641760461,0.56,0.61,,,,,,,,,,,,,,,,,,,,,,,,,,16.102654534497304,78.53764118,72.83520922,,,,,,,,,,,,,,,,,0.0,0.0,286.875,1.7320084384278016,0.0,0.0,10.040625,6.062029534497306,16.102654534497304,4635556,,,0.3869349903778,Advisory
524042,9910.0,346.9114259,PHL,Philippines,Siquijor,4.153284473,0.0,0.56,0.61,,,,,,,,,,,,,,,,,,,,,,,,,,18.93705399418269,83.06568946,0.0,,,,,,,,,,,,,,,,,0.0,0.0,18.140625,5.229180605480769,0.0,0.0,0.634921875,18.30213211918269,18.93705399418269,72104,,,0.5445005847807132,Advisory
524095,9921.0,5307.318028,PHL,Philippines,La Union,3.744212025,0.180506056,0.56,0.61,,,,,,,,,,,,,,,,,,,,,,,,,,3.3217766660534327,74.8842405,3.61012112,,,,,,,,,,,,,,,,,0.0,0.0,32.90625,0.6200165474438378,0.0,0.0,1.15171875,2.170057916053433,3.3217766660534327,2758644,,,0.0215367934934877,Information
524097,9923.0,8365.957826,PHL,Philippines,Apayao,3.244915614,2.621823772,0.56,0.61,,,,,,,,,,,,,,,,,,,,,,,,,,3.868223137027688,64.89831228,52.43647544,,,,,,,,,,,,,,,,,0.0,0.0,50.34375,0.6017691105793394,0.0,0.0,1.76203125,2.106191887027688,3.868223137027688,1029505,,,0.0137111279614729,Information
525014,9926.0,7174.447179,IDN,Indonesia,Sulawesi Tengah,4.005714451,1.260402907,0.56,0.61,,,,,,,,,,,,,,,,,,,,,,,,,,1.0368300509514168,80.11428902,25.20805814,,,,,,,,,,,,,,,,,0.0,0.0,12.375,0.1724871574146905,0.0,0.0,0.433125,0.6037050509514168,1.0368300509514168,116573,,,0.001569266932978,Information
525016,9927.0,6973.684105,IDN,Indonesia,Sulawesi Tenggara,4.041777077,0.111612177,0.56,0.61,,,,,,,,,,,,,,,,,,,,,,,,,,13.177623937966333,80.83554154,2.23224354,,,,,,,,,,,,,,,,,0.0,0.0,154.6875,2.2181604108475232,0.0,0.0,5.4140625,7.763561437966331,13.177623937966333,532133,,,0.3540023402859319,Advisory
525050,9932.0,3484.436979,IDN,Indonesia,Sulawesi Tengah,4.001342175,3.875810687,0.56,0.61,,,,,,,,,,,,,,,,,,,,,,,,,,24.47563180298212,80.02684349999998,77.51621374,,,,,,,,,,,,,,,,,0.0,0.0,180.703125,5.186006407994891,0.0,0.0,6.324609375,18.15102242798212,24.47563180298212,214107,,,0.5805453475264962,Advisory
525070,9934.0,967.6402388,IDN,Indonesia,Sulawesi Tengah,4.033646139,4.012916453,0.56,0.61,,,,,,,,,,,,,,,,,,,,,,,,,,38.853828125,80.67292278,80.25832906,3.0,,,,,,,,,,,,,,,,0.0,0.0,110.109375,11.379164547292088,0.0,0.0,3.853828125,35.0,38.853828125,32319,3833.0,11.859896655218293,0.7575050536149766,Watch
525080,16199.0,2139.379844,IDN,Indonesia,Sulawesi Utara,4.001418768,1.767224835,0.56,0.61,,,,,,,,,,,,,,,,,,,,,,,,,,24.660386805148136,80.02837536,35.3444967,,,,,,,,,,,,,,,,,0.0,0.0,124.171875,5.804106051470896,0.0,0.0,4.346015625,20.314371180148136,24.660386805148136,281930,,,0.5835117626710437,Advisory
531200,9941.0,1021.962605,PNG,Papua New Guinea,Southern Highlands,1.731980802,0.0,0.43,0.79,,,,,,,,,,,,,,,,,,,,,,,,,,3.4503874446928093,34.63961604,0.0,,,,,,,,,,,,,,,,,0.0,0.0,9.140625,0.8944187341979455,0.0,0.0,0.319921875,3.130465569692809,3.4503874446928093,0,,,0.0016335044314007,Information
531201,9942.0,1525.045195,PNG,Papua New Guinea,Gulf,4.561884753,4.00007385,0.43,0.79,,,,,,,,,,,,,,,,,,,,,,,,,,8.554967000364147,91.23769506,80.001477,,,,,,,,,,,,,,,,,0.0,0.0,32.34375,2.120838785818328,0.0,0.0,1.13203125,7.422935750364147,8.554967000364147,0,,,0.4904474656082872,Advisory
531203,9944.0,4567.412115,PNG,Papua New Guinea,Gulf,3.603737408,0.0,0.43,0.79,,,,,,,,,,,,,,,,,,,,,,,,,,1.773867718876736,72.07474816,0.0,,,,,,,,,,,,,,,,,0.0,0.0,15.890625,0.347913098250496,0.0,0.0,0.556171875,1.217695843876736,1.773867718876736,1013,,,0.0029223505373293,Information
531205,9946.0,1316.675022,PNG,Papua New Guinea,Southern Highlands,1.567672897,0.0,0.43,0.79,,,,,,,,,,,,,,,,,,,,,,,,,,0.3384237351352487,31.35345794,0.0,,,,,,,,,,,,,,,,,0.0,0.0,1.125,0.0854424957529282,0.0,0.0,0.039375,0.2990487351352487,0.3384237351352487,0,,,5.4087301079825927e-08,Information
531207,9948.0,2352.256209,PNG,Papua New Guinea,Chimbu,3.92936643,0.0,0.43,0.79,,,,,,,,,,,,,,,,,,,,,,,,,,0.1033837398961549,78.5873286,0.0,,,,,,,,,,,,,,,,,0.0,0.0,0.5625,0.0239132113989014,0.0,0.0,0.0196875,0.0836962398961549,0.1033837398961549,0,,,4.822442554348441e-08,Information
531208,9949.0,3136.571598,PNG,Papua New Guinea,Eastern Highlands,3.106521846,0.0,0.43,0.79,,,,,,,,,,,,,,,,,,,,,,,,,,0.1649101544665148,62.13043692,0.0,,,,,,,,,,,,,,,,,0.0,0.0,1.125,0.0358671869904328,0.0,0.0,0.039375,0.1255351544665148,0.1649101544665148,425280,,,2.716833795142631e-08,Information
531300,9951.0,1208.010749,PNG,Papua New Guinea,Western,3.369163252,4.141971647,0.43,0.79,,,,,,,,,,,,,,,,,,,,,,,,,,13.653987731886057,67.38326504,82.83943294,,,,,,,,,,,,,,,,,0.0,0.0,42.046875,3.4806706019674447,0.0,0.0,1.471640625,12.182347106886056,13.653987731886057,1856,,,0.4095967065509863,Advisory
531406,9964.0,2384.484346,PNG,Papua New Guinea,Western,2.78065451,0.0,0.43,0.79,,,,,,,,,,,,,,,,,,,,,,,,,,0.4601363442645158,55.6130902,0.0,,,,,,,,,,,,,,,,,0.0,0.0,2.53125,0.1061550269327188,0.0,0.0,0.08859375,0.3715425942645158,0.4601363442645158,25291,,,2.448215304917091e-06,Information
531407,9965.0,8402.681762,PNG,Papua New Guinea,Western,0.876861303,0.0,0.43,0.79,,,,,,,,,,,,,,,,,,,,,,,,,,2.436139868282116,17.53722606,0.0,,,,,,,,,,,,,,,,,0.0,0.0,31.78125,0.3782274623663187,0.0,0.0,1.11234375,1.3237961182821154,2.436139868282116,214317,,,0.0002142068469887,Information
531550,9972.0,3666.267355,IDN,Indonesia,Papua,2.402299914,0.821785361,0.56,0.61,,,,,,,,,,,,,,,,,,,,,,,,,,10.641046822941412,48.04599828,16.43570722,,,,,,,,,,,,,,,,,0.0,0.0,81.5625,2.224674092268975,0.0,0.0,2.8546875,7.786359322941412,10.641046822941412,93166,,,0.0564105121009297,Information
531570,9974.0,12087.18856,IDN,Indonesia,Papua,3.444722131,4.006371529,0.56,0.61,,,,,,,,,,,,,,,,,,,,,,,,,,6.628468691580794,68.89444261999999,80.12743058,,,,,,,,,,,,,,,,,0.0,0.0,103.640625,0.8574419475945125,0.0,0.0,3.627421875,3.0010468165807938,6.628468691580794,90022,,,0.1361095482250593,Information
531596,9981.0,5652.834907,IDN,Indonesia,Papua Barat,4.05372303,0.0,0.56,0.61,,,,,,,,,,,,,,,,,,,,,,,,,,2.671242734470166,81.0744606,0.0,,,,,,,,,,,,,,,,,0.0,0.0,27.5625,0.4875872098486188,0.0,0.0,0.9646875,1.7065552344701658,2.671242734470166,75860,,,0.0251168549222747,Information
531599,9983.0,11629.57267,IDN,Indonesia,Papua,4.033433477,4.006703106,0.56,0.61,,,,,,,,,,,,,,,,,,,,,,,,,,4.9615120305182,80.66866954,80.13406212,,,,,,,,,,,,,,,,,0.0,0.0,76.21875,0.6553873658623428,0.0,0.0,2.66765625,2.2938557805182,4.9615120305182,44128,,,0.0869123385350192,Information
531604,9987.0,6113.236829,IDN,Indonesia,Papua,1.620838928,0.0,0.56,0.61,,,,,,,,,,,,,,,,,,,,,,,,,,1.245412964462112,32.41677856,0.0,,,,,,,,,,,,,,,,,0.0,0.0,13.5,0.2208322755606035,0.0,0.0,0.4725,0.7729129644621122,1.245412964462112,641727,,,3.2498660374471665e-05,Information
531605,9988.0,4276.755549,IDN,Indonesia,Papua,4.047475624,0.0,0.56,0.61,,,,,,,,,,,,,,,,,,,,,,,,,,4.173297953617994,80.94951248,0.0,,,,,,,,,,,,,,,,,0.0,0.0,35.71875,0.8351833438908555,0.0,0.0,1.25015625,2.9231417036179943,4.173297953617994,52853,,,0.064458547676853,Information
531606,9989.0,7212.005086,IDN,Indonesia,Papua,1.996882733,0.0,0.56,0.61,,,,,,,,,,,,,,,,,,,,,,,,,,0.5755752373230748,39.93765466,0.0,,,,,,,,,,,,,,,,,0.0,0.0,6.890625,0.0955438178065928,0.0,0.0,0.241171875,0.3344033623230747,0.5755752373230748,196580,,,1.677726416816087e-06,Information
531607,9990.0,4477.67369,IDN,Indonesia,Papua,3.347734317,0.0,0.56,0.61,,,,,,,,,,,,,,,,,,,,,,,,,,2.816762231395579,66.95468634,0.0,,,,,,,,,,,,,,,,,0.0,0.0,24.890625,0.5558829589701654,0.0,0.0,0.871171875,1.9455903563955788,2.816762231395579,3104,,,0.0069026172295864,Information
531608,9991.0,4374.812356,IDN,Indonesia,Papua,3.278357049,0.0,0.56,0.61,,,,,,,,,,,,,,,,,,,,,,,,,,1.9406829041871765,65.56714097999999,0.0,,,,,,,,,,,,,,,,,0.0,0.0,16.875,0.3857308297677647,0.0,0.0,0.590625,1.3500579041871763,1.9406829041871765,99,,,0.0020139310981366,Information
531609,9992.0,4306.299102,IDN,Indonesia,Papua,4.044239456,0.0,0.56,0.61,,,,,,,,,,,,,,,,,,,,,,,,,,2.550811037430951,80.88478912,0.0,,,,,,,,,,,,,,,,,0.0,0.0,21.9375,0.5094281535517003,0.0,0.0,0.7678125,1.7829985374309512,2.550811037430951,7769,,,0.022000932958738,Information
531701,9993.0,854.7749156,IDN,Indonesia,Papua,4.082271715,0.0,0.56,0.61,,,,,,,,,,,,,,,,,,,,,,,,,,24.18859251506203,81.6454343,0.0,3.0,,,,,,,,,,,,,,,,0.0,0.0,54.421875,6.366807682874866,0.0,0.0,1.904765625,22.28382689006203,24.18859251506203,1563,37.0,2.36724248240563,0.6087270355742462,Watch
531702,9994.0,2708.736376,IDN,Indonesia,Papua,4.113676048,0.0,0.56,0.61,,,,,,,,,,,,,,,,,,,,,,,,,,0.6696751887681877,82.27352096000001,0.0,,,,,,,,,,,,,,,,,0.0,0.0,4.078125,0.1505545182194822,0.0,0.0,0.142734375,0.5269408137681877,0.6696751887681877,827,,,0.000526401816869,Information
531703,9995.0,7472.099489,IDN,Indonesia,Papua,4.014770635,0.704958861,0.56,0.61,,,,,,,,,,,,,,,,,,,,,,,,,,4.06263432372443,80.29541269999999,14.09917722,,,,,,,,,,,,,,,,,0.0,0.0,49.640625,0.6643464139212655,0.0,0.0,1.737421875,2.325212448724429,4.06263432372443,50675,,,0.0571657514636294,Information
531808,10009.0,4117.033759,PNG,Papua New Guinea,Sandaun,2.743411694,0.0,0.43,0.79,,,,,,,,,,,,,,,,,,,,,,,,,,6.615698001286454,54.868233880000005,0.0,,,,,,,,,,,,,,,,,0.0,0.0,55.125,1.3389494289389867,0.0,0.0,1.929375,4.686323001286453,6.615698001286454,1986,,,0.027420043486907,Information
532001,10019.0,8806.241459,IDN,Indonesia,Maluku,0.768839261,0.233482662,0.56,0.61,,,,,,,,,,,,,,,,,,,,,,,,,,9.596497974068464,15.37678522,4.669653240000001,,,,,,,,,,,,,,,,,0.0,0.0,128.390625,1.4579503140195609,0.0,0.0,4.493671875,5.102826099068463,9.596497974068464,240561,,,0.0147473584661925,Information
537009,,,,,,,,,,,,,,,,,,,,,,,,,,,,,,,,,,,4.962266681799122,,,,,,,,,,,,,,,,,,,0.0,0.0,1.125,1.406540480514035,0.0,0.0,0.039375,4.922891681799122,4.962266681799122,930,,,,Information
541000,16226.0,1795.472389,FSM,Federated States of Micronesia,Palau,0.0,3.044644289,-9999.0,0.6,,,,,,,,,,,,,,,,,,,,,,,,,,12.384143086995378,0.0,60.89288578,,,,,,,,,,,,,,,,,0.0,0.0,53.859375,2.999732846284394,0.0,0.0,1.885078125,10.499064961995378,12.384143086995378,114176,,,0.1250950990264889,Information
561260,10069.0,12213.89249,AUS,Australia,Western Australia,0.099132367,0.0,0.81,0.26,,,,,,,,,,,,,,,,,,,,,,,,,,0.5549998196440827,1.98264734,0.0,,,,,,,,,,,,,,,,,0.0,0.0,8.71875,0.0713838770411665,0.0,0.0,0.30515625,0.2498435696440827,0.5549998196440827,545,,,1.1460912425055032e-07,Information
561270,10070.0,10010.53534,AUS,Australia,Western Australia,0.026187413,0.0,0.81,0.26,,,,,,,,,,,,,,,,,,,,,,,,,,2.912216748248562,0.52374826,0.0,,,,,,,,,,,,,,,,,0.0,0.0,41.625,0.4158119280710178,0.0,0.0,1.456875,1.4553417482485622,2.912216748248562,762,,,0.0002069924468144,Information
561400,10082.0,15021.19381,AUS,Australia,Western Australia,0.442406749,0.0,0.81,0.26,,,,,,,,,,,,,,,,,,,,,,,,,,0.2213593756467264,8.84813498,0.0,,,,,,,,,,,,,,,,,0.0,0.0,3.796875,0.0252767858990647,0.0,0.0,0.132890625,0.0884687506467264,0.2213593756467264,263,,,8.69423861080773e-10,Information
561430,10085.0,11215.77358,AUS,Australia,Western Australia,1.84822167,0.0,0.81,0.26,,,,,,,,,,,,,,,,,,,,,,,,,,0.102412484802993,36.9644334,0.0,,,,,,,,,,,,,,,,,0.0,0.0,1.546875,0.0137919599437123,0.0,0.0,0.054140625,0.048271859802993,0.102412484802993,93,,,6.705101649854673e-11,Information
561505,10096.0,1828.060448,AUS,Australia,Western Australia,2.821587354,0.0,0.81,0.26,,,,,,,,,,,,,,,,,,,,,,,,,,5.222728029512549,56.43174708,0.0,,,,,,,,,,,,,,,,,0.0,0.0,23.0625,1.261583008432157,0.0,0.0,0.8071875,4.415540529512549,5.222728029512549,0,,,0.0169479094339412,Information
561506,10097.0,1688.362037,AUS,Australia,Western Australia,4.015575687,0.0,0.81,0.26,,,,,,,,,,,,,,,,,,,,,,,,,,0.1022209496303268,80.31151374000001,0.0,,,,,,,,,,,,,,,,,0.0,0.0,0.421875,0.0249872356086648,0.0,0.0,0.014765625,0.0874553246303267,0.1022209496303268,0,,,7.177248948574956e-08,Information
561507,10098.0,1479.427482,AUS,Australia,Western Australia,3.136745509,0.0,0.81,0.26,,,,,,,,,,,,,,,,,,,,,,,,,,1.680388896516064,62.73491018,0.0,,,,,,,,,,,,,,,,,0.0,0.0,6.1875,0.418236113290304,0.0,0.0,0.2165625,1.463826396516064,1.680388896516064,2,,,0.0009707712063778,Information
561508,10099.0,1522.929975,AUS,Australia,Western Australia,1.919789789,0.0,0.81,0.26,,,,,,,,,,,,,,,,,,,,,,,,,,0.4468840082249466,38.39579578,0.0,,,,,,,,,,,,,,,,,0.0,0.0,1.6875,0.1108061452071276,0.0,0.0,0.0590625,0.3878215082249466,0.4468840082249466,0,,,4.1925022244613147e-07,Information
561509,10100.0,2468.666646,AUS,Australia,Western Australia,0.492814925,0.0,0.81,0.26,,,,,,,,,,,,,,,,,,,,,,,,,,3.132266384380676,9.8562985,0.0,,,,,,,,,,,,,,,,,0.0,0.0,17.71875,0.7177457526801931,0.0,0.0,0.62015625,2.512110134380676,3.132266384380676,2616,,,0.0003902088305491,Information
561702,10112.0,2523.164549,AUS,Australia,Western Australia,3.201232207,2.319787571,0.81,0.26,,,,,,,,,,,,,,,,,,,,,,,,,,9.67373706026096,64.02464413999999,46.39575142,,,,,,,,,,,,,,,,,0.0,0.0,55.6875,2.2070498743602744,0.0,0.0,1.9490625,7.72467456026096,9.67373706026096,0,,,0.0945208234334907,Information
561703,10113.0,66.39859773,AUS,Australia,Western Australia,0.927595712,4.025115616,0.81,0.26,,,,,,,,,,,,,,,,,,,,,,,,,,35.590625,18.55191424,80.50231232,3.0,,,,,,,,,,,,,,,,0.0,0.0,16.875,25.41469334923368,0.0,0.0,0.590625,35.0,35.590625,0,0.0,0.0,0.7263418296195473,Watch
561704,10114.0,1984.505449,AUS,Australia,Western Australia,0.97936202,3.059001482,0.81,0.26,,,,,,,,,,,,,,,,,,,,,,,,,,2.2292545649120745,19.5872404,61.18002964,,,,,,,,,,,,,,,,,0.0,0.0,10.546875,0.5314611256891641,0.0,0.0,0.369140625,1.8601139399120743,2.2292545649120745,0,,,0.0021365273651881,Information
561705,10115.0,52.06820478,AUS,Australia,Western Australia,0.0,4.042482108,0.81,0.26,,,,,,,,,,,,,,,,,,,,,,,,,,35.575859375,0.0,80.84964216,3.0,,,,,,,,,,,,,,,,0.0,0.0,16.453125,31.59917855685058,0.0,0.0,0.575859375,35.0,35.575859375,0,0.0,0.0,0.7321557432499216,Watch
561706,10116.0,1167.026665,AUS,Australia,Western Australia,4.005912647,3.148529956,0.81,0.26,,,,,,,,,,,,,,,,,,,,,,,,,,8.854115907637361,80.11825293999999,62.97059912,,,,,,,,,,,,,,,,,0.0,0.0,26.4375,2.265372402182103,0.0,0.0,0.9253125,7.928803407637361,8.854115907637361,0,,,0.2092806819775814,Information
561707,10117.0,391.9552802,AUS,Australia,Western Australia,3.789054248,4.065071768,0.81,0.26,,,,,,,,,,,,,,,,,,,,,,,,,,38.6815625,75.78108496,81.30143536,3.0,,,,,,,,,,,,,,,,0.0,0.0,105.1875,26.83660747188812,0.0,0.0,3.6815625,35.0,38.6815625,0,0.0,0.0,0.766361384863014,Watch
562205,10159.0,2193.274415,AUS,Australia,Western Australia,4.023643021,0.0,0.81,0.26,,,,,,,,,,,,,,,,,,,,,,,,,,0.1915384617215982,80.47286041999999,0.0,,,,,,,,,,,,,,,,,0.0,0.0,0.984375,0.0448815247775995,0.0,0.0,0.034453125,0.1570853367215982,0.1915384617215982,349,,,1.877769797554424e-06,Information
562206,10160.0,17078.51682,AUS,Australia,Western Australia,1.77753333,0.0,0.81,0.26,,,,,,,,,,,,,,,,,,,,,,,,,,0.1092529913145944,35.5506666,0.0,,,,,,,,,,,,,,,,,0.0,0.0,1.96875,0.0115276403755984,0.0,0.0,0.06890625,0.0403467413145944,0.1092529913145944,948,,,8.856223446558763e-11,Information
562339,10173.0,744.6774357,AUS,Australia,Western Australia,1.526164415,0.0,0.81,0.26,,,,,,,,,,,,,,,,,,,,,,,,,,13.777090057133872,30.5232883,0.0,,,,,,,,,,,,,,,,,0.0,0.0,27.28125,3.663498944895392,0.0,0.0,0.95484375,12.822246307133872,13.777090057133872,0,,,0.0528329646130405,Information
562384,10181.0,6994.342806,AUS,Australia,Western Australia,0.150566263,0.0,0.81,0.26,,,,,,,,,,,,,,,,,,,,,,,,,,1.1241283322650384,3.01132526,0.0,,,,,,,,,,,,,,,,,0.0,0.0,13.21875,0.1889920235042967,0.0,0.0,0.46265625,0.6614720822650384,1.1241283322650384,624,,,4.144383626544329e-06,Information
562385,10182.0,2057.423358,AUS,Australia,Western Australia,0.237845024,0.0,0.81,0.26,,,,,,,,,,,,,,,,,,,,,,,,,,0.5480434918871059,4.75690048,0.0,,,,,,,,,,,,,,,,,0.0,0.0,2.671875,0.1298651048248874,0.0,0.0,0.093515625,0.4545278668871059,0.5480434918871059,0,,,1.249120111214493e-07,Information
562440,10191.0,8036.745863,AUS,Australia,Northern Territory,2.760182977,0.0,0.81,0.26,,,,,,,,,,,,,,,,,,,,,,,,,,0.1546452433411882,55.20365954,0.0,,,,,,,,,,,,,,,,,0.0,0.0,1.96875,0.0244968552403395,0.0,0.0,0.06890625,0.0857389933411882,0.1546452433411882,372,,,7.192237950867753e-09,Information
562450,10192.0,10933.67478,AUS,Australia,Northern Territory,1.478065646,0.0,0.81,0.26,,,,,,,,,,,,,,,,,,,,,,,,,,0.2261627845337021,29.56131292,0.0,,,,,,,,,,,,,,,,,0.0,0.0,3.375,0.0308679384382006,0.0,0.0,0.118125,0.1080377845337021,0.2261627845337021,149,,,4.6992083744938005e-09,Information
562460,10193.0,10788.97099,AUS,Australia,Northern Territory,0.373497036,0.0,0.81,0.26,,,,,,,,,,,,,,,,,,,,,,,,,,0.1327735548988975,7.46994072,0.0,,,,,,,,,,,,,,,,,0.0,0.0,1.96875,0.018247801399685,0.0,0.0,0.06890625,0.0638673048988975,0.1327735548988975,600,,,2.942225301168712e-11,Information
562470,10194.0,15931.23014,AUS,Australia,Northern Territory,1.377272499,0.0,0.81,0.26,,,,,,,,,,,,,,,,,,,,,,,,,,0.4967021929452768,27.54544998,0.0,,,,,,,,,,,,,,,,,0.0,0.0,8.71875,0.0547274122700791,0.0,0.0,0.30515625,0.1915459429452768,0.4967021929452768,42,,,3.1347655448290414e-07,Information
562524,10201.0,4844.2351,AUS,Australia,Northern Territory,0.280544909,0.0,0.81,0.26,,,,,,,,,,,,,,,,,,,,,,,,,,1.5685433685695878,5.61089818,0.0,,,,,,,,,,,,,,,,,0.0,0.0,14.625,0.3019052481627394,0.0,0.0,0.511875,1.056668368569588,1.5685433685695878,475,,,2.0901817686453688e-05,Information
562525,10202.0,743.6624631,AUS,Australia,Northern Territory,3.008147325,0.0,0.81,0.26,,,,,,,,,,,,,,,,,,,,,,,,,,1.208804299345233,60.1629465,0.0,,,,,,,,,,,,,,,,,0.0,0.0,2.390625,0.3214664069557808,0.0,0.0,0.083671875,1.125132424345233,1.208804299345233,13,,,0.0002368836920933,Information
562527,10204.0,1705.787772,AUS,Australia,Northern Territory,0.692481124,0.0,0.81,0.26,,,,,,,,,,,,,,,,,,,,,,,,,,0.2702067637061877,13.84962248,0.0,,,,,,,,,,,,,,,,,0.0,0.0,1.125,0.0659519324874822,0.0,0.0,0.039375,0.2308317637061877,0.2702067637061877,5,,,4.0910785596474665e-09,Information
562528,10205.0,12808.20779,AUS,Australia,Northern Territory,1.324655502,0.0,0.81,0.26,,,,,,,,,,,,,,,,,,,,,,,,,,4.259608110806993,26.49311004,0.0,,,,,,,,,,,,,,,,,0.0,0.0,68.34375,0.533593388801998,0.0,0.0,2.39203125,1.8675768608069927,4.259608110806993,183,,,0.0021983505396175,Information
562538,10213.0,2499.075072,AUS,Australia,Northern Territory,0.169002947,0.0,0.81,0.26,,,,,,,,,,,,,,,,,,,,,,,,,,5.464898854070276,3.38005894,0.0,,,,,,,,,,,,,,,,,0.0,0.0,31.21875,1.2492121725915073,0.0,0.0,1.09265625,4.372242604070276,5.464898854070276,5,,,0.0020365800767592,Information
562540,10215.0,11254.02526,AUS,Australia,Northern Territory,1.747070053,3.569201478,0.81,0.26,,,,,,,,,,,,,,,,,,,,,,,,,,8.681819709566572,34.941401060000004,71.38402956,,,,,,,,,,,,,,,,,0.0,0.0,131.34375,1.1670824170190208,0.0,0.0,4.59703125,4.084788459566573,8.681819709566572,69,,,0.1164868183108244,Information
562592,10229.0,2613.110987,AUS,Australia,Northern Territory,1.365383364,0.0,0.81,0.26,,,,,,,,,,,,,,,,,,,,,,,,,,5.202823054257825,27.30766728,0.0,,,,,,,,,,,,,,,,,0.0,0.0,30.796875,1.178552122645093,0.0,0.0,1.077890625,4.124932429257825,5.202823054257825,0,,,0.004181715752322,Information
562606,10242.0,7174.821645,AUS,Australia,Northern Territory,0.589544741,0.0,0.81,0.26,,,,,,,,,,,,,,,,,,,,,,,,,,1.8733064576425047,11.79089482,0.0,,,,,,,,,,,,,,,,,0.0,0.0,22.359375,0.3116366664692871,0.0,0.0,0.782578125,1.090728332642505,1.8733064576425047,3,,,5.857727628242599e-05,Information
562607,10243.0,10400.36069,AUS,Australia,Northern Territory,3.044084717,0.0,0.81,0.26,,,,,,,,,,,,,,,,,,,,,,,,,,1.3612539014317262,60.88169434,0.0,,,,,,,,,,,,,,,,,0.0,0.0,19.828125,0.1906484361233504,0.0,0.0,0.693984375,0.6672695264317263,1.3612539014317262,1478,,,0.000392281460688,Information
562609,10245.0,9685.46222,AUS,Australia,Northern Territory,1.704091991,0.0,0.81,0.26,,,,,,,,,,,,,,,,,,,,,,,,,,1.52054554434932,34.08183982,0.0,,,,,,,,,,,,,,,,,0.0,0.0,21.375,0.2206915840998057,0.0,0.0,0.748125,0.77242054434932,1.52054554434932,31,,,8.183832557313014e-05,Information
562761,10261.0,465.8468178,AUS,Australia,Queensland,3.392960428,2.136209714,0.81,0.26,,,,,,,,,,,,,,,,,,,,,,,,,,4.865354585795175,67.85920856,42.72419428,,,,,,,,,,,,,,,,,0.0,0.0,6.1875,1.3282263102271927,0.0,0.0,0.2165625,4.648792085795175,4.865354585795175,2,,,0.0295138890151369,Information
562781,10271.0,384.848151,AUS,Australia,Queensland,3.876658934,0.0,0.81,0.26,,,,,,,,,,,,,,,,,,,,,,,,,,26.297018769848705,77.53317867999999,0.0,,,,,,,,,,,,,,,,,0.0,0.0,27.84375,7.234996434242488,0.0,0.0,0.97453125,25.322487519848707,26.297018769848705,0,,,0.5625414840045948,Advisory
562789,10279.0,9455.515462,AUS,Australia,Queensland,0.03022506,0.0,0.81,0.26,,,,,,,,,,,,,,,,,,,,,,,,,,1.5089483716897258,0.6045012000000001,0.0,,,,,,,,,,,,,,,,,0.0,0.0,20.953125,0.2215968561970645,0.0,0.0,0.733359375,0.7755889966897258,1.5089483716897258,21046,,,1.4090164039218057e-05,Information
562844,10287.0,7642.234281,AUS,Australia,Queensland,1.83209682,0.0,0.81,0.26,,,,,,,,,,,,,,,,,,,,,,,,,,0.3181426167234465,36.6419364,0.0,,,,,,,,,,,,,,,,,0.0,0.0,3.9375,0.0515228904924133,0.0,0.0,0.1378125,0.1803301167234465,0.3181426167234465,105,,,5.981582892548087e-08,Information
562849,10292.0,7955.025309,AUS,Australia,Queensland,0.371466256,0.0,0.81,0.26,,,,,,,,,,,,,,,,,,,,,,,,,,0.7443031181976967,7.42932512,0.0,,,,,,,,,,,,,,,,,0.0,0.0,9.421875,0.1184392837707705,0.0,0.0,0.329765625,0.4145374931976967,0.7443031181976967,2592,,,7.06084981135434e-07,Information
562945,10313.0,448.6426611,AUS,Australia,Queensland,3.557019086,0.0,0.81,0.26,,,,,,,,,,,,,,,,,,,,,,,,,,0.2292555637333916,71.14038172,0.0,,,,,,,,,,,,,,,,,0.0,0.0,0.28125,0.0626890896381119,0.0,0.0,0.00984375,0.2194118137333916,0.2292555637333916,0,,,6.645203361833905e-07,Information
563702,10385.0,8972.910219,AUS,Australia,Queensland,1.980967877,0.0,0.81,0.26,,,,,,,,,,,,,,,,,,,,,,,,,,0.7493137560516825,39.61935754,0.0,,,,,,,,,,,,,,,,,0.0,0.0,10.125,0.112839644586195,0.0,0.0,0.354375,0.3949387560516825,0.7493137560516825,88143,,,5.686692990507767e-06,Information
563705,10388.0,356.851936,AUS,Australia,Queensland,0.645549575,2.065157683,0.81,0.26,,,,,,,,,,,,,,,,,,,,,,,,,,15.855986555559785,12.9109915,41.30315365999999,,,,,,,,,,,,,,,,,0.0,0.0,15.609375,4.374188123017081,0.0,0.0,0.546328125,15.309658430559784,15.855986555559785,186898,,,0.0952944684630005,Information
563912,10396.0,11380.77249,AUS,Australia,New South Wales,2.7573456,0.0,0.81,0.26,,,,,,,,,,,,,,,,,,,,,,,,,,0.1479456543991887,55.146912,0.0,,,,,,,,,,,,,,,,,0.0,0.0,2.25,0.0197701869711968,0.0,0.0,0.07875,0.0691956543991887,0.1479456543991887,49721,,,5.507738096403249e-09,Information
563913,10397.0,137.4451795,AUS,Australia,New South Wales,1.187562955,1.863961099,0.81,0.26,,,,,,,,,,,,,,,,,,,,,,,,,,17.42492120652151,23.7512591,37.27922198,,,,,,,,,,,,,,,,,0.0,0.0,6.75,4.911048916149003,0.0,0.0,0.23625,17.188671206521512,17.42492120652151,5854,,,0.1001334822884557,Information
563914,10398.0,3652.179582,AUS,Australia,New South Wales,1.724157911,2.979518471,0.81,0.26,,,,,,,,,,,,,,,,,,,,,,,,,,0.5151556642546531,34.48315822,59.59036942,,,,,,,,,,,,,,,,,0.0,0.0,3.9375,0.1078123326441866,0.0,0.0,0.1378125,0.3773431642546531,0.5151556642546531,40219,,,6.433513693306677e-06,Information
563915,10399.0,856.6836329,AUS,Australia,New South Wales,0.430610146,0.40037945,0.81,0.26,,,,,,,,,,,,,,,,,,,,,,,,,,9.543303232172194,8.612202920000001,8.007589000000001,,,,,,,,,,,,,,,,,0.0,0.0,21.515625,2.5115018163349125,0.0,0.0,0.753046875,8.790256357172193,9.543303232172194,36173,,,0.0119332264891594,Information
563916,10400.0,8085.931994,AUS,Australia,New South Wales,2.421612706,2.803817966,0.81,0.26,,,,,,,,,,,,,,,,,,,,,,,,,,0.3853092483419056,48.43225412,56.07635932,,,,,,,,,,,,,,,,,0.0,0.0,4.921875,0.0608696066691159,0.0,0.0,0.172265625,0.2130436233419056,0.3853092483419056,37665,,,1.0890190955337864e-06,Information
563972,10409.0,10879.16386,AUS,Australia,Victoria,0.53127434,0.0,0.81,0.26,,,,,,,,,,,,,,,,,,,,,,,,,,16.454940451876233,10.6254868,0.0,,,,,,,,,,,,,,,,,0.0,0.0,244.96875,2.251724057678924,0.0,0.0,8.57390625,7.881034201876234,16.454940451876233,133319,,,0.0453029902064523,Information
563974,10411.0,5476.891848,AUS,Australia,Victoria,0.806982017,0.0,0.81,0.26,,,,,,,,,,,,,,,,,,,,,,,,,,4.089097754244324,16.13964034,0.0,,,,,,,,,,,,,,,,,0.0,0.0,41.34375,0.7548761440698069,0.0,0.0,1.44703125,2.642066504244324,4.089097754244324,1980132,,,0.0012604197219733,Information
564222,10444.0,280.988526,AUS,Australia,New South Wales,4.030233543,0.0,0.81,0.26,,,,,,,,,,,,,,,,,,,,,,,,,,9.18432078743832,80.60467086,0.0,,,,,,,,,,,,,,,,,0.0,0.0,7.171875,2.552372903553805,0.0,0.0,0.251015625,8.933305162438318,9.18432078743832,0,,,0.2273704918695238,Information
564224,10446.0,377.6480965,AUS,Australia,New South Wales,3.043411863,0.0,0.81,0.26,,,,,,,,,,,,,,,,,,,,,,,,,,2.164024643892672,60.86823726,0.0,,,,,,,,,,,,,,,,,0.0,0.0,2.25,0.5957927553979062,0.0,0.0,0.07875,2.085274643892672,2.164024643892672,0,,,0.0018960056565749,Information
564245,10457.0,8055.350076,AUS,Australia,Victoria,3.035442298,0.0,0.81,0.26,,,,,,,,,,,,,,,,,,,,,,,,,,6.92806123857077,60.70884596,0.0,,,,,,,,,,,,,,,,,0.0,0.0,88.3125,1.0963210681630773,0.0,0.0,3.0909375,3.8371237385707695,6.92806123857077,83355,,,0.0413332736060453,Information
564246,10458.0,17099.99532,AUS,Australia,Victoria,3.404000609,0.0,0.81,0.26,,,,,,,,,,,,,,,,,,,,,,,,,,8.541180961630978,68.08001218,0.0,,,,,,,,,,,,,,,,,0.0,0.0,153.984375,0.900493667608851,0.0,0.0,5.389453125,3.1517278366309784,8.541180961630978,118413,,,0.0936960814335901,Information
564249,10461.0,19410.49925,AUS,Australia,Victoria,2.080827979,0.0,0.81,0.26,,,,,,,,,,,,,,,,,,,,,,,,,,10.70158663862522,41.61655958,0.0,,,,,,,,,,,,,,,,,0.0,0.0,201.796875,1.039627432464349,0.0,0.0,7.062890625,3.6386960136252218,10.70158663862522,119367,,,0.0448823447402029,Information
564264,10467.0,4586.020491,AUS,Australia,New South Wales,2.56396535,0.0,0.81,0.26,,,,,,,,,,,,,,,,,,,,,,,,,,0.1408879719896054,51.279307,0.0,,,,,,,,,,,,,,,,,0.0,0.0,1.265625,0.0275974562827444,0.0,0.0,0.044296875,0.0965910969896054,0.1408879719896054,195,,,2.5192729912171723e-09,Information
564265,10468.0,2679.593459,AUS,Australia,New South Wales,2.695496271,0.0,0.81,0.26,,,,,,,,,,,,,,,,,,,,,,,,,,1.979638656463208,53.90992542,0.0,,,,,,,,,,,,,,,,,0.0,0.0,11.953125,0.4460797947037735,0.0,0.0,0.418359375,1.5612792814632073,1.979638656463208,1961,,,0.000822849461555,Information
564266,10469.0,14611.29725,AUS,Australia,New South Wales,0.472871107,0.0,0.81,0.26,,,,,,,,,,,,,,,,,,,,,,,,,,0.43110161827976,9.45742214,0.0,,,,,,,,,,,,,,,,,0.0,0.0,7.3125,0.0500468909370743,0.0,0.0,0.2559375,0.17516411827976,0.43110161827976,25238,,,4.4654839451585256e-08,Information
564267,10470.0,1217.082534,AUS,Australia,New South Wales,2.066284255,0.0,0.81,0.26,,,,,,,,,,,,,,,,,,,,,,,,,,0.2721709163346348,41.3256851,0.0,,,,,,,,,,,,,,,,,0.0,0.0,0.84375,0.0693256189527528,0.0,0.0,0.02953125,0.2426396663346348,0.2721709163346348,3036,,,3.8648459785116513e-08,Information
564268,10471.0,4763.31562,AUS,Australia,New South Wales,0.180932656,0.0,0.81,0.26,,,,,,,,,,,,,,,,,,,,,,,,,,0.2288212660920448,3.61865312,0.0,,,,,,,,,,,,,,,,,0.0,0.0,2.109375,0.0442837545977271,0.0,0.0,0.073828125,0.1549931410920448,0.2288212660920448,13306,,,7.557789958833374e-10,Information
564280,10474.0,3750.042979,AUS,Australia,New South Wales,3.404208082,0.0,0.81,0.26,,,,,,,,,,,,,,,,,,,,,,,,,,5.6305780677101325,68.08416163999999,0.0,,,,,,,,,,,,,,,,,0.0,0.0,43.875,1.1699865907743234,0.0,0.0,1.535625,4.094953067710132,5.6305780677101325,9517,,,0.0413801211256214,Information
564302,10478.0,4442.039618,AUS,Australia,New South Wales,2.15383648,0.0,0.81,0.26,,,,,,,,,,,,,,,,,,,,,,,,,,0.1600208909827125,43.07672959999999,0.0,,,,,,,,,,,,,,,,,0.0,0.0,1.40625,0.0316577545664893,0.0,0.0,0.04921875,0.1108021409827125,0.1600208909827125,25,,,2.125026222031021e-09,Information
564303,10479.0,19103.26022,AUS,Australia,New South Wales,3.21686712,0.0,0.81,0.26,,,,,,,,,,,,,,,,,,,,,,,,,,1.627138288156297,64.3373424,0.0,,,,,,,,,,,,,,,,,0.0,0.0,30.515625,0.159740403758942,0.0,0.0,1.068046875,0.559091413156297,1.627138288156297,1571,,,0.0010099816810854,Information
564306,10482.0,1441.253542,AUS,Australia,New South Wales,3.670854916,0.0,0.81,0.26,,,,,,,,,,,,,,,,,,,,,,,,,,0.1172155032879967,73.41709832000001,0.0,,,,,,,,,,,,,,,,,0.0,0.0,0.421875,0.0292713937965705,0.0,0.0,0.014765625,0.1024498782879967,0.1172155032879967,4,,,2.9138416530139617e-08,Information
564308,10484.0,1575.909501,AUS,Australia,New South Wales,1.696383365,0.0,0.81,0.26,,,,,,,,,,,,,,,,,,,,,,,,,,0.3976922373892555,33.9276673,0.0,,,,,,,,,,,,,,,,,0.0,0.0,1.546875,0.0981576035397873,0.0,0.0,0.054140625,0.3435516123892555,0.3976922373892555,1,,,1.5868651913066486e-07,Information
564401,10486.0,7742.12362,AUS,Australia,New South Wales,4.007423968,0.0,0.81,0.26,,,,,,,,,,,,,,,,,,,,,,,,,,0.6993068280479767,80.14847936000001,0.0,,,,,,,,,,,,,,,,,0.0,0.0,8.71875,0.1126144508708505,0.0,0.0,0.30515625,0.3941505780479767,0.6993068280479767,1424,,,0.0004100113890195,Information
564403,10488.0,1592.983386,AUS,Australia,Queensland,3.607713197,0.0,0.81,0.26,,,,,,,,,,,,,,,,,,,,,,,,,,0.3223718090941838,72.15426393999999,0.0,,,,,,,,,,,,,,,,,0.0,0.0,1.265625,0.0794499811697668,0.0,0.0,0.044296875,0.2780749340941838,0.3223718090941838,176,,,4.12234323142918e-06,Information
564404,10489.0,6765.990484,AUS,Australia,Queensland,1.147084028,0.0,0.81,0.26,,,,,,,,,,,,,,,,,,,,,,,,,,0.2073372499281471,22.94168056,0.0,,,,,,,,,,,,,,,,,0.0,0.0,2.390625,0.0353329642651849,0.0,0.0,0.083671875,0.1236653749281471,0.2073372499281471,323,,,1.6296859477995982e-09,Information
564622,10498.0,3883.082443,AUS,Australia,New South Wales,0.02524539,0.0,0.81,0.26,,,,,,,,,,,,,,,,,,,,,,,,,,0.175970501283025,0.5049078,0.0,,,,,,,,,,,,,,,,,0.0,0.0,1.40625,0.0362147860808643,0.0,0.0,0.04921875,0.126751751283025,0.175970501283025,2045,,,1.16725835485454e-10,Information
564626,10502.0,2716.317936,AUS,Australia,New South Wales,2.940641304,0.0,0.81,0.26,,,,,,,,,,,,,,,,,,,,,,,,,,0.9677443547337224,58.81282608,0.0,,,,,,,,,,,,,,,,,0.0,0.0,5.90625,0.2174358870667778,0.0,0.0,0.20671875,0.7610256047337223,0.9677443547337224,45,,,8.809548778245767e-05,Information
564627,10503.0,697.8430626,AUS,Australia,New South Wales,2.759292705,0.0,0.81,0.26,,,,,,,,,,,,,,,,,,,,,,,,,,0.5281619092040564,55.1858541,0.0,,,,,,,,,,,,,,,,,0.0,0.0,0.984375,0.1410596526297304,0.0,0.0,0.034453125,0.4937087842040563,0.5281619092040564,23,,,4.479665586333524e-06,Information
564629,10505.0,7162.861387,AUS,Australia,New South Wales,0.756286802,0.0,0.81,0.26,,,,,,,,,,,,,,,,,,,,,,,,,,0.3420044254617291,15.12573604,0.0,,,,,,,,,,,,,,,,,0.0,0.0,4.078125,0.0569343001319226,0.0,0.0,0.142734375,0.1992700504617291,0.3420044254617291,2767,,,1.7528211288499595e-08,Information
564645,10511.0,5803.040357,AUS,Australia,New South Wales,3.428395928,0.0,0.81,0.26,,,,,,,,,,,,,,,,,,,,,,,,,,1.3001317746438588,68.56791856,0.0,,,,,,,,,,,,,,,,,0.0,0.0,13.640625,0.2350599713268168,0.0,0.0,0.477421875,0.8227098996438588,1.3001317746438588,8680,,,0.0007228615693293,Information
564646,10512.0,4816.989994,AUS,Australia,New South Wales,0.861162993,0.0,0.81,0.26,,,,,,,,,,,,,,,,,,,,,,,,,,0.5904449741760003,17.22325986,0.0,,,,,,,,,,,,,,,,,0.0,0.0,5.484375,0.1138548140502858,0.0,0.0,0.191953125,0.3984918491760003,0.5904449741760003,4546,,,3.845962257726165e-07,Information
564648,10514.0,5055.49551,AUS,Australia,New South Wales,1.846600958,0.0,0.81,0.26,,,,,,,,,,,,,,,,,,,,,,,,,,1.1872629720033032,36.93201916,0.0,,,,,,,,,,,,,,,,,0.0,0.0,11.390625,0.2253117420009438,0.0,0.0,0.398671875,0.7885910970033033,1.1872629720033032,20860,,,3.555177520449752e-05,Information
564649,10515.0,8695.222651,AUS,Australia,New South Wales,1.0784162,0.0,0.81,0.26,,,,,,,,,,,,,,,,,,,,,,,,,,0.8465848678347423,21.568324,0.0,,,,,,,,,,,,,,,,,0.0,0.0,11.25,0.1293813908099264,0.0,0.0,0.39375,0.4528348678347423,0.8465848678347423,72652,,,2.9663638489659918e-06,Information
564662,10518.0,3075.769253,AUS,Australia,New South Wales,0.456621126,0.0,0.81,0.26,,,,,,,,,,,,,,,,,,,,,,,,,,16.864719351933253,9.13242252,0.0,,,,,,,,,,,,,,,,,0.0,0.0,113.34375,3.685053743409501,0.0,0.0,3.96703125,12.897688101933252,16.864719351933253,427,,,0.0460734989994128,Information
564663,10519.0,13590.66314,AUS,Australia,New South Wales,2.755422061,0.0,0.81,0.26,,,,,,,,,,,,,,,,,,,,,,,,,,11.456682000550986,55.10844122,0.0,,,,,,,,,,,,,,,,,0.0,0.0,188.578125,1.3875564644431386,0.0,0.0,6.600234375,4.856447625550985,11.456682000550986,12702,,,0.0860202403885392,Information
564664,10520.0,4332.691835,AUS,Australia,New South Wales,1.830633295,0.0,0.81,0.26,,,,,,,,,,,,,,,,,,,,,,,,,,3.989023792974516,36.6126659,0.0,,,,,,,,,,,,,,,,,0.0,0.0,34.453125,0.7951898337070046,0.0,0.0,1.205859375,2.783164417974516,3.989023792974516,2057,,,0.0028398855059593,Information
564665,10521.0,776.3048717,AUS,Australia,New South Wales,1.501048477,0.0,0.81,0.26,,,,,,,,,,,,,,,,,,,,,,,,,,0.1366463807496224,30.020969540000003,0.0,,,,,,,,,,,,,,,,,0.0,0.0,0.28125,0.0362293230713207,0.0,0.0,0.00984375,0.1268026307496224,0.1366463807496224,7356,,,2.2081640182056304e-10,Information
564666,10522.0,6619.132886,AUS,Australia,New South Wales,0.700390744,0.0,0.81,0.26,,,,,,,,,,,,,,,,,,,,,,,,,,5.857552392670906,14.00781488,0.0,,,,,,,,,,,,,,,,,0.0,0.0,66.65625,1.007023897905973,0.0,0.0,2.33296875,3.524583642670905,5.857552392670906,10513,,,0.0036099817279015,Information
564667,10523.0,292.6648763,AUS,Australia,New South Wales,3.596981598,0.0,0.81,0.26,,,,,,,,,,,,,,,,,,,,,,,,,,1.2116741647830829,71.93963196,0.0,,,,,,,,,,,,,,,,,0.0,0.0,0.984375,0.3363488685094523,0.0,0.0,0.034453125,1.177221039783083,1.2116741647830829,522,,,0.0008379729864278,Information
564668,10524.0,4694.977668,AUS,Australia,New South Wales,1.5303242,0.0,0.81,0.26,,,,,,,,,,,,,,,,,,,,,,,,,,0.2772927306384112,30.606484,0.0,,,,,,,,,,,,,,,,,0.0,0.0,2.53125,0.0539139944681175,0.0,0.0,0.08859375,0.1886989806384112,0.2772927306384112,50643,,,1.6712870917578087e-08,Information
564669,10525.0,5749.226704,AUS,Australia,New South Wales,2.282669991,0.0,0.81,0.26,,,,,,,,,,,,,,,,,,,,,,,,,,2.8988039215484984,45.65339982,0.0,,,,,,,,,,,,,,,,,0.0,0.0,30.234375,0.5258859418709996,0.0,0.0,1.058203125,1.8406007965484985,2.8988039215484984,5874,,,0.0016889079955936,Information
564700,10537.0,15610.90155,AUS,Australia,New South Wales,1.323918746,0.0,0.81,0.26,,,,,,,,,,,,,,,,,,,,,,,,,,2.955347451825848,26.47837492,0.0,,,,,,,,,,,,,,,,,0.0,0.0,51.46875,0.3296974862359565,0.0,0.0,1.80140625,1.1539412018258477,2.955347451825848,719,,,0.0006545818964951,Information
566940,10724.0,10205.25655,AUS,Australia,Western Australia,0.139863632,0.0,0.81,0.26,,,,,,,,,,,,,,,,,,,,,,,,,,0.4774931020550138,2.79727264,0.0,,,,,,,,,,,,,,,,,0.0,0.0,6.890625,0.0675203505871468,0.0,0.0,0.241171875,0.2363212270550138,0.4774931020550138,58,,,5.303531155593093e-08,Information
567014,10733.0,14757.2632,AUS,Australia,Northern Territory,1.00502362,0.0,0.81,0.26,,,,,,,,,,,,,,,,,,,,,,,,,,14.780203766608915,20.1004724,0.0,,,,,,,,,,,,,,,,,0.0,0.0,251.71875,1.7057278618882616,0.0,0.0,8.81015625,5.970047516608916,14.780203766608915,0,,,0.0457554272678591,Information
567015,10734.0,4383.987528,AUS,Australia,Northern Territory,0.663514225,0.0,0.81,0.26,,,,,,,,,,,,,,,,,,,,,,,,,,16.859359301725718,13.2702845,0.0,,,,,,,,,,,,,,,,,0.0,0.0,146.8125,3.3488348004930626,0.0,0.0,5.1384375,11.72092180172572,16.859359301725718,7,,,0.0507222571788701,Information
567017,10736.0,9846.550766,AUS,Australia,Northern Territory,1.333206631,0.0,0.81,0.26,,,,,,,,,,,,,,,,,,,,,,,,,,0.1984090558630988,26.66413262,0.0,,,,,,,,,,,,,,,,,0.0,0.0,2.8125,0.0285633016751711,0.0,0.0,0.0984375,0.0999715558630988,0.1984090558630988,28,,,1.6850326917608875e-09,Information
567023,10741.0,4357.117124,AUS,Australia,Northern Territory,0.292427062,0.0,0.81,0.26,,,,,,,,,,,,,,,,,,,,,,,,,,19.656274507044905,5.84854124,0.0,,,,,,,,,,,,,,,,,0.0,0.0,170.4375,3.9117034305842577,0.0,0.0,5.9653125,13.690962007044902,19.656274507044905,8,,,0.0586148512480308,Information
567028,10746.0,5395.184344,AUS,Australia,Northern Territory,1.116352845,0.0,0.81,0.26,,,,,,,,,,,,,,,,,,,,,,,,,,0.2387580957188087,22.3270569,0.0,,,,,,,,,,,,,,,,,0.0,0.0,2.390625,0.0443103487768025,0.0,0.0,0.083671875,0.1550862207188087,0.2387580957188087,3,,,3.629687207363959e-09,Information
567029,10747.0,5032.834951,AUS,Australia,Northern Territory,0.4079687,0.0,0.81,0.26,,,,,,,,,,,,,,,,,,,,,,,,,,1.087903817277016,8.159374,0.0,,,,,,,,,,,,,,,,,0.0,0.0,10.40625,0.2067671620791474,0.0,0.0,0.36421875,0.7236850672770159,1.087903817277016,0,,,4.586506478840016e-06,Information
567372,10799.0,6880.603711,AUS,Australia,Western Australia,3.085665931,0.0,0.81,0.26,,,,,,,,,,,,,,,,,,,,,,,,,,0.2052773016692587,61.71331862,0.0,,,,,,,,,,,,,,,,,0.0,0.0,2.390625,0.0347444076197882,0.0,0.0,0.083671875,0.1216054266692586,0.2052773016692587,2,,,8.544744378697499e-08,Information
567590,10825.0,13770.23588,AUS,Australia,Western Australia,3.699243662,0.0,0.81,0.26,,,,,,,,,,,,,,,,,,,,,,,,,,0.1699232035487626,73.98487324,0.0,,,,,,,,,,,,,,,,,0.0,0.0,2.8125,0.0204244867282179,0.0,0.0,0.0984375,0.0714857035487626,0.1699232035487626,0,,,2.438535631214772e-07,Information
567813,10842.0,6212.690036,AUS,Australia,Northern Territory,3.289019508,0.0,0.81,0.26,,,,,,,,,,,,,,,,,,,,,,,,,,10.570750160603826,65.78039016,0.0,,,,,,,,,,,,,,,,,0.0,0.0,115.734375,1.8628705816010929,0.0,0.0,4.050703125,6.520047035603825,10.570750160603826,0,,,0.120055759066658,Information
567816,10845.0,27358.69063,AUS,Australia,Northern Territory,0.039021749,0.0,0.81,0.26,,,,,,,,,,,,,,,,,,,,,,,,,,1.371061971361342,0.78043498,0.0,,,,,,,,,,,,,,,,,0.0,0.0,28.6875,0.1048569918175263,0.0,0.0,1.0040625,0.366999471361342,1.371061971361342,3864,,,9.2714778311787e-06,Information
567840,10859.0,6999.482426,AUS,Australia,Northern Territory,3.903523104,0.0,0.81,0.26,,,,,,,,,,,,,,,,,,,,,,,,,,5.116160026885206,78.07046208,0.0,,,,,,,,,,,,,,,,,0.0,0.0,60.1875,0.8598850076814876,0.0,0.0,2.1065625,3.0095975268852064,5.116160026885206,0,,,0.0727750826115942,Information
567903,10863.0,5316.014919,AUS,Australia,Northern Territory,1.155198077,0.0,0.81,0.26,,,,,,,,,,,,,,,,,,,,,,,,,,7.742528490668838,23.10396154,0.0,,,,,,,,,,,,,,,,,0.0,0.0,76.78125,1.4443384973339537,0.0,0.0,2.68734375,5.055184740668838,7.742528490668838,15,,,0.0108457750876589,Information
567904,10864.0,17503.58982,AUS,Australia,Northern Territory,0.23329578,0.0,0.81,0.26,,,,,,,,,,,,,,,,,,,,,,,,,,2.93110951119221,4.6659156,0.0,,,,,,,,,,,,,,,,,0.0,0.0,53.296875,0.3044911103406314,0.0,0.0,1.865390625,1.06571888619221,2.93110951119221,0,,,0.0002488359207684,Information
568203,10874.0,10556.51349,AUS,Australia,South Australia,3.319787216,0.0,0.81,0.26,,,,,,,,,,,,,,,,,,,,,,,,,,11.021922950927962,66.39574432,0.0,,,,,,,,,,,,,,,,,0.0,0.0,161.71875,1.531933343122275,0.0,0.0,5.66015625,5.361766700927962,11.021922950927962,0,,,0.1324752625461373,Information
568205,10876.0,7787.235709,AUS,Australia,South Australia,4.035733672,0.0,0.81,0.26,,,,,,,,,,,,,,,,,,,,,,,,,,0.2923001697511357,80.71467344,0.0,,,,,,,,,,,,,,,,,0.0,0.0,3.65625,0.0469518342146102,0.0,0.0,0.12796875,0.1643314197511357,0.2923001697511357,1,,,1.3989670109866669e-05,Information
568208,10879.0,15045.3058,AUS,Australia,New South Wales,0.246123217,0.0,0.81,0.26,,,,,,,,,,,,,,,,,,,,,,,,,,3.760699087370548,4.92246434,0.0,,,,,,,,,,,,,,,,,0.0,0.0,64.546875,0.4290167035344421,0.0,0.0,2.259140625,1.5015584623705474,3.760699087370548,106,,,0.0006187609194381,Information
568230,10891.0,11211.36913,AUS,Australia,Queensland,2.677961217,0.0,0.81,0.26,,,,,,,,,,,,,,,,,,,,,,,,,,2.09518872353997,53.55922434,0.0,,,,,,,,,,,,,,,,,0.0,0.0,31.640625,0.2822190995828486,0.0,0.0,1.107421875,0.98776684853997,2.09518872353997,23,,,0.0009724025223587,Information
568240,10892.0,16914.72185,AUS,Australia,Queensland,1.444929557,0.0,0.81,0.26,,,,,,,,,,,,,,,,,,,,,,,,,,10.314338738626793,28.89859114,0.0,,,,,,,,,,,,,,,,,0.0,0.0,185.203125,1.09492267532194,0.0,0.0,6.482109375,3.8322293636267903,10.314338738626793,91,,,0.0267679945838097,Information
568281,10896.0,3025.372157,AUS,Australia,Queensland,2.391478842,0.0,0.81,0.26,,,,,,,,,,,,,,,,,,,,,,,,,,0.6145255053776517,47.82957684,0.0,,,,,,,,,,,,,,,,,0.0,0.0,4.078125,0.1347974658221862,0.0,0.0,0.142734375,0.4717911303776517,0.6145255053776517,12,,,4.468346679657838e-06,Information
568286,10901.0,2365.828211,AUS,Australia,Queensland,0.580395687,0.0,0.81,0.26,,,,,,,,,,,,,,,,,,,,,,,,,,0.9775842121692944,11.60791374,0.0,,,,,,,,,,,,,,,,,0.0,0.0,5.34375,0.2258722749055127,0.0,0.0,0.18703125,0.7905529621692945,0.9775842121692944,31,,,3.327201695099183e-06,Information
568402,10918.0,20964.49994,AUS,Australia,Northern Territory,0.359557565,0.0,0.81,0.26,,,,,,,,,,,,,,,,,,,,,,,,,,0.4289060323748109,7.1911513000000005,0.0,,,,,,,,,,,,,,,,,0.0,0.0,8.296875,0.0395758306785174,0.0,0.0,0.290390625,0.1385154073748109,0.4289060323748109,328,,,3.7856098157226523e-08,Information
568405,10921.0,53528.15099,AUS,Australia,Northern Territory,0.30797304,0.0,0.81,0.26,,,,,,,,,,,,,,,,,,,,,,,,,,4.199943455815006,6.1594608,0.0,,,,,,,,,,,,,,,,,0.0,0.0,101.109375,0.1888900945185731,0.0,0.0,3.538828125,0.6611153308150058,4.199943455815006,1602,,,0.0009464986635124,Information
568407,10923.0,31363.7802,AUS,Australia,Northern Territory,0.005371541,0.0,0.81,0.26,,,,,,,,,,,,,,,,,,,,,,,,,,0.7010454184109278,0.10743082,0.0,,,,,,,,,,,,,,,,,0.0,0.0,15.1875,0.0484236909745508,0.0,0.0,0.5315625,0.1694829184109278,0.7010454184109278,27061,,,3.537784416349968e-07,Information
568409,10925.0,10837.22876,AUS,Australia,Northern Territory,0.779041265,0.0,0.81,0.26,,,,,,,,,,,,,,,,,,,,,,,,,,0.12302564506673,15.5808253,0.0,,,,,,,,,,,,,,,,,0.0,0.0,1.828125,0.01686893430478,0.0,0.0,0.063984375,0.0590412700667299,0.12302564506673,15,,,3.263176740669957e-11,Information
568490,10943.0,17192.97941,AUS,Australia,South Australia,2.922054879,0.0,0.81,0.26,,,,,,,,,,,,,,,,,,,,,,,,,,0.3035993501606198,58.441097580000005,0.0,,,,,,,,,,,,,,,,,0.0,0.0,5.484375,0.0318989214744628,0.0,0.0,0.191953125,0.1116462251606198,0.3035993501606198,392,,,4.34586159934802e-07,Information
568500,10944.0,19251.66636,AUS,Australia,South Australia,3.064826245,0.0,0.81,0.26,,,,,,,,,,,,,,,,,,,,,,,,,,43.42000768695523,61.2965249,0.0,,,,,,,,,,,,,,,,,0.0,0.0,816.46875,4.241028981987209,0.0,0.0,28.57640625,14.84360143695523,43.42000768695523,5,,,0.5457738521918575,Advisory
568646,10955.0,3867.35292,AUS,Australia,Queensland,1.031127199,0.0,0.81,0.26,,,,,,,,,,,,,,,,,,,,,,,,,,0.68829553020884,20.62254398,0.0,,,,,,,,,,,,,,,,,0.0,0.0,5.484375,0.1418121157739543,0.0,0.0,0.191953125,0.4963424052088401,0.68829553020884,14,,,1.028453285496045e-06,Information
568647,10956.0,2610.900978,AUS,Australia,Queensland,1.196029838,0.0,0.81,0.26,,,,,,,,,,,,,,,,,,,,,,,,,,0.6894206576552336,23.92059676,0.0,,,,,,,,,,,,,,,,,0.0,0.0,4.078125,0.1561960807586382,0.0,0.0,0.142734375,0.5466862826552337,0.6894206576552336,11,,,1.2775603712955844e-06,Information
568706,10969.0,17270.11709,AUS,Australia,Northern Territory,1.620407066,0.0,0.81,0.26,,,,,,,,,,,,,,,,,,,,,,,,,,0.5984295431593468,32.40814132,0.0,,,,,,,,,,,,,,,,,0.0,0.0,10.828125,0.0626986194740991,0.0,0.0,0.378984375,0.2194451681593468,0.5984295431593468,18,,,1.1396764113108962e-06,Information
568730,10975.0,17763.41565,AUS,Australia,Queensland,1.408025579,0.0,0.81,0.26,,,,,,,,,,,,,,,,,,,,,,,,,,35.24011269091697,28.16051158,0.0,,,,,,,,,,,,,,,,,0.0,0.0,644.203125,3.626572375976277,0.0,0.0,22.547109375,12.69300331591697,35.24011269091697,129,,,0.2381552054367881,Advisory
568770,10979.0,7424.068435,AUS,Australia,Queensland,2.201158127,0.0,0.81,0.26,,,,,,,,,,,,,,,,,,,,,,,,,,0.1732724197884963,44.02316254,0.0,,,,,,,,,,,,,,,,,0.0,0.0,2.109375,0.0284126556538561,0.0,0.0,0.073828125,0.0994442947884963,0.1732724197884963,0,,,3.78355008992874e-09,Information
568780,10980.0,25327.95973,AUS,Australia,Northern Territory,2.07905986,0.0,0.81,0.26,,,,,,,,,,,,,,,,,,,,,,,,,,0.7139737894578044,41.581197200000005,0.0,,,,,,,,,,,,,,,,,0.0,0.0,14.625,0.0577425112736584,0.0,0.0,0.511875,0.2020987894578044,0.7139737894578044,3,,,5.300262010472667e-06,Information
568795,10985.0,1093.081025,AUS,Australia,Queensland,4.0161302,0.0,0.81,0.26,,,,,,,,,,,,,,,,,,,,,,,,,,1.0988871383709893,80.322604,0.0,,,,,,,,,,,,,,,,,0.0,0.0,3.09375,0.2830302538202827,0.0,0.0,0.10828125,0.9906058883709894,1.0988871383709893,12,,,0.0019559956704617,Information
568797,10987.0,4035.950737,AUS,Australia,Queensland,1.21317096,0.0,0.81,0.26,,,,,,,,,,,,,,,,,,,,,,,,,,0.3594560960129471,24.2634192,0.0,,,,,,,,,,,,,,,,,0.0,0.0,2.953125,0.0731704917179849,0.0,0.0,0.103359375,0.2560967210129471,0.3594560960129471,5,,,4.38740749557356e-08,Information
568801,10990.0,881.6604666,AUS,Australia,Northern Territory,1.376020371,0.0,0.81,0.26,,,,,,,,,,,,,,,,,,,,,,,,,,0.1822408102909453,27.52040742,0.0,,,,,,,,,,,,,,,,,0.0,0.0,0.421875,0.0478500529402701,0.0,0.0,0.014765625,0.1674751852909453,0.1822408102909453,450,,,1.0770982535044232e-09,Information
568802,10991.0,4933.697611,AUS,Australia,Queensland,0.085985431,0.0,0.81,0.26,,,,,,,,,,,,,,,,,,,,,,,,,,0.3873457124634719,1.71970862,0.0,,,,,,,,,,,,,,,,,0.0,0.0,3.65625,0.074107703560992,0.0,0.0,0.12796875,0.2593769624634719,0.3873457124634719,1,,,1.5449833827280462e-08,Information
568804,10993.0,31611.27698,AUS,Australia,Northern Territory,1.114785772,0.0,0.81,0.26,,,,,,,,,,,,,,,,,,,,,,,,,,1.6521130584299375,22.29571544,0.0,,,,,,,,,,,,,,,,,0.0,0.0,35.859375,0.1134385524085536,0.0,0.0,1.255078125,0.3970349334299376,1.6521130584299375,247,,,5.88530189167942e-05,Information
568805,10994.0,1821.068553,AUS,Australia,Northern Territory,3.116228913,0.0,0.81,0.26,,,,,,,,,,,,,,,,,,,,,,,,,,0.6070362436938863,62.32457826,0.0,,,,,,,,,,,,,,,,,0.0,0.0,2.671875,0.1467201767696818,0.0,0.0,0.093515625,0.5135206186938863,0.6070362436938863,0,,,1.8282711956207963e-05,Information
568807,10996.0,5290.304386,AUS,Australia,Northern Territory,2.83264551,0.0,0.81,0.26,,,,,,,,,,,,,,,,,,,,,,,,,,0.4552144385160708,56.6529102,0.0,,,,,,,,,,,,,,,,,0.0,0.0,4.5,0.0850612681474488,0.0,0.0,0.1575,0.2977144385160708,0.4552144385160708,0,,,2.604041938702162e-06,Information
568809,10998.0,3574.900836,AUS,Australia,Northern Territory,0.419483758,0.0,0.81,0.26,,,,,,,,,,,,,,,,,,,,,,,,,,0.2803460911801126,8.38967516,0.0,,,,,,,,,,,,,,,,,0.0,0.0,2.109375,0.0590051331943179,0.0,0.0,0.073828125,0.2065179661801126,0.2803460911801126,2,,,3.5345570212494313e-09,Information
568901,11000.0,1519.24929,AUS,Australia,Northern Territory,1.902003831,0.0,0.81,0.26,,,,,,,,,,,,,,,,,,,,,,,,,,1.6420198063976652,38.04007662,0.0,,,,,,,,,,,,,,,,,0.0,0.0,6.1875,0.4072735161136186,0.0,0.0,0.2165625,1.4254573063976652,1.6420198063976652,0,,,0.0001414030883093,Information
569001,11009.0,66164.88762,AUS,Australia,Tasmania,2.967738005,0.172527107,0.81,0.26,,,,,,,,,,,,,,,,,,,,,,,,,,45.67616866625529,59.35476010000001,3.4505421400000005,,,,,,,,,,,,,,,,,0.0,0.0,2018.25,3.050333904644369,0.0,0.0,35.0,10.676168666255291,45.67616866625529,489113,,,0.5464491074382127,Advisory
569002,11010.0,1158.141531,AUS,Australia,Tasmania,2.207490583,0.0,0.81,0.26,,,,,,,,,,,,,,,,,,,,,,,,,,41.7725,44.14981166,0.0,,,,,,,,,,,,,,,,,0.0,0.0,193.5,16.707802523015673,0.0,0.0,6.7725,35.0,41.7725,1569,,,0.3857418618793949,Advisory
573000,11045.0,1913.135529,NZL,New Zealand,Southland,0.624371362,0.0,0.81,0.26,,,,,,,,,,,,,,,,,,,,,,,,,,42.653515625,12.48742724,0.0,,,,,,,,,,,,,,,,,0.0,0.0,218.671875,11.430025299313437,0.0,0.0,7.653515625,35.0,42.653515625,380,,,0.2361712819046376,Advisory
611003,11048.0,444.1396751,COL,Colombia,Antioquia,4.070313879,2.984546445,0.58,0.58,,,,,,,,,,,,,,,,,,,,,,,,,,6.018482805904741,81.40627758000001,59.6909289,,,,,,,,,,,,,,,,,0.0,0.0,7.3125,1.6464415159727832,0.0,0.0,0.2559375,5.762545305904741,6.018482805904741,7842,,,0.1296623209041703,Information
612092,11072.0,6661.280998,COL,Colombia,Santander,0.903357189,0.0,0.58,0.58,,,,,,,,,,,,,,,,,,,,,,,,,,1.9204624185236887,18.06714378,0.0,,,,,,,,,,,,,,,,,0.0,0.0,21.9375,0.3293285481496255,0.0,0.0,0.7678125,1.1526499185236891,1.9204624185236887,195210,,,8.724902182536566e-05,Information
612094,11074.0,5700.916814,COL,Colombia,Antioquia,0.141321771,0.0,0.58,0.58,,,,,,,,,,,,,,,,,,,,,,,,,,4.364824236802697,2.82643542,0.0,,,,,,,,,,,,,,,,,0.0,0.0,45.28125,0.7942801390864849,0.0,0.0,1.58484375,2.779980486802697,4.364824236802697,666961,,,0.0009581046237842,Information
612096,11076.0,5918.385,COL,Colombia,Cundinamarca,0.616776992,0.0,0.58,0.58,,,,,,,,,,,,,,,,,,,,,,,,,,0.6619060873015111,12.33553984,0.0,,,,,,,,,,,,,,,,,0.0,0.0,7.03125,0.1188035249432889,0.0,0.0,0.24609375,0.4158123373015111,0.6619060873015111,13138811,,,5.141391271398756e-07,Information
612097,11077.0,4217.443759,COL,Colombia,Tolima,1.840103264,0.0,0.58,0.58,,,,,,,,,,,,,,,,,,,,,,,,,,0.5143568082997351,36.80206528,0.0,,,,,,,,,,,,,,,,,0.0,0.0,4.359375,0.1033653380856386,0.0,0.0,0.152578125,0.361778683299735,0.5143568082997351,563767,,,7.504730259769773e-07,Information
613032,11090.0,4899.535295,VEN,Venezuela,Techira,4.029704888,0.0,0.54,0.64,,,,,,,,,,,,,,,,,,,,,,,,,,4.26572910936099,80.59409776000001,0.0,,,,,,,,,,,,,,,,,0.0,0.0,40.078125,0.8179984955317113,0.0,0.0,1.402734375,2.86299473436099,4.26572910936099,249575,,,0.0648907427289023,Information
613033,11091.0,9897.076988,VEN,Venezuela,Mérida,1.071806492,0.405167028,0.54,0.64,,,,,,,,,,,,,,,,,,,,,,,,,,6.847294482598182,21.436129840000003,8.10334056,,,,,,,,,,,,,,,,,0.0,0.0,97.3125,0.9832448521709092,0.0,0.0,3.4059375,3.4413569825981822,6.847294482598182,1009784,,,0.0073424455231251,Information
613034,11092.0,4987.674628,VEN,Venezuela,Trujillo,3.19605677,0.01142352,0.54,0.64,,,,,,,,,,,,,,,,,,,,,,,,,,0.9465568345939444,63.9211354,0.2284704,,,,,,,,,,,,,,,,,0.0,0.0,9.0,0.1804448098839841,0.0,0.0,0.315,0.6315568345939443,0.9465568345939444,601615,,,0.0001359850849872,Information
613038,11095.0,4226.742881,VEN,Venezuela,Falcón,1.722290522,0.0,0.54,0.64,,,,,,,,,,,,,,,,,,,,,,,,,,2.0376770025858626,34.44581044,0.0,,,,,,,,,,,,,,,,,0.0,0.0,17.296875,0.4092246793102465,0.0,0.0,0.605390625,1.4322863775858627,2.0376770025858626,19986,,,0.0002591976202617,Information
613039,11096.0,1579.578442,VEN,Venezuela,Falcón,3.464697679,0.0,0.54,0.64,,,,,,,,,,,,,,,,,,,,,,,,,,11.618177375788369,69.29395358,0.0,,,,,,,,,,,,,,,,,0.0,0.0,45.28125,2.866666750225248,0.0,0.0,1.58484375,10.033333625788368,11.618177375788369,36165,,,0.1655529609448849,Information
613060,11099.0,22368.17294,VEN,Venezuela,Guárico,1.619475263,0.0,0.54,0.64,,,,,,,,,,,,,,,,,,,,,,,,,,2.7848064181389334,32.38950526,0.0,,,,,,,,,,,,,,,,,0.0,0.0,54.984375,0.2458152266111238,0.0,0.0,1.924453125,0.8603532931389333,2.7848064181389334,452195,,,0.0007123865172169,Information
615420,11140.0,19507.21428,VEN,Venezuela,Guárico,1.506646749,0.0,0.54,0.64,,,,,,,,,,,,,,,,,,,,,,,,,,1.7197903813297652,30.13293498,0.0,,,,,,,,,,,,,,,,,0.0,0.0,32.484375,0.1665249303799329,0.0,0.0,1.136953125,0.5828372563297651,1.7197903813297652,610258,,,0.0001059492008473,Information
615430,11141.0,1332.756068,VEN,Venezuela,Barinas,3.433588193,0.0,0.54,0.64,,,,,,,,,,,,,,,,,,,,,,,,,,2.218152094985434,68.67176386,0.0,,,,,,,,,,,,,,,,,0.0,0.0,7.453125,0.5592264914244097,0.0,0.0,0.260859375,1.957292719985434,2.218152094985434,68452,,,0.0040503287217359,Information
615444,11145.0,4916.811685,VEN,Venezuela,Guárico,2.599636268,0.0,0.54,0.64,,,,,,,,,,,,,,,,,,,,,,,,,,2.1950294255874736,51.99272536,0.0,,,,,,,,,,,,,,,,,0.0,0.0,20.671875,0.4204325144535639,0.0,0.0,0.723515625,1.4715138005874735,2.1950294255874736,32433,,,0.0010172233034027,Information
615445,11146.0,528.3508775,VEN,Venezuela,Guárico,3.711418848,0.0,0.54,0.64,,,,,,,,,,,,,,,,,,,,,,,,,,0.1961545979473381,74.22837696,0.0,,,,,,,,,,,,,,,,,0.0,0.0,0.28125,0.0532316708420966,0.0,0.0,0.00984375,0.1863108479473381,0.1961545979473381,3092,,,5.354920627440532e-07,Information
615446,11147.0,8233.407684,VEN,Venezuela,Cojedes,0.582321595,0.0,0.54,0.64,,,,,,,,,,,,,,,,,,,,,,,,,,0.5994893765706832,11.6464319,0.0,,,,,,,,,,,,,,,,,0.0,0.0,7.734375,0.0939389290201952,0.0,0.0,0.270703125,0.3287862515706832,0.5994893765706832,398009,,,2.972064405776131e-07,Information
615447,11148.0,1187.124752,VEN,Venezuela,Cojedes,4.068999311,0.0,0.54,0.64,,,,,,,,,,,,,,,,,,,,,,,,,,0.7884998626445885,81.37998621999999,0.0,,,,,,,,,,,,,,,,,0.0,0.0,2.390625,0.201379425041311,0.0,0.0,0.083671875,0.7048279876445885,0.7884998626445885,361,,,0.0007838244049518,Information
615448,11149.0,14095.65851,VEN,Venezuela,Cojedes,0.362943097,0.0,0.54,0.64,,,,,,,,,,,,,,,,,,,,,,,,,,0.6730913303316328,7.25886194,0.0,,,,,,,,,,,,,,,,,0.0,0.0,11.25,0.0798118086661808,0.0,0.0,0.39375,0.2793413303316328,0.6730913303316328,2371557,,,4.203236396861734e-07,Information
615450,11151.0,402.3498305,VEN,Venezuela,Barinas,4.014137732,0.0,0.54,0.64,,,,,,,,,,,,,,,,,,,,,,,,,,6.2352560452233705,80.28275464000001,0.0,,,,,,,,,,,,,,,,,0.0,0.0,6.890625,1.7125954772066774,0.0,0.0,0.241171875,5.9940841702233705,6.2352560452233705,1176,,,0.1248097634167065,Information
615460,11152.0,7528.840815,VEN,Venezuela,Portuguesa,2.021255611,0.0,0.54,0.64,,,,,,,,,,,,,,,,,,,,,,,,,,1.0084127642569674,40.42511222,0.0,,,,,,,,,,,,,,,,,0.0,0.0,12.375,0.1643679326448478,0.0,0.0,0.433125,0.5752877642569674,1.0084127642569674,27801,,,2.26288739118826e-05,Information
615470,11153.0,27503.47365,VEN,Venezuela,Barinas,2.610890775,0.0,0.54,0.64,,,,,,,,,,,,,,,,,,,,,,,,,,2.275171950124564,52.2178155,0.0,,,,,,,,,,,,,,,,,0.0,0.0,47.671875,0.1733303786070184,0.0,0.0,1.668515625,0.6066563251245644,2.275171950124564,898890,,,0.0011649605282007,Information
615490,11155.0,13649.55055,VEN,Venezuela,Techira,1.154970074,0.0,0.54,0.64,,,,,,,,,,,,,,,,,,,,,,,,,,1.705552592091045,23.09940148,0.0,,,,,,,,,,,,,,,,,0.0,0.0,28.125,0.2060507405974414,0.0,0.0,0.984375,0.7211775920910449,1.705552592091045,906328,,,6.987099056912482e-05,Information
615632,11168.0,2910.670125,COL,Colombia,Casanare,1.744366483,0.0,0.58,0.58,,,,,,,,,,,,,,,,,,,,,,,,,,5.5234051109910505,34.88732966,0.0,,,,,,,,,,,,,,,,,0.0,0.0,35.578125,1.2223344959974431,0.0,0.0,1.245234375,4.278170735991051,5.5234051109910505,1465,,,0.006810147283236,Information
615634,11170.0,3899.846206,COL,Colombia,Casanare,3.375435059,0.0,0.58,0.58,,,,,,,,,,,,,,,,,,,,,,,,,,8.946708148023133,67.50870118,0.0,,,,,,,,,,,,,,,,,0.0,0.0,71.71875,1.8390148280066088,0.0,0.0,2.51015625,6.436551898023132,8.946708148023133,8860,,,0.0985797357151647,Information
615635,11171.0,2342.131237,COL,Colombia,Casanare,3.476040185,0.0,0.58,0.58,,,,,,,,,,,,,,,,,,,,,,,,,,25.52140691721005,69.5208037,0.0,,,,,,,,,,,,,,,,,0.0,0.0,138.375,5.9080805477743015,0.0,0.0,4.843125,20.67828191721005,25.52140691721005,7365,,,0.4295473177487416,Advisory
615636,11172.0,2694.575616,COL,Colombia,Casanare,3.103821048,0.0,0.58,0.58,,,,,,,,,,,,,,,,,,,,,,,,,,8.90409152705491,62.07642096,0.0,,,,,,,,,,,,,,,,,0.0,0.0,54.0,2.004026150587117,0.0,0.0,1.89,7.01409152705491,8.90409152705491,117542,,,0.0736601115928025,Information
615660,11178.0,10074.59457,COL,Colombia,Meta,2.961270548,0.0,0.58,0.58,,,,,,,,,,,,,,,,,,,,,,,,,,4.109261771108208,59.22541096,0.0,,,,,,,,,,,,,,,,,0.0,0.0,58.921875,0.5848560417452023,0.0,0.0,2.062265625,2.046996146108208,4.109261771108208,9947,,,0.0108718449706617,Information
615703,11184.0,102.9589075,COL,Colombia,Vichada,1.357793311,0.0,0.58,0.58,,,,,,,,,,,,,,,,,,,,,,,,,,28.9778720905032,27.15586622,0.0,,,,,,,,,,,,,,,,,0.0,0.0,8.4375,8.195017025858057,0.0,0.0,0.2953125,28.6825595905032,28.9778720905032,479,,,0.178319193387988,Information
615705,11186.0,882.6285913,VEN,Venezuela,Amazonas,0.548108778,0.0,0.54,0.64,,,,,,,,,,,,,,,,,,,,,,,,,,8.25325576947817,10.96217556,0.0,,,,,,,,,,,,,,,,,0.0,0.0,19.125,2.166823076993763,0.0,0.0,0.669375,7.58388076947817,8.25325576947817,5750,,,0.0086927144777593,Information
615707,11188.0,80.21826277,COL,Colombia,Vichada,2.258795216,0.0,0.58,0.58,,,,,,,,,,,,,,,,,,,,,,,,,,8.658751956328944,45.17590432,0.0,,,,,,,,,,,,,,,,,0.0,0.0,1.96875,2.4542416303796983,0.0,0.0,0.06890625,8.589845706328944,8.658751956328944,756,,,0.0324781173875734,Information
615823,11194.0,2085.445712,VEN,Venezuela,Amazonas,4.046167894,0.0,0.54,0.64,,,,,,,,,,,,,,,,,,,,,,,,,,4.221395844188639,80.92335788,0.0,,,,,,,,,,,,,,,,,0.0,0.0,20.8125,0.9979880983396112,0.0,0.0,0.7284375,3.492958344188639,4.221395844188639,0,,,0.0657390326945036,Information
615827,11198.0,1601.86611,VEN,Venezuela,Amazonas,4.028210434,0.0,0.54,0.64,,,,,,,,,,,,,,,,,,,,,,,,,,5.881879999578633,80.56420868000001,0.0,,,,,,,,,,,,,,,,,0.0,0.0,23.203125,1.4485058927367522,0.0,0.0,0.812109375,5.0697706245786325,5.881879999578633,0,,,0.115996668281731,Information
615948,11218.0,2999.893785,COL,Colombia,Guaviare,3.867831915,0.0,0.58,0.58,,,,,,,,,,,,,,,,,,,,,,,,,,0.2772731764544672,77.3566383,0.0,,,,,,,,,,,,,,,,,0.0,0.0,1.828125,0.0609396575584192,0.0,0.0,0.063984375,0.2132888014544672,0.2772731764544672,306,,,5.347599784382858e-06,Information
616228,11241.0,12015.47331,COL,Colombia,Bolívar,2.776798585,0.0,0.58,0.58,,,,,,,,,,,,,,,,,,,,,,,,,,1.0821786699134854,55.5359717,0.0,,,,,,,,,,,,,,,,,0.0,0.0,16.875,0.1404439056895673,0.0,0.0,0.590625,0.4915536699134855,1.0821786699134854,38130,,,0.0001013192626831,Information
616307,11256.0,114.9210018,GUY,Guyana,Mahaica-Berbice,1.525908263,0.0,0.6,0.56,,,,,,,,,,,,,,,,,,,,,,,,,,35.743203125,30.51816526,0.0,,,,,,,,,,,,,,,,,0.0,0.0,21.234375,18.47736677385248,0.0,0.0,0.743203125,35.0,35.743203125,19718,,,0.2531195275133488,Advisory
616608,11284.0,4973.591652,SUR,Suriname,Sipaliwini,3.700043127,0.0,0.65,0.49,,,,,,,,,,,,,,,,,,,,,,,,,,0.9187093346333726,74.00086254,0.0,,,,,,,,,,,,,,,,,0.0,0.0,8.71875,0.1753008813238207,0.0,0.0,0.30515625,0.6135530846333725,0.9187093346333726,0,,,0.0004146152636637,Information
616706,11291.0,9177.484367,GUF,French Guiana,Cayenne,4.039003404,0.0,-9999.0,0.6,,,,,,,,,,,,,,,,,,,,,,,,,,1.5530145016686292,80.78006807999999,0.0,,,,,,,,,,,,,,,,,0.0,0.0,21.234375,0.2313746790481798,0.0,0.0,0.743203125,0.8098113766686292,1.5530145016686292,772,,,0.0059389705242442,Information
622242,11344.0,2935.000847,BRA,Brazil,Pará,0.378409391,0.0,0.63,0.51,,,,,,,,,,,,,,,,,,,,,,,,,,1.1930303717474853,7.568187819999999,0.0,,,,,,,,,,,,,,,,,0.0,0.0,7.734375,0.2635220704992815,0.0,0.0,0.270703125,0.9223272467474852,1.1930303717474853,72533,,,6.807664909339967e-06,Information
622418,11429.0,1309.599902,BRA,Brazil,Pará,0.047489199,0.0,0.63,0.51,,,,,,,,,,,,,,,,,,,,,,,,,,2.2952655948974283,0.94978398,0.0,,,,,,,,,,,,,,,,,0.0,0.0,7.59375,0.5798526699706938,0.0,0.0,0.26578125,2.0294843448974285,2.2952655948974283,1476,,,8.334842850782086e-05,Information
622434,11443.0,2582.499853,BRA,Brazil,Pará,3.133277433,0.0,0.63,0.51,,,,,,,,,,,,,,,,,,,,,,,,,,0.2158239902715417,62.66554866,0.0,,,,,,,,,,,,,,,,,0.0,0.0,1.265625,0.0490077472204405,0.0,0.0,0.044296875,0.1715271152715417,0.2158239902715417,0,,,1.2803342996937586e-07,Information
622451,11458.0,388.9595239,BRA,Brazil,Pará,4.010719382,0.0,0.63,0.51,,,,,,,,,,,,,,,,,,,,,,,,,,2.760689216423777,80.21438764000001,0.0,,,,,,,,,,,,,,,,,0.0,0.0,2.953125,0.7592370975496505,0.0,0.0,0.103359375,2.6573298414237767,2.760689216423777,0,,,0.024449304809735,Information
622454,11461.0,2396.43921,BRA,Brazil,Pará,1.680334612,0.0,0.63,0.51,,,,,,,,,,,,,,,,,,,,,,,,,,0.8401852596232866,33.60669224,0.0,,,,,,,,,,,,,,,,,0.0,0.0,4.640625,0.193646681320939,0.0,0.0,0.162421875,0.6777633846232866,0.8401852596232866,0,,,6.220037469519944e-06,Information
622611,11512.0,63.82054479,BRA,Brazil,Amazonas,3.066768801,0.0,0.63,0.51,,,,,,,,,,,,,,,,,,,,,,,,,,13.97029129534918,61.33537602,0.0,,,,,,,,,,,,,,,,,0.0,0.0,2.53125,3.966199298671194,0.0,0.0,0.08859375,13.88169754534918,13.97029129534918,1424,,,0.1543408674722993,Information
622671,11566.0,78.94503065,BRA,Brazil,Rondônia,2.329813188,0.0,0.63,0.51,,,,,,,,,,,,,,,,,,,,,,,,,,3.141889183268928,46.59626376,0.0,,,,,,,,,,,,,,,,,0.0,0.0,0.703125,0.8906513737911224,0.0,0.0,0.024609375,3.117279808268928,3.141889183268928,12536,,,0.0023052622295241,Information
622687,11581.0,1036.837906,BOL,Bolivia,Santa Cruz,4.250550237,0.0,0.55,0.63,,,,,,,,,,,,,,,,,,,,,,,,,,3.9817865021543097,85.01100473999999,0.0,,,,,,,,,,,,,,,,,0.0,0.0,10.6875,1.0307782863298027,0.0,0.0,0.3740625,3.6077240021543098,3.9817865021543097,3298,,,0.0924884837078668,Information
622689,11583.0,23969.99185,BOL,Bolivia,Santa Cruz,3.980158293,0.0,0.55,0.63,,,,,,,,,,,,,,,,,,,,,,,,,,4.624573268938413,79.60316586,0.0,,,,,,,,,,,,,,,,,0.0,0.0,93.234375,0.3889628982681178,0.0,0.0,3.263203125,1.3613701439384125,4.624573268938413,107980,,,0.0689050440674236,Information
622817,11600.0,475.432878,BRA,Brazil,Amazonas,1.490798313,0.0,0.63,0.51,,,,,,,,,,,,,,,,,,,,,,,,,,22.231420214853475,29.81596626,0.0,,,,,,,,,,,,,,,,,0.0,0.0,28.828125,6.063553097100993,0.0,0.0,1.008984375,21.222435839853475,22.231420214853475,0,,,0.1251513968164737,Information
622934,11680.0,5526.172914,BRA,Brazil,Amazonas,3.836321273,0.0,0.63,0.51,,,,,,,,,,,,,,,,,,,,,,,,,,5.46220032971578,76.72642546,0.0,,,,,,,,,,,,,,,,,0.0,0.0,55.546875,1.00515991563308,0.0,0.0,1.944140625,3.51805970471578,5.46220032971578,1693,,,0.0736036218934975,Information
622935,11681.0,261.2823274,BRA,Brazil,Amazonas,4.071373323,0.0,0.63,0.51,,,,,,,,,,,,,,,,,,,,,,,,,,18.55638668177112,81.42746646,0.0,,,,,,,,,,,,,,,,,0.0,0.0,13.5,5.166824766220318,0.0,0.0,0.4725,18.08388668177112,18.55638668177112,1229,,,0.4996530109683462,Advisory
622937,11683.0,244.9143494,BRA,Brazil,Amazonas,1.090391703,0.0,0.63,0.51,,,,,,,,,,,,,,,,,,,,,,,,,,12.147214273642115,21.80783406,0.0,,,,,,,,,,,,,,,,,0.0,0.0,8.296875,3.387663899612033,0.0,0.0,0.290390625,11.856823648642116,12.147214273642115,1702,,,0.0312966403962632,Information
622951,11695.0,280.5249565,BRA,Brazil,Amazonas,3.27688393,0.0,0.63,0.51,,,,,,,,,,,,,,,,,,,,,,,,,,13.347689258480392,65.53767859999999,0.0,,,,,,,,,,,,,,,,,0.0,0.0,10.40625,3.70956300242297,0.0,0.0,0.36421875,12.983470508480394,13.347689258480392,1612,,,0.1714315550809705,Information
624472,11815.0,2095.464946,BRA,Brazil,Goiás,0.002598706,0.0,0.63,0.51,,,,,,,,,,,,,,,,,,,,,,,,,,0.1136403959357047,0.05197412,0.0,,,,,,,,,,,,,,,,,0.0,0.0,0.5625,0.0268436845530585,0.0,0.0,0.0196875,0.0939528959357047,0.1136403959357047,2870,,,6.035196676975255e-12,Information
631029,11903.0,3217.318322,BRA,Brazil,Maranhão,0.658708241,0.0,0.63,0.51,,,,,,,,,,,,,,,,,,,,,,,,,,0.4852785986539487,13.17416482,0.0,,,,,,,,,,,,,,,,,0.0,0.0,3.375,0.1049010281868425,0.0,0.0,0.118125,0.3671535986539487,0.4852785986539487,124429,,,1.0689088333427085e-07,Information
631048,11919.0,5359.69225,BRA,Brazil,Maranhão,0.979433557,0.0,0.63,0.51,,,,,,,,,,,,,,,,,,,,,,,,,,0.3526251217536998,19.58867114,0.0,,,,,,,,,,,,,,,,,0.0,0.0,3.515625,0.0655937847867714,0.0,0.0,0.123046875,0.2295782467536999,0.3526251217536998,84281,,,2.8255310813560998e-08,Information
633047,12016.0,1013.916587,BRA,Brazil,Ceará,2.059840582,0.0,0.63,0.51,,,,,,,,,,,,,,,,,,,,,,,,,,0.6950459021655295,41.19681164,0.0,,,,,,,,,,,,,,,,,0.0,0.0,1.828125,0.1803032934758656,0.0,0.0,0.063984375,0.6310615271655295,0.6950459021655295,15634,,,4.540490502961775e-06,Information
633071,12029.0,10627.12931,BRA,Brazil,Rio Grande do Norte,3.370159266,2.51027935,0.63,0.51,,,,,,,,,,,,,,,,,,,,,,,,,,6.496243848401697,67.40318532,50.205587,,,,,,,,,,,,,,,,,0.0,0.0,95.625,0.8998196709719136,0.0,0.0,3.346875,3.1493688484016977,6.496243848401697,590792,,,0.0533732930408086,Information
633072,12030.0,4192.772814,BRA,Brazil,Rio Grande do Norte,0.628228563,0.0,0.63,0.51,,,,,,,,,,,,,,,,,,,,,,,,,,1.132936093114434,12.56457126,0.0,,,,,,,,,,,,,,,,,0.0,0.0,9.5625,0.228071026604124,0.0,0.0,0.3346875,0.7982485931144341,1.132936093114434,684577,,,6.929349760313628e-06,Information
633074,12032.0,2961.589899,BRA,Brazil,Rio Grande do Norte,2.246348464,0.0,0.63,0.51,,,,,,,,,,,,,,,,,,,,,,,,,,2.1325495489968485,44.92696928,0.0,,,,,,,,,,,,,,,,,0.0,0.0,13.921875,0.4700811211419567,0.0,0.0,0.487265625,1.6452839239968484,2.1325495489968485,215589,,,0.0005743081913765,Information
633075,12033.0,2982.99731,BRA,Brazil,Rio Grande do Norte,2.124865421,0.0,0.63,0.51,,,,,,,,,,,,,,,,,,,,,,,,,,2.0136340145853007,42.49730842,0.0,,,,,,,,,,,,,,,,,0.0,0.0,13.21875,0.4431365041672288,0.0,0.0,0.46265625,1.550977764585301,2.0136340145853007,187691,,,0.0004013084976705,Information
633076,12034.0,4172.055757,BRA,Brazil,Paraíba,2.106420094,0.0,0.63,0.51,,,,,,,,,,,,,,,,,,,,,,,,,,5.216364398862978,42.128401880000006,0.0,,,,,,,,,,,,,,,,,0.0,0.0,43.875,1.051639828246565,0.0,0.0,1.535625,3.6807393988629777,5.216364398862978,217997,,,0.0080547326310769,Information
633094,12041.0,6752.223035,BRA,Brazil,Pernambuco,1.307326674,0.0,0.63,0.51,,,,,,,,,,,,,,,,,,,,,,,,,,0.1709559744322041,26.14653348,0.0,,,,,,,,,,,,,,,,,0.0,0.0,1.96875,0.0291570641234869,0.0,0.0,0.06890625,0.1020497244322041,0.1709559744322041,605629,,,6.458247602479437e-10,Information
633096,12043.0,4223.85358,BRA,Brazil,Alagoas,1.864395262,0.0,0.63,0.51,,,,,,,,,,,,,,,,,,,,,,,,,,1.922635633421664,37.28790524,0.0,,,,,,,,,,,,,,,,,0.0,0.0,16.3125,0.3861994666919041,0.0,0.0,0.5709375,1.3516981334216642,1.922635633421664,788163,,,0.0002461997301584,Information
633097,12044.0,94.08966902,BRA,Brazil,Alagoas,0.551869751,0.199655483,0.63,0.51,,,,,,,,,,,,,,,,,,,,,,,,,,35.398671875,11.03739502,3.99310966,,,,,,,,,,,,,,,,,0.0,0.0,11.390625,12.106137813130376,0.0,0.0,0.398671875,35.0,35.398671875,6109,,,0.1783838112909937,Advisory
633098,12045.0,3691.940638,BRA,Brazil,Alagoas,2.152828224,0.0,0.63,0.51,,,,,,,,,,,,,,,,,,,,,,,,,,3.212576999847685,43.05656448,0.0,,,,,,,,,,,,,,,,,0.0,0.0,24.75,0.6703791428136243,0.0,0.0,0.86625,2.346326999847685,3.212576999847685,278093,,,0.0020202334826086,Information
634401,12090.0,477.403861,BRA,Brazil,Bahia,3.118322656,0.0,0.63,0.51,,,,,,,,,,,,,,,,,,,,,,,,,,0.1080185485373547,62.36645312,0.0,,,,,,,,,,,,,,,,,0.0,0.0,0.140625,0.0294561924392442,0.0,0.0,0.004921875,0.1030966735373547,0.1080185485373547,1400,,,2.4088702576046823e-09,Information
634920,12136.0,8710.249748,BRA,Brazil,Minas Gerais,1.197565787,0.0,0.63,0.51,,,,,,,,,,,,,,,,,,,,,,,,,,0.3277489058764413,23.95131574,0.0,,,,,,,,,,,,,,,,,0.0,0.0,4.359375,0.0500487945361261,0.0,0.0,0.152578125,0.1751707808764413,0.3277489058764413,79907,,,2.5630335913428286e-08,Information
634930,12137.0,509.3106925,BRA,Brazil,Minas Gerais,1.753121835,0.0,0.63,0.51,,,,,,,,,,,,,,,,,,,,,,,,,,3.7577141618352776,35.0624367,0.0,,,,,,,,,,,,,,,,,0.0,0.0,5.203125,1.0216013676672222,0.0,0.0,0.182109375,3.5756047868352776,3.7577141618352776,832,,,0.0021886061233808,Information
635201,12169.0,2291.369752,BRA,Brazil,Bahia,4.001103647,0.0,0.63,0.51,,,,,,,,,,,,,,,,,,,,,,,,,,1.4257042602958832,80.02207294,0.0,,,,,,,,,,,,,,,,,0.0,0.0,7.59375,0.3314065743702523,0.0,0.0,0.26578125,1.159923010295883,1.4257042602958832,67507,,,0.0041457648648796,Information
635302,12179.0,1601.856259,BRA,Brazil,Bahia,0.53824743,0.0,0.63,0.51,,,,,,,,,,,,,,,,,,,,,,,,,,0.9624945566201404,10.7649486,0.0,,,,,,,,,,,,,,,,,0.0,0.0,3.796875,0.2370296947486115,0.0,0.0,0.132890625,0.8296039316201402,0.9624945566201404,61688,,,2.9561607526495736e-06,Information
635303,16258.0,84.82577842,BRA,Brazil,Bahia,2.842893615,0.0,0.63,0.51,,,,,,,,,,,,,,,,,,,,,,,,,,31.01322968681756,56.8578723,0.0,,,,,,,,,,,,,,,,,0.0,0.0,7.453125,8.786391517662159,0.0,0.0,0.260859375,30.75237031181756,31.01322968681756,44594,,,0.370667459297147,Advisory
635304,12180.0,4786.216585,BRA,Brazil,Bahia,3.454281327,0.0,0.63,0.51,,,,,,,,,,,,,,,,,,,,,,,,,,1.0339611205492607,69.08562653999999,0.0,,,,,,,,,,,,,,,,,0.0,0.0,9.5625,0.1997924630140745,0.0,0.0,0.3346875,0.6992736205492607,1.0339611205492607,379013,,,0.0003396204388172,Information
635403,12188.0,847.3246771,BRA,Brazil,Minas Gerais,3.536405944,0.0,0.63,0.51,,,,,,,,,,,,,,,,,,,,,,,,,,1.008145804511013,70.72811888000001,0.0,,,,,,,,,,,,,,,,,0.0,0.0,2.25,0.265541658431718,0.0,0.0,0.07875,0.929395804511013,1.008145804511013,6925,,,0.0003778720263533,Information
635502,12196.0,5927.980708,BRA,Brazil,Bahia,2.069422458,0.040036623,0.63,0.51,,,,,,,,,,,,,,,,,,,,,,,,,,1.2695673712753217,41.38844916,0.80073246,,,,,,,,,,,,,,,,,0.0,0.0,13.5,0.2277335346500919,0.0,0.0,0.4725,0.7970673712753217,1.2695673712753217,82351,,,6.348685804291249e-05,Information
635607,12210.0,1029.495326,BRA,Brazil,Minas Gerais,1.252402276,0.0,0.63,0.51,,,,,,,,,,,,,,,,,,,,,,,,,,0.1054609883446031,25.04804552,0.0,,,,,,,,,,,,,,,,,0.0,0.0,0.28125,0.0273192109556009,0.0,0.0,0.00984375,0.0956172383446031,0.1054609883446031,324388,,,2.5797093319422285e-11,Information
635802,12215.0,8162.785665,BRA,Brazil,Rio de Janeiro,3.00263863,0.0,0.63,0.51,,,,,,,,,,,,,,,,,,,,,,,,,,1.6317773968458762,60.0527726,0.0,,,,,,,,,,,,,,,,,0.0,0.0,20.953125,0.256690863384536,0.0,0.0,0.733359375,0.898418021845876,1.6317773968458762,443216,,,0.0006921867738816,Information
635803,12216.0,880.3493508,BRA,Brazil,Rio de Janeiro,2.937858202,0.0,0.63,0.51,,,,,,,,,,,,,,,,,,,,,,,,,,3.8931249763984863,58.757164040000006,0.0,,,,,,,,,,,,,,,,,0.0,0.0,9.0,1.022321421828139,0.0,0.0,0.315,3.5781249763984864,3.8931249763984863,32662,,,0.0091309360562214,Information
635805,12218.0,438.5407615,BRA,Brazil,Rio de Janeiro,2.053503963,0.0,0.63,0.51,,,,,,,,,,,,,,,,,,,,,,,,,,5.8577442871838405,41.07007926,0.0,,,,,,,,,,,,,,,,,0.0,0.0,7.03125,1.6033287249096688,0.0,0.0,0.24609375,5.6116505371838405,5.8577442871838405,14018,,,0.0104833283729132,Information
635806,12219.0,8704.167205,BRA,Brazil,Minas Gerais,2.160102194,0.0,0.63,0.51,,,,,,,,,,,,,,,,,,,,,,,,,,0.4653657397483574,43.20204388,0.0,,,,,,,,,,,,,,,,,0.0,0.0,6.1875,0.0710866399281021,0.0,0.0,0.2165625,0.2488032397483573,0.4653657397483574,632313,,,7.75957209913794e-07,Information
635807,12220.0,4374.297969,BRA,Brazil,Minas Gerais,2.047932459,0.0,0.63,0.51,,,,,,,,,,,,,,,,,,,,,,,,,,0.9057261086465545,40.95864918,0.0,,,,,,,,,,,,,,,,,0.0,0.0,7.875,0.1800288881847298,0.0,0.0,0.275625,0.6301011086465543,0.9057261086465545,140092,,,1.4752319688879997e-05,Information
635808,12221.0,8610.86884,BRA,Brazil,Minas Gerais,0.700216476,0.0,0.63,0.51,,,,,,,,,,,,,,,,,,,,,,,,,,0.2233929940428826,14.00432952,0.0,,,,,,,,,,,,,,,,,0.0,0.0,2.953125,0.0342953197265379,0.0,0.0,0.103359375,0.1200336190428826,0.2233929940428826,786714,,,1.3153936385469303e-09,Information
641101,12223.0,3658.24372,BRA,Brazil,São Paulo,4.001550652,0.0,0.63,0.51,,,,,,,,,,,,,,,,,,,,,,,,,,8.56325188505784,80.03101303999999,0.0,,,,,,,,,,,,,,,,,0.0,0.0,65.53125,1.7913308957308112,0.0,0.0,2.29359375,6.269658135057839,8.56325188505784,1901088,,,0.1985810659304785,Information
641103,12225.0,12855.8832,BRA,Brazil,Paraná,4.001217459,1.167021817,0.63,0.51,,,,,,,,,,,,,,,,,,,,,,,,,,35.19400861865683,80.02434918,23.34043634,3.0,,,,,,,,,,,,,,,,0.0,0.0,565.59375,4.399493533901952,0.0,0.0,19.79578125,15.39822736865683,35.19400861865683,1513247,26497.0,1.7510029757204209,0.7144260665019194,Watch
641108,12230.0,8781.467583,BRA,Brazil,Rio Grande do Sul,1.408610347,0.0,0.63,0.51,,,,,,,,,,,,,,,,,,,,,,,,,,4.284374359946879,28.17220694,0.0,,,,,,,,,,,,,,,,,0.0,0.0,57.234375,0.6517632099848224,0.0,0.0,2.003203125,2.2811712349468785,4.284374359946879,2187757,,,0.0024064484751883,Information
641109,12231.0,13.33799444,BRA,Brazil,Rio Grande do Sul,1.717356918,0.0,0.63,0.51,,,,,,,,,,,,,,,,,,,,,,,,,,35.1771875,34.347138359999995,0.0,,,,,,,,,,,,,,,,,0.0,0.0,5.0625,37.95548142260181,0.0,0.0,0.1771875,35.0,35.1771875,636,,,0.2663192437610651,Advisory
641203,12234.0,3465.563006,BRA,Brazil,Rio Grande do Sul,1.545088803,0.0,0.63,0.51,,,,,,,,,,,,,,,,,,,,,,,,,,17.95754194027005,30.901776060000003,0.0,,,,,,,,,,,,,,,,,0.0,0.0,132.046875,3.8102575186485854,0.0,0.0,4.621640625,13.335901315270052,17.95754194027005,61462,,,0.0889065953774606,Information
641206,12237.0,2712.928361,BRA,Brazil,Rio Grande do Sul,1.239933679,0.0,0.63,0.51,,,,,,,,,,,,,,,,,,,,,,,,,,6.135069550046059,24.79867358,0.0,,,,,,,,,,,,,,,,,0.0,0.0,37.40625,1.378814514298874,0.0,0.0,1.30921875,4.825850800046059,6.135069550046059,15659,,,0.0061027353578268,Information
641208,12239.0,10102.5371,BRA,Brazil,Rio Grande do Sul,0.972156805,0.0,0.63,0.51,,,,,,,,,,,,,,,,,,,,,,,,,,27.49118185304556,19.4431361,0.0,,,,,,,,,,,,,,,,,0.0,0.0,394.734375,3.9072796365844464,0.0,0.0,13.815703125,13.675478728045562,27.49118185304556,337187,,,0.1411654216877723,Information
641209,12240.0,17272.58506,BRA,Brazil,Rio Grande do Sul,1.017708763,0.0,0.63,0.51,,,,,,,,,,,,,,,,,,,,,,,,,,16.22669372478731,20.35417526,0.0,,,,,,,,,,,,,,,,,0.0,0.0,293.625,1.6999482070820884,0.0,0.0,10.276875,5.94981872478731,16.22669372478731,493275,,,0.0558124436127972,Information
641405,12246.0,7594.193915,URY,Uruguay,Cerro Largo,0.36937824,0.0,0.73,0.38,,,,,,,,,,,,,,,,,,,,,,,,,,13.421304646801955,7.387564800000001,0.0,,,,,,,,,,,,,,,,,0.0,0.0,165.515625,2.179502220514845,0.0,0.0,5.793046875,7.628257771801957,13.421304646801955,59012,,,0.0267056783235604,Information
641407,12248.0,2815.731876,URY,Uruguay,Treinta y Tres,0.444919533,0.0,0.73,0.38,,,,,,,,,,,,,,,,,,,,,,,,,,10.461635289399863,8.89839066,0.0,,,,,,,,,,,,,,,,,0.0,0.0,65.671875,2.332319904114247,0.0,0.0,2.298515625,8.163119664399865,10.461635289399863,6818,,,0.0152221740757582,Information
641508,12258.0,3079.221969,URY,Uruguay,Soriano,0.02934275,0.0,0.73,0.38,,,,,,,,,,,,,,,,,,,,,,,,,,1.7561062136765102,0.586855,0.0,,,,,,,,,,,,,,,,,0.0,0.0,11.8125,0.3836196324790029,0.0,0.0,0.4134375,1.34266871367651,1.7561062136765102,25232,,,2.716364894906938e-05,Information
641509,12259.0,60.75707149,URY,Uruguay,Soriano,4.027456231,0.0,0.73,0.38,,,,,,,,,,,,,,,,,,,,,,,,,,19.560306313348704,80.54912462000001,0.0,,,,,,,,,,,,,,,,,0.0,0.0,3.375,5.554908946671058,0.0,0.0,0.118125,19.442181313348705,19.560306313348704,112,,,0.5022381537648808,Advisory
641601,12260.0,5760.317912,URY,Uruguay,Soriano,1.307519828,0.0,0.73,0.38,,,,,,,,,,,,,,,,,,,,,,,,,,14.462833351881496,26.15039656,0.0,,,,,,,,,,,,,,,,,0.0,0.0,151.03125,2.62192560053757,0.0,0.0,5.28609375,9.176739601881495,14.462833351881496,60306,,,0.0515033709130236,Information
641603,12262.0,556.3418522,URY,Uruguay,Soriano,0.28300722,0.0,0.73,0.38,,,,,,,,,,,,,,,,,,,,,,,,,,38.29765625,5.6601444,0.0,,,,,,,,,,,,,,,,,0.0,0.0,94.21875,16.935405744331092,0.0,0.0,3.29765625,35.0,38.29765625,418,,,0.1836572684472391,Advisory
641700,12269.0,496.6168138,URY,Uruguay,Río Negro,0.018394897,0.0,0.73,0.38,,,,,,,,,,,,,,,,,,,,,,,,,,17.685096146576,0.36789794,0.0,,,,,,,,,,,,,,,,,0.0,0.0,23.90625,4.813822113307429,0.0,0.0,0.83671875,16.848377396576,17.685096146576,27521,,,0.041925835275491,Information
641814,12273.0,3422.92826,URY,Uruguay,Salto,1.967118973,0.0,0.73,0.38,,,,,,,,,,,,,,,,,,,,,,,,,,4.149717304257436,39.34237946,0.0,,,,,,,,,,,,,,,,,0.0,0.0,30.234375,0.8832897655021245,0.0,0.0,1.058203125,3.091514179257436,4.149717304257436,8081,,,0.003656930601799,Information
641864,12286.0,5132.17174,BRA,Brazil,Rio Grande do Sul,0.77905878,0.0,0.63,0.51,,,,,,,,,,,,,,,,,,,,,,,,,,2.002671635825372,15.581175599999998,0.0,,,,,,,,,,,,,,,,,0.0,0.0,19.40625,0.3781293959501062,0.0,0.0,0.67921875,1.3234528858253718,2.002671635825372,63751,,,9.153239037233417e-05,Information
641865,12287.0,727.3349869,BRA,Brazil,Rio Grande do Sul,2.065201821,0.0,0.63,0.51,,,,,,,,,,,,,,,,,,,,,,,,,,23.592355549984863,41.30403642,0.0,,,,,,,,,,,,,,,,,0.0,0.0,45.703125,6.28364176428139,0.0,0.0,1.599609375,21.992746174984863,23.592355549984863,83,,,0.1810296285848164,Information
641866,12288.0,5818.321423,BRA,Brazil,Rio Grande do Sul,1.168716445,0.0,0.63,0.51,,,,,,,,,,,,,,,,,,,,,,,,,,7.132150113924137,23.3743289,0.0,,,,,,,,,,,,,,,,,0.0,0.0,74.953125,1.2882259254068962,0.0,0.0,2.623359375,4.508790738924136,7.132150113924137,51077,,,0.0087906672207055,Information
641867,12289.0,3660.854851,BRA,Brazil,Rio Grande do Sul,1.969379685,0.0,0.63,0.51,,,,,,,,,,,,,,,,,,,,,,,,,,17.044094090829862,39.3875937,0.0,,,,,,,,,,,,,,,,,0.0,0.0,130.5,3.564741168808532,0.0,0.0,4.5675,12.47659409082986,17.044094090829862,25547,,,0.1022747832939493,Information
641875,12296.0,687.1025376,ARG,Argentina,Misiones,0.200857006,0.0,0.65,0.49,,,,,,,,,,,,,,,,,,,,,,,,,,10.564479141680524,4.0171401200000005,0.0,,,,,,,,,,,,,,,,,0.0,0.0,19.40625,2.8243601119087214,0.0,0.0,0.67921875,9.885260391680523,10.564479141680524,3596,,,0.0136684814911716,Information
642130,12306.0,1804.157603,ARG,Argentina,Entre Ríos,3.054503634,0.0,0.65,0.49,,,,,,,,,,,,,,,,,,,,,,,,,,13.91152860670928,61.09007268,0.0,,,,,,,,,,,,,,,,,0.0,0.0,60.75,3.367222459059794,0.0,0.0,2.12625,11.78527860670928,13.91152860670928,4659,,,0.1518499343884469,Information
642150,12308.0,432.6367715,ARG,Argentina,Entre Ríos,4.021316278,0.0,0.65,0.49,,,,,,,,,,,,,,,,,,,,,,,,,,8.545426324572679,80.42632556,0.0,,,,,,,,,,,,,,,,,0.0,0.0,10.125,2.340300378449337,0.0,0.0,0.354375,8.19105132457268,8.545426324572679,28,,,0.2036118175682971,Information
642181,12312.0,43.92932875,ARG,Argentina,Santa Fe,4.056819445,0.0,0.65,0.49,,,,,,,,,,,,,,,,,,,,,,,,,,35.23625,81.13638890000001,0.0,3.0,,,,,,,,,,,,,,,,0.0,0.0,6.75,15.365588757690238,0.0,0.0,0.23625,35.0,35.23625,0,0.0,0.0,0.7339621774213787,Watch
642210,12322.0,217.5953028,ARG,Argentina,Santa Fe,2.197416446,0.0,0.65,0.49,,,,,,,,,,,,,,,,,,,,,,,,,,35.826875,43.94832892,0.0,,,,,,,,,,,,,,,,,0.0,0.0,23.625,10.857311576969272,0.0,0.0,0.826875,35.0,35.826875,28971,,,0.327229738809811,Advisory
642244,12328.0,9107.685984,ARG,Argentina,Santiago del Estero,3.842864348,0.0,0.65,0.49,,,,,,,,,,,,,,,,,,,,,,,,,,5.039070665516976,76.85728696,0.0,,,,,,,,,,,,,,,,,0.0,0.0,68.625,0.7534844758619932,0.0,0.0,2.401875,2.637195665516976,5.039070665516976,44357,,,0.0636971347621605,Information
642291,12338.0,2676.459993,ARG,Argentina,Santiago del Estero,2.510294301,0.0,0.65,0.49,,,,,,,,,,,,,,,,,,,,,,,,,,2.00477789522776,50.20588602,0.0,,,,,,,,,,,,,,,,,0.0,0.0,12.09375,0.4518561843507886,0.0,0.0,0.42328125,1.58149664522776,2.00477789522776,9024,,,0.0006582384436546,Information
642292,12339.0,4279.963144,ARG,Argentina,Salta,3.210304709,0.0,0.65,0.49,,,,,,,,,,,,,,,,,,,,,,,,,,0.7061323247192004,64.20609418,0.0,,,,,,,,,,,,,,,,,0.0,0.0,6.046875,0.1412833427769144,0.0,0.0,0.211640625,0.4944916997192004,0.7061323247192004,38963,,,4.323350127577407e-05,Information
642299,12346.0,1950.448299,ARG,Argentina,Catamarca,0.173672825,0.0,0.65,0.49,,,,,,,,,,,,,,,,,,,,,,,,,,0.2714081243866542,3.4734565,0.0,,,,,,,,,,,,,,,,,0.0,0.0,1.265625,0.0648889283961869,0.0,0.0,0.044296875,0.2271112493866541,0.2714081243866542,3907,,,2.1276635874723587e-09,Information
642425,12370.0,5.819920316,ARG,Argentina,Salta,4.07871085,0.0,0.65,0.49,,,,,,,,,,,,,,,,,,,,,,,,,,33.847470234903845,81.574217,0.0,3.0,,,,,,,,,,,,,,,,0.0,0.0,0.5625,9.665080781401098,0.0,0.0,0.0196875,33.82778273490384,33.847470234903845,92,0.0,0.0,0.7284438434737234,Watch
642426,12371.0,2991.756699,ARG,Argentina,Jujuy,1.936060485,0.0,0.65,0.49,,,,,,,,,,,,,,,,,,,,,,,,,,0.149613308346138,38.7212097,0.0,,,,,,,,,,,,,,,,,0.0,0.0,0.984375,0.032902909527468,0.0,0.0,0.034453125,0.115160183346138,0.149613308346138,7863,,,8.986840064882533e-10,Information
642428,12373.0,6393.96217,ARG,Argentina,Salta,0.4741971,0.0,0.65,0.49,,,,,,,,,,,,,,,,,,,,,,,,,,0.2776304690262526,9.483942,0.0,,,,,,,,,,,,,,,,,0.0,0.0,3.09375,0.0483854911503579,0.0,0.0,0.10828125,0.1693492190262526,0.2776304690262526,240124,,,3.582908688980269e-09,Information
642441,12384.0,74.27229261,PRY,Paraguay,Presidente Hayes,3.578145412,0.0,0.6,0.56,,,,,,,,,,,,,,,,,,,,,,,,,,5.340813613752158,71.56290824,0.0,,,,,,,,,,,,,,,,,0.0,0.0,1.125,1.514696746786331,0.0,0.0,0.039375,5.301438613752159,5.340813613752158,54324,,,0.0472309798647785,Information
642448,12391.0,2879.378028,ARG,Argentina,Jujuy,0.379669427,0.0,0.65,0.49,,,,,,,,,,,,,,,,,,,,,,,,,,0.6604623094266844,7.59338854,0.0,,,,,,,,,,,,,,,,,0.0,0.0,4.21875,0.1465160169790527,0.0,0.0,0.14765625,0.5128060594266844,0.6604623094266844,69970,,,3.8858713610577467e-07,Information
642461,12402.0,5105.111489,PRY,Paraguay,Alto Paraguay,4.202801456,0.0,0.6,0.56,,,,,,,,,,,,,,,,,,,,,,,,,,0.6262067425794848,84.05602912,0.0,,,,,,,,,,,,,,,,,0.0,0.0,6.046875,0.1184474621655671,0.0,0.0,0.211640625,0.4145661175794848,0.6262067425794848,1009,,,0.0006036381225054,Information
642463,12404.0,158.8102614,PRY,Paraguay,Alto Paraguay,4.39114288,0.0,0.6,0.56,,,,,,,,,,,,,,,,,,,,,,,,,,3.4632795883692133,87.8228576,0.0,,,,,,,,,,,,,,,,,0.0,0.0,1.546875,0.9740397038197752,0.0,0.0,0.054140625,3.4091389633692133,3.4632795883692133,67,,,0.1043144361994715,Information
642466,12407.0,14549.38331,PRY,Paraguay,Boquerón,4.00320189,0.0,0.6,0.56,,,,,,,,,,,,,,,,,,,,,,,,,,0.7225132795955558,80.0640378,0.0,,,,,,,,,,,,,,,,,0.0,0.0,12.234375,0.0840886155987302,0.0,0.0,0.428203125,0.2943101545955557,0.7225132795955558,56,,,0.000454061875015,Information
642467,12408.0,6024.346599,PRY,Paraguay,Boquerón,4.037387968,0.0,0.6,0.56,,,,,,,,,,,,,,,,,,,,,,,,,,0.3011125076156533,80.74775936,0.0,,,,,,,,,,,,,,,,,0.0,0.0,3.234375,0.0536883950330438,0.0,0.0,0.113203125,0.1879093826156533,0.3011125076156533,106,,,1.60594153385211e-05,Information
642468,12409.0,15149.83202,BOL,Bolivia,Tarija,1.383705053,0.0,0.55,0.63,,,,,,,,,,,,,,,,,,,,,,,,,,0.7843846462793005,27.67410106,0.0,,,,,,,,,,,,,,,,,0.0,0.0,13.5,0.089109898936943,0.0,0.0,0.4725,0.3118846462793005,0.7843846462793005,3358,,,3.0335406492498106e-06,Information
642469,12410.0,10155.29781,BOL,Bolivia,Chuquisaca,0.290035031,0.0,0.55,0.63,,,,,,,,,,,,,,,,,,,,,,,,,,6.544883767663621,5.80070062,0.0,,,,,,,,,,,,,,,,,0.0,0.0,94.21875,0.9277792907610346,0.0,0.0,3.29765625,3.247227517663621,6.544883767663621,12252,,,0.0038296690950094,Information
642514,12441.0,2550.645732,PRY,Paraguay,Alto Paraná,0.789423008,0.0,0.6,0.56,,,,,,,,,,,,,,,,,,,,,,,,,,0.242184591492677,15.78846016,0.0,,,,,,,,,,,,,,,,,0.0,0.0,1.40625,0.0551330975693363,0.0,0.0,0.04921875,0.192965841492677,0.242184591492677,48985,,,2.4374516956985167e-09,Information
642518,12445.0,6716.061448,PRY,Paraguay,Caazapa,1.54306454,0.0,0.6,0.56,,,,,,,,,,,,,,,,,,,,,,,,,,0.6247698363674425,30.8612908,0.0,,,,,,,,,,,,,,,,,0.0,0.0,7.171875,0.106786917533555,0.0,0.0,0.251015625,0.3737542113674425,0.6247698363674425,385591,,,1.260111950948066e-06,Information
642519,12446.0,11.95575448,ARG,Argentina,Misiones,0.432513652,0.0,0.65,0.49,,,,,,,,,,,,,,,,,,,,,,,,,,16.48665329473876,8.65027304,0.0,,,,,,,,,,,,,,,,,0.0,0.0,0.5625,4.70484736992536,0.0,0.0,0.0196875,16.46696579473876,16.48665329473876,29337,,,0.0434350551172664,Information
642522,12448.0,7499.85331,BRA,Brazil,Paraná,0.409852165,0.0,0.63,0.51,,,,,,,,,,,,,,,,,,,,,,,,,,1.653768483306549,8.1970433,0.0,,,,,,,,,,,,,,,,,0.0,0.0,20.25,0.2700052809447282,0.0,0.0,0.70875,0.9450184833065488,1.653768483306549,372077,,,2.9523424062753867e-05,Information
642526,12452.0,2731.929856,BRA,Brazil,Santa Catarina,1.483341027,0.0,0.63,0.51,,,,,,,,,,,,,,,,,,,,,,,,,,0.7569535194870025,29.66682054,0.0,,,,,,,,,,,,,,,,,0.0,0.0,4.640625,0.1698661841391436,0.0,0.0,0.162421875,0.5945316444870026,0.7569535194870025,13147,,,2.925585604108849e-06,Information
642529,12455.0,6320.554863,BRA,Brazil,Paraná,0.164154353,0.0,0.63,0.51,,,,,,,,,,,,,,,,,,,,,,,,,,5.871543323618952,3.28308706,0.0,,,,,,,,,,,,,,,,,0.0,0.0,64.96875,1.027896306748272,0.0,0.0,2.27390625,3.597637073618952,5.871543323618952,3456268,,,0.0025419363086044,Information
642562,12460.0,1655.397199,BRA,Brazil,Paraná,0.128134077,0.0,0.63,0.51,,,,,,,,,,,,,,,,,,,,,,,,,,2.564408228938499,2.5626815400000003,0.0,,,,,,,,,,,,,,,,,0.0,0.0,10.40625,0.6286255654109997,0.0,0.0,0.36421875,2.200189478938499,2.564408228938499,110580,,,0.0001376584579287,Information
642564,12462.0,3664.636168,BRA,Brazil,Paraná,0.60840505,0.0,0.63,0.51,,,,,,,,,,,,,,,,,,,,,,,,,,0.3854047685050528,12.168101,0.0,,,,,,,,,,,,,,,,,0.0,0.0,2.953125,0.0805843981443008,0.0,0.0,0.103359375,0.2820453935050527,0.3854047685050528,32272,,,2.835346070733961e-08,Information
642566,12464.0,1645.886829,BRA,Brazil,Paraná,0.183362662,0.0,0.63,0.51,,,,,,,,,,,,,,,,,,,,,,,,,,0.1393038651687588,3.66725324,0.0,,,,,,,,,,,,,,,,,0.0,0.0,0.5625,0.0341761043339311,0.0,0.0,0.0196875,0.1196163651687588,0.1393038651687588,95703,,,3.0985236519365766e-11,Information
642610,12479.0,24214.19164,BRA,Brazil,Paraná,0.125471961,0.0,0.63,0.51,,,,,,,,,,,,,,,,,,,,,,,,,,8.700099066430898,2.50943922,0.0,,,,,,,,,,,,,,,,,0.0,0.0,175.921875,0.7265238404088281,0.0,0.0,6.157265625,2.5428334414308984,8.700099066430898,1184448,,,0.00783696033415,Information
642630,12481.0,1735.132918,BRA,Brazil,São Paulo,1.347954437,0.0,0.63,0.51,,,,,,,,,,,,,,,,,,,,,,,,,,12.482946567726788,26.95908874,0.0,,,,,,,,,,,,,,,,,0.0,0.0,52.734375,3.039212412207654,0.0,0.0,1.845703125,10.637243442726788,12.482946567726788,49712,,,0.038642905215758,Information
642640,12482.0,9667.16811,BRA,Brazil,Paraná,0.769806633,0.0,0.63,0.51,,,,,,,,,,,,,,,,,,,,,,,,,,2.0527071731610658,15.39613266,0.0,,,,,,,,,,,,,,,,,0.0,0.0,28.828125,0.2982065137603045,0.0,0.0,1.008984375,1.0437227981610655,2.0527071731610658,266269,,,0.0001000776148357,Information
642650,12483.0,3672.769284,BRA,Brazil,São Paulo,0.377990226,0.0,0.63,0.51,,,,,,,,,,,,,,,,,,,,,,,,,,9.216401855974244,7.55980452,0.0,,,,,,,,,,,,,,,,,0.0,0.0,70.734375,1.9259139231354985,0.0,0.0,2.475703125,6.740698730974245,9.216401855974244,156231,,,0.0105671344421462,Information
642660,12484.0,9053.946481,BRA,Brazil,São Paulo,1.634094571,0.0,0.63,0.51,,,,,,,,,,,,,,,,,,,,,,,,,,4.2675126178983085,32.68189142,0.0,,,,,,,,,,,,,,,,,0.0,0.0,57.9375,0.6399143193995167,0.0,0.0,2.0278125,2.2397001178983085,4.2675126178983085,319701,,,0.0029042702184308,Information
642670,12485.0,888.3900256,BRA,Brazil,Paraná,0.585615524,0.0,0.63,0.51,,,,,,,,,,,,,,,,,,,,,,,,,,13.210969497416372,11.71231048,0.0,,,,,,,,,,,,,,,,,0.0,0.0,30.796875,3.4665939635475347,0.0,0.0,1.077890625,12.133078872416371,13.210969497416372,107043,,,0.0287458910936661,Information
642680,12486.0,8530.468931,BRA,Brazil,Paraná,2.104381948,0.0,0.63,0.51,,,,,,,,,,,,,,,,,,,,,,,,,,5.367200274588028,42.08763896,0.0,,,,,,,,,,,,,,,,,0.0,0.0,70.59375,0.8275482927394366,0.0,0.0,2.47078125,2.8964190245880284,5.367200274588028,232634,,,0.0086886851602742,Information
642690,12487.0,19258.50465,BRA,Brazil,São Paulo,0.16125707,0.0,0.63,0.51,,,,,,,,,,,,,,,,,,,,,,,,,,16.660012766578976,3.2251414,0.0,,,,,,,,,,,,,,,,,0.0,0.0,313.3125,1.626878647593993,0.0,0.0,10.9659375,5.694075266578976,16.660012766578976,672877,,,0.0392568470252973,Information
642725,12493.0,557.4221068,BRA,Brazil,Mato Grosso do Sul,4.017872167,0.0,0.63,0.51,,,,,,,,,,,,,,,,,,,,,,,,,,0.7457517209958964,80.35744334,0.0,,,,,,,,,,,,,,,,,0.0,0.0,1.125,0.2018219202845418,0.0,0.0,0.039375,0.7063767209958963,0.7457517209958964,385,,,0.0005357239478694,Information
642727,12495.0,1631.98086,BRA,Brazil,Mato Grosso do Sul,1.154123226,0.0,0.63,0.51,,,,,,,,,,,,,,,,,,,,,,,,,,0.1403231059771082,23.08246452,0.0,,,,,,,,,,,,,,,,,0.0,0.0,0.5625,0.0344673159934595,0.0,0.0,0.0196875,0.1206356059771082,0.1403231059771082,577,,,1.4266975210915602e-10,Information
642730,12498.0,15816.56078,BRA,Brazil,São Paulo,0.107131225,0.0,0.63,0.51,,,,,,,,,,,,,,,,,,,,,,,,,,9.246816408744278,2.1426245,0.0,,,,,,,,,,,,,,,,,0.0,0.0,161.859375,1.023353795355508,0.0,0.0,5.665078125,3.5817382837442784,9.246816408744278,594119,,,0.0091564077568589,Information
642750,12500.0,14675.67642,BRA,Brazil,São Paulo,0.15837384,0.0,0.63,0.51,,,,,,,,,,,,,,,,,,,,,,,,,,3.624729725451504,3.1674768,0.0,,,,,,,,,,,,,,,,,0.0,0.0,61.59375,0.4196995644147153,0.0,0.0,2.15578125,1.4689484754515034,3.624729725451504,619632,,,0.0005095442443994,Information
642770,12502.0,646.172291,BRA,Brazil,Mato Grosso do Sul,0.943415019,0.0,0.63,0.51,,,,,,,,,,,,,,,,,,,,,,,,,,4.622219814401931,18.86830038,0.0,,,,,,,,,,,,,,,,,0.0,0.0,8.015625,1.240477982686266,0.0,0.0,0.280546875,4.341672939401931,4.622219814401931,3328,,,0.0020837383504603,Information
642781,12503.0,24493.96143,BRA,Brazil,São Paulo,0.494887268,0.0,0.63,0.51,,,,,,,,,,,,,,,,,,,,,,,,,,15.685529271659462,9.89774536,0.0,,,,,,,,,,,,,,,,,0.0,0.0,318.234375,1.2992360419027036,0.0,0.0,11.138203125,4.547326146659462,15.685529271659462,1168374,,,0.0402141293099588,Information
642782,12504.0,2826.271264,BRA,Brazil,São Paulo,0.034739458,0.0,0.63,0.51,,,,,,,,,,,,,,,,,,,,,,,,,,0.4020588838332423,0.69478916,0.0,,,,,,,,,,,,,,,,,0.0,0.0,2.53125,0.0895614668094978,0.0,0.0,0.08859375,0.3134651338332422,0.4020588838332423,198841,,,1.8007569753095726e-08,Information
642783,12505.0,626.9583042,BRA,Brazil,São Paulo,0.160565694,0.0,0.63,0.51,,,,,,,,,,,,,,,,,,,,,,,,,,4.42157266730216,3.21131388,0.0,,,,,,,,,,,,,,,,,0.0,0.0,7.453125,1.1887752263720457,0.0,0.0,0.260859375,4.16071329230216,4.42157266730216,13099,,,0.0010142258491012,Information
642784,12506.0,4056.721152,BRA,Brazil,São Paulo,0.018566239,0.0,0.63,0.51,,,,,,,,,,,,,,,,,,,,,,,,,,1.4155250044107632,0.3713247799999999,0.0,,,,,,,,,,,,,,,,,0.0,0.0,11.671875,0.2877169655459324,0.0,0.0,0.408515625,1.0070093794107633,1.4155250044107632,658236,,,1.0501632688113892e-05,Information
642785,12507.0,7963.710446,BRA,Brazil,São Paulo,3.271414551,0.0,0.63,0.51,,,,,,,,,,,,,,,,,,,,,,,,,,5.22916170495702,65.42829102,0.0,,,,,,,,,,,,,,,,,0.0,0.0,66.234375,0.8317024514162916,0.0,0.0,2.318203125,2.910958579957021,5.22916170495702,927003,,,0.0294603412793316,Information
642786,12508.0,12652.3747,BRA,Brazil,São Paulo,1.813787647,0.0,0.63,0.51,,,,,,,,,,,,,,,,,,,,,,,,,,3.93894389286943,36.27575294,0.0,,,,,,,,,,,,,,,,,0.0,0.0,62.859375,0.4968187908198371,0.0,0.0,2.200078125,1.73886576786943,3.93894389286943,4072568,,,0.0026875294237877,Information
642787,12509.0,3464.461008,BRA,Brazil,São Paulo,0.236334645,0.0,0.63,0.51,,,,,,,,,,,,,,,,,,,,,,,,,,5.145601566694312,4.7266929,0.0,,,,,,,,,,,,,,,,,0.0,0.0,37.828125,1.091890626198375,0.0,0.0,1.323984375,3.821617191694312,5.145601566694312,179899,,,0.0017579937071879,Information
642788,12510.0,5281.484167,BRA,Brazil,São Paulo,0.16074603,0.0,0.63,0.51,,,,,,,,,,,,,,,,,,,,,,,,,,4.856177052572903,3.2149206,0.0,,,,,,,,,,,,,,,,,0.0,0.0,47.953125,0.9079479078779722,0.0,0.0,1.678359375,3.177817677572903,4.856177052572903,1518967,,,0.0013846862272148,Information
642789,12511.0,10962.75552,BRA,Brazil,São Paulo,1.536327454,0.0,0.63,0.51,,,,,,,,,,,,,,,,,,,,,,,,,,7.237449726320024,30.72654908,0.0,,,,,,,,,,,,,,,,,0.0,0.0,108.140625,0.9864365289485784,0.0,0.0,3.784921875,3.452527851320024,7.237449726320024,23822894,,,0.0119481372934114,Information
642818,12520.0,13622.92742,BRA,Brazil,Goiás,0.972614692,0.0,0.63,0.51,,,,,,,,,,,,,,,,,,,,,,,,,,1.7325664109588117,19.45229384,0.0,,,,,,,,,,,,,,,,,0.0,0.0,28.546875,0.2095502245596604,0.0,0.0,0.999140625,0.7334257859588115,1.7325664109588117,139662,,,6.170640324226232e-05,Information
642861,12534.0,195.3820305,BRA,Brazil,Goiás,1.858601845,0.0,0.63,0.51,,,,,,,,,,,,,,,,,,,,,,,,,,35.97453125,37.1720369,0.0,,,,,,,,,,,,,,,,,0.0,0.0,27.84375,14.250926726487116,0.0,0.0,0.97453125,35.0,35.97453125,334,,,0.2885625266430963,Advisory
642862,12535.0,4746.439836,BRA,Brazil,Goiás,0.215855645,0.0,0.63,0.51,,,,,,,,,,,,,,,,,,,,,,,,,,1.6361893461326178,4.317112900000001,0.0,,,,,,,,,,,,,,,,,0.0,0.0,15.046875,0.3170139203236051,0.0,0.0,0.526640625,1.1095487211326178,1.6361893461326178,93135,,,2.3641179806620334e-05,Information
642867,12540.0,1967.20722,BRA,Brazil,Goiás,1.196978737,0.0,0.63,0.51,,,,,,,,,,,,,,,,,,,,,,,,,,0.1796488873633657,23.93957474,0.0,,,,,,,,,,,,,,,,,0.0,0.0,0.84375,0.0428907535323902,0.0,0.0,0.02953125,0.1501176373633657,0.1796488873633657,6110,,,7.320061052202886e-10,Information
642870,12543.0,682.4356772,BRA,Brazil,Minas Gerais,0.148277428,0.0,0.63,0.51,,,,,,,,,,,,,,,,,,,,,,,,,,34.284605290789315,2.96554856,0.0,,,,,,,,,,,,,,,,,0.0,0.0,62.578125,9.169820261654088,0.0,0.0,2.190234375,32.09437091578931,34.284605290789315,23433,,,0.1490840966574345,Information
642891,12545.0,892.6594455,BRA,Brazil,Goiás,2.062596903,0.0,0.63,0.51,,,,,,,,,,,,,,,,,,,,,,,,,,26.60617400694889,41.25193806,0.0,,,,,,,,,,,,,,,,,0.0,0.0,62.296875,6.978795251985398,0.0,0.0,2.180390625,24.425783381948893,26.60617400694889,2252,,,0.2141468502331951,Information
642892,12546.0,4541.091888,BRA,Brazil,Goiás,0.330363341,0.0,0.63,0.51,,,,,,,,,,,,,,,,,,,,,,,,,,1.150509393641515,6.60726682,0.0,,,,,,,,,,,,,,,,,0.0,0.0,10.265625,0.2260607196118614,0.0,0.0,0.359296875,0.7912125186415149,1.150509393641515,43383,,,5.497764285730652e-06,Information
642896,12550.0,2457.228218,BRA,Brazil,Minas Gerais,1.923366774,0.0,0.63,0.51,,,,,,,,,,,,,,,,,,,,,,,,,,2.2706379859375456,38.46733548,0.0,,,,,,,,,,,,,,,,,0.0,0.0,12.796875,0.5207849602678701,0.0,0.0,0.447890625,1.8227473609375453,2.2706379859375456,27267,,,0.0004842735059291,Information
642897,12551.0,583.722227,BRA,Brazil,Minas Gerais,0.235222426,0.0,0.63,0.51,,,,,,,,,,,,,,,,,,,,,,,,,,14.100024562647834,4.704448520000001,0.0,,,,,,,,,,,,,,,,,0.0,0.0,22.21875,3.8063909464708097,0.0,0.0,0.77765625,13.322368312647834,14.100024562647834,169,,,0.0280147201964399,Information
642898,12552.0,10540.56297,BRA,Brazil,Minas Gerais,0.790762421,0.0,0.63,0.51,,,,,,,,,,,,,,,,,,,,,,,,,,0.2589660778929217,15.81524842,0.0,,,,,,,,,,,,,,,,,0.0,0.0,3.796875,0.0360215579694062,0.0,0.0,0.132890625,0.1260754528929216,0.2589660778929217,256335,,,3.645685365460141e-09,Information
642920,12555.0,9936.122455,BRA,Brazil,São Paulo,0.06933777,0.0,0.63,0.51,,,,,,,,,,,,,,,,,,,,,,,,,,1.3430532915695144,1.3867554000000002,0.0,,,,,,,,,,,,,,,,,0.0,0.0,19.125,0.1924795118770041,0.0,0.0,0.669375,0.6736782915695143,1.3430532915695144,1017270,,,8.68519261400562e-06,Information
642941,12557.0,5231.031912,BRA,Brazil,São Paulo,0.083356061,0.0,0.63,0.51,,,,,,,,,,,,,,,,,,,,,,,,,,6.807162967750404,1.6671212199999998,0.0,,,,,,,,,,,,,,,,,0.0,0.0,66.796875,1.276934955071544,0.0,0.0,2.337890625,4.469272342750404,6.807162967750404,324018,,,0.0037882384359067,Information
642943,12559.0,1190.808682,BRA,Brazil,São Paulo,0.101317614,0.0,0.63,0.51,,,,,,,,,,,,,,,,,,,,,,,,,,4.625408119728992,2.02635228,0.0,,,,,,,,,,,,,,,,,0.0,0.0,14.0625,1.1809201770654263,0.0,0.0,0.4921875,4.133220619728992,4.625408119728992,189202,,,0.0011323241937213,Information
642944,12560.0,1012.45557,BRA,Brazil,São Paulo,0.008751699,0.0,0.63,0.51,,,,,,,,,,,,,,,,,,,,,,,,,,2.2484750121377624,0.17503398,0.0,,,,,,,,,,,,,,,,,0.0,0.0,5.90625,0.5833589320393607,0.0,0.0,0.20671875,2.0417562621377625,2.2484750121377624,48324,,,7.436929600712473e-05,Information
642946,12562.0,2203.269031,BRA,Brazil,São Paulo,0.049377629,0.0,0.63,0.51,,,,,,,,,,,,,,,,,,,,,,,,,,1.1176944445047332,0.98755258,0.0,,,,,,,,,,,,,,,,,0.0,0.0,5.765625,0.2616850198584952,0.0,0.0,0.201796875,0.9158975695047332,1.1176944445047332,207629,,,3.663218828620144e-06,Information
642947,12563.0,3535.568986,BRA,Brazil,São Paulo,1.13398048,0.0,0.63,0.51,,,,,,,,,,,,,,,,,,,,,,,,,,2.901806850763427,22.6796096,0.0,,,,,,,,,,,,,,,,,0.0,0.0,21.65625,0.6125251716466934,0.0,0.0,0.75796875,2.143838100763427,2.901806850763427,569203,,,0.0005142285140423,Information
651906,12628.0,1297.68517,ARG,Argentina,Buenos Aires,4.004928651,0.0,0.65,0.49,,,,,,,,,,,,,,,,,,,,,,,,,,1.4140496095215276,80.09857302,0.0,,,,,,,,,,,,,,,,,0.0,0.0,4.640625,0.3576079241490079,0.0,0.0,0.162421875,1.2516277345215276,1.4140496095215276,125706,,,0.0040925948051486,Information
652002,12632.0,5225.301253,ARG,Argentina,La Pampa,3.258100983,0.0,0.65,0.49,,,,,,,,,,,,,,,,,,,,,,,,,,0.7457417956462042,65.16201966,0.0,,,,,,,,,,,,,,,,,0.0,0.0,7.3125,0.1399440844703441,0.0,0.0,0.2559375,0.4898042956462043,0.7457417956462042,713,,,6.050176897420032e-05,Information
652303,12650.0,4394.203425,ARG,Argentina,La Pampa,4.031021315,0.0,0.65,0.49,,,,,,,,,,,,,,,,,,,,,,,,,,1.6445164775804,80.6204263,0.0,,,,,,,,,,,,,,,,,0.0,0.0,14.34375,0.3264243507372572,0.0,0.0,0.50203125,1.1424852275804,1.6445164775804,395,,,0.0068168339801757,Information
652305,12652.0,1483.666019,ARG,Argentina,La Pampa,2.826401165,0.0,0.65,0.49,,,,,,,,,,,,,,,,,,,,,,,,,,1.0666772055166631,56.5280233,0.0,,,,,,,,,,,,,,,,,0.0,0.0,3.9375,0.2653899158619038,0.0,0.0,0.1378125,0.9288647055166632,1.0666772055166631,113,,,0.0001046295704642,Information
652307,12654.0,292.5728665,ARG,Argentina,La Pampa,4.06057135,0.0,0.65,0.49,,,,,,,,,,,,,,,,,,,,,,,,,,2.4240887667268503,81.211427,0.0,,,,,,,,,,,,,,,,,0.0,0.0,1.96875,0.6729092904933858,0.0,0.0,0.06890625,2.3551825167268503,2.4240887667268503,0,,,0.0202901345260451,Information
652309,12656.0,848.4819664,ARG,Argentina,La Pampa,4.008875972,0.0,0.65,0.49,,,,,,,,,,,,,,,,,,,,,,,,,,2.7059850351201,80.17751944,0.0,,,,,,,,,,,,,,,,,0.0,0.0,6.046875,0.7126698314628859,0.0,0.0,0.211640625,2.4943444101201004,2.7059850351201,34,,,0.0232211739119694,Information
652403,12659.0,598.4344158,ARG,Argentina,Mendoza,4.02246749,0.0,0.65,0.49,,,,,,,,,,,,,,,,,,,,,,,,,,2.353528701410625,80.44934980000001,0.0,,,,,,,,,,,,,,,,,0.0,0.0,3.796875,0.6344680218316073,0.0,0.0,0.132890625,2.220638076410625,2.353528701410625,41554,,,0.0171259877118845,Information
652505,12671.0,2724.212356,ARG,Argentina,Mendoza,3.993244648,0.0,0.65,0.49,,,,,,,,,,,,,,,,,,,,,,,,,,0.2528792618229574,79.86489296,0.0,,,,,,,,,,,,,,,,,0.0,0.0,1.546875,0.0567824676637021,0.0,0.0,0.054140625,0.1987386368229573,0.2528792618229574,56,,,6.007705146783876e-06,Information
652509,12675.0,7210.037943,ARG,Argentina,Mendoza,2.209693782,0.0,0.65,0.49,,,,,,,,,,,,,,,,,,,,,,,,,,0.505176701617274,44.19387564,0.0,,,,,,,,,,,,,,,,,0.0,0.0,6.046875,0.0838674504620783,0.0,0.0,0.211640625,0.293536076617274,0.505176701617274,1037,,,1.271006827714398e-06,Information
652601,12677.0,2701.676847,ARG,Argentina,Mendoza,2.937416764,0.0,0.65,0.49,,,,,,,,,,,,,,,,,,,,,,,,,,1.2726850063956612,58.74833528,0.0,,,,,,,,,,,,,,,,,0.0,0.0,7.734375,0.2862805375416175,0.0,0.0,0.270703125,1.0019818813956611,1.2726850063956612,2552,,,0.0002520553189633,Information
653780,12786.0,7663.719627,BOL,Bolivia,Santa Cruz,2.718738597,0.0,0.55,0.63,,,,,,,,,,,,,,,,,,,,,,,,,,33.578774777359705,54.37477194,0.0,,,,,,,,,,,,,,,,,0.0,0.0,416.25,5.431435650674202,0.0,0.0,14.56875,19.010024777359707,33.578774777359705,67,,,0.3795866221950231,Advisory
653782,12788.0,848.7169145,BOL,Bolivia,Santa Cruz,3.212432177,0.0,0.55,0.63,,,,,,,,,,,,,,,,,,,,,,,,,,20.50990738348184,64.24864354,0.0,,,,,,,,,,,,,,,,,0.0,0.0,45.84375,5.401536038137669,0.0,0.0,1.60453125,18.90537613348184,20.50990738348184,7,,,0.2892147626524492,Information
653783,12789.0,309.4115835,BOL,Bolivia,Santa Cruz,2.945623898,0.0,0.55,0.63,,,,,,,,,,,,,,,,,,,,,,,,,,22.9591563400154,58.91247796,0.0,,,,,,,,,,,,,,,,,0.0,0.0,19.6875,6.362883954290114,0.0,0.0,0.6890625,22.2700938400154,22.9591563400154,0,,,0.2802874999900152,Information
653784,12790.0,8269.383673,BOL,Bolivia,Santa Cruz,2.673430648,0.0,0.55,0.63,,,,,,,,,,,,,,,,,,,,,,,,,,8.688166062958178,53.46861296,0.0,,,,,,,,,,,,,,,,,0.0,0.0,112.359375,1.358739410845194,0.0,0.0,3.932578125,4.755587937958179,8.688166062958178,2152,,,0.0466574268560845,Information
653901,12799.0,3051.654628,BOL,Bolivia,Santa Cruz,4.091655863,0.0,0.55,0.63,,,,,,,,,,,,,,,,,,,,,,,,,,53.08296875,81.83311726,0.0,3.0,,,,,,,,,,,,,,,,0.0,0.0,516.65625,16.9303644415761,0.0,0.0,18.08296875,35.0,53.08296875,6935,4.0,0.05767844268204759,0.85819743010616,Warning
661108,12816.0,3397.976096,CHL,Chile,Magallanes y Antártica Chilena,3.254375657,0.0,0.7,0.42,,,,,,,,,,,,,,,,,,,,,,,,,,9.489827499042809,65.08751314,0.0,,,,,,,,,,,,,,,,,0.0,0.0,68.765625,2.0237230354408027,0.0,0.0,2.406796875,7.083030624042809,9.489827499042809,0,,,0.0963515595811713,Information
662909,12887.0,788.6790831,CHL,Chile,Arica y Parinacota,0.382379217,0.0,0.7,0.42,,,,,,,,,,,,,,,,,,,,,,,,,,0.1346568737530145,7.64758434,0.0,,,,,,,,,,,,,,,,,0.0,0.0,0.28125,0.0356608925008613,0.0,0.0,0.00984375,0.1248131237530145,0.1346568737530145,2742,,,3.27452151274064e-11,Information
671013,12913.0,270.9580869,PER,Peru,Tacna,3.81659406,0.0,0.59,0.57,,,,,,,,,,,,,,,,,,,,,,,,,,1.6791207517843627,76.3318812,0.0,,,,,,,,,,,,,,,,,0.0,0.0,1.265625,0.4670925362241036,0.0,0.0,0.044296875,1.6348238767843628,1.6791207517843627,221,,,0.0040741928685244,Information
671017,12917.0,2095.575213,PER,Peru,Moquegua,1.446046848,0.0,0.59,0.57,,,,,,,,,,,,,,,,,,,,,,,,,,1.249989974719185,28.92093696,0.0,,,,,,,,,,,,,,,,,0.0,0.0,6.1875,0.29526499277691,0.0,0.0,0.2165625,1.033427474719185,1.249989974719185,6683,,,2.665080092532284e-05,Information
672027,12944.0,255.6755679,ECU,Ecuador,Guayas,4.012487729,0.0,0.57,0.6,,,,,,,,,,,,,,,,,,,,,,,,,,20.927217570940016,80.24975458,0.0,,,,,,,,,,,,,,,,,0.0,0.0,14.90625,5.830142520268575,0.0,0.0,0.52171875,20.40549882094001,20.927217570940016,50664,,,0.5230797529993212,Advisory
672029,12946.0,5633.743012,ECU,Ecuador,Manabi,1.463468609,0.0,0.57,0.6,,,,,,,,,,,,,,,,,,,,,,,,,,2.608734510410256,29.26937218,0.0,,,,,,,,,,,,,,,,,0.0,0.0,26.859375,0.4767589672600731,0.0,0.0,0.940078125,1.6686563854102558,2.608734510410256,331906,,,0.0004834009821669,Information
672060,12950.0,22471.18892,COL,Colombia,Nariño,0.956598939,0.023461783,0.58,0.58,,,,,,,,,,,,,,,,,,,,,,,,,,1.8705032527850456,19.13197878,0.46923566,,,,,,,,,,,,,,,,,0.0,0.0,36.984375,0.1645857507957273,0.0,0.0,1.294453125,0.5760501277850455,1.8705032527850456,2246030,,,8.273928326602058e-05,Information
672070,12951.0,22372.07589,COL,Colombia,Cauca,4.010616815,4.011163628,0.58,0.58,,,,,,,,,,,,,,,,,,,,,,,,,,5.2345841386344825,80.21233629999999,80.22327256,,,,,,,,,,,,,,,,,0.0,0.0,103.359375,0.4620017181812806,0.0,0.0,3.617578125,1.6170060136344822,5.2345841386344825,790738,,,0.0918879529112144,Information
672080,12952.0,15432.09898,COL,Colombia,Chocó,2.206648018,0.0,0.58,0.58,,,,,,,,,,,,,,,,,,,,,,,,,,1.7358074906339926,44.13296036,0.0,,,,,,,,,,,,,,,,,0.0,0.0,30.09375,0.1950074973239979,0.0,0.0,1.05328125,0.6825262406339927,1.7358074906339926,220029,,,0.0002587778751568,Information
672090,12953.0,449.4462584,PAN,Panama,Panamá,0.0,2.078985454,0.62,0.53,,,,,,,,,,,,,,,,,,,,,,,,,,36.707890625,0.0,41.57970908,,,,,,,,,,,,,,,,,0.0,0.0,48.796875,10.85711007549208,0.0,0.0,1.707890625,35.0,36.707890625,3338,,,0.32108334559827,Advisory
672091,12954.0,2550.615873,COL,Colombia,Chocó,3.554781204,3.120869003,0.58,0.58,,,,,,,,,,,,,,,,,,,,,,,,,,4.141395142345183,71.09562408000001,62.41738006,,,,,,,,,,,,,,,,,0.0,0.0,24.046875,0.9427870049557666,0.0,0.0,0.841640625,3.299754517345183,4.141395142345183,15160,,,0.026010478971134,Information
672092,12955.0,4093.620774,COL,Colombia,Chocó,2.224947811,0.0,0.58,0.58,,,,,,,,,,,,,,,,,,,,,,,,,,0.3219579506502874,44.49895622,0.0,,,,,,,,,,,,,,,,,0.0,0.0,2.671875,0.0652692359000821,0.0,0.0,0.093515625,0.2284423256502873,0.3219579506502874,75892,,,1.304265716840557e-07,Information
672093,16278.0,6086.95118,COL,Colombia,Chocó,2.123303946,3.153155828,0.58,0.58,,,,,,,,,,,,,,,,,,,,,,,,,,3.434064373289797,42.46607892,63.06311656,,,,,,,,,,,,,,,,,0.0,0.0,37.125,0.6099112495113708,0.0,0.0,1.299375,2.1346893732897976,3.434064373289797,46217,,,0.008763401265096,Information
672095,12957.0,684.1437484,PAN,Panama,Darién,2.246630117,3.477620355,0.62,0.53,,,,,,,,,,,,,,,,,,,,,,,,,,5.534207466764676,44.93260234,69.5524071,,,,,,,,,,,,,,,,,0.0,0.0,10.125,1.479952133361336,0.0,0.0,0.354375,5.179832466764676,5.534207466764676,5931,,,0.044091750721876,Information
672096,12958.0,10803.88278,PAN,Panama,Darién,2.360591173,0.0,0.62,0.53,,,,,,,,,,,,,,,,,,,,,,,,,,1.2984214501580456,47.21182346,0.0,,,,,,,,,,,,,,,,,0.0,0.0,19.265625,0.178321307188013,0.0,0.0,0.674296875,0.6241245751580455,1.2984214501580456,36221,,,0.0001056378453721,Information
712000,13018.0,15145.59768,CAN,Canada,Saskatchewan,3.848978687,0.0,0.8,0.28,,,,,,,,,,,,,,,,,,,,,,,,,,0.4412654109410012,76.97957373999999,0.0,,,,,,,,,,,,,,,,,0.0,0.0,7.59375,0.0501383316974289,0.0,0.0,0.26578125,0.1754841609410011,0.4412654109410012,9290,,,3.834893296543582e-05,Information
712222,13031.0,19002.47539,CAN,Canada,Manitoba,3.416211463,0.0,0.8,0.28,,,,,,,,,,,,,,,,,,,,,,,,,,26.66759316632452,68.32422926,0.0,,,,,,,,,,,,,,,,,0.0,0.0,499.21875,2.627124833235578,0.0,0.0,17.47265625,9.194936916324524,26.66759316632452,27809,,,0.4316782891270637,Advisory
712225,13034.0,12266.82717,CAN,Canada,Manitoba,2.261986373,0.0,0.8,0.28,,,,,,,,,,,,,,,,,,,,,,,,,,67.93333267738757,45.23972746,0.0,3.0,,,,,,,,,,,,,,,,0.0,0.0,1154.25,9.409523622110733,0.0,0.0,35.0,32.93333267738757,67.93333267738757,1142,152.0,13.309982486865149,0.5853353501189995,Watch
712226,13035.0,4112.97624,CAN,Canada,Manitoba,0.033565554,0.0,0.8,0.28,,,,,,,,,,,,,,,,,,,,,,,,,,41.86677575450297,0.67131108,0.0,,,,,,,,,,,,,,,,,0.0,0.0,348.609375,8.475842179857992,0.0,0.0,12.201328125,29.66544762950297,41.86677575450297,991,,,0.1938099122346536,Advisory
712228,13037.0,11041.48261,CAN,Canada,Manitoba,1.422450046,0.0,0.8,0.28,,,,,,,,,,,,,,,,,,,,,,,,,,70.0,28.44900092,0.0,3.0,,,,,,,,,,,,,,,,0.0,0.0,1510.171875,13.677256286368625,0.0,0.0,35.0,35.0,70.0,8794,1.0,0.01137138958380714,0.4912577890565553,Watch
712232,13040.0,4736.681859,CAN,Canada,Manitoba,4.012829163,0.0,0.8,0.28,,,,,,,,,,,,,,,,,,,,,,,,,,24.54650099304896,80.25658326,0.0,,,,,,,,,,,,,,,,,0.0,0.0,225.421875,4.759067248013989,0.0,0.0,7.889765625,16.65673536804896,24.54650099304896,1134,,,0.5861877411146129,Advisory
712236,13044.0,4314.130189,CAN,Canada,Manitoba,3.229299378,0.0,0.8,0.28,,,,,,,,,,,,,,,,,,,,,,,,,,28.79085804256168,64.58598755999999,0.0,,,,,,,,,,,,,,,,,0.0,0.0,247.921875,5.746740690731906,0.0,0.0,8.677265625,20.11359241756168,28.79085804256168,2114,,,0.4179855355530358,Advisory
712238,13046.0,9778.010895,CAN,Canada,Manitoba,3.226895867,0.0,0.8,0.28,,,,,,,,,,,,,,,,,,,,,,,,,,70.0,64.53791734,0.0,3.0,,,,,,,,,,,,,,,,0.0,0.0,1164.65625,11.910973126071982,0.0,0.0,35.0,35.0,70.0,743,0.0,0.0,0.7517576504554919,Watch
712239,13047.0,8011.422414,CAN,Canada,Manitoba,0.750845504,0.0,0.8,0.28,,,,,,,,,,,,,,,,,,,,,,,,,,32.15618882751436,15.01691008,0.0,,,,,,,,,,,,,,,,,0.0,0.0,408.65625,5.100920022146961,0.0,0.0,14.30296875,17.853220077514365,32.15618882751436,1198,,,0.1655632444286803,Information
712245,13052.0,354.0863813,CAN,Canada,Ontario,1.380229864,0.0,0.8,0.28,,,,,,,,,,,,,,,,,,,,,,,,,,1.583163706743808,27.60459728,0.0,,,,,,,,,,,,,,,,,0.0,0.0,1.546875,0.436863737641088,0.0,0.0,0.054140625,1.529023081743808,1.583163706743808,606,,,6.59944544195761e-05,Information
712262,13060.0,5910.006425,USA,United States,Minnesota,3.138779444,0.0,0.77,0.32,,,,,,,,,,,,,,,,,,,,,,,,,,2.8752308241529123,62.77558888,0.0,,,,,,,,,,,,,,,,,0.0,0.0,30.515625,0.5163382711865464,0.0,0.0,1.068046875,1.8071839491529125,2.8752308241529123,7998,,,0.0052210948845433,Information
712264,13062.0,9624.636702,CAN,Canada,Manitoba,1.497072416,0.0,0.8,0.28,,,,,,,,,,,,,,,,,,,,,,,,,,8.630705772458528,29.94144832,0.0,,,,,,,,,,,,,,,,,0.0,0.0,120.9375,1.2565409349881511,0.0,0.0,4.2328125,4.3978932724585285,8.630705772458528,13616,,,0.0181297646642301,Information
712280,13069.0,3898.184879,CAN,Canada,Saskatchewan,0.830144942,0.0,0.8,0.28,,,,,,,,,,,,,,,,,,,,,,,,,,3.0357942562591607,16.60289884,0.0,,,,,,,,,,,,,,,,,0.0,0.0,24.328125,0.6240885375026173,0.0,0.0,0.851484375,2.1843098812591606,3.0357942562591607,5346,,,0.0004612731791147,Information
712282,13071.0,4056.799662,CAN,Canada,Manitoba,3.154050361,0.0,0.8,0.28,,,,,,,,,,,,,,,,,,,,,,,,,,16.150406310929277,63.08100722,0.0,,,,,,,,,,,,,,,,,0.0,0.0,133.171875,3.2826830531226503,0.0,0.0,4.661015625,11.489390685929276,16.150406310929277,5466,,,0.2041806231431547,Information
712287,13076.0,487.9439978,CAN,Canada,Saskatchewan,2.006008745,0.0,0.8,0.28,,,,,,,,,,,,,,,,,,,,,,,,,,1.3752900840902724,40.1201749,0.0,,,,,,,,,,,,,,,,,0.0,0.0,1.828125,0.3746587740257921,0.0,0.0,0.063984375,1.3113057090902724,1.3752900840902724,2674,,,8.04301577225103e-05,Information
712288,13077.0,3721.792182,CAN,Canada,Saskatchewan,1.146735541,0.0,0.8,0.28,,,,,,,,,,,,,,,,,,,,,,,,,,0.4355124150086759,22.93471082,0.0,,,,,,,,,,,,,,,,,0.0,0.0,3.375,0.0906821185739074,0.0,0.0,0.118125,0.3173874150086759,0.4355124150086759,234706,,,1.1341660602334497e-07,Information
712289,13078.0,13338.73691,CAN,Canada,Saskatchewan,2.073090954,0.0,0.8,0.28,,,,,,,,,,,,,,,,,,,,,,,,,,1.6534628824980468,41.46181908,0.0,,,,,,,,,,,,,,,,,0.0,0.0,27.0,0.2024179664280134,0.0,0.0,0.945,0.7084628824980469,1.6534628824980468,43650,,,0.0001806784314009,Information
712294,13082.0,4571.998466,USA,United States,North Dakota,0.016188246,0.0,0.77,0.32,,,,,,,,,,,,,,,,,,,,,,,,,,1.804020469398917,0.32376492,0.0,,,,,,,,,,,,,,,,,0.0,0.0,16.171875,0.353715669828262,0.0,0.0,0.566015625,1.2380048443989171,1.804020469398917,9961,,,3.0114793280681344e-05,Information
712296,13084.0,4358.07554,USA,United States,North Dakota,1.344729106,0.0,0.77,0.32,,,,,,,,,,,,,,,,,,,,,,,,,,35.398576315844466,26.89458212,0.0,,,,,,,,,,,,,,,,,0.0,0.0,306.984375,7.044035197384132,0.0,0.0,10.744453125,24.654123190844462,35.398576315844466,11393,,,0.234155201432534,Advisory
712298,13086.0,5457.825912,CAN,Canada,Saskatchewan,0.409079591,0.0,0.8,0.28,,,,,,,,,,,,,,,,,,,,,,,,,,11.137971240662663,8.181591820000001,0.0,,,,,,,,,,,,,,,,,0.0,0.0,112.359375,2.0586837473321897,0.0,0.0,3.932578125,7.205393115662664,11.137971240662663,6755,,,0.017452762380036,Information
712299,13087.0,16125.24011,CAN,Canada,Saskatchewan,1.849744967,0.0,0.8,0.28,,,,,,,,,,,,,,,,,,,,,,,,,,3.141817121757271,36.99489934,0.0,,,,,,,,,,,,,,,,,0.0,0.0,55.40625,0.3435995347877917,0.0,0.0,1.93921875,1.202598371757271,3.141817121757271,37600,,,0.0013569421200811,Information
712420,13100.0,10176.9081,CAN,Canada,Saskatchewan,0.072187801,0.0,0.8,0.28,,,,,,,,,,,,,,,,,,,,,,,,,,1.5417942790243826,1.44375602,0.0,,,,,,,,,,,,,,,,,0.0,0.0,22.21875,0.2183251511498236,0.0,0.0,0.77765625,0.7641380290243825,1.5417942790243826,9718,,,1.607475915158523e-05,Information
712500,13108.0,7587.329267,CAN,Canada,Saskatchewan,0.004682871,0.0,0.8,0.28,,,,,,,,,,,,,,,,,,,,,,,,,,0.1140884139759654,0.0936574199999999,0.0,,,,,,,,,,,,,,,,,0.0,0.0,1.40625,0.0185341897074187,0.0,0.0,0.04921875,0.0648696639759654,0.1140884139759654,7871,,,6.219678720639466e-12,Information
712502,13110.0,2136.009414,CAN,Canada,Saskatchewan,0.160239885,0.0,0.8,0.28,,,,,,,,,,,,,,,,,,,,,,,,,,4.334460207310582,3.2047977,0.0,,,,,,,,,,,,,,,,,0.0,0.0,21.796875,1.0204484520887378,0.0,0.0,0.762890625,3.571569582310582,4.334460207310582,4475,,,0.000948182465059,Information
712504,13112.0,2923.316159,CAN,Canada,Saskatchewan,0.355465405,0.0,0.8,0.28,,,,,,,,,,,,,,,,,,,,,,,,,,3.503116962137987,7.1093081,0.0,,,,,,,,,,,,,,,,,0.0,0.0,22.640625,0.7744843106108534,0.0,0.0,0.792421875,2.710695087137987,3.503116962137987,2577,,,0.0005231524794267,Information
712505,13113.0,8313.231197,CAN,Canada,Saskatchewan,1.441975347,0.0,0.8,0.28,,,,,,,,,,,,,,,,,,,,,,,,,,2.808183371752623,28.83950694,0.0,,,,,,,,,,,,,,,,,0.0,0.0,36.421875,0.4381193562150351,0.0,0.0,1.274765625,1.5334177467526229,2.808183371752623,6521,,,0.0006137754513581,Information
712506,13114.0,3951.950026,CAN,Canada,Saskatchewan,0.003274671,0.0,0.8,0.28,,,,,,,,,,,,,,,,,,,,,,,,,,0.1216331874304417,0.06549342,0.0,,,,,,,,,,,,,,,,,0.0,0.0,0.984375,0.0249085892658405,0.0,0.0,0.034453125,0.0871800624304417,0.1216331874304417,18198,,,9.647516940457984e-12,Information
712601,13119.0,8103.565745,CAN,Canada,Alberta,0.012163795,0.0,0.8,0.28,,,,,,,,,,,,,,,,,,,,,,,,,,0.3408632945169039,0.2432759,0.0,,,,,,,,,,,,,,,,,0.0,0.0,4.359375,0.0537957627191154,0.0,0.0,0.152578125,0.1882851695169039,0.3408632945169039,21475,,,6.773897655673997e-09,Information
721995,13304.0,5222.859508,CAN,Canada,Québec,3.858241008,0.0,0.8,0.28,,,,,,,,,,,,,,,,,,,,,,,,,,0.1147647360943667,77.16482015999999,0.0,,,,,,,,,,,,,,,,,0.0,0.0,1.125,0.0215399245983905,0.0,0.0,0.039375,0.0753897360943667,0.1147647360943667,397,,,6.01059373587086e-08,Information
722670,13345.0,3677.055532,CAN,Canada,Québec,2.357352198,0.0,0.8,0.28,,,,,,,,,,,,,,,,,,,,,,,,,,33.94163283204159,47.147043960000005,0.0,,,,,,,,,,,,,,,,,0.0,0.0,260.71875,7.090421880583313,0.0,0.0,9.12515625,24.816476582041595,33.94163283204159,0,,,0.3289294226567019,Information
723170,16290.0,1415.424718,CAN,Canada,Newfoundland and Labrador,4.035882304,0.0,0.8,0.28,,,,,,,,,,,,,,,,,,,,,,,,,,46.876484375,80.71764608000001,0.0,3.0,,,,,,,,,,,,,,,,0.0,0.0,339.328125,23.9735904451015,0.0,0.0,11.876484375,35.0,46.876484375,0,0.0,0.0,0.8128172311998446,Warning
723200,13394.0,14691.2774,CAN,Canada,New foundland and Labrador,3.198858388,0.0,0.8,0.28,,,,,,,,,,,,,,,,,,,,,,,,,,70.0,63.97716776,0.0,3.0,,,,,,,,,,,,,,,,0.0,0.0,2786.625,18.967887703297983,0.0,0.0,35.0,35.0,70.0,774,7.0,0.9043927648578811,0.74676436547658,Watch
725701,13537.0,1432.990431,USA,United States,Michigan,2.410890724,0.0,0.77,0.32,,,,,,,,,,,,,,,,,,,,,,,,,,2.199050265826634,48.21781448,0.0,,,,,,,,,,,,,,,,,0.0,0.0,7.875,0.549550075950467,0.0,0.0,0.275625,1.9234252658266344,2.199050265826634,1041,,,0.0007915014722814,Information
725703,13539.0,1189.146009,USA,United States,Michigan,2.240404963,0.0,0.77,0.32,,,,,,,,,,,,,,,,,,,,,,,,,,3.7049497778743015,44.80809926,0.0,,,,,,,,,,,,,,,,,0.0,0.0,11.25,0.9460570793926576,0.0,0.0,0.39375,3.3111997778743016,3.7049497778743015,619,,,0.0034550445381586,Information
725704,13540.0,4713.468277,USA,United States,Michigan,3.521731694,0.0,0.77,0.32,,,,,,,,,,,,,,,,,,,,,,,,,,17.100161531978927,70.43463388,0.0,,,,,,,,,,,,,,,,,0.0,0.0,156.515625,3.320604187708265,0.0,0.0,5.478046875,11.622114656978926,17.100161531978927,30502,,,0.2920122426269035,Information
725705,13541.0,5439.864759,USA,United States,Michigan,3.771333867,0.0,0.77,0.32,,,,,,,,,,,,,,,,,,,,,,,,,,10.896338130900029,75.42667734,0.0,,,,,,,,,,,,,,,,,0.0,0.0,109.6875,2.016364465971437,0.0,0.0,3.8390625,7.057275630900029,10.896338130900029,2249,,,0.2080417745717478,Information
725707,13543.0,1409.722928,USA,United States,Michigan,4.007636504,0.0,0.77,0.32,,,,,,,,,,,,,,,,,,,,,,,,,,10.994639571432874,80.15273008,0.0,,,,,,,,,,,,,,,,,0.0,0.0,38.8125,2.753200591837964,0.0,0.0,1.3584375,9.636202071432876,10.994639571432874,974,,,0.2773745896015414,Information
725709,13545.0,2210.660549,USA,United States,Michigan,4.000842521,0.0,0.77,0.32,,,,,,,,,,,,,,,,,,,,,,,,,,11.14632068442144,80.01685042,0.0,,,,,,,,,,,,,,,,,0.0,0.0,57.65625,2.60810055269184,0.0,0.0,2.01796875,9.12835193442144,11.14632068442144,4882,,,0.279684188917857,Information
725821,13547.0,800.3417935,USA,United States,Michigan,2.005544951,0.0,0.77,0.32,,,,,,,,,,,,,,,,,,,,,,,,,,12.353941130027,40.110899020000005,0.0,,,,,,,,,,,,,,,,,0.0,0.0,26.15625,3.268134965722,0.0,0.0,0.91546875,11.438472380027,12.353941130027,49,,,0.0572231670984171,Information
725822,13548.0,7708.399019,USA,United States,Michigan,2.041138767,0.0,0.77,0.32,,,,,,,,,,,,,,,,,,,,,,,,,,24.62654956931543,40.82277534,0.0,,,,,,,,,,,,,,,,,0.0,0.0,306.28125,3.973344519804409,0.0,0.0,10.71984375,13.90670581931543,24.62654956931543,42917,,,0.1903216420640572,Information
725823,13549.0,3652.635952,USA,United States,Michigan,1.365422406,0.0,0.77,0.32,,,,,,,,,,,,,,,,,,,,,,,,,,19.445346554433566,27.30844812,0.0,,,,,,,,,,,,,,,,,0.0,0.0,148.640625,4.069407051266733,0.0,0.0,5.202421875,14.242924679433566,19.445346554433566,8738,,,0.093648529690196,Information
725825,13551.0,671.9116476,USA,United States,Wisconsin,1.504056721,0.0,0.77,0.32,,,,,,,,,,,,,,,,,,,,,,,,,,26.110013598332703,30.08113442,0.0,,,,,,,,,,,,,,,,,0.0,0.0,46.96875,6.990316385237916,0.0,0.0,1.64390625,24.466107348332702,26.110013598332703,16294,,,0.1623079577806513,Information
725826,13552.0,3004.398724,USA,United States,Wisconsin,2.692473998,0.0,0.77,0.32,,,,,,,,,,,,,,,,,,,,,,,,,,10.098145626935349,53.84947996,0.0,,,,,,,,,,,,,,,,,0.0,0.0,66.65625,2.218621964838671,0.0,0.0,2.33296875,7.765176876935348,10.098145626935349,15401,,,0.0643112484724647,Information
725828,13554.0,3829.882738,USA,United States,Wisconsin,1.597521811,0.0,0.77,0.32,,,,,,,,,,,,,,,,,,,,,,,,,,17.50652027254339,31.95043622,0.0,,,,,,,,,,,,,,,,,0.0,0.0,138.515625,3.616706685012397,0.0,0.0,4.848046875,12.65847339754339,17.50652027254339,69807,,,0.0872853338519411,Information
725829,13555.0,9633.301051,USA,United States,Wisconsin,1.490195133,0.0,0.77,0.32,,,,,,,,,,,,,,,,,,,,,,,,,,23.683438726455314,29.80390266,0.0,,,,,,,,,,,,,,,,,0.0,0.0,332.015625,3.446540528987232,0.0,0.0,11.620546875,12.062891851455312,23.683438726455314,154966,,,0.1386252282500473,Information
725831,13556.0,12530.79069,USA,United States,Michigan,3.085324389,0.0,0.77,0.32,,,,,,,,,,,,,,,,,,,,,,,,,,28.49603324028156,61.70648778,0.0,,,,,,,,,,,,,,,,,0.0,0.0,452.8125,3.6135987829375895,0.0,0.0,15.8484375,12.647595740281565,28.49603324028156,52761,,,0.3838000204395515,Advisory
725832,13557.0,5624.806788,USA,United States,Michigan,1.200090476,0.0,0.77,0.32,,,,,,,,,,,,,,,,,,,,,,,,,,10.541247358599747,24.00180952,0.0,,,,,,,,,,,,,,,,,0.0,0.0,108.421875,1.9275662095999275,0.0,0.0,3.794765625,6.7464817335997465,10.541247358599747,37734,,,0.0241106125521306,Information
725833,13558.0,4485.222827,USA,United States,Wisconsin,0.632039752,0.0,0.77,0.32,,,,,,,,,,,,,,,,,,,,,,,,,,9.775677194578986,12.64079504,0.0,,,,,,,,,,,,,,,,,0.0,0.0,86.484375,1.9282068770225675,0.0,0.0,3.026953125,6.748724069578986,9.775677194578986,14244,,,0.0142573677165844,Information
725834,13559.0,3181.420475,USA,United States,Wisconsin,1.319194719,0.0,0.77,0.32,,,,,,,,,,,,,,,,,,,,,,,,,,5.383635506820843,26.38389438,0.0,,,,,,,,,,,,,,,,,0.0,0.0,37.125,1.1669315733773835,0.0,0.0,1.299375,4.084260506820843,5.383635506820843,98925,,,0.0044548468781609,Information
725836,13561.0,3806.568657,USA,United States,Michigan,0.555706148,0.0,0.77,0.32,,,,,,,,,,,,,,,,,,,,,,,,,,8.693839746924434,11.11412296,0.0,,,,,,,,,,,,,,,,,0.0,0.0,68.484375,1.7991104634069812,0.0,0.0,2.396953125,6.296886621924434,8.693839746924434,31951,,,0.0100429718594712,Information
725837,13562.0,5285.303917,USA,United States,Wisconsin,4.003923773,0.0,0.77,0.32,,,,,,,,,,,,,,,,,,,,,,,,,,7.529920045251593,80.07847546,0.0,,,,,,,,,,,,,,,,,0.0,0.0,74.390625,1.4074994772147411,0.0,0.0,2.603671875,4.9262481702515935,7.529920045251593,118667,,,0.1652974369373104,Information
725838,13563.0,2065.693896,USA,United States,Michigan,0.242747943,0.0,0.77,0.32,,,,,,,,,,,,,,,,,,,,,,,,,,7.129656353914866,4.85495886,0.0,,,,,,,,,,,,,,,,,0.0,0.0,34.875,1.6882946725471046,0.0,0.0,1.220625,5.909031353914866,7.129656353914866,27357,,,0.0047829361515673,Information
725839,13564.0,1317.347174,USA,United States,Wisconsin,4.02160679,0.0,0.77,0.32,,,,,,,,,,,,,,,,,,,,,,,,,,8.837333825313861,80.4321358,0.0,,,,,,,,,,,,,,,,,0.0,0.0,29.390625,2.2310462715182457,0.0,0.0,1.028671875,7.80866195031386,8.837333825313861,9956,,,0.2133348448722388,Information
725916,13576.0,4530.974121,USA,United States,Michigan,3.911811798,0.0,0.77,0.32,,,,,,,,,,,,,,,,,,,,,,,,,,9.312917143590155,78.23623596,0.0,,,,,,,,,,,,,,,,,0.0,0.0,82.96875,1.831145969597188,0.0,0.0,2.90390625,6.409010893590158,9.312917143590155,46155,,,0.1979840486827788,Information
725918,13578.0,3344.667439,USA,United States,Michigan,3.887356056,0.0,0.77,0.32,,,,,,,,,,,,,,,,,,,,,,,,,,2.4743204120999613,77.74712112,0.0,,,,,,,,,,,,,,,,,0.0,0.0,17.71875,0.5297611891714176,0.0,0.0,0.62015625,1.8541641620999607,2.4743204120999613,115,,,0.0140278870074077,Information
725992,13596.0,4240.577528,USA,United States,Michigan,1.819114716,0.0,0.77,0.32,,,,,,,,,,,,,,,,,,,,,,,,,,19.25569064557498,36.38229432,0.0,,,,,,,,,,,,,,,,,0.0,0.0,163.828125,3.863344648735709,0.0,0.0,5.733984375,13.52170627057498,19.25569064557498,3531,,,0.1160268742785834,Information
741004,13768.0,1373.581515,USA,United States,Mississippi,3.331462692,0.571681191,0.77,0.32,,,,,,,,,,,,,,,,,,,,,,,,,,19.032255845342032,66.62925384,11.43362382,,,,,,,,,,,,,,,,,0.0,0.0,65.671875,4.781068634383438,0.0,0.0,2.298515625,16.733740220342032,19.032255845342032,42046,,,0.2872132230686433,Information
742221,13775.0,64.53986622,USA,United States,Louisiana,3.564829938,0.0,0.77,0.32,,,,,,,,,,,,,,,,,,,,,,,,,,20.72336172204864,71.29659876,0.0,,,,,,,,,,,,,,,,,0.0,0.0,3.796875,5.882991742013894,0.0,0.0,0.132890625,20.59047109704863,20.72336172204864,51,,,0.3723052512269031,Advisory
742228,13782.0,8316.711561,USA,United States,Arkansas,0.134409726,0.0,0.77,0.32,,,,,,,,,,,,,,,,,,,,,,,,,,11.631244059597377,2.68819452,0.0,,,,,,,,,,,,,,,,,0.0,0.0,150.890625,1.8143063384563929,0.0,0.0,5.281171875,6.350072184597375,11.631244059597377,120424,,,0.0168256508895288,Information
742239,13792.0,1979.630943,USA,United States,Arkansas,0.646053014,0.0,0.77,0.32,,,,,,,,,,,,,,,,,,,,,,,,,,5.778185965657702,12.92106028,0.0,,,,,,,,,,,,,,,,,0.0,0.0,27.28125,1.3780977759022004,0.0,0.0,0.95484375,4.823342215657702,5.778185965657702,20041,,,0.0033366202851937,Information
742272,13797.0,3846.225664,USA,United States,Texas,0.698728676,0.0,0.77,0.32,,,,,,,,,,,,,,,,,,,,,,,,,,10.542514076943874,13.97457352,0.0,,,,,,,,,,,,,,,,,0.0,0.0,83.671875,2.175428129126821,0.0,0.0,2.928515625,7.613998451943873,10.542514076943874,10629,,,0.0178984533310639,Information
742273,13798.0,2853.320618,USA,United States,Oklahoma,0.003044633,0.0,0.77,0.32,,,,,,,,,,,,,,,,,,,,,,,,,,6.629282622400006,0.06089266,0.0,,,,,,,,,,,,,,,,,0.0,0.0,42.046875,1.4736119992571446,0.0,0.0,1.471640625,5.157641997400006,6.629282622400006,43601,,,0.003333206701247,Information
742414,13819.0,2887.849935,USA,United States,Arkansas,0.453157044,0.0,0.77,0.32,,,,,,,,,,,,,,,,,,,,,,,,,,1.97687376554846,9.06314088,0.0,,,,,,,,,,,,,,,,,0.0,0.0,12.65625,0.4382585758709885,0.0,0.0,0.44296875,1.5339050155484597,1.97687376554846,4558,,,6.442438083215022e-05,Information
742442,13836.0,1327.562564,USA,United States,Oklahoma,2.616205751,0.0,0.77,0.32,,,,,,,,,,,,,,,,,,,,,,,,,,2.9817443217029163,52.32411502,0.0,,,,,,,,,,,,,,,,,0.0,0.0,9.984375,0.752083199057976,0.0,0.0,0.349453125,2.632291196702916,2.9817443217029163,9068,,,0.0027863601227869,Information
742823,13953.0,1163.719264,USA,United States,Illinois,3.19468416,0.0,0.77,0.32,,,,,,,,,,,,,,,,,,,,,,,,,,40.08921875,63.8936832,0.0,,,,,,,,,,,,,,,,,0.0,0.0,145.40625,12.49495943465039,0.0,0.0,5.08921875,35.0,40.08921875,4159,,,0.5416691078803642,Advisory
742824,13954.0,4844.421588,USA,United States,Illinois,0.115042679,0.0,0.77,0.32,,,,,,,,,,,,,,,,,,,,,,,,,,0.8596601291093448,2.30085358,0.0,,,,,,,,,,,,,,,,,0.0,0.0,8.015625,0.1654609297455271,0.0,0.0,0.280546875,0.5791132541093448,0.8596601291093448,58399,,,1.105522526169843e-06,Information
742842,13962.0,1531.556467,USA,United States,Iowa,0.036091019,0.0,0.77,0.32,,,,,,,,,,,,,,,,,,,,,,,,,,1.2229239101713292,0.72182038,0.0,,,,,,,,,,,,,,,,,0.0,0.0,4.640625,0.3030005814775226,0.0,0.0,0.162421875,1.0605020351713292,1.2229239101713292,17176,,,5.495931044308996e-06,Information
742843,13963.0,3021.148156,USA,United States,Iowa,0.32021527,0.0,0.77,0.32,,,,,,,,,,,,,,,,,,,,,,,,,,0.827317943522516,6.4043054,0.0,,,,,,,,,,,,,,,,,0.0,0.0,5.484375,0.1815328052921474,0.0,0.0,0.191953125,0.6353648185225159,0.827317943522516,199977,,,1.1306414380741645e-06,Information
742844,13964.0,9338.672834,USA,United States,Iowa,0.654136208,0.0,0.77,0.32,,,,,,,,,,,,,,,,,,,,,,,,,,2.303459200560787,13.08272416,0.0,,,,,,,,,,,,,,,,,0.0,0.0,31.78125,0.3403187001602248,0.0,0.0,1.11234375,1.1911154505607868,2.303459200560787,297789,,,0.0001414117919157,Information
742846,13966.0,2332.816496,USA,United States,Iowa,1.66196612,0.0,0.77,0.32,,,,,,,,,,,,,,,,,,,,,,,,,,1.222954022040116,33.2393224,0.0,,,,,,,,,,,,,,,,,0.0,0.0,6.609375,0.2833216848686046,0.0,0.0,0.231328125,0.991625897040116,1.222954022040116,19102,,,3.169199369865171e-05,Information
742866,13976.0,2233.005919,USA,United States,Iowa,0.636774853,0.0,0.77,0.32,,,,,,,,,,,,,,,,,,,,,,,,,,0.2696335262898829,12.73549706,0.0,,,,,,,,,,,,,,,,,0.0,0.0,1.40625,0.062975650368538,0.0,0.0,0.04921875,0.2204147762898829,0.2696335262898829,13140,,,3.743135942088228e-09,Information
742892,13999.0,3933.772002,USA,United States,Minnesota,2.007362725,0.0,0.77,0.32,,,,,,,,,,,,,,,,,,,,,,,,,,20.95533279829013,40.1472545,0.0,,,,,,,,,,,,,,,,,0.0,0.0,169.03125,4.296925442368607,0.0,0.0,5.91609375,15.039239048290126,20.95533279829013,102540,,,0.1469753751756281,Information
742893,14000.0,91.98748761,USA,United States,Minnesota,2.206938978,0.0,0.77,0.32,,,,,,,,,,,,,,,,,,,,,,,,,,23.75916656704746,44.13877956,0.0,,,,,,,,,,,,,,,,,0.0,0.0,6.1875,6.726458304870703,0.0,0.0,0.2165625,23.54260406704746,23.75916656704746,21327,,,0.1963027039435627,Information
742900,14007.0,24547.13913,CAN,Canada,Saskatchewan,1.734420394,0.0,0.8,0.28,,,,,,,,,,,,,,,,,,,,,,,,,,1.295338850150875,34.68840788,0.0,,,,,,,,,,,,,,,,,0.0,0.0,26.296875,0.1071280643288214,0.0,0.0,0.920390625,0.3749482251508749,1.295338850150875,12328,,,4.420156677717456e-05,Information
742928,14024.0,7544.644284,USA,United States,Nebraska,0.332137835,0.0,0.77,0.32,,,,,,,,,,,,,,,,,,,,,,,,,,0.1716831360733072,6.6427567,0.0,,,,,,,,,,,,,,,,,0.0,0.0,2.109375,0.0279585745923735,0.0,0.0,0.073828125,0.0978550110733072,0.1716831360733072,10109,,,1.5023284850029514e-10,Information
742931,14026.0,403.3342972,USA,United States,Missouri,0.633494029,0.0,0.77,0.32,,,,,,,,,,,,,,,,,,,,,,,,,,8.632704860824896,12.66988058,0.0,,,,,,,,,,,,,,,,,0.0,0.0,9.5625,2.370862103092828,0.0,0.0,0.3346875,8.298017360824897,8.632704860824896,151548,,,0.0103300895999128,Information
742933,14028.0,2284.390115,USA,United States,Missouri,0.6532184,0.0,0.77,0.32,,,,,,,,,,,,,,,,,,,,,,,,,,5.425849815492375,13.064368,0.0,,,,,,,,,,,,,,,,,0.0,0.0,28.828125,1.261961554426393,0.0,0.0,1.008984375,4.416865440492376,5.425849815492375,145776,,,0.0027686396738287,Information
742959,14054.0,22488.35008,USA,United States,South Dakota,2.753889744,0.0,0.77,0.32,,,,,,,,,,,,,,,,,,,,,,,,,,24.822784188114937,55.07779488,0.0,,,,,,,,,,,,,,,,,0.0,0.0,490.921875,2.1830053037471253,0.0,0.0,17.182265625,7.640518563114939,24.822784188114937,29621,,,0.2765336034684603,Information
742961,14055.0,4289.41169,USA,United States,South Dakota,2.559327427,0.0,0.77,0.32,,,,,,,,,,,,,,,,,,,,,,,,,,10.198530106138602,51.18654854,0.0,,,,,,,,,,,,,,,,,0.0,0.0,87.46875,2.039178244611029,0.0,0.0,3.06140625,7.137123856138601,10.198530106138602,235,,,0.0587021356093255,Information
742966,14060.0,4335.627627,USA,United States,Wyoming,0.016798467,0.0,0.77,0.32,,,,,,,,,,,,,,,,,,,,,,,,,,0.1139182635319221,0.33596934,0.0,,,,,,,,,,,,,,,,,0.0,0.0,0.984375,0.0227043252948349,0.0,0.0,0.034453125,0.0794651385319221,0.1139182635319221,6778,,,6.260066330693018e-12,Information
742971,14065.0,4660.464657,USA,United States,South Dakota,0.335443258,0.0,0.77,0.32,,,,,,,,,,,,,,,,,,,,,,,,,,32.01840035554735,6.70886516,0.0,,,,,,,,,,,,,,,,,0.0,0.0,290.8125,6.239989387299242,0.0,0.0,10.1784375,21.83996285554735,32.01840035554735,2351,,,0.1424415049580557,Information
742973,14067.0,616.8762805,USA,United States,South Dakota,0.096270273,0.0,0.77,0.32,,,,,,,,,,,,,,,,,,,,,,,,,,33.20590581888716,1.92540546,0.0,,,,,,,,,,,,,,,,,0.0,0.0,55.125,8.936151662539189,0.0,0.0,1.929375,31.27653081888716,33.20590581888716,3344,,,0.1394040757665129,Information
742975,14069.0,11348.7872,USA,United States,North Dakota,3.06245731,0.0,0.77,0.32,,,,,,,,,,,,,,,,,,,,,,,,,,24.26729425833877,61.2491462,0.0,,,,,,,,,,,,,,,,,0.0,0.0,368.578125,3.247731395239648,0.0,0.0,12.900234375,11.367059883338769,24.26729425833877,9195,,,0.3198839778216967,Information
742979,14073.0,16435.18951,USA,United States,North Dakota,0.401607067,0.0,0.77,0.32,,,,,,,,,,,,,,,,,,,,,,,,,,23.49644660589217,8.032141339999999,0.0,,,,,,,,,,,,,,,,,0.0,0.0,417.375,2.5395204588263365,0.0,0.0,14.608125,8.888321605892177,23.49644660589217,33650,,,0.0861909822875995,Information
742982,14075.0,34926.75307,USA,United States,Wyoming,1.343742011,0.0,0.77,0.32,,,,,,,,,,,,,,,,,,,,,,,,,,0.9876475641096616,26.87484022,0.0,,,,,,,,,,,,,,,,,0.0,0.0,21.9375,0.0628100183170462,0.0,0.0,0.7678125,0.2198350641096617,0.9876475641096616,20995,,,8.364315834205199e-06,Information
742992,14084.0,12104.14824,USA,United States,Montana,0.164805468,0.0,0.77,0.32,,,,,,,,,,,,,,,,,,,,,,,,,,2.040309198579428,3.29610936,0.0,,,,,,,,,,,,,,,,,0.0,0.0,31.921875,0.2637267353084079,0.0,0.0,1.117265625,0.9230435735794276,2.040309198579428,3987,,,5.703033732503139e-05,Information
742993,14085.0,20530.03962,USA,United States,Montana,0.908671746,0.0,0.77,0.32,,,,,,,,,,,,,,,,,,,,,,,,,,2.093313110029261,18.17343492,0.0,,,,,,,,,,,,,,,,,0.0,0.0,40.21875,0.1959019600083604,0.0,0.0,1.40765625,0.6856568600292614,2.093313110029261,12014,,,0.0001232573122165,Information
743007,14097.0,118.2365205,USA,United States,Louisiana,3.915215542,4.006313846,0.77,0.32,,,,,,,,,,,,,,,,,,,,,,,,,,35.52171875,78.30431084,80.12627692000001,3.0,,,,,,,,,,,,,,,,0.0,0.0,14.90625,12.607145357144235,0.0,0.0,0.52171875,35.0,35.52171875,418,4.0,0.9569377990430622,0.7192941372673837,Watch
743009,14099.0,535.1315965,USA,United States,Louisiana,2.172149393,4.021392587,0.77,0.32,,,,,,,,,,,,,,,,,,,,,,,,,,44.366328125,43.44298786,80.42785174000001,3.0,,,,,,,,,,,,,,,,0.0,0.0,267.609375,50.00814318352433,0.0,0.0,9.366328125,35.0,44.366328125,168,0.0,0.0,0.7934279565093008,Watch
751100,14100.0,45.9036954,USA,United States,Louisiana,0.0,3.707888333,0.77,0.32,,,,,,,,,,,,,,,,,,,,,,,,,,31.23704470576244,0.0,74.15776666000001,,,,,,,,,,,,,,,,,0.0,0.0,4.078125,8.884088665932126,0.0,0.0,0.142734375,31.09431033076244,31.23704470576244,2,,,0.5751865967750048,Advisory
751201,14101.0,64.63384481,USA,United States,Texas,2.327668546,4.005934558,0.77,0.32,,,,,,,,,,,,,,,,,,,,,,,,,,35.748125,46.55337092,80.11869116,3.0,,,,,,,,,,,,,,,,0.0,0.0,21.375,33.070909001147925,0.0,0.0,0.748125,35.0,35.748125,279,18.0,6.451612903225806,0.7213033691398236,Watch
751202,14102.0,1849.411419,USA,United States,Texas,0.844532758,3.26213548,0.77,0.32,,,,,,,,,,,,,,,,,,,,,,,,,,41.24787387111064,16.89065516,65.2427096,,,,,,,,,,,,,,,,,0.0,0.0,183.9375,9.945731820317324,0.0,0.0,6.4378125,34.810061371110635,41.24787387111064,178025,,,0.5679707653999959,Advisory
751203,14103.0,231.0004811,USA,United States,Louisiana,2.346035245,3.996523999,0.77,0.32,,,,,,,,,,,,,,,,,,,,,,,,,,37.88421875,46.9207049,79.93047998,3.0,,,,,,,,,,,,,,,,0.0,0.0,82.40625,35.673627002581895,0.0,0.0,2.88421875,35.0,37.88421875,42,18.0,42.857142857142854,0.7373941722597468,Watch
751206,14106.0,1179.293153,USA,United States,Louisiana,0.068268391,0.0,0.77,0.32,,,,,,,,,,,,,,,,,,,,,,,,,,7.418571243112066,1.36536782,0.0,,,,,,,,,,,,,,,,,0.0,0.0,22.359375,1.8959980337463047,0.0,0.0,0.782578125,6.635993118112067,7.418571243112066,27291,,,0.004834658441595,Information
751208,14108.0,1749.431228,USA,United States,Texas,0.018953048,0.0,0.77,0.32,,,,,,,,,,,,,,,,,,,,,,,,,,15.47021687160483,0.37906096,0.0,,,,,,,,,,,,,,,,,0.0,0.0,65.8125,3.761936963315666,0.0,0.0,2.3034375,13.16677937160483,15.47021687160483,20928,,,0.0312694427727675,Information
751300,16315.0,1816.256111,USA,United States,Texas,1.501756058,3.641941633,0.77,0.32,,,,,,,,,,,,,,,,,,,,,,,,,,45.66078125,30.03512116,72.83883266000001,3.0,,,,,,,,,,,,,,,,0.0,0.0,304.59375,16.770418454407473,0.0,0.0,10.66078125,35.0,45.66078125,8403,413.0,4.914911341187671,0.6982770263318929,Watch
751403,14112.0,450.1609207,USA,United States,Texas,0.564684234,0.0,0.77,0.32,,,,,,,,,,,,,,,,,,,,,,,,,,1.713866644619545,11.29368468,0.0,,,,,,,,,,,,,,,,,0.0,0.0,2.109375,0.4685824341770129,0.0,0.0,0.073828125,1.640038519619545,1.713866644619545,1685,,,3.963787432342357e-05,Information
751406,14115.0,3505.683641,USA,United States,Texas,1.578231296,0.0,0.77,0.32,,,,,,,,,,,,,,,,,,,,,,,,,,14.80899082837023,31.56462592,0.0,,,,,,,,,,,,,,,,,0.0,0.0,109.828125,3.132858986677209,0.0,0.0,3.843984375,10.965006453370233,14.80899082837023,1604360,,,0.0629272945624702,Information
751408,14117.0,6680.036683,USA,United States,Texas,1.422651499,0.0,0.77,0.32,,,,,,,,,,,,,,,,,,,,,,,,,,16.554509962759965,28.453029980000004,0.0,,,,,,,,,,,,,,,,,0.0,0.0,189.421875,2.83564123935999,0.0,0.0,6.629765625,9.924744337759964,16.554509962759965,1615904,,,0.0716385708549535,Information
751840,14133.0,8118.806857,USA,United States,Texas,0.873524542,0.0,0.77,0.32,,,,,,,,,,,,,,,,,,,,,,,,,,0.977592750073872,17.47049084,0.0,,,,,,,,,,,,,,,,,0.0,0.0,12.515625,0.1541559643068206,0.0,0.0,0.438046875,0.5395458750738721,0.977592750073872,14893,,,4.58616546795903e-06,Information
751850,14134.0,10834.37725,USA,United States,Texas,0.100810377,0.0,0.77,0.32,,,,,,,,,,,,,,,,,,,,,,,,,,4.675564999141082,2.01620754,0.0,,,,,,,,,,,,,,,,,0.0,0.0,69.46875,0.6411882140403091,0.0,0.0,2.43140625,2.244158749141082,4.675564999141082,46882,,,0.0011732959179,Information
751870,14136.0,6633.760354,USA,United States,Texas,1.48716438,0.0,0.77,0.32,,,,,,,,,,,,,,,,,,,,,,,,,,2.283142245402612,29.7432876,0.0,,,,,,,,,,,,,,,,,0.0,0.0,26.015625,0.3921701058293177,0.0,0.0,0.910546875,1.372595370402612,2.283142245402612,8427,,,0.000305590754189,Information
751910,14139.0,2565.710949,USA,United States,Texas,4.002531425,0.0,0.77,0.32,,,,,,,,,,,,,,,,,,,,,,,,,,39.0503501263868,80.0506285,0.0,3.0,,,,,,,,,,,,,,,,0.0,0.0,227.8125,8.879117893253369,0.0,0.0,7.9734375,31.0769126263868,39.0503501263868,21018,499.0,2.3741554857740983,0.7490980686058666,Watch
751962,14144.0,17952.98824,USA,United States,Texas,0.422964386,0.0,0.77,0.32,,,,,,,,,,,,,,,,,,,,,,,,,,0.1609316151332851,8.45928772,0.0,,,,,,,,,,,,,,,,,0.0,0.0,2.953125,0.0164492114666529,0.0,0.0,0.103359375,0.0575722401332851,0.1609316151332851,123007,,,1.122580489308144e-10,Information
751966,14148.0,4803.064214,USA,United States,Texas,0.202776914,0.0,0.77,0.32,,,,,,,,,,,,,,,,,,,,,,,,,,0.1972001142677842,4.05553828,0.0,,,,,,,,,,,,,,,,,0.0,0.0,1.828125,0.0380616397907955,0.0,0.0,0.063984375,0.1332157392677842,0.1972001142677842,14443,,,3.0600593793388286e-10,Information
752152,14186.0,3006.999629,MEX,Mexico,Coahuila,3.635230215,0.0,0.57,0.6,,,,,,,,,,,,,,,,,,,,,,,,,,0.6812779162606917,72.7046043,0.0,,,,,,,,,,,,,,,,,0.0,0.0,4.5,0.1496508332173405,0.0,0.0,0.1575,0.5237779162606917,0.6812779162606917,122119,,,0.0001119055297857,Information
752154,14188.0,2634.412265,MEX,Mexico,Coahuila,3.08369077,0.0,0.57,0.6,,,,,,,,,,,,,,,,,,,,,,,,,,0.141629308413181,61.6738154,0.0,,,,,,,,,,,,,,,,,0.0,0.0,0.84375,0.0320280166894803,0.0,0.0,0.02953125,0.112098058413181,0.141629308413181,4607,,,1.0675907250326358e-08,Information
752155,14189.0,6978.497997,MEX,Mexico,Coahuila,4.022119909,0.0,0.57,0.6,,,,,,,,,,,,,,,,,,,,,,,,,,0.2394957908305385,80.44239818,0.0,,,,,,,,,,,,,,,,,0.0,0.0,2.8125,0.0403023688087253,0.0,0.0,0.0984375,0.1410582908305385,0.2394957908305385,217947,,,5.348470271060107e-06,Information
752157,14191.0,373.1379191,USA,United States,Texas,3.082464145,0.0,0.77,0.32,,,,,,,,,,,,,,,,,,,,,,,,,,1.2314417008535237,61.6492829,0.0,,,,,,,,,,,,,,,,,0.0,0.0,1.265625,0.3391842359581496,0.0,0.0,0.044296875,1.1871448258535238,1.2314417008535237,348,,,0.0002923786235205,Information
752159,14193.0,807.9269301,MEX,Mexico,Coahuila,1.178527311,0.0,0.57,0.6,,,,,,,,,,,,,,,,,,,,,,,,,,1.8435670039964795,23.57054622,0.0,,,,,,,,,,,,,,,,,0.0,0.0,3.9375,0.4873584297132798,0.0,0.0,0.1378125,1.7057545039964794,1.8435670039964795,58,,,9.778704761186634e-05,Information
752164,14198.0,8368.786017,USA,United States,Texas,0.244702941,0.0,0.77,0.32,,,,,,,,,,,,,,,,,,,,,,,,,,0.2160620871317419,4.89405882,0.0,,,,,,,,,,,,,,,,,0.0,0.0,2.8125,0.0336070248947834,0.0,0.0,0.0984375,0.1176245871317419,0.2160620871317419,2286,,,5.745804795299833e-10,Information
752170,14204.0,7040.974881,MEX,Mexico,Coahuila,0.062884655,0.0,0.57,0.6,,,,,,,,,,,,,,,,,,,,,,,,,,0.1072098604128355,1.2576931,0.0,,,,,,,,,,,,,,,,,0.0,0.0,1.265625,0.0179751386893816,0.0,0.0,0.044296875,0.0629129854128355,0.1072098604128355,1314,,,4.381573749509317e-12,Information
752180,14214.0,5473.543412,MEX,Mexico,Chihuahua,1.322427633,0.0,0.57,0.6,,,,,,,,,,,,,,,,,,,,,,,,,,0.236537886463515,26.44855266,0.0,,,,,,,,,,,,,,,,,0.0,0.0,2.390625,0.04367600327529,0.0,0.0,0.083671875,0.152866011463515,0.236537886463515,7503,,,4.7441248057164635e-09,Information
752181,14215.0,11259.04337,MEX,Mexico,Chihuahua,1.71267046,0.0,0.57,0.6,,,,,,,,,,,,,,,,,,,,,,,,,,0.4553746870375619,34.2534092,0.0,,,,,,,,,,,,,,,,,0.0,0.0,6.890625,0.0612008034393034,0.0,0.0,0.241171875,0.2142028120375619,0.4553746870375619,14179,,,3.3057286962271174e-07,Information
752182,14216.0,4433.138669,MEX,Mexico,Chihuahua,4.007022275,0.0,0.57,0.6,,,,,,,,,,,,,,,,,,,,,,,,,,0.1922920342264138,80.1404455,0.0,,,,,,,,,,,,,,,,,0.0,0.0,1.6875,0.0380655812075468,0.0,0.0,0.0590625,0.1332295342264138,0.1922920342264138,984486,,,1.7638804074761985e-06,Information
752183,14217.0,2281.841862,MEX,Mexico,Chihuahua,3.178588559,0.0,0.57,0.6,,,,,,,,,,,,,,,,,,,,,,,,,,0.1589497276358369,63.57177118,0.0,,,,,,,,,,,,,,,,,0.0,0.0,0.84375,0.0369767078959534,0.0,0.0,0.02953125,0.1294184776358369,0.1589497276358369,31130,,,2.7473408184841748e-08,Information
752185,14219.0,1549.096081,MEX,Mexico,Chihuahua,3.599301067,0.0,0.57,0.6,,,,,,,,,,,,,,,,,,,,,,,,,,0.1467777446634866,71.98602134,0.0,,,,,,,,,,,,,,,,,0.0,0.0,0.5625,0.0363114984752819,0.0,0.0,0.0196875,0.1270902446634866,0.1467777446634866,48912,,,7.54166294907267e-08,Information
752187,14221.0,7122.269648,MEX,Mexico,Chihuahua,4.011673148,0.0,0.57,0.6,,,,,,,,,,,,,,,,,,,,,,,,,,1.0412527758287051,80.23346296,0.0,,,,,,,,,,,,,,,,,0.0,0.0,12.375,0.1737507930939158,0.0,0.0,0.433125,0.6081277758287054,1.0412527758287051,45585,,,0.001622273804914,Information
752242,14240.0,8124.38083,MEX,Mexico,Zacatecas,1.542151433,0.0,0.57,0.6,,,,,,,,,,,,,,,,,,,,,,,,,,0.8125221439884198,30.84302866,0.0,,,,,,,,,,,,,,,,,0.0,0.0,10.40625,0.1280866839966914,0.0,0.0,0.36421875,0.4483033939884199,0.8125221439884198,13302,,,4.415265437244528e-06,Information
752255,14252.0,5851.005963,MEX,Mexico,Durango,2.976375292,0.0,0.57,0.6,,,,,,,,,,,,,,,,,,,,,,,,,,0.1066711200965595,59.52750584,0.0,,,,,,,,,,,,,,,,,0.0,0.0,1.125,0.0192274628847313,0.0,0.0,0.039375,0.0672961200965595,0.1066711200965595,38182,,,1.437091200710422e-09,Information
752257,14254.0,3399.689409,MEX,Mexico,Durango,3.807355278,0.0,0.57,0.6,,,,,,,,,,,,,,,,,,,,,,,,,,0.6983748164264851,76.14710556,0.0,,,,,,,,,,,,,,,,,0.0,0.0,5.0625,0.1489106618361386,0.0,0.0,0.1771875,0.5211873164264851,0.6983748164264851,5857,,,0.0002070703061904,Information
752260,14257.0,2545.59098,MEX,Mexico,Durango,0.003339817,0.0,0.57,0.6,,,,,,,,,,,,,,,,,,,,,,,,,,0.242567761649312,0.06679634,0.0,,,,,,,,,,,,,,,,,0.0,0.0,1.40625,0.0552425747569463,0.0,0.0,0.04921875,0.193349011649312,0.242567761649312,34769,,,8.66841380538168e-10,Information
752316,14272.0,2058.734135,MEX,Mexico,Chihuahua,2.758882803,0.0,0.57,0.6,,,,,,,,,,,,,,,,,,,,,,,,,,0.3747791198141116,55.17765606,0.0,,,,,,,,,,,,,,,,,0.0,0.0,1.828125,0.0887984985183176,0.0,0.0,0.063984375,0.3107947448141116,0.3747791198141116,22,,,8.58668082014455e-07,Information
752317,14273.0,2836.032146,MEX,Mexico,Chihuahua,4.037804091,0.0,0.57,0.6,,,,,,,,,,,,,,,,,,,,,,,,,,0.2004900093529175,80.75608181999999,0.0,,,,,,,,,,,,,,,,,0.0,0.0,1.265625,0.0446266098151193,0.0,0.0,0.044296875,0.1561931343529175,0.2004900093529175,8492,,,2.507181193436672e-06,Information
752370,14281.0,5971.122292,USA,United States,New Mexico,0.334498754,0.0,0.77,0.32,,,,,,,,,,,,,,,,,,,,,,,,,,0.250128771444952,6.68997508,0.0,,,,,,,,,,,,,,,,,0.0,0.0,2.671875,0.0447466132699863,0.0,0.0,0.093515625,0.156613146444952,0.250128771444952,541,,,1.5930850237395614e-09,Information
753290,14315.0,11753.57155,MEX,Mexico,Guanajuato,2.599332655,0.0,0.57,0.6,,,,,,,,,,,,,,,,,,,,,,,,,,0.2915018217229121,51.9866531,0.0,,,,,,,,,,,,,,,,,0.0,0.0,4.5,0.0382862347779749,0.0,0.0,0.1575,0.1340018217229121,0.2915018217229121,327280,,,1.6610889146182e-07,Information
753804,14381.0,3240.174309,CRI,Costa Rica,Alajuela,1.268264501,0.0,0.68,0.44,,,,,,,,,,,,,,,,,,,,,,,,,,1.0860496203389054,25.36529002,0.0,,,,,,,,,,,,,,,,,0.0,0.0,7.59375,0.2343623915254015,0.0,0.0,0.26578125,0.8202683703389053,1.0860496203389054,217002,,,1.1681513420086357e-05,Information
771114,14410.0,5025.679377,CRI,Costa Rica,Puntarenas,2.382666444,0.0,0.68,0.44,,,,,,,,,,,,,,,,,,,,,,,,,,1.8099852272874148,47.65332888,0.0,,,,,,,,,,,,,,,,,0.0,0.0,17.296875,0.3441698863678328,0.0,0.0,0.605390625,1.2045946022874148,1.8099852272874148,237796,,,0.0003833156417093,Information
771116,14412.0,3276.697039,CRI,Costa Rica,Guanacaste,0.195962495,0.0,0.68,0.44,,,,,,,,,,,,,,,,,,,,,,,,,,2.2934125074799856,3.9192499,0.0,,,,,,,,,,,,,,,,,0.0,0.0,16.171875,0.4935419664228531,0.0,0.0,0.566015625,1.7273968824799857,2.2934125074799856,171177,,,9.380237471326317e-05,Information
771536,14474.0,6028.740601,MEX,Mexico,Durango,1.938303805,0.0,0.57,0.6,,,,,,,,,,,,,,,,,,,,,,,,,,1.3740188210263269,38.7660761,0.0,,,,,,,,,,,,,,,,,0.0,0.0,14.765625,0.244920556007522,0.0,0.0,0.516796875,0.857221946026327,1.3740188210263269,135164,,,7.324027719196427e-05,Information
771807,14501.0,4000.302694,MEX,Mexico,Sonora,2.72722072,0.0,0.57,0.6,,,,,,,,,,,,,,,,,,,,,,,,,,0.120579420014278,54.5444144,0.0,,,,,,,,,,,,,,,,,0.0,0.0,0.984375,0.0246075128612223,0.0,0.0,0.034453125,0.086126295014278,0.120579420014278,3418,,,1.494671613629055e-09,Information
772212,14518.0,4067.216566,USA,United States,Arizona,0.159559159,0.0,0.77,0.32,,,,,,,,,,,,,,,,,,,,,,,,,,0.1532088896031816,3.1911831800000003,0.0,,,,,,,,,,,,,,,,,0.0,0.0,1.265625,0.0311177184580519,0.0,0.0,0.044296875,0.1089120146031816,0.1532088896031816,355,,,5.6410132759809945e-11,Information
772215,14521.0,216.8505479,USA,United States,Arizona,0.262851872,0.0,0.77,0.32,,,,,,,,,,,,,,,,,,,,,,,,,,3.4783906553429853,5.25703744,0.0,,,,,,,,,,,,,,,,,0.0,0.0,2.109375,0.9727321515265672,0.0,0.0,0.073828125,3.4045625303429854,3.4783906553429853,2184,,,0.0004755638630023,Information
772219,14525.0,65.39763054,USA,United States,Arizona,2.029285955,0.0,0.77,0.32,,,,,,,,,,,,,,,,,,,,,,,,,,3.030117669400872,40.585719100000006,0.0,,,,,,,,,,,,,,,,,0.0,0.0,0.5625,0.8601229055431062,0.0,0.0,0.0196875,3.010430169400872,3.030117669400872,1270,,,0.0014604925746794,Information
772225,14531.0,447.2085623,USA,United States,Arizona,1.527389321,0.0,0.77,0.32,,,,,,,,,,,,,,,,,,,,,,,,,,0.2299591688480114,30.54778642,0.0,,,,,,,,,,,,,,,,,0.0,0.0,0.28125,0.0628901196708604,0.0,0.0,0.00984375,0.2201154188480114,0.2299591688480114,36410,,,5.6324866094476574e-09,Information
772348,14555.0,925.4087222,USA,United States,Nevada,3.866585747,0.0,0.77,0.32,,,,,,,,,,,,,,,,,,,,,,,,,,0.7554018369518751,77.33171494,0.0,,,,,,,,,,,,,,,,,0.0,0.0,1.828125,0.1975478462719643,0.0,0.0,0.063984375,0.6914174619518751,0.7554018369518751,0,,,0.0003351196638046,Information
772349,14556.0,2376.212688,USA,United States,Nevada,1.038342231,0.0,0.77,0.32,,,,,,,,,,,,,,,,,,,,,,,,,,1.4099240639111543,20.76684462,0.0,,,,,,,,,,,,,,,,,0.0,0.0,7.734375,0.3254916968317584,0.0,0.0,0.270703125,1.1392209389111545,1.4099240639111543,391,,,2.8024111129241115e-05,Information
772606,14577.0,3567.22345,USA,United States,Colorado,2.593933499,0.0,0.77,0.32,,,,,,,,,,,,,,,,,,,,,,,,,,2.7704668548485736,51.87866998,0.0,,,,,,,,,,,,,,,,,0.0,0.0,20.8125,0.5834369585281639,0.0,0.0,0.7284375,2.042029354848573,2.7704668548485736,84549,,,0.002153809275572,Information
772805,14586.0,7358.562211,USA,United States,Colorado,2.317640103,0.0,0.77,0.32,,,,,,,,,,,,,,,,,,,,,,,,,,0.952061967589729,46.35280206,0.0,,,,,,,,,,,,,,,,,0.0,0.0,11.53125,0.1567052050256369,0.0,0.0,0.40359375,0.5484682175897291,0.952061967589729,146720,,,2.7704584459375185e-05,Information
772806,14587.0,3762.818751,USA,United States,Colorado,3.128608101,0.0,0.77,0.32,,,,,,,,,,,,,,,,,,,,,,,,,,1.0621275706703115,62.57216202000001,0.0,,,,,,,,,,,,,,,,,0.0,0.0,8.296875,0.2204962701915176,0.0,0.0,0.290390625,0.7717369456703116,1.0621275706703115,47141,,,0.0001839215581078,Information
772807,14588.0,432.5882405,USA,United States,Colorado,4.011509888,0.0,0.77,0.32,,,,,,,,,,,,,,,,,,,,,,,,,,0.4747969587223667,80.23019776,0.0,,,,,,,,,,,,,,,,,0.0,0.0,0.5625,0.1300312739206762,0.0,0.0,0.0196875,0.4551094587223667,0.4747969587223667,2353,,,9.611155411504708e-05,Information
772970,14597.0,8309.840092,USA,United States,Utah,0.395282073,0.0,0.77,0.32,,,,,,,,,,,,,,,,,,,,,,,,,,4.912704777899846,7.90564146,0.0,,,,,,,,,,,,,,,,,0.0,0.0,63.703125,0.766598686542813,0.0,0.0,2.229609375,2.6830954028998457,4.912704777899846,739,,,0.0016894235845409,Information
772980,14598.0,9561.458118,USA,United States,Wyoming,0.308472439,0.0,0.77,0.32,,,,,,,,,,,,,,,,,,,,,,,,,,1.4197987501874114,6.16944878,0.0,,,,,,,,,,,,,,,,,0.0,0.0,19.828125,0.2073755357678318,0.0,0.0,0.693984375,0.7258143751874113,1.4197987501874114,10684,,,1.3887890559513008e-05,Information
773301,14611.0,12230.62409,USA,United States,Nevada,0.30209008,0.0,0.77,0.32,,,,,,,,,,,,,,,,,,,,,,,,,,0.9661785066280802,6.041801599999999,0.0,,,,,,,,,,,,,,,,,0.0,0.0,15.1875,0.1241760018937372,0.0,0.0,0.5315625,0.4346160066280802,0.9661785066280802,164,,,2.355566570804651e-06,Information
773303,14613.0,7465.790886,USA,United States,Nevada,3.039223154,0.0,0.77,0.32,,,,,,,,,,,,,,,,,,,,,,,,,,0.2763466831393537,60.78446308,0.0,,,,,,,,,,,,,,,,,0.0,0.0,3.375,0.0452061951826725,0.0,0.0,0.118125,0.1582216831393537,0.2763466831393537,15,,,3.6133144214155044e-07,Information
773304,14614.0,8379.0929,USA,United States,Nevada,1.224431751,0.0,0.77,0.32,,,,,,,,,,,,,,,,,,,,,,,,,,1.1119746124416885,24.48863502,0.0,,,,,,,,,,,,,,,,,0.0,0.0,14.484375,0.1728632821261967,0.0,0.0,0.506953125,0.6050214874416885,1.1119746124416885,267,,,1.2315976043846792e-05,Information
773306,14616.0,2888.965562,USA,United States,Nevada,2.720715953,0.0,0.77,0.32,,,,,,,,,,,,,,,,,,,,,,,,,,0.1756694595657417,54.41431906,0.0,,,,,,,,,,,,,,,,,0.0,0.0,1.125,0.0389412741616405,0.0,0.0,0.039375,0.1362944595657417,0.1756694595657417,138,,,1.3586084677631416e-08,Information
773309,14619.0,9756.595607,USA,United States,Nevada,2.447183513,0.0,0.77,0.32,,,,,,,,,,,,,,,,,,,,,,,,,,4.465009627244275,48.943670260000005,0.0,,,,,,,,,,,,,,,,,0.0,0.0,63.0,0.6457170363555073,0.0,0.0,2.205,2.260009627244276,4.465009627244275,20363,,,0.0074118427179123,Information
773403,14622.0,4958.980734,USA,United States,Nevada,0.072242626,0.0,0.77,0.32,,,,,,,,,,,,,,,,,,,,,,,,,,0.103929347729243,1.44485252,0.0,,,,,,,,,,,,,,,,,0.0,0.0,0.984375,0.0198503493512123,0.0,0.0,0.034453125,0.069476222729243,0.103929347729243,1796,,,3.5741106807849013e-12,Information
773502,14626.0,5224.209694,USA,United States,Nevada,0.12636341,0.0,0.77,0.32,,,,,,,,,,,,,,,,,,,,,,,,,,0.58806941540912,2.5272682,0.0,,,,,,,,,,,,,,,,,0.0,0.0,5.765625,0.1103635829740343,0.0,0.0,0.201796875,0.38627254040912,0.58806941540912,27161,,,1.6066815634463828e-07,Information
773602,14635.0,1872.288495,USA,United States,Nevada,0.14682048,0.0,0.77,0.32,,,,,,,,,,,,,,,,,,,,,,,,,,0.37451869260197,2.9364096,0.0,,,,,,,,,,,,,,,,,0.0,0.0,1.6875,0.09013034074342,0.0,0.0,0.0590625,0.31545619260197,0.37451869260197,2,,,1.3684874622349956e-08,Information
773702,14644.0,13778.69625,USA,United States,Nevada,0.014228638,0.0,0.77,0.32,,,,,,,,,,,,,,,,,,,,,,,,,,0.1019275860075777,0.28457276,0.0,,,,,,,,,,,,,,,,,0.0,0.0,1.6875,0.0122471674307365,0.0,0.0,0.0590625,0.0428650860075777,0.1019275860075777,9285,,,2.8729202143098267e-12,Information
773812,14648.0,38784.06486,USA,United States,Utah,4.00407907,0.0,0.77,0.32,,,,,,,,,,,,,,,,,,,,,,,,,,12.319932155213507,80.0815814,0.0,,,,,,,,,,,,,,,,,0.0,0.0,279.84375,0.7215431157752875,0.0,0.0,9.79453125,2.5254009052135062,12.319932155213507,7269,,,0.3154621093213547,Information
773813,14649.0,4466.25118,USA,United States,Utah,0.463207841,0.0,0.77,0.32,,,,,,,,,,,,,,,,,,,,,,,,,,11.22318434886883,9.26415682,0.0,,,,,,,,,,,,,,,,,0.0,0.0,99.0,2.2166240996768085,0.0,0.0,3.465,7.75818434886883,11.22318434886883,1262,,,0.0183102117142299,Information
773818,14654.0,5684.608578,USA,United States,Utah,1.366641516,0.0,0.77,0.32,,,,,,,,,,,,,,,,,,,,,,,,,,3.74811390664469,27.33283032,0.0,,,,,,,,,,,,,,,,,0.0,0.0,38.8125,0.6827646876127685,0.0,0.0,1.3584375,2.38967640664469,3.74811390664469,279575,,,0.0015152016730946,Information
773819,14655.0,21305.04222,USA,United States,Utah,0.603216319,0.0,0.77,0.32,,,,,,,,,,,,,,,,,,,,,,,,,,20.02559506903304,12.06432638,0.0,,,,,,,,,,,,,,,,,0.0,0.0,389.390625,1.827692341152296,0.0,0.0,13.628671875,6.396923194033036,20.02559506903304,250857,,,0.0694907667103446,Information
773832,14659.0,8386.072469,USA,United States,Utah,0.056139657,0.0,0.77,0.32,,,,,,,,,,,,,,,,,,,,,,,,,,0.2805655114376894,1.12279314,0.0,,,,,,,,,,,,,,,,,0.0,0.0,3.65625,0.0435990746964827,0.0,0.0,0.12796875,0.1525967614376894,0.2805655114376894,42180,,,2.2480091370739084e-09,Information
773834,14661.0,3779.504204,USA,United States,Utah,0.113397898,0.0,0.77,0.32,,,,,,,,,,,,,,,,,,,,,,,,,,7.769932304426092,2.26795796,0.0,,,,,,,,,,,,,,,,,0.0,0.0,60.890625,1.6110744084074549,0.0,0.0,2.131171875,5.6387604294260925,7.769932304426092,3862,,,0.0056712168258452,Information
773838,14665.0,3149.806357,USA,United States,Utah,0.112092108,0.0,0.77,0.32,,,,,,,,,,,,,,,,,,,,,,,,,,0.8219134236676153,2.24184216,0.0,,,,,,,,,,,,,,,,,0.0,0.0,5.625,0.1785824067621758,0.0,0.0,0.196875,0.6250384236676153,0.8219134236676153,829,,,8.82525813155826e-07,Information
773839,14666.0,3015.118445,USA,United States,Utah,0.922532319,0.0,0.77,0.32,,,,,,,,,,,,,,,,,,,,,,,,,,1.8908815911896069,18.45064638,0.0,,,,,,,,,,,,,,,,,0.0,0.0,12.515625,0.4150956331970305,0.0,0.0,0.438046875,1.452834716189607,1.8908815911896069,3325,,,8.355318362082267e-05,Information
774133,14681.0,9795.501877,MEX,Mexico,Baja California,2.975552912,0.466762028,0.57,0.6,,,,,,,,,,,,,,,,,,,,,,,,,,0.4575391238805131,59.51105824,9.33524056,,,,,,,,,,,,,,,,,0.0,0.0,6.46875,0.0660379639658609,0.0,0.0,0.22640625,0.2311328738805131,0.4575391238805131,13503,,,3.681396240786242e-06,Information
774135,14683.0,9436.354069,MEX,Mexico,Baja California,4.013772989,1.358839599,0.57,0.6,,,,,,,,,,,,,,,,,,,,,,,,,,0.7096418080451077,80.27545977999999,27.17679198,,,,,,,,,,,,,,,,,0.0,0.0,9.84375,0.1043173022986022,0.0,0.0,0.34453125,0.3651105580451077,0.7096418080451077,94902,,,0.0004423171172128,Information
774139,14687.0,682.3709298,MEX,Mexico,Baja California,4.016273268,0.0,0.57,0.6,,,,,,,,,,,,,,,,,,,,,,,,,,0.2311527006484332,80.32546536,0.0,,,,,,,,,,,,,,,,,0.0,0.0,0.421875,0.0618248787566952,0.0,0.0,0.014765625,0.2163870756484332,0.2311527006484332,448125,,,4.4150414669695575e-06,Information
782504,14752.0,2243.062234,USA,United States,Oregon,1.088793563,0.0,0.77,0.32,,,,,,,,,,,,,,,,,,,,,,,,,,0.1611872047673023,21.77587126,0.0,,,,,,,,,,,,,,,,,0.0,0.0,0.84375,0.0376159870763721,0.0,0.0,0.02953125,0.1316559547673023,0.1611872047673023,2250,,,3.109713566782545e-10,Information
782666,14776.0,7412.011231,USA,United States,Montana,1.575107768,0.0,0.77,0.32,,,,,,,,,,,,,,,,,,,,,,,,,,2.196833034971528,31.502155360000003,0.0,,,,,,,,,,,,,,,,,0.0,0.0,26.71875,0.3604790814204364,0.0,0.0,0.93515625,1.2616767849715274,2.196833034971528,82151,,,0.0002910877108709,Information
782668,14778.0,5992.409177,USA,United States,Montana,2.178832532,0.0,0.77,0.32,,,,,,,,,,,,,,,,,,,,,,,,,,0.6699049524834488,43.57665064,0.0,,,,,,,,,,,,,,,,,0.0,0.0,7.171875,0.1196826649952711,0.0,0.0,0.251015625,0.4188893274834488,0.6699049524834488,3774,,,4.635721438573151e-06,Information
782698,14797.0,1459.538607,CAN,Canada,British Columbia,0.753300535,0.0,0.8,0.28,,,,,,,,,,,,,,,,,,,,,,,,,,0.6955920821751482,15.0660107,0.0,,,,,,,,,,,,,,,,,0.0,0.0,2.53125,0.1734280949071852,0.0,0.0,0.08859375,0.6069983321751482,0.6955920821751482,0,,,7.742749925519387e-07,Information
782803,14810.0,3032.530271,USA,United States,Idaho,2.302225633,0.0,0.77,0.32,,,,,,,,,,,,,,,,,,,,,,,,,,0.1057606671692721,46.04451266,0.0,,,,,,,,,,,,,,,,,0.0,0.0,0.703125,0.0231860834769349,0.0,0.0,0.024609375,0.0811512921692721,0.1057606671692721,0,,,2.2627031860458543e-10,Information
782807,14814.0,1280.508154,USA,United States,Idaho,2.932433263,0.0,0.77,0.32,,,,,,,,,,,,,,,,,,,,,,,,,,0.3035113492002945,58.64866526,0.0,,,,,,,,,,,,,,,,,0.0,0.0,0.984375,0.0768737783429413,0.0,0.0,0.034453125,0.2690582242002945,0.3035113492002945,4082,,,4.45180718755602e-07,Information
782808,14815.0,2137.41065,USA,United States,Idaho,1.856235465,0.0,0.77,0.32,,,,,,,,,,,,,,,,,,,,,,,,,,0.8943729073228922,37.1247093,0.0,,,,,,,,,,,,,,,,,0.0,0.0,4.5,0.2105351163779692,0.0,0.0,0.1575,0.7368729073228922,0.8943729073228922,127,,,1.0556378975968285e-05,Information
782809,14816.0,6281.761964,USA,United States,Idaho,1.212403968,0.0,0.77,0.32,,,,,,,,,,,,,,,,,,,,,,,,,,1.696688617596151,24.24807936,0.0,,,,,,,,,,,,,,,,,0.0,0.0,18.703125,0.2977369264560431,0.0,0.0,0.654609375,1.042079242596151,1.696688617596151,2437,,,7.270348574823223e-05,Information
782950,14822.0,3.895279702,USA,United States,Oregon,1.537813212,0.0,0.77,0.32,,,,,,,,,,,,,,,,,,,,,,,,,,35.024609375,30.75626424,0.0,,,,,,,,,,,,,,,,,0.0,0.0,0.703125,18.05069349923278,0.0,0.0,0.024609375,35.0,35.024609375,6,,,0.2477517311889993,Advisory
782980,14825.0,8828.016446,USA,United States,Idaho,1.205744925,0.0,0.77,0.32,,,,,,,,,,,,,,,,,,,,,,,,,,0.7452987004120546,24.1148985,0.0,,,,,,,,,,,,,,,,,0.0,0.0,9.984375,0.1130987358320156,0.0,0.0,0.349453125,0.3958455754120546,0.7452987004120546,575,,,1.8894112721079229e-06,Information
782994,14829.0,5991.430418,USA,United States,Nevada,0.383529989,0.0,0.77,0.32,,,,,,,,,,,,,,,,,,,,,,,,,,1.077212104609862,7.67059978,0.0,,,,,,,,,,,,,,,,,0.0,0.0,11.53125,0.1924623870313891,0.0,0.0,0.40359375,0.6736183546098619,1.077212104609862,2053,,,4.273839757811705e-06,Information
782996,14830.0,5070.917713,USA,United States,Idaho,2.197152092,0.0,0.77,0.32,,,,,,,,,,,,,,,,,,,,,,,,,,9.332637429282483,43.94304184,0.0,,,,,,,,,,,,,,,,,0.0,0.0,89.71875,1.7692803369378527,0.0,0.0,3.14015625,6.192481179282485,9.332637429282483,50023,,,0.0364984059570257,Information
783395,14894.0,2309.196109,CAN,Canada,British Columbia,4.016922241,0.0,0.8,0.28,,,,,,,,,,,,,,,,,,,,,,,,,,2.020180518980963,80.33844481999999,0.0,,,,,,,,,,,,,,,,,0.0,0.0,10.828125,0.4689131839945609,0.0,0.0,0.378984375,1.641196143980963,2.020180518980963,1630,,,0.0114386252287245,Information
783396,14895.0,2015.47331,CAN,Canada,British Columbia,2.313287939,0.0,0.8,0.28,,,,,,,,,,,,,,,,,,,,,,,,,,0.4988193969276189,46.26575878,0.0,,,,,,,,,,,,,,,,,0.0,0.0,2.390625,0.1186135776936054,0.0,0.0,0.083671875,0.4151475219276189,0.4988193969276189,6579,,,1.437444768661284e-06,Information
783401,14899.0,3764.251438,CAN,Canada,British Columbia,3.007852157,0.0,0.8,0.28,,,,,,,,,,,,,,,,,,,,,,,,,,1.1338225802311208,60.15704314,0.0,,,,,,,,,,,,,,,,,0.0,0.0,8.859375,0.2353555586374631,0.0,0.0,0.310078125,0.8237444552311208,1.1338225802311208,752,,,0.0001858862561824,Information
783402,14900.0,2437.54028,CAN,Canada,British Columbia,2.207492851,0.0,0.8,0.28,,,,,,,,,,,,,,,,,,,,,,,,,,1.9086525251925608,44.14985702,0.0,,,,,,,,,,,,,,,,,0.0,0.0,10.6875,0.4384542929121602,0.0,0.0,0.3740625,1.5345900251925606,1.9086525251925608,1368,,,0.0003673727671889,Information
783403,14901.0,101.3770121,CAN,Canada,British Columbia,1.593852779,0.0,0.8,0.28,,,,,,,,,,,,,,,,,,,,,,,,,,11.279750912819424,31.877055580000004,0.0,,,,,,,,,,,,,,,,,0.0,0.0,3.234375,3.190442225091264,0.0,0.0,0.113203125,11.166547787819423,11.279750912819424,14142,,,0.036064350629649,Information
783701,14910.0,3584.584783,CAN,Canada,British Columbia,3.675340277,0.0,0.8,0.28,,,,,,,,,,,,,,,,,,,,,,,,,,4.81235655641801,73.50680554,0.0,,,,,,,,,,,,,,,,,0.0,0.0,36.28125,1.0121465161194314,0.0,0.0,1.26984375,3.54251280641801,4.81235655641801,89,,,0.0440318822112914,Information
783702,14911.0,718.9621381,CAN,Canada,British Columbia,3.735520459,0.0,0.8,0.28,,,,,,,,,,,,,,,,,,,,,,,,,,0.1467598611379911,74.71040918,0.0,,,,,,,,,,,,,,,,,0.0,0.0,0.28125,0.0391188888965689,0.0,0.0,0.00984375,0.1369161111379911,0.1467598611379911,115,,,1.3069500593262625e-07,Information
783709,14918.0,1850.709739,USA,United States,Alaska,4.00515278,3.983883909,0.77,0.32,,,,,,,,,,,,,,,,,,,,,,,,,,2.017049723682173,80.1030556,79.67767818,,,,,,,,,,,,,,,,,0.0,0.0,9.0,0.4862999210520494,0.0,0.0,0.315,1.7020497236821728,2.017049723682173,1999,,,0.0110417023422466,Information
783905,14932.0,4799.526624,USA,United States,Alaska,4.002751641,0.0,0.77,0.32,,,,,,,,,,,,,,,,,,,,,,,,,,5.76718118379991,80.05503282,0.0,,,,,,,,,,,,,,,,,0.0,0.0,53.4375,1.11339105251426,0.0,0.0,1.8703125,3.896868683799912,5.76718118379991,25266,,,0.1073410384619765,Information
783907,14934.0,1841.331489,USA,United States,Alaska,2.457538413,0.0,0.77,0.32,,,,,,,,,,,,,,,,,,,,,,,,,,8.546000280443574,49.15076826,0.0,,,,,,,,,,,,,,,,,0.0,0.0,37.96875,2.062026865841021,0.0,0.0,1.32890625,7.217094030443573,8.546000280443574,1369,,,0.0372604729138702,Information
811303,14956.0,210.5402218,USA,United States,Alaska,0.178796368,2.111749309,0.77,0.32,,,,,,,,,,,,,,,,,,,,,,,,,,1.4321729753148007,3.57592736,42.23498618,,,,,,,,,,,,,,,,,0.0,0.0,0.84375,0.4007547786613716,0.0,0.0,0.02953125,1.4026417253148007,1.4321729753148007,4600,,,0.0001089994017781,Information
811305,14958.0,7034.871874,USA,United States,Alaska,1.166844911,1.510287117,0.77,0.32,,,,,,,,,,,,,,,,,,,,,,,,,,5.077183479980306,23.33689822,30.20574234,,,,,,,,,,,,,,,,,0.0,0.0,59.90625,0.8515613514229445,0.0,0.0,2.09671875,2.980464729980306,5.077183479980306,319880,,,0.0043862489632681,Information
811306,14959.0,3219.831168,USA,United States,Alaska,4.02018278,0.0,0.77,0.32,,,,,,,,,,,,,,,,,,,,,,,,,,15.863282021701908,80.4036556,0.0,,,,,,,,,,,,,,,,,0.0,0.0,110.390625,3.428460041914831,0.0,0.0,3.863671875,11.999610146701908,15.863282021701908,2988,,,0.4163125830209513,Advisory
811309,14962.0,2227.145822,USA,United States,Alaska,1.49904285,1.506861224,0.77,0.32,,,,,,,,,,,,,,,,,,,,,,,,,,30.42603837004977,29.980857,30.13722448,,,,,,,,,,,,,,,,,0.0,0.0,158.34375,7.109716320014221,0.0,0.0,5.54203125,24.884007120049773,30.42603837004977,49796,,,0.2029206686917372,Information
811404,14966.0,4615.116708,USA,United States,Alaska,3.372900061,0.0,0.77,0.32,,,,,,,,,,,,,,,,,,,,,,,,,,0.1402790089296725,67.45800122,0.0,,,,,,,,,,,,,,,,,0.0,0.0,1.265625,0.0274234668370493,0.0,0.0,0.044296875,0.0959821339296725,0.1402790089296725,453,,,2.5663163321635723e-08,Information
811405,14967.0,12.09825699,USA,United States,Alaska,1.803772966,0.0,0.77,0.32,,,,,,,,,,,,,,,,,,,,,,,,,,32.58538558946893,36.07545932,0.0,,,,,,,,,,,,,,,,,0.0,0.0,1.125,9.298860168419694,0.0,0.0,0.039375,32.54601058946893,32.58538558946893,0,,,0.2502066977693561,Information
811406,14968.0,6747.509759,USA,United States,Alaska,0.25364147,0.0,0.77,0.32,,,,,,,,,,,,,,,,,,,,,,,,,,1.820218677436148,5.0728294,0.0,,,,,,,,,,,,,,,,,0.0,0.0,20.953125,0.3105312292674708,0.0,0.0,0.733359375,1.0868593024361477,1.820218677436148,86,,,3.84030731205815e-05,Information
811510,14972.0,4239.403942,USA,United States,Alaska,3.371659803,3.923191745,0.77,0.32,,,,,,,,,,,,,,,,,,,,,,,,,,13.407211019253005,67.43319606,78.4638349,,,,,,,,,,,,,,,,,0.0,0.0,114.046875,2.6901629697865723,0.0,0.0,3.991640625,9.415570394253002,13.407211019253005,192,,,0.3177710183696921,Information
811550,14985.0,3311.977224,USA,United States,Alaska,4.012764884,0.0,0.77,0.32,,,,,,,,,,,,,,,,,,,,,,,,,,18.51661739481616,80.25529768,0.0,,,,,,,,,,,,,,,,,0.0,0.0,131.625,3.974212112804617,0.0,0.0,4.606875,13.90974239481616,18.51661739481616,95,,,0.4743988592171046,Advisory
811570,14987.0,493.4479147,USA,United States,Alaska,3.607976375,0.0,0.77,0.32,,,,,,,,,,,,,,,,,,,,,,,,,,1.6746631178322635,72.1595275,0.0,,,,,,,,,,,,,,,,,0.0,0.0,2.25,0.4559751765235039,0.0,0.0,0.07875,1.5959131178322636,1.6746631178322635,187,,,0.0024703197605606,Information
811602,14991.0,3531.623019,USA,United States,Alaska,0.036010736,2.438253659,0.77,0.32,,,,,,,,,,,,,,,,,,,,,,,,,,1.5652518417017638,0.72021472,48.76507318,,,,,,,,,,,,,,,,,0.0,0.0,11.671875,0.3304960619147897,0.0,0.0,0.408515625,1.156736216701764,1.5652518417017638,34,,,0.0002429832375239,Information
811818,15007.0,5173.61706,USA,United States,Alaska,4.012828915,0.0,0.77,0.32,,,,,,,,,,,,,,,,,,,,,,,,,,4.0418803260789895,80.2565783,0.0,,,,,,,,,,,,,,,,,0.0,0.0,39.375,0.7610729503082827,0.0,0.0,1.378125,2.6637553260789897,4.0418803260789895,358,,,0.0563571401184216,Information
811900,15017.0,4238.937931,USA,United States,Alaska,4.022695364,0.0,0.77,0.32,,,,,,,,,,,,,,,,,,,,,,,,,,0.2975936255516476,80.45390728,0.0,,,,,,,,,,,,,,,,,0.0,0.0,2.53125,0.0597142501576136,0.0,0.0,0.08859375,0.2089998755516476,0.2975936255516476,0,,,1.4270750931341366e-05,Information
811902,15019.0,3516.59056,USA,United States,Alaska,2.854887216,4.003351361,0.77,0.32,,,,,,,,,,,,,,,,,,,,,,,,,,45.55461860336256,57.09774432,80.06702722,3.0,,,,,,,,,,,,,,,,0.0,0.0,338.625,9.629355315246444,0.0,0.0,11.851875,33.70274360336256,45.55461860336256,390,0.0,0.0,0.7957501545329866,Watch
811903,15020.0,1710.954628,USA,United States,Alaska,3.147082642,4.000258683,0.77,0.32,,,,,,,,,,,,,,,,,,,,,,,,,,47.122578125,62.94165284,80.00517366,3.0,,,,,,,,,,,,,,,,0.0,0.0,346.359375,20.24363296399916,0.0,0.0,12.122578125,35.0,47.122578125,850,0.0,0.0,0.8043545599477542,Warning
812102,15028.0,5381.147944,USA,United States,Alaska,2.583606848,0.0,0.77,0.32,,,,,,,,,,,,,,,,,,,,,,,,,,0.9707189050433456,51.67213696,0.0,,,,,,,,,,,,,,,,,0.0,0.0,9.703125,0.180317008583813,0.0,0.0,0.339609375,0.6311095300433455,0.9707189050433456,573,,,4.658432139443212e-05,Information
812476,15065.0,3995.018861,USA,United States,Alaska,3.464546319,0.0,0.77,0.32,,,,,,,,,,,,,,,,,,,,,,,,,,14.500441638740302,69.29092638,0.0,,,,,,,,,,,,,,,,,0.0,0.0,118.265625,2.960327075354372,0.0,0.0,4.139296875,10.361144763740302,14.500441638740302,1284,,,0.2265132189154463,Information
812478,15067.0,3746.938375,USA,United States,Alaska,3.903524,0.0,0.77,0.32,,,,,,,,,,,,,,,,,,,,,,,,,,1.2459743617081631,78.07048,0.0,,,,,,,,,,,,,,,,,0.0,0.0,9.703125,0.258961424773761,0.0,0.0,0.339609375,0.9063649867081636,1.2459743617081631,0,,,0.0020659271927468,Information
813801,15179.0,10582.27792,USA,United States,Alaska,0.120848509,0.0,0.77,0.32,,,,,,,,,,,,,,,,,,,,,,,,,,2.019888097724774,2.4169701800000003,0.0,,,,,,,,,,,,,,,,,0.0,0.0,29.671875,0.2803921350642211,0.0,0.0,1.038515625,0.981372472724774,2.019888097724774,310,,,5.273266028607063e-05,Information
852031,15667.0,32560.29183,CAN,Canada,Nunavut,3.836734562,0.0,0.8,0.28,,,,,,,,,,,,,,,,,,,,,,,,,,0.3281081849414239,76.73469124,0.0,,,,,,,,,,,,,,,,,0.0,0.0,7.171875,0.0220264456975497,0.0,0.0,0.251015625,0.0770925599414239,0.3281081849414239,6656,,,1.0158637811792134e-05,Information
